svm_type c_svc
kernel_type linear
nr_class 3
total_sv 1819
rho 1.0002796655958284 1.000232886914838 -0.9996384791567333
label 2 0 1
nr_sv 483 678 658
SV
100.0 100.0 
2.0 0.0 374:1.0 
100.0 100.0 
2.0 4.000274570044483 39:1.0 
100.0 100.0 
100.0 100.0 
100.0 100.0 
100.0 100.0 
100.0 100.0 
100.0 100.0 
100.0 100.0 
100.0 100.0 
100.0 100.0 
3.000468054429381 3.9999385553242 324:1.0 
100.0 100.0 
100.0 100.0 
100.0 100.0 
100.0 100.0 
100.0 100.0 
100.0 2.0 207:1.0 
100.0 100.0 
100.0 100.0 
2.3270419870063366 2.0 69:1.0 
100.0 100.0 
100.0 100.0 
100.0 100.0 275:1.0 
100.0 100.0 
100.0 100.0 
100.0 100.0 
100.0 100.0 
100.0 100.0 
100.0 100.0 
1.000337859705721 1.9991952642342843 218:1.0 244:1.0 
100.0 100.0 
100.0 0.6668737735059773 106:1.0 111:1.0 
100.0 100.0 
100.0 100.0 
0.0 0.499695090777215 22:1.0 38:1.0 80:1.0 216:1.0 387:1.0 416:1.0 480:1.0 
100.0 100.0 
0.18132258312506422 0.0 91:1.0 172:1.0 249:1.0 355:1.0 391:1.0 425:1.0 481:1.0 
100.0 100.0 
100.0 100.0 
100.0 100.0 
2.8600823045267503 0.0 12:1.0 
100.0 100.0 
100.0 100.0 
100.0 100.0 
100.0 100.0 
100.0 100.0 
100.0 100.0 
100.0 100.0 
100.0 100.0 
100.0 2.0 60:1.0 
100.0 100.0 
100.0 100.0 
100.0 100.0 
100.0 1.0000871135958505 126:1.0 370:1.0 
100.0 100.0 
100.0 100.0 
100.0 100.0 
100.0 0.0 195:1.0 
100.0 100.0 138:1.0 
100.0 100.0 
100.0 100.0 
100.0 100.0 
100.0 100.0 
100.0 100.0 
100.0 100.0 
100.0 100.0 192:1.0 
100.0 100.0 
100.0 100.0 
100.0 100.0 
100.0 100.0 
100.0 100.0 
100.0 100.0 
100.0 100.0 
100.0 100.0 
100.0 100.0 
100.0 100.0 
100.0 100.0 309:1.0 
0.0 0.6666158375310547 106:1.0 364:1.0 
0.0 99.52927685801674 45:1.0 91:1.0 146:1.0 249:1.0 355:1.0 391:1.0 402:1.0 423:1.0 425:1.0 458:1.0 466:1.0 481:1.0 
100.0 100.0 
2.0 100.0 364:1.0 
100.0 100.0 
100.0 100.0 
0.0 7.998437637069837 22:1.0 145:1.0 
2.0 4.000495894124379 21:1.0 
100.0 2.0 30:1.0 
100.0 100.0 
100.0 2.0 291:1.0 
100.0 100.0 
100.0 100.0 
100.0 100.0 
100.0 100.0 
100.0 100.0 126:1.0 
100.0 100.0 
100.0 100.0 
100.0 100.0 
100.0 100.0 
100.0 100.0 
100.0 100.0 
100.0 100.0 
3.999175680156927 0.0 206:1.0 230:1.0 
4.391154329832702 1.7652483511627928 91:1.0 
100.0 100.0 
100.0 100.0 
100.0 100.0 
100.0 100.0 
100.0 2.0 172:1.0 
100.0 100.0 
100.0 100.0 
100.0 100.0 
100.0 100.0 
100.0 100.0 
100.0 100.0 
1.2000151886328292 100.0 281:1.0 300:1.0 
100.0 100.0 
100.0 100.0 
100.0 4.000171746325892 67:1.0 
100.0 100.0 
100.0 100.0 
4.000299498382676 100.0 43:1.0 
100.0 100.0 
100.0 100.0 
100.0 100.0 
100.0 100.0 
100.0 100.0 
100.0 100.0 
100.0 100.0 325:1.0 
100.0 100.0 
100.0 100.0 
100.0 100.0 
0.0 2.0 375:1.0 
100.0 100.0 
100.0 100.0 
100.0 100.0 
100.0 100.0 
100.0 100.0 
100.0 100.0 
100.0 100.0 
100.0 100.0 
100.0 100.0 
100.0 100.0 
1.671519887239853 100.0 9:1.0 11:1.0 
100.0 100.0 236:1.0 310:1.0 
2.5498171165207277 0.7501553173099534 9:1.0 11:1.0 257:1.0 
2.089778861009209 100.0 259:1.0 
100.0 100.0 
5.999543805437014 4.000787725800488 25:1.0 
2.0 100.0 100:1.0 
1.9997504594737368 16.496259041142682 117:1.0 118:1.0 
100.0 0.0 147:1.0 161:1.0 
99.91022113899079 100.0 259:1.0 
3.9992556898652496 2.66655145001259 124:1.0 222:1.0 310:1.0 
100.0 100.0 
100.0 100.0 
100.0 100.0 251:1.0 
100.0 0.001171475451926899 218:1.0 
100.0 100.0 207:1.0 
100.0 100.0 
100.0 100.0 
100.0 100.0 
100.0 100.0 
100.0 100.0 
100.0 100.0 
100.0 100.0 
1.2712253170351475 0.0 198:1.0 249:1.0 301:1.0 355:1.0 391:1.0 
100.0 100.0 
2.0 3.999583829996783 209:1.0 
100.0 100.0 
100.0 100.0 
100.0 100.0 
100.0 100.0 
100.0 100.0 
100.0 100.0 
0.0 5.341722786475368 233:1.0 
100.0 100.0 
2.0 100.0 307:1.0 
100.0 100.0 
100.0 100.0 
100.0 100.0 198:1.0 
100.0 100.0 
100.0 100.0 
100.0 100.0 
2.0 0.0 328:1.0 
100.0 100.0 
100.0 100.0 
100.0 100.0 
2.0 100.0 135:1.0 
1.3826820366335122 4.000648753054152 34:1.0 159:1.0 
100.0 100.0 
100.0 2.9497579483683345 249:1.0 
100.0 100.0 
2.0 2.074232372616541 107:1.0 
2.0 2.0 170:1.0 
100.0 100.0 
100.0 100.0 200:1.0 
2.0 100.0 375:1.0 
100.0 100.0 198:1.0 
100.0 100.0 
100.0 100.0 
100.0 100.0 
4.0406226012541575 0.0 354:1.0 
100.0 100.0 
2.0 2.666814939290518 283:1.0 
100.0 100.0 
0.9588759703549882 88.54591438036077 82:1.0 
100.0 100.0 
100.0 100.0 
2.2882674954973976 2.0 180:1.0 318:1.0 
100.0 100.0 
100.0 100.0 
100.0 6.637505647786547 195:1.0 
100.0 100.0 
2.2723752587195865 0.0 91:1.0 145:1.0 146:1.0 179:1.0 418:1.0 423:1.0 432:1.0 
100.0 100.0 
100.0 100.0 
0.1000232726434492 0.0 22:1.0 38:1.0 80:1.0 91:1.0 179:1.0 216:1.0 387:1.0 416:1.0 418:1.0 480:1.0 
2.041010471936249 15.453612298822835 82:1.0 243:1.0 
100.0 100.0 
100.0 100.0 
100.0 100.0 
6.998732009027936 0.0 241:1.0 249:1.0 
100.0 100.0 
100.0 100.0 243:1.0 
100.0 0.0 354:1.0 
100.0 100.0 
100.0 100.0 
100.0 100.0 
100.0 100.0 
100.0 100.0 
100.0 100.0 310:1.0 
100.0 100.0 
100.0 100.0 
100.0 100.0 
100.0 100.0 
100.0 100.0 
0.35665294924554136 0.0 121:1.0 152:1.0 323:1.0 403:1.0 408:1.0 462:1.0 
100.0 100.0 
3.400578410605152 0.0 145:1.0 
100.0 100.0 
100.0 100.0 
100.0 5.9993358632580165 279:1.0 
100.0 100.0 
100.0 100.0 
100.0 100.0 
100.0 2.0 230:1.0 
100.0 100.0 
100.0 100.0 
0.0 1.5386238076854801 41:1.0 256:1.0 
2.0 100.0 41:1.0 
100.0 100.0 
100.0 100.0 
100.0 100.0 
100.0 100.0 
100.0 100.0 
100.0 100.0 
100.0 100.0 
100.0 2.0 354:1.0 
100.0 100.0 
100.0 100.0 
100.0 100.0 
100.0 100.0 
0.0 0.6667168810554855 86:1.0 158:1.0 
100.0 100.0 
100.0 100.0 
100.0 100.0 
100.0 100.0 
100.0 100.0 
5.089924673678066 5.3330878099313 362:1.0 
99.95961776814369 100.0 354:1.0 
100.0 2.0 173:1.0 
100.0 100.0 
100.0 100.0 
100.0 100.0 
2.666532623219446 1.2001415431800744 112:1.0 373:1.0 
100.0 100.0 
100.0 100.0 
0.6170079914461959 0.0 34:1.0 126:1.0 159:1.0 
100.0 100.0 
100.0 100.0 
100.0 100.0 
100.0 100.0 
100.0 2.0 199:1.0 
100.0 100.0 
100.0 100.0 
100.0 100.0 
100.0 100.0 
100.0 100.0 
100.0 100.0 
100.0 100.0 
100.0 100.0 
2.0 0.6667150656445838 86:1.0 312:1.0 
1.0 1.0 348:1.0 439:1.0 
100.0 100.0 
100.0 2.0 328:1.0 
100.0 100.0 
100.0 100.0 
100.0 100.0 
100.0 2.0 277:1.0 
100.0 100.0 
3.999128653700071 1.9993351447598655 29:1.0 42:1.0 
100.0 100.0 245:1.0 
100.0 2.0 161:1.0 
100.0 100.0 
100.0 100.0 
100.0 100.0 
100.0 100.0 
2.0 2.0 134:1.0 
100.0 100.0 
0.0 8.697622783491454 352:1.0 
100.0 100.0 
100.0 100.0 
100.0 100.0 
100.0 100.0 
100.0 100.0 
100.0 100.0 
100.0 100.0 
100.0 100.0 
100.0 100.0 
100.0 100.0 
100.0 100.0 
100.0 100.0 
0.3333573329389756 0.3334755468870487 103:1.0 129:1.0 263:1.0 415:1.0 438:1.0 465:1.0 
100.0 100.0 
100.0 100.0 
100.0 100.0 
100.0 100.0 
100.0 100.0 
100.0 100.0 
100.0 100.0 
100.0 100.0 
100.0 100.0 
100.0 100.0 
100.0 100.0 
1.9001102263530996 1.5005906285344164 80:1.0 
100.0 100.0 
100.0 100.0 
2.0 0.0 50:1.0 
100.0 100.0 
100.0 100.0 
100.0 100.0 
100.0 100.0 
100.0 100.0 
100.0 100.0 
100.0 100.0 
100.0 100.0 
2.0 1.3337598969256135 95:1.0 202:1.0 
100.0 100.0 
100.0 100.0 
100.0 2.0 374:1.0 
99.67354061536308 100.0 69:1.0 
100.0 100.0 
0.9099041971049708 1.5007500019798046 196:1.0 219:1.0 
100.0 100.0 
100.0 100.0 
2.0 100.0 104:1.0 
100.0 100.0 
100.0 100.0 
100.0 100.0 
100.0 100.0 
100.0 100.0 
100.0 100.0 
100.0 100.0 
100.0 100.0 
100.0 100.0 
100.0 100.0 
100.0 100.0 122:1.0 
100.0 100.0 
100.0 100.0 
100.0 100.0 141:1.0 
100.0 100.0 
0.0 99.33318506070948 202:1.0 283:1.0 400:1.0 
100.0 100.0 
100.0 100.0 
100.0 100.0 
100.0 100.0 
2.0 100.0 298:1.0 
100.0 100.0 
100.0 100.0 
100.0 100.0 
100.0 100.0 
2.0 2.0 4:1.0 
100.0 100.0 
100.0 100.0 
100.0 100.0 
100.0 100.0 
100.0 100.0 
100.0 100.0 
100.0 100.0 
0.0 3.999118932448364 38:1.0 259:1.0 
100.0 100.0 
100.0 100.0 
3.0004593211360575 3.0002293181132913 335:1.0 
100.0 100.0 
100.0 100.0 
100.0 2.0002105743087752 160:1.0 347:1.0 
100.0 100.0 
100.0 100.0 
100.0 100.0 
100.0 100.0 
100.0 100.0 
1.0902480456103647 0.9971628707883273 70:1.0 71:1.0 187:1.0 219:1.0 351:1.0 
0.0 100.0 202:1.0 
1.0 100.0 174:1.0 340:1.0 
100.0 100.0 
2.0 6.419529699434046E-4 42:1.0 341:1.0 
100.0 100.0 
100.0 100.0 
0.0 0.0015358981602890476 33:1.0 71:1.0 219:1.0 292:1.0 
100.0 100.0 
100.0 100.0 
100.0 100.0 
100.0 100.0 
100.0 100.0 
100.0 100.0 
100.0 2.0 358:1.0 
100.0 100.0 
0.0 1.0 3:1.0 203:1.0 
100.0 100.0 
100.0 100.0 
3.33361081251031 100.0 137:1.0 
100.0 100.0 257:1.0 
100.0 100.0 
100.0 100.0 
100.0 100.0 
99.97669616200201 0.3333757664054803 121:1.0 152:1.0 323:1.0 403:1.0 408:1.0 462:1.0 
100.0 100.0 
100.0 100.0 
100.0 100.0 
100.0 100.0 
100.0 100.0 
100.0 100.0 
100.0 100.0 
100.0 0.0 53:1.0 
99.14016046778139 2.0 12:1.0 
100.0 100.0 
2.0 0.0 3:1.0 95:1.0 
100.0 100.0 
100.0 100.0 
100.0 100.0 
100.0 100.0 
100.0 100.0 
100.0 100.0 
100.0 100.0 
100.0 100.0 
100.0 100.0 
100.0 100.0 
100.0 100.0 
100.0 100.0 
2.5004143565058676 100.0 228:1.0 
100.0 100.0 
100.0 100.0 
100.0 100.0 
100.0 100.0 
2.5084231891810527 2.4048985862395265 274:1.0 
100.0 100.0 
100.0 100.0 
100.0 100.0 
1.9999999999999998 99.96986762066607 352:1.0 
100.0 100.0 
100.0 100.0 
100.0 100.0 
0.0 0.7058174231468821 91:1.0 146:1.0 241:1.0 310:1.0 355:1.0 380:1.0 423:1.0 425:1.0 458:1.0 
100.0 100.0 
99.49185765629578 99.59510141376047 274:1.0 
100.0 100.0 
100.0 100.0 
2.0 2.0 10:1.0 
100.0 100.0 
9.998942253292778 2.0 188:1.0 
100.0 4.000410528994535 50:1.0 
2.0 99.99140858832533 233:1.0 
100.0 100.0 
100.0 100.0 
100.0 100.0 
100.0 3.999888638505709 53:1.0 
100.0 100.0 
2.0 2.0 16:1.0 198:1.0 
0.8200020049698686 0.11804376035538122 249:1.0 355:1.0 391:1.0 
100.0 100.0 
100.0 100.0 296:1.0 
-0.332834252280807 0.0 117:1.0 
-0.0 6.499392849386879 251:1.0 353:1.0 
-0.0 1.9976594292438605 77:1.0 
-0.0 0.0026666941943446283 73:1.0 380:1.0 
-0.0 100.0 13:1.0 138:1.0 
-0.0 96.94096738021382 267:1.0 
-0.0 0.391587689533518 163:1.0 262:1.0 
-0.5447738854823913 0.0 187:1.0 250:1.0 
-0.0 100.0 24:1.0 
-0.0 100.0 261:1.0 
-4.220691191014376 100.0 9:1.0 
-99.99983507998108 0.0 30:1.0 207:1.0 
-0.0 100.0 7:1.0 123:1.0 260:1.0 369:1.0 
-0.0 1.9999999999999996 87:1.0 192:1.0 313:1.0 
-0.0 100.0 337:1.0 
-0.3630047904063481 100.0 351:1.0 363:1.0 
-0.0 1.99880617068108 189:1.0 
-0.0 100.0 251:1.0 273:1.0 344:1.0 
-0.0 0.0015223158882567557 58:1.0 105:1.0 
-0.0 100.0 261:1.0 
-100.0 0.0 161:1.0 
-3.998582063527237 0.0 230:1.0 
-0.0 3.998880289278202 31:1.0 168:1.0 379:1.0 417:1.0 
-0.0 94.0060247011744 2:1.0 
-0.0 2.8768451025577133 186:1.0 
-0.0 7.99826704396386 90:1.0 367:1.0 
-0.0 1.9999515645986976 194:1.0 299:1.0 
-0.0 100.0 26:1.0 333:1.0 
-3.6724565726989944 0.36618364023223493 91:1.0 145:1.0 179:1.0 257:1.0 418:1.0 432:1.0 
-100.0 100.0 122:1.0 
-0.0 2.6705652289247337 257:1.0 
-0.0 100.0 265:1.0 
-100.0 0.0 53:1.0 
-0.0 94.00167882054082 198:1.0 367:1.0 
-0.22231369665759068 0.0 32:1.0 112:1.0 
-0.0 1.9984368472143856 45:1.0 73:1.0 249:1.0 338:1.0 402:1.0 435:1.0 
-1.9994504534379518 0.0 206:1.0 290:1.0 
-0.0 100.0 105:1.0 
-100.0 0.0 172:1.0 
-7.998467849737261 0.516152583589646 249:1.0 
-0.0 2.000151811921397 144:1.0 149:1.0 
-100.0 5.999237961247494 50:1.0 309:1.0 
-0.0 100.0 178:1.0 
-0.0 99.08070186900625 215:1.0 
-3.270867923491711 100.0 198:1.0 
-3.9995024311448555 1.9999973916373817 25:1.0 54:1.0 241:1.0 
-0.0 3.059542298654131 167:1.0 267:1.0 
-0.0 100.0 47:1.0 
-0.0 0.0012165737397481257 72:1.0 168:1.0 
-0.0 1.9872166954446013 105:1.0 204:1.0 269:1.0 306:1.0 419:1.0 
-100.0 0.0 274:1.0 
-0.0 98.00073526144989 31:1.0 178:1.0 
-100.0 0.0 328:1.0 
-0.0 100.0 316:1.0 
-100.0 2.973126595011891 195:1.0 
-0.0 100.0 151:1.0 
-0.0 1.9992338318196372 75:1.0 93:1.0 268:1.0 
-0.004011555562234259 100.0 310:1.0 
-100.0 0.0 12:1.0 121:1.0 152:1.0 323:1.0 403:1.0 408:1.0 462:1.0 
-0.0 100.0 120:1.0 
-0.0153834787074969 100.0 251:1.0 
-1.0000062452613545 0.4001856405259689 212:1.0 335:1.0 371:1.0 
-0.9995522915170524 0.0 5:1.0 241:1.0 319:1.0 
-0.0 1.3328774210268333 19:1.0 94:1.0 148:1.0 215:1.0 
-100.0 0.0 218:1.0 
-0.0 100.0 44:1.0 97:1.0 
-0.6170079914461928 0.0 126:1.0 
-0.0 100.0 76:1.0 347:1.0 
-100.0 0.0 354:1.0 
-100.0 0.0 161:1.0 
-0.0 100.0 32:1.0 
-1.0000624029841827 2.001975295816315 246:1.0 303:1.0 324:1.0 
-0.0 0.6666735413877839 175:1.0 234:1.0 317:1.0 334:1.0 
-100.0 98.66666666666667 200:1.0 
-0.0 100.0 321:1.0 
-0.0 100.0 243:1.0 
-0.0 1.9994073030517032 198:1.0 287:1.0 
-0.0 4.253431818609746 109:1.0 
-0.0 8.245845665413132 191:1.0 251:1.0 
-0.0 99.94338270426167 133:1.0 238:1.0 339:1.0 404:1.0 
-0.0 100.0 360:1.0 
-100.0 0.0 126:1.0 
-0.0 100.0 182:1.0 
-0.0 25.684049740878145 57:1.0 
-0.0 2.0 35:1.0 168:1.0 379:1.0 417:1.0 
-100.0 100.0 192:1.0 
-1.2723388549440968 0.6335430483595388 68:1.0 91:1.0 146:1.0 227:1.0 249:1.0 301:1.0 355:1.0 391:1.0 423:1.0 425:1.0 458:1.0 481:1.0 
-0.0 0.013396116689951906 141:1.0 
-100.0 0.0 374:1.0 
-0.0 1.9993177710617502 75:1.0 92:1.0 96:1.0 
-1.9993432307952026 0.0 29:1.0 95:1.0 169:1.0 
-99.1110008135099 0.0 370:1.0 
-0.0 100.0 336:1.0 363:1.0 
-2.000021812766385 3.200609162540388 43:1.0 266:1.0 
-100.0 0.0 291:1.0 
-0.0 100.0 346:1.0 
-0.0 1.998995458022803 284:1.0 
-0.0 100.0 270:1.0 
-0.0 98.00120723417454 96:1.0 284:1.0 
-0.0 100.0 183:1.0 
-0.0 3.9985673687727505 154:1.0 271:1.0 
-0.0 2.000217447508505 84:1.0 160:1.0 
-0.0 89.09279980810315 
-0.0 0.7852553772930493 95:1.0 109:1.0 127:1.0 363:1.0 
-0.0 9.998199579362982 365:1.0 
-0.0 100.0 
-0.0 100.0 
-0.0 4.7673015791105394E-4 83:1.0 
-0.0 100.0 
-0.0 100.0 285:1.0 
-0.0 100.0 
-0.0 100.0 
-0.0 100.0 270:1.0 
-0.0 100.0 
-0.0 100.0 
-0.0 0.11278833760539052 17:1.0 56:1.0 78:1.0 125:1.0 231:1.0 238:1.0 272:1.0 385:1.0 407:1.0 412:1.0 426:1.0 469:1.0 476:1.0 
-0.0 100.0 
-0.0 100.0 
-0.0 100.0 
-0.0 100.0 
-0.0 100.0 
-0.0 100.0 
-100.0 100.0 138:1.0 
-0.0 100.0 
-0.0 100.0 
-0.0 100.0 
-0.0 100.0 
-0.0 100.0 
-0.0 100.0 
-0.0 100.0 
-0.3998573121254211 1.000420568870988 20:1.0 247:1.0 281:1.0 
-0.0 100.0 
-0.0 100.0 
-0.0 99.333843036082 94:1.0 153:1.0 
-0.0 100.0 75:1.0 
-0.0 100.0 114:1.0 
-0.0 100.0 
-0.0 100.0 
-2.040740619142423 100.0 243:1.0 
-0.0 100.0 
-0.0 100.0 
-0.0 100.0 
-0.0 100.0 
-0.0 100.0 
-0.0 100.0 330:1.0 
-100.0 98.66666666666667 53:1.0 
-0.0 100.0 
-0.0 100.0 
-0.0 100.0 
-2.0004405396914655 0.0 95:1.0 
-0.0 100.0 
-0.0 100.0 190:1.0 
-0.0 100.0 226:1.0 
-0.0 100.0 
-0.0 100.0 
-0.0 100.0 
-0.0 100.0 
-100.0 100.0 198:1.0 
-0.0 100.0 
-0.0 2.0007184246300955 120:1.0 161:1.0 
-0.0 100.0 
-100.0 100.0 141:1.0 
-0.0 100.0 
-0.0 100.0 
-0.0 100.0 
-0.0 100.0 
-1.9993800561594162 2.0 159:1.0 
-0.0 100.0 
-0.0 100.0 
-100.0 99.03069502281052 195:1.0 
-0.0 100.0 
-0.0 0.9748746772740279 339:1.0 
-0.0 100.0 
-0.0 100.0 
-0.0 100.0 
-93.89817535798254 100.0 
-0.0 100.0 368:1.0 
-100.0 100.0 
-100.0 100.0 
-100.0 100.0 
-100.0 100.0 
-100.0 100.0 
-100.0 100.0 
-0.0 100.0 131:1.0 
-100.0 100.0 
-100.0 100.0 
-100.0 100.0 
-100.0 2.93171586927284E-4 277:1.0 
-100.0 100.0 
-100.0 100.0 
-100.0 100.0 
-0.0 100.0 225:1.0 
-100.0 100.0 
-100.0 100.0 
-100.0 100.0 
-100.0 100.0 
-100.0 100.0 
-100.0 100.0 
-100.0 100.0 
-100.0 100.0 
-100.0 100.0 
-100.0 100.0 
-100.0 100.0 
-100.0 100.0 
-0.0 6.761439850768779E-4 27:1.0 293:1.0 
-100.0 100.0 
-100.0 100.0 
-100.0 100.0 
-100.0 100.0 
-100.0 100.0 
-0.0 2.0 382:1.0 
-100.0 100.0 
-0.0 0.057184588489843105 133:1.0 
-100.0 100.0 245:1.0 
-100.0 100.0 
-0.0 0.002204181763171983 5:1.0 77:1.0 347:1.0 
-100.0 100.0 
-100.0 100.0 
-0.0 0.7994313992533367 369:1.0 
-100.0 100.0 
-100.0 100.0 
-0.0 96.01382401086981 269:1.0 
-100.0 100.0 
-0.9998103560190759 7.586005213338398 82:1.0 215:1.0 383:1.0 
-100.0 100.0 
-100.0 100.0 
-100.0 100.0 
-0.0 0.32850732404171296 81:1.0 185:1.0 248:1.0 254:1.0 384:1.0 393:1.0 406:1.0 449:1.0 479:1.0 
-100.0 100.0 
-100.0 100.0 
-100.0 100.0 
-100.0 100.0 
-100.0 100.0 
-100.0 100.0 
-0.0 1.320146281048378 59:1.0 
-0.0 2.7090120897387457 150:1.0 
-100.0 100.0 
-100.0 100.0 
-100.0 100.0 
-100.0 100.0 
-100.0 100.0 
-100.0 100.0 
-100.0 100.0 
-2.2216306461879727 1.0 11:1.0 63:1.0 112:1.0 
-100.0 100.0 
-100.0 100.0 
-100.0 100.0 
-100.0 100.0 
-0.2876272296194084 0.0 318:1.0 
-100.0 100.0 
-99.90095544623563 100.0 
-100.0 100.0 
-100.0 100.0 
-0.0 100.0 61:1.0 315:1.0 
-0.0 100.0 232:1.0 
-100.0 100.0 
-100.0 100.0 
-100.0 100.0 
-100.0 2.001771220915807 147:1.0 
-0.0 100.0 222:1.0 
-0.0 99.08186194042631 339:1.0 
-100.0 100.0 
-0.0 2.99994924824955 222:1.0 230:1.0 
-100.0 2.950512946148602E-4 173:1.0 
-100.0 100.0 
-100.0 100.0 
-0.6666150986663383 1.9998544530081306 1:1.0 75:1.0 137:1.0 
-100.0 100.0 243:1.0 
-0.0 100.0 214:1.0 
-100.0 100.0 
-100.0 100.0 
-100.0 2.810095847947529E-4 358:1.0 
-100.0 100.0 
-100.0 100.0 
-100.0 100.0 325:1.0 
-5.998703101513058 0.0 188:1.0 222:1.0 
-100.0 100.0 
-0.0 100.0 55:1.0 
-100.0 100.0 
-98.8770543759173 100.0 257:1.0 
-100.0 100.0 
-100.0 100.0 
-100.0 100.0 
-0.0 100.0 322:1.0 
-3.0896961279998303 6.499239475123346 70:1.0 362:1.0 
-0.0 1.5007903668964568 101:1.0 
-100.0 100.0 
-100.0 100.0 
-100.0 100.0 
-100.0 100.0 
-0.0 1.4976288993106281 177:1.0 
-100.0 100.0 
-100.0 100.0 
-100.0 100.0 
-100.0 100.0 
-100.0 100.0 
-100.0 100.0 
-100.0 100.0 
-100.0 100.0 
-100.0 100.0 
-0.0 0.640137394210373 116:1.0 
-0.0 100.0 116:1.0 
-100.0 100.0 
-0.0 0.998465061444543 168:1.0 
-100.0 100.0 
-0.9097186756647881 1.2000690022415237 196:1.0 
-100.0 100.0 
-100.0 100.0 
-0.0 1.0003468444214663 123:1.0 169:1.0 195:1.0 380:1.0 
-100.0 100.0 
-100.0 100.0 
-0.0 1.4786600937956669 98:1.0 
-0.0 6.528929899575329E-5 66:1.0 139:1.0 171:1.0 397:1.0 440:1.0 452:1.0 
-5.11695615602609 100.0 310:1.0 
-100.0 100.0 
-100.0 100.0 
-100.0 100.0 126:1.0 
-100.0 100.0 
-100.0 100.0 
-100.0 100.0 
-100.0 100.0 
-100.0 100.0 
-0.0 98.52166716174959 98:1.0 
-100.0 100.0 
-100.0 100.0 
-85.38090184810827 100.0 
-0.0 100.0 
-0.0 1.3333333333333333 53:1.0 200:1.0 
-0.0 98.01313806211874 204:1.0 306:1.0 419:1.0 
-0.0 100.0 142:1.0 
-100.0 100.0 
-100.0 100.0 
-100.0 100.0 
-100.0 100.0 
-0.0 1.9862295541496569 67:1.0 141:1.0 
-0.0 2.0 223:1.0 
-100.0 100.0 
-0.0 5.73595622491411E-4 115:1.0 
-100.0 100.0 
-100.0 100.0 
-0.0 5.863649057488152E-4 203:1.0 
-100.0 100.0 
-0.0 100.0 310:1.0 
-100.0 100.0 
-100.0 100.0 
-100.0 100.0 
-100.0 100.0 
-0.0 100.0 290:1.0 294:1.0 
-100.0 100.0 
-100.0 100.0 
-100.0 100.0 
-0.0 1.5999746356901265 85:1.0 164:1.0 292:1.0 
-100.0 100.0 
-0.0 4.195420863006942E-4 260:1.0 
-100.0 100.0 
-100.0 100.0 
-0.0 5.133461744953679E-4 250:1.0 
-100.0 100.0 
-100.0 100.0 
-100.0 100.0 
-100.0 100.0 
-0.0 100.0 23:1.0 
-100.0 100.0 
-100.0 100.0 
-0.0 1.9996067242853077 165:1.0 198:1.0 
-100.0 100.0 
-100.0 100.0 
-100.0 100.0 
-100.0 100.0 
-100.0 100.0 
-100.0 100.0 
-100.0 100.0 
-100.0 100.0 
-0.0 98.50237110068937 177:1.0 
-100.0 100.0 
-100.0 100.0 
-100.0 100.0 
-0.0 99.99462793402503 204:1.0 
-100.0 100.0 
-100.0 100.0 
-100.0 100.0 
-100.0 100.0 
-100.0 100.0 
-100.0 100.0 
-100.0 100.0 
-100.0 100.0 
-100.0 100.0 
-100.0 100.0 
-100.0 100.0 
-100.0 100.0 
-0.0 100.0 85:1.0 311:1.0 
-100.0 100.0 
-100.0 100.0 
-0.0 100.0 140:1.0 
-100.0 100.0 
-100.0 100.0 
-0.0 100.0 132:1.0 
-100.0 100.0 
-100.0 2.19780101488265E-4 111:1.0 
-100.0 100.0 
-100.0 100.0 
-100.0 100.0 
-100.0 100.0 
-100.0 100.0 
-0.0 1.782222274817048 293:1.0 
-100.0 100.0 
-0.0 100.0 51:1.0 
-100.0 0.0 279:1.0 310:1.0 
-100.0 100.0 
-100.0 100.0 
-100.0 100.0 
-100.0 100.0 
-100.0 100.0 
-100.0 100.0 
-100.0 100.0 
-100.0 100.0 
-100.0 100.0 
-100.0 100.0 
-100.0 100.0 
-0.0 98.00125703170356 93:1.0 189:1.0 
-100.0 100.0 
-100.0 100.0 
-100.0 100.0 
-2.5798645088153234 2.0 207:1.0 
-100.0 100.0 
-100.0 100.0 
-100.0 100.0 
-100.0 0.0 160:1.0 
-100.0 100.0 
-100.0 100.0 
-0.0 100.0 54:1.0 
-0.0 100.0 168:1.0 379:1.0 417:1.0 
-100.0 100.0 
-100.0 100.0 
-0.0 1.9997528253410914 258:1.0 
-100.0 100.0 
-2.0 5.271455130740066E-4 318:1.0 
-0.0 100.0 62:1.0 
-0.0 100.0 120:1.0 
-100.0 100.0 
-0.0 98.6801755491748 59:1.0 
-100.0 100.0 
-100.0 100.0 
-100.0 100.0 
-100.0 100.0 
-0.0 5.520083697053332E-4 275:1.0 
-0.21148556116160094 0.2417924289312173 49:1.0 166:1.0 180:1.0 229:1.0 252:1.0 361:1.0 399:1.0 443:1.0 478:1.0 
-0.0 99.35986260578963 116:1.0 
-0.0 1.5004385092124215 201:1.0 
-100.0 100.0 
-100.0 100.0 
-97.42001270620098 98.00020269219735 207:1.0 
-100.0 100.0 
-100.0 100.0 
-0.0 0.12895113663919394 68:1.0 145:1.0 179:1.0 432:1.0 
-100.0 100.0 
-0.0 99.9993784818071 72:1.0 109:1.0 214:1.0 
-0.6667097887226539 0.0 1:1.0 33:1.0 137:1.0 
-100.0 100.0 
-100.0 100.0 
-100.0 100.0 
-0.0 98.79976268159486 102:1.0 266:1.0 371:1.0 
-100.0 100.0 
-100.0 100.0 
-100.0 100.0 
-0.0 100.0 157:1.0 
-0.0 1.4094435088652895 36:1.0 
-100.0 100.0 
-2.0 4.580150122921354E-4 312:1.0 
-100.0 100.0 
-100.0 100.0 
-0.0 100.0 242:1.0 327:1.0 
-100.0 100.0 
-100.0 100.0 
-0.0 3.027345108163016E-4 258:1.0 297:1.0 
-0.0 100.0 329:1.0 
-1.9999999999999996 1.9998417411377112 188:1.0 338:1.0 
-0.0 100.0 285:1.0 
-100.0 0.0 230:1.0 
-100.0 100.0 
-0.0 2.0912550868616708E-4 295:1.0 325:1.0 
-100.0 100.0 
-100.0 100.0 
-100.0 100.0 
-0.0 2.7589047128944165E-4 48:1.0 
-0.0 98.49920963310355 101:1.0 
-100.0 100.0 259:1.0 347:1.0 
-100.0 100.0 
-100.0 100.0 
-100.0 100.0 
-100.0 100.0 
-100.0 100.0 
-100.0 100.0 
-100.0 100.0 
-0.0 100.0 368:1.0 
-0.0 98.00026947598381 223:1.0 
-100.0 100.0 
-100.0 100.0 
-0.0 2.0003020687054303 14:1.0 143:1.0 
-100.0 100.0 
-100.0 100.0 
-100.0 100.0 
-100.0 100.0 
-0.0 2.000313772326313 377:1.0 378:1.0 
-100.0 100.0 
-100.0 100.0 
-100.0 100.0 
-100.0 100.0 
-100.0 100.0 
-100.0 100.0 198:1.0 
-100.0 100.0 
-0.0 100.0 294:1.0 
-100.0 100.0 
-100.0 100.0 
-100.0 100.0 
-100.0 100.0 
-100.0 100.0 
-100.0 100.0 
-0.0 100.0 97:1.0 310:1.0 
-100.0 100.0 
-100.0 100.0 
-100.0 100.0 
-100.0 100.0 
-100.0 100.0 
-0.0 100.0 237:1.0 
-100.0 100.0 
-100.0 100.0 
-100.0 100.0 
-100.0 100.0 
-100.0 100.0 
-100.0 100.0 
-100.0 100.0 
-100.0 100.0 
-100.0 100.0 
-100.0 100.0 
-100.0 99.85030533277902 249:1.0 
-100.0 100.0 
-0.0 100.0 369:1.0 
-100.0 100.0 
-100.0 100.0 
-100.0 100.0 
-100.0 98.01404473999504 67:1.0 
-100.0 100.0 
-100.0 100.0 
-0.0 2.1958570520040632E-4 205:1.0 
-100.0 100.0 
-100.0 100.0 
-100.0 100.0 
-100.0 100.0 
-100.0 100.0 
-100.0 100.0 
-100.0 100.0 
-100.0 100.0 
-100.0 100.0 
-100.0 100.0 
-100.0 100.0 
-100.0 100.0 
-100.0 100.0 236:1.0 275:1.0 
-0.8887244132090776 1.9995051318285233 74:1.0 269:1.0 370:1.0 373:1.0 
-100.0 100.0 
-100.0 100.0 
-100.0 100.0 
-100.0 100.0 
-100.0 100.0 
-0.0 1.9172007324325092E-4 33:1.0 157:1.0 
-1.6666666666666665 100.0 117:1.0 
-0.0 98.00022513067908 382:1.0 
-100.0 100.0 
-100.0 100.0 
-100.0 100.0 
-100.0 100.0 
-100.0 100.0 
-0.0 7.997023367687858 350:1.0 
-100.0 100.0 
-100.0 100.0 69:1.0 
-100.0 100.0 
-0.0 4.175589919947452E-4 242:1.0 
-100.0 100.0 
-100.0 100.0 
-100.0 100.0 
-100.0 100.0 
-100.0 100.0 
-100.0 5.642895766614905E-4 199:1.0 354:1.0 
-0.0 0.7535378895199947 213:1.0 
-100.0 100.0 
-0.0 100.0 193:1.0 
-100.0 100.0 
-0.0 100.0 222:1.0 
-100.0 100.0 
-100.0 100.0 
-100.0 100.0 
-0.0 100.0 235:1.0 
-100.0 100.0 
-100.0 100.0 
-100.0 100.0 
-100.0 100.0 
-100.0 100.0 
-100.0 100.0 
-100.0 100.0 
-100.0 100.0 
-100.0 100.0 
-100.0 100.0 
-100.0 100.0 
-0.5000124372374112 100.0 27:1.0 136:1.0 228:1.0 289:1.0 401:1.0 
-0.0 1.0003299876912122 246:1.0 359:1.0 431:1.0 
-100.0 100.0 
-0.0 2.000134964699764 6:1.0 210:1.0 
-100.0 100.0 
-0.0 1.2087205466776858 369:1.0 
-100.0 100.0 
-0.07688898416797597 0.016501561527930537 49:1.0 127:1.0 166:1.0 180:1.0 252:1.0 288:1.0 314:1.0 392:1.0 424:1.0 433:1.0 441:1.0 443:1.0 454:1.0 459:1.0 463:1.0 473:1.0 
-100.0 100.0 
-100.0 100.0 
-100.0 100.0 
-100.0 100.0 
-100.0 100.0 
-100.0 0.0 106:1.0 
-100.0 2.0 296:1.0 
-0.0 99.67155981157374 81:1.0 185:1.0 248:1.0 254:1.0 384:1.0 393:1.0 406:1.0 449:1.0 479:1.0 
-0.0 5.478628974996957E-4 331:1.0 
-100.0 100.0 
-100.0 100.0 
-100.0 100.0 
-100.0 100.0 
-0.0 3.049377800964E-4 89:1.0 
-100.0 100.0 
-100.0 100.0 
-99.6207236236472 100.0 251:1.0 
-100.0 2.007175707436062 354:1.0 
-100.0 100.0 
-100.0 100.0 
-0.0 1.24708016316564 332:1.0 
-100.0 100.0 
-0.0 100.0 52:1.0 156:1.0 444:1.0 
-0.0 2.0 90:1.0 365:1.0 376:1.0 
-100.0 100.0 
-0.0 100.0 346:1.0 
-100.0 100.0 
-100.0 100.0 
-0.0 1.3353380123778326E-5 110:1.0 155:1.0 239:1.0 264:1.0 278:1.0 357:1.0 372:1.0 386:1.0 395:1.0 413:1.0 422:1.0 436:1.0 442:1.0 446:1.0 448:1.0 450:1.0 475:1.0 477:1.0 
-100.0 100.0 
-100.0 100.0 
-100.0 100.0 
-100.0 100.0 
-100.0 100.0 
-0.0 0.7048293561270276 108:1.0 128:1.0 
-100.0 100.0 
-0.0 100.0 225:1.0 
-0.0 5.877442969960729E-4 336:1.0 
-100.0 100.0 
-100.0 100.0 
-100.0 100.0 
-100.0 100.0 
-100.0 100.0 
-100.0 100.0 
-100.0 0.0 60:1.0 
-98.87790549417299 25.85328845455468 310:1.0 
-100.0 100.0 
-100.0 100.0 
-100.0 100.0 
-100.0 100.0 
-100.0 100.0 
-100.0 100.0 
-100.0 100.0 
-100.0 100.0 
-0.3635425987609417 9.995637527656777 65:1.0 251:1.0 351:1.0 
-0.0 100.0 162:1.0 
-0.0 0.4122888130444139 95:1.0 138:1.0 163:1.0 184:1.0 383:1.0 
-100.0 100.0 
-100.0 100.0 
-100.0 100.0 
-1.9999166583458594 97.99228504362851 354:1.0 369:1.0 
-100.0 100.0 
-100.0 100.0 
-5.9985433329987075 4.1340369136229804E-4 42:1.0 
-100.0 100.0 
-100.0 100.0 
-100.0 100.0 
-0.0 -100.0 
-0.0 -100.0 
-0.0 -100.0 
-0.0 -100.0 
-4.498331232652706 -1.9997437800442093 38:1.0 
-0.0 -100.0 
-0.0 -100.0 
-0.0 -4.0007184246301 120:1.0 
-1.9989944868430998 -1.999577585124139 29:1.0 
-0.0 -100.0 
-0.0 -100.0 
-0.0 -100.0 
-100.0 -1.9996620246661692 340:1.0 
-0.0 -100.0 
-0.0 -100.0 
-0.0 -100.0 
-100.0 -9.585546064175958 82:1.0 
-0.0 -100.0 
-100.0 -100.0 228:1.0 275:1.0 
-0.0 -100.0 
-0.0 -100.0 
-0.0 -100.0 178:1.0 
-0.0 -0.4412585375584411 363:1.0 
-100.0 -2.0 41:1.0 
-0.0 -100.0 
-0.0 -7.9981210511654774 75:1.0 
-0.0 -100.0 
-0.0 -100.0 
-0.0 -0.03743284227665559 64:1.0 217:1.0 220:1.0 390:1.0 434:1.0 471:1.0 
-0.0 -100.0 
-0.0 -100.0 
-0.0 -4.000151811921397 144:1.0 
-0.0 -100.0 
-0.0 -100.0 
-100.0 -100.0 192:1.0 
-0.0 -100.0 
-0.0 -100.0 
-0.0 -100.0 
-0.0 -100.0 
-0.0 -100.0 
-0.0 -100.0 382:1.0 
-0.0 -100.0 116:1.0 198:1.0 
-0.0 -100.0 
-0.0 -2.216073421691039 273:1.0 
-0.0 -0.2673560509921473 299:1.0 
-0.0 -100.0 
-0.0 -100.0 
-0.0 -100.0 
-0.0 -0.24170961382287454 136:1.0 289:1.0 401:1.0 
-0.0 -100.0 
-0.0 -1.9995524267608331 13:1.0 141:1.0 
-0.0 -100.0 
-0.0 -100.0 
-100.0 -5.20045380612768 43:1.0 
-0.0 -100.0 
-6.000643243685112 -1.9996494256105908 159:1.0 352:1.0 
-0.0 -100.0 
-0.0 -100.0 
-0.0 -100.0 
-0.0 -100.0 
-0.0 -1.9995775417849504 77:1.0 307:1.0 
-0.0 -100.0 
-0.0 -100.0 
-0.0 -100.0 
-0.0 -100.0 
-0.0 -100.0 
-0.0 -100.0 
-0.0 -11.997918569778188 90:1.0 365:1.0 
-0.0 -1.9996507451867866 87:1.0 192:1.0 
-39.39969137090226 -100.0 
-100.0 -100.0 
-100.0 -100.0 
-0.0 -100.0 367:1.0 
-100.0 -100.0 
-100.0 -100.0 
-100.0 -100.0 
-0.0 -2.10335416150929 26:1.0 
-0.0 -1.2467677427422477 211:1.0 332:1.0 
-0.0 -0.2620928191716927 79:1.0 262:1.0 
-0.0 -9.994633341766194 327:1.0 351:1.0 
-100.0 -100.0 
-100.0 -100.0 
-100.0 -100.0 
-0.0 -100.0 347:1.0 
-0.0 -100.0 270:1.0 
-100.0 -100.0 
-100.0 -100.0 
-100.0 -100.0 
-0.0 -100.0 222:1.0 
-100.0 -100.0 
-2.0002638589936037 -1.9997185236495543 23:1.0 25:1.0 
-0.0 -3.9997133069243183 54:1.0 
-0.0 -0.9997158102414284 114:1.0 265:1.0 
-0.0 -2.633416639028008 227:1.0 
-100.0 -100.0 
-100.0 -100.0 
-0.0 -7.996848406658352 65:1.0 271:1.0 350:1.0 
-0.0 -99.99110665798973 44:1.0 105:1.0 204:1.0 
-100.0 -100.0 
-0.0 -1.9999999999999996 258:1.0 308:1.0 
-100.0 -100.0 
-0.0 -100.0 242:1.0 
-0.0 -100.0 96:1.0 
-100.0 -100.0 
-100.0 -100.0 
-100.0 -100.0 
-100.0 -100.0 
-100.0 -100.0 
-0.0 -100.0 51:1.0 
-0.0 -1.500035592680987 105:1.0 201:1.0 230:1.0 235:1.0 304:1.0 
-100.0 -100.0 
-100.0 -100.0 
-100.0 -100.0 
-100.0 -100.0 
-0.0 -100.0 93:1.0 215:1.0 
-0.0 -100.0 251:1.0 
-1.999698000746311 -100.0 347:1.0 
-0.0 -100.0 59:1.0 
-100.0 -100.0 
-2.705412260777987 -3.0036036932873227 195:1.0 380:1.0 
-100.0 -100.0 
-100.0 -100.0 
-100.0 -100.0 
-100.0 -100.0 
-100.0 -100.0 
-100.0 -100.0 
-0.0 -99.53519994099013 138:1.0 
-100.0 -100.0 
-100.0 -100.0 
-100.0 -100.0 
-0.0 -5.99782152668798 338:1.0 
-100.0 -100.0 
-0.0 -100.0 222:1.0 
-100.0 -100.0 
-100.0 -100.0 
-100.0 -100.0 
-100.0 -100.0 
-0.6665794469425997 -0.0 55:1.0 253:1.0 352:1.0 420:1.0 
-100.0 -100.0 
-100.0 -100.0 
-100.0 -100.0 354:1.0 
-100.0 -100.0 
-0.0 -98.96324316086346 24:1.0 
-0.0 -100.0 55:1.0 
-0.0 -0.25003634328870006 349:1.0 
-0.0 -0.02218275780719245 52:1.0 156:1.0 240:1.0 342:1.0 388:1.0 421:1.0 444:1.0 460:1.0 472:1.0 
-0.0 -3.0597464368648626 167:1.0 251:1.0 
-100.0 -100.0 
-0.0 -100.0 97:1.0 
-0.0 -0.12929147801905072 224:1.0 
-100.0 -100.0 
-0.0 -0.7047480877859551 246:1.0 
-100.0 -100.0 
-100.0 -100.0 
-100.0 -100.0 
-100.0 -100.0 
-100.0 -100.0 
-100.0 -100.0 
-0.0 -100.0 267:1.0 
-0.0 -100.0 225:1.0 
-100.0 -100.0 
-0.0 -1.4089648602041824 36:1.0 128:1.0 272:1.0 
-100.0 -100.0 
-100.0 -100.0 
-2.000085873162946 -100.0 67:1.0 266:1.0 
-1.999832666212677 -2.0034748074581787 44:1.0 324:1.0 
-100.0 -100.0 
-100.0 -100.0 
-0.5289962254139613 -0.4840297602251433 45:1.0 249:1.0 402:1.0 
-0.0 -100.0 189:1.0 
-92.18226098998635 -100.0 310:1.0 
-100.0 -100.0 
-100.0 -100.0 
-0.0 -1.999609319673091 326:1.0 
-100.0 -100.0 
-0.0 -100.0 23:1.0 330:1.0 
-100.0 -100.0 
-0.9969971901427861 -100.0 351:1.0 
-100.0 -0.0 233:1.0 
-0.0 -0.037277187506513376 84:1.0 
-100.0 -100.0 
-0.0 -25.853003252459466 76:1.0 310:1.0 
-100.0 -100.0 
-100.0 -100.0 245:1.0 
-100.0 -100.0 
-100.0 -100.0 
-100.0 -100.0 
-0.0 -2.0 311:1.0 
-0.49897923125858773 -1.9998744580320684 2:1.0 71:1.0 
-100.0 -100.0 
-100.0 -100.0 
-0.0 -0.09124441715189269 298:1.0 
-100.0 -100.0 
-100.0 -100.0 
-100.0 -100.0 236:1.0 
-0.0 -6.998534768354933 168:1.0 379:1.0 417:1.0 
-3.3329785552925797 -4.499515365594637 222:1.0 233:1.0 353:1.0 362:1.0 
-0.0 -100.0 120:1.0 
-100.0 -100.0 
-100.0 -100.0 
-0.0 -100.0 85:1.0 
-100.0 -100.0 
-99.99980459029013 -1.9996499672203405 137:1.0 243:1.0 
-100.0 -100.0 
-100.0 -100.0 
-0.4000183325714074 -5.9990459826660825 215:1.0 373:1.0 383:1.0 
-100.0 -100.0 
-100.0 -100.0 
-1.9995313853463312 -0.0 119:1.0 209:1.0 
-99.68913940079268 -100.0 
-100.0 -0.0 202:1.0 283:1.0 400:1.0 
-0.3076923088659466 -0.0 26:1.0 256:1.0 272:1.0 369:1.0 371:1.0 
-91.39343915343915 -0.1993873526680468 300:1.0 
-100.0 -100.0 
-100.0 -100.0 
-0.0 -0.9333333333333333 79:1.0 262:1.0 
-0.0 -0.903086486775384 151:1.0 
-100.0 -100.0 
-100.0 -100.0 
-100.0 -100.0 
-100.0 -100.0 
-100.0 -100.0 
-100.0 -100.0 
-100.0 -100.0 
-100.0 -100.0 
-100.0 -1.999759702749222 100:1.0 
-0.0 -1.9996267433284738 15:1.0 
-100.0 -100.0 
-100.0 -100.0 
-100.0 -100.0 257:1.0 
-100.0 -100.0 
-100.0 -100.0 
-100.0 -100.0 
-100.0 -100.0 
-0.0 -100.0 225:1.0 294:1.0 
-0.0 -0.7088847756177321 135:1.0 150:1.0 
-100.0 -100.0 
-100.0 -100.0 
-100.0 -100.0 
-100.0 -100.0 
-100.0 -100.0 
-100.0 -100.0 
-100.0 -100.0 
-0.0 -100.0 265:1.0 
-100.0 -100.0 
-100.0 -100.0 
-100.0 -100.0 
-100.0 -100.0 
-100.0 -100.0 
-1.9994179741838891 -0.0 82:1.0 105:1.0 244:1.0 
-0.0 -0.04421524673806698 363:1.0 
-0.0 -100.0 243:1.0 
-100.0 -100.0 
-100.0 -100.0 251:1.0 
-100.0 -100.0 
-100.0 -100.0 
-100.0 -100.0 
-3.9992536803587684 -0.0 118:1.0 271:1.0 279:1.0 
-100.0 -100.0 
-0.0 -99.89628016711858 26:1.0 
-100.0 -100.0 
-0.0 -100.0 226:1.0 
-0.0 -1.7828906068979922 273:1.0 293:1.0 
-100.0 -100.0 
-100.0 -2.999576371348377 11:1.0 
-100.0 -100.0 
-100.0 -100.0 
-100.0 -100.0 
-100.0 -100.0 
-100.0 -100.0 
-100.0 -100.0 
-100.0 -100.0 
-100.0 -100.0 
-0.0 -100.0 102:1.0 
-100.0 -100.0 
-100.0 -0.0 307:1.0 
-0.0 -7.584172203230091E-4 64:1.0 217:1.0 220:1.0 390:1.0 434:1.0 471:1.0 
-100.0 -100.0 
-0.0 -3.9625593448124103 84:1.0 
-100.0 -100.0 
-0.0 -0.12416176430174068 276:1.0 
-100.0 -100.0 
-0.0 -100.0 336:1.0 369:1.0 
-100.0 -100.0 
-100.0 -100.0 
-100.0 -100.0 
-10.49735781580299 -0.9998074447785563 22:1.0 118:1.0 
-44.00063484078203 -100.0 
-0.0 -100.0 
-0.0 -100.0 32:1.0 
-0.0 -0.2950156709663009 64:1.0 217:1.0 220:1.0 390:1.0 434:1.0 471:1.0 
-100.0 -100.0 
-0.0 -100.0 369:1.0 
-100.0 -100.0 
-100.0 -100.0 
-100.0 -100.0 
-100.0 -100.0 
-0.0 -4.0 14:1.0 
-100.0 -100.0 
-100.0 -1.2909314478445557 135:1.0 
-100.0 -100.0 
-100.0 -100.0 
-100.0 -100.0 
-100.0 -100.0 259:1.0 
-100.0 -100.0 325:1.0 
-0.0 -100.0 120:1.0 
-100.0 -100.0 
-0.0 -100.0 243:1.0 315:1.0 
-0.0 -100.0 52:1.0 156:1.0 204:1.0 306:1.0 419:1.0 444:1.0 
-0.0 -3.3326549072901113 148:1.0 
-0.0 -100.0 27:1.0 
-100.0 -100.0 
-100.0 -100.0 
-100.0 -100.0 
-100.0 -100.0 
-100.0 -100.0 
-0.0 -100.0 311:1.0 
-0.0 -100.0 31:1.0 178:1.0 
-100.0 -100.0 
-0.0 -100.0 123:1.0 
-0.0 -0.9998548704383925 62:1.0 113:1.0 
-100.0 -100.0 
-100.0 -100.0 
-100.0 -100.0 
-100.0 -100.0 
-0.0 -98.00051641968108 251:1.0 273:1.0 344:1.0 
-0.0 -100.0 232:1.0 
-100.0 -100.0 
-100.0 -100.0 
-100.0 -100.0 
-0.0 -100.0 140:1.0 
-100.0 -100.0 
-100.0 -100.0 
-100.0 -100.0 
-100.0 -100.0 
-2.0000099858058005 -0.9997132021887543 39:1.0 142:1.0 
-100.0 -100.0 
-100.0 -100.0 
-0.0 -100.0 214:1.0 
-0.0 -100.0 131:1.0 
-0.0 -3.7322944821680455 299:1.0 
-0.0 -1.9104199188748094 45:1.0 249:1.0 402:1.0 
-0.0 -100.0 61:1.0 
-100.0 -100.0 
-100.0 -100.0 
-8.606560846560852 -1.8003128773594201 300:1.0 
-100.0 -0.0 352:1.0 
-0.0 -100.0 168:1.0 379:1.0 417:1.0 
-0.0 -1.875243206518237 276:1.0 
-100.0 -100.0 
-100.0 -100.0 
-100.0 -100.0 
-100.0 -100.0 
-0.0 -2.062127147634327 184:1.0 
-100.0 -100.0 
-0.0 -100.0 310:1.0 
-100.0 -0.0 259:1.0 274:1.0 364:1.0 
-100.0 -100.0 
-100.0 -100.0 69:1.0 
-0.0 -2.19556091156052 7:1.0 
-0.0 -0.003825226952559991 5:1.0 44:1.0 57:1.0 204:1.0 
-100.0 -100.0 
-1.9995172094271267 -1.9999999999999991 150:1.0 259:1.0 
-100.0 -100.0 138:1.0 
-100.0 -100.0 
-0.0 -25.68022138187678 57:1.0 251:1.0 
-100.0 -100.0 
-100.0 -100.0 
-100.0 -100.0 
-100.0 -100.0 
-0.0 -100.0 114:1.0 
-100.0 -100.0 
-100.0 -100.0 
-100.0 -100.0 
-0.06793816759559385 -100.0 249:1.0 368:1.0 
-0.0 -100.0 157:1.0 162:1.0 
-100.0 -100.0 
-100.0 -100.0 
-100.0 -100.0 
-100.0 -100.0 
-100.0 -100.0 
-100.0 -100.0 
-100.0 -100.0 
-100.0 -100.0 
-0.0 -100.0 329:1.0 
-100.0 -100.0 
-100.0 -100.0 
-3.999084039742766 -2.2470283943879794 145:1.0 174:1.0 191:1.0 
-100.0 -100.0 
-0.0 -100.0 153:1.0 
-0.07406189658736768 -0.0 28:1.0 40:1.0 99:1.0 107:1.0 130:1.0 176:1.0 197:1.0 273:1.0 320:1.0 343:1.0 366:1.0 389:1.0 398:1.0 405:1.0 410:1.0 411:1.0 414:1.0 427:1.0 428:1.0 445:1.0 447:1.0 451:1.0 455:1.0 457:1.0 464:1.0 468:1.0 470:1.0 474:1.0 
-100.0 -100.0 
-0.0 -100.0 285:1.0 
-0.0 -100.0 133:1.0 238:1.0 284:1.0 339:1.0 404:1.0 
-100.0 -100.0 
-100.0 -100.0 
-100.0 -100.0 
-100.0 -100.0 
-2.000091831082437 -0.0 21:1.0 276:1.0 
-100.0 -100.0 
-100.0 -100.0 
-0.9966670121471174 -0.7136847154194175 70:1.0 
-0.0 -100.0 47:1.0 
-100.0 -100.0 
-100.0 -100.0 
-100.0 -100.0 
-100.0 -100.0 
-0.0 -2.0012093475341217 109:1.0 147:1.0 289:1.0 
-100.0 -100.0 
-100.0 -100.0 
-100.0 -100.0 
-100.0 -100.0 
-100.0 -100.0 
-0.0 -1.8703592083560296 224:1.0 
-100.0 -100.0 
-100.0 -100.0 
-1.9319311236528132 -100.0 195:1.0 368:1.0 
-100.0 -100.0 
-0.0 -100.0 294:1.0 
-100.0 -100.0 
-0.0015071432046974958 -3.599583887362071 292:1.0 
-100.0 -100.0 
-11.189845679012347 -100.0 310:1.0 
-100.0 -100.0 
-100.0 -100.0 
-100.0 -100.0 
-100.0 -100.0 
-0.0 -100.0 235:1.0 
-100.0 -100.0 
-2.000054270808392 -3.9993914735288683 50:1.0 280:1.0 
-0.0 -100.0 290:1.0 
-0.0 -2.0 87:1.0 
-100.0 -1.9082630227552118 298:1.0 
-100.0 -100.0 
-100.0 -100.0 
-100.0 -100.0 
-100.0 -100.0 
-100.0 -100.0 
-100.0 -100.0 
-100.0 -100.0 
-100.0 -100.0 
-0.0 -0.11050563711270228 215:1.0 341:1.0 
-0.0 -100.0 346:1.0 
-100.0 -100.0 
-100.0 -100.0 
-2.0 -100.0 198:1.0 
-100.0 -100.0 
-0.0 -100.0 371:1.0 
-100.0 -100.0 
-100.0 -100.0 
-0.0 -2.1383570551304274 190:1.0 
-100.0 -100.0 
-0.0 -0.19997332938645102 52:1.0 156:1.0 240:1.0 342:1.0 388:1.0 421:1.0 444:1.0 460:1.0 472:1.0 
-100.0 -100.0 
-100.0 -100.0 310:1.0 
-0.0 -0.1383570551304203 378:1.0 
-100.0 -100.0 
-16.495789674661925 -100.0 117:1.0 
-100.0 -100.0 
-100.0 -100.0 
-100.0 -100.0 
-0.0 -100.0 182:1.0 
-0.0 -100.0 261:1.0 
-100.0 -100.0 
-100.0 -100.0 
-100.0 -100.0 
-100.0 -100.0 
-100.0 -100.0 
-100.0 -100.0 
-100.0 -100.0 
-100.0 -100.0 
-100.0 -100.0 
-100.0 -100.0 
-0.0 -100.0 75:1.0 
-100.0 -100.0 
-100.0 -100.0 
-0.0 -99.75776288119924 136:1.0 289:1.0 401:1.0 
-100.0 -100.0 
-1.0000165631084514 -1.199931125838422 164:1.0 196:1.0 219:1.0 316:1.0 
-100.0 -100.0 
-0.0 -1.8894615953780263 215:1.0 341:1.0 
-0.0 -3.8616429448695797 378:1.0 
-1.9997882032731018 -100.0 53:1.0 346:1.0 
-100.0 -100.0 
-0.0 -7.785250589322393 70:1.0 
-100.0 -100.0 
-0.0 -100.0 193:1.0 
-100.0 -100.0 
-0.0 -0.4986669500457901 105:1.0 304:1.0 
-100.0 -2.0 202:1.0 
-100.0 -100.0 
-100.0 -100.0 
-100.0 -100.0 122:1.0 
-100.0 -100.0 
-0.0 -2.2993126927950884 363:1.0 
-100.0 -100.0 
-0.0 -100.0 369:1.0 
-0.0 -100.0 363:1.0 
-100.0 -0.6038155108738374 45:1.0 91:1.0 146:1.0 249:1.0 355:1.0 391:1.0 402:1.0 423:1.0 425:1.0 458:1.0 466:1.0 481:1.0 
-0.0 -100.0 72:1.0 97:1.0 109:1.0 339:1.0 
-100.0 -7.998859318287037 309:1.0 
-100.0 -100.0 
-100.0 -100.0 
-100.0 -100.0 
-100.0 -100.0 
-100.0 -100.0 126:1.0 
-0.0 -92.0056715960139 2:1.0 327:1.0 
-0.9967534792938666 -0.0 174:1.0 187:1.0 
-100.0 -100.0 
-0.0 -100.0 132:1.0 
-0.0 -100.0 81:1.0 185:1.0 248:1.0 254:1.0 384:1.0 393:1.0 406:1.0 449:1.0 479:1.0 
-100.0 -100.0 
-100.0 -100.0 
-0.0 -99.80443908843948 7:1.0 
-100.0 -100.0 
-100.0 -100.0 
-100.0 -100.0 
-100.0 -100.0 
-100.0 -100.0 
-100.0 -100.0 
-100.0 -100.0 
-100.0 -100.0 
-100.0 -100.0 
-100.0 -100.0 141:1.0 
-100.0 -100.0 
-100.0 -100.0 
-100.0 -100.0 
-100.0 -100.0 
-100.0 -100.0 
-100.0 -100.0 
-0.0 -100.0 322:1.0 
-0.0 -100.0 214:1.0 
-100.0 -100.0 
-100.0 -100.0 
-0.0 -99.86164294486957 190:1.0 
-100.0 -2.0 375:1.0 
-100.0 -100.0 
-100.0 -100.0 
-100.0 -100.0 
-100.0 -100.0 
-100.0 -100.0 
-100.0 -100.0 
-100.0 -100.0 
-100.0 -100.0 
-2.0 -2.2579189039404746 180:1.0 
-100.0 -100.0 
-100.0 -100.0 
-0.0 -100.0 363:1.0 
-0.0 -100.0 98:1.0 
-0.0 -2.0 321:1.0 
-100.0 -100.0 
-0.0 -100.0 260:1.0 
-100.0 -100.0 
-0.0 -100.0 177:1.0 
-15.453606468250099 -100.0 243:1.0 
-0.0 -4.0 210:1.0 
-100.0 -100.0 
-100.0 -100.0 
-0.0 -100.0 13:1.0 
-100.0 -100.0 
-100.0 -100.0 
-100.0 -100.0 
-100.0 -100.0 
-100.0 -100.0 
-0.0 -4.297336174541335 246:1.0 
-0.0 -100.0 54:1.0 94:1.0 
-100.0 -100.0 207:1.0 
-100.0 -100.0 
-0.25000559387915233 -3.036510264356945 24:1.0 109:1.0 257:1.0 
-100.0 -100.0 
-0.0 -100.0 62:1.0 
-100.0 -100.0 
-100.0 -100.0 
-0.0 -1.999638438769804 119:1.0 
-100.0 -100.0 
-100.0 -100.0 198:1.0 
-99.9996959554722 -1.9997024854099887 104:1.0 296:1.0 
-100.0 -100.0 
-100.0 -100.0 
-0.7691454762066121 -0.0 41:1.0 144:1.0 
-100.0 -100.0 
-100.0 -100.0 
-100.0 -100.0 
-0.0 -100.0 333:1.0 
-100.0 -100.0 198:1.0 
-100.0 -100.0 
-100.0 -100.0 
-100.0 -100.0 
-100.0 -100.0 
-100.0 -100.0 
-100.0 -100.0 
-0.0 -100.0 142:1.0 
-100.0 -100.0 
-100.0 -100.0 
-0.0 -3.9990333447818323 37:1.0 191:1.0 
-100.0 -100.0 
-100.0 -100.0 
-100.0 -100.0 
-100.0 -100.0 
-100.0 -100.0 
-100.0 -100.0 
-100.0 -100.0 
-100.0 -100.0 9:1.0 
-0.0 -1.7495142906609304 349:1.0 
-0.0 -100.0 285:1.0 
-0.0 -1.9999999999999996 305:1.0 
-0.0 -100.0 270:1.0 
-0.0 -2.6662852716812493 334:1.0 
-0.0 -100.0 261:1.0 
-0.0 -100.0 269:1.0 
-100.0 -100.0 
-0.0 -100.0 316:1.0 337:1.0 
-100.0 -100.0 
-0.0 -1.9997077843717874 46:1.0 
-100.0 -3.0004205688709877 281:1.0 
-100.0 -100.0 
-100.0 -100.0 
-100.0 -100.0 
-0.0 -100.0 101:1.0 
-0.0 -1.9994687639879625 244:1.0 
-100.0 -100.0 200:1.0 
-0.0 -100.0 223:1.0 
-100.0 -100.0 
-95.00399683427204 -0.0 174:1.0 
-100.0 -100.0 
-100.0 -100.0 
-0.0 -100.0 116:1.0 183:1.0 
-100.0 -100.0 
-0.0 -2.0 151:1.0 
-0.0 -99.09667976364437 151:1.0 
-100.0 -100.0 
-100.0 -100.0 
-0.0 -100.0 321:1.0 
-0.9999789959415694 -0.0 15:1.0 304:1.0 335:1.0 
-100.0 -100.0 
-100.0 -100.0 
-100.0 -100.0 
-100.0 -100.0 
-100.0 -100.0 
-100.0 -100.0 
-0.0 -100.0 237:1.0 
-100.0 -100.0 
-100.0 -100.0 
-100.0 -100.0 
-0.0 -0.35011151611204644 184:1.0 
-100.0 -100.0 
-0.0 -100.0 360:1.0 
-100.0 -100.0 
-100.0 -100.0 
-100.0 -100.0 
-0.0 -2.876845102557713 138:1.0 186:1.0 
-100.0 -100.0 
-100.0 -100.0 
-0.0 -76.14688929617519 76:1.0 
-100.0 -100.0 
-100.0 -100.0 
-0.0 -0.7531264266637726 211:1.0 213:1.0 
-100.0 -100.0 
