svm_type c_svc
kernel_type rbf
gamma 1.0E-4
nr_class 3
total_sv 2022
rho -0.9631890391590364 -0.6546433360719448 1.4557840217024276
label 2 0 1
nr_sv 516 824 682
SV
100.0 100.0 
100.0 100.0 374:1.0 
100.0 100.0 
100.0 100.0 91:1.0 172:1.0 249:1.0 355:1.0 391:1.0 425:1.0 481:1.0 
100.0 100.0 39:1.0 
100.0 100.0 138:1.0 274:1.0 334:1.0 
100.0 100.0 
100.0 100.0 
100.0 100.0 
100.0 100.0 
100.0 100.0 
100.0 100.0 
100.0 100.0 
100.0 100.0 
100.0 100.0 
100.0 100.0 53:1.0 159:1.0 302:1.0 352:1.0 
100.0 100.0 324:1.0 
100.0 100.0 
100.0 100.0 
100.0 100.0 
100.0 100.0 
100.0 100.0 
100.0 100.0 207:1.0 
100.0 100.0 
100.0 100.0 
100.0 100.0 69:1.0 
100.0 100.0 
100.0 100.0 
100.0 100.0 275:1.0 
100.0 100.0 
100.0 100.0 
100.0 100.0 
100.0 100.0 
100.0 100.0 
100.0 100.0 
100.0 100.0 218:1.0 244:1.0 
100.0 100.0 
100.0 100.0 106:1.0 111:1.0 
100.0 100.0 
100.0 100.0 
100.0 100.0 22:1.0 38:1.0 80:1.0 216:1.0 387:1.0 416:1.0 480:1.0 
100.0 100.0 
100.0 100.0 91:1.0 172:1.0 249:1.0 355:1.0 391:1.0 425:1.0 481:1.0 
100.0 100.0 
100.0 100.0 
100.0 100.0 
100.0 100.0 12:1.0 
100.0 100.0 
100.0 100.0 
100.0 100.0 
100.0 100.0 
100.0 100.0 
100.0 100.0 274:1.0 
100.0 100.0 
100.0 100.0 
100.0 100.0 
100.0 100.0 60:1.0 
100.0 100.0 
100.0 100.0 
100.0 100.0 
100.0 100.0 126:1.0 370:1.0 
100.0 100.0 103:1.0 129:1.0 263:1.0 415:1.0 438:1.0 465:1.0 
100.0 100.0 
100.0 100.0 
100.0 100.0 
100.0 100.0 107:1.0 134:1.0 
100.0 100.0 195:1.0 
100.0 100.0 138:1.0 
100.0 100.0 
100.0 100.0 
100.0 100.0 45:1.0 91:1.0 146:1.0 249:1.0 301:1.0 340:1.0 355:1.0 391:1.0 402:1.0 423:1.0 425:1.0 458:1.0 466:1.0 481:1.0 
100.0 100.0 25:1.0 172:1.0 
100.0 100.0 
100.0 100.0 
100.0 100.0 
100.0 100.0 25:1.0 30:1.0 
100.0 100.0 
100.0 100.0 192:1.0 
100.0 100.0 
100.0 100.0 
100.0 100.0 
100.0 100.0 
100.0 100.0 
100.0 100.0 
100.0 100.0 
100.0 100.0 
100.0 100.0 
100.0 100.0 
100.0 100.0 170:1.0 
100.0 100.0 309:1.0 
100.0 100.0 107:1.0 352:1.0 
100.0 100.0 106:1.0 364:1.0 
100.0 100.0 45:1.0 91:1.0 146:1.0 249:1.0 355:1.0 391:1.0 402:1.0 423:1.0 425:1.0 458:1.0 466:1.0 481:1.0 
100.0 100.0 
100.0 100.0 364:1.0 
100.0 100.0 
100.0 100.0 
100.0 100.0 22:1.0 145:1.0 
100.0 100.0 21:1.0 
100.0 100.0 30:1.0 
100.0 100.0 
100.0 100.0 291:1.0 
100.0 100.0 
100.0 100.0 107:1.0 
100.0 100.0 
100.0 100.0 
100.0 100.0 
100.0 100.0 126:1.0 
100.0 100.0 
100.0 100.0 
100.0 100.0 
100.0 100.0 
100.0 100.0 
100.0 100.0 
100.0 100.0 
100.0 100.0 206:1.0 230:1.0 
100.0 100.0 91:1.0 
100.0 100.0 
100.0 100.0 
100.0 100.0 
100.0 100.0 
100.0 100.0 172:1.0 
100.0 100.0 
100.0 100.0 
100.0 100.0 
100.0 100.0 3:1.0 34:1.0 86:1.0 
100.0 100.0 
100.0 100.0 
100.0 100.0 
100.0 100.0 281:1.0 300:1.0 
100.0 100.0 
100.0 100.0 
100.0 100.0 67:1.0 
100.0 100.0 
100.0 100.0 
100.0 100.0 43:1.0 
100.0 100.0 
100.0 100.0 
100.0 100.0 
100.0 100.0 
100.0 100.0 
100.0 100.0 
100.0 100.0 121:1.0 152:1.0 323:1.0 403:1.0 408:1.0 462:1.0 
100.0 100.0 325:1.0 
100.0 100.0 
100.0 100.0 
100.0 100.0 
100.0 100.0 375:1.0 
100.0 100.0 
100.0 100.0 
100.0 100.0 
100.0 100.0 
100.0 100.0 
100.0 100.0 
100.0 100.0 94:1.0 352:1.0 
100.0 100.0 
100.0 100.0 
100.0 100.0 
100.0 100.0 
100.0 100.0 9:1.0 11:1.0 
100.0 100.0 236:1.0 310:1.0 
100.0 100.0 9:1.0 11:1.0 257:1.0 
100.0 100.0 259:1.0 
100.0 100.0 
100.0 100.0 25:1.0 
100.0 100.0 100:1.0 
100.0 100.0 117:1.0 118:1.0 
100.0 100.0 202:1.0 283:1.0 400:1.0 
100.0 100.0 147:1.0 161:1.0 
100.0 100.0 259:1.0 
100.0 100.0 124:1.0 222:1.0 310:1.0 
100.0 100.0 
100.0 100.0 
100.0 100.0 251:1.0 
100.0 100.0 218:1.0 
100.0 100.0 16:1.0 71:1.0 228:1.0 337:1.0 362:1.0 
100.0 100.0 207:1.0 
100.0 100.0 124:1.0 
100.0 100.0 
100.0 100.0 
100.0 100.0 
100.0 100.0 50:1.0 124:1.0 
100.0 100.0 
100.0 100.0 
100.0 100.0 
100.0 100.0 
100.0 100.0 198:1.0 249:1.0 301:1.0 355:1.0 391:1.0 
100.0 100.0 10:1.0 181:1.0 
100.0 100.0 
100.0 100.0 209:1.0 
100.0 100.0 
100.0 100.0 
100.0 100.0 
100.0 100.0 
100.0 100.0 
100.0 100.0 
100.0 100.0 233:1.0 
100.0 100.0 
100.0 100.0 307:1.0 
100.0 100.0 
100.0 100.0 
100.0 100.0 198:1.0 
100.0 100.0 
100.0 100.0 
100.0 100.0 
100.0 100.0 328:1.0 
100.0 100.0 
100.0 100.0 
100.0 100.0 
100.0 100.0 135:1.0 
100.0 100.0 352:1.0 
100.0 100.0 34:1.0 159:1.0 
100.0 100.0 
100.0 100.0 249:1.0 
100.0 100.0 
100.0 100.0 107:1.0 
100.0 100.0 170:1.0 
100.0 100.0 
100.0 100.0 200:1.0 
100.0 100.0 375:1.0 
100.0 100.0 198:1.0 
100.0 100.0 
100.0 100.0 
100.0 100.0 274:1.0 
100.0 100.0 
100.0 100.0 354:1.0 
100.0 100.0 
100.0 100.0 283:1.0 
100.0 100.0 
100.0 100.0 82:1.0 
100.0 100.0 
100.0 100.0 
100.0 100.0 180:1.0 318:1.0 
100.0 100.0 
100.0 100.0 
100.0 100.0 134:1.0 233:1.0 
100.0 100.0 195:1.0 
100.0 100.0 
100.0 100.0 91:1.0 145:1.0 146:1.0 179:1.0 418:1.0 423:1.0 432:1.0 
100.0 100.0 
100.0 100.0 
100.0 100.0 22:1.0 38:1.0 80:1.0 91:1.0 179:1.0 216:1.0 387:1.0 416:1.0 418:1.0 480:1.0 
100.0 100.0 82:1.0 243:1.0 
100.0 100.0 
100.0 100.0 
100.0 100.0 
100.0 100.0 241:1.0 249:1.0 
100.0 100.0 
100.0 100.0 243:1.0 
100.0 100.0 354:1.0 
100.0 100.0 
100.0 100.0 
100.0 100.0 
100.0 100.0 
100.0 100.0 
100.0 100.0 310:1.0 
100.0 100.0 
100.0 100.0 
100.0 100.0 
100.0 100.0 
100.0 100.0 
100.0 100.0 121:1.0 152:1.0 323:1.0 403:1.0 408:1.0 462:1.0 
100.0 100.0 
100.0 100.0 145:1.0 
100.0 100.0 
100.0 100.0 
100.0 100.0 279:1.0 
100.0 100.0 10:1.0 186:1.0 
100.0 100.0 
100.0 100.0 
100.0 100.0 
100.0 100.0 230:1.0 
100.0 100.0 19:1.0 41:1.0 86:1.0 
100.0 100.0 
100.0 100.0 
100.0 100.0 41:1.0 256:1.0 
100.0 100.0 41:1.0 
100.0 100.0 
100.0 100.0 
100.0 100.0 
100.0 100.0 
100.0 100.0 
100.0 100.0 
100.0 100.0 
100.0 100.0 354:1.0 
100.0 100.0 
100.0 100.0 
100.0 100.0 
100.0 100.0 
100.0 100.0 86:1.0 158:1.0 
100.0 100.0 16:1.0 
100.0 100.0 
100.0 100.0 
100.0 100.0 
100.0 100.0 
100.0 100.0 
100.0 100.0 362:1.0 
100.0 100.0 354:1.0 
100.0 100.0 173:1.0 
100.0 100.0 
100.0 100.0 47:1.0 352:1.0 
100.0 100.0 
100.0 100.0 
100.0 100.0 112:1.0 373:1.0 
100.0 100.0 
100.0 100.0 
100.0 100.0 34:1.0 126:1.0 159:1.0 
100.0 100.0 
100.0 100.0 
100.0 100.0 
100.0 100.0 
100.0 100.0 199:1.0 
100.0 100.0 
100.0 100.0 
100.0 100.0 
100.0 100.0 
100.0 100.0 
100.0 100.0 
100.0 100.0 274:1.0 302:1.0 
100.0 100.0 
100.0 100.0 
100.0 100.0 86:1.0 312:1.0 
100.0 100.0 348:1.0 439:1.0 
100.0 100.0 
100.0 100.0 328:1.0 
100.0 100.0 
100.0 100.0 
100.0 100.0 
100.0 100.0 277:1.0 
100.0 100.0 
100.0 100.0 103:1.0 129:1.0 263:1.0 415:1.0 438:1.0 465:1.0 
100.0 100.0 29:1.0 42:1.0 
100.0 100.0 245:1.0 
100.0 100.0 161:1.0 
100.0 100.0 
100.0 100.0 
100.0 100.0 
100.0 100.0 
100.0 100.0 134:1.0 
100.0 100.0 
100.0 100.0 352:1.0 
100.0 100.0 
100.0 100.0 
100.0 100.0 
100.0 100.0 
100.0 100.0 
100.0 100.0 
100.0 100.0 
100.0 100.0 
100.0 100.0 
100.0 100.0 
100.0 100.0 
100.0 100.0 
100.0 100.0 103:1.0 129:1.0 263:1.0 415:1.0 438:1.0 465:1.0 
100.0 100.0 
100.0 100.0 
100.0 100.0 
100.0 100.0 
100.0 100.0 
100.0 100.0 
100.0 100.0 
100.0 100.0 
100.0 100.0 
100.0 100.0 
100.0 100.0 
100.0 100.0 80:1.0 
100.0 100.0 4:1.0 
100.0 100.0 
100.0 100.0 
100.0 100.0 50:1.0 
100.0 100.0 
100.0 100.0 
100.0 100.0 
100.0 100.0 
100.0 100.0 
100.0 100.0 
100.0 100.0 
100.0 100.0 
100.0 100.0 95:1.0 202:1.0 
100.0 100.0 
100.0 100.0 
100.0 100.0 374:1.0 
100.0 100.0 69:1.0 
100.0 100.0 
100.0 100.0 196:1.0 219:1.0 
100.0 100.0 
100.0 100.0 
100.0 100.0 104:1.0 
100.0 100.0 
100.0 100.0 
100.0 100.0 
100.0 100.0 
100.0 100.0 
100.0 100.0 
100.0 100.0 
100.0 100.0 3:1.0 95:1.0 
100.0 100.0 
100.0 100.0 
100.0 100.0 
100.0 100.0 122:1.0 
100.0 100.0 
100.0 100.0 
100.0 100.0 141:1.0 
100.0 100.0 
100.0 100.0 202:1.0 283:1.0 400:1.0 
100.0 100.0 
100.0 100.0 
100.0 100.0 
100.0 100.0 
100.0 100.0 298:1.0 
100.0 100.0 
100.0 100.0 
100.0 100.0 
100.0 100.0 
100.0 100.0 4:1.0 
100.0 100.0 
100.0 100.0 
100.0 100.0 
100.0 100.0 
100.0 100.0 
100.0 100.0 
100.0 100.0 
100.0 100.0 38:1.0 259:1.0 
100.0 100.0 
100.0 100.0 
100.0 100.0 335:1.0 
100.0 100.0 
100.0 100.0 
100.0 100.0 160:1.0 347:1.0 
100.0 100.0 
100.0 100.0 
100.0 100.0 
100.0 100.0 
100.0 100.0 
100.0 100.0 70:1.0 71:1.0 187:1.0 219:1.0 351:1.0 
100.0 100.0 202:1.0 
100.0 100.0 174:1.0 340:1.0 
100.0 100.0 
100.0 100.0 42:1.0 341:1.0 
100.0 100.0 
100.0 100.0 
100.0 100.0 33:1.0 71:1.0 219:1.0 292:1.0 
100.0 100.0 
100.0 100.0 
100.0 100.0 
100.0 100.0 
100.0 100.0 
100.0 100.0 
100.0 100.0 358:1.0 
100.0 100.0 
100.0 100.0 3:1.0 203:1.0 
100.0 100.0 
100.0 100.0 
100.0 100.0 137:1.0 
100.0 100.0 12:1.0 39:1.0 170:1.0 
100.0 100.0 257:1.0 
100.0 100.0 
100.0 100.0 
100.0 100.0 
100.0 100.0 121:1.0 152:1.0 323:1.0 403:1.0 408:1.0 462:1.0 
100.0 100.0 38:1.0 80:1.0 216:1.0 308:1.0 387:1.0 416:1.0 480:1.0 
100.0 100.0 
100.0 100.0 
100.0 100.0 
100.0 100.0 
100.0 100.0 
100.0 100.0 
100.0 100.0 
100.0 100.0 53:1.0 
100.0 100.0 12:1.0 
100.0 100.0 
100.0 100.0 3:1.0 95:1.0 
100.0 100.0 
100.0 100.0 
100.0 100.0 
100.0 100.0 
100.0 100.0 
100.0 100.0 
100.0 100.0 
100.0 100.0 
100.0 100.0 
100.0 100.0 
100.0 100.0 
100.0 100.0 
100.0 100.0 228:1.0 
100.0 100.0 
100.0 100.0 
100.0 100.0 
100.0 100.0 
100.0 100.0 274:1.0 
100.0 100.0 
100.0 100.0 
100.0 100.0 
100.0 100.0 352:1.0 
100.0 100.0 
100.0 100.0 
100.0 100.0 
100.0 100.0 91:1.0 146:1.0 241:1.0 310:1.0 355:1.0 380:1.0 423:1.0 425:1.0 458:1.0 
100.0 100.0 
100.0 100.0 274:1.0 
100.0 100.0 
100.0 100.0 
100.0 100.0 10:1.0 
100.0 100.0 
100.0 100.0 188:1.0 
100.0 100.0 50:1.0 
100.0 100.0 233:1.0 
100.0 100.0 
100.0 100.0 
100.0 100.0 
100.0 100.0 53:1.0 
100.0 100.0 
100.0 100.0 16:1.0 198:1.0 
100.0 100.0 249:1.0 355:1.0 391:1.0 
100.0 100.0 
100.0 100.0 296:1.0 
-0.0 71.14930600033505 117:1.0 
-0.0 23.38080951710045 251:1.0 353:1.0 
-0.0 5.409069833404196 297:1.0 
-0.0 55.66976489665532 77:1.0 
-0.0 4.116129606008619 333:1.0 
-46.557585227433044 100.0 13:1.0 138:1.0 
-0.0 5.491812473979026 267:1.0 
-0.0 92.77992666904505 163:1.0 262:1.0 
-0.0 73.22626884019859 88:1.0 
-50.0755936435664 52.134832121401516 187:1.0 250:1.0 
-0.0 100.0 24:1.0 
-0.0 100.0 261:1.0 
-100.0 0.0 53:1.0 
-100.0 100.0 9:1.0 
-100.0 0.5575982169671505 30:1.0 207:1.0 
-0.0 66.34048755240993 322:1.0 
-0.0 1.3846397415380602 282:1.0 394:1.0 467:1.0 
-0.0 100.0 7:1.0 123:1.0 260:1.0 369:1.0 
-0.0 100.0 87:1.0 192:1.0 313:1.0 
-100.0 100.0 337:1.0 
-35.3087913595054 100.0 351:1.0 363:1.0 
-0.0 23.648077770126324 189:1.0 
-0.0 32.40523345017201 88:1.0 
-0.0 63.85076433610276 330:1.0 
-0.0 100.0 251:1.0 273:1.0 344:1.0 
-0.0 81.50978715781899 353:1.0 
-0.0 73.815049098552 58:1.0 105:1.0 
-0.0 100.0 261:1.0 
-100.0 52.52151690211794 45:1.0 73:1.0 249:1.0 402:1.0 435:1.0 
-100.0 0.0 161:1.0 
-100.0 4.653564210517725 302:1.0 
-0.0 54.1770021145193 31:1.0 168:1.0 379:1.0 417:1.0 
-0.0 100.0 2:1.0 
-100.0 100.0 186:1.0 
-0.0 55.74573375640025 90:1.0 367:1.0 
-0.0 100.0 194:1.0 299:1.0 
-0.0 100.0 26:1.0 333:1.0 
-100.0 25.039672050851227 91:1.0 145:1.0 179:1.0 257:1.0 418:1.0 432:1.0 
-100.0 100.0 122:1.0 
-100.0 100.0 257:1.0 
-0.0 100.0 265:1.0 
-100.0 2.430177165887175 53:1.0 
-25.81813692107102 73.82106982861208 198:1.0 367:1.0 
-66.98233124397767 98.6501766068537 45:1.0 73:1.0 249:1.0 338:1.0 402:1.0 435:1.0 
-49.85025149622213 69.05550418189102 206:1.0 290:1.0 
-0.0 100.0 105:1.0 
-0.0 66.3190435478982 325:1.0 
-0.0 100.0 150:1.0 
-100.0 3.9200537554235098 172:1.0 
-100.0 100.0 249:1.0 
-0.0 100.0 144:1.0 149:1.0 
-100.0 100.0 50:1.0 309:1.0 
-0.0 100.0 178:1.0 
-0.0 59.691118018560644 213:1.0 
-0.0 100.0 215:1.0 
-100.0 100.0 198:1.0 
-0.0 79.76095789832038 225:1.0 
-0.0 1.0335439401041668 195:1.0 226:1.0 
-100.0 67.95311130371466 25:1.0 54:1.0 241:1.0 
-0.0 21.81627734797478 32:1.0 
-0.0 100.0 167:1.0 267:1.0 
-0.0 87.15550367237381 182:1.0 
-100.0 100.0 47:1.0 
-0.0 84.04778212512134 164:1.0 
-0.0 0.5200089102251737 72:1.0 168:1.0 
-0.0 100.0 105:1.0 204:1.0 269:1.0 306:1.0 419:1.0 
-100.0 0.0 95:1.0 158:1.0 
-100.0 100.0 274:1.0 
-0.0 75.42041418529989 31:1.0 178:1.0 
-0.0 5.582235623782128 286:1.0 
-100.0 3.616061972038253 328:1.0 
-0.0 4.8654651902705 208:1.0 
-0.0 100.0 316:1.0 
-100.0 100.0 195:1.0 
-0.0 100.0 151:1.0 
-0.0 22.241247699020988 
-0.0 100.0 
-0.0 100.0 
-0.0 100.0 
-0.0 100.0 
-0.0 17.04011572765092 75:1.0 93:1.0 268:1.0 
-0.0 100.0 310:1.0 
-0.0 100.0 
-0.9874531364055508 1.0688074137100896 58:1.0 72:1.0 105:1.0 315:1.0 
-0.0 100.0 
-100.0 1.7262316375440379 12:1.0 121:1.0 152:1.0 323:1.0 403:1.0 408:1.0 462:1.0 
-0.0 99.98509687034277 183:1.0 
-0.0 100.0 
-0.0 100.0 120:1.0 
-0.0 100.0 251:1.0 
-0.0 100.0 36:1.0 
-0.0 100.0 
-0.0 100.0 
-0.0 100.0 
-33.0328532583417 91.85456514952556 212:1.0 335:1.0 371:1.0 
-0.0 100.0 
-0.0 100.0 
-0.0 100.0 
-0.0 100.0 
-0.0 100.0 193:1.0 
-0.0 100.0 
-32.90760517021912 0.0 5:1.0 241:1.0 319:1.0 
-0.0 100.0 19:1.0 94:1.0 148:1.0 215:1.0 
-0.0 100.0 
-0.0 100.0 
-100.0 4.322376506224076 218:1.0 
-0.0 100.0 
-0.0 100.0 
-0.0 100.0 44:1.0 97:1.0 
-100.0 0.0 126:1.0 
-0.0 100.0 
-0.0 100.0 
-0.0 100.0 76:1.0 347:1.0 
-0.0 100.0 
-100.0 63.66659088206851 354:1.0 
-0.0 100.0 
-0.0 100.0 
-100.0 0.0 161:1.0 
-0.0 36.17589678047639 191:1.0 303:1.0 311:1.0 
-0.0 100.0 
-0.0 100.0 
-0.0 100.0 
-0.0 100.0 
-0.0 81.84041230464999 32:1.0 
-0.0 100.0 
-0.0 100.0 
-0.0 100.0 
-32.908562300400746 75.1104894620435 246:1.0 303:1.0 324:1.0 
-25.863159768543937 14.424319558781688 175:1.0 234:1.0 317:1.0 334:1.0 
-0.0 0.5547225826099265 285:1.0 329:1.0 
-100.0 100.0 200:1.0 
-0.0 100.0 
-0.0 100.0 
-0.0 100.0 
-0.0 100.0 
-0.0 100.0 
-0.0 100.0 
-0.0 100.0 321:1.0 
-0.0 100.0 
-0.0 100.0 
-0.0 100.0 
-0.0 100.0 
-0.0 100.0 
-0.0 100.0 243:1.0 
-0.0 100.0 
-0.0 100.0 
-0.0 100.0 
-24.998973132827167 0.0 198:1.0 287:1.0 
-0.0 100.0 109:1.0 
-0.0 79.0103280714144 191:1.0 251:1.0 
-0.0 100.0 
-0.0 54.60497548903492 85:1.0 105:1.0 
-0.0 87.09576822689023 133:1.0 238:1.0 339:1.0 404:1.0 
-0.0 100.0 
-0.0 100.0 360:1.0 
-100.0 100.0 126:1.0 
-0.0 16.54978219881585 182:1.0 
-0.0 100.0 57:1.0 
-0.8233106644402308 31.64479092716985 35:1.0 168:1.0 379:1.0 417:1.0 
-0.0 100.0 
-0.0 100.0 
-0.0 100.0 
-0.0 100.0 
-0.0 2.2664059338654496 336:1.0 
-0.0 100.0 
-100.0 100.0 192:1.0 
-0.0 3.545604598005932 221:1.0 
-0.0 100.0 
-0.0 100.0 
-100.0 79.74577702691577 68:1.0 91:1.0 146:1.0 227:1.0 249:1.0 301:1.0 355:1.0 391:1.0 423:1.0 425:1.0 458:1.0 481:1.0 
-0.0 100.0 141:1.0 
-0.0 100.0 
-100.0 4.717975922119583 374:1.0 
-0.0 100.0 
-0.0 100.0 
-0.0 100.0 
-0.0 100.0 
-0.0 100.0 
-0.0 12.635564332333427 75:1.0 92:1.0 96:1.0 
-59.40089925009304 20.311595854453593 29:1.0 95:1.0 169:1.0 
-65.72693194827033 0.0 370:1.0 
-100.0 100.0 
-100.0 100.0 
-0.0 100.0 237:1.0 
-100.0 100.0 
-0.0 100.0 336:1.0 363:1.0 
-50.06179474884015 52.48020736108522 43:1.0 266:1.0 
-100.0 100.0 
-100.0 100.0 
-100.0 100.0 
-100.0 100.0 
-0.0 4.2644232073311485 369:1.0 
-100.0 100.0 
-100.0 100.0 
-100.0 100.0 
-100.0 100.0 
-100.0 100.0 
-100.0 100.0 
-100.0 100.0 
-100.0 100.0 
-100.0 3.524891559309505 291:1.0 
-100.0 100.0 
-100.0 100.0 
-0.0 100.0 346:1.0 
-0.0 78.21964519449344 162:1.0 
-100.0 100.0 
-0.0 0.9851229144261779 61:1.0 203:1.0 
-100.0 100.0 
-100.0 100.0 
-0.0 78.10011256874675 296:1.0 
-100.0 100.0 
-100.0 100.0 
-100.0 100.0 
-0.0 15.788330558166148 284:1.0 
-100.0 100.0 
-100.0 100.0 
-0.0 100.0 270:1.0 
-100.0 100.0 
-0.0 89.04148893417423 96:1.0 284:1.0 
-100.0 100.0 
-0.0 4.879783689616389 344:1.0 
-100.0 100.0 
-0.0 5.603176027650555 183:1.0 
-100.0 100.0 
-100.0 100.0 
-100.0 100.0 
-0.0 78.82800717110968 154:1.0 271:1.0 
-0.0 100.0 84:1.0 160:1.0 
-100.0 100.0 
-100.0 100.0 
-0.0 100.0 95:1.0 109:1.0 127:1.0 363:1.0 
-0.0 84.12535887780919 365:1.0 
-100.0 100.0 
-100.0 100.0 
-0.0 5.578729021527939 83:1.0 
-100.0 100.0 
-0.0 100.0 285:1.0 
-100.0 100.0 
-100.0 100.0 
-0.0 100.0 270:1.0 
-100.0 100.0 
-100.0 100.0 
-0.7678107804967458 11.119516475235034 17:1.0 56:1.0 78:1.0 125:1.0 231:1.0 238:1.0 272:1.0 385:1.0 407:1.0 412:1.0 426:1.0 469:1.0 476:1.0 
-100.0 100.0 
-100.0 100.0 
-100.0 100.0 
-100.0 100.0 
-100.0 100.0 
-100.0 100.0 
-100.0 100.0 138:1.0 
-100.0 100.0 
-100.0 100.0 
-100.0 100.0 
-100.0 100.0 
-100.0 100.0 
-100.0 100.0 
-100.0 100.0 
-33.41541743433904 34.58354568065048 20:1.0 247:1.0 281:1.0 
-100.0 100.0 
-100.0 100.0 
-50.227378574380246 100.0 94:1.0 153:1.0 
-0.0 100.0 75:1.0 
-0.0 100.0 114:1.0 
-100.0 100.0 
-100.0 100.0 
-100.0 100.0 243:1.0 
-100.0 100.0 
-100.0 100.0 
-100.0 100.0 
-100.0 100.0 
-100.0 100.0 
-0.0 41.69815842599127 330:1.0 
-100.0 100.0 53:1.0 
-100.0 100.0 
-100.0 100.0 
-100.0 100.0 
-0.0 8.133824757366256 65:1.0 
-100.0 0.0 95:1.0 
-0.0 28.852379009473594 8:1.0 165:1.0 371:1.0 409:1.0 
-100.0 100.0 
-0.0 100.0 190:1.0 
-0.0 100.0 226:1.0 
-100.0 100.0 
-100.0 100.0 
-100.0 100.0 
-100.0 100.0 
-100.0 100.0 198:1.0 
-100.0 100.0 
-0.0 52.89477159214607 120:1.0 161:1.0 
-100.0 100.0 
-100.0 100.0 141:1.0 
-100.0 100.0 
-100.0 100.0 
-100.0 100.0 
-100.0 100.0 
-100.0 100.0 159:1.0 
-100.0 100.0 
-100.0 100.0 
-89.1647124232013 79.29351857576154 195:1.0 
-0.0 51.031278119521616 175:1.0 287:1.0 311:1.0 
-100.0 100.0 
-0.0 66.47676919698004 339:1.0 
-100.0 100.0 
-100.0 100.0 
-100.0 100.0 
-100.0 100.0 
-0.0 100.0 368:1.0 
-100.0 100.0 
-100.0 100.0 
-100.0 100.0 
-100.0 100.0 
-100.0 100.0 
-100.0 100.0 
-0.0 100.0 131:1.0 
-100.0 100.0 
-100.0 100.0 
-100.0 100.0 
-100.0 4.621521606804627 277:1.0 
-100.0 100.0 
-100.0 100.0 
-100.0 100.0 
-0.0 91.44322020014481 225:1.0 
-100.0 100.0 
-100.0 100.0 
-100.0 100.0 
-100.0 100.0 
-100.0 100.0 
-100.0 100.0 
-100.0 100.0 
-100.0 100.0 
-100.0 100.0 
-100.0 100.0 
-100.0 100.0 
-100.0 100.0 
-0.0 2.176999266033939 27:1.0 293:1.0 
-100.0 100.0 
-100.0 100.0 
-0.0 2.4390340918841247 139:1.0 
-100.0 100.0 
-100.0 100.0 
-100.0 100.0 
-0.0 100.0 382:1.0 
-100.0 100.0 
-0.0 18.335326981944736 133:1.0 
-100.0 100.0 245:1.0 
-100.0 100.0 
-0.0 49.45801788406719 5:1.0 77:1.0 347:1.0 
-100.0 100.0 
-100.0 100.0 
-0.0 100.0 369:1.0 
-100.0 100.0 
-100.0 100.0 
-100.0 100.0 
-63.70366348280055 100.0 82:1.0 215:1.0 383:1.0 
-100.0 100.0 
-100.0 100.0 
-100.0 100.0 
-0.0 96.36201758741339 81:1.0 185:1.0 248:1.0 254:1.0 384:1.0 393:1.0 406:1.0 449:1.0 479:1.0 
-100.0 100.0 
-100.0 100.0 
-100.0 100.0 
-0.0 5.549052739203116 255:1.0 
-100.0 100.0 
-100.0 100.0 
-100.0 100.0 
-0.0 100.0 59:1.0 
-0.0 100.0 150:1.0 
-100.0 100.0 
-100.0 100.0 
-100.0 100.0 
-100.0 100.0 
-100.0 100.0 
-100.0 100.0 
-100.0 100.0 
-100.0 34.70417731050589 11:1.0 63:1.0 112:1.0 
-100.0 100.0 
-100.0 100.0 
-100.0 100.0 
-100.0 100.0 
-100.0 100.0 
-100.0 100.0 
-100.0 100.0 
-100.0 100.0 
-0.0 100.0 61:1.0 315:1.0 
-0.0 100.0 232:1.0 
-100.0 100.0 
-100.0 100.0 
-100.0 100.0 
-100.0 100.0 147:1.0 
-0.0 100.0 222:1.0 
-0.0 51.889862257663296 339:1.0 
-100.0 100.0 
-0.0 100.0 222:1.0 230:1.0 
-100.0 5.710619419153037 173:1.0 
-100.0 100.0 
-100.0 100.0 
-0.0 58.24998971669576 1:1.0 75:1.0 137:1.0 
-100.0 100.0 243:1.0 
-0.0 10.931653556291888 55:1.0 68:1.0 123:1.0 253:1.0 350:1.0 420:1.0 
-0.0 100.0 214:1.0 
-100.0 100.0 
-100.0 100.0 
-100.0 5.134422861666205 358:1.0 
-100.0 100.0 
-100.0 100.0 
-100.0 37.2748431836514 325:1.0 
-98.96877001562738 51.813513679128576 188:1.0 222:1.0 
-100.0 100.0 
-0.0 100.0 55:1.0 
-100.0 100.0 
-1.5212659929219208 79.06780253369377 257:1.0 
-100.0 100.0 
-100.0 100.0 
-100.0 100.0 
-0.0 39.241748071316714 322:1.0 
-100.0 100.0 70:1.0 362:1.0 
-0.0 100.0 101:1.0 
-100.0 100.0 
-100.0 100.0 
-0.0 56.85902585304192 332:1.0 
-100.0 100.0 
-100.0 100.0 
-0.0 100.0 177:1.0 
-100.0 100.0 
-100.0 100.0 
-100.0 100.0 
-100.0 100.0 
-100.0 100.0 
-100.0 100.0 
-100.0 100.0 
-100.0 100.0 
-100.0 100.0 
-0.0 2.6984301127943104 150:1.0 295:1.0 
-0.0 49.64524569917623 116:1.0 
-0.0 100.0 116:1.0 
-100.0 100.0 
-0.0 5.60140116745653 381:1.0 
-0.0 18.50890440667706 168:1.0 
-100.0 100.0 
-100.0 100.0 196:1.0 
-100.0 100.0 
-100.0 100.0 
-13.276259478039423 24.210605122099988 123:1.0 169:1.0 195:1.0 380:1.0 
-100.0 100.0 
-100.0 100.0 
-0.0 100.0 98:1.0 
-0.7005243157267768 0.9986343948675425 66:1.0 139:1.0 171:1.0 397:1.0 440:1.0 452:1.0 
-100.0 100.0 310:1.0 
-100.0 100.0 
-100.0 100.0 
-100.0 5.10529708630783 126:1.0 
-100.0 100.0 
-100.0 100.0 
-100.0 100.0 
-100.0 100.0 
-100.0 100.0 
-0.0 5.602228472514006 98:1.0 
-100.0 100.0 
-100.0 100.0 
-100.0 100.0 
-100.0 100.0 
-0.0 1.0159465436399375 53:1.0 200:1.0 
-0.0 34.53220143142542 204:1.0 306:1.0 419:1.0 
-0.0 0.7018026808916944 60:1.0 
-0.0 100.0 142:1.0 
-0.0 35.5900382132132 74:1.0 265:1.0 285:1.0 
-0.0 35.37692047227677 143:1.0 316:1.0 
-0.0 32.984674862543024 201:1.0 
-100.0 100.0 
-100.0 100.0 
-100.0 100.0 
-100.0 100.0 
-0.0 3.1100548135498993 67:1.0 141:1.0 
-0.0 100.0 223:1.0 
-100.0 100.0 
-0.0 5.338823370518083 115:1.0 
-0.0 12.124594190442549 56:1.0 74:1.0 231:1.0 238:1.0 272:1.0 385:1.0 426:1.0 469:1.0 
-100.0 0.0 230:1.0 
-100.0 100.0 
-100.0 100.0 
-100.0 4.3690227827601085 203:1.0 
-100.0 100.0 
-100.0 79.41454200670374 310:1.0 
-100.0 100.0 
-100.0 100.0 
-100.0 100.0 
-100.0 100.0 
-0.0 68.04578175334107 290:1.0 294:1.0 
-100.0 100.0 
-100.0 100.0 
-0.0 90.81310656099527 191:1.0 
-100.0 100.0 
-32.897667775791206 21.056843942202345 85:1.0 164:1.0 292:1.0 
-100.0 100.0 
-0.0 4.4368901697578735 260:1.0 
-100.0 100.0 
-100.0 100.0 
-100.0 100.0 
-100.0 100.0 
-100.0 100.0 
-100.0 100.0 
-0.0 100.0 23:1.0 
-100.0 100.0 
-100.0 100.0 
-24.364682373012666 1.4472630473664876 165:1.0 198:1.0 
-100.0 100.0 
-100.0 100.0 
-100.0 100.0 
-100.0 100.0 
-100.0 100.0 
-100.0 100.0 
-100.0 100.0 
-100.0 100.0 
-0.0 5.358717720877934 177:1.0 
-100.0 100.0 
-100.0 100.0 
-100.0 100.0 
-0.0 100.0 204:1.0 
-100.0 100.0 
-100.0 100.0 
-100.0 100.0 
-100.0 100.0 
-100.0 100.0 
-100.0 100.0 
-100.0 100.0 
-100.0 100.0 
-100.0 100.0 
-100.0 100.0 
-100.0 100.0 
-100.0 100.0 
-0.0 100.0 85:1.0 311:1.0 
-100.0 100.0 
-100.0 100.0 
-0.0 100.0 140:1.0 
-100.0 100.0 
-100.0 100.0 
-0.0 100.0 132:1.0 
-100.0 100.0 
-100.0 3.5247324845066577 111:1.0 
-100.0 100.0 
-100.0 100.0 
-100.0 100.0 
-100.0 100.0 
-100.0 100.0 
-0.0 100.0 293:1.0 
-100.0 100.0 
-0.0 100.0 51:1.0 
-99.99254843517139 100.0 279:1.0 310:1.0 
-100.0 100.0 
-100.0 100.0 
-100.0 100.0 
-100.0 100.0 
-100.0 100.0 
-100.0 100.0 
-100.0 100.0 
-0.0 6.9016039061438725 258:1.0 
-0.0 2.6962790059973023 89:1.0 
-100.0 100.0 
-100.0 100.0 
-100.0 100.0 
-100.0 100.0 
-0.0 81.2381731881943 93:1.0 189:1.0 
-100.0 100.0 
-100.0 100.0 
-100.0 100.0 
-100.0 66.00199084276325 207:1.0 
-100.0 100.0 
-100.0 100.0 
-100.0 100.0 
-100.0 4.910694618015964 181:1.0 
-100.0 0.0 160:1.0 
-100.0 100.0 
-100.0 100.0 
-0.0 100.0 54:1.0 
-0.0 100.0 168:1.0 379:1.0 417:1.0 
-100.0 100.0 
-100.0 100.0 
-0.0 98.13177748843317 258:1.0 
-100.0 100.0 
-100.0 5.382866985321236 318:1.0 
-0.0 100.0 62:1.0 
-0.0 2.2593654803331025 109:1.0 158:1.0 
-0.0 100.0 120:1.0 
-100.0 100.0 
-0.0 4.865465190229921 59:1.0 
-100.0 100.0 
-100.0 100.0 
-100.0 100.0 
-100.0 100.0 
-2.0790760056455815 5.428053506609828 275:1.0 
-9.782088062042138 12.613956600715479 49:1.0 166:1.0 180:1.0 229:1.0 252:1.0 361:1.0 399:1.0 443:1.0 478:1.0 
-0.0 56.17644331731214 116:1.0 
-0.0 72.17544901264061 201:1.0 
-0.823367678106733 48.713338692949634 55:1.0 154:1.0 253:1.0 420:1.0 
-100.0 100.0 
-1.8448935477827202 3.9622342594056743 199:1.0 
-100.0 100.0 
-0.0 39.48675818803908 207:1.0 
-100.0 100.0 
-100.0 100.0 
-50.36092620933911 0.0 68:1.0 145:1.0 179:1.0 432:1.0 
-100.0 100.0 
-0.0 100.0 72:1.0 109:1.0 214:1.0 
-59.977453968363356 0.0 1:1.0 33:1.0 137:1.0 
-100.0 100.0 
-100.0 100.0 
-100.0 100.0 
-0.0 100.0 102:1.0 266:1.0 371:1.0 
-100.0 100.0 
-100.0 100.0 
-100.0 100.0 
-0.0 100.0 157:1.0 
-0.0 3.2297780888641086 36:1.0 
-100.0 100.0 
-100.0 5.66130854971952 312:1.0 
-100.0 100.0 
-100.0 100.0 
-0.0 100.0 242:1.0 327:1.0 
-100.0 100.0 
-100.0 100.0 
-0.0 100.0 329:1.0 
-0.0 68.45648773818769 285:1.0 
-100.0 100.0 256:1.0 
-100.0 5.435313952987462 230:1.0 
-100.0 100.0 
-100.0 100.0 
-100.0 100.0 
-100.0 100.0 
-0.0 5.0738478298974865 48:1.0 
-0.0 3.4379472893573064 101:1.0 
-100.0 100.0 259:1.0 347:1.0 
-100.0 100.0 
-100.0 100.0 
-100.0 100.0 
-100.0 100.0 
-100.0 100.0 
-100.0 100.0 
-100.0 100.0 
-0.0 100.0 368:1.0 
-0.0 5.677977501968167 223:1.0 
-100.0 100.0 
-100.0 100.0 
-0.0 34.7270391029129 14:1.0 143:1.0 
-100.0 100.0 
-100.0 100.0 
-100.0 100.0 
-100.0 100.0 
-0.0 100.0 377:1.0 378:1.0 
-100.0 100.0 
-100.0 100.0 
-100.0 100.0 
-100.0 100.0 
-100.0 100.0 
-100.0 100.0 198:1.0 
-100.0 100.0 
-0.0 100.0 294:1.0 
-100.0 100.0 
-100.0 100.0 
-100.0 100.0 
-100.0 100.0 
-100.0 100.0 
-100.0 100.0 
-0.0 100.0 97:1.0 310:1.0 
-100.0 100.0 
-100.0 100.0 
-100.0 100.0 
-100.0 100.0 
-100.0 100.0 
-0.0 5.905771370952166 237:1.0 
-100.0 100.0 
-100.0 100.0 
-100.0 100.0 
-100.0 100.0 
-100.0 100.0 
-100.0 100.0 
-100.0 100.0 
-100.0 100.0 
-100.0 100.0 
-100.0 100.0 
-100.0 73.67041800062722 249:1.0 
-100.0 100.0 
-0.0 100.0 369:1.0 
-100.0 100.0 
-100.0 100.0 
-100.0 100.0 
-100.0 100.0 67:1.0 
-100.0 100.0 
-100.0 100.0 
-0.0 4.74184334323488 205:1.0 
-100.0 100.0 
-100.0 100.0 
-100.0 100.0 
-100.0 100.0 
-100.0 100.0 
-100.0 100.0 
-100.0 100.0 
-100.0 100.0 
-100.0 100.0 
-100.0 100.0 
-100.0 100.0 
-100.0 100.0 
-99.25335903242801 100.0 236:1.0 275:1.0 
-34.544327505306896 15.54249351982141 74:1.0 269:1.0 370:1.0 373:1.0 
-100.0 100.0 
-100.0 100.0 
-100.0 100.0 
-100.0 100.0 
-100.0 100.0 
-19.261838320292764 2.162716988028788 33:1.0 157:1.0 
-100.0 32.93824931541771 117:1.0 
-0.0 4.878665496207573 382:1.0 
-100.0 100.0 
-100.0 100.0 
-100.0 100.0 
-100.0 100.0 
-100.0 100.0 
-0.0 93.59894297344658 350:1.0 
-100.0 100.0 
-100.0 100.0 69:1.0 
-100.0 100.0 
-0.0 3.247778908670334 242:1.0 
-100.0 100.0 
-100.0 100.0 
-100.0 100.0 
-100.0 100.0 
-100.0 100.0 
-100.0 0.0 199:1.0 354:1.0 
-0.0 43.7317719897892 213:1.0 
-100.0 100.0 
-0.0 0.9225111138955389 331:1.0 
-0.0 5.489155800808756 193:1.0 
-100.0 100.0 
-1.8555887928796708 100.0 222:1.0 
-100.0 100.0 
-100.0 100.0 
-100.0 100.0 
-0.0 100.0 235:1.0 
-100.0 100.0 
-100.0 100.0 
-100.0 100.0 
-100.0 100.0 
-100.0 100.0 
-100.0 100.0 
-100.0 100.0 
-100.0 100.0 
-100.0 100.0 
-100.0 100.0 
-100.0 100.0 
-41.178713181971 100.0 27:1.0 136:1.0 228:1.0 289:1.0 401:1.0 
-0.0 42.882756700822576 246:1.0 359:1.0 431:1.0 
-100.0 100.0 
-0.0 53.10421290617237 6:1.0 210:1.0 
-100.0 100.0 
-0.0 100.0 369:1.0 
-100.0 100.0 
-4.13921787518203 0.0 49:1.0 127:1.0 166:1.0 180:1.0 252:1.0 288:1.0 314:1.0 392:1.0 424:1.0 433:1.0 441:1.0 443:1.0 454:1.0 459:1.0 463:1.0 473:1.0 
-100.0 100.0 
-100.0 100.0 
-100.0 100.0 
-100.0 100.0 
-100.0 100.0 
-100.0 4.879783689698001 106:1.0 
-100.0 25.077677175713298 296:1.0 
-0.8527608140501757 5.269140687010889 81:1.0 185:1.0 248:1.0 254:1.0 384:1.0 393:1.0 406:1.0 449:1.0 479:1.0 
-0.0 2.8654677667589716 331:1.0 
-100.0 100.0 
-100.0 100.0 
-100.0 100.0 
-100.0 100.0 
-0.0 2.9218001512777896 89:1.0 
-100.0 100.0 
-100.0 100.0 
-71.72260047982208 100.0 251:1.0 
-100.0 40.41973246459365 354:1.0 
-100.0 100.0 
-100.0 100.0 
-0.0 47.994795617836445 332:1.0 
-100.0 100.0 
-0.0 100.0 52:1.0 156:1.0 444:1.0 
-0.0 21.047802640216695 90:1.0 365:1.0 376:1.0 
-100.0 100.0 
-0.0 100.0 346:1.0 
-100.0 100.0 
-100.0 100.0 
-0.8941551829444141 1.4273875463725203 110:1.0 155:1.0 239:1.0 264:1.0 278:1.0 357:1.0 372:1.0 386:1.0 395:1.0 413:1.0 422:1.0 436:1.0 442:1.0 446:1.0 448:1.0 450:1.0 475:1.0 477:1.0 
-100.0 100.0 
-100.0 100.0 
-100.0 100.0 
-100.0 100.0 
-100.0 100.0 
-0.0 53.15388756465177 108:1.0 128:1.0 
-100.0 100.0 
-0.0 34.11513168208921 225:1.0 
-0.0 2.872453720564664 336:1.0 
-100.0 100.0 
-100.0 100.0 
-100.0 100.0 
-100.0 100.0 
-100.0 100.0 
-100.0 100.0 
-100.0 3.071332338270018 60:1.0 
-100.0 25.67845190655107 310:1.0 
-100.0 100.0 
-100.0 100.0 
-100.0 100.0 
-100.0 100.0 
-100.0 0.0 19:1.0 
-100.0 100.0 
-100.0 100.0 
-100.0 100.0 
-3.909159355468152 100.0 
-30.20968424442609 97.80978870377966 65:1.0 251:1.0 351:1.0 
-0.0 26.29895728411857 162:1.0 
-6.935324546053143 19.90213633498042 95:1.0 138:1.0 163:1.0 184:1.0 383:1.0 
-0.0 100.0 
-0.0 100.0 
-0.0 100.0 
-50.070530846229644 0.0 354:1.0 369:1.0 
-0.0 100.0 
-0.0 100.0 
-100.0 4.549249986599737 42:1.0 
-0.0 100.0 
-0.0 100.0 
-0.0 100.0 
-100.0 -100.0 
-100.0 -100.0 
-100.0 -100.0 
-100.0 -100.0 
-100.0 -100.0 38:1.0 
-100.0 -100.0 
-100.0 -100.0 
-0.0 -100.0 120:1.0 
-100.0 -100.0 29:1.0 
-100.0 -100.0 
-100.0 -100.0 
-100.0 -100.0 
-100.0 -100.0 340:1.0 
-100.0 -100.0 
-100.0 -100.0 
-100.0 -100.0 
-100.0 -100.0 82:1.0 
-100.0 -100.0 
-100.0 -100.0 228:1.0 275:1.0 
-100.0 -100.0 
-0.0 -100.0 305:1.0 
-100.0 -100.0 
-41.70393157162083 -100.0 178:1.0 
-0.0 -100.0 363:1.0 
-100.0 -100.0 41:1.0 
-100.0 -100.0 
-0.0 -100.0 75:1.0 
-100.0 -100.0 
-100.0 -100.0 
-0.0 -100.0 64:1.0 217:1.0 220:1.0 390:1.0 434:1.0 471:1.0 
-100.0 -100.0 
-100.0 -100.0 
-0.0 -100.0 144:1.0 
-100.0 -100.0 
-100.0 -100.0 
-100.0 -100.0 192:1.0 
-100.0 -100.0 
-100.0 -100.0 
-100.0 -100.0 
-100.0 -100.0 
-100.0 -100.0 
-43.13869004067472 -100.0 382:1.0 
-69.23410924121964 -100.0 116:1.0 198:1.0 
-100.0 -100.0 
-26.300993517367655 -100.0 273:1.0 
-0.0 -100.0 299:1.0 
-100.0 -100.0 
-100.0 -100.0 
-100.0 -100.0 
-0.0 -100.0 136:1.0 289:1.0 401:1.0 
-100.0 -100.0 
-0.0 -100.0 13:1.0 141:1.0 
-100.0 -100.0 
-100.0 -100.0 
-100.0 -100.0 43:1.0 
-100.0 -100.0 
-100.0 -100.0 159:1.0 352:1.0 
-0.0 -100.0 305:1.0 
-100.0 -100.0 
-100.0 -100.0 
-100.0 -100.0 
-0.0 -100.0 311:1.0 
-100.0 -100.0 
-19.36028669568932 -100.0 77:1.0 307:1.0 
-100.0 -100.0 
-100.0 -100.0 
-100.0 -100.0 
-0.0 -100.0 211:1.0 363:1.0 
-100.0 -100.0 
-100.0 -100.0 
-100.0 -100.0 
-20.320051129328533 -100.0 90:1.0 365:1.0 
-0.0 -100.0 87:1.0 192:1.0 
-100.0 -100.0 
-100.0 -100.0 
-100.0 -100.0 
-39.315326190805195 -100.0 367:1.0 
-100.0 -100.0 
-100.0 -100.0 
-100.0 -100.0 
-0.0 -100.0 26:1.0 
-0.0 -100.0 211:1.0 332:1.0 
-0.0 -100.0 79:1.0 262:1.0 
-20.270206980037724 -100.0 327:1.0 351:1.0 
-100.0 -100.0 
-100.0 -100.0 
-0.0 -100.0 349:1.0 
-100.0 -100.0 
-40.66668919578039 -100.0 347:1.0 
-0.0 -100.0 270:1.0 
-100.0 -100.0 
-100.0 -100.0 
-100.0 -100.0 
-0.0 -100.0 222:1.0 
-100.0 -100.0 
-100.0 -100.0 23:1.0 25:1.0 
-0.0 -100.0 54:1.0 
-0.0 -100.0 114:1.0 265:1.0 
-42.9679087059484 -100.0 227:1.0 
-100.0 -100.0 
-100.0 -100.0 
-0.0 -100.0 65:1.0 271:1.0 350:1.0 
-0.0 -100.0 44:1.0 105:1.0 204:1.0 
-100.0 -100.0 
-69.21810028287315 -100.0 258:1.0 308:1.0 
-100.0 -100.0 
-39.8873574974514 -100.0 242:1.0 
-40.68878708612827 -100.0 96:1.0 
-100.0 -100.0 
-100.0 -100.0 
-100.0 -100.0 
-100.0 -100.0 
-100.0 -100.0 
-41.89101803199723 -100.0 51:1.0 
-34.50127474765496 -100.0 105:1.0 201:1.0 230:1.0 235:1.0 304:1.0 
-100.0 -100.0 
-100.0 -100.0 
-100.0 -100.0 
-100.0 -100.0 
-0.0 -100.0 93:1.0 215:1.0 
-50.0 -100.0 251:1.0 
-100.0 -100.0 347:1.0 
-0.0 -100.0 153:1.0 363:1.0 
-40.64418257878749 -100.0 59:1.0 
-100.0 -100.0 
-100.0 -100.0 195:1.0 380:1.0 
-100.0 -100.0 
-100.0 -100.0 
-100.0 -100.0 
-100.0 -100.0 
-100.0 -100.0 
-100.0 -100.0 
-100.0 -100.0 138:1.0 
-100.0 -100.0 
-100.0 -100.0 
-100.0 -100.0 
-40.649886843210254 -100.0 338:1.0 
-100.0 -100.0 
-0.0 -100.0 222:1.0 
-100.0 -100.0 
-100.0 -100.0 
-100.0 -100.0 
-100.0 -100.0 
-100.0 -100.0 55:1.0 253:1.0 352:1.0 420:1.0 
-100.0 -100.0 
-100.0 -100.0 
-100.0 -100.0 354:1.0 
-100.0 -100.0 
-6.390658947258588 -100.0 24:1.0 
-0.0 -100.0 55:1.0 
-0.0 -100.0 349:1.0 
-0.0 -100.0 52:1.0 156:1.0 240:1.0 342:1.0 388:1.0 421:1.0 444:1.0 460:1.0 472:1.0 
-0.0 -100.0 167:1.0 251:1.0 
-100.0 -100.0 
-40.80604928178144 -100.0 97:1.0 
-0.0 -100.0 224:1.0 
-100.0 -100.0 
-0.0 -100.0 246:1.0 
-100.0 -100.0 
-100.0 -100.0 
-100.0 -100.0 
-100.0 -100.0 
-100.0 -100.0 
-100.0 -100.0 
-41.0090208915733 -100.0 267:1.0 
-41.75614198434032 -100.0 225:1.0 
-100.0 -100.0 
-13.380657601770526 -100.0 36:1.0 128:1.0 272:1.0 
-100.0 -100.0 
-100.0 -100.0 
-69.85203998048449 -100.0 67:1.0 266:1.0 
-69.84628526511611 -100.0 44:1.0 324:1.0 
-100.0 -100.0 
-100.0 -100.0 
-100.0 -100.0 45:1.0 249:1.0 402:1.0 
-41.028004504604766 -100.0 189:1.0 
-100.0 -100.0 310:1.0 
-100.0 -100.0 
-100.0 -100.0 
-42.96790870595529 -100.0 326:1.0 
-100.0 -100.0 
-0.0 -100.0 23:1.0 330:1.0 
-100.0 -100.0 
-100.0 -100.0 351:1.0 
-100.0 -100.0 233:1.0 
-0.0 -100.0 84:1.0 
-0.0 -100.0 148:1.0 244:1.0 
-100.0 -100.0 
-0.0 -100.0 76:1.0 310:1.0 
-100.0 -100.0 
-100.0 -100.0 245:1.0 
-100.0 -100.0 
-100.0 -100.0 
-100.0 -100.0 
-0.0 -100.0 311:1.0 
-100.0 -100.0 2:1.0 71:1.0 
-100.0 -100.0 
-100.0 -100.0 
-0.0 -100.0 298:1.0 
-100.0 -100.0 
-100.0 -100.0 
-100.0 -100.0 236:1.0 
-0.0 -100.0 168:1.0 379:1.0 417:1.0 
-100.0 -100.0 222:1.0 233:1.0 353:1.0 362:1.0 
-0.0 -100.0 120:1.0 
-100.0 -100.0 
-100.0 -100.0 
-42.96790870595529 -100.0 85:1.0 
-100.0 -100.0 
-99.64236069056831 -100.0 137:1.0 243:1.0 
-100.0 -100.0 
-100.0 -100.0 
-27.938121953229036 -100.0 215:1.0 373:1.0 383:1.0 
-100.0 -100.0 
-100.0 -100.0 
-70.10836922401532 -100.0 119:1.0 209:1.0 
-100.0 -100.0 
-100.0 -100.0 202:1.0 283:1.0 400:1.0 
-41.70979412907878 -100.0 211:1.0 
-0.0 -100.0 26:1.0 256:1.0 272:1.0 369:1.0 371:1.0 
-42.359191118563274 -100.0 300:1.0 
-100.0 -100.0 
-100.0 -100.0 
-19.75890817885052 -100.0 79:1.0 262:1.0 
-0.0 -100.0 151:1.0 
-100.0 -100.0 
-100.0 -100.0 
-100.0 -100.0 
-100.0 -100.0 
-100.0 -100.0 
-100.0 -100.0 
-100.0 -100.0 
-100.0 -100.0 
-100.0 -100.0 100:1.0 
-9.309312645973286 -100.0 15:1.0 
-100.0 -100.0 
-100.0 -100.0 
-100.0 -100.0 257:1.0 
-100.0 -100.0 
-100.0 -100.0 
-100.0 -100.0 
-100.0 -100.0 
-0.0 -100.0 225:1.0 294:1.0 
-0.0 -100.0 135:1.0 150:1.0 
-100.0 -100.0 
-100.0 -100.0 
-100.0 -100.0 
-100.0 -100.0 
-100.0 -100.0 
-0.0 -100.0 119:1.0 
-100.0 -100.0 
-100.0 -100.0 
-42.38899737787051 -100.0 265:1.0 
-46.9313257695699 -100.0 206:1.0 222:1.0 371:1.0 
-100.0 -100.0 
-100.0 -100.0 
-100.0 -100.0 
-100.0 -100.0 
-100.0 -100.0 
-35.390867192963775 -100.0 82:1.0 105:1.0 244:1.0 
-0.0 -100.0 363:1.0 
-50.0 -100.0 243:1.0 
-100.0 -100.0 
-92.1890100965912 -100.0 251:1.0 
-100.0 -100.0 
-100.0 -100.0 
-100.0 -100.0 
-47.4559806237057 -100.0 118:1.0 271:1.0 279:1.0 
-100.0 -100.0 
-41.74016421609593 -100.0 26:1.0 
-100.0 -100.0 
-41.737932492119725 -100.0 226:1.0 
-0.0 -100.0 273:1.0 293:1.0 
-100.0 -100.0 
-100.0 -100.0 11:1.0 
-100.0 -100.0 
-100.0 -100.0 
-100.0 -100.0 
-100.0 -100.0 
-100.0 -100.0 
-100.0 -100.0 
-100.0 -100.0 
-100.0 -100.0 
-41.737070296151806 -100.0 102:1.0 
-100.0 -100.0 
-100.0 -100.0 307:1.0 
-0.0 -100.0 64:1.0 217:1.0 220:1.0 390:1.0 434:1.0 471:1.0 
-100.0 -100.0 
-41.73624925783068 -100.0 84:1.0 
-100.0 -100.0 
-0.0 -100.0 276:1.0 
-100.0 -100.0 
-0.0 -100.0 336:1.0 369:1.0 
-100.0 -100.0 
-100.0 -100.0 
-100.0 -100.0 
-100.0 -100.0 22:1.0 118:1.0 
-100.0 -100.0 
-100.0 -100.0 
-41.73601715556733 -100.0 32:1.0 
-7.580059320959413 -100.0 64:1.0 217:1.0 220:1.0 390:1.0 434:1.0 471:1.0 
-100.0 -100.0 
-19.792023672279015 -100.0 29:1.0 88:1.0 
-0.0 -100.0 369:1.0 
-100.0 -100.0 
-100.0 -100.0 
-100.0 -100.0 
-100.0 -100.0 
-41.735428137919584 -100.0 14:1.0 
-100.0 -100.0 
-100.0 -100.0 135:1.0 
-100.0 -100.0 
-100.0 -100.0 
-100.0 -100.0 
-0.0 -100.0 363:1.0 
-100.0 -100.0 259:1.0 
-100.0 -100.0 325:1.0 
-41.73460693642741 -100.0 120:1.0 
-100.0 -100.0 
-0.0 -100.0 243:1.0 315:1.0 
-5.219497501134778 -100.0 52:1.0 156:1.0 204:1.0 306:1.0 419:1.0 444:1.0 
-41.73378565332751 -100.0 148:1.0 
-41.732923543017954 -100.0 27:1.0 
-100.0 -100.0 
-100.0 -100.0 
-100.0 -100.0 
-100.0 -100.0 
-100.0 -100.0 
-41.70393157163427 -100.0 311:1.0 
-0.0 -100.0 15:1.0 102:1.0 
-0.0 -100.0 31:1.0 178:1.0 
-100.0 -100.0 
-41.70393157162538 -100.0 123:1.0 
-0.0 -100.0 62:1.0 113:1.0 
-100.0 -100.0 
-100.0 -100.0 
-100.0 -100.0 
-0.0 -100.0 28:1.0 40:1.0 99:1.0 130:1.0 176:1.0 197:1.0 273:1.0 320:1.0 343:1.0 366:1.0 389:1.0 398:1.0 405:1.0 410:1.0 411:1.0 414:1.0 427:1.0 428:1.0 445:1.0 447:1.0 451:1.0 455:1.0 457:1.0 464:1.0 468:1.0 470:1.0 474:1.0 
-100.0 -100.0 
-0.0 -100.0 251:1.0 273:1.0 344:1.0 
-41.29635337057916 -100.0 232:1.0 
-100.0 -100.0 
-100.0 -100.0 
-100.0 -100.0 
-41.233002160878186 -100.0 140:1.0 
-100.0 -100.0 
-100.0 -100.0 
-100.0 -100.0 
-100.0 -100.0 
-100.0 -100.0 39:1.0 142:1.0 
-100.0 -100.0 
-100.0 -100.0 
-0.0 -100.0 214:1.0 
-41.23300216087708 -100.0 131:1.0 
-40.690687354026714 -100.0 299:1.0 
-100.0 -100.0 45:1.0 249:1.0 402:1.0 
-40.688787086132564 -100.0 61:1.0 
-100.0 -100.0 
-100.0 -100.0 
-100.0 -100.0 300:1.0 
-100.0 -100.0 352:1.0 
-13.827940136195618 -100.0 168:1.0 379:1.0 417:1.0 
-0.0 -100.0 276:1.0 
-100.0 -100.0 
-100.0 -100.0 
-100.0 -100.0 
-100.0 -100.0 
-0.0 -100.0 184:1.0 
-100.0 -100.0 
-100.0 -100.0 310:1.0 
-100.0 -100.0 259:1.0 274:1.0 364:1.0 
-100.0 -100.0 
-100.0 -100.0 69:1.0 
-0.0 -100.0 7:1.0 
-0.0 -100.0 23:1.0 100:1.0 
-0.0 -100.0 5:1.0 44:1.0 57:1.0 204:1.0 
-100.0 -100.0 
-69.75760730639853 -100.0 150:1.0 259:1.0 
-44.461461406203746 -100.0 138:1.0 
-100.0 -100.0 
-0.0 -100.0 57:1.0 251:1.0 
-100.0 -100.0 
-100.0 -100.0 
-100.0 -100.0 
-0.0 -100.0 280:1.0 
-100.0 -100.0 
-40.68878708612812 -100.0 114:1.0 
-100.0 -100.0 
-100.0 -100.0 
-100.0 -100.0 
-100.0 -100.0 249:1.0 368:1.0 
-20.075003144936034 -100.0 157:1.0 162:1.0 
-100.0 -100.0 
-100.0 -100.0 
-100.0 -100.0 
-100.0 -100.0 
-100.0 -100.0 
-100.0 -100.0 
-100.0 -100.0 
-100.0 -100.0 
-40.651786066123165 -100.0 329:1.0 
-100.0 -100.0 
-100.0 -100.0 
-100.0 -100.0 145:1.0 174:1.0 191:1.0 
-100.0 -100.0 
-42.019619377717135 -100.0 153:1.0 
-0.0 -100.0 363:1.0 
-0.0 -100.0 28:1.0 40:1.0 99:1.0 107:1.0 130:1.0 176:1.0 197:1.0 273:1.0 320:1.0 343:1.0 366:1.0 389:1.0 398:1.0 405:1.0 410:1.0 411:1.0 414:1.0 427:1.0 428:1.0 445:1.0 447:1.0 451:1.0 455:1.0 457:1.0 464:1.0 468:1.0 470:1.0 474:1.0 
-100.0 -100.0 
-0.0 -100.0 285:1.0 
-8.871489937061728 -100.0 133:1.0 238:1.0 284:1.0 339:1.0 404:1.0 
-100.0 -100.0 
-100.0 -100.0 
-100.0 -100.0 
-100.0 -100.0 
-70.29234693084668 -100.0 21:1.0 276:1.0 
-100.0 -100.0 
-100.0 -100.0 
-0.0 -100.0 70:1.0 
-100.0 -100.0 47:1.0 
-100.0 -100.0 
-100.0 -100.0 
-100.0 -100.0 
-100.0 -100.0 
-50.0 -100.0 298:1.0 
-31.81721891505517 -100.0 109:1.0 147:1.0 289:1.0 
-100.0 -100.0 
-42.12939757798006 -100.0 70:1.0 
-100.0 -100.0 
-100.0 -100.0 
-100.0 -100.0 
-100.0 -100.0 
-39.94548765333305 -100.0 224:1.0 
-100.0 -100.0 
-100.0 -100.0 
-19.905435622360436 -100.0 195:1.0 368:1.0 
-100.0 -100.0 
-42.6112025008294 -100.0 294:1.0 
-100.0 -100.0 
-100.0 -100.0 292:1.0 
-100.0 -100.0 
-100.0 -100.0 310:1.0 
-100.0 -100.0 
-100.0 -100.0 
-100.0 -100.0 
-100.0 -100.0 
-6.163474909941237 -100.0 235:1.0 
-100.0 -100.0 
-100.0 -100.0 50:1.0 280:1.0 
-41.3363859360755 -100.0 290:1.0 
-40.60208803841205 -100.0 87:1.0 
-90.41127512740883 -100.0 298:1.0 
-100.0 -100.0 
-100.0 -100.0 
-100.0 -100.0 
-100.0 -100.0 
-100.0 -100.0 
-100.0 -100.0 
-100.0 -100.0 
-100.0 -100.0 
-0.0 -100.0 215:1.0 341:1.0 
-40.0950887575753 -100.0 37:1.0 
-0.0 -100.0 346:1.0 
-100.0 -100.0 
-100.0 -100.0 
-100.0 -100.0 198:1.0 
-100.0 -100.0 
-0.0 -100.0 371:1.0 
-100.0 -100.0 
-0.0 -100.0 52:1.0 156:1.0 240:1.0 342:1.0 388:1.0 421:1.0 444:1.0 460:1.0 472:1.0 
-100.0 -100.0 
-0.0 -100.0 190:1.0 
-100.0 -100.0 
-3.3267028562518433 -100.0 52:1.0 156:1.0 240:1.0 342:1.0 388:1.0 421:1.0 444:1.0 460:1.0 472:1.0 
-100.0 -100.0 
-100.0 -100.0 310:1.0 
-0.0 -100.0 378:1.0 
-100.0 -100.0 
-100.0 -100.0 117:1.0 
-100.0 -100.0 
-100.0 -100.0 
-100.0 -100.0 
-40.08653161034879 -100.0 182:1.0 
-0.0 -100.0 261:1.0 
-100.0 -100.0 
-100.0 -100.0 
-100.0 -100.0 
-100.0 -100.0 
-100.0 -100.0 
-100.0 -100.0 
-100.0 -100.0 
-100.0 -100.0 
-100.0 -100.0 
-100.0 -100.0 
-41.00580595265519 -100.0 75:1.0 
-100.0 -100.0 
-100.0 -100.0 
-0.0 -100.0 136:1.0 289:1.0 401:1.0 
-100.0 -100.0 
-100.0 -100.0 164:1.0 196:1.0 219:1.0 316:1.0 
-100.0 -100.0 
-56.906476522766155 -100.0 215:1.0 341:1.0 
-39.89590106325211 -100.0 378:1.0 
-100.0 -100.0 53:1.0 346:1.0 
-100.0 -100.0 
-100.0 -100.0 70:1.0 
-100.0 -100.0 
-41.1497474774474 -100.0 193:1.0 
-100.0 -100.0 
-0.0 -100.0 105:1.0 304:1.0 
-100.0 -100.0 202:1.0 
-100.0 -100.0 
-100.0 -100.0 
-100.0 -100.0 122:1.0 
-100.0 -100.0 
-0.0 -100.0 363:1.0 
-100.0 -100.0 
-41.00580595265675 -100.0 369:1.0 
-0.0 -100.0 363:1.0 
-100.0 -100.0 45:1.0 91:1.0 146:1.0 249:1.0 355:1.0 391:1.0 402:1.0 423:1.0 425:1.0 458:1.0 466:1.0 481:1.0 
-44.6545372001475 -100.0 104:1.0 
-0.0 -100.0 72:1.0 97:1.0 109:1.0 339:1.0 
-100.0 -100.0 309:1.0 
-100.0 -100.0 
-100.0 -100.0 
-100.0 -100.0 
-100.0 -100.0 
-100.0 -100.0 126:1.0 
-0.0 -100.0 2:1.0 327:1.0 
-69.90543562235881 -100.0 174:1.0 187:1.0 
-100.0 -100.0 
-39.708497618655976 -100.0 132:1.0 
-5.069000472563508 -100.0 81:1.0 185:1.0 248:1.0 254:1.0 384:1.0 393:1.0 406:1.0 449:1.0 479:1.0 
-100.0 -100.0 
-100.0 -100.0 
-40.659789861091895 -100.0 7:1.0 
-100.0 -100.0 
-100.0 -100.0 
-100.0 -100.0 
-100.0 -100.0 
-100.0 -100.0 
-100.0 -100.0 
-100.0 -100.0 
-100.0 -100.0 
-100.0 -100.0 
-100.0 -100.0 141:1.0 
-100.0 -100.0 
-100.0 -100.0 
-100.0 -100.0 
-100.0 -100.0 
-100.0 -100.0 
-100.0 -100.0 
-41.02800450460833 -100.0 322:1.0 
-41.336385936077235 -100.0 214:1.0 
-100.0 -100.0 
-100.0 -100.0 
-41.004815146369104 -100.0 190:1.0 
-100.0 -100.0 375:1.0 
-100.0 -100.0 
-100.0 -100.0 
-10.054512346666945 -100.0 289:1.0 
-100.0 -100.0 
-100.0 -100.0 
-100.0 -100.0 
-100.0 -100.0 
-100.0 -100.0 
-100.0 -100.0 
-100.0 -100.0 180:1.0 
-100.0 -100.0 
-100.0 -100.0 
-41.00481514636699 -100.0 363:1.0 
-42.967908705955296 -100.0 98:1.0 
-0.0 -100.0 321:1.0 
-100.0 -100.0 
-42.419940679040586 -100.0 260:1.0 
-100.0 -100.0 
-42.418649137155924 -100.0 177:1.0 
-91.42547292548537 -100.0 243:1.0 
-41.06794021494977 -100.0 210:1.0 
-100.0 -100.0 
-100.0 -100.0 
-41.128510062938275 -100.0 13:1.0 
-100.0 -100.0 
-100.0 -100.0 
-100.0 -100.0 
-100.0 -100.0 
-100.0 -100.0 
-40.806049281785434 -100.0 246:1.0 
-70.27662267956518 -100.0 54:1.0 94:1.0 
-100.0 -100.0 207:1.0 
-100.0 -100.0 
-33.96857414850112 -100.0 24:1.0 109:1.0 257:1.0 
-100.0 -100.0 
-41.703931571634264 -100.0 62:1.0 
-100.0 -100.0 
-100.0 -100.0 
-0.0 -100.0 119:1.0 
-100.0 -100.0 
-100.0 -100.0 198:1.0 
-97.92620274376357 -100.0 104:1.0 296:1.0 
-100.0 -100.0 
-100.0 -100.0 
-100.0 -100.0 41:1.0 144:1.0 
-100.0 -100.0 
-15.50876575109287 -100.0 28:1.0 40:1.0 99:1.0 107:1.0 130:1.0 176:1.0 197:1.0 273:1.0 320:1.0 343:1.0 366:1.0 389:1.0 398:1.0 405:1.0 410:1.0 411:1.0 414:1.0 427:1.0 428:1.0 445:1.0 447:1.0 451:1.0 455:1.0 457:1.0 464:1.0 468:1.0 470:1.0 474:1.0 
-100.0 -100.0 
-100.0 -100.0 
-41.23300216087708 -100.0 333:1.0 
-100.0 -100.0 198:1.0 
-100.0 -100.0 
-100.0 -100.0 
-100.0 -100.0 
-100.0 -100.0 
-100.0 -100.0 
-100.0 -100.0 
-0.0 -100.0 142:1.0 
-100.0 -100.0 
-100.0 -100.0 
-0.0 -100.0 37:1.0 191:1.0 
-100.0 -100.0 
-100.0 -100.0 
-100.0 -100.0 
-100.0 -100.0 
-100.0 -100.0 
-100.0 -100.0 
-100.0 -100.0 
-100.0 -100.0 9:1.0 
-39.858317326689786 -100.0 349:1.0 
-41.009020891571325 -100.0 285:1.0 
-40.68878708612812 -100.0 305:1.0 
-41.70979412907593 -100.0 270:1.0 
-100.0 -100.0 334:1.0 
-41.7401642160899 -100.0 261:1.0 
-41.73601715556568 -100.0 269:1.0 
-100.0 -100.0 
-19.973552425511905 -100.0 316:1.0 337:1.0 
-100.0 -100.0 
-41.73793249212417 -100.0 46:1.0 
-100.0 -100.0 281:1.0 
-100.0 -100.0 
-100.0 -100.0 
-100.0 -100.0 
-41.73378565332711 -100.0 101:1.0 
-100.0 -100.0 244:1.0 
-100.0 -100.0 200:1.0 
-41.73460693641924 -100.0 223:1.0 
-100.0 -100.0 
-0.0 -100.0 174:1.0 
-100.0 -100.0 
-100.0 -100.0 
-0.0 -100.0 116:1.0 183:1.0 
-100.0 -100.0 
-0.0 -100.0 151:1.0 
-41.735428137922966 -100.0 151:1.0 
-100.0 -100.0 
-100.0 -100.0 
-41.73624925782346 -100.0 321:1.0 
-31.38137470806357 -100.0 15:1.0 304:1.0 335:1.0 
-100.0 -100.0 
-100.0 -100.0 
-100.0 -100.0 
-100.0 -100.0 
-100.0 -100.0 
-100.0 -100.0 
-41.7370702961474 -100.0 237:1.0 
-100.0 -100.0 
-100.0 -100.0 
-100.0 -100.0 
-41.73292354301386 -100.0 184:1.0 
-100.0 -100.0 
-41.991443723156195 -100.0 360:1.0 
-100.0 -100.0 
-100.0 -100.0 
-100.0 -100.0 
-98.08314550666351 -100.0 138:1.0 186:1.0 
-100.0 -100.0 
-100.0 -100.0 
-40.65178606611539 -100.0 76:1.0 
-100.0 -100.0 
-100.0 -100.0 
-0.0 -100.0 211:1.0 213:1.0 
-100.0 -100.0 
