svm_type c_svc
kernel_type rbf
gamma 0.001
nr_class 3
total_sv 2034
rho -0.7246103135636155 -0.5846803062668785 1.1758322108717516
label 2 0 1
nr_sv 516 836 682
SV
10.0 10.0 
10.0 10.0 374:1.0 
10.0 10.0 
10.0 10.0 91:1.0 172:1.0 249:1.0 355:1.0 391:1.0 425:1.0 481:1.0 
10.0 10.0 39:1.0 
10.0 10.0 138:1.0 274:1.0 334:1.0 
10.0 10.0 
10.0 10.0 
10.0 10.0 
10.0 10.0 
10.0 10.0 
10.0 10.0 
10.0 10.0 
10.0 10.0 
10.0 10.0 
10.0 10.0 53:1.0 159:1.0 302:1.0 352:1.0 
10.0 10.0 324:1.0 
10.0 10.0 
10.0 10.0 
10.0 10.0 
10.0 10.0 
10.0 10.0 
10.0 10.0 207:1.0 
10.0 10.0 
10.0 10.0 
10.0 10.0 69:1.0 
10.0 10.0 
10.0 10.0 
10.0 10.0 275:1.0 
10.0 10.0 
10.0 10.0 
10.0 10.0 
10.0 10.0 
10.0 10.0 
10.0 10.0 
10.0 10.0 218:1.0 244:1.0 
10.0 10.0 
10.0 10.0 106:1.0 111:1.0 
10.0 10.0 
10.0 10.0 
10.0 10.0 22:1.0 38:1.0 80:1.0 216:1.0 387:1.0 416:1.0 480:1.0 
10.0 10.0 
10.0 10.0 91:1.0 172:1.0 249:1.0 355:1.0 391:1.0 425:1.0 481:1.0 
10.0 10.0 
10.0 10.0 
10.0 10.0 
10.0 10.0 12:1.0 
10.0 10.0 
10.0 10.0 
10.0 10.0 
10.0 10.0 
10.0 10.0 
10.0 10.0 274:1.0 
10.0 10.0 
10.0 10.0 
10.0 10.0 
10.0 10.0 60:1.0 
10.0 10.0 
10.0 10.0 
10.0 10.0 
10.0 10.0 126:1.0 370:1.0 
10.0 10.0 103:1.0 129:1.0 263:1.0 415:1.0 438:1.0 465:1.0 
10.0 10.0 
10.0 10.0 
10.0 10.0 
10.0 10.0 107:1.0 134:1.0 
10.0 10.0 195:1.0 
10.0 10.0 138:1.0 
10.0 10.0 
10.0 10.0 
10.0 10.0 45:1.0 91:1.0 146:1.0 249:1.0 301:1.0 340:1.0 355:1.0 391:1.0 402:1.0 423:1.0 425:1.0 458:1.0 466:1.0 481:1.0 
10.0 10.0 25:1.0 172:1.0 
10.0 10.0 
10.0 10.0 
10.0 10.0 
10.0 10.0 25:1.0 30:1.0 
10.0 10.0 
10.0 10.0 192:1.0 
10.0 10.0 
10.0 10.0 
10.0 10.0 
10.0 10.0 
10.0 10.0 
10.0 10.0 
10.0 10.0 
10.0 10.0 
10.0 10.0 
10.0 10.0 
10.0 10.0 170:1.0 
10.0 10.0 309:1.0 
10.0 10.0 107:1.0 352:1.0 
10.0 10.0 106:1.0 364:1.0 
10.0 10.0 45:1.0 91:1.0 146:1.0 249:1.0 355:1.0 391:1.0 402:1.0 423:1.0 425:1.0 458:1.0 466:1.0 481:1.0 
10.0 10.0 
10.0 10.0 364:1.0 
10.0 10.0 
10.0 10.0 
10.0 10.0 22:1.0 145:1.0 
10.0 10.0 21:1.0 
10.0 10.0 30:1.0 
10.0 10.0 
10.0 10.0 291:1.0 
10.0 10.0 
10.0 10.0 107:1.0 
10.0 10.0 
10.0 10.0 
10.0 10.0 
10.0 10.0 126:1.0 
10.0 10.0 
10.0 10.0 
10.0 10.0 
10.0 10.0 
10.0 10.0 
10.0 10.0 
10.0 10.0 
10.0 10.0 206:1.0 230:1.0 
10.0 10.0 91:1.0 
10.0 10.0 
10.0 10.0 
10.0 10.0 
10.0 10.0 
10.0 10.0 172:1.0 
10.0 10.0 
10.0 10.0 
10.0 10.0 
10.0 10.0 3:1.0 34:1.0 86:1.0 
10.0 10.0 
10.0 10.0 
10.0 10.0 
10.0 10.0 281:1.0 300:1.0 
10.0 10.0 
10.0 10.0 
10.0 10.0 67:1.0 
10.0 10.0 
10.0 10.0 
10.0 10.0 43:1.0 
10.0 10.0 
10.0 10.0 
10.0 10.0 
10.0 10.0 
10.0 10.0 
10.0 10.0 
10.0 10.0 121:1.0 152:1.0 323:1.0 403:1.0 408:1.0 462:1.0 
10.0 10.0 325:1.0 
10.0 10.0 
10.0 10.0 
10.0 10.0 
10.0 10.0 375:1.0 
10.0 10.0 
10.0 10.0 
10.0 10.0 
10.0 10.0 
10.0 10.0 
10.0 10.0 
10.0 10.0 94:1.0 352:1.0 
10.0 10.0 
10.0 10.0 
10.0 10.0 
10.0 10.0 
10.0 10.0 9:1.0 11:1.0 
10.0 10.0 236:1.0 310:1.0 
10.0 10.0 9:1.0 11:1.0 257:1.0 
10.0 10.0 259:1.0 
10.0 10.0 
10.0 10.0 25:1.0 
10.0 10.0 100:1.0 
10.0 10.0 117:1.0 118:1.0 
10.0 10.0 202:1.0 283:1.0 400:1.0 
10.0 10.0 147:1.0 161:1.0 
10.0 10.0 259:1.0 
10.0 10.0 124:1.0 222:1.0 310:1.0 
10.0 10.0 
10.0 10.0 
10.0 10.0 251:1.0 
10.0 10.0 218:1.0 
10.0 10.0 16:1.0 71:1.0 228:1.0 337:1.0 362:1.0 
10.0 10.0 207:1.0 
10.0 10.0 124:1.0 
10.0 10.0 
10.0 10.0 
10.0 10.0 
10.0 10.0 50:1.0 124:1.0 
10.0 10.0 
10.0 10.0 
10.0 10.0 
10.0 10.0 
10.0 10.0 198:1.0 249:1.0 301:1.0 355:1.0 391:1.0 
10.0 10.0 10:1.0 181:1.0 
10.0 10.0 
10.0 10.0 209:1.0 
10.0 10.0 
10.0 10.0 
10.0 10.0 
10.0 10.0 
10.0 10.0 
10.0 10.0 
10.0 10.0 233:1.0 
10.0 10.0 
10.0 10.0 307:1.0 
10.0 10.0 
10.0 10.0 
10.0 10.0 198:1.0 
10.0 10.0 
10.0 10.0 
10.0 10.0 
10.0 10.0 328:1.0 
10.0 10.0 
10.0 10.0 
10.0 10.0 
10.0 10.0 135:1.0 
10.0 10.0 352:1.0 
10.0 10.0 34:1.0 159:1.0 
10.0 10.0 
10.0 10.0 249:1.0 
10.0 10.0 
10.0 10.0 107:1.0 
10.0 10.0 170:1.0 
10.0 10.0 
10.0 10.0 200:1.0 
10.0 10.0 375:1.0 
10.0 10.0 198:1.0 
10.0 10.0 
10.0 10.0 
10.0 10.0 274:1.0 
10.0 10.0 
10.0 10.0 354:1.0 
10.0 10.0 
10.0 10.0 283:1.0 
10.0 10.0 
10.0 10.0 82:1.0 
10.0 10.0 
10.0 10.0 
10.0 10.0 180:1.0 318:1.0 
10.0 10.0 
10.0 10.0 
10.0 10.0 134:1.0 233:1.0 
10.0 10.0 195:1.0 
10.0 10.0 
10.0 10.0 91:1.0 145:1.0 146:1.0 179:1.0 418:1.0 423:1.0 432:1.0 
10.0 10.0 
10.0 10.0 
10.0 10.0 22:1.0 38:1.0 80:1.0 91:1.0 179:1.0 216:1.0 387:1.0 416:1.0 418:1.0 480:1.0 
10.0 10.0 82:1.0 243:1.0 
10.0 10.0 
10.0 10.0 
10.0 10.0 
10.0 10.0 241:1.0 249:1.0 
10.0 10.0 
10.0 10.0 243:1.0 
10.0 10.0 354:1.0 
10.0 10.0 
10.0 10.0 
10.0 10.0 
10.0 10.0 
10.0 10.0 
10.0 10.0 310:1.0 
10.0 10.0 
10.0 10.0 
10.0 10.0 
10.0 10.0 
10.0 10.0 
10.0 10.0 121:1.0 152:1.0 323:1.0 403:1.0 408:1.0 462:1.0 
10.0 10.0 
10.0 10.0 145:1.0 
10.0 10.0 
10.0 10.0 
10.0 10.0 279:1.0 
10.0 10.0 10:1.0 186:1.0 
10.0 10.0 
10.0 10.0 
10.0 10.0 
10.0 10.0 230:1.0 
10.0 10.0 19:1.0 41:1.0 86:1.0 
10.0 10.0 
10.0 10.0 
10.0 10.0 41:1.0 256:1.0 
10.0 10.0 41:1.0 
10.0 10.0 
10.0 10.0 
10.0 10.0 
10.0 10.0 
10.0 10.0 
10.0 10.0 
10.0 10.0 
10.0 10.0 354:1.0 
10.0 10.0 
10.0 10.0 
10.0 10.0 
10.0 10.0 
10.0 10.0 86:1.0 158:1.0 
10.0 10.0 16:1.0 
10.0 10.0 
10.0 10.0 
10.0 10.0 
10.0 10.0 
10.0 10.0 
10.0 10.0 362:1.0 
10.0 10.0 354:1.0 
10.0 10.0 173:1.0 
10.0 10.0 
10.0 10.0 47:1.0 352:1.0 
10.0 10.0 
10.0 10.0 
10.0 10.0 112:1.0 373:1.0 
10.0 10.0 
10.0 10.0 
10.0 10.0 34:1.0 126:1.0 159:1.0 
10.0 10.0 
10.0 10.0 
10.0 10.0 
10.0 10.0 
10.0 10.0 199:1.0 
10.0 10.0 
10.0 10.0 
10.0 10.0 
10.0 10.0 
10.0 10.0 
10.0 10.0 
10.0 10.0 274:1.0 302:1.0 
10.0 10.0 
10.0 10.0 
10.0 10.0 86:1.0 312:1.0 
10.0 10.0 348:1.0 439:1.0 
10.0 10.0 
10.0 10.0 328:1.0 
10.0 10.0 
10.0 10.0 
10.0 10.0 
10.0 10.0 277:1.0 
10.0 10.0 
10.0 10.0 103:1.0 129:1.0 263:1.0 415:1.0 438:1.0 465:1.0 
10.0 10.0 29:1.0 42:1.0 
10.0 10.0 245:1.0 
10.0 10.0 161:1.0 
10.0 10.0 
10.0 10.0 
10.0 10.0 
10.0 10.0 
10.0 10.0 134:1.0 
10.0 10.0 
10.0 10.0 352:1.0 
10.0 10.0 
10.0 10.0 
10.0 10.0 
10.0 10.0 
10.0 10.0 
10.0 10.0 
10.0 10.0 
10.0 10.0 
10.0 10.0 
10.0 10.0 
10.0 10.0 
10.0 10.0 
10.0 10.0 103:1.0 129:1.0 263:1.0 415:1.0 438:1.0 465:1.0 
10.0 10.0 
10.0 10.0 
10.0 10.0 
10.0 10.0 
10.0 10.0 
10.0 10.0 
10.0 10.0 
10.0 10.0 
10.0 10.0 
10.0 10.0 
10.0 10.0 
10.0 10.0 80:1.0 
10.0 10.0 4:1.0 
10.0 10.0 
10.0 10.0 
10.0 10.0 50:1.0 
10.0 10.0 
10.0 10.0 
10.0 10.0 
10.0 10.0 
10.0 10.0 
10.0 10.0 
10.0 10.0 
10.0 10.0 
10.0 10.0 95:1.0 202:1.0 
10.0 10.0 
10.0 10.0 
10.0 10.0 374:1.0 
10.0 10.0 69:1.0 
10.0 10.0 
10.0 10.0 196:1.0 219:1.0 
10.0 10.0 
10.0 10.0 
10.0 10.0 104:1.0 
10.0 10.0 
10.0 10.0 
10.0 10.0 
10.0 10.0 
10.0 10.0 
10.0 10.0 
10.0 10.0 
10.0 10.0 3:1.0 95:1.0 
10.0 10.0 
10.0 10.0 
10.0 10.0 
10.0 10.0 122:1.0 
10.0 10.0 
10.0 10.0 
10.0 10.0 141:1.0 
10.0 10.0 
10.0 10.0 202:1.0 283:1.0 400:1.0 
10.0 10.0 
10.0 10.0 
10.0 10.0 
10.0 10.0 
10.0 10.0 298:1.0 
10.0 10.0 
10.0 10.0 
10.0 10.0 
10.0 10.0 
10.0 10.0 4:1.0 
10.0 10.0 
10.0 10.0 
10.0 10.0 
10.0 10.0 
10.0 10.0 
10.0 10.0 
10.0 10.0 
10.0 10.0 38:1.0 259:1.0 
10.0 10.0 
10.0 10.0 
10.0 10.0 335:1.0 
10.0 10.0 
10.0 10.0 
10.0 10.0 160:1.0 347:1.0 
10.0 10.0 
10.0 10.0 
10.0 10.0 
10.0 10.0 
10.0 10.0 
10.0 10.0 70:1.0 71:1.0 187:1.0 219:1.0 351:1.0 
10.0 10.0 202:1.0 
10.0 10.0 174:1.0 340:1.0 
10.0 10.0 
10.0 10.0 42:1.0 341:1.0 
10.0 10.0 
10.0 10.0 
10.0 10.0 33:1.0 71:1.0 219:1.0 292:1.0 
10.0 10.0 
10.0 10.0 
10.0 10.0 
10.0 10.0 
10.0 10.0 
10.0 10.0 
10.0 10.0 358:1.0 
10.0 10.0 
10.0 10.0 3:1.0 203:1.0 
10.0 10.0 
10.0 10.0 
10.0 10.0 137:1.0 
10.0 10.0 12:1.0 39:1.0 170:1.0 
10.0 10.0 257:1.0 
10.0 10.0 
10.0 10.0 
10.0 10.0 
10.0 10.0 121:1.0 152:1.0 323:1.0 403:1.0 408:1.0 462:1.0 
10.0 10.0 38:1.0 80:1.0 216:1.0 308:1.0 387:1.0 416:1.0 480:1.0 
10.0 10.0 
10.0 10.0 
10.0 10.0 
10.0 10.0 
10.0 10.0 
10.0 10.0 
10.0 10.0 
10.0 10.0 53:1.0 
10.0 10.0 12:1.0 
10.0 10.0 
10.0 10.0 3:1.0 95:1.0 
10.0 10.0 
10.0 10.0 
10.0 10.0 
10.0 10.0 
10.0 10.0 
10.0 10.0 
10.0 10.0 
10.0 10.0 
10.0 10.0 
10.0 10.0 
10.0 10.0 
10.0 10.0 
10.0 10.0 228:1.0 
10.0 10.0 
10.0 10.0 
10.0 10.0 
10.0 10.0 
10.0 10.0 274:1.0 
10.0 10.0 
10.0 10.0 
10.0 10.0 
10.0 10.0 352:1.0 
10.0 10.0 
10.0 10.0 
10.0 10.0 
10.0 10.0 91:1.0 146:1.0 241:1.0 310:1.0 355:1.0 380:1.0 423:1.0 425:1.0 458:1.0 
10.0 10.0 
10.0 10.0 274:1.0 
10.0 10.0 
10.0 10.0 
10.0 10.0 10:1.0 
10.0 10.0 
10.0 10.0 188:1.0 
10.0 10.0 50:1.0 
10.0 10.0 233:1.0 
10.0 10.0 
10.0 10.0 
10.0 10.0 
10.0 10.0 53:1.0 
10.0 10.0 
10.0 10.0 16:1.0 198:1.0 
10.0 10.0 249:1.0 355:1.0 391:1.0 
10.0 10.0 
10.0 10.0 296:1.0 
-0.6547919919133717 2.9616781266696943 117:1.0 
-0.4200449859594395 8.709950136906736 251:1.0 353:1.0 
-0.6648313081205036 5.116369162084743 77:1.0 
-0.0 1.1756831345603533 333:1.0 
-5.243620418722819 10.0 13:1.0 138:1.0 
-0.0 1.276255684631691 267:1.0 
-0.3172459053329873 9.832878421762347 163:1.0 262:1.0 
-0.0 3.0320698473289274 88:1.0 
-5.791792720080039 6.164098250645177 187:1.0 250:1.0 
-0.7278332617047215 10.0 24:1.0 
-0.0 10.0 261:1.0 
-10.0 0.0 53:1.0 
-0.8834862558794182 0.0 312:1.0 
-10.0 10.0 9:1.0 
-10.0 1.2603296587668669 30:1.0 207:1.0 
-0.7541940102134286 1.1203039688223457 282:1.0 394:1.0 467:1.0 
-0.0 10.0 7:1.0 123:1.0 260:1.0 369:1.0 
-0.7902191783396049 10.0 87:1.0 192:1.0 313:1.0 
-10.0 10.0 337:1.0 
-3.8527643061508323 10.0 351:1.0 363:1.0 
-0.21471032269315923 2.606422776027865 189:1.0 
-0.664729405125421 8.176680648967148 88:1.0 
-0.8828109657139211 0.0 291:1.0 
-0.0 3.03158718737235 330:1.0 
-0.7511935428308505 10.0 251:1.0 273:1.0 344:1.0 
-0.25915243618158007 2.5978715053993615 353:1.0 
-0.0 7.680270778551301 58:1.0 105:1.0 
-0.6795776054758084 10.0 261:1.0 
-10.0 6.116890098394053 45:1.0 73:1.0 249:1.0 402:1.0 435:1.0 
-10.0 0.0 161:1.0 
-10.0 1.3249619070364196 302:1.0 
-0.1536049828247572 5.5417574530019085 31:1.0 168:1.0 379:1.0 417:1.0 
-0.7098830524028793 10.0 2:1.0 
-10.0 10.0 186:1.0 
-0.0 5.4029699610565265 90:1.0 367:1.0 
-0.787044628458422 10.0 194:1.0 299:1.0 
-0.8029029669471748 10.0 26:1.0 333:1.0 
-10.0 3.3310683349296863 91:1.0 145:1.0 179:1.0 257:1.0 418:1.0 432:1.0 
-10.0 10.0 122:1.0 
-10.0 10.0 257:1.0 
-0.7555074008831615 10.0 265:1.0 
-10.0 0.0 53:1.0 
-2.807925369225762 8.27255052006008 198:1.0 367:1.0 
-0.7909810526196634 0.0 32:1.0 112:1.0 
-7.411116645438362 10.0 45:1.0 73:1.0 249:1.0 338:1.0 402:1.0 435:1.0 
-5.788142125436808 7.41919467420377 206:1.0 290:1.0 
-0.0 10.0 105:1.0 
-0.0 5.231218455073293 150:1.0 
-10.0 1.3459239062358046 172:1.0 
-10.0 10.0 249:1.0 
-0.8031545225891642 10.0 144:1.0 149:1.0 
-10.0 10.0 50:1.0 309:1.0 
-0.13070322271292956 10.0 178:1.0 
-0.0 3.0358362969145087 213:1.0 
-0.0 10.0 215:1.0 
-10.0 10.0 198:1.0 
-0.0 3.0396033461576737 225:1.0 
-0.8033869251599292 1.1232308121031882 195:1.0 226:1.0 
-10.0 7.873274901027153 25:1.0 54:1.0 241:1.0 
-0.0 4.464945944264799 32:1.0 
-0.4015163677430098 10.0 167:1.0 267:1.0 
-0.0 5.079379567361496 191:1.0 
-0.0 1.9040407478337649 182:1.0 
-10.0 10.0 47:1.0 
-0.0 7.4236954097943375 164:1.0 
-0.8318217202477873 0.0 132:1.0 160:1.0 
-0.0 10.0 105:1.0 204:1.0 269:1.0 306:1.0 419:1.0 
-10.0 0.0 95:1.0 158:1.0 
-10.0 10.0 274:1.0 
-0.5017783501416461 0.0 268:1.0 
-0.6321736120165619 8.4951655926725 31:1.0 178:1.0 
-0.6649331992053902 1.3601949287147836 286:1.0 
-10.0 1.2697749611113767 328:1.0 
-0.745792100270807 1.224114784623723 208:1.0 
-0.3811151620161773 10.0 316:1.0 
-10.0 10.0 195:1.0 
-0.6649331992053604 10.0 151:1.0 
-0.2422995194837616 2.1288511997920496 75:1.0 93:1.0 268:1.0 
-0.3380015874220989 10.0 310:1.0 
-0.7701134173210885 1.0953077749435787 58:1.0 72:1.0 105:1.0 315:1.0 
-10.0 1.112232622665207 12:1.0 121:1.0 152:1.0 323:1.0 403:1.0 408:1.0 462:1.0 
-0.0 3.050137433619261 183:1.0 
-0.0 10.0 120:1.0 
-0.0 10.0 251:1.0 
-0.0 1.8577460047818601 36:1.0 
-0.0 2.197124757734387 
-0.0 10.0 
-4.11551477982452 10.0 212:1.0 335:1.0 371:1.0 
-0.0 10.0 
-0.0 10.0 
-0.0 10.0 
-0.0 10.0 
-0.0 4.994928552250828 193:1.0 
-0.0 10.0 
-4.130900558457188 0.0 5:1.0 241:1.0 319:1.0 
-0.08316893281733126 10.0 19:1.0 94:1.0 148:1.0 215:1.0 
-0.0 10.0 
-0.0 10.0 
-10.0 1.2715591977512692 218:1.0 
-0.0 10.0 
-0.0 10.0 
-0.6673650730133425 10.0 44:1.0 97:1.0 
-0.8034232751749134 1.161474363213672 60:1.0 322:1.0 
-10.0 0.0 126:1.0 
-0.0 10.0 
-0.0 10.0 
-0.8026671378859339 10.0 76:1.0 347:1.0 
-0.0 10.0 
-10.0 0.0 354:1.0 
-0.0 10.0 
-0.0 10.0 
-10.0 0.0 161:1.0 
-0.6354155812963067 0.7467733461288668 18:1.0 49:1.0 127:1.0 166:1.0 180:1.0 229:1.0 252:1.0 288:1.0 314:1.0 345:1.0 356:1.0 392:1.0 396:1.0 424:1.0 429:1.0 430:1.0 433:1.0 437:1.0 441:1.0 443:1.0 453:1.0 454:1.0 456:1.0 459:1.0 461:1.0 463:1.0 473:1.0 482:1.0 
-0.0 4.092196608775853 191:1.0 303:1.0 311:1.0 
-0.0 10.0 
-0.0 10.0 
-0.0 10.0 
-0.0 10.0 
-0.0 6.853514862746813 32:1.0 
-0.0 10.0 
-0.0 10.0 
-0.0 10.0 
-4.1437077610763104 8.167706202174752 246:1.0 303:1.0 324:1.0 
-3.3333471247006794 2.203766160916363 175:1.0 234:1.0 317:1.0 334:1.0 
-0.7707278496025818 1.072749933721046 285:1.0 329:1.0 
-0.5509581528881695 0.823645002652276 115:1.0 295:1.0 360:1.0 
-10.0 10.0 200:1.0 
-0.0 10.0 
-0.0 10.0 
-0.0 10.0 
-0.0 10.0 
-0.0 10.0 
-0.0 10.0 
-0.7252908456193057 10.0 321:1.0 
-0.0 10.0 
-0.0 10.0 
-0.0 10.0 
-0.0 10.0 
-0.0 10.0 
-0.8669701038993027 10.0 243:1.0 
-0.0 10.0 
-0.0 10.0 
-0.0 10.0 
-2.94301941260538 0.0 198:1.0 287:1.0 
-0.0 10.0 109:1.0 
-0.7346852738083504 2.293195961049094 191:1.0 251:1.0 
-0.0 10.0 
-0.0 4.911131292151842 85:1.0 105:1.0 
-0.47819511224593764 9.506569466243771 133:1.0 238:1.0 339:1.0 404:1.0 
-0.0 10.0 
-0.22967819904518547 10.0 360:1.0 
-10.0 4.994928552250828 126:1.0 
-0.6649499424123477 9.38480699622971 182:1.0 
-0.6649499424123629 10.0 57:1.0 
-0.6698730329328206 4.181882562860516 35:1.0 168:1.0 379:1.0 417:1.0 
-0.0 10.0 
-0.0 10.0 
-0.0 10.0 
-0.0 10.0 
-0.0 0.13861662015772228 336:1.0 
-0.0 10.0 
-10.0 10.0 192:1.0 
-0.7431376707934791 1.286402086899558 221:1.0 
-0.0 10.0 
-0.6649542414240115 0.0 173:1.0 
-0.0 10.0 
-10.0 8.809477885725522 68:1.0 91:1.0 146:1.0 227:1.0 249:1.0 301:1.0 355:1.0 391:1.0 423:1.0 425:1.0 458:1.0 481:1.0 
-0.0 10.0 141:1.0 
-0.0 10.0 
-0.0 5.509575197525229 150:1.0 369:1.0 
-10.0 1.2845074941021646 374:1.0 
-0.0 10.0 
-0.0 10.0 
-0.0 10.0 
-0.0 10.0 
-0.0 10.0 
-0.5339671735639727 1.9972380926027178 75:1.0 92:1.0 96:1.0 
-6.412968578661726 2.6949040610841966 29:1.0 95:1.0 169:1.0 
-6.660852657647457 0.0 370:1.0 
-0.0 10.0 
-0.0 10.0 
-0.0 3.697336316032418 237:1.0 
-0.0 10.0 
-0.0 10.0 336:1.0 363:1.0 
-5.735779041966569 6.181858771122553 43:1.0 266:1.0 
-0.0 10.0 
-0.0 10.0 
-0.0 10.0 
-10.0 10.0 
-0.0 0.15332320414686568 369:1.0 
-10.0 10.0 
-10.0 10.0 
-10.0 10.0 
-10.0 10.0 
-10.0 10.0 
-10.0 10.0 
-10.0 10.0 
-10.0 10.0 
-9.861937187780974 1.3349307829390709 291:1.0 
-10.0 10.0 
-10.0 10.0 
-0.1370433602199946 0.0 18:1.0 49:1.0 127:1.0 166:1.0 180:1.0 229:1.0 252:1.0 288:1.0 345:1.0 356:1.0 361:1.0 392:1.0 396:1.0 399:1.0 429:1.0 430:1.0 437:1.0 443:1.0 453:1.0 456:1.0 461:1.0 478:1.0 482:1.0 
-0.0 10.0 346:1.0 
-0.0 1.8667085451077252 162:1.0 
-10.0 10.0 
-0.20450707212985864 0.0 148:1.0 154:1.0 
-0.7953938646922165 1.188438481481333 61:1.0 203:1.0 
-10.0 10.0 
-10.0 10.0 
-0.897756414229538 3.642309074928864 296:1.0 
-10.0 10.0 
-10.0 10.0 
-10.0 10.0 
-0.5311007452706726 8.422757996977301 284:1.0 
-10.0 10.0 
-10.0 10.0 
-0.0 10.0 270:1.0 
-10.0 10.0 
-0.2611441774777639 2.8532623917274433 96:1.0 284:1.0 
-10.0 10.0 
-0.0 1.2878737059096865 344:1.0 
-10.0 10.0 
-0.6649587113724018 8.271865552519829 183:1.0 
-10.0 10.0 
-10.0 10.0 
-10.0 10.0 
-0.35722829140355455 8.617292043120928 154:1.0 271:1.0 
-0.6754653686163006 10.0 84:1.0 160:1.0 
-10.0 10.0 
-10.0 10.0 
-0.0 10.0 95:1.0 109:1.0 127:1.0 363:1.0 
-0.0 7.988229310683588 365:1.0 
-10.0 10.0 
-10.0 10.0 
-0.2188042604600363 1.2775146316967025 83:1.0 
-10.0 10.0 
-0.0 10.0 285:1.0 
-10.0 10.0 
-10.0 10.0 
-0.6649587113725043 10.0 270:1.0 
-10.0 10.0 
-10.0 10.0 
-0.7415798027334435 2.1911025340497394 17:1.0 56:1.0 78:1.0 125:1.0 231:1.0 238:1.0 272:1.0 385:1.0 407:1.0 412:1.0 426:1.0 469:1.0 476:1.0 
-10.0 10.0 
-10.0 10.0 
-10.0 10.0 
-10.0 10.0 
-10.0 10.0 
-10.0 10.0 
-10.0 10.0 138:1.0 
-10.0 10.0 
-10.0 10.0 
-10.0 10.0 
-10.0 10.0 
-10.0 10.0 
-10.0 10.0 
-10.0 10.0 
-0.7415556993247018 1.1566610015961838 201:1.0 230:1.0 
-4.109826500983061 4.513946786977165 20:1.0 247:1.0 281:1.0 
-10.0 10.0 
-10.0 10.0 
-5.750705349841072 10.0 94:1.0 153:1.0 
-0.0 10.0 75:1.0 
-0.6649633522587565 10.0 114:1.0 
-10.0 10.0 
-10.0 10.0 
-10.0 10.0 243:1.0 
-10.0 10.0 
-10.0 10.0 
-10.0 10.0 
-10.0 10.0 
-10.0 10.0 
-0.664963352258736 8.237742900739907 330:1.0 
-9.974964722700111 10.0 53:1.0 
-10.0 10.0 
-10.0 10.0 
-10.0 10.0 
-0.0 1.270726294706575 65:1.0 
-10.0 0.0 95:1.0 
-0.0 3.578426792390732 8:1.0 165:1.0 371:1.0 409:1.0 
-10.0 10.0 
-0.6649681640842146 10.0 190:1.0 
-0.0 10.0 226:1.0 
-10.0 10.0 
-10.0 10.0 
-10.0 10.0 
-10.0 10.0 
-10.0 10.0 198:1.0 
-10.0 10.0 
-0.7658006379565634 6.21188226919403 120:1.0 161:1.0 
-10.0 10.0 
-10.0 10.0 141:1.0 
-10.0 10.0 
-10.0 10.0 
-10.0 10.0 
-10.0 10.0 
-10.0 10.0 159:1.0 
-10.0 10.0 
-10.0 10.0 
-7.928470633652113 7.216908212160555 195:1.0 
-0.0 5.70433249549871 175:1.0 287:1.0 311:1.0 
-10.0 10.0 
-0.0 2.6910595861624196 339:1.0 
-10.0 10.0 
-10.0 10.0 
-10.0 10.0 
-10.0 10.0 
-0.0 10.0 368:1.0 
-10.0 10.0 
-10.0 10.0 
-10.0 10.0 
-10.0 10.0 
-0.5412750140214803 0.0 277:1.0 377:1.0 
-10.0 10.0 
-10.0 10.0 
-0.6649681640841699 10.0 131:1.0 
-10.0 10.0 
-10.0 10.0 
-10.0 10.0 
-10.0 1.259301027820828 277:1.0 
-10.0 10.0 
-10.0 10.0 
-10.0 10.0 
-0.0 9.733946022252013 225:1.0 
-0.790497629718873 0.789731283353619 48:1.0 51:1.0 325:1.0 
-10.0 10.0 
-10.0 10.0 
-10.0 10.0 
-10.0 10.0 
-10.0 10.0 
-10.0 10.0 
-10.0 10.0 
-10.0 10.0 
-10.0 10.0 
-10.0 10.0 
-10.0 10.0 
-10.0 10.0 
-0.0 1.098666538962742 27:1.0 293:1.0 
-10.0 10.0 
-10.0 10.0 
-10.0 10.0 
-10.0 10.0 
-10.0 10.0 
-0.0 4.462470856267638 382:1.0 
-10.0 10.0 
-0.16936083866983245 1.7201571194385838 133:1.0 
-10.0 10.0 245:1.0 
-10.0 10.0 
-0.0 6.119254793553683 5:1.0 77:1.0 347:1.0 
-10.0 10.0 
-10.0 10.0 
-0.0 10.0 369:1.0 
-10.0 10.0 
-10.0 10.0 
-10.0 10.0 
-7.094413806484659 10.0 82:1.0 215:1.0 383:1.0 
-10.0 10.0 
-10.0 10.0 
-10.0 10.0 
-0.0 10.0 81:1.0 185:1.0 248:1.0 254:1.0 384:1.0 393:1.0 406:1.0 449:1.0 479:1.0 
-10.0 10.0 
-10.0 10.0 
-0.0 0.11237004480221553 110:1.0 155:1.0 413:1.0 
-10.0 10.0 
-0.6649731468499984 1.3227580346058092 255:1.0 
-10.0 10.0 
-10.0 10.0 
-10.0 10.0 
-0.0 5.202805389617254 59:1.0 
-0.3495640703318959 10.0 150:1.0 
-10.0 10.0 
-10.0 10.0 
-10.0 10.0 
-10.0 10.0 
-10.0 10.0 
-10.0 10.0 
-10.0 10.0 
-10.0 4.5251460444859655 11:1.0 63:1.0 112:1.0 
-10.0 10.0 
-10.0 10.0 
-0.8995789699916216 0.0 358:1.0 
-10.0 10.0 
-10.0 10.0 
-0.8839343113178147 0.0 318:1.0 
-10.0 10.0 
-10.0 10.0 
-10.0 10.0 
-10.0 10.0 
-0.09555959918247085 0.0 56:1.0 78:1.0 231:1.0 339:1.0 412:1.0 426:1.0 476:1.0 
-0.0 10.0 61:1.0 315:1.0 
-0.6649783005573904 10.0 232:1.0 
-10.0 10.0 
-10.0 10.0 
-10.0 10.0 
-10.0 10.0 147:1.0 
-0.0 10.0 222:1.0 
-0.21204771968983774 8.914656381843157 339:1.0 
-10.0 10.0 
-0.25338381166926904 10.0 222:1.0 230:1.0 
-10.0 1.2753345168661392 173:1.0 
-10.0 10.0 
-10.0 10.0 
-0.0 6.384791310887597 1:1.0 75:1.0 137:1.0 
-9.787715703396618 10.0 243:1.0 
-0.0 1.649415819856534 55:1.0 68:1.0 123:1.0 253:1.0 350:1.0 420:1.0 
-0.5918750858192164 10.0 214:1.0 
-10.0 10.0 
-10.0 10.0 
-9.765394176858434 1.2878201452361646 358:1.0 
-10.0 10.0 
-0.8619051099797734 0.0 181:1.0 
-10.0 10.0 
-10.0 4.121065712401875 325:1.0 
-0.0 0.20548177165807216 27:1.0 381:1.0 
-10.0 6.182244578141999 188:1.0 222:1.0 
-10.0 10.0 
-0.0 10.0 55:1.0 
-10.0 10.0 
-0.7048567622688778 7.834058505851291 257:1.0 
-10.0 10.0 
-10.0 10.0 
-10.0 10.0 
-0.0 10.0 322:1.0 
-10.0 10.0 70:1.0 362:1.0 
-0.0 4.599668731836712 101:1.0 
-10.0 10.0 
-10.0 10.0 
-0.0 1.2658043544685211 332:1.0 
-10.0 10.0 
-10.0 10.0 
-0.0 4.601970576021727 177:1.0 
-10.0 10.0 
-10.0 10.0 
-10.0 10.0 
-10.0 10.0 
-10.0 10.0 
-10.0 10.0 
-10.0 10.0 
-10.0 10.0 
-10.0 10.0 
-0.3340007486069091 0.4506502180099464 150:1.0 295:1.0 
-0.0 1.456856694025415 116:1.0 
-0.0 10.0 116:1.0 
-10.0 10.0 
-0.6649783005574418 1.0242222702082167 381:1.0 
-0.0 1.4753955071149272 168:1.0 
-10.0 10.0 
-10.0 10.0 196:1.0 
-10.0 10.0 
-10.0 10.0 
-1.9961354192882077 2.9669031872576532 123:1.0 169:1.0 195:1.0 380:1.0 
-10.0 10.0 
-10.0 10.0 
-0.0 4.6067384108371225 98:1.0 
-0.8529060625854336 1.1561545779111495 66:1.0 139:1.0 171:1.0 397:1.0 440:1.0 452:1.0 
-10.0 10.0 310:1.0 
-10.0 10.0 
-10.0 10.0 
-10.0 6.290635019246486 126:1.0 
-10.0 10.0 
-10.0 10.0 
-10.0 10.0 
-10.0 10.0 
-10.0 10.0 
-0.6649836252077947 6.682109333226638 98:1.0 
-10.0 10.0 
-10.0 10.0 
-10.0 10.0 
-10.0 10.0 
-0.7856863865930342 1.26030706442127 53:1.0 200:1.0 
-0.7895074182217499 4.433881204281254 204:1.0 306:1.0 419:1.0 
-0.6649836252078414 10.0 142:1.0 
-0.0 4.453711243846749 74:1.0 265:1.0 285:1.0 
-0.2775472803865137 4.087252032745846 143:1.0 316:1.0 
-10.0 10.0 
-10.0 10.0 
-10.0 10.0 
-10.0 10.0 
-0.8028768295665702 1.1917380477235 67:1.0 141:1.0 
-0.0 4.62652174011354 223:1.0 
-10.0 10.0 
-0.22979467914372148 0.47213003215210103 115:1.0 
-0.0 0.9317618701360962 56:1.0 74:1.0 231:1.0 238:1.0 272:1.0 385:1.0 426:1.0 469:1.0 
-10.0 0.0 230:1.0 
-10.0 10.0 
-0.36011880080067316 0.0 6:1.0 167:1.0 267:1.0 
-10.0 10.0 
-10.0 0.0 203:1.0 
-10.0 10.0 
-10.0 9.405656001939983 310:1.0 
-10.0 10.0 
-10.0 10.0 
-10.0 10.0 
-10.0 10.0 
-0.0 7.495263756118379 290:1.0 294:1.0 
-10.0 10.0 
-10.0 10.0 
-0.0 9.779158126598748 191:1.0 
-10.0 10.0 
-4.134876867316198 3.6708087799047484 85:1.0 164:1.0 292:1.0 
-10.0 10.0 
-0.6649891208024745 1.30024699598373 260:1.0 
-10.0 10.0 
-10.0 10.0 
-10.0 10.0 
-10.0 10.0 
-10.0 10.0 
-10.0 10.0 
-0.6649891208024903 10.0 23:1.0 
-10.0 10.0 
-10.0 10.0 
-0.45638504234893845 0.0 83:1.0 160:1.0 
-2.896722176744247 0.24493757657682452 165:1.0 198:1.0 
-10.0 10.0 
-10.0 10.0 
-10.0 10.0 
-10.0 10.0 
-10.0 10.0 
-10.0 10.0 
-10.0 10.0 
-10.0 10.0 
-0.66499478734287 6.723015189539034 177:1.0 
-10.0 10.0 
-10.0 10.0 
-10.0 10.0 
-0.0 10.0 204:1.0 
-10.0 10.0 
-10.0 10.0 
-10.0 10.0 
-10.0 10.0 
-10.0 10.0 
-10.0 10.0 
-10.0 10.0 
-10.0 10.0 
-10.0 10.0 
-10.0 10.0 
-10.0 10.0 
-10.0 10.0 
-0.0 10.0 85:1.0 311:1.0 
-10.0 10.0 
-10.0 10.0 
-0.6649947873429196 10.0 140:1.0 
-10.0 10.0 
-10.0 10.0 
-0.0 10.0 132:1.0 
-10.0 10.0 
-10.0 1.2443455682329927 111:1.0 
-10.0 10.0 
-10.0 10.0 
-10.0 10.0 
-10.0 10.0 
-10.0 10.0 
-0.6650006248305093 10.0 293:1.0 
-10.0 10.0 
-0.0 10.0 51:1.0 
-10.0 10.0 279:1.0 310:1.0 
-10.0 10.0 
-10.0 10.0 
-10.0 10.0 
-10.0 10.0 
-10.0 10.0 
-10.0 10.0 
-10.0 10.0 
-0.0 0.23738394246946792 89:1.0 
-10.0 10.0 
-10.0 10.0 
-10.0 10.0 
-10.0 10.0 
-0.5368927769530897 8.741141042702251 93:1.0 189:1.0 
-10.0 10.0 
-10.0 10.0 
-10.0 10.0 
-10.0 0.0 207:1.0 
-10.0 10.0 
-10.0 10.0 
-10.0 10.0 
-9.870364588544902 1.2507102518839248 181:1.0 
-8.801910613446255 0.0 160:1.0 
-10.0 10.0 
-10.0 10.0 
-0.0 10.0 54:1.0 
-0.0 10.0 168:1.0 379:1.0 417:1.0 
-10.0 10.0 
-10.0 10.0 
-0.0 9.897095629599681 258:1.0 
-10.0 10.0 
-9.770852285219831 1.2688219691045213 318:1.0 
-0.6650006248304613 10.0 62:1.0 
-0.6984258540798427 1.1915889258408021 109:1.0 158:1.0 
-0.0 10.0 120:1.0 
-10.0 10.0 
-0.6650116068847602 6.03139356438851 59:1.0 
-10.0 10.0 
-10.0 10.0 
-10.0 10.0 
-10.0 10.0 
-0.8096094009830997 1.25886476626393 275:1.0 
-1.1713661076474302 1.7511952946447422 49:1.0 166:1.0 180:1.0 229:1.0 252:1.0 361:1.0 399:1.0 443:1.0 478:1.0 
-0.6650116068848447 9.808143994559764 116:1.0 
-0.0 9.945415869899767 201:1.0 
-0.7075728386870342 5.256512160603531 55:1.0 154:1.0 253:1.0 420:1.0 
-10.0 10.0 
-0.7234494658762696 0.0 199:1.0 
-10.0 10.0 
-0.7333584229332237 10.0 207:1.0 
-10.0 10.0 
-10.0 10.0 
-5.798534761448489 0.0 68:1.0 145:1.0 179:1.0 432:1.0 
-10.0 10.0 
-0.12836640886637204 10.0 72:1.0 109:1.0 214:1.0 
-6.672513054579149 0.0 1:1.0 33:1.0 137:1.0 
-10.0 10.0 
-10.0 10.0 
-10.0 10.0 
-0.0 10.0 102:1.0 266:1.0 371:1.0 
-10.0 10.0 
-10.0 10.0 
-10.0 10.0 
-0.0 10.0 157:1.0 
-0.7424460460358365 9.372976776561266 36:1.0 
-10.0 10.0 
-9.83612503013808 1.3163102309257217 312:1.0 
-10.0 10.0 
-10.0 10.0 
-0.8031147906992523 10.0 242:1.0 327:1.0 
-10.0 10.0 
-10.0 10.0 
-0.8027841952908917 1.2109501537608118 258:1.0 297:1.0 
-0.0 10.0 329:1.0 
-0.0 5.686272178635144 285:1.0 
-10.0 10.0 256:1.0 
-9.83113310267693 0.0 230:1.0 
-10.0 10.0 
-10.0 10.0 
-10.0 10.0 
-10.0 10.0 
-0.0 0.5640271263188087 48:1.0 
-0.6650177913147672 6.679804251773623 101:1.0 
-10.0 10.0 259:1.0 347:1.0 
-10.0 10.0 
-10.0 10.0 
-10.0 10.0 
-10.0 10.0 
-10.0 10.0 
-10.0 10.0 
-10.0 10.0 
-0.6650177913148008 10.0 368:1.0 
-0.6650241466978244 6.585547474387578 223:1.0 
-10.0 10.0 
-10.0 10.0 
-0.6731953319007047 4.138742891462536 14:1.0 143:1.0 
-10.0 10.0 
-10.0 10.0 
-10.0 10.0 
-10.0 10.0 
-0.4981287310362851 10.0 377:1.0 378:1.0 
-10.0 10.0 
-10.0 10.0 
-10.0 10.0 
-10.0 10.0 
-10.0 10.0 
-10.0 10.0 198:1.0 
-10.0 10.0 
-0.665024146697863 10.0 294:1.0 
-10.0 10.0 
-10.0 10.0 
-10.0 10.0 
-10.0 10.0 
-10.0 10.0 
-10.0 10.0 
-0.23036560527641708 10.0 97:1.0 310:1.0 
-10.0 10.0 
-10.0 10.0 
-10.0 10.0 
-10.0 10.0 
-10.0 10.0 
-0.6650306730356149 7.5814343845605086 237:1.0 
-10.0 10.0 
-10.0 10.0 
-10.0 10.0 
-10.0 10.0 
-10.0 10.0 
-10.0 10.0 
-10.0 10.0 
-10.0 10.0 
-10.0 10.0 
-10.0 10.0 
-10.0 6.403510789457776 249:1.0 
-10.0 10.0 
-0.0 10.0 369:1.0 
-10.0 10.0 
-10.0 10.0 
-10.0 10.0 
-0.0 0.19185600544023643 242:1.0 
-10.0 10.0 67:1.0 
-10.0 10.0 
-10.0 10.0 
-0.6650306730355993 1.2759472499669997 205:1.0 
-10.0 10.0 
-10.0 10.0 
-0.0 6.304807098523966 96:1.0 325:1.0 
-10.0 10.0 
-10.0 10.0 
-10.0 10.0 
-10.0 10.0 
-10.0 10.0 
-10.0 10.0 
-10.0 10.0 
-10.0 10.0 
-10.0 10.0 
-10.0 10.0 
-10.0 10.0 236:1.0 275:1.0 
-4.103928042192215 2.266364423755111 74:1.0 269:1.0 370:1.0 373:1.0 
-10.0 10.0 
-10.0 10.0 
-10.0 10.0 
-10.0 10.0 
-10.0 10.0 
-2.460829487291593 1.2215334172684806 33:1.0 157:1.0 
-10.0 8.284984559049594 117:1.0 
-0.6649294920360249 6.825349288968467 382:1.0 
-0.08631050997419605 0.0 17:1.0 125:1.0 133:1.0 238:1.0 404:1.0 407:1.0 
-10.0 10.0 
-10.0 10.0 
-10.0 10.0 
-10.0 10.0 
-10.0 10.0 
-0.6649348874118045 9.607075129795703 350:1.0 
-10.0 10.0 
-10.0 10.0 69:1.0 
-10.0 10.0 
-0.0 1.1035733696395567 242:1.0 
-10.0 10.0 
-10.0 10.0 
-10.0 10.0 
-10.0 10.0 
-10.0 10.0 
-10.0 1.1615600208969523 199:1.0 354:1.0 
-0.2461749501510805 0.0 92:1.0 
-0.6648313081206175 8.098277418875018 213:1.0 
-10.0 10.0 
-0.0 0.14585252269130408 331:1.0 
-0.6648287027942295 6.341470023850949 193:1.0 
-10.0 10.0 
-0.4937430030617005 10.0 222:1.0 
-10.0 10.0 
-10.0 10.0 
-10.0 10.0 
-0.6647294051253847 10.0 235:1.0 
-10.0 10.0 
-10.0 10.0 
-10.0 10.0 
-10.0 10.0 
-10.0 10.0 
-10.0 10.0 
-10.0 10.0 
-10.0 10.0 
-10.0 10.0 
-10.0 10.0 
-10.0 10.0 
-4.843683419544124 10.0 27:1.0 136:1.0 228:1.0 289:1.0 401:1.0 
-0.0 5.053917147941852 246:1.0 359:1.0 431:1.0 
-10.0 10.0 
-0.5443386458485705 6.211998631764085 6:1.0 210:1.0 
-10.0 10.0 
-0.0 5.549815596052483 369:1.0 
-10.0 10.0 
-0.4186017598578736 0.0 49:1.0 127:1.0 166:1.0 180:1.0 252:1.0 288:1.0 314:1.0 392:1.0 424:1.0 433:1.0 441:1.0 443:1.0 454:1.0 459:1.0 463:1.0 473:1.0 
-10.0 10.0 
-10.0 10.0 
-10.0 10.0 
-10.0 10.0 
-10.0 10.0 
-10.0 1.3249619070363718 106:1.0 
-9.767197827194549 7.572263466898451 296:1.0 
-0.8150559765479497 1.1217951115753066 81:1.0 185:1.0 248:1.0 254:1.0 384:1.0 393:1.0 406:1.0 449:1.0 479:1.0 
-0.7488933565077194 1.0947573410342812 331:1.0 
-10.0 10.0 
-10.0 10.0 
-10.0 10.0 
-10.0 10.0 
-0.7425136144274874 1.0860491802108228 89:1.0 
-10.0 10.0 
-10.0 10.0 
-5.0507888765462114 10.0 251:1.0 
-10.0 10.0 354:1.0 
-10.0 10.0 
-10.0 10.0 
-0.7425038074131367 10.0 332:1.0 
-10.0 10.0 
-0.7894323701780968 10.0 52:1.0 156:1.0 444:1.0 
-0.8065958407713988 3.3493120942559256 90:1.0 365:1.0 376:1.0 
-10.0 10.0 
-0.7425884082598594 10.0 346:1.0 
-10.0 10.0 
-10.0 10.0 
-0.8663106286899016 1.0859168263694892 110:1.0 155:1.0 239:1.0 264:1.0 278:1.0 357:1.0 372:1.0 386:1.0 395:1.0 413:1.0 422:1.0 436:1.0 442:1.0 446:1.0 448:1.0 450:1.0 475:1.0 477:1.0 
-10.0 10.0 
-10.0 10.0 
-10.0 10.0 
-10.0 10.0 
-10.0 10.0 
-0.8289614177133038 6.167069604102121 108:1.0 128:1.0 
-10.0 10.0 
-0.7425712292388809 8.523634005774548 225:1.0 
-0.7427685489340239 1.0955159748965437 336:1.0 
-10.0 10.0 
-10.0 10.0 
-10.0 10.0 
-10.0 10.0 
-10.0 10.0 
-10.0 10.0 
-10.0 0.0 60:1.0 
-10.0 1.890888980457877 310:1.0 
-10.0 10.0 
-10.0 10.0 
-10.0 10.0 
-1.0968611085891773 10.0 
-10.0 0.0 19:1.0 
-0.0 10.0 
-0.0 10.0 
-0.0 10.0 
-0.0 10.0 
-3.8046230115204884 10.0 65:1.0 251:1.0 351:1.0 
-0.7796967617794924 9.40765605349612 162:1.0 
-1.0284756350639799 2.6690782996254026 95:1.0 138:1.0 163:1.0 184:1.0 383:1.0 
-0.0 10.0 
-0.0 10.0 
-0.0 10.0 
-5.807471982805558 0.0 354:1.0 369:1.0 
-0.0 10.0 
-0.0 10.0 
-10.0 1.287873705909787 42:1.0 
-0.0 10.0 
-0.0 10.0 
-0.0 10.0 
-10.0 -10.0 
-10.0 -10.0 
-10.0 -10.0 
-10.0 -10.0 
-10.0 -10.0 38:1.0 
-10.0 -10.0 
-10.0 -10.0 
-0.0 -10.0 120:1.0 
-10.0 -10.0 29:1.0 
-10.0 -10.0 
-10.0 -10.0 
-10.0 -10.0 
-10.0 -10.0 340:1.0 
-10.0 -10.0 
-10.0 -10.0 
-10.0 -10.0 
-10.0 -10.0 82:1.0 
-10.0 -10.0 
-10.0 -10.0 228:1.0 275:1.0 
-10.0 -10.0 
-0.0 -10.0 305:1.0 
-10.0 -10.0 
-3.0563566653786243 -10.0 178:1.0 
-0.0 -10.0 363:1.0 
-10.0 -10.0 41:1.0 
-10.0 -10.0 
-0.0 -10.0 75:1.0 
-10.0 -10.0 
-10.0 -10.0 
-0.0 -10.0 64:1.0 217:1.0 220:1.0 390:1.0 434:1.0 471:1.0 
-10.0 -10.0 
-10.0 -10.0 
-0.0 -10.0 144:1.0 
-10.0 -10.0 
-10.0 -10.0 
-10.0 -10.0 192:1.0 
-10.0 -10.0 
-10.0 -10.0 
-10.0 -10.0 
-10.0 -10.0 
-10.0 -10.0 
-3.9953387211268647 -10.0 382:1.0 
-7.366849499724698 -10.0 116:1.0 198:1.0 
-10.0 -10.0 
-1.0548569977931161 -10.0 273:1.0 
-0.0 -10.0 299:1.0 
-10.0 -10.0 
-10.0 -10.0 
-10.0 -10.0 
-0.0 -10.0 136:1.0 289:1.0 401:1.0 
-10.0 -10.0 
-0.6722445815363126 -10.0 13:1.0 141:1.0 
-10.0 -10.0 
-10.0 -10.0 
-10.0 -10.0 43:1.0 
-10.0 -10.0 
-10.0 -10.0 159:1.0 352:1.0 
-0.0 -10.0 305:1.0 
-10.0 -10.0 
-10.0 -10.0 
-10.0 -10.0 
-0.0 -10.0 311:1.0 
-10.0 -10.0 
-2.2640970571402286 -10.0 77:1.0 307:1.0 
-10.0 -10.0 
-10.0 -10.0 
-10.0 -10.0 
-0.0 -10.0 211:1.0 363:1.0 
-10.0 -10.0 
-10.0 -10.0 
-10.0 -10.0 
-2.307715667985477 -10.0 90:1.0 365:1.0 
-0.6014273172595647 -10.0 87:1.0 192:1.0 
-10.0 -10.0 
-10.0 -10.0 
-10.0 -10.0 
-3.967829473978927 -10.0 367:1.0 
-10.0 -10.0 
-10.0 -10.0 
-10.0 -10.0 
-0.0 -10.0 26:1.0 
-0.7078719436861253 -10.0 211:1.0 332:1.0 
-0.0 -10.0 79:1.0 262:1.0 
-2.367282804837446 -10.0 327:1.0 351:1.0 
-10.0 -10.0 
-10.0 -10.0 
-0.0 -10.0 349:1.0 
-10.0 -10.0 
-3.959772132390271 -10.0 347:1.0 
-0.0 -10.0 270:1.0 
-10.0 -10.0 
-10.0 -10.0 
-10.0 -10.0 
-0.0 -10.0 222:1.0 
-10.0 -10.0 
-10.0 -10.0 23:1.0 25:1.0 
-0.0 -10.0 54:1.0 
-0.0 -10.0 114:1.0 265:1.0 
-4.0947222630244 -10.0 227:1.0 
-10.0 -10.0 
-10.0 -10.0 
-0.1549641109644231 -10.0 65:1.0 271:1.0 350:1.0 
-0.0 -10.0 44:1.0 105:1.0 204:1.0 
-10.0 -10.0 
-7.234309823097729 -10.0 258:1.0 308:1.0 
-10.0 -10.0 
-4.0270407414659255 -10.0 242:1.0 
-4.028925718498559 -10.0 96:1.0 
-10.0 -10.0 
-10.0 -10.0 
-10.0 -10.0 
-10.0 -10.0 
-10.0 -10.0 
-4.029169139246594 -10.0 51:1.0 
-3.8187535758469418 -10.0 105:1.0 201:1.0 230:1.0 235:1.0 304:1.0 
-10.0 -10.0 
-10.0 -10.0 
-10.0 -10.0 
-10.0 -10.0 
-0.0 -10.0 93:1.0 215:1.0 
-3.0588251974994836 -10.0 251:1.0 
-10.0 -10.0 347:1.0 
-0.0 -10.0 153:1.0 363:1.0 
-4.029656097014136 -10.0 59:1.0 
-10.0 -10.0 
-10.0 -10.0 195:1.0 380:1.0 
-10.0 -10.0 
-10.0 -10.0 
-10.0 -10.0 
-10.0 -10.0 
-10.0 -10.0 
-10.0 -10.0 
-10.0 -10.0 138:1.0 
-10.0 -10.0 
-10.0 -10.0 
-10.0 -10.0 
-4.031236463576811 -10.0 338:1.0 
-10.0 -10.0 
-0.0 -10.0 222:1.0 
-10.0 -10.0 
-10.0 -10.0 
-10.0 -10.0 
-10.0 -10.0 
-10.0 -10.0 55:1.0 253:1.0 352:1.0 420:1.0 
-10.0 -10.0 
-10.0 -10.0 
-10.0 -10.0 354:1.0 
-10.0 -10.0 
-0.0 -10.0 24:1.0 
-0.0 -10.0 55:1.0 
-0.0 -10.0 349:1.0 
-0.0 -10.0 52:1.0 156:1.0 240:1.0 342:1.0 388:1.0 421:1.0 444:1.0 460:1.0 472:1.0 
-0.5935632633093597 -10.0 167:1.0 251:1.0 
-10.0 -10.0 
-4.034863471451939 -10.0 97:1.0 
-0.0 -10.0 224:1.0 
-10.0 -10.0 
-0.0 -10.0 246:1.0 
-10.0 -10.0 
-10.0 -10.0 
-10.0 -10.0 
-10.0 -10.0 
-10.0 -10.0 
-10.0 -10.0 
-4.038391550336016 -10.0 267:1.0 
-4.040228581310529 -10.0 225:1.0 
-10.0 -10.0 
-1.5684457388933373 -10.0 36:1.0 128:1.0 272:1.0 
-10.0 -10.0 
-10.0 -10.0 
-7.397698947233105 -10.0 67:1.0 266:1.0 
-7.436868359922681 -10.0 44:1.0 324:1.0 
-10.0 -10.0 
-10.0 -10.0 
-10.0 -10.0 45:1.0 249:1.0 402:1.0 
-4.025272618996061 -10.0 189:1.0 
-10.0 -10.0 310:1.0 
-10.0 -10.0 
-10.0 -10.0 
-3.980083164907495 -10.0 326:1.0 
-10.0 -10.0 
-0.0 -10.0 23:1.0 330:1.0 
-10.0 -10.0 
-10.0 -10.0 351:1.0 
-10.0 -10.0 233:1.0 
-0.0 -10.0 84:1.0 
-0.0 -10.0 148:1.0 244:1.0 
-10.0 -10.0 
-0.7791128335551252 -10.0 76:1.0 310:1.0 
-10.0 -10.0 
-10.0 -10.0 245:1.0 
-10.0 -10.0 
-10.0 -10.0 
-10.0 -10.0 
-0.0 -10.0 311:1.0 
-10.0 -10.0 2:1.0 71:1.0 
-10.0 -10.0 
-10.0 -10.0 
-0.0 -10.0 298:1.0 
-10.0 -10.0 
-10.0 -10.0 
-10.0 -10.0 236:1.0 
-0.0 -10.0 168:1.0 379:1.0 417:1.0 
-10.0 -10.0 222:1.0 233:1.0 353:1.0 362:1.0 
-0.0 -10.0 120:1.0 
-10.0 -10.0 
-10.0 -10.0 
-3.9879834297946126 -10.0 85:1.0 
-10.0 -10.0 
-10.0 -10.0 137:1.0 243:1.0 
-10.0 -10.0 
-10.0 -10.0 
-3.191230571335676 -10.0 215:1.0 373:1.0 383:1.0 
-10.0 -10.0 
-10.0 -10.0 
-7.44050786934849 -10.0 119:1.0 209:1.0 
-10.0 -10.0 
-10.0 -10.0 202:1.0 283:1.0 400:1.0 
-2.776370887766489 -10.0 211:1.0 
-0.8289948399133874 -10.0 26:1.0 256:1.0 272:1.0 369:1.0 371:1.0 
-3.8885188362269507 -10.0 300:1.0 
-10.0 -10.0 
-10.0 -10.0 
-2.3925655455612826 -10.0 79:1.0 262:1.0 
-0.0 -10.0 151:1.0 
-10.0 -10.0 
-10.0 -10.0 
-10.0 -10.0 
-10.0 -10.0 
-10.0 -10.0 
-10.0 -10.0 
-10.0 -10.0 
-10.0 -10.0 
-10.0 -10.0 100:1.0 
-0.0 -10.0 15:1.0 
-10.0 -10.0 
-10.0 -10.0 
-10.0 -10.0 257:1.0 
-10.0 -10.0 
-10.0 -10.0 
-10.0 -10.0 
-10.0 -10.0 
-0.0 -10.0 225:1.0 294:1.0 
-0.0 -10.0 135:1.0 150:1.0 
-10.0 -10.0 
-10.0 -10.0 
-10.0 -10.0 
-10.0 -10.0 
-10.0 -10.0 
-0.0 -10.0 119:1.0 
-10.0 -10.0 
-10.0 -10.0 
-4.060436697655633 -10.0 265:1.0 
-4.898116356378844 -10.0 206:1.0 222:1.0 371:1.0 
-10.0 -10.0 
-10.0 -10.0 
-10.0 -10.0 
-10.0 -10.0 
-10.0 -10.0 
-3.9090494303812684 -10.0 82:1.0 105:1.0 244:1.0 
-0.0 -10.0 363:1.0 
-5.0 -10.0 243:1.0 
-10.0 -10.0 
-9.747194948831432 -10.0 251:1.0 
-10.0 -10.0 
-10.0 -10.0 
-10.0 -10.0 
-5.127213541396847 -10.0 118:1.0 271:1.0 279:1.0 
-10.0 -10.0 
-3.2363275230156514 -10.0 26:1.0 
-10.0 -10.0 
-4.091000248042712 -10.0 226:1.0 
-0.7056825651773768 -10.0 273:1.0 293:1.0 
-10.0 -10.0 
-10.0 -10.0 11:1.0 
-10.0 -10.0 
-10.0 -10.0 
-10.0 -10.0 
-10.0 -10.0 
-10.0 -10.0 
-10.0 -10.0 
-10.0 -10.0 
-10.0 -10.0 
-4.035304280142271 -10.0 102:1.0 
-10.0 -10.0 
-10.0 -10.0 307:1.0 
-0.0 -10.0 64:1.0 217:1.0 220:1.0 390:1.0 434:1.0 471:1.0 
-10.0 -10.0 
-4.074446112408318 -10.0 84:1.0 
-10.0 -10.0 
-0.0 -10.0 276:1.0 
-10.0 -10.0 
-0.6819271635900643 -10.0 336:1.0 369:1.0 
-10.0 -10.0 
-10.0 -10.0 
-10.0 -10.0 
-10.0 -10.0 22:1.0 118:1.0 
-10.0 -10.0 
-10.0 -10.0 
-4.035586878154807 -10.0 32:1.0 
-1.3293430669184227 -10.0 64:1.0 217:1.0 220:1.0 390:1.0 434:1.0 471:1.0 
-10.0 -10.0 
-2.3583956541398896 -10.0 29:1.0 88:1.0 
-0.0 -10.0 369:1.0 
-10.0 -10.0 
-10.0 -10.0 
-10.0 -10.0 
-10.0 -10.0 
-4.040228581310438 -10.0 14:1.0 
-10.0 -10.0 
-10.0 -10.0 135:1.0 
-10.0 -10.0 
-10.0 -10.0 
-10.0 -10.0 
-0.0 -10.0 363:1.0 
-10.0 -10.0 259:1.0 
-10.0 -10.0 325:1.0 
-4.038391550336117 -10.0 120:1.0 
-10.0 -10.0 
-0.796699921528751 -10.0 243:1.0 315:1.0 
-0.8800340388365874 -10.0 52:1.0 156:1.0 204:1.0 306:1.0 419:1.0 444:1.0 
-4.037975994554282 -10.0 148:1.0 
-4.034863471451869 -10.0 27:1.0 
-10.0 -10.0 
-10.0 -10.0 
-10.0 -10.0 
-10.0 -10.0 
-10.0 -10.0 
-4.03264377412803 -10.0 311:1.0 
-0.0 -10.0 15:1.0 102:1.0 
-0.9216874563676328 -10.0 31:1.0 178:1.0 
-10.0 -10.0 
-4.031236463576753 -10.0 123:1.0 
-0.9121457721338797 -10.0 62:1.0 113:1.0 
-10.0 -10.0 
-10.0 -10.0 
-10.0 -10.0 
-0.0 -10.0 28:1.0 40:1.0 99:1.0 130:1.0 176:1.0 197:1.0 273:1.0 320:1.0 343:1.0 366:1.0 389:1.0 398:1.0 405:1.0 410:1.0 411:1.0 414:1.0 427:1.0 428:1.0 445:1.0 447:1.0 451:1.0 455:1.0 457:1.0 464:1.0 468:1.0 470:1.0 474:1.0 
-10.0 -10.0 
-0.0 -10.0 251:1.0 273:1.0 344:1.0 
-4.030847904644479 -10.0 232:1.0 
-10.0 -10.0 
-10.0 -10.0 
-10.0 -10.0 
-4.030693605632368 -10.0 140:1.0 
-10.0 -10.0 
-10.0 -10.0 
-10.0 -10.0 
-10.0 -10.0 
-10.0 -10.0 39:1.0 142:1.0 
-10.0 -10.0 
-10.0 -10.0 
-0.0 -10.0 214:1.0 
-4.030539282054189 -10.0 131:1.0 
-4.030384933906164 -10.0 299:1.0 
-10.0 -10.0 45:1.0 249:1.0 402:1.0 
-4.029656097014178 -10.0 61:1.0 
-10.0 -10.0 
-10.0 -10.0 
-10.0 -10.0 300:1.0 
-10.0 -10.0 352:1.0 
-1.8493097729437113 -10.0 168:1.0 379:1.0 417:1.0 
-0.0 -10.0 276:1.0 
-10.0 -10.0 
-10.0 -10.0 
-10.0 -10.0 
-10.0 -10.0 
-0.0 -10.0 184:1.0 
-10.0 -10.0 
-10.0 -10.0 310:1.0 
-10.0 -10.0 259:1.0 274:1.0 364:1.0 
-10.0 -10.0 
-10.0 -10.0 69:1.0 
-0.0 -10.0 7:1.0 
-0.0 -10.0 23:1.0 100:1.0 
-0.0 -10.0 5:1.0 44:1.0 57:1.0 204:1.0 
-10.0 -10.0 
-7.447307362117886 -10.0 150:1.0 259:1.0 
-3.9865926496295847 -10.0 138:1.0 
-10.0 -10.0 
-0.606975058876978 -10.0 57:1.0 251:1.0 
-10.0 -10.0 
-10.0 -10.0 
-10.0 -10.0 
-0.0 -10.0 280:1.0 
-10.0 -10.0 
-4.029169139246655 -10.0 114:1.0 
-10.0 -10.0 
-10.0 -10.0 
-10.0 -10.0 
-10.0 -10.0 249:1.0 368:1.0 
-2.3271124991231193 -10.0 157:1.0 162:1.0 
-10.0 -10.0 
-10.0 -10.0 
-10.0 -10.0 
-10.0 -10.0 
-10.0 -10.0 
-10.0 -10.0 
-10.0 -10.0 
-10.0 -10.0 
-4.028925718498526 -10.0 329:1.0 
-10.0 -10.0 
-10.0 -10.0 
-10.0 -10.0 145:1.0 174:1.0 191:1.0 
-10.0 -10.0 
-4.027040741465976 -10.0 153:1.0 
-0.0 -10.0 363:1.0 
-0.0 -10.0 28:1.0 40:1.0 99:1.0 107:1.0 130:1.0 176:1.0 197:1.0 273:1.0 320:1.0 343:1.0 366:1.0 389:1.0 398:1.0 405:1.0 410:1.0 411:1.0 414:1.0 427:1.0 428:1.0 445:1.0 447:1.0 451:1.0 455:1.0 457:1.0 464:1.0 468:1.0 470:1.0 474:1.0 
-10.0 -10.0 
-0.0 -10.0 285:1.0 
-1.3837808864632328 -10.0 133:1.0 238:1.0 284:1.0 339:1.0 404:1.0 
-10.0 -10.0 
-10.0 -10.0 
-10.0 -10.0 
-10.0 -10.0 
-7.451001458131241 -10.0 21:1.0 276:1.0 
-10.0 -10.0 
-10.0 -10.0 
-0.0 -10.0 70:1.0 
-10.0 -10.0 47:1.0 
-10.0 -10.0 
-10.0 -10.0 
-10.0 -10.0 
-10.0 -10.0 
-5.0 -10.0 298:1.0 
-3.6966050371854955 -10.0 109:1.0 147:1.0 289:1.0 
-10.0 -10.0 
-3.9242577050898637 -10.0 70:1.0 
-10.0 -10.0 
-10.0 -10.0 
-10.0 -10.0 
-10.0 -10.0 
-4.026946848399738 -10.0 224:1.0 
-10.0 -10.0 
-10.0 -10.0 
-2.2921063422355554 -10.0 195:1.0 368:1.0 
-10.0 -10.0 
-3.9708115729417157 -10.0 294:1.0 
-10.0 -10.0 
-10.0 -10.0 292:1.0 
-10.0 -10.0 
-10.0 -10.0 310:1.0 
-10.0 -10.0 
-10.0 -10.0 
-10.0 -10.0 
-10.0 -10.0 
-0.1653285707352346 -10.0 235:1.0 
-10.0 -10.0 
-10.0 -10.0 50:1.0 280:1.0 
-3.9953387211268647 -10.0 290:1.0 
-3.3934252025608087 -10.0 87:1.0 
-8.968816701662053 -10.0 298:1.0 
-10.0 -10.0 
-10.0 -10.0 
-10.0 -10.0 
-10.0 -10.0 
-10.0 -10.0 
-10.0 -10.0 
-10.0 -10.0 
-10.0 -10.0 
-0.0 -10.0 215:1.0 341:1.0 
-3.992915337809869 -10.0 37:1.0 
-0.0 -10.0 346:1.0 
-10.0 -10.0 
-10.0 -10.0 
-10.0 -10.0 198:1.0 
-10.0 -10.0 
-0.0 -10.0 371:1.0 
-10.0 -10.0 
-0.0 -10.0 52:1.0 156:1.0 240:1.0 342:1.0 388:1.0 421:1.0 444:1.0 460:1.0 472:1.0 
-10.0 -10.0 
-0.0 -10.0 190:1.0 
-10.0 -10.0 
-0.8407373846583411 -10.0 52:1.0 156:1.0 240:1.0 342:1.0 388:1.0 421:1.0 444:1.0 460:1.0 472:1.0 
-10.0 -10.0 
-10.0 -10.0 310:1.0 
-0.0 -10.0 378:1.0 
-10.0 -10.0 
-10.0 -10.0 117:1.0 
-10.0 -10.0 
-10.0 -10.0 
-10.0 -10.0 
-4.087854227866121 -10.0 182:1.0 
-0.0 -10.0 261:1.0 
-10.0 -10.0 
-10.0 -10.0 
-10.0 -10.0 
-10.0 -10.0 
-10.0 -10.0 
-10.0 -10.0 
-10.0 -10.0 
-10.0 -10.0 
-10.0 -10.0 
-10.0 -10.0 
-4.08541986286727 -10.0 75:1.0 
-10.0 -10.0 
-10.0 -10.0 
-0.6311850458828493 -10.0 136:1.0 289:1.0 401:1.0 
-10.0 -10.0 
-10.0 -10.0 164:1.0 196:1.0 219:1.0 316:1.0 
-10.0 -10.0 
-5.845672036591402 -10.0 215:1.0 341:1.0 
-3.9665754470816506 -10.0 378:1.0 
-10.0 -10.0 53:1.0 346:1.0 
-10.0 -10.0 
-10.0 -10.0 70:1.0 
-10.0 -10.0 
-3.9705912978528812 -10.0 193:1.0 
-10.0 -10.0 
-0.0 -10.0 105:1.0 304:1.0 
-10.0 -10.0 202:1.0 
-10.0 -10.0 
-10.0 -10.0 
-10.0 -10.0 122:1.0 
-10.0 -10.0 
-0.0 -10.0 363:1.0 
-10.0 -10.0 
-2.5478977951189368 -10.0 369:1.0 
-0.0 -10.0 363:1.0 
-10.0 -10.0 45:1.0 91:1.0 146:1.0 249:1.0 355:1.0 391:1.0 402:1.0 423:1.0 425:1.0 458:1.0 466:1.0 481:1.0 
-4.090605285579304 -10.0 104:1.0 
-0.0 -10.0 72:1.0 97:1.0 109:1.0 339:1.0 
-10.0 -10.0 309:1.0 
-10.0 -10.0 
-10.0 -10.0 
-10.0 -10.0 
-10.0 -10.0 
-10.0 -10.0 126:1.0 
-0.0 -10.0 2:1.0 327:1.0 
-7.346650762202339 -10.0 174:1.0 187:1.0 
-10.0 -10.0 
-4.003650300894084 -10.0 132:1.0 
-1.153596872747667 -10.0 81:1.0 185:1.0 248:1.0 254:1.0 384:1.0 393:1.0 406:1.0 449:1.0 479:1.0 
-10.0 -10.0 
-10.0 -10.0 
-4.0053407750431544 -10.0 7:1.0 
-10.0 -10.0 
-10.0 -10.0 
-10.0 -10.0 
-10.0 -10.0 
-10.0 -10.0 
-10.0 -10.0 
-10.0 -10.0 
-10.0 -10.0 
-10.0 -10.0 
-10.0 -10.0 141:1.0 
-10.0 -10.0 
-10.0 -10.0 
-10.0 -10.0 
-10.0 -10.0 
-10.0 -10.0 
-10.0 -10.0 
-3.932076233313358 -10.0 322:1.0 
-4.057430473261766 -10.0 214:1.0 
-10.0 -10.0 
-10.0 -10.0 
-4.035586878154797 -10.0 190:1.0 
-10.0 -10.0 375:1.0 
-10.0 -10.0 
-10.0 -10.0 
-0.0 -10.0 289:1.0 
-10.0 -10.0 
-10.0 -10.0 
-10.0 -10.0 
-10.0 -10.0 
-10.0 -10.0 
-10.0 -10.0 
-10.0 -10.0 180:1.0 
-10.0 -10.0 
-10.0 -10.0 
-4.110681226450412 -10.0 363:1.0 
-3.898772034193595 -10.0 98:1.0 
-0.0 -10.0 321:1.0 
-10.0 -10.0 
-3.9705912978528413 -10.0 260:1.0 
-10.0 -10.0 
-3.8848885597358134 -10.0 177:1.0 
-8.20378295437992 -10.0 243:1.0 
-3.96657544708164 -10.0 210:1.0 
-10.0 -10.0 
-10.0 -10.0 
-3.345486752368849 -10.0 13:1.0 
-10.0 -10.0 
-10.0 -10.0 
-10.0 -10.0 
-10.0 -10.0 
-10.0 -10.0 
-4.037975994554277 -10.0 246:1.0 
-7.389669693886859 -10.0 54:1.0 94:1.0 
-10.0 -10.0 207:1.0 
-10.0 -10.0 
-3.9700018223029687 -10.0 24:1.0 109:1.0 257:1.0 
-10.0 -10.0 
-3.0656950160133576 -10.0 62:1.0 
-10.0 -10.0 
-10.0 -10.0 
-0.0 -10.0 119:1.0 
-10.0 -10.0 
-10.0 -10.0 198:1.0 
-10.0 -10.0 104:1.0 296:1.0 
-10.0 -10.0 
-10.0 -10.0 
-10.0 -10.0 41:1.0 144:1.0 
-10.0 -10.0 
-2.2684368736704306 -10.0 28:1.0 40:1.0 99:1.0 107:1.0 130:1.0 176:1.0 197:1.0 273:1.0 320:1.0 343:1.0 366:1.0 389:1.0 398:1.0 405:1.0 410:1.0 411:1.0 414:1.0 427:1.0 428:1.0 445:1.0 447:1.0 451:1.0 455:1.0 457:1.0 464:1.0 468:1.0 470:1.0 474:1.0 
-10.0 -10.0 
-10.0 -10.0 
-4.032643774127981 -10.0 333:1.0 
-10.0 -10.0 198:1.0 
-10.0 -10.0 
-10.0 -10.0 
-10.0 -10.0 
-10.0 -10.0 
-10.0 -10.0 
-10.0 -10.0 
-0.0 -10.0 142:1.0 
-10.0 -10.0 
-10.0 -10.0 
-0.0 -10.0 37:1.0 191:1.0 
-10.0 -10.0 
-10.0 -10.0 
-10.0 -10.0 
-10.0 -10.0 
-10.0 -10.0 
-10.0 -10.0 
-10.0 -10.0 
-10.0 -10.0 9:1.0 
-4.0308479046445225 -10.0 349:1.0 
-4.030693605632329 -10.0 285:1.0 
-4.03053928205423 -10.0 305:1.0 
-4.030384933906184 -10.0 270:1.0 
-10.0 -10.0 334:1.0 
-4.026946848399714 -10.0 261:1.0 
-3.9879834297945855 -10.0 269:1.0 
-10.0 -10.0 
-2.392323946538831 -10.0 316:1.0 337:1.0 
-10.0 -10.0 
-3.97081157294169 -10.0 46:1.0 
-10.0 -10.0 281:1.0 
-10.0 -10.0 
-10.0 -10.0 
-10.0 -10.0 
-4.030119427383479 -10.0 101:1.0 
-10.0 -10.0 244:1.0 
-10.0 -10.0 200:1.0 
-4.035304280142251 -10.0 223:1.0 
-10.0 -10.0 
-0.0 -10.0 174:1.0 
-10.0 -10.0 
-10.0 -10.0 
-0.0 -10.0 116:1.0 183:1.0 
-10.0 -10.0 
-0.0 -10.0 151:1.0 
-4.047872340425441 -10.0 151:1.0 
-10.0 -10.0 
-10.0 -10.0 
-3.9642326461716406 -10.0 321:1.0 
-3.8957059556894835 -10.0 15:1.0 304:1.0 335:1.0 
-10.0 -10.0 
-10.0 -10.0 
-10.0 -10.0 
-10.0 -10.0 
-10.0 -10.0 
-10.0 -10.0 
-4.04787234042564 -10.0 237:1.0 
-10.0 -10.0 
-10.0 -10.0 
-10.0 -10.0 
-4.030119427383629 -10.0 184:1.0 
-10.0 -10.0 
-4.087497766041665 -10.0 360:1.0 
-10.0 -10.0 
-10.0 -10.0 
-10.0 -10.0 
-10.0 -10.0 138:1.0 186:1.0 
-10.0 -10.0 
-10.0 -10.0 
-3.056136792520979 -10.0 76:1.0 
-10.0 -10.0 
-10.0 -10.0 
-0.5967682312802807 -10.0 211:1.0 213:1.0 
-10.0 -10.0 
