svm_type c_svc
kernel_type rbf
gamma 1.0E-5
nr_class 3
total_sv 1946
rho 0.9788057804107666 0.9830370797388553 -0.990613186064164
label 2 0 1
nr_sv 516 748 682
SV
10.0 10.0 
10.0 10.0 374:1.0 
10.0 10.0 
10.0 10.0 91:1.0 172:1.0 249:1.0 355:1.0 391:1.0 425:1.0 481:1.0 
10.0 10.0 39:1.0 
10.0 10.0 138:1.0 274:1.0 334:1.0 
10.0 10.0 
10.0 10.0 
10.0 10.0 
10.0 10.0 
10.0 10.0 
10.0 10.0 
10.0 10.0 
10.0 10.0 
10.0 10.0 
10.0 10.0 53:1.0 159:1.0 302:1.0 352:1.0 
10.0 10.0 324:1.0 
10.0 10.0 
10.0 10.0 
10.0 10.0 
10.0 10.0 
10.0 10.0 
10.0 10.0 207:1.0 
10.0 10.0 
10.0 10.0 
10.0 10.0 69:1.0 
10.0 10.0 
10.0 10.0 
10.0 10.0 275:1.0 
10.0 10.0 
10.0 10.0 
10.0 10.0 
10.0 10.0 
10.0 10.0 
10.0 10.0 
10.0 10.0 218:1.0 244:1.0 
10.0 10.0 
10.0 10.0 106:1.0 111:1.0 
10.0 10.0 
10.0 10.0 
10.0 10.0 22:1.0 38:1.0 80:1.0 216:1.0 387:1.0 416:1.0 480:1.0 
10.0 10.0 
10.0 10.0 91:1.0 172:1.0 249:1.0 355:1.0 391:1.0 425:1.0 481:1.0 
10.0 10.0 
10.0 10.0 
10.0 10.0 
10.0 10.0 12:1.0 
10.0 10.0 
10.0 10.0 
10.0 10.0 
10.0 10.0 
10.0 10.0 
10.0 10.0 274:1.0 
10.0 10.0 
10.0 10.0 
10.0 10.0 
10.0 10.0 60:1.0 
10.0 10.0 
10.0 10.0 
10.0 10.0 
10.0 10.0 126:1.0 370:1.0 
10.0 10.0 103:1.0 129:1.0 263:1.0 415:1.0 438:1.0 465:1.0 
10.0 10.0 
10.0 10.0 
10.0 10.0 
10.0 10.0 107:1.0 134:1.0 
10.0 10.0 195:1.0 
10.0 10.0 138:1.0 
10.0 10.0 
10.0 10.0 
10.0 10.0 45:1.0 91:1.0 146:1.0 249:1.0 301:1.0 340:1.0 355:1.0 391:1.0 402:1.0 423:1.0 425:1.0 458:1.0 466:1.0 481:1.0 
10.0 10.0 25:1.0 172:1.0 
10.0 10.0 
10.0 10.0 
10.0 10.0 
10.0 10.0 25:1.0 30:1.0 
10.0 10.0 
10.0 10.0 192:1.0 
10.0 10.0 
10.0 10.0 
10.0 10.0 
10.0 10.0 
10.0 10.0 
10.0 10.0 
10.0 10.0 
10.0 10.0 
10.0 10.0 
10.0 10.0 
10.0 10.0 170:1.0 
10.0 10.0 309:1.0 
10.0 10.0 107:1.0 352:1.0 
10.0 10.0 106:1.0 364:1.0 
10.0 10.0 45:1.0 91:1.0 146:1.0 249:1.0 355:1.0 391:1.0 402:1.0 423:1.0 425:1.0 458:1.0 466:1.0 481:1.0 
10.0 10.0 
10.0 10.0 364:1.0 
10.0 10.0 
10.0 10.0 
10.0 10.0 22:1.0 145:1.0 
10.0 10.0 21:1.0 
10.0 10.0 30:1.0 
10.0 10.0 
10.0 10.0 291:1.0 
10.0 10.0 
10.0 10.0 107:1.0 
10.0 10.0 
10.0 10.0 
10.0 10.0 
10.0 10.0 126:1.0 
10.0 10.0 
10.0 10.0 
10.0 10.0 
10.0 10.0 
10.0 10.0 
10.0 10.0 
10.0 10.0 
10.0 10.0 206:1.0 230:1.0 
10.0 10.0 91:1.0 
10.0 10.0 
10.0 10.0 
10.0 10.0 
10.0 10.0 
10.0 10.0 172:1.0 
10.0 10.0 
10.0 10.0 
10.0 10.0 
10.0 10.0 3:1.0 34:1.0 86:1.0 
10.0 10.0 
10.0 10.0 
10.0 10.0 
10.0 10.0 281:1.0 300:1.0 
10.0 10.0 
10.0 10.0 
10.0 10.0 67:1.0 
10.0 10.0 
10.0 10.0 
10.0 10.0 43:1.0 
10.0 10.0 
10.0 10.0 
10.0 10.0 
10.0 10.0 
10.0 10.0 
10.0 10.0 
10.0 10.0 121:1.0 152:1.0 323:1.0 403:1.0 408:1.0 462:1.0 
10.0 10.0 325:1.0 
10.0 10.0 
10.0 10.0 
10.0 10.0 
10.0 10.0 375:1.0 
10.0 10.0 
10.0 10.0 
10.0 10.0 
10.0 10.0 
10.0 10.0 
10.0 10.0 
10.0 10.0 94:1.0 352:1.0 
10.0 10.0 
10.0 10.0 
10.0 10.0 
10.0 10.0 
10.0 10.0 9:1.0 11:1.0 
10.0 10.0 236:1.0 310:1.0 
10.0 10.0 9:1.0 11:1.0 257:1.0 
10.0 10.0 259:1.0 
10.0 10.0 
10.0 10.0 25:1.0 
10.0 10.0 100:1.0 
10.0 10.0 117:1.0 118:1.0 
10.0 10.0 202:1.0 283:1.0 400:1.0 
10.0 10.0 147:1.0 161:1.0 
10.0 10.0 259:1.0 
10.0 10.0 124:1.0 222:1.0 310:1.0 
10.0 10.0 
10.0 10.0 
10.0 10.0 251:1.0 
10.0 10.0 218:1.0 
10.0 10.0 16:1.0 71:1.0 228:1.0 337:1.0 362:1.0 
10.0 10.0 207:1.0 
10.0 10.0 124:1.0 
10.0 10.0 
10.0 10.0 
10.0 10.0 
10.0 10.0 50:1.0 124:1.0 
10.0 10.0 
10.0 10.0 
10.0 10.0 
10.0 10.0 
10.0 10.0 198:1.0 249:1.0 301:1.0 355:1.0 391:1.0 
10.0 10.0 10:1.0 181:1.0 
10.0 10.0 
10.0 10.0 209:1.0 
10.0 10.0 
10.0 10.0 
10.0 10.0 
10.0 10.0 
10.0 10.0 
10.0 10.0 
10.0 10.0 233:1.0 
10.0 10.0 
10.0 10.0 307:1.0 
10.0 10.0 
10.0 10.0 
10.0 10.0 198:1.0 
10.0 10.0 
10.0 10.0 
10.0 10.0 
10.0 10.0 328:1.0 
10.0 10.0 
10.0 10.0 
10.0 10.0 
10.0 10.0 135:1.0 
10.0 10.0 352:1.0 
10.0 10.0 34:1.0 159:1.0 
10.0 10.0 
10.0 10.0 249:1.0 
10.0 10.0 
10.0 10.0 107:1.0 
10.0 10.0 170:1.0 
10.0 10.0 
10.0 10.0 200:1.0 
10.0 10.0 375:1.0 
10.0 10.0 198:1.0 
10.0 10.0 
10.0 10.0 
10.0 10.0 274:1.0 
10.0 10.0 
10.0 10.0 354:1.0 
10.0 10.0 
10.0 10.0 283:1.0 
10.0 10.0 
10.0 10.0 82:1.0 
10.0 10.0 
10.0 10.0 
10.0 10.0 180:1.0 318:1.0 
10.0 10.0 
10.0 10.0 
10.0 10.0 134:1.0 233:1.0 
10.0 10.0 195:1.0 
10.0 10.0 
10.0 10.0 91:1.0 145:1.0 146:1.0 179:1.0 418:1.0 423:1.0 432:1.0 
10.0 10.0 
10.0 10.0 
10.0 10.0 22:1.0 38:1.0 80:1.0 91:1.0 179:1.0 216:1.0 387:1.0 416:1.0 418:1.0 480:1.0 
10.0 10.0 82:1.0 243:1.0 
10.0 10.0 
10.0 10.0 
10.0 10.0 
10.0 10.0 241:1.0 249:1.0 
10.0 10.0 
10.0 10.0 243:1.0 
10.0 10.0 354:1.0 
10.0 10.0 
10.0 10.0 
10.0 10.0 
10.0 10.0 
10.0 10.0 
10.0 10.0 310:1.0 
10.0 10.0 
10.0 10.0 
10.0 10.0 
10.0 10.0 
10.0 10.0 
10.0 10.0 121:1.0 152:1.0 323:1.0 403:1.0 408:1.0 462:1.0 
10.0 10.0 
10.0 10.0 145:1.0 
10.0 10.0 
10.0 10.0 
10.0 10.0 279:1.0 
10.0 10.0 10:1.0 186:1.0 
10.0 10.0 
10.0 10.0 
10.0 10.0 
10.0 10.0 230:1.0 
10.0 10.0 19:1.0 41:1.0 86:1.0 
10.0 10.0 
10.0 10.0 
10.0 10.0 41:1.0 256:1.0 
10.0 10.0 41:1.0 
10.0 10.0 
10.0 10.0 
10.0 10.0 
10.0 10.0 
10.0 10.0 
10.0 10.0 
10.0 10.0 
10.0 10.0 354:1.0 
10.0 10.0 
10.0 10.0 
10.0 10.0 
10.0 10.0 
10.0 10.0 86:1.0 158:1.0 
10.0 10.0 16:1.0 
10.0 10.0 
10.0 10.0 
10.0 10.0 
10.0 10.0 
10.0 10.0 
10.0 10.0 362:1.0 
10.0 10.0 354:1.0 
10.0 10.0 173:1.0 
10.0 10.0 
10.0 10.0 47:1.0 352:1.0 
10.0 10.0 
10.0 10.0 
10.0 10.0 112:1.0 373:1.0 
10.0 10.0 
10.0 10.0 
10.0 10.0 34:1.0 126:1.0 159:1.0 
10.0 10.0 
10.0 10.0 
10.0 10.0 
10.0 10.0 
10.0 10.0 199:1.0 
10.0 10.0 
10.0 10.0 
10.0 10.0 
10.0 10.0 
10.0 10.0 
10.0 10.0 
10.0 10.0 274:1.0 302:1.0 
10.0 10.0 
10.0 10.0 
10.0 10.0 86:1.0 312:1.0 
10.0 10.0 348:1.0 439:1.0 
10.0 10.0 
10.0 10.0 328:1.0 
10.0 10.0 
10.0 10.0 
10.0 10.0 
10.0 10.0 277:1.0 
10.0 10.0 
10.0 10.0 103:1.0 129:1.0 263:1.0 415:1.0 438:1.0 465:1.0 
10.0 10.0 29:1.0 42:1.0 
10.0 10.0 245:1.0 
10.0 10.0 161:1.0 
10.0 10.0 
10.0 10.0 
10.0 10.0 
10.0 10.0 
10.0 10.0 134:1.0 
10.0 10.0 
10.0 10.0 352:1.0 
10.0 10.0 
10.0 10.0 
10.0 10.0 
10.0 10.0 
10.0 10.0 
10.0 10.0 
10.0 10.0 
10.0 10.0 
10.0 10.0 
10.0 10.0 
10.0 10.0 
10.0 10.0 
10.0 10.0 103:1.0 129:1.0 263:1.0 415:1.0 438:1.0 465:1.0 
10.0 10.0 
10.0 10.0 
10.0 10.0 
10.0 10.0 
10.0 10.0 
10.0 10.0 
10.0 10.0 
10.0 10.0 
10.0 10.0 
10.0 10.0 
10.0 10.0 
10.0 10.0 80:1.0 
10.0 10.0 4:1.0 
10.0 10.0 
10.0 10.0 
10.0 10.0 50:1.0 
10.0 10.0 
10.0 10.0 
10.0 10.0 
10.0 10.0 
10.0 10.0 
10.0 10.0 
10.0 10.0 
10.0 10.0 
10.0 10.0 95:1.0 202:1.0 
10.0 10.0 
10.0 10.0 
10.0 10.0 374:1.0 
10.0 10.0 69:1.0 
10.0 10.0 
10.0 10.0 196:1.0 219:1.0 
10.0 10.0 
10.0 10.0 
10.0 10.0 104:1.0 
10.0 10.0 
10.0 10.0 
10.0 10.0 
10.0 10.0 
10.0 10.0 
10.0 10.0 
10.0 10.0 
10.0 10.0 3:1.0 95:1.0 
10.0 10.0 
10.0 10.0 
10.0 10.0 
10.0 10.0 122:1.0 
10.0 10.0 
10.0 10.0 
10.0 10.0 141:1.0 
10.0 10.0 
10.0 10.0 202:1.0 283:1.0 400:1.0 
10.0 10.0 
10.0 10.0 
10.0 10.0 
10.0 10.0 
10.0 10.0 298:1.0 
10.0 10.0 
10.0 10.0 
10.0 10.0 
10.0 10.0 
10.0 10.0 4:1.0 
10.0 10.0 
10.0 10.0 
10.0 10.0 
10.0 10.0 
10.0 10.0 
10.0 10.0 
10.0 10.0 
10.0 10.0 38:1.0 259:1.0 
10.0 10.0 
10.0 10.0 
10.0 10.0 335:1.0 
10.0 10.0 
10.0 10.0 
10.0 10.0 160:1.0 347:1.0 
10.0 10.0 
10.0 10.0 
10.0 10.0 
10.0 10.0 
10.0 10.0 
10.0 10.0 70:1.0 71:1.0 187:1.0 219:1.0 351:1.0 
10.0 10.0 202:1.0 
10.0 10.0 174:1.0 340:1.0 
10.0 10.0 
10.0 10.0 42:1.0 341:1.0 
10.0 10.0 
10.0 10.0 
10.0 10.0 33:1.0 71:1.0 219:1.0 292:1.0 
10.0 10.0 
10.0 10.0 
10.0 10.0 
10.0 10.0 
10.0 10.0 
10.0 10.0 
10.0 10.0 358:1.0 
10.0 10.0 
10.0 10.0 3:1.0 203:1.0 
10.0 10.0 
10.0 10.0 
10.0 10.0 137:1.0 
10.0 10.0 12:1.0 39:1.0 170:1.0 
10.0 10.0 257:1.0 
10.0 10.0 
10.0 10.0 
10.0 10.0 
10.0 10.0 121:1.0 152:1.0 323:1.0 403:1.0 408:1.0 462:1.0 
10.0 10.0 38:1.0 80:1.0 216:1.0 308:1.0 387:1.0 416:1.0 480:1.0 
10.0 10.0 
10.0 10.0 
10.0 10.0 
10.0 10.0 
10.0 10.0 
10.0 10.0 
10.0 10.0 
10.0 10.0 53:1.0 
10.0 10.0 12:1.0 
10.0 10.0 
10.0 10.0 3:1.0 95:1.0 
10.0 10.0 
10.0 10.0 
10.0 10.0 
10.0 10.0 
10.0 10.0 
10.0 10.0 
10.0 10.0 
10.0 10.0 
10.0 10.0 
10.0 10.0 
10.0 10.0 
10.0 10.0 
10.0 10.0 228:1.0 
10.0 10.0 
10.0 10.0 
10.0 10.0 
10.0 10.0 
10.0 10.0 274:1.0 
10.0 10.0 
10.0 10.0 
10.0 10.0 
10.0 10.0 352:1.0 
10.0 10.0 
10.0 10.0 
10.0 10.0 
10.0 10.0 91:1.0 146:1.0 241:1.0 310:1.0 355:1.0 380:1.0 423:1.0 425:1.0 458:1.0 
10.0 10.0 
10.0 10.0 274:1.0 
10.0 10.0 
10.0 10.0 
10.0 10.0 10:1.0 
10.0 10.0 
10.0 10.0 188:1.0 
10.0 10.0 50:1.0 
10.0 10.0 233:1.0 
10.0 10.0 
10.0 10.0 
10.0 10.0 
10.0 10.0 53:1.0 
10.0 10.0 
10.0 10.0 16:1.0 198:1.0 
10.0 10.0 249:1.0 355:1.0 391:1.0 
10.0 10.0 
10.0 10.0 296:1.0 
-0.0 10.0 117:1.0 
-0.0 10.0 297:1.0 
-0.0 10.0 77:1.0 
-0.0 10.0 333:1.0 
-10.0 10.0 13:1.0 138:1.0 
-0.0 10.0 267:1.0 
-0.0 10.0 287:1.0 
-0.0 10.0 163:1.0 262:1.0 
-0.0 10.0 257:1.0 
-0.0 10.0 88:1.0 
-0.0 10.0 24:1.0 
-0.0 10.0 261:1.0 
-10.0 0.0 53:1.0 
-10.0 10.0 9:1.0 
-10.0 0.0 30:1.0 207:1.0 
-0.0 10.0 322:1.0 
-0.0 10.0 282:1.0 394:1.0 467:1.0 
-0.0 10.0 7:1.0 123:1.0 260:1.0 369:1.0 
-0.0 10.0 87:1.0 192:1.0 313:1.0 
-10.0 10.0 337:1.0 
-10.0 10.0 351:1.0 363:1.0 
-0.0 10.0 189:1.0 
-0.0 10.0 88:1.0 
-0.0 10.0 330:1.0 
-0.0 10.0 108:1.0 
-0.0 10.0 251:1.0 273:1.0 344:1.0 
-0.0 10.0 353:1.0 
-0.0 10.0 58:1.0 105:1.0 
-0.0 10.0 261:1.0 
-10.0 10.0 45:1.0 73:1.0 249:1.0 402:1.0 435:1.0 
-10.0 10.0 302:1.0 
-0.0 10.0 2:1.0 
-10.0 10.0 186:1.0 
-0.0 10.0 90:1.0 367:1.0 
-0.0 10.0 194:1.0 299:1.0 
-0.0 10.0 26:1.0 333:1.0 
-10.0 0.0 91:1.0 145:1.0 179:1.0 257:1.0 418:1.0 432:1.0 
-10.0 10.0 122:1.0 
-0.0 10.0 257:1.0 
-0.0 10.0 265:1.0 
-10.0 10.0 53:1.0 
-0.0 10.0 198:1.0 367:1.0 
-2.483443708609271 10.0 45:1.0 73:1.0 249:1.0 338:1.0 402:1.0 435:1.0 
-0.0 10.0 105:1.0 
-0.0 10.0 325:1.0 
-0.0 10.0 150:1.0 
-10.0 10.0 172:1.0 
-10.0 10.0 249:1.0 
-0.0 10.0 144:1.0 149:1.0 
-10.0 10.0 50:1.0 309:1.0 
-0.0 10.0 178:1.0 
-0.0 10.0 213:1.0 
-0.0 10.0 215:1.0 
-10.0 10.0 198:1.0 
-0.0 10.0 225:1.0 
-7.516556291390729 10.0 25:1.0 54:1.0 241:1.0 
-0.0 10.0 32:1.0 
-0.0 10.0 191:1.0 
-0.0 10.0 182:1.0 
-10.0 10.0 47:1.0 
-0.0 10.0 164:1.0 
-10.0 0.0 95:1.0 158:1.0 
-10.0 10.0 274:1.0 
-0.0 10.0 268:1.0 
-0.0 10.0 31:1.0 178:1.0 
-0.0 10.0 286:1.0 
-10.0 10.0 328:1.0 
-0.0 10.0 208:1.0 
-0.0 10.0 316:1.0 
-10.0 10.0 195:1.0 
-0.0 10.0 151:1.0 
-10.0 10.0 310:1.0 
-0.0 10.0 58:1.0 72:1.0 105:1.0 315:1.0 
-10.0 5.345786963434022 12:1.0 121:1.0 152:1.0 323:1.0 403:1.0 408:1.0 462:1.0 
-0.0 10.0 183:1.0 
-0.0 10.0 120:1.0 
-0.0 10.0 251:1.0 
-0.0 10.0 36:1.0 
-0.0 10.0 212:1.0 335:1.0 371:1.0 
-0.0 10.0 260:1.0 
-0.0 10.0 193:1.0 
-0.0 10.0 19:1.0 94:1.0 148:1.0 215:1.0 
-10.0 10.0 218:1.0 
-0.0 10.0 44:1.0 97:1.0 
-0.0 10.0 76:1.0 347:1.0 
-10.0 10.0 354:1.0 
-10.0 10.0 161:1.0 
-0.0 10.0 32:1.0 
-0.0 10.0 246:1.0 303:1.0 324:1.0 
-0.0 10.0 317:1.0 
-10.0 10.0 200:1.0 
-0.0 10.0 347:1.0 
-0.0 10.0 321:1.0 
-0.0 10.0 243:1.0 
-0.0 10.0 109:1.0 
-0.0 10.0 191:1.0 251:1.0 
-0.0 10.0 133:1.0 238:1.0 339:1.0 404:1.0 
-0.0 10.0 360:1.0 
-10.0 10.0 126:1.0 
-0.0 10.0 182:1.0 
-0.0 10.0 57:1.0 
-0.0 10.0 35:1.0 168:1.0 379:1.0 417:1.0 
-0.0 10.0 336:1.0 
-10.0 10.0 192:1.0 
-0.0 10.0 221:1.0 
-10.0 10.0 68:1.0 91:1.0 146:1.0 227:1.0 249:1.0 301:1.0 355:1.0 391:1.0 423:1.0 425:1.0 458:1.0 481:1.0 
-0.0 10.0 141:1.0 
-10.0 10.0 374:1.0 
-0.0 10.0 75:1.0 92:1.0 96:1.0 
-10.0 10.0 370:1.0 
-0.0 10.0 237:1.0 
-0.0 10.0 336:1.0 363:1.0 
-10.0 10.0 43:1.0 266:1.0 
-10.0 0.0 
-0.0 10.0 369:1.0 
-10.0 0.0 
-10.0 0.0 
-10.0 0.0 
-10.0 0.0 
-10.0 0.0 
-10.0 0.0 
-10.0 0.0 
-10.0 0.0 
-10.0 10.0 291:1.0 
-10.0 0.0 
-10.0 0.0 
-0.0 10.0 346:1.0 
-0.0 10.0 162:1.0 
-10.0 0.0 
-0.0 10.0 17:1.0 125:1.0 407:1.0 
-10.0 0.0 
-10.0 0.0 
-0.0 10.0 296:1.0 
-10.0 0.0 
-10.0 0.0 
-10.0 0.0 
-0.0 10.0 284:1.0 
-10.0 0.0 
-10.0 0.0 
-0.0 10.0 270:1.0 
-10.0 0.0 
-10.0 0.0 
-0.0 10.0 344:1.0 
-10.0 0.0 
-0.0 10.0 183:1.0 
-10.0 0.0 
-10.0 0.0 
-10.0 0.0 
-0.0 10.0 154:1.0 271:1.0 
-0.0 10.0 84:1.0 160:1.0 
-10.0 0.0 
-10.0 0.0 
-0.0 10.0 95:1.0 109:1.0 127:1.0 363:1.0 
-0.0 10.0 365:1.0 
-10.0 0.0 
-10.0 0.0 
-0.0 10.0 83:1.0 
-10.0 0.0 
-0.0 10.0 285:1.0 
-10.0 0.0 
-10.0 0.0 
-0.0 10.0 270:1.0 
-10.0 0.0 
-10.0 0.0 
-10.0 0.0 
-10.0 0.0 
-0.0 10.0 238:1.0 
-10.0 0.0 
-10.0 0.0 
-10.0 0.0 
-10.0 0.0 
-10.0 10.0 138:1.0 
-10.0 0.0 
-10.0 0.0 
-10.0 0.0 
-10.0 0.0 
-10.0 0.0 
-10.0 0.0 
-10.0 0.0 
-0.0 10.0 20:1.0 247:1.0 281:1.0 
-10.0 0.0 
-10.0 0.0 
-10.0 10.0 94:1.0 153:1.0 
-0.0 10.0 75:1.0 
-0.0 10.0 114:1.0 
-10.0 0.0 
-10.0 0.0 
-10.0 10.0 243:1.0 
-10.0 0.0 
-10.0 0.0 
-10.0 0.0 
-10.0 10.0 
-10.0 10.0 
-0.0 10.0 330:1.0 
-10.0 10.0 53:1.0 
-10.0 10.0 
-10.0 10.0 
-10.0 10.0 
-0.0 10.0 65:1.0 
-10.0 0.0 95:1.0 
-0.0 10.0 8:1.0 165:1.0 371:1.0 409:1.0 
-10.0 10.0 
-0.0 10.0 190:1.0 
-0.0 10.0 226:1.0 
-10.0 10.0 
-10.0 10.0 
-0.0 10.0 313:1.0 
-10.0 10.0 
-10.0 10.0 
-10.0 10.0 198:1.0 
-10.0 10.0 
-10.0 10.0 
-10.0 10.0 141:1.0 
-10.0 10.0 
-10.0 10.0 
-10.0 10.0 
-10.0 10.0 
-10.0 10.0 159:1.0 
-10.0 10.0 
-10.0 10.0 
-10.0 10.0 195:1.0 
-0.0 10.0 175:1.0 287:1.0 311:1.0 
-10.0 10.0 
-0.0 10.0 339:1.0 
-10.0 10.0 
-10.0 10.0 
-10.0 10.0 
-10.0 10.0 
-0.0 10.0 368:1.0 
-10.0 10.0 
-10.0 10.0 
-10.0 10.0 
-10.0 10.0 
-10.0 10.0 
-10.0 10.0 
-0.0 10.0 131:1.0 
-10.0 10.0 
-10.0 10.0 
-10.0 10.0 
-10.0 10.0 277:1.0 
-10.0 10.0 
-0.0 10.0 204:1.0 306:1.0 419:1.0 
-10.0 10.0 
-10.0 10.0 
-0.0 10.0 225:1.0 
-10.0 10.0 
-10.0 10.0 
-10.0 10.0 
-10.0 10.0 
-10.0 10.0 
-10.0 10.0 
-10.0 10.0 
-10.0 10.0 
-10.0 10.0 
-10.0 10.0 
-10.0 10.0 
-10.0 10.0 
-10.0 10.0 
-10.0 10.0 
-0.0 10.0 139:1.0 
-0.0 10.0 234:1.0 
-10.0 10.0 
-10.0 10.0 
-10.0 10.0 
-0.0 10.0 382:1.0 
-10.0 10.0 
-0.0 10.0 133:1.0 
-10.0 10.0 245:1.0 
-10.0 10.0 
-0.0 10.0 5:1.0 77:1.0 347:1.0 
-10.0 10.0 
-10.0 10.0 
-0.0 10.0 369:1.0 
-10.0 10.0 
-10.0 10.0 
-0.0 10.0 269:1.0 
-10.0 10.0 
-0.0 10.0 82:1.0 215:1.0 383:1.0 
-10.0 10.0 
-10.0 10.0 
-10.0 10.0 
-0.0 10.0 81:1.0 185:1.0 248:1.0 254:1.0 384:1.0 393:1.0 406:1.0 449:1.0 479:1.0 
-10.0 10.0 
-10.0 10.0 
-0.0 10.0 110:1.0 155:1.0 413:1.0 
-10.0 10.0 
-0.0 10.0 255:1.0 
-10.0 10.0 
-10.0 10.0 
-10.0 10.0 
-0.0 10.0 59:1.0 
-0.0 10.0 150:1.0 
-10.0 10.0 
-10.0 10.0 
-10.0 10.0 
-10.0 10.0 
-10.0 10.0 
-10.0 10.0 
-10.0 10.0 
-0.0 10.0 11:1.0 63:1.0 112:1.0 
-10.0 10.0 
-10.0 10.0 
-10.0 10.0 
-10.0 10.0 
-10.0 10.0 
-10.0 10.0 
-10.0 10.0 
-10.0 10.0 
-0.0 10.0 61:1.0 315:1.0 
-0.0 10.0 232:1.0 
-10.0 10.0 
-10.0 10.0 
-10.0 10.0 
-10.0 10.0 147:1.0 
-0.0 10.0 222:1.0 
-0.0 10.0 339:1.0 
-10.0 10.0 
-0.0 10.0 222:1.0 230:1.0 
-10.0 10.0 173:1.0 
-10.0 10.0 
-10.0 10.0 
-10.0 10.0 243:1.0 
-0.0 10.0 55:1.0 68:1.0 123:1.0 253:1.0 350:1.0 420:1.0 
-0.0 10.0 214:1.0 
-10.0 10.0 
-10.0 10.0 
-10.0 10.0 358:1.0 
-10.0 10.0 
-10.0 10.0 
-10.0 10.0 325:1.0 
-10.0 10.0 188:1.0 222:1.0 
-10.0 10.0 
-0.0 10.0 55:1.0 
-10.0 10.0 
-10.0 10.0 257:1.0 
-10.0 10.0 
-10.0 10.0 
-10.0 10.0 
-0.0 10.0 322:1.0 
-10.0 10.0 70:1.0 362:1.0 
-0.0 10.0 101:1.0 
-10.0 10.0 
-10.0 10.0 
-0.0 10.0 332:1.0 
-10.0 10.0 
-10.0 10.0 
-0.0 10.0 177:1.0 
-10.0 10.0 
-10.0 10.0 
-10.0 10.0 
-10.0 10.0 
-10.0 10.0 
-10.0 10.0 
-10.0 10.0 
-10.0 10.0 
-10.0 10.0 
-0.0 10.0 116:1.0 
-0.0 10.0 116:1.0 
-10.0 10.0 
-0.0 10.0 381:1.0 
-0.0 10.0 168:1.0 
-10.0 10.0 
-10.0 10.0 196:1.0 
-10.0 10.0 
-0.0 10.0 154:1.0 
-10.0 10.0 
-10.0 10.0 
-10.0 10.0 
-0.0 10.0 98:1.0 
-10.0 10.0 310:1.0 
-10.0 10.0 
-10.0 10.0 
-10.0 10.0 126:1.0 
-10.0 10.0 
-10.0 10.0 
-10.0 10.0 
-10.0 10.0 
-10.0 10.0 
-0.0 10.0 98:1.0 
-10.0 10.0 
-10.0 10.0 
-10.0 10.0 
-10.0 10.0 
-0.0 10.0 377:1.0 
-0.0 10.0 204:1.0 306:1.0 419:1.0 
-0.0 10.0 142:1.0 
-0.0 10.0 74:1.0 265:1.0 285:1.0 
-0.0 10.0 63:1.0 
-0.0 10.0 201:1.0 
-10.0 10.0 
-10.0 10.0 
-10.0 10.0 
-10.0 10.0 
-0.0 10.0 223:1.0 
-10.0 10.0 
-0.0 10.0 31:1.0 
-0.0 10.0 115:1.0 
-0.0 4.657938818980285 56:1.0 74:1.0 231:1.0 238:1.0 272:1.0 385:1.0 426:1.0 469:1.0 
-10.0 0.0 230:1.0 
-10.0 10.0 
-0.0 10.0 6:1.0 167:1.0 267:1.0 
-10.0 10.0 
-10.0 10.0 203:1.0 
-10.0 10.0 
-10.0 10.0 310:1.0 
-10.0 10.0 
-10.0 10.0 
-10.0 10.0 
-10.0 10.0 
-0.0 10.0 290:1.0 294:1.0 
-10.0 10.0 
-10.0 10.0 
-0.0 10.0 191:1.0 
-10.0 10.0 
-10.0 10.0 
-0.0 10.0 260:1.0 
-10.0 10.0 
-10.0 10.0 
-0.0 10.0 250:1.0 
-10.0 10.0 
-10.0 10.0 
-10.0 10.0 
-10.0 10.0 
-0.0 10.0 23:1.0 
-10.0 10.0 
-10.0 10.0 
-0.0 10.0 169:1.0 
-10.0 0.0 165:1.0 198:1.0 
-10.0 10.0 
-10.0 10.0 
-10.0 10.0 
-10.0 10.0 
-10.0 10.0 
-10.0 10.0 
-10.0 10.0 
-10.0 10.0 
-0.0 10.0 177:1.0 
-10.0 10.0 
-10.0 10.0 
-10.0 10.0 
-0.0 10.0 204:1.0 
-10.0 10.0 
-10.0 10.0 
-10.0 10.0 
-10.0 10.0 
-10.0 10.0 
-10.0 10.0 
-10.0 10.0 
-10.0 10.0 
-10.0 10.0 
-10.0 10.0 
-10.0 10.0 
-10.0 10.0 
-0.0 10.0 85:1.0 311:1.0 
-10.0 10.0 
-10.0 10.0 
-0.0 10.0 140:1.0 
-10.0 10.0 
-10.0 10.0 
-0.0 10.0 132:1.0 
-10.0 10.0 
-10.0 10.0 111:1.0 
-10.0 10.0 
-0.0 10.0 290:1.0 
-10.0 10.0 
-0.0 10.0 175:1.0 
-10.0 10.0 
-10.0 10.0 
-10.0 10.0 
-0.0 10.0 293:1.0 
-10.0 10.0 
-0.0 10.0 51:1.0 
-10.0 10.0 279:1.0 310:1.0 
-10.0 10.0 
-10.0 10.0 
-10.0 10.0 
-10.0 10.0 
-10.0 10.0 
-10.0 10.0 
-10.0 10.0 
-0.0 10.0 258:1.0 
-10.0 10.0 
-10.0 10.0 
-10.0 10.0 
-10.0 10.0 
-0.0 10.0 93:1.0 189:1.0 
-10.0 10.0 
-10.0 10.0 
-10.0 10.0 
-10.0 10.0 207:1.0 
-10.0 10.0 
-10.0 10.0 
-10.0 10.0 
-10.0 10.0 181:1.0 
-10.0 10.0 160:1.0 
-10.0 10.0 
-10.0 10.0 
-0.0 10.0 54:1.0 
-0.0 10.0 168:1.0 379:1.0 417:1.0 
-10.0 10.0 
-10.0 10.0 
-0.0 10.0 258:1.0 
-10.0 10.0 
-10.0 10.0 318:1.0 
-0.0 10.0 62:1.0 
-0.0 10.0 120:1.0 
-10.0 10.0 
-0.0 10.0 59:1.0 
-10.0 10.0 
-10.0 10.0 
-10.0 10.0 
-10.0 10.0 
-10.0 10.0 275:1.0 
-0.0 5.556291390728477 49:1.0 166:1.0 180:1.0 229:1.0 252:1.0 361:1.0 399:1.0 443:1.0 478:1.0 
-0.0 10.0 116:1.0 
-0.0 10.0 201:1.0 
-10.0 10.0 
-10.0 10.0 199:1.0 
-10.0 10.0 
-10.0 10.0 207:1.0 
-10.0 10.0 
-10.0 10.0 
-10.0 10.0 
-0.0 10.0 72:1.0 109:1.0 214:1.0 
-0.0 10.0 1:1.0 33:1.0 137:1.0 
-10.0 10.0 
-10.0 10.0 
-10.0 10.0 
-0.0 10.0 102:1.0 266:1.0 371:1.0 
-0.0 10.0 376:1.0 
-10.0 10.0 
-10.0 10.0 
-10.0 10.0 
-0.0 10.0 157:1.0 
-0.0 10.0 36:1.0 
-10.0 10.0 
-10.0 10.0 312:1.0 
-10.0 10.0 
-10.0 10.0 
-0.0 10.0 242:1.0 327:1.0 
-10.0 10.0 
-10.0 10.0 
-0.0 10.0 329:1.0 
-0.0 9.996274217585693 188:1.0 338:1.0 
-0.0 10.0 285:1.0 
-10.0 10.0 256:1.0 
-10.0 10.0 230:1.0 
-10.0 10.0 
-10.0 10.0 
-10.0 10.0 
-10.0 10.0 
-0.0 10.0 48:1.0 
-0.0 10.0 101:1.0 
-10.0 10.0 259:1.0 347:1.0 
-10.0 10.0 
-10.0 10.0 
-10.0 10.0 
-10.0 10.0 
-10.0 10.0 
-10.0 10.0 
-10.0 10.0 
-0.0 10.0 368:1.0 
-0.0 10.0 223:1.0 
-10.0 10.0 
-10.0 10.0 
-0.0 10.0 14:1.0 143:1.0 
-10.0 10.0 
-10.0 10.0 
-10.0 10.0 
-10.0 10.0 
-0.0 10.0 377:1.0 378:1.0 
-10.0 10.0 
-10.0 10.0 
-10.0 10.0 
-10.0 10.0 
-10.0 10.0 
-10.0 10.0 198:1.0 
-10.0 10.0 
-0.0 10.0 294:1.0 
-10.0 10.0 
-10.0 10.0 
-10.0 10.0 
-10.0 10.0 
-10.0 10.0 
-10.0 10.0 
-0.0 10.0 97:1.0 310:1.0 
-10.0 10.0 
-10.0 10.0 
-10.0 10.0 
-10.0 10.0 
-10.0 10.0 
-0.0 10.0 237:1.0 
-0.0 10.0 35:1.0 
-10.0 10.0 
-10.0 10.0 
-10.0 10.0 
-10.0 10.0 
-10.0 10.0 
-10.0 10.0 
-10.0 10.0 
-10.0 10.0 
-10.0 10.0 
-0.0 10.0 194:1.0 
-10.0 10.0 
-10.0 10.0 249:1.0 
-10.0 10.0 
-0.0 10.0 369:1.0 
-10.0 10.0 
-10.0 10.0 
-10.0 10.0 
-0.0 10.0 242:1.0 
-10.0 10.0 67:1.0 
-10.0 10.0 
-10.0 10.0 
-0.0 10.0 205:1.0 
-10.0 10.0 
-10.0 10.0 
-10.0 10.0 
-10.0 10.0 
-10.0 10.0 
-10.0 10.0 
-10.0 10.0 
-10.0 10.0 
-10.0 10.0 
-10.0 10.0 
-10.0 10.0 
-10.0 10.0 
-0.0 10.0 236:1.0 275:1.0 
-10.0 10.0 
-10.0 10.0 
-10.0 10.0 
-10.0 10.0 
-10.0 10.0 
-10.0 0.0 33:1.0 157:1.0 
-10.0 10.0 117:1.0 
-0.0 10.0 382:1.0 
-10.0 10.0 
-10.0 10.0 
-10.0 10.0 
-10.0 10.0 
-10.0 10.0 
-0.0 10.0 350:1.0 
-10.0 10.0 
-0.0 10.0 85:1.0 
-10.0 10.0 69:1.0 
-10.0 10.0 
-0.0 10.0 242:1.0 
-10.0 10.0 
-10.0 10.0 
-10.0 10.0 
-10.0 10.0 
-10.0 10.0 
-10.0 0.0 199:1.0 354:1.0 
-0.0 10.0 92:1.0 
-0.0 10.0 213:1.0 
-10.0 10.0 
-0.0 10.0 193:1.0 
-0.0 10.0 303:1.0 
-10.0 10.0 
-0.0 10.0 222:1.0 
-10.0 10.0 
-10.0 10.0 
-0.0 10.0 165:1.0 
-10.0 10.0 
-0.0 10.0 235:1.0 
-10.0 10.0 
-10.0 10.0 
-10.0 10.0 
-10.0 10.0 
-10.0 10.0 
-10.0 10.0 
-10.0 10.0 
-10.0 10.0 
-10.0 10.0 
-10.0 10.0 
-10.0 10.0 
-0.0 10.0 27:1.0 136:1.0 228:1.0 289:1.0 401:1.0 
-0.0 10.0 246:1.0 359:1.0 431:1.0 
-10.0 10.0 
-10.0 10.0 
-0.0 10.0 369:1.0 
-10.0 10.0 
-10.0 10.0 
-10.0 10.0 
-10.0 10.0 
-10.0 10.0 
-10.0 10.0 
-10.0 10.0 106:1.0 
-10.0 10.0 296:1.0 
-0.0 4.443708609271523 81:1.0 185:1.0 248:1.0 254:1.0 384:1.0 393:1.0 406:1.0 449:1.0 479:1.0 
-0.0 10.0 331:1.0 
-10.0 10.0 
-10.0 10.0 
-10.0 10.0 
-10.0 10.0 
-0.0 10.0 89:1.0 
-10.0 10.0 
-10.0 10.0 
-10.0 10.0 251:1.0 
-10.0 10.0 354:1.0 
-10.0 10.0 
-10.0 10.0 
-0.0 10.0 332:1.0 
-10.0 10.0 
-0.0 10.0 52:1.0 156:1.0 444:1.0 
-10.0 10.0 
-0.0 10.0 346:1.0 
-10.0 10.0 
-10.0 10.0 
-10.0 10.0 
-10.0 10.0 
-10.0 10.0 
-10.0 10.0 
-10.0 10.0 
-10.0 10.0 
-0.0 10.0 225:1.0 
-0.0 10.0 336:1.0 
-10.0 10.0 
-10.0 10.0 
-10.0 10.0 
-10.0 10.0 
-10.0 10.0 
-10.0 10.0 
-10.0 10.0 60:1.0 
-10.0 10.0 310:1.0 
-10.0 10.0 
-10.0 10.0 
-10.0 10.0 
-10.0 10.0 
-10.0 10.0 19:1.0 
-10.0 10.0 
-10.0 10.0 
-10.0 10.0 
-10.0 10.0 
-0.0 10.0 65:1.0 251:1.0 351:1.0 
-0.0 10.0 162:1.0 
-0.0 10.0 95:1.0 138:1.0 163:1.0 184:1.0 383:1.0 
-10.0 10.0 
-10.0 10.0 
-10.0 10.0 
-0.0 10.0 85:1.0 
-10.0 0.0 354:1.0 369:1.0 
-10.0 10.0 
-10.0 10.0 
-10.0 10.0 42:1.0 
-10.0 10.0 
-10.0 10.0 
-10.0 10.0 
-10.0 -10.0 
-10.0 -10.0 
-10.0 -10.0 
-10.0 -10.0 
-10.0 -10.0 38:1.0 
-10.0 -10.0 
-10.0 -10.0 
-0.0 -10.0 120:1.0 
-10.0 -10.0 29:1.0 
-10.0 -10.0 
-10.0 -10.0 
-10.0 -10.0 
-10.0 -10.0 340:1.0 
-10.0 -10.0 
-10.0 -10.0 
-10.0 -10.0 
-10.0 -10.0 82:1.0 
-10.0 -10.0 
-10.0 -10.0 228:1.0 275:1.0 
-10.0 -10.0 
-0.0 -10.0 305:1.0 
-10.0 -10.0 
-0.0 -10.0 178:1.0 
-0.0 -10.0 363:1.0 
-10.0 -10.0 41:1.0 
-10.0 -10.0 
-0.0 -10.0 75:1.0 
-10.0 -10.0 
-10.0 -10.0 
-0.0 -10.0 64:1.0 217:1.0 220:1.0 390:1.0 434:1.0 471:1.0 
-10.0 -10.0 
-10.0 -10.0 
-0.0 -10.0 144:1.0 
-10.0 -10.0 
-10.0 -10.0 
-10.0 -10.0 192:1.0 
-10.0 -10.0 
-10.0 -10.0 
-10.0 -10.0 
-10.0 -10.0 
-10.0 -10.0 
-0.0 -10.0 382:1.0 
-10.0 -10.0 116:1.0 198:1.0 
-10.0 -10.0 
-0.0 -10.0 273:1.0 
-0.0 -10.0 299:1.0 
-10.0 -10.0 
-10.0 -10.0 
-10.0 -10.0 
-0.0 -10.0 136:1.0 289:1.0 401:1.0 
-10.0 -10.0 
-0.0 -10.0 13:1.0 141:1.0 
-10.0 -10.0 
-10.0 -10.0 
-10.0 -10.0 43:1.0 
-10.0 -10.0 
-10.0 -10.0 159:1.0 352:1.0 
-0.0 -10.0 305:1.0 
-10.0 -10.0 
-10.0 -10.0 
-10.0 -10.0 
-0.0 -10.0 311:1.0 
-10.0 -10.0 
-0.0 -10.0 77:1.0 307:1.0 
-10.0 -10.0 
-10.0 -10.0 
-10.0 -10.0 
-0.0 -10.0 211:1.0 363:1.0 
-10.0 -10.0 
-10.0 -10.0 
-10.0 -10.0 
-0.0 -10.0 90:1.0 365:1.0 
-0.0 -10.0 87:1.0 192:1.0 
-10.0 -10.0 
-10.0 -10.0 
-10.0 -10.0 
-0.0 -10.0 367:1.0 
-10.0 -10.0 
-10.0 -10.0 
-10.0 -10.0 
-0.0 -10.0 26:1.0 
-0.0 -10.0 211:1.0 332:1.0 
-0.0 -10.0 79:1.0 262:1.0 
-0.0 -10.0 327:1.0 351:1.0 
-10.0 -10.0 
-10.0 -10.0 
-0.0 -10.0 349:1.0 
-10.0 -10.0 
-0.0 -10.0 347:1.0 
-0.0 -10.0 270:1.0 
-10.0 -10.0 
-10.0 -10.0 
-10.0 -10.0 
-0.0 -10.0 222:1.0 
-10.0 -10.0 
-10.0 -10.0 23:1.0 25:1.0 
-0.0 -10.0 54:1.0 
-0.0 -10.0 114:1.0 265:1.0 
-0.0 -10.0 227:1.0 
-10.0 -10.0 
-10.0 -10.0 
-0.0 -10.0 65:1.0 271:1.0 350:1.0 
-0.0 -10.0 44:1.0 105:1.0 204:1.0 
-10.0 -10.0 
-10.0 -10.0 258:1.0 308:1.0 
-10.0 -10.0 
-0.0 -10.0 242:1.0 
-0.0 -10.0 96:1.0 
-10.0 -10.0 
-10.0 -10.0 
-10.0 -10.0 
-10.0 -10.0 
-10.0 -10.0 
-0.0 -10.0 51:1.0 
-5.0 -10.0 105:1.0 201:1.0 230:1.0 235:1.0 304:1.0 
-10.0 -10.0 
-10.0 -10.0 
-10.0 -10.0 
-10.0 -10.0 
-0.0 -10.0 93:1.0 215:1.0 
-0.0 -10.0 251:1.0 
-10.0 -10.0 347:1.0 
-0.0 -10.0 153:1.0 363:1.0 
-0.0 -10.0 59:1.0 
-10.0 -10.0 
-10.0 -10.0 195:1.0 380:1.0 
-10.0 -10.0 
-10.0 -10.0 
-10.0 -10.0 
-10.0 -10.0 
-10.0 -10.0 
-10.0 -10.0 
-10.0 -10.0 138:1.0 
-10.0 -10.0 
-10.0 -10.0 
-10.0 -10.0 
-0.0 -10.0 338:1.0 
-10.0 -10.0 
-10.0 -10.0 222:1.0 
-10.0 -10.0 
-10.0 -10.0 
-10.0 -10.0 
-10.0 -10.0 
-10.0 -10.0 55:1.0 253:1.0 352:1.0 420:1.0 
-10.0 -10.0 
-10.0 -10.0 
-10.0 -10.0 354:1.0 
-10.0 -10.0 
-0.0 -10.0 24:1.0 
-0.0 -10.0 55:1.0 
-0.0 -10.0 349:1.0 
-0.0 -10.0 52:1.0 156:1.0 240:1.0 342:1.0 388:1.0 421:1.0 444:1.0 460:1.0 472:1.0 
-0.0 -10.0 167:1.0 251:1.0 
-10.0 -10.0 
-0.0 -10.0 97:1.0 
-0.0 -10.0 224:1.0 
-10.0 -10.0 
-0.0 -10.0 246:1.0 
-10.0 -10.0 
-10.0 -10.0 
-10.0 -10.0 
-10.0 -10.0 
-10.0 -10.0 
-10.0 -10.0 
-0.0 -10.0 267:1.0 
-0.0 -10.0 225:1.0 
-10.0 -10.0 
-0.0 -10.0 36:1.0 128:1.0 272:1.0 
-10.0 -10.0 
-10.0 -10.0 
-10.0 -10.0 67:1.0 266:1.0 
-10.0 -10.0 44:1.0 324:1.0 
-10.0 -10.0 
-10.0 -10.0 
-10.0 -10.0 45:1.0 249:1.0 402:1.0 
-0.0 -10.0 189:1.0 
-10.0 -10.0 310:1.0 
-10.0 -10.0 
-10.0 -10.0 
-0.0 -10.0 326:1.0 
-10.0 -10.0 
-0.0 -10.0 23:1.0 330:1.0 
-10.0 -10.0 
-10.0 -10.0 351:1.0 
-10.0 -10.0 233:1.0 
-0.0 -10.0 84:1.0 
-0.0 -10.0 148:1.0 244:1.0 
-10.0 -10.0 
-0.0 -10.0 76:1.0 310:1.0 
-10.0 -10.0 
-10.0 -10.0 245:1.0 
-10.0 -10.0 
-10.0 -10.0 
-10.0 -10.0 
-0.0 -10.0 311:1.0 
-10.0 -10.0 2:1.0 71:1.0 
-10.0 -10.0 
-10.0 -10.0 
-0.0 -10.0 298:1.0 
-10.0 -10.0 
-10.0 -10.0 
-10.0 -10.0 236:1.0 
-0.0 -10.0 168:1.0 379:1.0 417:1.0 
-9.839094159713945 -10.0 222:1.0 233:1.0 353:1.0 362:1.0 
-0.0 -10.0 120:1.0 
-10.0 -10.0 
-10.0 -10.0 
-0.0 -10.0 85:1.0 
-10.0 -10.0 
-10.0 -10.0 137:1.0 243:1.0 
-10.0 -10.0 
-10.0 -10.0 
-0.0 -10.0 215:1.0 373:1.0 383:1.0 
-10.0 -10.0 
-10.0 -10.0 
-10.0 -10.0 119:1.0 209:1.0 
-10.0 -10.0 
-10.0 -10.0 202:1.0 283:1.0 400:1.0 
-0.0 -10.0 211:1.0 
-0.0 -10.0 26:1.0 256:1.0 272:1.0 369:1.0 371:1.0 
-0.0 -10.0 300:1.0 
-10.0 -10.0 
-10.0 -10.0 
-0.0 -10.0 79:1.0 262:1.0 
-0.0 -10.0 151:1.0 
-10.0 -10.0 
-10.0 -10.0 
-10.0 -10.0 
-10.0 -10.0 
-10.0 -10.0 
-10.0 -10.0 
-10.0 -10.0 
-10.0 -10.0 
-10.0 -10.0 100:1.0 
-0.0 -10.0 15:1.0 
-10.0 -10.0 
-10.0 -10.0 
-10.0 -10.0 257:1.0 
-10.0 -10.0 
-10.0 -10.0 
-10.0 -10.0 
-10.0 -10.0 
-0.0 -10.0 225:1.0 294:1.0 
-0.0 -10.0 135:1.0 150:1.0 
-10.0 -10.0 
-10.0 -10.0 
-10.0 -10.0 
-10.0 -10.0 
-10.0 -10.0 
-0.0 -10.0 119:1.0 
-10.0 -10.0 
-10.0 -10.0 
-0.0 -10.0 265:1.0 
-0.0 -10.0 206:1.0 222:1.0 371:1.0 
-10.0 -10.0 
-10.0 -10.0 
-10.0 -10.0 
-10.0 -10.0 
-10.0 -10.0 
-0.0 -10.0 82:1.0 105:1.0 244:1.0 
-0.0 -10.0 363:1.0 
-0.0 -10.0 243:1.0 
-10.0 -10.0 
-10.0 -10.0 251:1.0 
-10.0 -10.0 
-10.0 -10.0 
-10.0 -10.0 
-4.725423588305046 -10.0 118:1.0 271:1.0 279:1.0 
-10.0 -10.0 
-0.0 -10.0 26:1.0 
-10.0 -10.0 
-0.0 -10.0 226:1.0 
-0.0 -10.0 273:1.0 293:1.0 
-10.0 -10.0 
-10.0 -10.0 11:1.0 
-10.0 -10.0 
-10.0 -10.0 
-10.0 -10.0 
-10.0 -10.0 
-10.0 -10.0 
-10.0 -10.0 
-10.0 -10.0 
-10.0 -10.0 
-0.0 -10.0 102:1.0 
-10.0 -10.0 
-10.0 -10.0 307:1.0 
-0.0 -10.0 64:1.0 217:1.0 220:1.0 390:1.0 434:1.0 471:1.0 
-10.0 -10.0 
-0.0 -10.0 84:1.0 
-10.0 -10.0 
-0.0 -10.0 276:1.0 
-10.0 -10.0 
-0.0 -10.0 336:1.0 369:1.0 
-10.0 -10.0 
-10.0 -10.0 
-10.0 -10.0 
-10.0 -10.0 22:1.0 118:1.0 
-10.0 -10.0 
-10.0 -10.0 
-0.0 -10.0 32:1.0 
-0.0 -10.0 64:1.0 217:1.0 220:1.0 390:1.0 434:1.0 471:1.0 
-10.0 -10.0 
-0.0 -10.0 29:1.0 88:1.0 
-0.0 -10.0 369:1.0 
-10.0 -10.0 
-10.0 -10.0 
-10.0 -10.0 
-10.0 -10.0 
-0.0 -10.0 14:1.0 
-10.0 -10.0 
-10.0 -10.0 135:1.0 
-10.0 -10.0 
-10.0 -10.0 
-10.0 -10.0 
-0.0 -10.0 363:1.0 
-10.0 -10.0 259:1.0 
-10.0 -10.0 325:1.0 
-0.0 -10.0 120:1.0 
-10.0 -10.0 
-0.0 -10.0 243:1.0 315:1.0 
-0.0 -10.0 52:1.0 156:1.0 204:1.0 306:1.0 419:1.0 444:1.0 
-0.0 -10.0 148:1.0 
-0.0 -10.0 27:1.0 
-10.0 -10.0 
-10.0 -10.0 
-10.0 -10.0 
-10.0 -10.0 
-10.0 -10.0 
-0.0 -10.0 311:1.0 
-0.0 -10.0 15:1.0 102:1.0 
-0.0 -10.0 31:1.0 178:1.0 
-10.0 -10.0 
-0.0 -10.0 123:1.0 
-0.0 -10.0 62:1.0 113:1.0 
-10.0 -10.0 
-10.0 -10.0 
-10.0 -10.0 
-0.0 -10.0 28:1.0 40:1.0 99:1.0 130:1.0 176:1.0 197:1.0 273:1.0 320:1.0 343:1.0 366:1.0 389:1.0 398:1.0 405:1.0 410:1.0 411:1.0 414:1.0 427:1.0 428:1.0 445:1.0 447:1.0 451:1.0 455:1.0 457:1.0 464:1.0 468:1.0 470:1.0 474:1.0 
-10.0 -10.0 
-0.0 -10.0 251:1.0 273:1.0 344:1.0 
-0.0 -10.0 232:1.0 
-10.0 -10.0 
-10.0 -10.0 
-10.0 -10.0 
-0.0 -10.0 140:1.0 
-10.0 -10.0 
-10.0 -10.0 
-10.0 -10.0 
-10.0 -10.0 
-10.0 -10.0 39:1.0 142:1.0 
-10.0 -10.0 
-10.0 -10.0 
-0.0 -10.0 214:1.0 
-0.0 -10.0 131:1.0 
-0.0 -10.0 299:1.0 
-10.0 -10.0 45:1.0 249:1.0 402:1.0 
-0.0 -10.0 61:1.0 
-10.0 -10.0 
-10.0 -10.0 
-10.0 -10.0 300:1.0 
-10.0 -10.0 352:1.0 
-0.0 -10.0 168:1.0 379:1.0 417:1.0 
-0.0 -10.0 276:1.0 
-10.0 -10.0 
-10.0 -10.0 
-10.0 -10.0 
-10.0 -10.0 
-0.0 -10.0 184:1.0 
-10.0 -10.0 
-10.0 -10.0 310:1.0 
-10.0 -10.0 259:1.0 274:1.0 364:1.0 
-10.0 -10.0 
-10.0 -10.0 69:1.0 
-0.0 -10.0 7:1.0 
-0.0 -10.0 23:1.0 100:1.0 
-0.0 -10.0 5:1.0 44:1.0 57:1.0 204:1.0 
-10.0 -10.0 
-10.0 -10.0 150:1.0 259:1.0 
-10.0 -10.0 138:1.0 
-10.0 -10.0 
-0.0 -10.0 57:1.0 251:1.0 
-10.0 -10.0 
-10.0 -10.0 
-10.0 -10.0 
-0.0 -10.0 280:1.0 
-10.0 -10.0 
-0.0 -10.0 114:1.0 
-10.0 -10.0 
-10.0 -10.0 
-10.0 -10.0 
-10.0 -10.0 249:1.0 368:1.0 
-0.0 -10.0 157:1.0 162:1.0 
-10.0 -10.0 
-10.0 -10.0 
-10.0 -10.0 
-10.0 -10.0 
-10.0 -10.0 
-10.0 -10.0 
-10.0 -10.0 
-10.0 -10.0 
-0.0 -10.0 329:1.0 
-10.0 -10.0 
-10.0 -10.0 
-10.0 -10.0 145:1.0 174:1.0 191:1.0 
-10.0 -10.0 
-0.0 -10.0 153:1.0 
-0.0 -10.0 363:1.0 
-0.0 -10.0 28:1.0 40:1.0 99:1.0 107:1.0 130:1.0 176:1.0 197:1.0 273:1.0 320:1.0 343:1.0 366:1.0 389:1.0 398:1.0 405:1.0 410:1.0 411:1.0 414:1.0 427:1.0 428:1.0 445:1.0 447:1.0 451:1.0 455:1.0 457:1.0 464:1.0 468:1.0 470:1.0 474:1.0 
-10.0 -10.0 
-0.0 -10.0 285:1.0 
-0.0 -10.0 133:1.0 238:1.0 284:1.0 339:1.0 404:1.0 
-10.0 -10.0 
-10.0 -10.0 
-10.0 -10.0 
-10.0 -10.0 
-10.0 -10.0 21:1.0 276:1.0 
-10.0 -10.0 
-10.0 -10.0 
-0.0 -10.0 70:1.0 
-10.0 -10.0 47:1.0 
-10.0 -10.0 
-10.0 -10.0 
-10.0 -10.0 
-10.0 -10.0 
-0.0 -10.0 298:1.0 
-0.0 -10.0 109:1.0 147:1.0 289:1.0 
-10.0 -10.0 
-0.0 -10.0 70:1.0 
-10.0 -10.0 
-10.0 -10.0 
-10.0 -10.0 
-10.0 -10.0 
-0.0 -10.0 224:1.0 
-10.0 -10.0 
-10.0 -10.0 
-0.0 -10.0 195:1.0 368:1.0 
-10.0 -10.0 
-0.0 -10.0 294:1.0 
-10.0 -10.0 
-10.0 -10.0 292:1.0 
-10.0 -10.0 
-10.0 -10.0 310:1.0 
-10.0 -10.0 
-10.0 -10.0 
-10.0 -10.0 
-10.0 -10.0 
-0.0 -10.0 235:1.0 
-10.0 -10.0 
-10.0 -10.0 50:1.0 280:1.0 
-0.0 -10.0 290:1.0 
-0.0 -10.0 87:1.0 
-10.0 -10.0 298:1.0 
-10.0 -10.0 
-10.0 -10.0 
-10.0 -10.0 
-10.0 -10.0 
-10.0 -10.0 
-10.0 -10.0 
-10.0 -10.0 
-10.0 -10.0 
-0.0 -10.0 215:1.0 341:1.0 
-0.0 -10.0 37:1.0 
-0.0 -10.0 346:1.0 
-10.0 -10.0 
-10.0 -10.0 
-10.0 -10.0 198:1.0 
-10.0 -10.0 
-10.0 -10.0 371:1.0 
-10.0 -10.0 
-0.0 -10.0 52:1.0 156:1.0 240:1.0 342:1.0 388:1.0 421:1.0 444:1.0 460:1.0 472:1.0 
-10.0 -10.0 
-0.0 -10.0 190:1.0 
-10.0 -10.0 
-0.0 -10.0 52:1.0 156:1.0 240:1.0 342:1.0 388:1.0 421:1.0 444:1.0 460:1.0 472:1.0 
-10.0 -10.0 
-10.0 -10.0 310:1.0 
-0.0 -10.0 378:1.0 
-10.0 -10.0 
-10.0 -10.0 117:1.0 
-10.0 -10.0 
-10.0 -10.0 
-10.0 -10.0 
-10.0 -10.0 182:1.0 
-0.0 -10.0 261:1.0 
-10.0 -10.0 
-10.0 -10.0 
-10.0 -10.0 
-10.0 -10.0 
-10.0 -10.0 
-10.0 -10.0 
-10.0 -10.0 
-10.0 -10.0 
-10.0 -10.0 
-10.0 -10.0 
-10.0 -10.0 75:1.0 
-10.0 -10.0 
-10.0 -10.0 
-0.0 -10.0 136:1.0 289:1.0 401:1.0 
-10.0 -10.0 
-10.0 -10.0 164:1.0 196:1.0 219:1.0 316:1.0 
-10.0 -10.0 
-10.0 -10.0 215:1.0 341:1.0 
-10.0 -10.0 378:1.0 
-10.0 -10.0 53:1.0 346:1.0 
-10.0 -10.0 
-10.0 -10.0 70:1.0 
-10.0 -10.0 
-10.0 -10.0 193:1.0 
-10.0 -10.0 
-0.0 -10.0 105:1.0 304:1.0 
-10.0 -10.0 202:1.0 
-10.0 -10.0 
-10.0 -10.0 
-10.0 -10.0 122:1.0 
-10.0 -10.0 
-0.0 -10.0 363:1.0 
-10.0 -10.0 
-10.0 -10.0 369:1.0 
-0.0 -10.0 363:1.0 
-10.0 -10.0 45:1.0 91:1.0 146:1.0 249:1.0 355:1.0 391:1.0 402:1.0 423:1.0 425:1.0 458:1.0 466:1.0 481:1.0 
-10.0 -10.0 104:1.0 
-0.0 -10.0 72:1.0 97:1.0 109:1.0 339:1.0 
-10.0 -10.0 309:1.0 
-10.0 -10.0 
-10.0 -10.0 
-10.0 -10.0 
-10.0 -10.0 
-10.0 -10.0 126:1.0 
-0.0 -10.0 2:1.0 327:1.0 
-0.0 -10.0 174:1.0 187:1.0 
-10.0 -10.0 
-10.0 -10.0 132:1.0 
-0.0 -10.0 81:1.0 185:1.0 248:1.0 254:1.0 384:1.0 393:1.0 406:1.0 449:1.0 479:1.0 
-10.0 -10.0 
-10.0 -10.0 
-10.0 -10.0 7:1.0 
-10.0 -10.0 
-10.0 -10.0 
-10.0 -10.0 
-10.0 -10.0 
-10.0 -10.0 
-10.0 -10.0 
-10.0 -10.0 
-10.0 -10.0 
-10.0 -10.0 
-10.0 -10.0 141:1.0 
-10.0 -10.0 
-10.0 -10.0 
-10.0 -10.0 
-10.0 -10.0 
-10.0 -10.0 
-10.0 -10.0 
-10.0 -10.0 322:1.0 
-10.0 -10.0 214:1.0 
-10.0 -10.0 
-10.0 -10.0 
-10.0 -10.0 190:1.0 
-10.0 -10.0 375:1.0 
-10.0 -10.0 
-10.0 -10.0 
-10.0 -10.0 289:1.0 
-10.0 -10.0 
-10.0 -10.0 
-10.0 -10.0 
-10.0 -10.0 
-10.0 -10.0 
-10.0 -10.0 
-10.0 -10.0 180:1.0 
-10.0 -10.0 
-10.0 -10.0 
-10.0 -10.0 363:1.0 
-10.0 -10.0 98:1.0 
-0.0 -10.0 321:1.0 
-10.0 -10.0 
-10.0 -10.0 260:1.0 
-10.0 -10.0 
-10.0 -10.0 177:1.0 
-10.0 -10.0 243:1.0 
-10.0 -10.0 210:1.0 
-10.0 -10.0 
-10.0 -10.0 
-10.0 -10.0 13:1.0 
-10.0 -10.0 
-10.0 -10.0 
-10.0 -10.0 
-10.0 -10.0 
-10.0 -10.0 
-10.0 -10.0 246:1.0 
-10.0 -10.0 54:1.0 94:1.0 
-10.0 -10.0 207:1.0 
-10.0 -10.0 
-4.7293510465326145 -10.0 24:1.0 109:1.0 257:1.0 
-10.0 -10.0 
-10.0 -10.0 62:1.0 
-10.0 -10.0 
-10.0 -10.0 
-0.0 -10.0 119:1.0 
-10.0 -10.0 
-10.0 -10.0 198:1.0 
-6.789104467328215 -10.0 104:1.0 296:1.0 
-10.0 -10.0 
-10.0 -10.0 
-10.0 -10.0 41:1.0 144:1.0 
-10.0 -10.0 
-1.7255909558098461 -10.0 28:1.0 40:1.0 99:1.0 107:1.0 130:1.0 176:1.0 197:1.0 273:1.0 320:1.0 343:1.0 366:1.0 389:1.0 398:1.0 405:1.0 410:1.0 411:1.0 414:1.0 427:1.0 428:1.0 445:1.0 447:1.0 451:1.0 455:1.0 457:1.0 464:1.0 468:1.0 470:1.0 474:1.0 
-10.0 -10.0 
-10.0 -10.0 
-10.0 -10.0 333:1.0 
-10.0 -10.0 198:1.0 
-10.0 -10.0 
-10.0 -10.0 
-10.0 -10.0 
-10.0 -10.0 
-10.0 -10.0 
-10.0 -10.0 
-0.0 -10.0 142:1.0 
-10.0 -10.0 
-10.0 -10.0 
-0.0 -10.0 37:1.0 191:1.0 
-10.0 -10.0 
-10.0 -10.0 
-10.0 -10.0 
-10.0 -10.0 
-10.0 -10.0 
-10.0 -10.0 
-10.0 -10.0 
-10.0 -10.0 9:1.0 
-10.0 -10.0 349:1.0 
-10.0 -10.0 285:1.0 
-10.0 -10.0 305:1.0 
-10.0 -10.0 270:1.0 
-10.0 -10.0 334:1.0 
-10.0 -10.0 261:1.0 
-10.0 -10.0 269:1.0 
-10.0 -10.0 
-0.0 -10.0 316:1.0 337:1.0 
-10.0 -10.0 
-10.0 -10.0 46:1.0 
-10.0 -10.0 281:1.0 
-10.0 -10.0 
-10.0 -10.0 
-10.0 -10.0 
-10.0 -10.0 101:1.0 
-10.0 -10.0 244:1.0 
-10.0 -10.0 200:1.0 
-10.0 -10.0 223:1.0 
-10.0 -10.0 
-10.0 -10.0 174:1.0 
-10.0 -10.0 
-10.0 -10.0 
-0.0 -10.0 116:1.0 183:1.0 
-10.0 -10.0 
-0.0 -10.0 151:1.0 
-8.274409044190154 -10.0 151:1.0 
-10.0 -10.0 
-10.0 -10.0 
-5.274576411694954 -10.0 321:1.0 
-0.0 -10.0 15:1.0 304:1.0 335:1.0 
-10.0 -10.0 
-10.0 -10.0 
-10.0 -10.0 
-10.0 -10.0 
-10.0 -10.0 
-10.0 -10.0 
-5.2706489534673855 -10.0 237:1.0 
-10.0 -10.0 
-10.0 -10.0 
-10.0 -10.0 
-3.2108955326717847 -10.0 184:1.0 
-10.0 -10.0 
-5.0 -10.0 360:1.0 
-10.0 -10.0 
-10.0 -10.0 
-10.0 -10.0 
-10.0 -10.0 138:1.0 186:1.0 
-10.0 -10.0 
-10.0 -10.0 
-0.16090584028605548 -10.0 76:1.0 
-10.0 -10.0 
-10.0 -10.0 
-0.0 -10.0 211:1.0 213:1.0 
-10.0 -10.0 
