svm_type c_svc
kernel_type rbf
gamma 0.1
nr_class 3
total_sv 1992
rho -1.2820649346119986 -2.037160855254059 1.9797991803296984
label 2 0 1
nr_sv 494 827 671
SV
10.0 10.0 
9.933440937176973 0.0 374:1.0 
10.0 10.0 
9.837271478350015 10.0 39:1.0 
0.9397892847804235 3.2763654453481013 138:1.0 274:1.0 334:1.0 
10.0 10.0 
10.0 10.0 
10.0 10.0 
10.0 10.0 
10.0 10.0 
10.0 10.0 
10.0 10.0 
10.0 10.0 
10.0 10.0 
1.932916856857845 0.0 53:1.0 159:1.0 302:1.0 352:1.0 
10.0 10.0 324:1.0 
10.0 10.0 
10.0 10.0 
10.0 10.0 
10.0 10.0 
10.0 10.0 
10.0 9.821671991137451 207:1.0 
10.0 10.0 
10.0 10.0 
10.0 9.577171903711147 69:1.0 
10.0 10.0 
10.0 10.0 
10.0 10.0 275:1.0 
10.0 10.0 
10.0 10.0 
10.0 10.0 
10.0 10.0 
10.0 10.0 
10.0 10.0 
4.812935669864183 4.971451669037459 218:1.0 244:1.0 
10.0 10.0 
10.0 3.5419957496960954 106:1.0 111:1.0 
10.0 10.0 
10.0 10.0 
10.0 10.0 
10.0 10.0 
10.0 10.0 
10.0 10.0 
5.432914325164091 0.0 12:1.0 
10.0 10.0 
10.0 10.0 
10.0 10.0 
10.0 10.0 
10.0 10.0 
10.0 10.0 
10.0 10.0 
10.0 10.0 
10.0 9.441889483901958 60:1.0 
10.0 10.0 
10.0 10.0 
10.0 10.0 
10.0 4.3973347906537725 126:1.0 370:1.0 
10.0 10.0 
10.0 10.0 
10.0 10.0 
10.0 10.0 195:1.0 
10.0 10.0 138:1.0 
10.0 10.0 
10.0 10.0 
0.13501492256939776 0.0 45:1.0 91:1.0 146:1.0 249:1.0 301:1.0 340:1.0 355:1.0 391:1.0 402:1.0 423:1.0 425:1.0 458:1.0 466:1.0 481:1.0 
2.4768817817315094 0.0 25:1.0 172:1.0 
10.0 10.0 
10.0 10.0 
10.0 10.0 
1.6191765502769877 0.0 25:1.0 30:1.0 
10.0 10.0 
10.0 10.0 192:1.0 
10.0 10.0 
10.0 10.0 
10.0 10.0 
10.0 10.0 
10.0 10.0 
10.0 10.0 
10.0 10.0 
10.0 10.0 
10.0 10.0 
10.0 10.0 
10.0 10.0 309:1.0 
0.7126466536376873 1.90234165774373 106:1.0 364:1.0 
0.699122499714435 9.282489929585878 45:1.0 91:1.0 146:1.0 249:1.0 355:1.0 391:1.0 402:1.0 423:1.0 425:1.0 458:1.0 466:1.0 481:1.0 
10.0 10.0 
9.19205891516357 10.0 364:1.0 
10.0 10.0 
10.0 10.0 
1.5634765871147807 5.683871433051898 22:1.0 145:1.0 
9.837443821177711 10.0 21:1.0 
10.0 9.442019071906865 30:1.0 
10.0 10.0 
10.0 9.442905189852503 291:1.0 
10.0 10.0 
10.0 10.0 
10.0 10.0 
10.0 10.0 
10.0 10.0 126:1.0 
10.0 10.0 
10.0 10.0 
10.0 10.0 
10.0 10.0 
10.0 10.0 
10.0 10.0 
10.0 10.0 
10.0 0.5045001220121398 206:1.0 230:1.0 
10.0 9.599097594768649 91:1.0 
10.0 10.0 
10.0 10.0 
10.0 10.0 
10.0 10.0 
10.0 9.441974456224218 172:1.0 
10.0 10.0 
10.0 10.0 
10.0 10.0 
10.0 10.0 
10.0 10.0 
10.0 10.0 
6.084468766790103 10.0 281:1.0 300:1.0 
10.0 10.0 
10.0 10.0 
10.0 10.0 67:1.0 
10.0 10.0 
10.0 10.0 
10.0 10.0 43:1.0 
10.0 10.0 
10.0 10.0 
10.0 10.0 
10.0 10.0 
10.0 10.0 
10.0 10.0 
10.0 10.0 325:1.0 
10.0 10.0 
10.0 10.0 
10.0 10.0 
0.0 9.56221802134889 375:1.0 
10.0 10.0 
10.0 10.0 
10.0 10.0 
10.0 10.0 
10.0 10.0 
10.0 10.0 
1.3873565950759714 1.2984234053088777 94:1.0 352:1.0 
10.0 10.0 
10.0 10.0 
10.0 10.0 
10.0 10.0 
10.0 10.0 9:1.0 11:1.0 
10.0 10.0 236:1.0 310:1.0 
2.923339940113091 3.2798541954653726 9:1.0 11:1.0 257:1.0 
9.211891078817864 10.0 259:1.0 
10.0 10.0 
10.0 10.0 25:1.0 
9.837926699323102 10.0 100:1.0 
9.837071232362458 10.0 117:1.0 118:1.0 
10.0 0.0 147:1.0 161:1.0 
9.673772639110545 10.0 259:1.0 
5.03439876556856 4.5829972066751345 124:1.0 222:1.0 310:1.0 
10.0 10.0 
10.0 10.0 
10.0 10.0 251:1.0 
10.0 4.94183021815531 218:1.0 
10.0 9.61732636126237 207:1.0 
5.715635611549109 5.688218020195795 124:1.0 
10.0 10.0 
10.0 10.0 
10.0 10.0 
10.0 10.0 
10.0 10.0 
10.0 10.0 
10.0 10.0 
1.54709027665939 0.01997872364065459 198:1.0 249:1.0 301:1.0 355:1.0 391:1.0 
5.1442213887340404 0.0 10:1.0 181:1.0 
10.0 10.0 
9.837988842977344 10.0 209:1.0 
10.0 10.0 
10.0 10.0 
10.0 10.0 
10.0 10.0 
10.0 10.0 
10.0 10.0 
0.0 10.0 233:1.0 
10.0 10.0 
9.837317158153288 10.0 307:1.0 
10.0 10.0 
10.0 10.0 
10.0 10.0 198:1.0 
10.0 10.0 
10.0 10.0 
10.0 10.0 
9.894451485576042 0.0 328:1.0 
10.0 10.0 
10.0 10.0 
10.0 10.0 
9.83752353152366 10.0 135:1.0 
0.0 10.0 352:1.0 
6.7882572111784 8.899232433337497 34:1.0 159:1.0 
10.0 10.0 
10.0 10.0 249:1.0 
10.0 10.0 
9.837263516493161 9.592660410977903 107:1.0 
9.83918651805732 9.441394626058678 170:1.0 
10.0 10.0 
10.0 10.0 200:1.0 
9.839186518057321 9.879867205782803 375:1.0 
10.0 10.0 198:1.0 
10.0 10.0 
10.0 10.0 
10.0 10.0 
10.0 0.0 354:1.0 
10.0 10.0 
9.838595302841082 10.0 283:1.0 
10.0 10.0 
10.0 10.0 82:1.0 
10.0 10.0 
10.0 10.0 
10.0 9.373193071533088 180:1.0 318:1.0 
10.0 10.0 
10.0 10.0 
10.0 10.0 195:1.0 
10.0 10.0 
3.6770569089101084 0.0 91:1.0 145:1.0 146:1.0 179:1.0 418:1.0 423:1.0 432:1.0 
10.0 10.0 
10.0 10.0 
5.378013805036025 10.0 82:1.0 243:1.0 
10.0 10.0 
10.0 10.0 
10.0 10.0 
10.0 2.523862377725034 241:1.0 249:1.0 
10.0 10.0 
10.0 10.0 243:1.0 
10.0 0.0 354:1.0 
10.0 10.0 
10.0 10.0 
10.0 10.0 
10.0 10.0 
10.0 10.0 
10.0 10.0 310:1.0 
10.0 10.0 
10.0 10.0 
10.0 10.0 
10.0 10.0 
10.0 10.0 
0.4372509745614466 0.0 121:1.0 152:1.0 323:1.0 403:1.0 408:1.0 462:1.0 
10.0 10.0 
10.0 10.0 145:1.0 
10.0 10.0 
10.0 10.0 
10.0 10.0 279:1.0 
5.139368765613241 2.318844876463983 10:1.0 186:1.0 
10.0 10.0 
10.0 10.0 
10.0 10.0 
10.0 10.0 230:1.0 
0.0 0.19818368211179815 19:1.0 41:1.0 86:1.0 
10.0 10.0 
10.0 10.0 
5.139815215913063 7.570357879892472 41:1.0 256:1.0 
5.188263138196215 10.0 41:1.0 
10.0 10.0 
10.0 10.0 
10.0 10.0 
10.0 10.0 
10.0 10.0 
10.0 10.0 
10.0 10.0 
10.0 9.483312920092317 354:1.0 
10.0 10.0 
10.0 10.0 
10.0 10.0 
10.0 10.0 
3.9472182812391177 2.978146286823587 86:1.0 158:1.0 
5.191314552734408 4.983243466301421 16:1.0 
10.0 10.0 
10.0 10.0 
10.0 10.0 
10.0 10.0 
10.0 10.0 
10.0 10.0 362:1.0 
10.0 9.958608966983425 354:1.0 
10.0 9.442019071906872 173:1.0 
10.0 10.0 
5.13662033647611 4.933041234681656 47:1.0 352:1.0 
10.0 10.0 
10.0 10.0 
10.0 5.717244658224109 112:1.0 373:1.0 
10.0 10.0 
10.0 10.0 
2.527460761265956 0.0 34:1.0 126:1.0 159:1.0 
10.0 10.0 
10.0 10.0 
10.0 10.0 
10.0 10.0 
10.0 9.438673642375168 199:1.0 
10.0 10.0 
10.0 10.0 
10.0 10.0 
10.0 10.0 
10.0 10.0 
10.0 10.0 
5.133969214584537 0.0 274:1.0 302:1.0 
10.0 10.0 
10.0 10.0 
6.607380946106512 2.9771935214126355 86:1.0 312:1.0 
4.813030058727791 4.39782396480756 348:1.0 439:1.0 
10.0 10.0 
9.94380491156694 9.442064667783725 328:1.0 
10.0 10.0 
10.0 10.0 
10.0 10.0 
10.0 9.442007629387401 277:1.0 
10.0 10.0 
9.330342873345812 8.874102082820816 29:1.0 42:1.0 
10.0 10.0 245:1.0 
10.0 9.442185371748927 161:1.0 
10.0 10.0 
10.0 10.0 
10.0 10.0 
10.0 10.0 
9.838122409843349 9.4411743228529 134:1.0 
10.0 10.0 
0.0 10.0 352:1.0 
10.0 10.0 
10.0 10.0 
10.0 10.0 
10.0 10.0 
10.0 10.0 
10.0 10.0 
10.0 10.0 
10.0 10.0 
10.0 10.0 
10.0 10.0 
10.0 10.0 
10.0 10.0 
1.3888251500419213 0.9012678670002701 103:1.0 129:1.0 263:1.0 415:1.0 438:1.0 465:1.0 
10.0 10.0 
10.0 10.0 
10.0 10.0 
10.0 10.0 
10.0 10.0 
10.0 10.0 
10.0 10.0 
10.0 10.0 
10.0 10.0 
10.0 10.0 
10.0 10.0 
9.835052362392402 9.442064667783733 80:1.0 
10.0 10.0 
10.0 10.0 
8.91948510580777 8.59719855945224 50:1.0 
10.0 10.0 
10.0 10.0 
10.0 10.0 
10.0 10.0 
10.0 10.0 
10.0 10.0 
10.0 10.0 
10.0 10.0 
5.1429392753134975 5.247665176179323 95:1.0 202:1.0 
10.0 10.0 
10.0 10.0 
9.90400403619851 9.441611670393991 374:1.0 
9.839114159754503 9.86468392130192 69:1.0 
10.0 10.0 
8.17232983414003 8.365607386777803 196:1.0 219:1.0 
10.0 10.0 
10.0 10.0 
9.838810673203039 10.0 104:1.0 
10.0 10.0 
10.0 10.0 
10.0 10.0 
10.0 10.0 
10.0 10.0 
10.0 10.0 
10.0 10.0 
10.0 10.0 
10.0 10.0 
10.0 10.0 
10.0 10.0 122:1.0 
10.0 10.0 
10.0 10.0 
10.0 10.0 141:1.0 
10.0 10.0 
0.0 7.836573478323188 202:1.0 283:1.0 400:1.0 
10.0 10.0 
10.0 10.0 
10.0 10.0 
10.0 10.0 
9.8391783873494 10.0 298:1.0 
10.0 10.0 
10.0 10.0 
10.0 10.0 
10.0 10.0 
9.839089825706058 9.441943689225226 4:1.0 
10.0 10.0 
10.0 10.0 
10.0 10.0 
10.0 10.0 
10.0 10.0 
10.0 10.0 
10.0 10.0 
0.0 10.0 38:1.0 259:1.0 
10.0 10.0 
10.0 10.0 
10.0 10.0 335:1.0 
10.0 10.0 
10.0 10.0 
10.0 9.437733867080512 160:1.0 347:1.0 
10.0 10.0 
10.0 10.0 
10.0 10.0 
10.0 10.0 
10.0 10.0 
2.142914239766023 2.6784342374096366 70:1.0 71:1.0 187:1.0 219:1.0 351:1.0 
5.184198235391777 10.0 202:1.0 
4.795483423099236 10.0 174:1.0 340:1.0 
10.0 10.0 
5.588160966724773 0.6866434346546562 42:1.0 341:1.0 
10.0 10.0 
10.0 10.0 
0.5370536213530285 1.5571278802309327 33:1.0 71:1.0 219:1.0 292:1.0 
10.0 10.0 
10.0 10.0 
10.0 10.0 
10.0 10.0 
10.0 10.0 
10.0 10.0 
10.0 9.441614302024842 358:1.0 
10.0 10.0 
5.39869897288353 4.367311666055496 3:1.0 203:1.0 
10.0 10.0 
10.0 10.0 
10.0 10.0 137:1.0 
10.0 10.0 257:1.0 
10.0 10.0 
10.0 10.0 
10.0 10.0 
10.0 0.9012606211124385 121:1.0 152:1.0 323:1.0 403:1.0 408:1.0 462:1.0 
10.0 10.0 
10.0 10.0 
10.0 10.0 
10.0 10.0 
10.0 10.0 
10.0 10.0 
10.0 10.0 
10.0 8.965884470155604 53:1.0 
9.890205126843675 9.441146732932669 12:1.0 
10.0 10.0 
5.4158168522756425 0.06930605520213148 3:1.0 95:1.0 
10.0 10.0 
10.0 10.0 
10.0 10.0 
10.0 10.0 
10.0 10.0 
10.0 10.0 
10.0 10.0 
10.0 10.0 
10.0 10.0 
10.0 10.0 
10.0 10.0 
10.0 10.0 
10.0 10.0 228:1.0 
10.0 10.0 
10.0 10.0 
10.0 10.0 
10.0 10.0 
9.238387668642352 5.836310415948716 274:1.0 
10.0 10.0 
10.0 10.0 
10.0 10.0 
2.5038137247047714 6.577604143767171 352:1.0 
10.0 10.0 
10.0 10.0 
10.0 10.0 
0.2804147981704109 0.17515751489573403 91:1.0 146:1.0 241:1.0 310:1.0 355:1.0 380:1.0 423:1.0 425:1.0 458:1.0 
10.0 10.0 
5.185847396790996 9.109904735923239 274:1.0 
10.0 10.0 
10.0 10.0 
0.5319856563703041 7.340457839185011 10:1.0 
10.0 10.0 
10.0 9.44280170586368 188:1.0 
9.966732771399657 9.893046804225783 50:1.0 
9.838517636878448 10.0 233:1.0 
10.0 10.0 
10.0 10.0 
10.0 10.0 
10.0 9.524095783352196 53:1.0 
10.0 10.0 
5.136742752792906 4.926691062771367 16:1.0 198:1.0 
3.953492060823706 1.2335223337708838 249:1.0 355:1.0 391:1.0 
10.0 10.0 
10.0 10.0 296:1.0 
-0.017424955536260476 0.0 6:1.0 89:1.0 
-0.24602551441563958 1.645696739574431 117:1.0 
-0.6567915562820116 5.5558099074723835 251:1.0 353:1.0 
-0.36024900569947804 0.8143778152115291 297:1.0 
-1.194731065719938 4.071813754622153 77:1.0 
-0.11257310857508038 2.517711978708444 333:1.0 
-0.5469352823774492 2.746494604393985 73:1.0 380:1.0 
-1.636410913267664 10.0 13:1.0 138:1.0 
-0.11500174803188476 2.7432794394025524 267:1.0 
-0.0 0.801633902254651 109:1.0 347:1.0 
-0.06483429036739409 0.0 287:1.0 
-1.252753625774384 2.514257685298163 163:1.0 262:1.0 
-1.968143147212477 2.2264383917659734 187:1.0 250:1.0 
-1.1954711178678543 10.0 24:1.0 
-0.0 10.0 261:1.0 
-1.6963768299451132 0.0 53:1.0 
-10.0 10.0 9:1.0 
-0.24458709232714296 0.0 96:1.0 194:1.0 
-10.0 1.565197312140005 30:1.0 207:1.0 
-0.6035497242423077 0.7997013417572476 322:1.0 
-1.310394276146167 1.7122919449806082 282:1.0 394:1.0 467:1.0 
-0.0 10.0 7:1.0 123:1.0 260:1.0 369:1.0 
-1.254020586111286 10.0 87:1.0 192:1.0 313:1.0 
-1.1959803927956825 10.0 337:1.0 
-1.3894907733728046 10.0 351:1.0 363:1.0 
-0.11394824928291195 5.1976948004668975 189:1.0 
-1.1959983253395055 6.047411633957624 88:1.0 
-1.5082577443318974 0.0 291:1.0 
-0.10964637813881017 0.0 108:1.0 
-1.1378756530110488 10.0 251:1.0 273:1.0 344:1.0 
-0.601812481282491 0.0 353:1.0 
-0.5375175493278819 1.1813954686983008 58:1.0 105:1.0 
-1.1939922290051943 10.0 261:1.0 
-1.5237972523298182 1.142396146800162 45:1.0 73:1.0 249:1.0 402:1.0 435:1.0 
-10.0 0.0 161:1.0 
-7.273137394315845 1.5680804771375112 302:1.0 
-0.5419016414115319 0.0 230:1.0 
-0.6643480497165868 5.346605684234726 31:1.0 168:1.0 379:1.0 417:1.0 
-1.193947091348692 10.0 2:1.0 
-5.845545513417133 10.0 186:1.0 
-0.6783700372316065 5.984871252368153 90:1.0 367:1.0 
-1.143235587233113 10.0 194:1.0 299:1.0 
-1.1974533040130433 10.0 26:1.0 333:1.0 
-6.839042116240241 1.6333061677674414 91:1.0 145:1.0 179:1.0 257:1.0 418:1.0 432:1.0 
-10.0 10.0 122:1.0 
-6.920553655275287 7.58174750757175 257:1.0 
-1.1959803927956831 10.0 265:1.0 
-10.0 0.0 53:1.0 
-0.6449749572120345 7.621794621512037 198:1.0 367:1.0 
-0.048255967962173824 0.0 331:1.0 
-2.817030620290966 0.0 32:1.0 112:1.0 
-0.0 5.024193697060025 45:1.0 73:1.0 249:1.0 338:1.0 402:1.0 435:1.0 
-5.754226114775816 4.956881561059038 206:1.0 290:1.0 
-0.11135586214736462 10.0 105:1.0 
-0.0 2.5459085589512496 150:1.0 
-10.0 1.5662427392726967 172:1.0 
-10.0 3.1652174181413746 249:1.0 
-1.1303454418018013 6.615058013683472 144:1.0 149:1.0 
-10.0 10.0 50:1.0 309:1.0 
-0.5995814864897439 10.0 178:1.0 
-0.012790636087087592 0.0 213:1.0 
-0.6101871740998412 0.8510070483370272 49:1.0 127:1.0 166:1.0 252:1.0 288:1.0 314:1.0 345:1.0 361:1.0 392:1.0 399:1.0 424:1.0 429:1.0 433:1.0 441:1.0 443:1.0 453:1.0 454:1.0 459:1.0 463:1.0 473:1.0 478:1.0 
-0.0 10.0 215:1.0 
-0.044718477671015534 0.0 199:1.0 
-5.443731361561661 10.0 198:1.0 
-0.0 1.1220505469994393 225:1.0 
-1.1972198490834487 1.5638889382762462 195:1.0 226:1.0 
-8.269765230952707 6.995335752698094 25:1.0 54:1.0 241:1.0 
-0.0 1.6610646478984934 32:1.0 
-0.030589515314556268 0.0 6:1.0 140:1.0 
-0.04544718044454778 0.0 92:1.0 
-0.2744715035027449 0.0 149:1.0 297:1.0 
-0.8703180912072589 9.751331065185216 167:1.0 267:1.0 
-0.3402456491300548 0.0 35:1.0 
-0.6077817417245083 0.0 191:1.0 
-0.0 2.029920879504181 182:1.0 
-5.844006120290884 10.0 47:1.0 
-0.2257401867906713 0.0 164:1.0 
-0.386466098221278 0.5677281614485985 72:1.0 168:1.0 
-0.6498336843639743 0.0 132:1.0 160:1.0 
-0.0 2.754510400149951 105:1.0 204:1.0 269:1.0 306:1.0 419:1.0 
-3.269476716523634 0.0 95:1.0 158:1.0 
-10.0 2.1429450028458534 274:1.0 
-1.1951442997789559 0.0 268:1.0 
-0.6595808759004343 9.669148604658862 31:1.0 178:1.0 
-1.1949494841787056 1.566084123885964 286:1.0 
-10.0 1.5667488640009029 328:1.0 
-1.1960409040477833 1.5382176726988916 208:1.0 
-0.9435986534073254 10.0 316:1.0 
-10.0 7.359991922761897 195:1.0 
-0.0335769073441818 0.0 332:1.0 
-1.1960730922393012 10.0 151:1.0 
-0.08113842305455479 0.0 177:1.0 
-0.6233127733992253 0.0 376:1.0 
-0.02989629618115015 0.0 246:1.0 359:1.0 431:1.0 
-0.0 3.667608930002576 75:1.0 93:1.0 268:1.0 
-0.9992824207812419 10.0 310:1.0 
-0.806399131904997 1.711541882271695 58:1.0 72:1.0 105:1.0 315:1.0 
-10.0 1.9908798557045104 12:1.0 121:1.0 152:1.0 323:1.0 403:1.0 408:1.0 462:1.0 
-0.0 0.9438003295982987 183:1.0 
-0.6051054695248806 10.0 120:1.0 
-1.5605343927594126 10.0 251:1.0 
-0.09744887686871455 0.0 36:1.0 
-4.598579556068497 3.0462472464605415 212:1.0 335:1.0 371:1.0 
-0.05013621384485901 0.0 260:1.0 
-0.03176554128319969 2.078492172412943 193:1.0 
-2.100970467977968 0.0 5:1.0 241:1.0 319:1.0 
-0.0 5.11025820599452 19:1.0 94:1.0 148:1.0 215:1.0 
-10.0 1.5640618994405586 218:1.0 
-1.1297186924003315 10.0 44:1.0 97:1.0 
-0.6541374864674964 0.8447704716460769 60:1.0 322:1.0 
-4.582245017443419 0.0 126:1.0 
-1.198761457642283 10.0 76:1.0 347:1.0 
-0.39194490389777625 0.0 115:1.0 
-10.0 0.5578652033349881 354:1.0 
-9.655406175702195 0.0 161:1.0 
-0.8674268046842777 1.0817099379772752 18:1.0 49:1.0 127:1.0 166:1.0 180:1.0 229:1.0 252:1.0 288:1.0 314:1.0 345:1.0 356:1.0 392:1.0 396:1.0 424:1.0 429:1.0 430:1.0 433:1.0 437:1.0 441:1.0 443:1.0 453:1.0 454:1.0 456:1.0 459:1.0 461:1.0 463:1.0 473:1.0 482:1.0 
-0.0 4.425268011424958 191:1.0 303:1.0 311:1.0 
-0.0 9.905280781875234 32:1.0 
-4.578927819630782 7.970765506400641 246:1.0 303:1.0 324:1.0 
-1.286934823211596 3.1121805016058643 175:1.0 234:1.0 317:1.0 334:1.0 
-0.6495517835946968 1.5638383936309037 285:1.0 329:1.0 
-0.6061846657044099 1.4042515970917855 115:1.0 295:1.0 360:1.0 
-10.0 10.0 200:1.0 
-0.11072071562121673 0.04145857613044515 347:1.0 
-1.1960487395852897 10.0 321:1.0 
-0.0 10.0 243:1.0 
-0.6506440944446781 0.0 198:1.0 287:1.0 
-0.0 6.405859153529482 109:1.0 
-0.6481573944681711 6.41314278162805 191:1.0 251:1.0 
-0.6269124585000891 9.80306692863489 133:1.0 238:1.0 339:1.0 404:1.0 
-0.6975249506947285 10.0 360:1.0 
-9.848098618844913 2.105146081675505 126:1.0 
-1.1959950979251706 9.535796140240878 182:1.0 
-1.1939470913486914 10.0 57:1.0 
-0.6635499582467966 5.124829321618216 35:1.0 168:1.0 379:1.0 417:1.0 
-0.3015306888216212 0.0 183:1.0 234:1.0 317:1.0 
-0.3953975507242571 0.0 336:1.0 
-10.0 10.0 192:1.0 
-1.1941995021868104 1.5396440142953831 221:1.0 
-1.1941995021868157 0.0 173:1.0 
-4.050357930048394 3.2778903146588867 68:1.0 91:1.0 146:1.0 227:1.0 249:1.0 301:1.0 355:1.0 391:1.0 423:1.0 425:1.0 458:1.0 481:1.0 
-0.11078816279087653 8.599088734366683 141:1.0 
-0.0 0.7881827451439811 150:1.0 369:1.0 
-10.0 1.566611635829138 374:1.0 
-0.12744382798243756 0.0 14:1.0 143:1.0 
-0.0 3.306867623490336 75:1.0 92:1.0 96:1.0 
-5.055188174550425 2.623503138194644 29:1.0 95:1.0 169:1.0 
-7.323666997020682 0.0 370:1.0 
-0.10994996962801425 1.884013453848317 237:1.0 
-0.0 10.0 336:1.0 363:1.0 
-0.0 0.037306265284994214 20:1.0 208:1.0 221:1.0 232:1.0 
-6.227877988166193 7.375866093836908 43:1.0 266:1.0 
-0.0 4.994836862340447 
-0.0 10.0 
-0.0 10.0 
-0.0 10.0 
-0.0 10.0 
-0.0 10.0 
-0.0 10.0 
-0.0 10.0 
-0.0 10.0 
-0.0 10.0 
-0.0 10.0 
-0.0 10.0 
-9.685714878886769 1.565168536340349 291:1.0 
-0.0 10.0 
-0.0 10.0 
-1.277754406078641 1.6301463731800059 18:1.0 49:1.0 127:1.0 166:1.0 180:1.0 229:1.0 252:1.0 288:1.0 345:1.0 356:1.0 361:1.0 392:1.0 396:1.0 399:1.0 429:1.0 430:1.0 437:1.0 443:1.0 453:1.0 456:1.0 461:1.0 478:1.0 482:1.0 
-0.1520670938506928 10.0 346:1.0 
-0.021088180920713285 1.120046846471818 162:1.0 
-0.0 10.0 
-0.4850685191371125 0.5740221196274208 17:1.0 125:1.0 407:1.0 
-0.6986412073236926 2.476184840887178 148:1.0 154:1.0 
-0.6600942416860099 2.3745478585324786 61:1.0 203:1.0 
-0.0 10.0 
-0.0 10.0 
-1.1954080042893545 0.0 296:1.0 
-0.0 10.0 
-0.0 10.0 
-0.0 10.0 
-0.6890256079468924 4.219712974516732 284:1.0 
-0.0 10.0 
-0.0 10.0 
-0.0 10.0 270:1.0 
-0.0 10.0 
-0.5595707238463886 4.47744806128387 96:1.0 284:1.0 
-0.0 10.0 
-0.26397913581711757 1.5667279570773969 344:1.0 
-0.0 10.0 
-0.9479862718065468 9.672375715655154 183:1.0 
-0.0 10.0 
-0.0 10.0 
-0.604131688635983 0.0 60:1.0 
-0.0 10.0 
-0.6979804557644654 5.007998934177758 154:1.0 271:1.0 
-1.1995559559821445 10.0 84:1.0 160:1.0 
-0.0 10.0 
-0.0 10.0 
-0.16971855443743838 3.461500447044142 95:1.0 109:1.0 127:1.0 363:1.0 
-0.624484020882616 7.198780787432418 365:1.0 
-0.051947483011452 0.0 205:1.0 
-0.0 10.0 
-0.0 10.0 
-0.6055089796253335 1.5667190990891433 83:1.0 
-0.0 10.0 
-0.6063757239592882 10.0 285:1.0 
-0.0 10.0 
-0.0 10.0 
-1.1953894242157177 10.0 270:1.0 
-0.0 10.0 
-0.0 10.0 
-0.9576288552584385 1.647890905879115 17:1.0 56:1.0 78:1.0 125:1.0 231:1.0 238:1.0 272:1.0 385:1.0 407:1.0 412:1.0 426:1.0 469:1.0 476:1.0 
-0.0 10.0 
-0.0 10.0 
-0.0 10.0 
-0.0 10.0 
-0.0 10.0 
-0.0 10.0 
-10.0 10.0 138:1.0 
-0.0 10.0 
-0.0 10.0 
-0.0 10.0 
-0.0 10.0 
-0.0 10.0 
-0.0 10.0 
-0.0 10.0 
-0.6471468952140622 0.0 201:1.0 230:1.0 
-3.1213698734772635 4.992861287637028 20:1.0 247:1.0 281:1.0 
-0.0 10.0 
-0.0 10.0 
-1.8773273006589337 9.23272077385406 94:1.0 153:1.0 
-0.0 10.0 75:1.0 
-1.1940611837283919 10.0 114:1.0 
-0.0 10.0 
-0.0 10.0 
-6.061576766457888 10.0 243:1.0 
-0.0 10.0 
-0.005691628381275532 0.0 255:1.0 
-0.0 10.0 
-0.0 10.0 
-0.0 10.0 
-4.50030882648367 10.0 
-1.1952619838019711 9.358790007389429 330:1.0 
-10.0 9.20202214480697 53:1.0 
-10.0 10.0 
-10.0 10.0 
-10.0 10.0 
-0.15886013992661588 2.4130360691088155 65:1.0 
-3.5250809546322452 0.0 95:1.0 
-0.0 2.5382538149027676 8:1.0 165:1.0 371:1.0 409:1.0 
-10.0 10.0 
-1.1947330095566355 10.0 190:1.0 
-0.11271000370254086 10.0 226:1.0 
-10.0 10.0 
-10.0 10.0 
-0.17014175672995702 0.0 313:1.0 
-10.0 10.0 
-10.0 10.0 
-10.0 10.0 198:1.0 
-10.0 10.0 
-0.6508352849074024 6.614744951577507 120:1.0 161:1.0 
-10.0 10.0 
-10.0 10.0 141:1.0 
-0.025541076267392975 0.0 381:1.0 
-10.0 10.0 
-10.0 10.0 
-10.0 10.0 
-10.0 10.0 
-10.0 6.050675115971593 159:1.0 
-10.0 10.0 
-10.0 10.0 
-10.0 7.877394012960449 195:1.0 
-0.660101302244594 5.5651887392552535 175:1.0 287:1.0 311:1.0 
-10.0 10.0 
-0.038266180912212955 0.0 339:1.0 
-10.0 10.0 
-10.0 10.0 
-10.0 10.0 
-10.0 10.0 
-0.06307306557765109 10.0 368:1.0 
-10.0 10.0 
-10.0 10.0 
-10.0 10.0 
-10.0 10.0 
-0.8647582784665921 0.0 277:1.0 377:1.0 
-10.0 10.0 
-10.0 10.0 
-0.9125666722898592 10.0 131:1.0 
-10.0 10.0 
-10.0 10.0 
-0.6363554183522503 0.0 48:1.0 
-10.0 10.0 
-10.0 1.5661495869486217 277:1.0 
-10.0 10.0 
-10.0 10.0 
-10.0 10.0 
-0.06966971693509465 10.0 225:1.0 
-0.6813937271404181 1.4792961794651067 48:1.0 51:1.0 325:1.0 
-10.0 10.0 
-10.0 10.0 
-10.0 10.0 
-10.0 10.0 
-10.0 10.0 
-10.0 10.0 
-10.0 10.0 
-10.0 10.0 
-10.0 10.0 
-10.0 10.0 
-10.0 10.0 
-10.0 10.0 
-0.0 2.9473401399871095 27:1.0 293:1.0 
-10.0 10.0 
-10.0 10.0 
-0.33473855383311696 0.44189346791054507 139:1.0 
-10.0 10.0 
-10.0 10.0 
-8.118394387653698 10.0 
-0.04732393982789322 2.3848494090450703 382:1.0 
-10.0 10.0 
-0.3727865023624901 0.5725760673523432 133:1.0 
-10.0 10.0 245:1.0 
-10.0 10.0 
-0.0 2.4201703657260434 5:1.0 77:1.0 347:1.0 
-10.0 10.0 
-10.0 10.0 
-0.0 10.0 369:1.0 
-10.0 10.0 
-10.0 10.0 
-0.0 7.213377646713099 269:1.0 
-10.0 10.0 
-6.199612441854291 10.0 82:1.0 215:1.0 383:1.0 
-10.0 10.0 
-10.0 10.0 
-5.359659325121261 10.0 
-0.0 2.1185309960495413 81:1.0 185:1.0 248:1.0 254:1.0 384:1.0 393:1.0 406:1.0 449:1.0 479:1.0 
-0.0 10.0 
-0.0 10.0 
-0.8931890677610913 1.1695773092702082 110:1.0 155:1.0 413:1.0 
-0.07292963770185493 0.0 255:1.0 
-10.0 10.0 
-1.1161180581794543 1.5665967915533285 255:1.0 
-10.0 10.0 
-10.0 10.0 
-10.0 10.0 
-0.11838087806022436 1.8338261461535235 59:1.0 
-0.8102209678662085 9.882651686159504 150:1.0 
-10.0 10.0 
-10.0 10.0 
-10.0 10.0 
-10.0 10.0 
-10.0 10.0 
-10.0 10.0 
-10.0 10.0 
-7.211869653259756 5.00098667179559 11:1.0 63:1.0 112:1.0 
-10.0 10.0 
-10.0 10.0 
-1.1947310657199357 0.0 358:1.0 
-10.0 10.0 
-10.0 10.0 
-0.40786195130529285 0.0 318:1.0 
-10.0 10.0 
-10.0 10.0 
-10.0 10.0 
-10.0 10.0 
-0.7834104998169198 0.9033153077954391 56:1.0 78:1.0 231:1.0 339:1.0 412:1.0 426:1.0 476:1.0 
-0.6593646326279966 9.416401254212152 61:1.0 315:1.0 
-1.1947686537051363 10.0 232:1.0 
-10.0 10.0 
-10.0 10.0 
-10.0 10.0 
-10.0 4.287710558401874 147:1.0 
-0.0 10.0 222:1.0 
-0.26425189984429226 7.921405916495711 339:1.0 
-10.0 10.0 
-0.0 5.576509418299758 222:1.0 230:1.0 
-10.0 1.567185513682265 173:1.0 
-10.0 10.0 
-10.0 10.0 
-2.7539887679820887 4.9196619076695285 1:1.0 75:1.0 137:1.0 
-10.0 10.0 243:1.0 
-0.578576429116411 1.8200365127326417 55:1.0 68:1.0 123:1.0 253:1.0 350:1.0 420:1.0 
-1.0373568285014865 10.0 214:1.0 
-10.0 10.0 
-10.0 10.0 
-10.0 1.5679316654413498 358:1.0 
-10.0 10.0 
-1.4392507683204971 0.0 181:1.0 
-0.6376555547755671 0.0 73:1.0 249:1.0 435:1.0 
-10.0 10.0 
-9.791778124577 6.02149600617586 325:1.0 
-0.0 1.954165422008413 27:1.0 381:1.0 
-6.866677640017328 0.7863451801280031 188:1.0 222:1.0 
-10.0 10.0 
-0.3616071788420408 10.0 55:1.0 
-10.0 10.0 
-2.521400495733977 9.651754114240147 257:1.0 
-10.0 10.0 
-10.0 10.0 
-10.0 10.0 
-0.0 10.0 322:1.0 
-6.9432931261709845 10.0 70:1.0 362:1.0 
-0.1238961841480775 1.6712933389900195 101:1.0 
-10.0 10.0 
-10.0 10.0 
-10.0 10.0 
-10.0 10.0 
-0.0 2.730667205257571 177:1.0 
-10.0 10.0 
-10.0 10.0 
-10.0 10.0 
-10.0 10.0 
-10.0 10.0 
-10.0 10.0 
-10.0 10.0 
-10.0 10.0 
-10.0 10.0 
-0.4249933279261924 0.28609816097402896 150:1.0 295:1.0 
-0.608944821770715 0.0 201:1.0 
-0.0 10.0 116:1.0 
-10.0 10.0 
-1.1694084079113145 0.0 381:1.0 
-0.3121542186118177 0.0 127:1.0 131:1.0 
-0.0 1.4817663732784396 168:1.0 
-10.0 10.0 
-8.589567046071235 4.952689013313503 196:1.0 
-10.0 10.0 
-10.0 10.0 
-0.0 4.064329534579619 123:1.0 169:1.0 195:1.0 380:1.0 
-10.0 10.0 
-10.0 10.0 
-0.08297843105523287 2.2870207477105478 98:1.0 
-1.4210872558335648 1.8545516016604158 66:1.0 139:1.0 171:1.0 397:1.0 440:1.0 452:1.0 
-0.0 10.0 310:1.0 
-10.0 10.0 
-10.0 10.0 
-7.885059729174675 9.460017107862363 126:1.0 
-10.0 10.0 
-10.0 10.0 
-10.0 10.0 
-10.0 10.0 
-10.0 10.0 
-1.1130468460916638 9.277185524547829 98:1.0 
-10.0 10.0 
-10.0 10.0 
-10.0 10.0 
-10.0 10.0 
-0.08168208355701423 0.0 89:1.0 
-1.0281857221181336 1.563000034880722 53:1.0 200:1.0 
-1.2540866868685832 5.937466909058921 204:1.0 306:1.0 419:1.0 
-0.0 0.058206011289941954 60:1.0 
-1.19496800491893 10.0 142:1.0 
-0.0 2.486533538345662 74:1.0 265:1.0 285:1.0 
-0.2766160439029527 0.0 143:1.0 316:1.0 
-10.0 10.0 
-10.0 10.0 
-10.0 10.0 
-10.0 10.0 
-1.1986823517864857 0.8317960482171238 67:1.0 141:1.0 
-0.05587881144645496 2.7462982449933953 223:1.0 
-10.0 10.0 
-0.10506015049927608 0.0 31:1.0 
-0.30621326770327184 0.41529394590729135 115:1.0 
-0.40031502997247465 1.067490225096461 56:1.0 74:1.0 231:1.0 238:1.0 272:1.0 385:1.0 426:1.0 469:1.0 
-10.0 0.0 230:1.0 
-10.0 10.0 
-0.35928986438895705 0.0 6:1.0 167:1.0 267:1.0 
-10.0 10.0 
-5.2089554441947765 0.0 203:1.0 
-10.0 10.0 
-4.194748371382383 9.97250745345714 310:1.0 
-10.0 10.0 
-10.0 10.0 
-10.0 10.0 
-10.0 10.0 
-0.0 8.884544967104498 290:1.0 294:1.0 
-10.0 10.0 
-10.0 10.0 
-10.0 10.0 
-1.1834470662655436 6.4285780719224235 85:1.0 164:1.0 292:1.0 
-10.0 10.0 
-1.1448317910740744 4.157338776480286 260:1.0 
-10.0 10.0 
-10.0 10.0 
-0.03032912418371439 0.0 8:1.0 165:1.0 409:1.0 
-10.0 10.0 
-10.0 10.0 
-10.0 10.0 
-10.0 10.0 
-1.1983664528110691 10.0 23:1.0 
-10.0 10.0 
-10.0 10.0 
-0.6521721193010936 0.0 83:1.0 160:1.0 
-0.2926454405833508 1.7756618206464974 165:1.0 198:1.0 
-10.0 10.0 
-10.0 10.0 
-1.1929929609245644 0.0 8:1.0 165:1.0 409:1.0 
-10.0 10.0 
-10.0 10.0 
-10.0 10.0 
-10.0 10.0 
-10.0 10.0 
-10.0 10.0 
-1.1144829944362513 8.834037609042293 177:1.0 
-10.0 10.0 
-10.0 10.0 
-10.0 10.0 
-0.012781284569738215 0.0 207:1.0 
-0.17042392503215972 7.641208680680998 204:1.0 
-10.0 10.0 
-10.0 10.0 
-10.0 10.0 
-10.0 10.0 
-10.0 10.0 
-10.0 10.0 
-10.0 10.0 
-10.0 10.0 
-10.0 10.0 
-10.0 10.0 
-10.0 10.0 
-10.0 10.0 
-0.40626733554725886 10.0 85:1.0 311:1.0 
-10.0 10.0 
-10.0 10.0 
-1.1685749146855842 10.0 140:1.0 
-10.0 10.0 
-10.0 10.0 
-0.6079685006177248 10.0 132:1.0 
-10.0 10.0 
-10.0 0.31015153489869646 111:1.0 
-10.0 10.0 
-10.0 10.0 
-10.0 10.0 
-10.0 10.0 
-10.0 10.0 
-1.1963003351457806 3.415785109137757 293:1.0 
-10.0 10.0 
-0.6370300215055414 10.0 51:1.0 
-10.0 2.3106227655408014 279:1.0 310:1.0 
-10.0 10.0 
-10.0 10.0 
-10.0 10.0 
-10.0 10.0 
-10.0 10.0 
-10.0 10.0 
-10.0 10.0 
-0.6100050795193658 0.0 258:1.0 
-10.0 10.0 
-10.0 10.0 
-10.0 10.0 
-10.0 10.0 
-1.196650580623372 7.036735975668358 93:1.0 189:1.0 
-10.0 10.0 
-10.0 10.0 
-10.0 10.0 
-10.0 0.3925395714541008 207:1.0 
-10.0 10.0 
-10.0 10.0 
-10.0 10.0 
-4.409828290951428 1.564495810014943 181:1.0 
-7.978831261737467 0.0 160:1.0 
-10.0 10.0 
-10.0 10.0 
-0.0 10.0 54:1.0 
-0.0 10.0 168:1.0 379:1.0 417:1.0 
-0.0 0.7990714857630756 347:1.0 369:1.0 
-10.0 10.0 
-10.0 10.0 
-0.0 9.379664751007663 258:1.0 
-10.0 10.0 
-9.835254111954129 1.5664847354392872 318:1.0 
-1.195318689495694 10.0 62:1.0 
-1.416198042202574 1.5628541224690344 109:1.0 158:1.0 
-0.0 10.0 120:1.0 
-10.0 10.0 
-0.3019966346382234 0.0 127:1.0 203:1.0 
-1.0765863355865488 9.732328647042511 59:1.0 
-10.0 10.0 
-10.0 10.0 
-10.0 10.0 
-10.0 10.0 
-2.704570852385223 1.5656769367043952 275:1.0 
-1.7921278930699593 2.1884692072577794 49:1.0 166:1.0 180:1.0 229:1.0 252:1.0 361:1.0 399:1.0 443:1.0 478:1.0 
-1.0068469523572912 9.661014257607617 116:1.0 
-0.0 2.5647510857299176 201:1.0 
-0.6524568821293979 0.0 55:1.0 154:1.0 253:1.0 420:1.0 
-0.0 1.697369987480213 111:1.0 212:1.0 214:1.0 330:1.0 
-10.0 10.0 
-2.1009224130055513 0.8455199455499518 199:1.0 
-10.0 10.0 
-2.134840301772933 9.756866138303531 207:1.0 
-10.0 10.0 
-10.0 10.0 
-1.8061525594989742 0.6695217876272536 68:1.0 145:1.0 179:1.0 432:1.0 
-10.0 10.0 
-0.19429766407270388 8.84496375748681 72:1.0 109:1.0 214:1.0 
-3.0836437196367417 0.542565548247273 1:1.0 33:1.0 137:1.0 
-10.0 10.0 
-10.0 10.0 
-10.0 10.0 
-0.0 9.182254487271143 102:1.0 266:1.0 371:1.0 
-10.0 10.0 
-10.0 10.0 
-10.0 10.0 
-1.1945223542285095 9.558711736749363 157:1.0 
-1.0983235251340269 7.0226462700568595 36:1.0 
-10.0 10.0 
-7.175680181429939 1.566616360946029 312:1.0 
-10.0 10.0 
-10.0 10.0 
-1.1974562163186193 10.0 242:1.0 327:1.0 
-10.0 10.0 
-10.0 10.0 
-0.6474082362305499 0.8299242013059933 258:1.0 297:1.0 
-0.6085010094223302 10.0 329:1.0 
-3.138217076852007 4.744604713701191 188:1.0 338:1.0 
-0.0 8.116060484148358 285:1.0 
-5.845318202247689 1.5645212025602717 256:1.0 
-9.116495148995101 0.0 230:1.0 
-10.0 10.0 
-0.3980229581662584 0.2902305619288733 295:1.0 325:1.0 
-10.0 10.0 
-10.0 10.0 
-10.0 10.0 
-0.0 0.35579151563274936 48:1.0 
-1.0721447198997038 9.895325069673703 101:1.0 
-10.0 10.0 259:1.0 347:1.0 
-10.0 10.0 
-10.0 10.0 
-10.0 10.0 
-10.0 10.0 
-10.0 10.0 
-10.0 10.0 
-10.0 10.0 
-1.1309359807981878 9.662865570090325 368:1.0 
-1.138860770502416 8.819907877005573 223:1.0 
-10.0 10.0 
-10.0 10.0 
-1.002975826564479 6.613775143185141 14:1.0 143:1.0 
-10.0 10.0 
-10.0 10.0 
-10.0 10.0 
-10.0 10.0 
-0.8647582784665964 10.0 377:1.0 378:1.0 
-10.0 10.0 
-10.0 10.0 
-10.0 10.0 
-10.0 10.0 
-10.0 10.0 
-10.0 10.0 198:1.0 
-10.0 10.0 
-1.1982383041247804 10.0 294:1.0 
-10.0 10.0 
-10.0 10.0 
-10.0 10.0 
-10.0 10.0 
-10.0 10.0 
-10.0 10.0 
-0.2752271796586009 9.12852793995313 97:1.0 310:1.0 
-10.0 10.0 
-10.0 10.0 
-10.0 10.0 
-10.0 10.0 
-10.0 10.0 
-1.0874307605176008 9.680801544850798 237:1.0 
-0.3640582330848945 0.0 35:1.0 
-10.0 10.0 
-10.0 10.0 
-10.0 10.0 
-10.0 10.0 
-10.0 10.0 
-10.0 10.0 
-10.0 10.0 
-10.0 10.0 
-10.0 10.0 
-10.0 10.0 
-10.0 9.983464049836519 249:1.0 
-10.0 10.0 
-0.0 10.0 369:1.0 
-10.0 10.0 
-10.0 10.0 
-10.0 10.0 
-0.23390889946046148 0.0 85:1.0 116:1.0 200:1.0 
-0.1128956950333885 0.0 242:1.0 
-10.0 9.860899527106962 67:1.0 
-10.0 10.0 
-10.0 10.0 
-1.1435761417419337 1.5667279570773913 205:1.0 
-10.0 10.0 
-10.0 10.0 
-0.5388587735653371 4.498827343578045 96:1.0 325:1.0 
-10.0 10.0 
-10.0 10.0 
-10.0 10.0 
-10.0 10.0 
-10.0 10.0 
-10.0 10.0 
-10.0 10.0 
-10.0 10.0 
-10.0 10.0 
-10.0 10.0 
-9.384320410559381 10.0 236:1.0 275:1.0 
-3.9448783046426095 3.385287988441185 74:1.0 269:1.0 370:1.0 373:1.0 
-10.0 10.0 
-10.0 10.0 
-10.0 10.0 
-10.0 10.0 
-10.0 10.0 
-0.0 1.1648988105961813 33:1.0 157:1.0 
-9.851697594394174 9.920656673315419 117:1.0 
-1.1474706793721112 9.179231268708499 382:1.0 
-0.5918415372204966 0.7174663485313457 17:1.0 125:1.0 133:1.0 238:1.0 404:1.0 407:1.0 
-10.0 10.0 
-10.0 10.0 
-10.0 10.0 
-10.0 10.0 
-10.0 10.0 
-0.8449748269096157 8.64926206965215 350:1.0 
-10.0 10.0 
-0.25553439865804906 0.0 56:1.0 78:1.0 125:1.0 231:1.0 238:1.0 385:1.0 412:1.0 426:1.0 469:1.0 476:1.0 
-10.0 10.0 69:1.0 
-10.0 10.0 
-0.0 2.5187399034149167 242:1.0 
-10.0 10.0 
-10.0 10.0 
-10.0 10.0 
-10.0 10.0 
-10.0 10.0 
-10.0 0.7975831197115065 199:1.0 354:1.0 
-1.1496381425691742 0.0 92:1.0 
-1.1832170407697662 6.045653217020958 213:1.0 
-10.0 10.0 
-1.1632016723635719 9.487913808064762 193:1.0 
-10.0 10.0 
-0.0 10.0 222:1.0 
-10.0 10.0 
-10.0 10.0 
-10.0 10.0 
-1.194061183728389 10.0 235:1.0 
-10.0 10.0 
-10.0 10.0 
-10.0 10.0 
-10.0 10.0 
-10.0 10.0 
-10.0 10.0 
-10.0 10.0 
-10.0 10.0 
-10.0 10.0 
-10.0 10.0 
-10.0 10.0 
-3.342894803307955 10.0 27:1.0 136:1.0 228:1.0 289:1.0 401:1.0 
-0.046337903148754425 6.143508426368261 246:1.0 359:1.0 431:1.0 
-10.0 10.0 
-1.0852268656002055 6.614925901727427 6:1.0 210:1.0 
-10.0 10.0 
-0.0 1.0488553881693035 369:1.0 
-10.0 10.0 
-1.2157192212250398 1.4374143529506072 49:1.0 127:1.0 166:1.0 180:1.0 252:1.0 288:1.0 314:1.0 392:1.0 424:1.0 433:1.0 441:1.0 443:1.0 454:1.0 459:1.0 463:1.0 473:1.0 
-10.0 10.0 
-10.0 10.0 
-10.0 10.0 
-10.0 10.0 
-10.0 10.0 
-10.0 1.5663368118443861 106:1.0 
-10.0 6.051313758311036 296:1.0 
-1.6222461160271668 10.0 81:1.0 185:1.0 248:1.0 254:1.0 384:1.0 393:1.0 406:1.0 449:1.0 479:1.0 
-1.1468883318167835 1.566176619073709 331:1.0 
-10.0 10.0 
-10.0 10.0 
-10.0 10.0 
-10.0 10.0 
-1.0992328124811677 1.5676805493537778 89:1.0 
-10.0 10.0 
-10.0 10.0 
-6.486616912627158 10.0 251:1.0 
-10.0 9.566060631801768 354:1.0 
-10.0 10.0 
-10.0 10.0 
-1.1606211889797813 6.049062535274055 332:1.0 
-10.0 10.0 
-1.311007864270131 8.780492389957287 52:1.0 156:1.0 444:1.0 
-0.6976392038205532 4.174312906506349 90:1.0 365:1.0 376:1.0 
-10.0 10.0 
-1.0422011095458508 10.0 346:1.0 
-10.0 10.0 
-10.0 10.0 
-1.8658287492859087 2.436106927504936 110:1.0 155:1.0 239:1.0 264:1.0 278:1.0 357:1.0 372:1.0 386:1.0 395:1.0 413:1.0 422:1.0 436:1.0 442:1.0 446:1.0 448:1.0 450:1.0 475:1.0 477:1.0 
-10.0 10.0 
-10.0 10.0 
-10.0 10.0 
-10.0 10.0 
-10.0 10.0 
-1.199920922450176 4.355275633980383 108:1.0 128:1.0 
-10.0 10.0 
-1.1252845746706948 9.492664408409052 225:1.0 
-0.7999258623768598 1.5680985672080083 336:1.0 
-10.0 10.0 
-10.0 10.0 
-10.0 10.0 
-10.0 10.0 
-10.0 10.0 
-10.0 10.0 
-10.0 0.7417443859124764 60:1.0 
-10.0 9.034415835756366 310:1.0 
-10.0 10.0 
-10.0 10.0 
-10.0 10.0 
-10.0 10.0 
-1.1943276603354152 0.0 19:1.0 
-10.0 10.0 
-10.0 10.0 
-10.0 10.0 
-10.0 10.0 
-1.2643794053340898 8.966984360809953 65:1.0 251:1.0 351:1.0 
-1.1772844767575568 9.495852409238136 162:1.0 
-0.0 4.883428071964296 95:1.0 138:1.0 163:1.0 184:1.0 383:1.0 
-10.0 10.0 
-10.0 10.0 
-10.0 10.0 
-0.38631089194278306 0.5686930060438007 18:1.0 49:1.0 127:1.0 166:1.0 229:1.0 252:1.0 288:1.0 314:1.0 345:1.0 356:1.0 392:1.0 396:1.0 424:1.0 429:1.0 430:1.0 433:1.0 437:1.0 441:1.0 443:1.0 453:1.0 454:1.0 456:1.0 459:1.0 461:1.0 463:1.0 473:1.0 482:1.0 
-6.701309087855732 0.7981657115092402 354:1.0 369:1.0 
-3.60076073811168 10.0 
-0.0 10.0 
-10.0 1.5645821321659574 42:1.0 
-0.0 10.0 
-0.0 10.0 
-0.0 10.0 
-0.0 -10.0 
-0.0 -10.0 
-0.0 -10.0 
-0.0 -10.0 
-10.0 -9.467350587433678 38:1.0 
-0.0 -10.0 
-0.0 -10.0 
-0.0 -10.0 120:1.0 
-8.174877158875786 -7.134190939069447 29:1.0 
-0.0 -10.0 
-0.0 -10.0 
-0.0 -10.0 
-10.0 -9.465530163796895 340:1.0 
-0.0 -10.0 
-0.0 -10.0 
-0.0 -10.0 
-10.0 -10.0 82:1.0 
-0.0 -10.0 
-10.0 -10.0 228:1.0 275:1.0 
-0.0 -10.0 
-0.0 -0.48928482493749226 305:1.0 
-0.0 -10.0 
-0.1492395406283509 -10.0 178:1.0 
-0.4610212247705915 -0.7380899474894604 363:1.0 
-10.0 -9.469233194545259 41:1.0 
-0.0 -10.0 
-0.015704398313458483 -10.0 75:1.0 
-0.0 -10.0 
-0.0 -10.0 
-0.0 -10.0 
-0.0 -10.0 
-0.0 -10.0 144:1.0 
-0.0 -10.0 
-0.0 -10.0 
-10.0 -10.0 192:1.0 
-0.0 -10.0 
-0.0 -10.0 
-9.811451733877455 -10.0 
-10.0 -10.0 
-10.0 -10.0 
-1.594726857817144 -10.0 382:1.0 
-0.36671427950594143 -10.0 116:1.0 198:1.0 
-10.0 -10.0 
-0.0 -4.949187394949002 273:1.0 
-0.027703714165073577 -8.513663270459835 299:1.0 
-10.0 -10.0 
-10.0 -10.0 
-10.0 -10.0 
-0.0 -0.003167445641153058 136:1.0 289:1.0 401:1.0 
-10.0 -10.0 
-1.5954241896854189 -8.606341535115657 13:1.0 141:1.0 
-10.0 -10.0 
-10.0 -10.0 
-10.0 -10.0 43:1.0 
-10.0 -10.0 
-10.0 -4.958197899124924 159:1.0 352:1.0 
-0.029678140734741888 -0.0 305:1.0 
-10.0 -10.0 
-10.0 -10.0 
-10.0 -10.0 
-0.0 -6.692961188355624 311:1.0 
-10.0 -10.0 
-1.6695024215607979 -4.960410736047019 77:1.0 307:1.0 
-10.0 -10.0 
-10.0 -10.0 
-10.0 -10.0 
-10.0 -10.0 
-10.0 -10.0 
-10.0 -10.0 
-1.6701870094568172 -10.0 90:1.0 365:1.0 
-1.593308511526895 -8.531334852109795 87:1.0 192:1.0 
-10.0 -10.0 
-10.0 -10.0 
-10.0 -10.0 
-1.5913590849161237 -10.0 367:1.0 
-10.0 -10.0 
-10.0 -10.0 
-10.0 -10.0 
-0.0 -8.513675530499242 26:1.0 
-1.1521024306222 -4.955980338050516 211:1.0 332:1.0 
-0.014015473645354907 -0.0 79:1.0 262:1.0 
-1.5948276990629782 -8.911253930172135 327:1.0 351:1.0 
-10.0 -10.0 
-10.0 -10.0 
-0.0 -0.004406105076314984 349:1.0 
-10.0 -10.0 
-0.13016527960486998 -10.0 347:1.0 
-0.02972263932563997 -10.0 270:1.0 
-10.0 -10.0 
-10.0 -10.0 
-10.0 -10.0 
-0.0 -10.0 222:1.0 
-10.0 -10.0 
-6.643803300468811 -7.749890317584909 23:1.0 25:1.0 
-0.0 -10.0 54:1.0 
-0.8629395821764081 -5.43861370970736 114:1.0 265:1.0 
-1.59032081762056 -10.0 227:1.0 
-10.0 -10.0 
-10.0 -10.0 
-0.09364887322378392 -10.0 65:1.0 271:1.0 350:1.0 
-0.0 -7.445214480244199 44:1.0 105:1.0 204:1.0 
-10.0 -10.0 
-1.6683610344329904 -9.467211181323687 258:1.0 308:1.0 
-10.0 -10.0 
-1.5919526760665361 -10.0 242:1.0 
-1.5923368988106177 -10.0 96:1.0 
-10.0 -10.0 
-10.0 -10.0 
-10.0 -10.0 
-10.0 -10.0 
-10.0 -10.0 
-1.594498169622634 -10.0 51:1.0 
-2.4018038818459164 -1.4868486647411872 105:1.0 201:1.0 230:1.0 235:1.0 304:1.0 
-10.0 -10.0 
-10.0 -10.0 
-10.0 -10.0 
-10.0 -10.0 
-0.06647485460124662 -10.0 93:1.0 215:1.0 
-0.0 -10.0 251:1.0 
-10.0 -10.0 347:1.0 
-0.8582942846627393 -0.0 153:1.0 363:1.0 
-1.5920249162219051 -10.0 59:1.0 
-10.0 -10.0 
-8.952590647809544 -10.0 195:1.0 380:1.0 
-10.0 -10.0 
-10.0 -10.0 
-10.0 -10.0 
-10.0 -10.0 
-10.0 -10.0 
-10.0 -10.0 
-1.1108044035381408 -10.0 138:1.0 
-10.0 -10.0 
-10.0 -10.0 
-10.0 -10.0 
-1.5913089294168326 -10.0 338:1.0 
-10.0 -10.0 
-0.0 -10.0 222:1.0 
-10.0 -10.0 
-10.0 -10.0 
-10.0 -10.0 
-10.0 -10.0 
-5.028700400540031 -0.6562756396218579 55:1.0 253:1.0 352:1.0 420:1.0 
-10.0 -10.0 
-10.0 -10.0 
-10.0 -10.0 354:1.0 
-10.0 -10.0 
-0.0 -10.0 24:1.0 
-0.0 -10.0 55:1.0 
-0.021400509077593374 -0.0 349:1.0 
-1.5936653402754308 -10.0 167:1.0 251:1.0 
-10.0 -10.0 
-1.078262248832791 -10.0 97:1.0 
-0.01186658247130893 -0.361242550191305 224:1.0 
-10.0 -10.0 
-0.027480719795357912 -10.0 246:1.0 
-10.0 -10.0 
-10.0 -10.0 
-10.0 -10.0 
-10.0 -10.0 
-10.0 -10.0 
-10.0 -10.0 
-1.5946872048816514 -10.0 267:1.0 
-0.8080925215998126 -10.0 225:1.0 
-10.0 -10.0 
-1.1280543025492678 -6.664481462474109 36:1.0 128:1.0 272:1.0 
-10.0 -10.0 
-10.0 -10.0 
-6.6434193923147635 -10.0 67:1.0 266:1.0 
-6.644259015438019 -8.48519308410949 44:1.0 324:1.0 
-10.0 -10.0 
-10.0 -10.0 
-0.0 -0.783166104512149 45:1.0 249:1.0 402:1.0 
-1.5914564310653767 -10.0 189:1.0 
-0.0 -10.0 310:1.0 
-10.0 -10.0 
-10.0 -10.0 
-1.5917207408932448 -9.465358741930409 326:1.0 
-10.0 -10.0 
-0.0 -10.0 23:1.0 330:1.0 
-10.0 -10.0 
-1.9443663010786203 -10.0 351:1.0 
-10.0 -6.548206405229669 233:1.0 
-0.022923332648494988 -8.513672086890859 84:1.0 
-0.8175284227920833 -0.0 148:1.0 244:1.0 
-4.573052816959401 -10.0 
-0.8220518229644694 -8.608782629653831 76:1.0 310:1.0 
-10.0 -10.0 
-10.0 -10.0 245:1.0 
-10.0 -10.0 
-10.0 -10.0 
-10.0 -10.0 
-0.0 -10.0 311:1.0 
-3.1353994902496973 -6.206324646001496 2:1.0 71:1.0 
-10.0 -10.0 
-10.0 -10.0 
-0.019935754414929906 -0.47023000794492964 298:1.0 
-10.0 -10.0 
-10.0 -10.0 
-10.0 -10.0 236:1.0 
-0.0 -10.0 168:1.0 379:1.0 417:1.0 
-7.471821708795596 -3.9385832451185987 222:1.0 233:1.0 353:1.0 362:1.0 
-0.05121142690661076 -10.0 120:1.0 
-10.0 -10.0 
-10.0 -10.0 
-1.5919526760665417 -10.0 85:1.0 
-10.0 -10.0 
-10.0 -7.12456854379178 137:1.0 243:1.0 
-10.0 -10.0 
-10.0 -10.0 
-3.238730270705854 -10.0 215:1.0 373:1.0 383:1.0 
-10.0 -10.0 
-10.0 -10.0 
-6.644286852032652 -0.0 119:1.0 209:1.0 
-10.0 -10.0 
-10.0 -0.0 202:1.0 283:1.0 400:1.0 
-0.0 -0.503482551761769 211:1.0 
-2.7921991402238806 -0.0 26:1.0 256:1.0 272:1.0 369:1.0 371:1.0 
-0.6409099452848672 -0.3711953867204022 300:1.0 
-10.0 -10.0 
-10.0 -10.0 
-1.6541323904600627 -5.558946872792559 79:1.0 262:1.0 
-0.02986554166334064 -0.7529534295875809 151:1.0 
-10.0 -10.0 
-10.0 -10.0 
-10.0 -10.0 
-10.0 -10.0 
-10.0 -10.0 
-10.0 -10.0 
-10.0 -10.0 
-10.0 -10.0 
-10.0 -9.467047896573709 100:1.0 
-0.0 -9.467165865312769 15:1.0 
-10.0 -10.0 
-10.0 -10.0 
-10.0 -10.0 257:1.0 
-10.0 -10.0 
-10.0 -10.0 
-10.0 -10.0 
-10.0 -10.0 
-0.8642321169970754 -10.0 225:1.0 294:1.0 
-0.0 -4.991817734661241 135:1.0 150:1.0 
-10.0 -10.0 
-10.0 -10.0 
-10.0 -10.0 
-10.0 -10.0 
-10.0 -10.0 
-0.0 -0.4219338683726154 119:1.0 
-10.0 -10.0 
-10.0 -10.0 
-0.8093151727999912 -10.0 265:1.0 
-0.6913439872341808 -5.751584340030824 206:1.0 222:1.0 371:1.0 
-10.0 -10.0 
-10.0 -10.0 
-10.0 -10.0 
-10.0 -10.0 
-10.0 -10.0 
-5.016163949992503 -0.0 82:1.0 105:1.0 244:1.0 
-0.2273939459811886 -10.0 243:1.0 
-10.0 -10.0 
-7.786650823804776 -10.0 251:1.0 
-10.0 -10.0 
-10.0 -10.0 
-10.0 -10.0 
-6.129787283256542 -1.0097448283654649 118:1.0 271:1.0 279:1.0 
-10.0 -10.0 
-0.0 -10.0 26:1.0 
-10.0 -10.0 
-1.5922112829439765 -10.0 226:1.0 
-1.106129652612604 -4.991043857413369 273:1.0 293:1.0 
-10.0 -10.0 
-10.0 -10.0 11:1.0 
-10.0 -10.0 
-10.0 -10.0 
-10.0 -10.0 
-10.0 -10.0 
-10.0 -10.0 
-10.0 -10.0 
-10.0 -10.0 
-10.0 -10.0 
-1.5914427121752321 -10.0 102:1.0 
-10.0 -10.0 
-10.0 -4.978769125012942 307:1.0 
-10.0 -10.0 
-1.5691015835734157 -10.0 84:1.0 
-10.0 -10.0 
-0.0 -0.33810724980712575 276:1.0 
-10.0 -10.0 
-0.7364547379880879 -10.0 336:1.0 369:1.0 
-10.0 -10.0 
-10.0 -10.0 
-10.0 -10.0 
-6.231425995433952 -4.016563426171391 22:1.0 118:1.0 
-10.0 -10.0 
-10.0 -10.0 
-1.5919519722825022 -10.0 32:1.0 
-1.9604688176268426 -0.9376775659028553 64:1.0 217:1.0 220:1.0 390:1.0 434:1.0 471:1.0 
-10.0 -10.0 
-1.597036965243596 -4.954013975919822 29:1.0 88:1.0 
-0.0 -10.0 369:1.0 
-10.0 -10.0 
-10.0 -10.0 
-10.0 -10.0 
-10.0 -10.0 
-1.591688269308612 -10.0 14:1.0 
-10.0 -10.0 
-10.0 -4.951633119661899 135:1.0 
-10.0 -10.0 
-10.0 -10.0 
-10.0 -10.0 
-10.0 -10.0 259:1.0 
-10.0 -10.0 325:1.0 
-1.5400106026142892 -10.0 120:1.0 
-10.0 -10.0 
-1.5953873809382952 -10.0 243:1.0 315:1.0 
-1.4792011403515606 -8.845114832052603 52:1.0 156:1.0 204:1.0 306:1.0 419:1.0 444:1.0 
-0.8545833872525685 -10.0 148:1.0 
-1.591271002485468 -10.0 27:1.0 
-10.0 -10.0 
-10.0 -10.0 
-10.0 -10.0 
-10.0 -10.0 
-10.0 -10.0 
-1.5921655231457852 -10.0 311:1.0 
-1.5950560620146974 -10.0 31:1.0 178:1.0 
-10.0 -10.0 
-1.5930542579127513 -10.0 123:1.0 
-1.596772508549781 -4.426640044659141 62:1.0 113:1.0 
-10.0 -10.0 
-10.0 -10.0 
-10.0 -10.0 
-0.7935255100250524 -0.0 28:1.0 40:1.0 99:1.0 130:1.0 176:1.0 197:1.0 273:1.0 320:1.0 343:1.0 366:1.0 389:1.0 398:1.0 405:1.0 410:1.0 411:1.0 414:1.0 427:1.0 428:1.0 445:1.0 447:1.0 451:1.0 455:1.0 457:1.0 464:1.0 468:1.0 470:1.0 474:1.0 
-10.0 -10.0 
-1.125268613653294 -10.0 251:1.0 273:1.0 344:1.0 
-1.5943281795108275 -10.0 232:1.0 
-10.0 -10.0 
-10.0 -10.0 
-10.0 -10.0 
-1.5913089294168263 -10.0 140:1.0 
-10.0 -10.0 
-10.0 -10.0 
-10.0 -10.0 
-10.0 -10.0 
-6.642477667105085 -4.427500041363043 39:1.0 142:1.0 
-10.0 -10.0 
-10.0 -10.0 
-0.02781555684499458 -10.0 214:1.0 
-1.5931252738065782 -10.0 131:1.0 
-1.56346704921406 -10.0 299:1.0 
-4.7819103627184285 -7.8562415388449995 45:1.0 249:1.0 402:1.0 
-1.591293674535732 -10.0 61:1.0 
-10.0 -10.0 
-10.0 -10.0 
-10.0 -9.093969967552189 300:1.0 
-10.0 -4.494972369896647 352:1.0 
-1.743651523687974 -10.0 168:1.0 379:1.0 417:1.0 
-0.0 -9.127564448761035 276:1.0 
-10.0 -10.0 
-10.0 -10.0 
-10.0 -10.0 
-10.0 -10.0 
-0.028839157154480814 -2.740347907249749 184:1.0 
-10.0 -10.0 
-7.446795196863076 -10.0 310:1.0 
-10.0 -0.7057967519636089 259:1.0 274:1.0 364:1.0 
-10.0 -10.0 
-10.0 -10.0 69:1.0 
-0.031171510169975644 -6.875276851056205 7:1.0 
-0.0 -1.7849455332764543 5:1.0 44:1.0 57:1.0 204:1.0 
-10.0 -10.0 
-7.071372626891522 -8.085421563641424 150:1.0 259:1.0 
-10.0 -10.0 138:1.0 
-10.0 -10.0 
-1.5929695922540918 -10.0 57:1.0 251:1.0 
-10.0 -10.0 
-10.0 -10.0 
-10.0 -10.0 
-0.0 -2.5232857214663293 280:1.0 
-10.0 -10.0 
-0.8119393340555134 -10.0 114:1.0 
-10.0 -10.0 
-10.0 -10.0 
-10.0 -10.0 
-3.517671836216032 -10.0 249:1.0 368:1.0 
-1.6677964683457538 -10.0 157:1.0 162:1.0 
-10.0 -10.0 
-10.0 -10.0 
-10.0 -10.0 
-10.0 -10.0 
-10.0 -10.0 
-10.0 -10.0 
-10.0 -10.0 
-10.0 -10.0 
-1.5913590849161254 -10.0 329:1.0 
-10.0 -10.0 
-10.0 -10.0 
-8.486660974955877 -1.5854895453081554 145:1.0 174:1.0 191:1.0 
-10.0 -10.0 
-0.8137826216962922 -10.0 153:1.0 
-10.0 -10.0 
-0.032373842544204674 -10.0 285:1.0 
-1.7904717688560845 -10.0 133:1.0 238:1.0 284:1.0 339:1.0 404:1.0 
-10.0 -10.0 
-10.0 -10.0 
-10.0 -10.0 
-10.0 -10.0 
-6.642557056984067 -0.0 21:1.0 276:1.0 
-10.0 -10.0 
-10.0 -10.0 
-0.0529214928496618 -0.5117775952145152 70:1.0 
-6.053844888256688 -10.0 47:1.0 
-10.0 -10.0 
-10.0 -10.0 
-10.0 -10.0 
-10.0 -10.0 
-1.5722345309399994 -0.0 298:1.0 
-0.5175091498050564 -3.3215682422954353 109:1.0 147:1.0 289:1.0 
-10.0 -10.0 
-0.0 -8.001812832652758 70:1.0 
-10.0 -10.0 
-10.0 -10.0 
-10.0 -10.0 
-10.0 -10.0 
-1.580190142339783 -9.107392425213746 224:1.0 
-10.0 -10.0 
-10.0 -10.0 
-6.006757334094684 -10.0 195:1.0 368:1.0 
-10.0 -10.0 
-0.8100774761889796 -10.0 294:1.0 
-10.0 -10.0 
-2.7483398844463474 -10.0 292:1.0 
-10.0 -10.0 
-10.0 -10.0 310:1.0 
-10.0 -10.0 
-10.0 -10.0 
-10.0 -10.0 
-10.0 -10.0 
-0.0 -10.0 235:1.0 
-10.0 -10.0 
-10.0 -7.673675252861374 50:1.0 280:1.0 
-1.5913685668532314 -10.0 290:1.0 
-0.15149835423225638 -9.935709787406282 87:1.0 
-10.0 -8.998849239443873 298:1.0 
-10.0 -10.0 
-10.0 -10.0 
-10.0 -10.0 
-10.0 -10.0 
-10.0 -10.0 
-10.0 -10.0 
-10.0 -10.0 
-10.0 -10.0 
-0.0 -0.32568912228570535 215:1.0 341:1.0 
-1.591304626691047 -3.2743416959674447 37:1.0 
-0.0 -10.0 346:1.0 
-10.0 -10.0 
-10.0 -10.0 
-5.730073775230931 -10.0 198:1.0 
-10.0 -10.0 
-0.0 -10.0 371:1.0 
-10.0 -10.0 
-10.0 -10.0 
-0.015928931227280573 -9.9816415750599 190:1.0 
-10.0 -10.0 
-1.8338176598850064 -0.9380849689547037 52:1.0 156:1.0 240:1.0 342:1.0 388:1.0 421:1.0 444:1.0 460:1.0 472:1.0 
-10.0 -10.0 
-6.2823639277012155 -10.0 310:1.0 
-0.008795389047797992 -8.516547310265599 378:1.0 
-10.0 -10.0 
-10.0 -10.0 117:1.0 
-10.0 -10.0 
-10.0 -10.0 
-10.0 -10.0 
-1.5912270289467574 -10.0 182:1.0 
-0.043470394226267806 -10.0 261:1.0 
-10.0 -10.0 
-10.0 -10.0 
-10.0 -10.0 
-10.0 -10.0 
-10.0 -10.0 
-10.0 -10.0 
-10.0 -10.0 
-10.0 -10.0 
-10.0 -10.0 
-10.0 -10.0 
-1.5779562006346526 -10.0 75:1.0 
-10.0 -10.0 
-10.0 -10.0 
-1.6044795928011586 -7.646732016084898 136:1.0 289:1.0 401:1.0 
-10.0 -10.0 
-6.636819326707996 -4.5706554432591355 164:1.0 196:1.0 219:1.0 316:1.0 
-10.0 -10.0 
-0.6287755061850953 -6.457992646778855 215:1.0 341:1.0 
-1.5824756134376705 -10.0 378:1.0 
-10.0 -10.0 53:1.0 346:1.0 
-10.0 -10.0 
-3.3329781211611587 -10.0 70:1.0 
-10.0 -10.0 
-1.5913903690027131 -10.0 193:1.0 
-10.0 -10.0 
-0.0 -7.348662594935072 105:1.0 304:1.0 
-10.0 -9.467830948717044 202:1.0 
-10.0 -10.0 
-10.0 -10.0 
-10.0 -10.0 122:1.0 
-10.0 -10.0 
-0.0 -9.39056580466613 363:1.0 
-10.0 -10.0 
-0.0 -10.0 369:1.0 
-0.0 -10.0 363:1.0 
-10.0 -1.0953015275272575 45:1.0 91:1.0 146:1.0 249:1.0 355:1.0 391:1.0 402:1.0 423:1.0 425:1.0 458:1.0 466:1.0 481:1.0 
-2.5429984006835316 -4.983126561883463 104:1.0 
-0.6959290914262307 -10.0 72:1.0 97:1.0 109:1.0 339:1.0 
-10.0 -10.0 309:1.0 
-10.0 -10.0 
-10.0 -10.0 
-10.0 -10.0 
-10.0 -10.0 
-10.0 -10.0 126:1.0 
-0.0 -7.098343967954118 2:1.0 327:1.0 
-3.217894165168225 -1.3059056598558283 174:1.0 187:1.0 
-10.0 -10.0 
-1.5922131085166324 -10.0 132:1.0 
-2.1588277862863907 -10.0 81:1.0 185:1.0 248:1.0 254:1.0 384:1.0 393:1.0 406:1.0 449:1.0 479:1.0 
-10.0 -10.0 
-10.0 -10.0 
-1.5612944388668857 -10.0 7:1.0 
-10.0 -10.0 
-10.0 -10.0 
-10.0 -10.0 
-10.0 -10.0 
-10.0 -10.0 
-10.0 -10.0 
-10.0 -10.0 
-10.0 -10.0 
-10.0 -10.0 
-10.0 -10.0 141:1.0 
-10.0 -10.0 
-10.0 -10.0 
-10.0 -10.0 
-10.0 -10.0 
-10.0 -10.0 
-10.0 -10.0 
-1.5901815292352142 -10.0 322:1.0 
-1.5635431876070098 -10.0 214:1.0 
-10.0 -10.0 
-10.0 -10.0 
-1.5764427617839714 -9.4875833809264 190:1.0 
-10.0 -9.467069516805758 375:1.0 
-10.0 -10.0 
-10.0 -10.0 
-0.0 -7.185978989507638 289:1.0 
-10.0 -10.0 
-10.0 -10.0 
-10.0 -10.0 
-10.0 -10.0 
-10.0 -10.0 
-10.0 -10.0 
-10.0 -10.0 180:1.0 
-10.0 -10.0 
-10.0 -10.0 
-0.3549119721204141 -10.0 363:1.0 
-1.5921643142125907 -10.0 98:1.0 
-0.05227869689681028 -9.871791499566536 321:1.0 
-10.0 -10.0 
-1.5920018543811356 -10.0 260:1.0 
-10.0 -10.0 
-1.5911488215243534 -10.0 177:1.0 
-9.920240215143338 -10.0 243:1.0 
-1.5914436313972742 -10.0 210:1.0 
-10.0 -10.0 
-10.0 -10.0 
-0.14875322227929746 -10.0 13:1.0 
-10.0 -10.0 
-10.0 -10.0 
-10.0 -10.0 
-10.0 -10.0 
-10.0 -10.0 
-1.567190240680904 -10.0 246:1.0 
-2.252900704549074 -10.0 54:1.0 94:1.0 
-10.0 -10.0 207:1.0 
-10.0 -10.0 
-2.317283185701231 -8.130892984709341 24:1.0 109:1.0 257:1.0 
-10.0 -10.0 
-0.14586683183250929 -10.0 62:1.0 
-10.0 -10.0 
-10.0 -10.0 
-0.0 -9.046733312592197 119:1.0 
-10.0 -10.0 
-10.0 -10.0 198:1.0 
-10.0 -4.957955831609257 104:1.0 296:1.0 
-10.0 -10.0 
-10.0 -10.0 
-5.157424360558388 -0.0 41:1.0 144:1.0 
-10.0 -10.0 
-2.239393469301931 -0.0 28:1.0 40:1.0 99:1.0 107:1.0 130:1.0 176:1.0 197:1.0 273:1.0 320:1.0 343:1.0 366:1.0 389:1.0 398:1.0 405:1.0 410:1.0 411:1.0 414:1.0 427:1.0 428:1.0 445:1.0 447:1.0 451:1.0 455:1.0 457:1.0 464:1.0 468:1.0 470:1.0 474:1.0 
-10.0 -10.0 
-10.0 -10.0 
-1.593706028030724 -10.0 333:1.0 
-10.0 -10.0 198:1.0 
-10.0 -10.0 
-10.0 -10.0 
-10.0 -10.0 
-10.0 -10.0 
-10.0 -10.0 
-10.0 -10.0 
-0.0 -10.0 142:1.0 
-10.0 -10.0 
-10.0 -10.0 
-0.0 -6.842115272778667 37:1.0 191:1.0 
-10.0 -10.0 
-10.0 -10.0 
-10.0 -10.0 
-10.0 -10.0 
-10.0 -10.0 
-10.0 -10.0 
-10.0 -10.0 
-10.0 -10.0 9:1.0 
-1.5699746306027704 -9.464072999482323 349:1.0 
-1.5622770595549103 -10.0 285:1.0 
-1.5620426001585062 -8.978547721883025 305:1.0 
-1.5622643028496501 -10.0 270:1.0 
-4.273406350280064 -10.0 334:1.0 
-1.5478774403449773 -10.0 261:1.0 
-1.591214693173947 -10.0 269:1.0 
-10.0 -10.0 
-0.0 -10.0 316:1.0 337:1.0 
-10.0 -10.0 
-1.5947352455388275 -9.46922968009408 46:1.0 
-10.0 -10.0 281:1.0 
-10.0 -10.0 
-10.0 -10.0 
-10.0 -10.0 
-1.5916772438656415 -10.0 101:1.0 
-1.245765299152504 -9.468926152502203 244:1.0 
-10.0 -10.0 200:1.0 
-1.5913377998542326 -10.0 223:1.0 
-10.0 -10.0 
-0.7828372204139518 -6.989410143504145 174:1.0 
-10.0 -10.0 
-10.0 -10.0 
-1.5026050839395804 -10.0 116:1.0 183:1.0 
-10.0 -10.0 
-0.0 -8.712238330834222 151:1.0 
-1.561493202788657 -10.0 151:1.0 
-10.0 -10.0 
-10.0 -10.0 
-1.539340051892566 -9.594909120682779 321:1.0 
-4.503388703732674 -0.0 15:1.0 304:1.0 335:1.0 
-10.0 -10.0 
-10.0 -10.0 
-10.0 -10.0 
-10.0 -10.0 
-10.0 -10.0 
-10.0 -10.0 
-1.5914427121752348 -10.0 237:1.0 
-10.0 -10.0 
-10.0 -10.0 
-10.0 -10.0 
-1.5631128151280231 -10.0 184:1.0 
-10.0 -10.0 
-1.592291601445761 -10.0 360:1.0 
-10.0 -10.0 
-10.0 -10.0 
-10.0 -10.0 
-3.495271919372504 -10.0 138:1.0 186:1.0 
-10.0 -10.0 
-10.0 -10.0 
-0.8506373678555142 -10.0 76:1.0 
-1.0326691330290378 -10.0 
-0.0 -10.0 
-1.1501813490051256 -4.95244344512432 211:1.0 213:1.0 
-0.0 -10.0 
