svm_type c_svc
kernel_type rbf
gamma 1.0
nr_class 3
total_sv 1918
rho 0.41440937721774845 4.27892923717722E-5 -0.37373915592964396
label 2 0 1
nr_sv 513 729 676
SV
1.0 1.0 
1.0 1.0 
1.0 1.0 
0.39932095766887493 0.0 68:1.0 74:1.0 86:1.0 89:1.0 97:1.0 99:1.0 109:1.0 
1.0 1.0 
1.0 1.0 2:1.0 41:1.0 
1.0 1.0 
1.0 1.0 
1.0 1.0 
1.0 1.0 
1.0 1.0 
1.0 1.0 
1.0 1.0 
1.0 1.0 
1.0 1.0 
1.0 0.9402540699377228 42:1.0 64:1.0 69:1.0 
1.0 1.0 
1.0 1.0 
1.0 1.0 
1.0 1.0 
1.0 1.0 
1.0 1.0 
1.0 1.0 31:1.0 
1.0 1.0 
1.0 1.0 
1.0 1.0 
1.0 1.0 
1.0 1.0 
1.0 1.0 
1.0 1.0 
1.0 1.0 
1.0 1.0 
1.0 1.0 
1.0 1.0 
1.0 1.0 
1.0 1.0 
1.0 1.0 
1.0 1.0 
1.0 1.0 
1.0 1.0 
0.4727245291544564 1.0 25:1.0 
1.0 1.0 
1.0 0.9742384321220114 68:1.0 74:1.0 86:1.0 89:1.0 97:1.0 99:1.0 109:1.0 
1.0 1.0 
1.0 1.0 
1.0 1.0 
1.0 1.0 
1.0 1.0 
1.0 1.0 
1.0 1.0 
1.0 1.0 
1.0 1.0 
1.0 1.0 
1.0 1.0 
1.0 1.0 
1.0 1.0 51:1.0 
1.0 1.0 
1.0 1.0 
1.0 1.0 
1.0 1.0 29:1.0 
1.0 1.0 
1.0 1.0 
1.0 1.0 
1.0 1.0 
0.0 0.08894119668165122 13:1.0 
1.0 1.0 16:1.0 
1.0 1.0 41:1.0 
1.0 1.0 
1.0 1.0 
0.521780293883004 0.9949988803708871 34:1.0 48:1.0 68:1.0 74:1.0 89:1.0 92:1.0 95:1.0 97:1.0 99:1.0 107:1.0 109:1.0 
1.0 0.5077551932682127 12:1.0 86:1.0 
1.0 1.0 
1.0 1.0 
1.0 1.0 
1.0 1.0 12:1.0 
1.0 1.0 
1.0 1.0 10:1.0 
1.0 1.0 
1.0 1.0 
1.0 1.0 
1.0 1.0 
1.0 1.0 
1.0 1.0 
1.0 1.0 
1.0 1.0 
1.0 1.0 
1.0 1.0 
1.0 1.0 
1.0 1.0 
0.3934953401486162 0.17156288451989407 13:1.0 64:1.0 
0.9218561106722717 0.7241852806227868 75:1.0 
1.0 1.0 34:1.0 48:1.0 68:1.0 74:1.0 89:1.0 92:1.0 95:1.0 97:1.0 99:1.0 107:1.0 109:1.0 
1.0 1.0 
0.9633366111508411 0.9932680754470984 75:1.0 
1.0 1.0 
1.0 1.0 
1.0 0.9136968116054525 47:1.0 
1.0 1.0 
1.0 1.0 
1.0 1.0 
1.0 1.0 
1.0 1.0 
0.7505396971818625 1.0 13:1.0 
1.0 1.0 
1.0 1.0 
1.0 1.0 
1.0 1.0 29:1.0 
1.0 1.0 
1.0 1.0 
1.0 1.0 
1.0 1.0 
1.0 1.0 
1.0 1.0 
1.0 1.0 
1.0 0.7241852806227868 54:1.0 
1.0 1.0 89:1.0 
1.0 1.0 
1.0 1.0 
1.0 1.0 
1.0 1.0 
1.0 1.0 86:1.0 
1.0 1.0 
1.0 1.0 
1.0 1.0 
1.0 1.0 
1.0 1.0 
1.0 1.0 
1.0 1.0 
1.0 1.0 
1.0 1.0 
1.0 1.0 
1.0 1.0 
1.0 1.0 
1.0 1.0 
1.0 1.0 
1.0 1.0 
1.0 1.0 
1.0 1.0 
1.0 1.0 
1.0 1.0 
1.0 1.0 
1.0 1.0 
1.0 1.0 36:1.0 
1.0 1.0 
1.0 1.0 
1.0 1.0 
1.0 1.0 
1.0 1.0 
1.0 1.0 
1.0 1.0 
1.0 1.0 
1.0 1.0 
1.0 1.0 
1.0 1.0 
1.0 1.0 
1.0 1.0 
1.0 1.0 
1.0 1.0 
1.0 1.0 23:1.0 
1.0 1.0 85:1.0 
1.0 1.0 87:1.0 
1.0 1.0 
1.0 1.0 12:1.0 
1.0 1.0 
1.0 1.0 
0.0 1.0 22:1.0 
1.0 0.656517640415225 71:1.0 
1.0 1.0 87:1.0 
1.0 1.0 23:1.0 49:1.0 
1.0 1.0 
1.0 1.0 
1.0 1.0 76:1.0 
1.0 1.0 
1.0 1.0 
1.0 1.0 31:1.0 
1.0 1.0 
1.0 1.0 
1.0 1.0 
1.0 1.0 
0.9388515593855794 0.656517640415225 39:1.0 
1.0 1.0 
1.0 1.0 
1.0 1.0 
1.0 1.0 
1.0 0.7446786498774743 19:1.0 68:1.0 74:1.0 99:1.0 
1.0 1.0 
1.0 1.0 
1.0 1.0 
1.0 1.0 
1.0 1.0 
1.0 1.0 
1.0 1.0 
1.0 1.0 
1.0 1.0 
0.0 0.959353463436389 55:1.0 
1.0 1.0 
1.0 1.0 
1.0 1.0 
1.0 1.0 
1.0 1.0 19:1.0 
1.0 1.0 
1.0 1.0 
1.0 1.0 
1.0 1.0 
1.0 1.0 
1.0 1.0 
1.0 1.0 
1.0 1.0 
0.0 0.13817607660348108 64:1.0 
1.0 1.0 69:1.0 
1.0 1.0 
1.0 1.0 74:1.0 
1.0 1.0 
0.9903190206098325 0.9864140457923901 13:1.0 
1.0 1.0 
1.0 1.0 
1.0 1.0 20:1.0 
1.0 1.0 
1.0 1.0 19:1.0 
1.0 1.0 
1.0 1.0 
1.0 1.0 
1.0 0.0 65:1.0 
1.0 1.0 
1.0 1.0 
1.0 1.0 
1.0 1.0 77:1.0 
1.0 1.0 
1.0 1.0 
1.0 1.0 90:1.0 
1.0 1.0 
1.0 1.0 
0.9389500084985103 1.0 55:1.0 
1.0 1.0 16:1.0 
1.0 1.0 
1.0 0.8954810385559491 47:1.0 48:1.0 89:1.0 92:1.0 
1.0 1.0 
1.0 1.0 
0.6872858656262257 0.418444306673449 25:1.0 89:1.0 
1.0 1.0 67:1.0 77:1.0 
1.0 1.0 
1.0 1.0 
1.0 1.0 
1.0 1.0 74:1.0 
1.0 1.0 
1.0 1.0 67:1.0 
1.0 0.656517640415225 65:1.0 
1.0 1.0 
1.0 1.0 
1.0 1.0 
1.0 1.0 
1.0 1.0 
1.0 1.0 23:1.0 
1.0 1.0 
1.0 1.0 
1.0 1.0 
1.0 1.0 
1.0 1.0 
1.0 1.0 
1.0 1.0 
1.0 0.9917830625048167 47:1.0 
1.0 1.0 
1.0 1.0 
1.0 1.0 
1.0 1.0 
1.0 1.0 
1.0 1.0 
1.0 1.0 
1.0 0.9933927249722512 54:1.0 
0.0 1.0 30:1.0 
1.0 1.0 
1.0 1.0 
0.9089003853295754 1.0 30:1.0 
0.9767703440053029 1.0 30:1.0 
1.0 1.0 
1.0 1.0 
1.0 1.0 
1.0 1.0 
1.0 1.0 
1.0 1.0 
1.0 1.0 
1.0 1.0 65:1.0 
1.0 1.0 
1.0 1.0 
1.0 1.0 
1.0 1.0 
1.0 1.0 
1.0 1.0 
1.0 1.0 
1.0 1.0 
1.0 1.0 
1.0 1.0 
1.0 1.0 
1.0 1.0 
1.0 0.9259740168155085 65:1.0 
1.0 1.0 
1.0 1.0 
0.0 1.0 64:1.0 
1.0 1.0 
1.0 1.0 
1.0 1.0 
1.0 1.0 
1.0 1.0 
1.0 0.5861240614026584 29:1.0 69:1.0 
1.0 1.0 
1.0 1.0 
1.0 1.0 
1.0 1.0 
1.0 1.0 
1.0 1.0 
1.0 1.0 
1.0 1.0 
1.0 1.0 
1.0 1.0 
1.0 1.0 
0.5211305143904621 0.0 2:1.0 
1.0 1.0 
1.0 1.0 
1.0 1.0 
1.0 1.0 
1.0 1.0 
1.0 1.0 
1.0 1.0 
1.0 1.0 
1.0 1.0 
1.0 1.0 
1.0 1.0 
1.0 1.0 
1.0 1.0 
1.0 1.0 
1.0 0.9252855970866729 71:1.0 
1.0 1.0 
1.0 1.0 
1.0 1.0 
1.0 1.0 
1.0 1.0 
1.0 1.0 
0.6195030165341575 1.0 64:1.0 
1.0 1.0 
1.0 1.0 
1.0 1.0 
1.0 1.0 
1.0 1.0 
1.0 1.0 
1.0 1.0 
1.0 1.0 
1.0 1.0 
1.0 1.0 
1.0 1.0 
1.0 1.0 
1.0 1.0 
1.0 1.0 
1.0 1.0 
1.0 1.0 
1.0 1.0 
1.0 1.0 
1.0 1.0 
1.0 1.0 
1.0 1.0 
1.0 1.0 
1.0 1.0 
1.0 1.0 
1.0 1.0 
1.0 1.0 
1.0 1.0 
1.0 1.0 
1.0 1.0 39:1.0 
1.0 1.0 
1.0 1.0 
1.0 1.0 
1.0 1.0 
1.0 1.0 
1.0 1.0 
1.0 1.0 
1.0 1.0 
1.0 0.3634998664596445 3:1.0 22:1.0 
1.0 1.0 
1.0 1.0 
1.0 1.0 
1.0 1.0 
1.0 1.0 
1.0 1.0 
1.0 1.0 
1.0 1.0 
1.0 1.0 
1.0 1.0 
1.0 1.0 
1.0 1.0 
1.0 1.0 
1.0 1.0 
1.0 1.0 
1.0 1.0 
1.0 0.656517640415225 3:1.0 
1.0 1.0 
1.0 1.0 
1.0 1.0 
1.0 1.0 
1.0 1.0 
1.0 1.0 
1.0 1.0 45:1.0 
1.0 1.0 
0.5243462403988144 1.0 22:1.0 
1.0 1.0 
1.0 1.0 
1.0 1.0 
1.0 1.0 
1.0 1.0 
1.0 1.0 
1.0 1.0 
1.0 1.0 
1.0 1.0 
1.0 1.0 
1.0 1.0 
1.0 1.0 
1.0 1.0 
1.0 1.0 
1.0 1.0 
1.0 1.0 
1.0 1.0 
0.4334535507691245 0.6216234058494322 25:1.0 87:1.0 
1.0 1.0 
1.0 1.0 
1.0 1.0 
1.0 1.0 
1.0 1.0 
1.0 1.0 58:1.0 70:1.0 
1.0 1.0 
1.0 1.0 
1.0 1.0 
1.0 1.0 
1.0 1.0 
1.0 1.0 59:1.0 62:1.0 
0.9930517504849986 1.0 22:1.0 
1.0 1.0 
1.0 1.0 
1.0 1.0 
1.0 1.0 
1.0 1.0 
1.0 1.0 
1.0 1.0 
1.0 1.0 
1.0 1.0 
1.0 1.0 
1.0 1.0 
1.0 1.0 
1.0 1.0 
1.0 1.0 
1.0 1.0 
1.0 1.0 
1.0 1.0 
1.0 1.0 
1.0 1.0 
1.0 1.0 85:1.0 
1.0 1.0 
1.0 1.0 
1.0 1.0 
1.0 1.0 
1.0 1.0 25:1.0 
1.0 1.0 
1.0 1.0 
1.0 1.0 
1.0 1.0 
1.0 1.0 
1.0 1.0 
1.0 1.0 
1.0 1.0 42:1.0 
1.0 1.0 
1.0 1.0 
1.0 0.7918673433555781 3:1.0 
1.0 1.0 
1.0 1.0 
1.0 1.0 
1.0 1.0 
1.0 1.0 
1.0 1.0 
1.0 1.0 
1.0 1.0 
1.0 1.0 
1.0 1.0 
1.0 1.0 
1.0 1.0 
1.0 1.0 
1.0 1.0 
1.0 1.0 
1.0 1.0 
1.0 1.0 
1.0 0.4647140078611073 2:1.0 
1.0 1.0 
1.0 1.0 
1.0 1.0 
0.9855759169435115 0.9894216538040899 64:1.0 
1.0 1.0 
1.0 1.0 
1.0 1.0 
1.0 0.9908342944241636 23:1.0 48:1.0 68:1.0 89:1.0 92:1.0 97:1.0 107:1.0 
1.0 1.0 
0.9961491117738482 0.8850623957190842 2:1.0 
1.0 1.0 
1.0 1.0 
1.0 1.0 
1.0 1.0 
1.0 1.0 
0.9457994182648618 0.9258083236563148 39:1.0 
0.9466975532864673 0.990776483656437 55:1.0 
1.0 1.0 
1.0 1.0 
1.0 1.0 
1.0 1.0 42:1.0 
1.0 1.0 
1.0 1.0 19:1.0 
1.0 0.65977924919406 68:1.0 74:1.0 99:1.0 
1.0 1.0 
1.0 1.0 
-0.0 1.0 76:1.0 
-0.6805515903593564 1.0 41:1.0 
-0.3135117584812987 0.3350190871775789 14:1.0 58:1.0 
-0.31482445749551824 0.0 85:1.0 
-0.4126980286725197 0.0 42:1.0 
-0.313417988951163 0.3597220037929543 4:1.0 15:1.0 
-0.42784573147475913 0.4576652790806778 5:1.0 
-0.4399270614471938 1.0 10:1.0 
-0.4961990081863964 1.0 62:1.0 73:1.0 
-0.0 0.18985830302834902 44:1.0 
-0.4286228564635891 1.0 1:1.0 76:1.0 
-0.0 1.0 34:1.0 74:1.0 95:1.0 
-1.0 0.0 71:1.0 
-0.19725110108297023 0.0 54:1.0 
-0.0 1.0 83:1.0 88:1.0 98:1.0 
-0.8349303911936815 0.5051804381607347 47:1.0 85:1.0 89:1.0 
-1.0 1.0 85:1.0 
-1.0 0.29665070825363077 42:1.0 
-0.5159342070744143 1.0 34:1.0 74:1.0 95:1.0 
-1.0 0.45769320690988335 86:1.0 
-1.0 0.0 74:1.0 
-1.0 1.0 39:1.0 
-0.0 1.0 37:1.0 
-0.24987949621156433 1.0 19:1.0 
-0.0 0.4576732995037268 50:1.0 
-1.0 1.0 12:1.0 
-0.0 0.3339914177442613 18:1.0 
-0.0 0.2199934572698703 6:1.0 
-0.23395295620660794 0.3353558853235202 56:1.0 82:1.0 
-0.3135064295972621 0.702484556775884 11:1.0 27:1.0 
-0.6551638579687993 0.0 3:1.0 
-1.0 0.5929403168685442 2:1.0 
-0.428524547016147 0.45715437846053386 16:1.0 
-0.0 0.3249340381949939 66:1.0 
-0.0 1.0 11:1.0 
-0.0 1.0 24:1.0 
-0.0 1.0 76:1.0 
-0.0 1.0 84:1.0 
-0.23389455233469367 0.3351935050564092 15:1.0 82:1.0 
-0.08506076392483022 1.0 37:1.0 
-0.42775783721156946 1.0 33:1.0 
-1.0 0.0 29:1.0 
-1.0 0.0 65:1.0 
-1.0 0.15387936071182282 71:1.0 
-0.4003105662132143 0.4285684022777765 8:1.0 28:1.0 32:1.0 38:1.0 57:1.0 78:1.0 80:1.0 90:1.0 93:1.0 94:1.0 96:1.0 100:1.0 101:1.0 103:1.0 104:1.0 105:1.0 106:1.0 108:1.0 110:1.0 
-0.31333969885613105 1.0 6:1.0 26:1.0 
-0.3122964042329504 1.0 18:1.0 
-0.0 0.46887346265087965 72:1.0 
-1.0 1.0 20:1.0 
-0.0 1.0 58:1.0 
-0.0 1.0 67:1.0 
-1.0 1.0 19:1.0 
-0.0 0.1674612615485759 14:1.0 
-0.313340889234357 0.6909036761406887 6:1.0 76:1.0 
-0.30461483720314886 0.33511013754831365 11:1.0 81:1.0 
-0.3137872372832934 1.0 52:1.0 60:1.0 
-1.0 0.46997615770103174 29:1.0 
-0.0 1.0 83:1.0 88:1.0 98:1.0 
-0.9879010725537871 1.0 10:1.0 
-0.8402560537649739 0.7614510983496734 48:1.0 68:1.0 74:1.0 89:1.0 92:1.0 97:1.0 99:1.0 107:1.0 109:1.0 
-0.0 0.4749102884137695 45:1.0 
-0.23494152977807312 0.3348831156769888 53:1.0 82:1.0 
-0.31335080235019475 0.3604182762045711 4:1.0 66:1.0 
-1.0 0.0 3:1.0 
-0.22041414643488422 1.0 73:1.0 
-0.0 0.20905673160405364 82:1.0 
-0.5838549644961496 0.6247137202355455 8:1.0 32:1.0 38:1.0 57:1.0 78:1.0 80:1.0 90:1.0 100:1.0 101:1.0 103:1.0 105:1.0 
-0.0 1.0 
-0.0 1.0 
-0.0 1.0 
-0.0 1.0 
-0.0 1.0 
-0.0 1.0 
-0.0 1.0 
-0.0 1.0 
-0.0 1.0 
-0.0 1.0 
-0.0 1.0 
-0.0 1.0 
-0.0 1.0 
-0.0 1.0 
-0.08145510865628491 1.0 4:1.0 
-0.0 1.0 
-0.0 1.0 
-0.0 1.0 
-0.0 1.0 
-0.0 1.0 
-0.0 1.0 
-0.0 1.0 
-0.0 1.0 
-0.0 1.0 
-0.5057707152107002 0.6414440426915186 3:1.0 14:1.0 32:1.0 73:1.0 
-0.0 1.0 
-0.0 1.0 
-0.0 1.0 
-0.0 1.0 
-0.0 1.0 
-0.0 1.0 
-0.0 0.46635955370979276 7:1.0 
-0.0 1.0 
-0.0 1.0 
-0.0 1.0 
-0.0 1.0 
-0.0 1.0 
-0.0 1.0 
-0.0 1.0 
-0.0 1.0 
-0.0 1.0 
-0.0 1.0 
-0.0 1.0 
-0.0 1.0 
-0.0 1.0 
-1.0 1.0 41:1.0 
-0.0 1.0 
-0.0 1.0 
-0.0 1.0 
-0.0 1.0 
-0.0 1.0 
-0.0 1.0 
-0.0 1.0 
-0.31322273487853164 0.7028352443372191 21:1.0 54:1.0 
-0.0 1.0 
-0.0 1.0 
-0.0 1.0 
-0.0 1.0 
-0.0 1.0 66:1.0 
-0.0 1.0 
-0.0 1.0 
-0.0 1.0 
-1.0 1.0 67:1.0 
-0.0 1.0 
-0.0 1.0 
-0.0 1.0 
-0.0 1.0 
-0.0 1.0 
-0.0 1.0 
-0.3120698279928234 1.0 44:1.0 
-1.0 1.0 42:1.0 
-0.0 1.0 
-0.0 1.0 
-0.0 1.0 
-0.0 1.0 
-1.0 0.1217124588260927 3:1.0 
-0.31334643710275145 0.3606836732917182 79:1.0 84:1.0 
-0.0 1.0 
-0.0 1.0 
-0.0 1.0 
-0.0 1.0 
-0.0 1.0 
-0.0 1.0 
-0.3133814114547401 0.3348907984402834 18:1.0 79:1.0 
-0.0 1.0 
-0.0 1.0 
-1.0 1.0 19:1.0 
-0.0 1.0 
-0.20048131891341422 0.7149390038896846 11:1.0 
-0.4280487878292074 0.8260567822846613 24:1.0 71:1.0 
-0.0 1.0 
-0.4283376964483183 1.0 45:1.0 
-0.0 1.0 
-0.0 1.0 
-0.0 1.0 
-0.0 1.0 
-0.0 1.0 
-1.0 0.825462585078323 69:1.0 
-0.0 1.0 
-0.0 1.0 
-1.0 1.0 16:1.0 
-0.2005421289963226 1.0 26:1.0 
-0.0 1.0 
-0.0 1.0 
-0.0 1.0 
-0.0 1.0 
-0.0 1.0 
-0.0 1.0 
-0.0 1.0 
-0.0 1.0 
-0.0 1.0 
-0.0 1.0 
-0.0 1.0 
-0.0 1.0 
-0.0 1.0 
-0.0 1.0 
-0.0 1.0 
-0.0 1.0 
-0.0 1.0 
-0.0 1.0 
-0.0 1.0 
-0.0 1.0 
-0.0 1.0 
-0.0 1.0 
-0.0 1.0 50:1.0 
-0.0 1.0 
-0.0 1.0 
-0.0 1.0 
-0.0 1.0 
-0.0 1.0 
-0.0 1.0 
-0.0 1.0 
-0.0 1.0 
-0.0 1.0 
-0.0 1.0 
-0.0 1.0 
-0.0 1.0 
-0.0 1.0 
-0.0 1.0 
-0.0 1.0 
-0.0 1.0 
-0.0 1.0 
-0.0 1.0 
-0.0 1.0 
-0.0 1.0 
-0.0 0.457888144244313 91:1.0 
-0.0 1.0 
-1.0 1.0 
-1.0 1.0 
-1.0 1.0 
-0.22651285616451156 0.8433128224950776 58:1.0 
-1.0 1.0 
-1.0 1.0 
-0.0 1.0 82:1.0 
-1.0 1.0 
-1.0 1.0 
-1.0 1.0 
-1.0 1.0 
-0.9318676271481244 1.0 37:1.0 77:1.0 
-1.0 1.0 
-1.0 1.0 
-1.0 1.0 
-1.0 1.0 
-1.0 1.0 
-1.0 1.0 
-1.0 1.0 
-1.0 1.0 
-1.0 1.0 
-1.0 1.0 
-1.0 1.0 
-1.0 1.0 
-1.0 1.0 
-1.0 1.0 
-0.0 0.7018525166128855 53:1.0 
-1.0 1.0 
-1.0 1.0 
-1.0 1.0 
-1.0 1.0 
-1.0 1.0 
-1.0 1.0 
-1.0 1.0 
-1.0 1.0 
-1.0 1.0 
-1.0 1.0 
-1.0 1.0 
-1.0 1.0 
-1.0 1.0 
-1.0 1.0 
-1.0 1.0 
-0.0 0.5025017989998893 23:1.0 
-1.0 1.0 
-1.0 1.0 
-1.0 1.0 
-1.0 1.0 
-1.0 1.0 
-1.0 1.0 
-0.30479675755770824 0.33455383659770027 19:1.0 81:1.0 
-1.0 1.0 
-1.0 1.0 
-1.0 1.0 
-0.0 1.0 49:1.0 
-0.3122558674817405 0.8252891269640011 52:1.0 
-1.0 1.0 
-0.3137689695943557 0.36052096705734676 49:1.0 54:1.0 
-1.0 1.0 
-1.0 1.0 
-1.0 1.0 
-0.3121555348264236 1.0 66:1.0 
-0.795813583162435 1.0 67:1.0 
-0.0 0.7021508970253552 43:1.0 
-0.19748876518360184 1.0 35:1.0 
-1.0 1.0 
-1.0 1.0 
-1.0 1.0 
-1.0 1.0 
-1.0 1.0 
-1.0 0.4649813195519695 74:1.0 
-1.0 1.0 
-0.31235912311422903 0.3255843800449206 36:1.0 
-1.0 1.0 
-0.0 1.0 49:1.0 
-1.0 1.0 
-0.31258137652217743 1.0 43:1.0 
-1.0 1.0 
-1.0 0.7574718623134098 85:1.0 
-1.0 1.0 
-1.0 1.0 
-1.0 1.0 
-1.0 1.0 
-0.7956322641339977 1.0 59:1.0 
-1.0 1.0 
-1.0 1.0 
-1.0 1.0 
-0.0 0.4583492775302911 46:1.0 
-1.0 1.0 
-1.0 1.0 
-1.0 1.0 
-1.0 1.0 
-1.0 1.0 
-1.0 1.0 
-1.0 1.0 
-1.0 1.0 
-1.0 1.0 
-1.0 1.0 
-1.0 1.0 
-1.0 1.0 
-0.34136691643967576 1.0 53:1.0 
-0.0 1.0 17:1.0 
-1.0 1.0 
-1.0 1.0 
-0.3579203918830957 0.38320166717192966 83:1.0 
-1.0 1.0 
-1.0 1.0 
-1.0 1.0 
-0.2264826908692052 0.21106583731832265 56:1.0 
-1.0 1.0 
-0.999411674330242 1.0 16:1.0 
-1.0 1.0 
-1.0 1.0 
-1.0 1.0 
-1.0 1.0 
-0.0 1.0 23:1.0 
-1.0 1.0 
-1.0 1.0 
-0.7956994488498914 0.9879806802849823 29:1.0 
-1.0 1.0 
-1.0 1.0 
-1.0 1.0 
-1.0 1.0 
-1.0 1.0 
-1.0 1.0 
-1.0 1.0 
-1.0 1.0 
-1.0 1.0 
-1.0 1.0 
-1.0 1.0 
-1.0 1.0 
-0.40802215484014215 0.4364564590540512 20:1.0 42:1.0 
-0.42777187327326244 0.0 51:1.0 
-1.0 1.0 
-0.0 1.0 7:1.0 
-1.0 1.0 
-1.0 1.0 
-1.0 1.0 
-1.0 1.0 
-1.0 1.0 
-1.0 1.0 
-1.0 0.9824926186208847 45:1.0 
-1.0 1.0 
-1.0 1.0 
-1.0 1.0 
-1.0 1.0 
-1.0 0.0 54:1.0 
-1.0 1.0 
-1.0 1.0 
-1.0 1.0 
-1.0 1.0 
-1.0 1.0 
-0.0 1.0 23:1.0 
-1.0 1.0 
-1.0 1.0 
-1.0 1.0 
-1.0 1.0 
-1.0 1.0 
-1.0 1.0 
-1.0 1.0 
-0.19729671790321535 0.9833766886769928 6:1.0 
-1.0 1.0 
-1.0 1.0 
-1.0 1.0 
-1.0 1.0 
-1.0 1.0 
-1.0 1.0 
-1.0 1.0 
-1.0 1.0 
-1.0 1.0 
-1.0 1.0 
-1.0 1.0 
-1.0 1.0 
-1.0 1.0 
-1.0 1.0 
-0.3132451338740585 0.33544223896024505 19:1.0 79:1.0 
-1.0 1.0 
-1.0 1.0 
-1.0 1.0 
-1.0 1.0 
-1.0 1.0 
-1.0 1.0 
-1.0 1.0 
-1.0 1.0 
-1.0 1.0 
-1.0 1.0 
-1.0 1.0 
-1.0 1.0 
-0.4284164350051631 0.0 31:1.0 
-0.31259131748997293 0.7521872499367771 27:1.0 
-1.0 1.0 
-1.0 1.0 
-1.0 1.0 
-1.0 1.0 
-1.0 1.0 
-1.0 1.0 
-1.0 1.0 
-1.0 1.0 
-1.0 1.0 
-1.0 1.0 
-1.0 1.0 
-1.0 1.0 
-0.30436174788031595 1.0 26:1.0 81:1.0 
-1.0 1.0 
-1.0 1.0 
-1.0 1.0 
-1.0 1.0 
-1.0 1.0 
-1.0 1.0 
-1.0 1.0 
-1.0 1.0 
-1.0 1.0 
-1.0 1.0 
-1.0 1.0 
-1.0 1.0 
-1.0 1.0 
-1.0 1.0 
-1.0 1.0 
-1.0 1.0 
-1.0 1.0 
-1.0 1.0 
-0.9481014377792711 1.0 23:1.0 
-1.0 1.0 
-1.0 1.0 
-1.0 1.0 
-1.0 1.0 
-1.0 1.0 
-1.0 1.0 
-1.0 1.0 
-1.0 1.0 
-1.0 1.0 
-1.0 1.0 
-1.0 1.0 
-1.0 1.0 
-1.0 1.0 
-1.0 1.0 
-1.0 1.0 
-1.0 1.0 
-1.0 1.0 
-1.0 0.4607358829517779 31:1.0 
-1.0 1.0 
-1.0 1.0 
-1.0 1.0 
-1.0 1.0 
-0.7956583192834463 0.45768376592397275 70:1.0 
-1.0 1.0 
-1.0 1.0 
-1.0 1.0 
-0.5157740325340496 0.5517154263219397 83:1.0 88:1.0 98:1.0 
-0.23459860533967733 0.33505462003703046 58:1.0 82:1.0 
-1.0 1.0 
-1.0 1.0 
-1.0 1.0 
-1.0 1.0 
-1.0 1.0 
-1.0 1.0 
-0.0 1.0 72:1.0 
-0.17191465669981545 0.9716404762684702 14:1.0 
-0.2703829111124891 1.0 24:1.0 
-1.0 1.0 
-0.4027265887271661 0.42590113882000447 32:1.0 
-1.0 1.0 
-1.0 1.0 
-1.0 1.0 
-1.0 1.0 
-1.0 1.0 
-1.0 1.0 
-0.596041102132687 0.6363915473305713 38:1.0 78:1.0 80:1.0 90:1.0 100:1.0 
-0.3163257708519434 0.7028996045829536 17:1.0 
-0.31240439840710915 0.3342750578459271 21:1.0 
-0.3135669686539567 0.33503039078212304 43:1.0 56:1.0 
-0.3135956039377045 0.7273612458224328 35:1.0 44:1.0 
-1.0 1.0 
-1.0 1.0 
-1.0 1.0 
-1.0 0.9969627409806351 31:1.0 
-1.0 1.0 
-1.0 1.0 
-1.0 0.7572194079089782 47:1.0 
-1.0 1.0 
-0.31310793665132763 0.7271808334812231 14:1.0 35:1.0 
-1.0 1.0 
-1.0 1.0 
-1.0 1.0 
-1.0 1.0 
-0.31232117647844404 1.0 84:1.0 
-1.0 1.0 
-1.0 1.0 
-1.0 1.0 
-1.0 1.0 
-0.0 0.499241939180429 63:1.0 
-1.0 1.0 
-1.0 1.0 
-1.0 1.0 
-1.0 1.0 
-1.0 1.0 
-1.0 1.0 
-1.0 1.0 
-1.0 1.0 
-1.0 1.0 
-1.0 1.0 
-1.0 1.0 
-0.4282254886261815 0.9914137882468371 7:1.0 
-1.0 1.0 
-1.0 0.2017931642689385 54:1.0 
-1.0 1.0 
-1.0 1.0 36:1.0 
-1.0 1.0 
-1.0 1.0 
-1.0 1.0 
-1.0 1.0 
-1.0 1.0 
-1.0 1.0 58:1.0 87:1.0 
-1.0 1.0 
-1.0 1.0 
-1.0 1.0 
-1.0 1.0 
-1.0 1.0 
-1.0 1.0 
-1.0 1.0 
-1.0 1.0 
-1.0 1.0 
-1.0 1.0 
-1.0 1.0 
-1.0 1.0 
-1.0 1.0 
-1.0 1.0 
-1.0 1.0 
-1.0 1.0 
-1.0 1.0 
-1.0 1.0 
-1.0 1.0 
-1.0 1.0 
-1.0 1.0 
-1.0 1.0 
-1.0 0.5788045701588217 19:1.0 
-1.0 1.0 
-1.0 1.0 
-1.0 1.0 
-1.0 1.0 
-1.0 1.0 
-1.0 1.0 
-1.0 1.0 
-1.0 1.0 
-1.0 1.0 23:1.0 
-1.0 1.0 
-1.0 1.0 
-1.0 1.0 
-1.0 1.0 
-1.0 1.0 
-1.0 1.0 
-1.0 1.0 
-1.0 1.0 
-1.0 1.0 
-1.0 1.0 
-1.0 1.0 
-1.0 1.0 
-1.0 1.0 
-1.0 1.0 
-1.0 1.0 
-1.0 1.0 
-0.22690431887857898 0.2019636401718826 15:1.0 
-1.0 1.0 
-0.5463967603057192 0.9925087315710155 74:1.0 
-1.0 1.0 
-0.0 1.0 82:1.0 
-1.0 1.0 
-1.0 1.0 
-1.0 1.0 
-0.407871233972878 0.4365785709252892 17:1.0 20:1.0 81:1.0 
-1.0 1.0 
-1.0 1.0 
-1.0 1.0 
-1.0 1.0 
-1.0 1.0 
-1.0 1.0 
-1.0 1.0 
-0.3139165154088533 0.3604257803231029 4:1.0 36:1.0 
-1.0 1.0 
-1.0 1.0 
-1.0 1.0 
-1.0 1.0 
-1.0 1.0 
-1.0 1.0 
-1.0 1.0 
-1.0 1.0 
-1.0 1.0 
-1.0 1.0 
-1.0 1.0 
-1.0 1.0 
-1.0 1.0 
-1.0 1.0 
-1.0 1.0 
-1.0 1.0 
-1.0 1.0 
-0.4276190269511649 0.958660573262851 63:1.0 
-1.0 1.0 
-0.4275630699647688 1.0 91:1.0 
-1.0 1.0 
-1.0 1.0 
-1.0 1.0 
-1.0 1.0 
-1.0 1.0 
-0.1538634122067622 0.17389228601102452 17:1.0 81:1.0 
-1.0 1.0 
-1.0 1.0 
-0.31257994283669366 0.45788785207033855 60:1.0 
-1.0 1.0 
-1.0 1.0 
-1.0 1.0 
-1.0 1.0 
-1.0 1.0 
-1.0 1.0 
-1.0 1.0 
-1.0 1.0 
-1.0 0.33401188751117133 65:1.0 
-1.0 1.0 
-1.0 1.0 
-1.0 1.0 
-1.0 1.0 
-1.0 1.0 
-1.0 1.0 
-1.0 1.0 
-0.6802605991384828 1.0 49:1.0 
-1.0 1.0 
-1.0 1.0 
-0.08185478692411617 0.07802916200503039 79:1.0 
-1.0 1.0 
-1.0 1.0 
-1.0 1.0 
-1.0 1.0 
-1.0 1.0 
-1.0 1.0 
-1.0 1.0 
-1.0 1.0 
-1.0 1.0 
-1.0 1.0 
-1.0 1.0 
-1.0 1.0 
-1.0 1.0 
-0.4278813999413284 1.0 9:1.0 
-0.4275412586917058 0.9890268812134899 72:1.0 
-1.0 1.0 
-1.0 1.0 
-1.0 1.0 
-0.0 1.0 82:1.0 
-1.0 1.0 
-0.5578289980579769 0.5964624209212136 8:1.0 28:1.0 32:1.0 38:1.0 78:1.0 80:1.0 90:1.0 93:1.0 94:1.0 96:1.0 100:1.0 101:1.0 104:1.0 106:1.0 108:1.0 110:1.0 
-1.0 1.0 
-1.0 1.0 
-1.0 1.0 
-1.0 1.0 
-1.0 1.0 
-1.0 1.0 
-1.0 1.0 
-1.0 1.0 
-1.0 1.0 
-1.0 1.0 
-1.0 1.0 
-1.0 1.0 
-1.0 1.0 
-1.0 1.0 
-1.0 1.0 
-1.0 1.0 
-0.9719892145528677 1.0 76:1.0 
-1.0 1.0 65:1.0 
-1.0 1.0 
-1.0 1.0 
-0.42775761033568466 0.9993240219734358 46:1.0 
-1.0 1.0 
-0.5582632459849858 1.0 40:1.0 61:1.0 102:1.0 
-1.0 1.0 
-1.0 1.0 
-1.0 1.0 
-1.0 1.0 
-1.0 1.0 
-1.0 1.0 
-1.0 1.0 
-1.0 1.0 
-1.0 1.0 
-1.0 1.0 
-1.0 1.0 
-1.0 1.0 
-1.0 1.0 
-0.4278138457204751 1.0 50:1.0 
-1.0 1.0 
-1.0 1.0 
-1.0 1.0 
-1.0 1.0 
-1.0 1.0 
-1.0 1.0 
-1.0 1.0 
-1.0 0.45765561165045426 51:1.0 
-0.8503098114777305 0.9551982905737477 23:1.0 
-1.0 1.0 
-1.0 1.0 
-1.0 1.0 
-1.0 1.0 
-1.0 1.0 
-1.0 1.0 
-1.0 1.0 
-1.0 1.0 
-1.0 1.0 
-0.4964444874395454 1.0 62:1.0 76:1.0 
-1.0 1.0 
-0.3135213310693927 0.8260622709288146 3:1.0 41:1.0 
-1.0 1.0 
-1.0 1.0 
-1.0 1.0 
-0.0 0.7205706511071196 81:1.0 
-0.42834094526064403 0.4573657443369862 8:1.0 28:1.0 32:1.0 38:1.0 57:1.0 78:1.0 80:1.0 93:1.0 94:1.0 96:1.0 100:1.0 101:1.0 103:1.0 104:1.0 105:1.0 106:1.0 108:1.0 110:1.0 
-0.7279548354612689 0.33511869932702787 65:1.0 82:1.0 
-1.0 1.0 
-1.0 1.0 
-0.22427792959817477 1.0 
-0.0 0.17475531252829127 
-0.0 -1.0 
-0.0 -1.0 
-0.0 -1.0 
-0.0 -1.0 
-1.0 -1.0 25:1.0 
-0.0 -1.0 
-0.0 -1.0 
-0.0 -1.0 24:1.0 
-0.0 -1.0 
-0.0 -1.0 
-0.0 -1.0 
-0.0 -1.0 
-0.0 -1.0 
-0.0 -1.0 
-0.0 -1.0 
-0.0 -1.0 
-1.0 -1.0 77:1.0 
-0.0 -1.0 
-0.0 -1.0 
-0.0 -1.0 
-0.0 -1.0 
-0.0 -1.0 
-0.0 -1.0 
-1.0 -0.9234267903734681 30:1.0 
-0.0 -1.0 
-0.0 -1.0 66:1.0 
-0.0 -1.0 
-0.0 -1.0 
-0.0 -1.0 
-0.0 -1.0 
-0.0 -1.0 
-0.0 -1.0 
-0.0 -1.0 
-0.0 -1.0 
-0.7392399132675735 -1.0 10:1.0 
-0.0 -1.0 
-0.0 -1.0 
-0.0 -1.0 
-0.0 -1.0 
-0.0 -1.0 
-0.7313782799723001 -1.0 91:1.0 
-0.7445549782509895 -1.0 17:1.0 19:1.0 
-0.0 -1.0 
-0.0 -1.0 
-0.0 -1.0 
-0.0 -1.0 
-0.0 -1.0 
-0.0 -0.489773370443979 9:1.0 
-0.0 -1.0 
-0.730951505724086 -1.0 45:1.0 
-0.0 -1.0 
-0.0 -1.0 
-0.0 -1.0 
-0.0 -1.0 
-1.0 -1.0 64:1.0 69:1.0 
-0.0 -1.0 
-0.0 -1.0 
-0.0 -1.0 
-0.0 -1.0 
-0.0 -1.0 26:1.0 
-0.0 -1.0 
-0.0 -1.0 
-0.0 -1.0 
-0.0 -1.0 
-0.0 -1.0 
-0.0 -1.0 
-0.0 -1.0 
-0.0 -1.0 
-0.0 -1.0 
-0.9915087759886958 -1.0 10:1.0 
-0.0 -1.0 
-0.0 -1.0 
-0.0 -1.0 
-0.0 -1.0 
-0.0 -1.0 
-0.0 -1.0 
-0.0 -1.0 
-0.0 -1.0 
-0.7310070806151104 -1.0 46:1.0 
-0.0 -1.0 
-0.09890487307017123 -1.0 62:1.0 
-0.0 -1.0 
-0.0 -1.0 
-0.0 -1.0 
-0.0 -1.0 
-0.12660086878276255 -1.0 58:1.0 
-0.0 -1.0 
-0.0 -1.0 
-0.0 -1.0 
-0.0 -1.0 
-0.0 -1.0 49:1.0 
-0.0 -1.0 
-1.0 -1.0 12:1.0 
-0.0 -1.0 
-0.0 -1.0 
-0.0 -1.0 
-0.0 -1.0 
-0.0 -1.0 
-0.0 -1.0 
-0.6439219433447274 -1.0 11:1.0 27:1.0 33:1.0 
-0.0 -1.0 
-0.0 -1.0 
-0.0 -1.0 
-0.0 -1.0 
-0.730969487743692 -1.0 4:1.0 
-0.0 -1.0 
-0.0 -1.0 
-0.0 -1.0 
-0.0 -1.0 
-0.0 -1.0 
-0.0 -1.0 
-1.0 -1.0 11:1.0 21:1.0 54:1.0 
-0.0 -1.0 
-0.0 -1.0 
-0.0 -1.0 
-0.0 -1.0 
-0.0 -1.0 37:1.0 
-0.0 -1.0 76:1.0 
-0.9721957891279932 -1.0 58:1.0 
-0.0 -1.0 
-0.0 -1.0 
-1.0 -1.0 16:1.0 
-0.0 -1.0 
-0.0 -1.0 
-0.0 -1.0 
-0.0 -1.0 
-0.0 -1.0 
-0.0 -1.0 
-0.09865043908809581 -1.0 41:1.0 
-0.0 -1.0 
-0.0 -1.0 
-0.0 -1.0 
-0.0 -1.0 
-0.0 -1.0 
-0.5340688981799401 -1.0 49:1.0 
-0.0 -1.0 
-0.0 -1.0 
-0.0 -1.0 
-0.0 -1.0 
-1.0 -1.0 43:1.0 64:1.0 
-0.0 -1.0 
-0.0 -1.0 
-1.0 -1.0 65:1.0 
-0.0 -1.0 
-0.0 -1.0 
-0.3629045482791518 -1.0 43:1.0 
-0.0 -1.0 
-0.0 -0.040560310321730464 40:1.0 61:1.0 102:1.0 
-0.0 -1.0 76:1.0 
-0.0 -1.0 
-0.0 -1.0 
-1.0 -1.0 
-1.0 -1.0 
-0.0 -1.0 72:1.0 
-1.0 -1.0 
-1.0 -1.0 
-1.0 -1.0 
-1.0 -1.0 
-1.0 -1.0 
-1.0 -1.0 
-1.0 -1.0 
-0.0 -1.0 50:1.0 
-1.0 -1.0 
-1.0 -1.0 
-1.0 -1.0 
-1.0 -1.0 
-1.0 -1.0 
-0.46618422113078783 -1.0 33:1.0 
-1.0 -1.0 
-1.0 -1.0 
-0.11611634728704186 -1.0 34:1.0 74:1.0 95:1.0 
-1.0 -1.0 
-0.0 -1.0 23:1.0 
-1.0 -1.0 
-1.0 -1.0 
-1.0 -1.0 
-1.0 -1.0 
-0.7309261651172028 -1.0 44:1.0 
-1.0 -1.0 
-1.0 -1.0 62:1.0 
-1.0 -1.0 55:1.0 
-1.0 -1.0 
-1.0 -1.0 
-1.0 -1.0 
-0.1077337359615628 -1.0 23:1.0 
-1.0 -1.0 
-1.0 -1.0 
-1.0 -1.0 
-1.0 -1.0 
-1.0 -1.0 
-0.0 -1.0 26:1.0 
-1.0 -1.0 
-1.0 -1.0 
-1.0 -1.0 
-1.0 -1.0 
-1.0 -1.0 
-1.0 -1.0 
-1.0 -1.0 
-0.0 -1.0 83:1.0 88:1.0 98:1.0 
-1.0 -1.0 49:1.0 55:1.0 
-0.0 -1.0 24:1.0 
-1.0 -1.0 
-1.0 -1.0 
-0.7304721450878372 -1.0 81:1.0 
-1.0 -1.0 
-0.0 -1.0 67:1.0 
-1.0 -1.0 
-1.0 -1.0 
-0.0 -1.0 37:1.0 
-1.0 -1.0 
-1.0 -1.0 
-1.0 -1.0 
-1.0 -1.0 
-1.0 -0.8912662021882449 22:1.0 
-1.0 -1.0 
-0.5348016715272258 -1.0 82:1.0 84:1.0 
-1.0 -1.0 
-1.0 -1.0 
-1.0 -1.0 
-1.0 -1.0 
-1.0 -1.0 
-1.0 -1.0 
-1.0 -1.0 
-1.0 -1.0 
-1.0 -1.0 
-1.0 -1.0 
-1.0 -1.0 
-1.0 -1.0 
-1.0 -1.0 
-1.0 -1.0 
-1.0 -1.0 
-1.0 -1.0 
-1.0 -1.0 
-1.0 -1.0 85:1.0 
-1.0 -1.0 
-1.0 -1.0 
-1.0 -1.0 
-1.0 -1.0 
-0.7307821492223622 -1.0 50:1.0 
-0.3627989345438405 -1.0 53:1.0 
-1.0 -1.0 
-1.0 -1.0 
-1.0 -1.0 
-1.0 -1.0 
-1.0 -1.0 
-1.0 -1.0 
-1.0 -1.0 
-1.0 -1.0 
-1.0 -1.0 
-0.5348757361647263 -1.0 49:1.0 84:1.0 
-1.0 -1.0 
-1.0 -1.0 
-1.0 -1.0 
-1.0 -1.0 
-1.0 -1.0 
-0.8657585610286344 -1.0 11:1.0 77:1.0 
-0.09861773991849969 -1.0 67:1.0 
-1.0 -1.0 
-0.5368448578594432 -1.0 76:1.0 
-1.0 -1.0 
-1.0 -1.0 
-1.0 -1.0 
-1.0 -1.0 
-1.0 -1.0 
-1.0 -1.0 
-1.0 -1.0 
-1.0 -1.0 
-0.0 -0.499241939180429 1:1.0 
-1.0 -1.0 
-1.0 -1.0 
-1.0 -1.0 
-1.0 -1.0 
-1.0 -1.0 
-1.0 -1.0 
-1.0 -1.0 
-1.0 -1.0 
-1.0 -1.0 
-1.0 -1.0 
-1.0 -1.0 
-1.0 -1.0 
-1.0 -1.0 
-1.0 -1.0 
-1.0 -1.0 
-1.0 -1.0 
-1.0 -1.0 
-1.0 -1.0 
-1.0 -1.0 
-0.0 -1.0 82:1.0 
-1.0 -1.0 
-1.0 -1.0 
-1.0 -1.0 
-1.0 -1.0 
-1.0 -1.0 
-1.0 -1.0 
-0.730678387278908 -1.0 18:1.0 
-1.0 -1.0 
-1.0 -1.0 
-1.0 -1.0 
-0.0 -1.0 82:1.0 
-1.0 -1.0 
-1.0 -1.0 
-1.0 -1.0 
-1.0 -1.0 
-1.0 -1.0 
-1.0 -1.0 
-1.0 -1.0 
-1.0 -1.0 
-1.0 -1.0 
-1.0 -1.0 
-1.0 -1.0 87:1.0 
-1.0 -1.0 36:1.0 
-0.7308482198005017 -1.0 24:1.0 
-1.0 -1.0 
-1.0 -1.0 67:1.0 
-0.7177650199630627 -1.0 27:1.0 40:1.0 61:1.0 102:1.0 
-1.0 -1.0 
-1.0 -1.0 
-1.0 -1.0 
-1.0 -1.0 
-1.0 -1.0 
-1.0 -1.0 
-1.0 -1.0 
-0.7307382871834323 -1.0 26:1.0 
-1.0 -1.0 
-1.0 -1.0 
-1.0 -1.0 
-1.0 -1.0 
-1.0 -1.0 
-1.0 -1.0 
-1.0 -1.0 
-1.0 -1.0 
-0.0 -0.9867594743293056 1:1.0 
-1.0 -1.0 
-0.5265987821007636 -1.0 1:1.0 76:1.0 
-1.0 -1.0 
-1.0 -1.0 
-1.0 -1.0 
-1.0 -1.0 
-1.0 -1.0 
-1.0 -1.0 
-1.0 -1.0 
-1.0 -1.0 
-1.0 -1.0 
-1.0 -1.0 
-1.0 -1.0 
-1.0 -1.0 
-0.0 -1.0 35:1.0 
-1.0 -1.0 
-1.0 -1.0 
-0.969311656587687 -1.0 34:1.0 74:1.0 95:1.0 
-1.0 -1.0 
-1.0 -1.0 
-1.0 -1.0 
-1.0 -1.0 
-1.0 -1.0 64:1.0 
-0.9523881456851012 -1.0 83:1.0 88:1.0 98:1.0 
-1.0 -1.0 
-1.0 -1.0 
-1.0 -1.0 
-1.0 -1.0 
-1.0 -1.0 
-1.0 -1.0 
-1.0 -1.0 
-1.0 -1.0 23:1.0 
-1.0 -1.0 2:1.0 75:1.0 87:1.0 
-1.0 -1.0 
-1.0 -1.0 
-1.0 -1.0 
-1.0 -1.0 
-0.481199193322172 -1.0 27:1.0 33:1.0 
-1.0 -1.0 
-1.0 -1.0 53:1.0 87:1.0 
-1.0 -1.0 41:1.0 
-1.0 -1.0 
-1.0 -1.0 76:1.0 
-1.0 -1.0 
-1.0 -1.0 
-1.0 -1.0 
-1.0 -1.0 
-1.0 -1.0 
-1.0 -1.0 
-1.0 -1.0 
-1.0 -1.0 
-1.0 -1.0 
-1.0 -1.0 74:1.0 
-0.7314031736753382 -1.0 63:1.0 
-1.0 -1.0 
-1.0 -1.0 
-1.0 -1.0 
-1.0 -1.0 
-1.0 -1.0 
-1.0 -1.0 
-1.0 -1.0 
-1.0 -1.0 
-1.0 -1.0 
-1.0 -1.0 
-1.0 -1.0 
-1.0 -1.0 6:1.0 47:1.0 
-1.0 -1.0 
-1.0 -1.0 
-0.0 -0.31594118776562863 73:1.0 
-0.5334473430247932 -0.003971974147783849 1:1.0 13:1.0 
-1.0 -1.0 
-0.0 -1.0 7:1.0 
-0.8086981113241268 -1.0 52:1.0 60:1.0 
-1.0 -1.0 
-1.0 -1.0 
-1.0 -1.0 
-1.0 -1.0 
-1.0 -1.0 
-1.0 -1.0 
-1.0 -1.0 
-0.0 -0.8556613362571678 59:1.0 
-1.0 -1.0 
-1.0 -1.0 
-1.0 -1.0 
-1.0 -1.0 
-1.0 -1.0 
-1.0 -1.0 
-0.5140795796909379 -1.0 9:1.0 14:1.0 
-1.0 -1.0 
-0.10416840975891313 -1.0 59:1.0 
-1.0 -1.0 
-1.0 -1.0 
-1.0 -1.0 
-1.0 -1.0 
-1.0 -1.0 
-1.0 -1.0 
-1.0 -1.0 
-1.0 -1.0 16:1.0 
-1.0 -1.0 
-1.0 -1.0 
-1.0 -1.0 
-1.0 -1.0 
-1.0 -1.0 
-1.0 -1.0 23:1.0 
-1.0 -1.0 
-1.0 -1.0 
-1.0 -1.0 
-1.0 -1.0 
-1.0 -1.0 
-1.0 -1.0 
-1.0 -1.0 39:1.0 
-1.0 -1.0 
-1.0 -1.0 
-1.0 -1.0 
-1.0 -1.0 
-1.0 -1.0 
-1.0 -1.0 
-1.0 -1.0 
-1.0 -1.0 
-1.0 -1.0 
-1.0 -1.0 
-1.0 -1.0 
-0.0 -1.0 37:1.0 
-1.0 -1.0 
-1.0 -1.0 
-1.0 -1.0 
-1.0 -1.0 
-1.0 -1.0 19:1.0 
-1.0 -1.0 
-0.3373695278759956 -1.0 84:1.0 
-1.0 -1.0 
-0.0 -1.0 40:1.0 61:1.0 102:1.0 
-1.0 -1.0 
-1.0 -1.0 
-1.0 -1.0 
-0.6886155353820197 -1.0 40:1.0 61:1.0 102:1.0 
-1.0 -1.0 
-0.9933456527764085 -1.0 23:1.0 
-1.0 -1.0 
-1.0 -1.0 
-1.0 -1.0 
-1.0 -1.0 
-1.0 -1.0 
-1.0 -1.0 
-1.0 -1.0 
-1.0 -1.0 
-1.0 -1.0 
-1.0 -1.0 
-1.0 -1.0 
-1.0 -1.0 
-1.0 -1.0 
-1.0 -1.0 
-1.0 -1.0 
-1.0 -1.0 
-1.0 -1.0 
-1.0 -1.0 
-0.7307681550484931 -1.0 66:1.0 
-1.0 -1.0 
-1.0 -1.0 
-0.0 -1.0 9:1.0 
-1.0 -1.0 
-1.0 -1.0 
-1.0 -1.0 
-0.7311205418328721 -1.0 37:1.0 
-1.0 -1.0 
-1.0 -1.0 42:1.0 
-1.0 -1.0 
-0.9945497342576404 -1.0 59:1.0 
-1.0 -1.0 
-1.0 -1.0 
-1.0 -1.0 
-0.18997608290903886 -1.0 11:1.0 
-1.0 -0.9639333009765705 22:1.0 
-1.0 -1.0 
-1.0 -1.0 
-1.0 -1.0 
-1.0 -1.0 
-0.0 -1.0 73:1.0 
-1.0 -1.0 
-0.5337572170480018 -1.0 82:1.0 
-0.0 -1.0 73:1.0 
-1.0 -1.0 34:1.0 48:1.0 68:1.0 74:1.0 89:1.0 92:1.0 95:1.0 97:1.0 99:1.0 107:1.0 109:1.0 
-1.0 -1.0 
-0.6037198104527008 -1.0 14:1.0 52:1.0 
-1.0 -1.0 
-1.0 -1.0 
-1.0 -1.0 
-1.0 -1.0 
-1.0 -1.0 
-1.0 -1.0 29:1.0 
-1.0 -1.0 
-1.0 -1.0 
-1.0 -1.0 
-1.0 -1.0 
-1.0 -1.0 
-1.0 -1.0 
-1.0 -1.0 
-1.0 -1.0 
-1.0 -1.0 
-1.0 -1.0 
-1.0 -1.0 
-1.0 -1.0 
-1.0 -1.0 
-1.0 -1.0 
-1.0 -1.0 
-1.0 -1.0 
-1.0 -1.0 
-1.0 -1.0 45:1.0 
-1.0 -1.0 
-1.0 -1.0 
-1.0 -1.0 
-1.0 -1.0 
-1.0 -1.0 
-1.0 -1.0 
-1.0 -1.0 
-0.73075613652844 -1.0 35:1.0 
-1.0 -1.0 
-1.0 -1.0 
-1.0 -1.0 
-1.0 -1.0 
-1.0 -1.0 
-1.0 -1.0 
-0.5422035095746317 -0.9978260869451884 9:1.0 
-1.0 -1.0 
-1.0 -1.0 
-1.0 -1.0 
-1.0 -1.0 
-1.0 -1.0 
-1.0 -1.0 
-1.0 -1.0 90:1.0 
-1.0 -1.0 
-1.0 -1.0 
-0.7310465005128428 -0.939264231639852 73:1.0 
-1.0 -1.0 
-1.0 -1.0 
-1.0 -1.0 
-1.0 -1.0 
-1.0 -1.0 
-1.0 -1.0 
-1.0 -1.0 67:1.0 
-1.0 -1.0 
-1.0 -1.0 
-1.0 -1.0 
-1.0 -1.0 
-1.0 -1.0 
-1.0 -1.0 
-1.0 -1.0 
-1.0 -1.0 
-1.0 -1.0 
-0.731072899498359 -1.0 72:1.0 
-1.0 -1.0 
-1.0 -1.0 31:1.0 
-1.0 -1.0 
-1.0 -1.0 14:1.0 85:1.0 
-1.0 -1.0 
-1.0 -1.0 
-1.0 -1.0 
-1.0 -1.0 
-1.0 -1.0 
-1.0 -1.0 
-1.0 -1.0 19:1.0 
-1.0 -1.0 
-1.0 -1.0 
-1.0 -1.0 
-1.0 -0.9319378874318871 30:1.0 
-1.0 -1.0 
-0.9776354382706164 -1.0 1:1.0 13:1.0 
-1.0 -1.0 
-1.0 -1.0 
-1.0 -1.0 
-1.0 -1.0 19:1.0 
-1.0 -1.0 
-1.0 -1.0 
-1.0 -1.0 
-1.0 -1.0 
-1.0 -1.0 
-1.0 -1.0 
-1.0 -1.0 
-1.0 -1.0 
-1.0 -1.0 
-0.3624840156993794 -1.0 6:1.0 
-1.0 -1.0 
-1.0 -1.0 
-1.0 -1.0 
-1.0 -1.0 
-1.0 -1.0 
-1.0 -1.0 
-1.0 -1.0 
-1.0 -1.0 
-1.0 -1.0 
-0.73098397730419 -1.0 7:1.0 
-1.0 -1.0 
-1.0 -1.0 
-1.0 -1.0 
-1.0 -1.0 
-1.0 -1.0 
-1.0 -1.0 
-1.0 -1.0 
-1.0 -1.0 
-1.0 -1.0 
-1.0 -1.0 
-1.0 -1.0 
-1.0 -1.0 
-1.0 -1.0 
-1.0 -1.0 
-1.0 -1.0 
-1.0 -1.0 20:1.0 
-1.0 -1.0 
-1.0 -1.0 
-1.0 -1.0 
-1.0 -1.0 
-1.0 -1.0 
-0.45707286684850007 -1.0 17:1.0 
-1.0 -1.0 
-1.0 -1.0 
-1.0 -1.0 
-1.0 -1.0 
-1.0 -1.0 
-1.0 -1.0 
-1.0 -1.0 
-1.0 -1.0 
-1.0 -1.0 
-1.0 -1.0 
-1.0 -1.0 
-1.0 -1.0 
-1.0 -1.0 
-1.0 -1.0 
-1.0 -1.0 
-1.0 -1.0 
-1.0 -1.0 
-1.0 -1.0 
-1.0 -1.0 
-1.0 -1.0 
-1.0 -1.0 
-1.0 -1.0 
-1.0 -1.0 
-1.0 -1.0 41:1.0 
-1.0 -1.0 
-1.0 -1.0 
-1.0 -1.0 
-0.25707917706003375 -1.0 
-0.0 -1.0 
-0.0 -1.0 
-0.0 -1.0 
