svm_type c_svc
kernel_type rbf
gamma 1.0
nr_class 3
total_sv 1928
rho 0.9197095662636514 0.8542776619742142 -0.9199050459496411
label 2 0 1
nr_sv 516 730 682
SV
0.1 0.1 
0.1 0.1 
0.1 0.1 
0.1 0.1 68:1.0 74:1.0 86:1.0 89:1.0 97:1.0 99:1.0 109:1.0 
0.1 0.1 
0.1 0.1 2:1.0 41:1.0 
0.1 0.1 
0.1 0.1 
0.1 0.1 
0.1 0.1 
0.1 0.1 
0.1 0.1 
0.1 0.1 
0.1 0.1 
0.1 0.1 
0.1 0.1 42:1.0 64:1.0 69:1.0 
0.1 0.1 
0.1 0.1 
0.1 0.1 
0.1 0.1 
0.1 0.1 
0.1 0.1 
0.1 0.1 31:1.0 
0.1 0.1 
0.1 0.1 
0.1 0.1 
0.1 0.1 
0.1 0.1 
0.1 0.1 
0.1 0.1 
0.1 0.1 
0.1 0.1 
0.1 0.1 
0.1 0.1 
0.1 0.1 
0.1 0.1 
0.1 0.1 
0.1 0.1 
0.1 0.1 
0.1 0.1 
0.1 0.1 25:1.0 
0.1 0.1 
0.1 0.1 68:1.0 74:1.0 86:1.0 89:1.0 97:1.0 99:1.0 109:1.0 
0.1 0.1 
0.1 0.1 
0.1 0.1 
0.1 0.1 
0.1 0.1 
0.1 0.1 
0.1 0.1 
0.1 0.1 
0.1 0.1 
0.1 0.1 2:1.0 
0.1 0.1 
0.1 0.1 
0.1 0.1 
0.1 0.1 51:1.0 
0.1 0.1 
0.1 0.1 
0.1 0.1 
0.1 0.1 29:1.0 
0.1 0.1 
0.1 0.1 
0.1 0.1 
0.1 0.1 
0.1 0.1 13:1.0 
0.1 0.1 16:1.0 
0.1 0.1 41:1.0 
0.1 0.1 
0.1 0.1 
0.1 0.1 34:1.0 48:1.0 68:1.0 74:1.0 89:1.0 92:1.0 95:1.0 97:1.0 99:1.0 107:1.0 109:1.0 
0.1 0.1 12:1.0 86:1.0 
0.1 0.1 
0.1 0.1 
0.1 0.1 
0.1 0.1 12:1.0 
0.1 0.1 
0.1 0.1 10:1.0 
0.1 0.1 
0.1 0.1 
0.1 0.1 
0.1 0.1 
0.1 0.1 
0.1 0.1 
0.1 0.1 
0.1 0.1 
0.1 0.1 
0.1 0.1 
0.1 0.1 
0.1 0.1 
0.1 0.1 13:1.0 64:1.0 
0.1 0.1 75:1.0 
0.1 0.1 34:1.0 48:1.0 68:1.0 74:1.0 89:1.0 92:1.0 95:1.0 97:1.0 99:1.0 107:1.0 109:1.0 
0.1 0.1 
0.1 0.1 75:1.0 
0.1 0.1 
0.1 0.1 
0.1 0.1 47:1.0 
0.1 0.1 
0.1 0.1 
0.1 0.1 
0.1 0.1 
0.1 0.1 
0.1 0.1 13:1.0 
0.1 0.1 
0.1 0.1 
0.1 0.1 
0.1 0.1 29:1.0 
0.1 0.1 
0.1 0.1 
0.1 0.1 
0.1 0.1 
0.1 0.1 
0.1 0.1 
0.1 0.1 
0.1 0.1 54:1.0 
0.1 0.1 89:1.0 
0.1 0.1 
0.1 0.1 
0.1 0.1 
0.1 0.1 
0.1 0.1 86:1.0 
0.1 0.1 
0.1 0.1 
0.1 0.1 
0.1 0.1 
0.1 0.1 
0.1 0.1 
0.1 0.1 
0.1 0.1 
0.1 0.1 
0.1 0.1 
0.1 0.1 
0.1 0.1 
0.1 0.1 
0.1 0.1 
0.1 0.1 
0.1 0.1 
0.1 0.1 
0.1 0.1 
0.1 0.1 
0.1 0.1 
0.1 0.1 
0.1 0.1 36:1.0 
0.1 0.1 
0.1 0.1 
0.1 0.1 
0.1 0.1 
0.1 0.1 
0.1 0.1 
0.1 0.1 
0.1 0.1 
0.1 0.1 
0.1 0.1 
0.1 0.1 64:1.0 
0.1 0.1 
0.1 0.1 
0.1 0.1 
0.1 0.1 
0.1 0.1 
0.1 0.1 23:1.0 
0.1 0.1 85:1.0 
0.1 0.1 87:1.0 
0.1 0.1 
0.1 0.1 12:1.0 
0.1 0.1 
0.1 0.1 
0.1 0.1 22:1.0 
0.1 0.1 71:1.0 
0.1 0.1 87:1.0 
0.1 0.1 23:1.0 49:1.0 
0.1 0.1 
0.1 0.1 
0.1 0.1 76:1.0 
0.1 0.1 
0.1 0.1 
0.1 0.1 31:1.0 
0.1 0.1 
0.1 0.1 
0.1 0.1 
0.1 0.1 
0.1 0.1 39:1.0 
0.1 0.1 
0.1 0.1 
0.1 0.1 
0.1 0.1 
0.1 0.1 19:1.0 68:1.0 74:1.0 99:1.0 
0.1 0.1 
0.1 0.1 
0.1 0.1 
0.1 0.1 
0.1 0.1 
0.1 0.1 
0.1 0.1 
0.1 0.1 
0.1 0.1 
0.1 0.1 55:1.0 
0.1 0.1 
0.1 0.1 
0.1 0.1 
0.1 0.1 
0.1 0.1 19:1.0 
0.1 0.1 
0.1 0.1 
0.1 0.1 
0.1 0.1 
0.1 0.1 
0.1 0.1 
0.1 0.1 
0.1 0.1 
0.1 0.1 64:1.0 
0.1 0.1 69:1.0 
0.1 0.1 
0.1 0.1 74:1.0 
0.1 0.1 
0.1 0.1 13:1.0 
0.1 0.1 
0.1 0.1 
0.1 0.1 20:1.0 
0.1 0.1 
0.1 0.1 19:1.0 
0.1 0.1 
0.1 0.1 
0.1 0.1 2:1.0 
0.1 0.1 
0.1 0.1 65:1.0 
0.1 0.1 
0.1 0.1 
0.1 0.1 
0.1 0.1 77:1.0 
0.1 0.1 
0.1 0.1 
0.1 0.1 90:1.0 
0.1 0.1 
0.1 0.1 
0.1 0.1 55:1.0 
0.1 0.1 16:1.0 
0.1 0.1 
0.1 0.1 47:1.0 48:1.0 89:1.0 92:1.0 
0.1 0.1 
0.1 0.1 
0.1 0.1 25:1.0 89:1.0 
0.1 0.1 67:1.0 77:1.0 
0.1 0.1 
0.1 0.1 
0.1 0.1 
0.1 0.1 74:1.0 
0.1 0.1 
0.1 0.1 67:1.0 
0.1 0.1 65:1.0 
0.1 0.1 
0.1 0.1 
0.1 0.1 
0.1 0.1 
0.1 0.1 
0.1 0.1 23:1.0 
0.1 0.1 
0.1 0.1 
0.1 0.1 
0.1 0.1 
0.1 0.1 
0.1 0.1 
0.1 0.1 
0.1 0.1 47:1.0 
0.1 0.1 
0.1 0.1 
0.1 0.1 
0.1 0.1 
0.1 0.1 
0.1 0.1 
0.1 0.1 
0.1 0.1 54:1.0 
0.1 0.1 30:1.0 
0.1 0.1 
0.1 0.1 
0.1 0.1 30:1.0 
0.1 0.1 30:1.0 
0.1 0.1 
0.1 0.1 
0.1 0.1 
0.1 0.1 
0.1 0.1 
0.1 0.1 
0.1 0.1 
0.1 0.1 65:1.0 
0.1 0.1 
0.1 0.1 
0.1 0.1 
0.1 0.1 
0.1 0.1 
0.1 0.1 
0.1 0.1 
0.1 0.1 
0.1 0.1 
0.1 0.1 
0.1 0.1 
0.1 0.1 
0.1 0.1 65:1.0 
0.1 0.1 
0.1 0.1 
0.1 0.1 64:1.0 
0.1 0.1 
0.1 0.1 
0.1 0.1 
0.1 0.1 
0.1 0.1 
0.1 0.1 29:1.0 69:1.0 
0.1 0.1 
0.1 0.1 
0.1 0.1 
0.1 0.1 
0.1 0.1 
0.1 0.1 
0.1 0.1 
0.1 0.1 
0.1 0.1 
0.1 0.1 
0.1 0.1 
0.1 0.1 2:1.0 
0.1 0.1 
0.1 0.1 
0.1 0.1 
0.1 0.1 
0.1 0.1 
0.1 0.1 
0.1 0.1 
0.1 0.1 
0.1 0.1 
0.1 0.1 
0.1 0.1 
0.1 0.1 
0.1 0.1 
0.1 0.1 
0.1 0.1 71:1.0 
0.1 0.1 
0.1 0.1 
0.1 0.1 
0.1 0.1 
0.1 0.1 
0.1 0.1 
0.1 0.1 64:1.0 
0.1 0.1 
0.1 0.1 
0.1 0.1 
0.1 0.1 
0.1 0.1 
0.1 0.1 
0.1 0.1 
0.1 0.1 
0.1 0.1 
0.1 0.1 
0.1 0.1 
0.1 0.1 
0.1 0.1 
0.1 0.1 
0.1 0.1 
0.1 0.1 
0.1 0.1 
0.1 0.1 
0.1 0.1 
0.1 0.1 
0.1 0.1 
0.1 0.1 
0.1 0.1 
0.1 0.1 
0.1 0.1 
0.1 0.1 
0.1 0.1 
0.1 0.1 
0.1 0.1 39:1.0 
0.1 0.1 
0.1 0.1 
0.1 0.1 
0.1 0.1 
0.1 0.1 
0.1 0.1 
0.1 0.1 
0.1 0.1 
0.1 0.1 3:1.0 22:1.0 
0.1 0.1 
0.1 0.1 
0.1 0.1 
0.1 0.1 
0.1 0.1 
0.1 0.1 
0.1 0.1 
0.1 0.1 
0.1 0.1 
0.1 0.1 
0.1 0.1 
0.1 0.1 
0.1 0.1 
0.1 0.1 
0.1 0.1 
0.1 0.1 
0.1 0.1 3:1.0 
0.1 0.1 
0.1 0.1 
0.1 0.1 
0.1 0.1 
0.1 0.1 
0.1 0.1 
0.1 0.1 45:1.0 
0.1 0.1 
0.1 0.1 22:1.0 
0.1 0.1 
0.1 0.1 
0.1 0.1 
0.1 0.1 
0.1 0.1 
0.1 0.1 
0.1 0.1 
0.1 0.1 
0.1 0.1 
0.1 0.1 
0.1 0.1 
0.1 0.1 
0.1 0.1 
0.1 0.1 
0.1 0.1 
0.1 0.1 
0.1 0.1 
0.1 0.1 25:1.0 87:1.0 
0.1 0.1 
0.1 0.1 
0.1 0.1 
0.1 0.1 
0.1 0.1 
0.1 0.1 58:1.0 70:1.0 
0.1 0.1 
0.1 0.1 
0.1 0.1 
0.1 0.1 
0.1 0.1 
0.1 0.1 59:1.0 62:1.0 
0.1 0.1 22:1.0 
0.1 0.1 
0.1 0.1 
0.1 0.1 
0.1 0.1 
0.1 0.1 
0.1 0.1 
0.1 0.1 
0.1 0.1 
0.1 0.1 
0.1 0.1 
0.1 0.1 
0.1 0.1 
0.1 0.1 
0.1 0.1 
0.1 0.1 
0.1 0.1 
0.1 0.1 
0.1 0.1 
0.1 0.1 
0.1 0.1 85:1.0 
0.1 0.1 
0.1 0.1 
0.1 0.1 
0.1 0.1 
0.1 0.1 25:1.0 
0.1 0.1 
0.1 0.1 
0.1 0.1 
0.1 0.1 
0.1 0.1 
0.1 0.1 
0.1 0.1 
0.1 0.1 42:1.0 
0.1 0.1 
0.1 0.1 
0.1 0.1 3:1.0 
0.1 0.1 
0.1 0.1 
0.1 0.1 
0.1 0.1 
0.1 0.1 
0.1 0.1 
0.1 0.1 
0.1 0.1 
0.1 0.1 
0.1 0.1 
0.1 0.1 
0.1 0.1 
0.1 0.1 
0.1 0.1 
0.1 0.1 
0.1 0.1 
0.1 0.1 
0.1 0.1 2:1.0 
0.1 0.1 
0.1 0.1 
0.1 0.1 
0.1 0.1 64:1.0 
0.1 0.1 
0.1 0.1 
0.1 0.1 
0.1 0.1 23:1.0 48:1.0 68:1.0 89:1.0 92:1.0 97:1.0 107:1.0 
0.1 0.1 
0.1 0.1 2:1.0 
0.1 0.1 
0.1 0.1 
0.1 0.1 
0.1 0.1 
0.1 0.1 
0.1 0.1 39:1.0 
0.1 0.1 55:1.0 
0.1 0.1 
0.1 0.1 
0.1 0.1 
0.1 0.1 42:1.0 
0.1 0.1 
0.1 0.1 19:1.0 
0.1 0.1 68:1.0 74:1.0 99:1.0 
0.1 0.1 
0.1 0.1 
-0.0 0.1 76:1.0 
-0.1 0.1 41:1.0 
-0.0436480012607885 0.0432327868363155 14:1.0 58:1.0 
-0.04739900337119696 0.0 85:1.0 
-0.05138280253026885 0.0 42:1.0 
-0.04333629658396847 0.04638323185147925 4:1.0 15:1.0 
-0.0585499307151756 0.05849439424023146 5:1.0 
-0.05834370570544125 0.1 10:1.0 
-0.06380527804712015 0.1 62:1.0 73:1.0 
-0.0 0.027127121750777982 44:1.0 
-0.0590894034183325 0.1 1:1.0 76:1.0 
-0.0 0.1 34:1.0 74:1.0 95:1.0 
-0.1 0.0 71:1.0 
-0.02630280507271565 0.0 54:1.0 
-0.0 0.1 83:1.0 88:1.0 98:1.0 
-0.1 0.06485510441962071 47:1.0 85:1.0 89:1.0 
-0.1 0.1 85:1.0 
-0.1 0.03785657715896739 42:1.0 
-0.07065811183369079 0.1 34:1.0 74:1.0 95:1.0 
-0.1 0.05893045572265838 86:1.0 
-0.1 0.0 74:1.0 
-0.1 0.1 39:1.0 
-0.0 0.1 37:1.0 
-0.03219793866586932 0.1 19:1.0 
-0.0 0.06139479967268874 50:1.0 
-0.1 0.1 12:1.0 
-0.0 0.041960840136519156 18:1.0 
-0.0 0.1 6:1.0 
-0.033360430076921 0.04271886568927243 56:1.0 82:1.0 
-0.04305687314261291 0.07967306288580547 11:1.0 27:1.0 
-0.1 0.0 3:1.0 
-0.1 0.07158682710904081 2:1.0 
-0.06402252345878236 0.05809261939247776 16:1.0 
-0.0 0.04156460271138199 66:1.0 
-0.0 0.1 11:1.0 
-0.0 0.1 24:1.0 
-0.0 0.1 76:1.0 
-0.0 0.1 84:1.0 
-0.03334411761771453 0.04302978231426872 15:1.0 82:1.0 
-0.021991524669571345 0.1 37:1.0 
-0.05858967498209808 0.1 33:1.0 
-0.1 0.0 29:1.0 
-0.1 0.0 65:1.0 
-0.1 0.023353376127733798 71:1.0 
-0.05419620394365964 0.05476453182700052 8:1.0 28:1.0 32:1.0 38:1.0 57:1.0 78:1.0 80:1.0 90:1.0 93:1.0 94:1.0 96:1.0 100:1.0 101:1.0 103:1.0 104:1.0 105:1.0 106:1.0 108:1.0 110:1.0 
-0.04331604383064571 0.1 6:1.0 26:1.0 
-0.04255000547269354 0.1 18:1.0 
-0.0 0.05824176628834391 72:1.0 
-0.1 0.1 20:1.0 
-0.0 0.1 58:1.0 
-0.0 0.1 67:1.0 
-0.1 0.1 19:1.0 
-0.0 0.017058149946009415 14:1.0 
-0.04339410218008423 0.0819398531595935 6:1.0 76:1.0 
-0.04167402615247754 0.04266254170326239 11:1.0 81:1.0 
-0.04276635667683875 0.1 52:1.0 60:1.0 
-0.1 0.06839397263675316 29:1.0 
-0.0 0.1 83:1.0 88:1.0 98:1.0 
-0.1 0.1 10:1.0 
-0.1 0.0932324828992964 48:1.0 68:1.0 74:1.0 89:1.0 92:1.0 97:1.0 99:1.0 107:1.0 109:1.0 
-0.0 0.1 45:1.0 
-0.03310126993701741 0.042654210614317505 53:1.0 82:1.0 
-0.04326470087333683 0.04596315567720165 4:1.0 66:1.0 
-0.1 0.0 3:1.0 
-0.03108888743660716 0.1 73:1.0 
-0.0 0.01629698131895013 82:1.0 
-0.08024851121128586 0.08014719192407035 8:1.0 32:1.0 38:1.0 57:1.0 78:1.0 80:1.0 90:1.0 100:1.0 101:1.0 103:1.0 105:1.0 
-0.0 0.1 
-0.0 0.1 
-0.0 0.1 
-0.0 0.1 
-0.0 0.1 
-0.0 0.1 
-0.0 0.1 
-0.0 0.1 
-0.0 0.1 
-0.0 0.1 
-0.0 0.1 
-0.0 0.1 
-0.0 0.1 
-0.010205791062655529 0.1 4:1.0 
-0.0 0.1 
-0.0 0.1 
-0.0 0.1 
-0.0 0.1 
-0.0 0.1 
-0.0 0.1 
-0.0 0.1 
-0.0 0.1 
-0.0 0.1 
-0.06966802161088631 0.1 3:1.0 14:1.0 32:1.0 73:1.0 
-0.0 0.1 
-0.0 0.1 
-0.0 0.1 
-0.0 0.1 
-0.0 0.1 
-0.0 0.1 
-0.0 0.1 7:1.0 
-0.0 0.1 
-0.0 0.1 
-0.0 0.1 
-0.0 0.1 
-0.0 0.1 
-0.0 0.1 
-0.0 0.1 
-0.0 0.1 
-0.0 0.1 
-0.0 0.1 
-0.0 0.1 
-0.0 0.1 
-0.0 0.1 
-0.07938520241616173 0.1 41:1.0 
-0.0 0.1 
-0.0 0.1 
-0.0 0.1 
-0.0 0.1 
-0.0 0.1 
-0.0 0.1 
-0.0 0.1 
-0.04338516856564759 0.07996595017012333 21:1.0 54:1.0 
-0.0 0.1 
-0.0 0.1 
-0.0 0.1 
-0.0 0.1 
-0.0 0.1 66:1.0 
-0.0 0.1 
-0.0 0.1 
-0.0 0.1 
-0.1 0.1 67:1.0 
-0.0 0.1 
-0.0 0.1 
-0.0 0.1 
-0.0 0.1 
-0.0 0.1 
-0.0 0.1 
-0.04220152912609253 0.1 44:1.0 
-0.1 0.1 42:1.0 
-0.0 0.1 
-0.0 0.1 
-0.0 0.1 
-0.0 0.1 
-0.07595055145711042 0.01823154753062472 3:1.0 
-0.043443514278132284 0.04912104640500699 79:1.0 84:1.0 
-0.0 0.1 
-0.0 0.1 
-0.0 0.1 
-0.0 0.1 
-0.0 0.1 
-0.0 0.1 
-0.04306395842747166 0.043371817996241686 18:1.0 79:1.0 
-0.0 0.1 
-0.0 0.1 
-0.1 0.1 19:1.0 
-0.0 0.1 
-0.02720254415039861 0.07774539308967751 11:1.0 
-0.059069330365270185 0.0958300983186192 24:1.0 71:1.0 
-0.0 0.1 
-0.061845014370633125 0.1 45:1.0 
-0.0 0.1 
-0.0 0.1 
-0.0 0.1 
-0.0 0.1 
-0.0 0.1 
-0.1 0.0953493753269662 69:1.0 
-0.0 0.1 
-0.0 0.1 
-0.1 0.1 16:1.0 
-0.026737721495595817 0.1 26:1.0 
-0.0 0.1 
-0.0 0.1 
-0.0 0.1 
-0.0 0.1 
-0.0 0.1 
-0.0 0.1 
-0.0 0.1 
-0.0 0.1 
-0.0 0.1 
-0.0 0.1 
-0.0 0.1 
-0.0 0.1 
-0.0 0.1 
-0.0 0.1 
-0.0 0.1 
-0.0 0.1 
-0.0 0.1 
-0.0 0.1 
-0.0 0.1 
-0.0 0.1 
-0.0 0.1 
-0.0 0.1 
-0.0 0.1 50:1.0 
-0.0 0.1 
-0.0 0.1 
-0.0 0.1 
-0.0 0.1 
-0.0 0.1 
-0.0 0.1 
-0.0 0.1 
-0.0 0.1 
-0.0 0.1 
-0.0 0.1 
-0.0 0.1 
-0.0 0.1 
-0.0 0.1 
-0.1 0.1 
-0.1 0.1 
-0.1 0.1 
-0.1 0.1 
-0.1 0.1 
-0.1 0.1 
-0.1 0.1 
-0.0 0.1 91:1.0 
-0.1 0.1 
-0.1 0.1 
-0.1 0.1 
-0.1 0.1 
-0.02996524367103476 0.08992338801199527 58:1.0 
-0.1 0.1 
-0.1 0.1 
-0.0 0.1 82:1.0 
-0.1 0.1 
-0.1 0.1 
-0.1 0.1 
-0.1 0.1 
-0.1 0.1 37:1.0 77:1.0 
-0.1 0.1 
-0.1 0.1 
-0.1 0.1 
-0.1 0.1 
-0.1 0.1 
-0.1 0.1 
-0.1 0.1 
-0.1 0.1 
-0.1 0.1 
-0.1 0.1 
-0.1 0.1 
-0.1 0.1 
-0.1 0.1 
-0.1 0.1 
-0.0 0.1 53:1.0 
-0.1 0.1 
-0.1 0.1 
-0.1 0.1 
-0.1 0.1 
-0.1 0.1 
-0.1 0.1 
-0.1 0.1 
-0.1 0.1 
-0.1 0.1 
-0.1 0.1 
-0.1 0.1 
-0.1 0.1 
-0.1 0.1 
-0.1 0.1 
-0.1 0.1 
-0.0 0.1 23:1.0 
-0.1 0.1 
-0.1 0.1 
-0.1 0.1 
-0.1 0.1 
-0.1 0.1 
-0.1 0.1 
-0.04161794589348239 0.042786053192165684 19:1.0 81:1.0 
-0.1 0.1 
-0.1 0.1 
-0.1 0.1 
-0.0 0.1 49:1.0 
-0.04305518089854766 0.09532804807074297 52:1.0 
-0.1 0.1 
-0.04321126851306036 0.049226996809815446 49:1.0 54:1.0 
-0.1 0.1 
-0.1 0.1 
-0.1 0.1 
-0.042343119723615874 0.1 66:1.0 
-0.09522446278378002 0.1 67:1.0 
-0.0 0.1 43:1.0 
-0.026441445359880293 0.1 35:1.0 
-0.1 0.1 
-0.1 0.1 
-0.1 0.1 
-0.1 0.1 
-0.1 0.1 
-0.1 0.05858680433266938 74:1.0 
-0.1 0.1 
-0.042580131485528895 0.04120953111840032 36:1.0 
-0.1 0.1 
-0.0 0.1 49:1.0 
-0.1 0.1 
-0.042188394686042185 0.07999361903317734 43:1.0 
-0.1 0.1 
-0.09758079918940232 0.08654797504983422 85:1.0 
-0.1 0.1 
-0.1 0.1 
-0.1 0.1 
-0.1 0.1 
-0.09520096743092046 0.1 59:1.0 
-0.1 0.1 
-0.1 0.1 
-0.1 0.1 
-0.0 0.1 46:1.0 
-0.1 0.1 
-0.1 0.1 
-0.1 0.1 
-0.1 0.1 
-0.1 0.1 
-0.1 0.1 
-0.1 0.1 
-0.1 0.1 
-0.1 0.1 
-0.1 0.1 
-0.1 0.1 
-0.1 0.1 
-0.046256821467948836 0.07994324505143434 53:1.0 
-0.0 0.1 17:1.0 
-0.1 0.1 
-0.1 0.1 
-0.048544548390340864 0.04890416924066297 83:1.0 
-0.1 0.1 
-0.1 0.1 
-0.1 0.1 
-0.030336975876308615 0.027050308883289034 56:1.0 
-0.1 0.1 
-0.09458326326371212 0.1 16:1.0 
-0.1 0.1 
-0.1 0.1 
-0.1 0.1 
-0.1 0.1 
-0.0 0.1 23:1.0 
-0.1 0.1 
-0.1 0.1 
-0.09590728518317866 0.09013866677333322 29:1.0 
-0.1 0.1 
-0.1 0.1 
-0.1 0.1 
-0.1 0.1 
-0.1 0.1 
-0.1 0.1 
-0.1 0.1 
-0.1 0.1 
-0.1 0.1 
-0.1 0.1 
-0.1 0.1 
-0.1 0.1 
-0.056234806586673826 0.05609940138767914 20:1.0 42:1.0 
-0.058948264838495495 0.0 51:1.0 
-0.1 0.1 
-0.0 0.1 7:1.0 
-0.1 0.1 
-0.1 0.1 
-0.1 0.1 
-0.1 0.1 
-0.1 0.1 
-0.1 0.1 
-0.09670491634454248 0.05849081980184584 45:1.0 
-0.1 0.1 
-0.1 0.1 
-0.1 0.1 
-0.1 0.1 
-0.1 0.0 54:1.0 
-0.1 0.1 
-0.1 0.1 
-0.1 0.1 
-0.1 0.1 
-0.1 0.1 
-0.0 0.1 23:1.0 
-0.1 0.1 
-0.1 0.1 
-0.1 0.1 
-0.1 0.1 
-0.1 0.1 
-0.1 0.1 
-0.1 0.1 
-0.026250006747362522 0.028156264235366282 6:1.0 
-0.1 0.1 
-0.1 0.1 
-0.1 0.1 
-0.1 0.1 
-0.1 0.1 
-0.1 0.1 
-0.1 0.1 
-0.1 0.1 
-0.1 0.1 
-0.1 0.1 
-0.1 0.1 
-0.1 0.1 
-0.1 0.1 
-0.1 0.1 
-0.043188572482811445 0.04284373707709985 19:1.0 79:1.0 
-0.1 0.1 
-0.1 0.1 
-0.1 0.1 
-0.1 0.1 
-0.1 0.1 
-0.1 0.1 
-0.1 0.1 
-0.1 0.1 
-0.1 0.1 
-0.1 0.1 
-0.1 0.1 
-0.1 0.1 
-0.058522364032955444 0.0 31:1.0 
-0.042435236281520794 0.08486740208203401 27:1.0 
-0.1 0.1 
-0.1 0.1 
-0.1 0.1 
-0.1 0.1 
-0.1 0.1 
-0.1 0.1 
-0.1 0.1 
-0.1 0.1 
-0.1 0.1 
-0.1 0.1 
-0.1 0.1 
-0.1 0.1 
-0.04170603888650203 0.1 26:1.0 81:1.0 
-0.1 0.1 
-0.1 0.1 
-0.1 0.1 
-0.1 0.1 
-0.1 0.1 
-0.1 0.1 
-0.1 0.1 
-0.1 0.1 
-0.1 0.1 
-0.1 0.1 
-0.1 0.1 
-0.1 0.1 
-0.1 0.1 
-0.1 0.1 
-0.1 0.1 
-0.1 0.1 
-0.1 0.1 
-0.1 0.1 
-0.1 0.1 23:1.0 
-0.1 0.1 
-0.1 0.1 
-0.1 0.1 
-0.1 0.1 
-0.1 0.1 
-0.1 0.1 
-0.1 0.1 
-0.1 0.1 
-0.1 0.1 
-0.1 0.1 
-0.1 0.1 
-0.1 0.1 
-0.1 0.1 
-0.1 0.1 
-0.1 0.1 
-0.1 0.1 
-0.1 0.1 
-0.1 0.057973575156002016 31:1.0 
-0.1 0.1 
-0.1 0.1 
-0.1 0.1 
-0.1 0.1 
-0.09520636958293424 0.05835916256254138 70:1.0 
-0.1 0.1 
-0.1 0.1 
-0.1 0.1 
-0.07107862713983061 0.07098189439503051 83:1.0 88:1.0 98:1.0 
-0.033480028516380496 0.04298108243456819 58:1.0 82:1.0 
-0.1 0.1 
-0.1 0.1 
-0.1 0.1 
-0.1 0.1 
-0.1 0.1 
-0.1 0.1 
-0.0 0.1 72:1.0 
-0.023068467302612927 0.1 14:1.0 
-0.036892688356748124 0.1 24:1.0 
-0.1 0.1 
-0.05501625390172617 0.05364108353857052 32:1.0 
-0.1 0.1 
-0.1 0.1 
-0.1 0.1 
-0.1 0.1 
-0.1 0.1 
-0.1 0.1 
-0.0812028652129323 0.08081323011337939 38:1.0 78:1.0 80:1.0 90:1.0 100:1.0 
-0.042916994587115766 0.07964704078978466 17:1.0 
-0.04263273072317318 0.042359506860299566 21:1.0 
-0.043286670291387636 0.04254806492860871 43:1.0 56:1.0 
-0.043152330853230045 0.08416465546154347 35:1.0 44:1.0 
-0.1 0.1 
-0.1 0.1 
-0.1 0.1 
-0.1 0.1 31:1.0 
-0.1 0.1 
-0.1 0.1 
-0.1 0.08640267340857191 47:1.0 
-0.1 0.1 
-0.043215888340465365 0.08413350779819502 14:1.0 35:1.0 
-0.1 0.1 
-0.1 0.1 
-0.1 0.1 
-0.1 0.1 
-0.04243475579078655 0.1 84:1.0 
-0.1 0.1 
-0.1 0.1 
-0.1 0.1 
-0.1 0.1 
-0.0 0.1 63:1.0 
-0.1 0.1 
-0.1 0.1 
-0.1 0.1 
-0.1 0.1 
-0.1 0.1 
-0.1 0.1 
-0.1 0.1 
-0.1 0.1 
-0.1 0.1 
-0.1 0.1 
-0.1 0.1 
-0.05855745070510741 0.059048440833533104 7:1.0 
-0.1 0.1 
-0.1 0.02398232995991831 54:1.0 
-0.1 0.1 
-0.1 0.1 36:1.0 
-0.1 0.1 
-0.1 0.1 
-0.1 0.1 
-0.1 0.1 
-0.1 0.1 
-0.1 0.1 58:1.0 87:1.0 
-0.1 0.1 
-0.1 0.1 
-0.1 0.1 
-0.1 0.1 
-0.1 0.1 
-0.1 0.1 
-0.1 0.1 
-0.1 0.1 
-0.1 0.1 
-0.1 0.1 
-0.1 0.1 
-0.1 0.1 
-0.1 0.1 
-0.1 0.1 
-0.1 0.1 
-0.1 0.1 
-0.1 0.1 
-0.1 0.1 
-0.1 0.1 
-0.1 0.1 
-0.1 0.1 
-0.1 0.1 
-0.1 0.06420007444590396 19:1.0 
-0.1 0.1 
-0.1 0.1 
-0.1 0.1 
-0.1 0.1 
-0.1 0.1 
-0.1 0.1 
-0.1 0.1 
-0.1 0.1 
-0.1 0.1 23:1.0 
-0.1 0.1 
-0.1 0.1 
-0.1 0.1 
-0.1 0.1 
-0.1 0.1 
-0.1 0.1 
-0.1 0.1 
-0.1 0.1 
-0.1 0.1 
-0.1 0.1 
-0.1 0.1 
-0.1 0.1 
-0.1 0.1 
-0.1 0.1 
-0.1 0.1 
-0.1 0.1 
-0.029974214955284288 0.025098051809381596 15:1.0 
-0.1 0.1 
-0.06792093839393197 0.1 74:1.0 
-0.1 0.1 
-0.0 0.1 82:1.0 
-0.1 0.1 
-0.1 0.1 
-0.1 0.1 
-0.05589331130749476 0.05574798586542779 17:1.0 20:1.0 81:1.0 
-0.1 0.1 
-0.1 0.1 
-0.1 0.1 
-0.1 0.1 
-0.1 0.1 
-0.1 0.1 
-0.1 0.1 
-0.043723880815381325 0.04618281711853842 4:1.0 36:1.0 
-0.1 0.1 
-0.1 0.1 
-0.1 0.1 
-0.1 0.1 
-0.1 0.1 
-0.1 0.1 
-0.1 0.1 
-0.1 0.1 
-0.1 0.1 
-0.1 0.1 
-0.1 0.1 
-0.1 0.1 
-0.1 0.1 
-0.1 0.1 
-0.1 0.1 
-0.1 0.1 
-0.1 0.1 
-0.058403644465718295 0.0584276443310474 63:1.0 
-0.1 0.1 
-0.058487564840135224 0.05849081980184588 91:1.0 
-0.1 0.1 
-0.1 0.1 
-0.1 0.1 
-0.1 0.1 
-0.1 0.1 
-0.021265168288912797 0.022288230806624988 17:1.0 81:1.0 
-0.1 0.1 
-0.1 0.1 
-0.042727927254029074 0.058383747596832895 60:1.0 
-0.1 0.1 
-0.1 0.1 
-0.1 0.1 
-0.1 0.1 
-0.1 0.1 
-0.1 0.1 
-0.1 0.1 
-0.1 0.1 
-0.1 0.04212912049384731 65:1.0 
-0.1 0.1 
-0.1 0.1 
-0.1 0.1 
-0.1 0.1 
-0.1 0.1 
-0.1 0.1 
-0.1 0.1 
-0.07939102433974074 0.1 49:1.0 
-0.1 0.1 
-0.1 0.1 
-0.01071913287661005 0.008217120904588832 79:1.0 
-0.1 0.1 
-0.1 0.1 
-0.1 0.1 
-0.1 0.1 
-0.1 0.1 
-0.1 0.1 
-0.1 0.1 
-0.1 0.1 
-0.1 0.1 
-0.1 0.1 
-0.1 0.1 
-0.1 0.1 
-0.1 0.1 
-0.05841561722966197 0.1 9:1.0 
-0.058851697058737905 0.1 72:1.0 
-0.1 0.1 
-0.1 0.1 
-0.1 0.1 
-0.0 0.1 82:1.0 
-0.1 0.1 
-0.07631896146719189 0.0767629976472821 8:1.0 28:1.0 32:1.0 38:1.0 78:1.0 80:1.0 90:1.0 93:1.0 94:1.0 96:1.0 100:1.0 101:1.0 104:1.0 106:1.0 108:1.0 110:1.0 
-0.1 0.1 
-0.1 0.1 
-0.1 0.1 
-0.1 0.1 
-0.1 0.1 
-0.1 0.1 
-0.1 0.1 
-0.1 0.1 
-0.1 0.1 
-0.1 0.1 
-0.1 0.1 
-0.1 0.1 
-0.1 0.1 
-0.1 0.1 
-0.1 0.1 
-0.1 0.1 
-0.09731838063712941 0.1 76:1.0 
-0.1 0.1 65:1.0 
-0.1 0.1 
-0.1 0.1 
-0.05860578672249468 0.05887881820493501 46:1.0 
-0.1 0.1 
-0.07643375295380961 0.1 40:1.0 61:1.0 102:1.0 
-0.1 0.1 
-0.1 0.1 
-0.1 0.1 
-0.1 0.1 
-0.1 0.1 
-0.1 0.1 
-0.1 0.1 
-0.1 0.1 
-0.1 0.1 
-0.1 0.1 
-0.1 0.1 
-0.1 0.1 
-0.1 0.1 
-0.058557450705107435 0.09689786871763494 50:1.0 
-0.1 0.1 
-0.1 0.1 
-0.1 0.1 
-0.1 0.1 
-0.1 0.1 
-0.1 0.1 
-0.1 0.1 
-0.1 0.05861354035269827 51:1.0 
-0.09545222649219849 0.0585614300534595 23:1.0 
-0.1 0.1 
-0.1 0.1 
-0.1 0.1 
-0.1 0.1 
-0.1 0.1 
-0.1 0.1 
-0.1 0.1 
-0.1 0.1 
-0.1 0.1 
-0.06382525070831982 0.1 62:1.0 76:1.0 
-0.0 0.1 
-0.04319433330494723 0.09549563489588031 3:1.0 41:1.0 
-0.0 0.1 
-0.0 0.1 
-0.0 0.1 
-0.0 0.0746794515528925 81:1.0 
-0.05929562157357665 0.05849437659149576 8:1.0 28:1.0 32:1.0 38:1.0 57:1.0 78:1.0 80:1.0 93:1.0 94:1.0 96:1.0 100:1.0 101:1.0 103:1.0 104:1.0 105:1.0 106:1.0 108:1.0 110:1.0 
-0.08721705609453675 0.043285936608167506 65:1.0 82:1.0 
-0.0 0.1 
-0.0 0.1 
-0.0 0.1 
-0.0 0.1 
-0.0 0.1 
-0.0 0.050807138958125095 
-0.0 -0.1 
-0.0 -0.1 
-0.0 -0.1 
-0.0 -0.1 
-0.1 -0.1 25:1.0 
-0.0 -0.1 
-0.0 -0.1 
-0.0 -0.1 24:1.0 
-0.0 -0.1 
-0.0 -0.1 
-0.0 -0.1 
-0.0 -0.1 
-0.0 -0.1 
-0.0 -0.1 
-0.0 -0.1 
-0.0 -0.1 
-0.1 -0.1 77:1.0 
-0.0 -0.1 
-0.0 -0.1 
-0.0 -0.1 
-0.0 -0.1 
-0.0 -0.1 
-0.0 -0.1 
-0.0 -0.1 73:1.0 
-0.1 -0.1 30:1.0 
-0.0 -0.1 
-0.006370438370146167 -0.1 66:1.0 
-0.0 -0.1 
-0.0 -0.1 
-0.0 -0.1 
-0.0 -0.1 
-0.0 -0.1 
-0.0 -0.1 
-0.0 -0.1 
-0.0 -0.1 
-0.1 -0.1 10:1.0 
-0.0 -0.1 
-0.0 -0.1 
-0.0 -0.1 
-0.0 -0.1 
-0.0 -0.1 
-0.1 -0.1 91:1.0 
-0.1 -0.1 17:1.0 19:1.0 
-0.0 -0.1 
-0.0 -0.1 1:1.0 
-0.0 -0.1 
-0.0 -0.1 
-0.0 -0.1 
-0.0 -0.1 
-0.0 -0.1 9:1.0 
-0.0 -0.1 
-0.1 -0.1 45:1.0 
-0.0 -0.1 
-0.0 -0.1 
-0.0 -0.1 
-0.0 -0.1 
-0.1 -0.1 64:1.0 69:1.0 
-0.0 -0.1 
-0.0 -0.1 
-0.0 -0.1 
-0.0 -0.1 
-0.0 -0.1 26:1.0 
-0.0 -0.1 
-0.0 -0.1 
-0.0 -0.1 
-0.0 -0.1 
-0.0 -0.1 
-0.0 -0.1 73:1.0 
-0.0 -0.1 
-0.0 -0.1 
-0.0 -0.1 
-0.0 -0.1 
-0.1 -0.1 10:1.0 
-0.0 -0.1 
-0.0 -0.1 
-0.0 -0.1 
-0.0 -0.1 
-0.0 -0.1 
-0.0 -0.1 
-0.0 -0.1 
-0.0 -0.1 
-0.1 -0.1 46:1.0 
-0.0 -0.1 
-0.04322618262583076 -0.1 62:1.0 
-0.0 -0.1 
-0.0 -0.1 
-0.0 -0.1 
-0.0 -0.1 
-0.04405174435466466 -0.1 58:1.0 
-0.0 -0.1 
-0.0 -0.1 
-0.0 -0.1 
-0.0 -0.1 
-0.0 -0.1 49:1.0 
-0.0 -0.1 
-0.1 -0.1 12:1.0 
-0.0 -0.1 
-0.0 -0.1 
-0.0 -0.1 
-0.0 -0.1 
-0.0 -0.1 
-0.0 -0.1 
-0.09420380507502163 -0.1 11:1.0 27:1.0 33:1.0 
-0.0 -0.1 
-0.0 -0.1 
-0.0 -0.1 
-0.0 -0.1 
-0.1 -0.1 4:1.0 
-0.0 -0.1 
-0.0 -0.1 
-0.0 -0.1 
-0.0 -0.1 
-0.0 -0.1 
-0.0 -0.1 
-0.1 -0.1 11:1.0 21:1.0 54:1.0 
-0.0 -0.1 
-0.0 -0.1 
-0.0 -0.1 
-0.0 -0.1 
-0.0 -0.1 37:1.0 
-0.0 -0.1 76:1.0 
-0.09904873192310747 -0.1 58:1.0 
-0.0 -0.1 73:1.0 
-0.0 -0.1 
-0.0 -0.1 
-0.1 -0.1 16:1.0 
-0.0 -0.1 
-0.0 -0.1 
-0.0 -0.1 
-0.0 -0.1 
-0.0 -0.1 
-0.0 -0.1 
-0.1 -0.1 41:1.0 
-0.0 -0.1 
-0.0 -0.1 
-0.0 -0.1 
-0.0 -0.1 
-0.0 -0.1 
-0.07788104560095674 -0.1 49:1.0 
-0.0 -0.1 
-0.0 -0.1 
-0.0 -0.1 
-0.1 -0.1 
-0.1 -0.1 43:1.0 64:1.0 
-0.1 -0.1 
-0.1 -0.1 
-0.1 -0.1 65:1.0 
-0.1 -0.1 
-0.1 -0.1 
-0.06949990239486833 -0.1 43:1.0 
-0.1 -0.1 
-0.0 -0.1 40:1.0 61:1.0 102:1.0 
-0.0 -0.1 76:1.0 
-0.1 -0.1 
-0.1 -0.1 
-0.1 -0.1 
-0.1 -0.1 
-0.006324114292042152 -0.1 72:1.0 
-0.1 -0.1 
-0.1 -0.1 
-0.1 -0.1 
-0.1 -0.1 
-0.1 -0.1 
-0.1 -0.1 
-0.1 -0.1 
-0.007091459576855481 -0.1 50:1.0 
-0.1 -0.1 
-0.1 -0.1 
-0.1 -0.1 
-0.1 -0.1 
-0.1 -0.1 
-0.06762195993740658 -0.1 33:1.0 
-0.1 -0.1 
-0.1 -0.1 
-0.1 -0.1 34:1.0 74:1.0 95:1.0 
-0.1 -0.1 
-0.0 -0.1 23:1.0 
-0.1 -0.1 
-0.1 -0.1 
-0.1 -0.1 
-0.1 -0.1 
-0.1 -0.1 44:1.0 
-0.1 -0.1 
-0.1 -0.1 62:1.0 
-0.1 -0.1 55:1.0 
-0.1 -0.1 
-0.1 -0.1 
-0.1 -0.1 
-0.04354768129651313 -0.1 23:1.0 
-0.1 -0.1 
-0.1 -0.1 
-0.1 -0.1 
-0.1 -0.1 
-0.1 -0.1 
-0.005746934350964983 -0.1 26:1.0 
-0.1 -0.1 
-0.1 -0.1 
-0.1 -0.1 
-0.1 -0.1 
-0.1 -0.1 
-0.1 -0.1 
-0.1 -0.1 
-0.1 -0.1 83:1.0 88:1.0 98:1.0 
-0.1 -0.1 49:1.0 55:1.0 
-0.008419590441146978 -0.1 24:1.0 
-0.1 -0.1 
-0.1 -0.1 
-0.1 -0.1 81:1.0 
-0.1 -0.1 
-0.0 -0.1 67:1.0 
-0.1 -0.1 
-0.1 -0.1 
-0.0 -0.1 37:1.0 
-0.1 -0.1 
-0.1 -0.1 
-0.1 -0.1 
-0.1 -0.1 
-0.1 -0.1 22:1.0 
-0.1 -0.1 
-0.07827579190248053 -0.1 82:1.0 84:1.0 
-0.1 -0.1 
-0.1 -0.1 
-0.1 -0.1 
-0.1 -0.1 
-0.1 -0.1 
-0.1 -0.1 
-0.1 -0.1 
-0.1 -0.1 
-0.1 -0.1 
-0.1 -0.1 
-0.1 -0.1 
-0.1 -0.1 
-0.1 -0.1 
-0.1 -0.1 
-0.1 -0.1 
-0.1 -0.1 
-0.1 -0.1 
-0.1 -0.1 85:1.0 
-0.1 -0.1 
-0.1 -0.1 
-0.1 -0.1 
-0.1 -0.1 
-0.09919638809151964 -0.1 50:1.0 
-0.06956376190551941 -0.1 53:1.0 
-0.1 -0.1 
-0.1 -0.1 
-0.1 -0.1 
-0.1 -0.1 
-0.1 -0.1 
-0.1 -0.1 
-0.1 -0.1 
-0.1 -0.1 
-0.1 -0.1 
-0.0782331219535134 -0.1 49:1.0 84:1.0 
-0.1 -0.1 
-0.1 -0.1 
-0.1 -0.1 
-0.1 -0.1 
-0.1 -0.1 
-0.1 -0.1 11:1.0 77:1.0 
-0.0 -0.1 73:1.0 
-0.04255496969241957 -0.1 67:1.0 
-0.1 -0.1 
-0.0774275749420604 -0.1 76:1.0 
-0.1 -0.1 
-0.1 -0.1 
-0.1 -0.1 
-0.1 -0.1 
-0.1 -0.1 
-0.1 -0.1 
-0.1 -0.1 
-0.1 -0.1 
-0.0 -0.1 1:1.0 
-0.1 -0.1 
-0.1 -0.1 
-0.1 -0.1 
-0.1 -0.1 
-0.1 -0.1 
-0.1 -0.1 
-0.1 -0.1 
-0.1 -0.1 
-0.1 -0.1 
-0.1 -0.1 
-0.1 -0.1 
-0.1 -0.1 
-0.1 -0.1 
-0.1 -0.1 
-0.1 -0.1 
-0.1 -0.1 
-0.1 -0.1 
-0.1 -0.1 
-0.1 -0.1 
-0.0 -0.1 82:1.0 
-0.1 -0.1 
-0.1 -0.1 
-0.1 -0.1 
-0.1 -0.1 
-0.1 -0.1 
-0.1 -0.1 
-0.1 -0.1 18:1.0 
-0.1 -0.1 
-0.1 -0.1 
-0.1 -0.1 
-0.0 -0.1 82:1.0 
-0.1 -0.1 
-0.1 -0.1 
-0.1 -0.1 
-0.1 -0.1 
-0.1 -0.1 
-0.1 -0.1 
-0.1 -0.1 
-0.1 -0.1 
-0.1 -0.1 
-0.1 -0.1 
-0.0 -0.1 73:1.0 
-0.1 -0.1 87:1.0 
-0.1 -0.1 36:1.0 
-0.09775444254524386 -0.1 24:1.0 
-0.1 -0.1 
-0.1 -0.1 67:1.0 
-0.1 -0.1 27:1.0 40:1.0 61:1.0 102:1.0 
-0.1 -0.1 
-0.1 -0.1 
-0.1 -0.1 
-0.1 -0.1 
-0.1 -0.1 
-0.1 -0.1 
-0.1 -0.1 
-0.1 -0.1 26:1.0 
-0.1 -0.1 
-0.1 -0.1 
-0.1 -0.1 
-0.1 -0.1 
-0.1 -0.1 
-0.1 -0.1 
-0.1 -0.1 
-0.1 -0.1 
-0.0036770372521894674 -0.1 1:1.0 
-0.1 -0.1 
-0.07815231031942732 -0.1 1:1.0 76:1.0 
-0.1 -0.1 
-0.1 -0.1 
-0.1 -0.1 
-0.1 -0.1 
-0.1 -0.1 
-0.1 -0.1 
-0.1 -0.1 
-0.1 -0.1 
-0.1 -0.1 
-0.1 -0.1 
-0.1 -0.1 
-0.1 -0.1 
-0.0064758941373717505 -0.1 35:1.0 
-0.1 -0.1 
-0.1 -0.1 
-0.05255437616836066 -0.1 34:1.0 74:1.0 95:1.0 
-0.1 -0.1 
-0.1 -0.1 
-0.1 -0.1 
-0.1 -0.1 
-0.1 -0.1 64:1.0 
-0.03910319812312344 -0.1 83:1.0 88:1.0 98:1.0 
-0.1 -0.1 
-0.1 -0.1 
-0.1 -0.1 
-0.1 -0.1 
-0.1 -0.1 
-0.1 -0.1 
-0.1 -0.1 
-0.1 -0.1 23:1.0 
-0.1 -0.1 2:1.0 75:1.0 87:1.0 
-0.1 -0.1 
-0.1 -0.1 
-0.1 -0.1 
-0.1 -0.1 
-0.06983400306704625 -0.1 27:1.0 33:1.0 
-0.1 -0.1 
-0.1 -0.1 53:1.0 87:1.0 
-0.1 -0.1 41:1.0 
-0.1 -0.1 
-0.1 -0.1 76:1.0 
-0.1 -0.1 
-0.1 -0.1 
-0.1 -0.1 
-0.1 -0.1 
-0.1 -0.1 
-0.1 -0.1 
-0.1 -0.1 
-0.1 -0.1 
-0.1 -0.1 
-0.1 -0.1 74:1.0 
-0.1 -0.1 63:1.0 
-0.1 -0.1 
-0.1 -0.1 
-0.1 -0.1 
-0.1 -0.1 
-0.1 -0.1 
-0.1 -0.1 
-0.1 -0.1 
-0.1 -0.1 
-0.1 -0.1 
-0.1 -0.1 
-0.1 -0.1 
-0.1 -0.1 6:1.0 47:1.0 
-0.1 -0.1 
-0.1 -0.1 
-0.0 -0.1 73:1.0 
-0.1 -0.1 1:1.0 13:1.0 
-0.1 -0.1 
-0.00915995304320927 -0.1 7:1.0 
-0.1 -0.1 52:1.0 60:1.0 
-0.1 -0.1 
-0.1 -0.1 
-0.1 -0.1 
-0.1 -0.1 
-0.1 -0.1 
-0.1 -0.1 
-0.1 -0.1 
-0.0 -0.1 59:1.0 
-0.1 -0.1 
-0.1 -0.1 
-0.1 -0.1 
-0.1 -0.1 
-0.1 -0.1 
-0.1 -0.1 
-0.07987112961729002 -0.1 9:1.0 14:1.0 
-0.1 -0.1 
-0.05202527099530397 -0.1 59:1.0 
-0.1 -0.1 
-0.1 -0.1 
-0.1 -0.1 
-0.1 -0.1 
-0.1 -0.1 
-0.1 -0.1 
-0.1 -0.1 
-0.1 -0.1 16:1.0 
-0.1 -0.1 
-0.1 -0.1 
-0.1 -0.1 
-0.1 -0.1 
-0.1 -0.1 
-0.1 -0.1 23:1.0 
-0.1 -0.1 
-0.1 -0.1 
-0.1 -0.1 
-0.1 -0.1 
-0.1 -0.1 
-0.1 -0.1 
-0.1 -0.1 39:1.0 
-0.1 -0.1 
-0.1 -0.1 
-0.1 -0.1 
-0.1 -0.1 
-0.1 -0.1 
-0.1 -0.1 
-0.1 -0.1 
-0.1 -0.1 
-0.1 -0.1 
-0.1 -0.1 
-0.1 -0.1 
-0.007618662860898616 -0.1 37:1.0 
-0.1 -0.1 
-0.1 -0.1 
-0.1 -0.1 
-0.1 -0.1 
-0.1 -0.1 19:1.0 
-0.1 -0.1 
-0.04861314108947495 -0.1 84:1.0 
-0.1 -0.1 
-0.1 -0.1 40:1.0 61:1.0 102:1.0 
-0.1 -0.1 
-0.1 -0.1 
-0.1 -0.1 
-0.0022789613393820497 -0.1 40:1.0 61:1.0 102:1.0 
-0.1 -0.1 
-0.1 -0.1 23:1.0 
-0.1 -0.1 
-0.1 -0.1 
-0.1 -0.1 
-0.1 -0.1 
-0.1 -0.1 
-0.1 -0.1 
-0.1 -0.1 
-0.1 -0.1 
-0.1 -0.1 
-0.1 -0.1 
-0.1 -0.1 
-0.1 -0.1 
-0.1 -0.1 
-0.1 -0.1 
-0.1 -0.1 
-0.1 -0.1 
-0.1 -0.1 
-0.1 -0.1 
-0.1 -0.1 66:1.0 
-0.1 -0.1 
-0.1 -0.1 
-0.0 -0.1 9:1.0 
-0.1 -0.1 
-0.1 -0.1 
-0.1 -0.1 
-0.09881957449142534 -0.1 37:1.0 
-0.1 -0.1 
-0.1 -0.1 42:1.0 
-0.1 -0.1 
-0.0911331126483489 -0.1 59:1.0 
-0.1 -0.1 
-0.1 -0.1 
-0.1 -0.1 
-0.04363884571636256 -0.1 11:1.0 
-0.1 -0.1 22:1.0 
-0.1 -0.1 
-0.1 -0.1 
-0.1 -0.1 
-0.1 -0.1 
-0.0 -0.1 73:1.0 
-0.1 -0.1 
-0.07773625258245234 -0.1 82:1.0 
-0.007047771046762973 -0.1 73:1.0 
-0.1 -0.1 34:1.0 48:1.0 68:1.0 74:1.0 89:1.0 92:1.0 95:1.0 97:1.0 99:1.0 107:1.0 109:1.0 
-0.1 -0.1 
-0.09498208138866676 -0.1 14:1.0 52:1.0 
-0.1 -0.1 
-0.1 -0.1 
-0.1 -0.1 
-0.1 -0.1 
-0.1 -0.1 
-0.1 -0.1 29:1.0 
-0.1 -0.1 
-0.1 -0.1 
-0.1 -0.1 
-0.1 -0.1 
-0.1 -0.1 
-0.1 -0.1 
-0.1 -0.1 
-0.1 -0.1 
-0.1 -0.1 
-0.1 -0.1 
-0.1 -0.1 
-0.1 -0.1 
-0.1 -0.1 
-0.1 -0.1 
-0.1 -0.1 
-0.1 -0.1 
-0.1 -0.1 
-0.1 -0.1 45:1.0 
-0.1 -0.1 
-0.1 -0.1 
-0.1 -0.1 
-0.1 -0.1 
-0.1 -0.1 
-0.1 -0.1 
-0.1 -0.1 
-0.1 -0.1 35:1.0 
-0.1 -0.1 
-0.1 -0.1 
-0.1 -0.1 
-0.1 -0.1 
-0.1 -0.1 
-0.1 -0.1 
-0.07693216670502051 -0.1 9:1.0 
-0.1 -0.1 
-0.1 -0.1 
-0.1 -0.1 
-0.1 -0.1 
-0.1 -0.1 
-0.1 -0.1 
-0.1 -0.1 90:1.0 
-0.1 -0.1 
-0.1 -0.1 
-0.09930393613226308 -0.1 73:1.0 
-0.1 -0.1 
-0.1 -0.1 
-0.1 -0.1 
-0.1 -0.1 
-0.1 -0.1 
-0.1 -0.1 
-0.1 -0.1 67:1.0 
-0.1 -0.1 
-0.1 -0.1 
-0.1 -0.1 
-0.1 -0.1 
-0.1 -0.1 
-0.1 -0.1 
-0.1 -0.1 
-0.1 -0.1 
-0.1 -0.1 
-0.1 -0.1 72:1.0 
-0.1 -0.1 
-0.1 -0.1 31:1.0 
-0.1 -0.1 
-0.1 -0.1 14:1.0 85:1.0 
-0.1 -0.1 
-0.1 -0.1 
-0.1 -0.1 
-0.1 -0.1 
-0.1 -0.1 
-0.1 -0.1 
-0.1 -0.1 19:1.0 
-0.1 -0.1 
-0.1 -0.1 
-0.1 -0.1 
-0.1 -0.1 30:1.0 
-0.1 -0.1 
-0.1 -0.1 1:1.0 13:1.0 
-0.1 -0.1 
-0.1 -0.1 
-0.1 -0.1 
-0.1 -0.1 19:1.0 
-0.1 -0.1 
-0.1 -0.1 
-0.1 -0.1 
-0.1 -0.1 
-0.1 -0.1 
-0.1 -0.1 
-0.1 -0.1 
-0.1 -0.1 
-0.1 -0.1 
-0.07007507833163226 -0.1 6:1.0 
-0.1 -0.1 
-0.1 -0.1 
-0.1 -0.1 
-0.1 -0.1 
-0.1 -0.1 
-0.1 -0.1 
-0.1 -0.1 
-0.1 -0.1 
-0.1 -0.1 
-0.09715516111475161 -0.1 7:1.0 
-0.1 -0.1 
-0.1 -0.1 
-0.1 -0.1 
-0.1 -0.1 
-0.1 -0.1 
-0.1 -0.1 
-0.1 -0.1 
-0.1 -0.1 
-0.1 -0.1 
-0.1 -0.1 
-0.1 -0.1 
-0.1 -0.1 
-0.1 -0.1 
-0.1 -0.1 
-0.1 -0.1 
-0.1 -0.1 20:1.0 
-0.1 -0.1 
-0.1 -0.1 
-0.1 -0.1 
-0.1 -0.1 
-0.1 -0.1 
-0.069687948863865 -0.1 17:1.0 
-0.1 -0.1 
-0.1 -0.1 
-0.1 -0.1 
-0.1 -0.1 
-0.1 -0.1 
-0.1 -0.1 
-0.1 -0.1 
-0.1 -0.1 
-0.1 -0.1 
-0.1 -0.1 
-0.1 -0.1 
-0.1 -0.1 
-0.1 -0.1 
-0.1 -0.1 
-0.1 -0.1 
-0.1 -0.1 
-0.1 -0.1 
-0.1 -0.1 
-0.06554961206861748 -0.1 
-0.0 -0.1 
-0.0 -0.1 
-0.0 -0.1 
-0.0 -0.1 
-0.04253487962447167 -0.1 41:1.0 
-0.0 -0.1 
-0.0 -0.1 
-0.0 -0.1 
-0.0 -0.1 
-0.0 -0.1 
-0.0 -0.1 
-0.0 -0.1 
