svm_type c_svc
kernel_type rbf
gamma 0.001
nr_class 3
total_sv 1943
rho -3.9548195379188162 -3.952645982668919 3.452860559505677
label 2 0 1
nr_sv 514 747 682
SV
100.0 100.0 
100.0 100.0 
100.0 100.0 
100.0 100.0 
100.0 100.0 2:1.0 41:1.0 
100.0 100.0 
100.0 100.0 
100.0 100.0 
100.0 100.0 
100.0 100.0 
100.0 100.0 
100.0 100.0 
100.0 100.0 
100.0 100.0 
100.0 100.0 42:1.0 64:1.0 69:1.0 
100.0 100.0 
100.0 100.0 
100.0 100.0 
100.0 100.0 
100.0 100.0 
100.0 100.0 
100.0 100.0 31:1.0 
100.0 100.0 
100.0 100.0 
100.0 100.0 
100.0 100.0 
100.0 100.0 
100.0 100.0 
100.0 100.0 
100.0 100.0 
100.0 100.0 
100.0 100.0 
100.0 100.0 
100.0 100.0 
100.0 100.0 
100.0 100.0 
100.0 100.0 
100.0 100.0 
100.0 100.0 
100.0 100.0 25:1.0 
100.0 100.0 
69.75518020766718 0.0 68:1.0 74:1.0 86:1.0 89:1.0 97:1.0 99:1.0 109:1.0 
100.0 100.0 
100.0 100.0 
100.0 100.0 
100.0 100.0 
100.0 100.0 
100.0 100.0 
100.0 100.0 
100.0 100.0 
100.0 100.0 
100.0 100.0 2:1.0 
100.0 100.0 
100.0 100.0 
100.0 100.0 
100.0 100.0 51:1.0 
100.0 100.0 
100.0 100.0 
100.0 100.0 
100.0 100.0 29:1.0 
100.0 100.0 
100.0 100.0 
100.0 100.0 
100.0 100.0 
100.0 100.0 13:1.0 
100.0 100.0 16:1.0 
100.0 100.0 41:1.0 
100.0 100.0 
100.0 100.0 
100.0 100.0 12:1.0 86:1.0 
100.0 100.0 
100.0 100.0 
100.0 100.0 
100.0 100.0 12:1.0 
100.0 100.0 
100.0 100.0 10:1.0 
100.0 100.0 
100.0 100.0 
100.0 100.0 
100.0 100.0 
100.0 100.0 
100.0 100.0 
100.0 100.0 
100.0 100.0 
100.0 100.0 
100.0 100.0 
100.0 100.0 
100.0 100.0 
48.68364747772691 100.0 13:1.0 64:1.0 
100.0 100.0 75:1.0 
5.4221073130347 36.68846461300537 34:1.0 48:1.0 68:1.0 74:1.0 89:1.0 92:1.0 95:1.0 97:1.0 99:1.0 107:1.0 109:1.0 
100.0 100.0 
100.0 100.0 75:1.0 
100.0 100.0 
100.0 100.0 
100.0 100.0 47:1.0 
100.0 100.0 
100.0 100.0 
100.0 100.0 
100.0 100.0 
100.0 100.0 
100.0 100.0 13:1.0 
100.0 100.0 
100.0 100.0 
100.0 100.0 
100.0 100.0 29:1.0 
100.0 100.0 
100.0 100.0 
100.0 100.0 
100.0 100.0 
100.0 100.0 
100.0 100.0 
100.0 100.0 
100.0 100.0 54:1.0 
100.0 100.0 89:1.0 
100.0 100.0 
100.0 100.0 
100.0 100.0 
100.0 100.0 
100.0 100.0 86:1.0 
100.0 100.0 
100.0 100.0 
100.0 100.0 
100.0 100.0 
100.0 100.0 
100.0 100.0 
100.0 100.0 
100.0 100.0 
100.0 100.0 
100.0 100.0 
100.0 100.0 
100.0 100.0 
100.0 100.0 
100.0 100.0 
100.0 100.0 
100.0 100.0 
100.0 100.0 
100.0 100.0 
100.0 100.0 
100.0 100.0 
100.0 100.0 
100.0 100.0 36:1.0 
100.0 100.0 
100.0 100.0 
100.0 100.0 
100.0 100.0 
100.0 100.0 
100.0 100.0 
100.0 100.0 
100.0 100.0 
100.0 100.0 
100.0 100.0 
100.0 100.0 64:1.0 
100.0 100.0 
100.0 100.0 
100.0 100.0 
100.0 100.0 
100.0 100.0 
100.0 100.0 23:1.0 
100.0 100.0 85:1.0 
100.0 100.0 87:1.0 
100.0 100.0 
100.0 100.0 12:1.0 
100.0 100.0 
100.0 100.0 
100.0 100.0 22:1.0 
100.0 100.0 71:1.0 
100.0 100.0 87:1.0 
100.0 100.0 23:1.0 49:1.0 
100.0 100.0 
100.0 100.0 
100.0 100.0 76:1.0 
100.0 100.0 
100.0 100.0 
100.0 100.0 31:1.0 
100.0 100.0 
100.0 100.0 
100.0 100.0 
100.0 100.0 
100.0 100.0 39:1.0 
100.0 100.0 
100.0 100.0 
100.0 100.0 
100.0 100.0 
100.0 100.0 19:1.0 68:1.0 74:1.0 99:1.0 
100.0 100.0 
100.0 100.0 
100.0 100.0 
100.0 100.0 
100.0 100.0 
100.0 100.0 
100.0 100.0 
100.0 100.0 
100.0 100.0 
100.0 100.0 55:1.0 
100.0 100.0 
100.0 100.0 
100.0 100.0 
100.0 100.0 
100.0 100.0 19:1.0 
100.0 100.0 
100.0 100.0 
100.0 100.0 
100.0 100.0 
100.0 100.0 
100.0 100.0 
100.0 100.0 
100.0 100.0 
100.0 100.0 64:1.0 
100.0 100.0 69:1.0 
100.0 100.0 
100.0 100.0 74:1.0 
100.0 100.0 
100.0 100.0 13:1.0 
100.0 100.0 
100.0 100.0 
100.0 100.0 20:1.0 
100.0 100.0 
100.0 100.0 19:1.0 
100.0 100.0 
100.0 100.0 
100.0 100.0 2:1.0 
100.0 100.0 
100.0 100.0 65:1.0 
100.0 100.0 
100.0 100.0 
100.0 100.0 
100.0 100.0 77:1.0 
100.0 100.0 
100.0 100.0 
100.0 100.0 90:1.0 
100.0 100.0 
100.0 100.0 
100.0 100.0 55:1.0 
100.0 100.0 16:1.0 
100.0 100.0 
100.0 100.0 47:1.0 48:1.0 89:1.0 92:1.0 
100.0 100.0 
100.0 100.0 
100.0 100.0 25:1.0 89:1.0 
100.0 100.0 67:1.0 77:1.0 
100.0 100.0 
100.0 100.0 
100.0 100.0 
100.0 100.0 74:1.0 
100.0 100.0 
100.0 100.0 67:1.0 
100.0 100.0 65:1.0 
100.0 100.0 
100.0 100.0 
100.0 100.0 
100.0 100.0 
100.0 100.0 
100.0 100.0 23:1.0 
100.0 100.0 
100.0 100.0 
100.0 100.0 
100.0 100.0 
100.0 100.0 
100.0 100.0 
100.0 100.0 
100.0 100.0 47:1.0 
100.0 100.0 
100.0 100.0 
100.0 100.0 
100.0 100.0 
100.0 100.0 
100.0 100.0 
100.0 100.0 
100.0 100.0 54:1.0 
100.0 100.0 30:1.0 
100.0 100.0 
100.0 100.0 
100.0 100.0 30:1.0 
100.0 100.0 30:1.0 
100.0 100.0 
100.0 100.0 
100.0 100.0 
100.0 100.0 
100.0 100.0 
100.0 100.0 
100.0 100.0 
100.0 100.0 65:1.0 
100.0 100.0 
100.0 100.0 
100.0 100.0 
100.0 100.0 
100.0 100.0 
100.0 100.0 
100.0 100.0 
100.0 100.0 
100.0 100.0 
100.0 100.0 
100.0 100.0 
100.0 100.0 
100.0 100.0 65:1.0 
100.0 100.0 
100.0 100.0 
100.0 100.0 64:1.0 
100.0 100.0 
100.0 100.0 
100.0 100.0 
100.0 100.0 
100.0 100.0 
100.0 100.0 29:1.0 69:1.0 
100.0 100.0 
100.0 100.0 
100.0 100.0 
100.0 100.0 
100.0 100.0 
100.0 100.0 
100.0 100.0 
100.0 100.0 
100.0 100.0 
100.0 100.0 
100.0 100.0 
100.0 100.0 2:1.0 
100.0 100.0 
100.0 100.0 
100.0 100.0 
100.0 100.0 
100.0 100.0 
100.0 100.0 
100.0 100.0 
100.0 100.0 
100.0 100.0 
100.0 100.0 
100.0 100.0 
100.0 100.0 
100.0 100.0 
100.0 100.0 
100.0 100.0 71:1.0 
100.0 100.0 
100.0 100.0 
100.0 100.0 
100.0 100.0 
100.0 100.0 
100.0 100.0 
100.0 100.0 64:1.0 
100.0 100.0 
100.0 100.0 
100.0 100.0 
100.0 100.0 
100.0 100.0 
100.0 100.0 
100.0 100.0 
100.0 100.0 
100.0 100.0 
100.0 100.0 
100.0 100.0 
100.0 100.0 
100.0 100.0 
100.0 100.0 
100.0 100.0 
100.0 100.0 
100.0 100.0 
100.0 100.0 
100.0 100.0 
100.0 100.0 
100.0 100.0 
100.0 100.0 
100.0 100.0 
100.0 100.0 
100.0 100.0 
100.0 100.0 
100.0 100.0 
100.0 100.0 
100.0 100.0 39:1.0 
100.0 100.0 
100.0 100.0 
100.0 100.0 
100.0 100.0 
100.0 100.0 
100.0 100.0 
100.0 100.0 
100.0 100.0 
100.0 100.0 3:1.0 22:1.0 
100.0 100.0 
100.0 100.0 
100.0 100.0 
100.0 100.0 
100.0 100.0 
100.0 100.0 
100.0 100.0 
100.0 100.0 
100.0 100.0 
100.0 100.0 
100.0 100.0 
100.0 100.0 
100.0 100.0 
100.0 100.0 
100.0 100.0 
100.0 100.0 
100.0 100.0 3:1.0 
100.0 100.0 
100.0 100.0 
100.0 100.0 
100.0 100.0 
100.0 100.0 
100.0 100.0 
100.0 100.0 45:1.0 
100.0 100.0 
100.0 100.0 22:1.0 
100.0 100.0 
100.0 100.0 
100.0 100.0 
100.0 100.0 
100.0 100.0 
100.0 100.0 
100.0 100.0 
100.0 100.0 
100.0 100.0 
100.0 100.0 
100.0 100.0 
100.0 100.0 
100.0 100.0 
100.0 100.0 
100.0 100.0 
100.0 100.0 
100.0 100.0 
100.0 100.0 25:1.0 87:1.0 
100.0 100.0 
100.0 100.0 
100.0 100.0 
100.0 100.0 
100.0 100.0 
100.0 100.0 58:1.0 70:1.0 
100.0 100.0 
100.0 100.0 
100.0 100.0 
100.0 100.0 
100.0 100.0 
100.0 100.0 59:1.0 62:1.0 
100.0 100.0 22:1.0 
100.0 100.0 
100.0 100.0 
100.0 100.0 
100.0 100.0 
100.0 100.0 
100.0 100.0 
100.0 100.0 
100.0 100.0 
100.0 100.0 
100.0 100.0 
100.0 100.0 
100.0 100.0 
100.0 100.0 
100.0 100.0 
100.0 100.0 
100.0 100.0 
100.0 100.0 
100.0 100.0 
100.0 100.0 
100.0 100.0 85:1.0 
100.0 100.0 
100.0 100.0 
100.0 100.0 
100.0 100.0 
100.0 100.0 25:1.0 
100.0 100.0 
100.0 100.0 
100.0 100.0 
100.0 100.0 
100.0 100.0 
100.0 100.0 
100.0 100.0 
100.0 100.0 42:1.0 
100.0 100.0 
100.0 100.0 
100.0 100.0 3:1.0 
100.0 100.0 
100.0 100.0 
100.0 100.0 
100.0 100.0 
100.0 100.0 
100.0 100.0 
100.0 100.0 
100.0 100.0 
100.0 100.0 
100.0 100.0 
100.0 100.0 
100.0 100.0 
100.0 100.0 
100.0 100.0 
100.0 100.0 
100.0 100.0 
100.0 100.0 
100.0 100.0 2:1.0 
100.0 100.0 
100.0 100.0 
100.0 100.0 
100.0 100.0 64:1.0 
100.0 100.0 
100.0 100.0 
100.0 100.0 
100.0 100.0 23:1.0 48:1.0 68:1.0 89:1.0 92:1.0 97:1.0 107:1.0 
100.0 100.0 
100.0 100.0 2:1.0 
100.0 100.0 
100.0 100.0 
100.0 100.0 
100.0 100.0 
100.0 100.0 
100.0 100.0 39:1.0 
100.0 100.0 55:1.0 
100.0 100.0 
100.0 100.0 
100.0 100.0 
100.0 100.0 42:1.0 
100.0 100.0 
100.0 100.0 19:1.0 
100.0 100.0 68:1.0 74:1.0 99:1.0 
100.0 100.0 
100.0 100.0 
-0.0 100.0 76:1.0 
-100.0 100.0 41:1.0 
-1.5650894438151954 24.620944249841095 14:1.0 58:1.0 
-100.0 0.0 42:1.0 
-2.2663227454010215 2.4811048277390455 5:1.0 
-2.520072111093864 100.0 10:1.0 
-2.896003353287387 100.0 62:1.0 73:1.0 
-2.3103269462324505 100.0 1:1.0 76:1.0 
-0.0 49.80012529459145 11:1.0 
-0.0 100.0 34:1.0 74:1.0 95:1.0 
-100.0 0.0 71:1.0 
-0.0 100.0 83:1.0 88:1.0 98:1.0 
-100.0 2.131679681142347 47:1.0 85:1.0 89:1.0 
-100.0 100.0 85:1.0 
-100.0 0.0 42:1.0 
-2.232094172361879 49.949285522508276 19:1.0 
-31.014281291193022 100.0 34:1.0 74:1.0 95:1.0 
-0.0 100.0 11:1.0 
-0.0 49.949285522508276 53:1.0 
-100.0 2.461544760733387 86:1.0 
-100.0 0.0 74:1.0 
-100.0 100.0 39:1.0 
-0.0 100.0 37:1.0 
-100.0 100.0 19:1.0 
-0.0 46.469582572106596 50:1.0 
-100.0 100.0 12:1.0 
-0.0 66.23241253053092 18:1.0 
-0.0 100.0 6:1.0 
-2.358532371410056 52.11852337074268 11:1.0 27:1.0 
-100.0 0.0 3:1.0 
-100.0 100.0 2:1.0 
-2.5338578825960134 66.24295741391411 16:1.0 
-0.0 66.32017329632548 66:1.0 
-0.0 100.0 11:1.0 
-0.0 100.0 24:1.0 
-0.0 100.0 76:1.0 
-0.0 100.0 84:1.0 
-0.0 100.0 37:1.0 
-2.29794584529281 100.0 33:1.0 
-100.0 0.0 29:1.0 
-100.0 0.0 65:1.0 
-100.0 0.0 71:1.0 
-2.4649658069053624 0.0 8:1.0 28:1.0 32:1.0 38:1.0 57:1.0 78:1.0 80:1.0 90:1.0 93:1.0 94:1.0 96:1.0 100:1.0 101:1.0 103:1.0 104:1.0 105:1.0 106:1.0 108:1.0 110:1.0 
-2.4362913919105798 100.0 6:1.0 26:1.0 
-1.1951190231633442 36.26371701443501 18:1.0 
-0.0 66.36356927997313 72:1.0 
-98.1776038324654 100.0 20:1.0 
-2.262661484033938 100.0 67:1.0 
-100.0 100.0 19:1.0 
-0.0 2.2983533012341586 6:1.0 76:1.0 
-2.431036933974385 2.408860528190372 52:1.0 60:1.0 
-100.0 66.37413504486682 29:1.0 
-0.0 100.0 83:1.0 88:1.0 98:1.0 
-99.72860875119034 100.0 10:1.0 
-100.0 100.0 48:1.0 68:1.0 74:1.0 89:1.0 92:1.0 97:1.0 99:1.0 107:1.0 109:1.0 
-0.0 66.3847024919384 45:1.0 
-0.8249499754642082 0.0 4:1.0 66:1.0 
-100.0 0.0 3:1.0 
-0.0 40.24046326778098 
-0.0 100.0 
-0.0 100.0 
-0.0 100.0 
-0.0 100.0 
-0.0 100.0 73:1.0 
-0.0 100.0 
-0.0 100.0 
-0.0 100.0 
-0.0 100.0 
-0.0 100.0 
-0.0 100.0 
-0.0 18.516069841175383 82:1.0 
-0.0 100.0 
-0.0 100.0 
-0.0 100.0 
-0.0 100.0 
-0.0 100.0 
-0.0 100.0 
-0.0 100.0 
-0.0 100.0 
-0.0 100.0 
-0.0 100.0 
-0.0 100.0 
-0.06546757133661044 0.0 8:1.0 32:1.0 38:1.0 57:1.0 78:1.0 80:1.0 90:1.0 100:1.0 101:1.0 103:1.0 105:1.0 
-0.0 100.0 
-0.0 100.0 
-0.0 100.0 
-0.0 100.0 
-0.0 100.0 
-0.0 100.0 
-0.0 100.0 
-0.0 100.0 
-0.0 100.0 
-0.0 100.0 
-0.0 100.0 
-0.0 100.0 
-0.0 100.0 
-0.0 100.0 
-0.0 100.0 
-0.0 100.0 
-0.0 100.0 4:1.0 
-0.0 100.0 
-0.0 100.0 
-0.0 100.0 
-0.0 100.0 
-0.0 100.0 
-0.0 100.0 
-0.0 100.0 
-0.0 100.0 
-0.0 100.0 
-0.0 100.0 3:1.0 14:1.0 32:1.0 73:1.0 
-0.0 100.0 
-0.0 100.0 
-0.0 100.0 
-0.0 100.0 
-0.0 100.0 
-0.0 100.0 
-0.0 66.42810874930097 7:1.0 
-0.0 100.0 
-0.0 100.0 
-0.0 100.0 
-0.0 100.0 
-0.0 100.0 
-0.0 100.0 
-0.0 100.0 
-0.0 100.0 
-0.0 100.0 
-0.0 100.0 
-0.0 100.0 
-0.0 100.0 
-0.0 100.0 
-100.0 100.0 41:1.0 
-0.0 100.0 
-0.0 100.0 
-0.0 100.0 
-0.0 100.0 
-0.0 100.0 
-0.0 100.0 
-0.0 100.0 
-2.088011628382795 2.3383936533227057 21:1.0 54:1.0 
-0.0 100.0 
-0.0 100.0 
-0.0 100.0 
-0.0 100.0 
-0.0 100.0 66:1.0 
-0.0 100.0 
-0.0 100.0 
-0.0 100.0 
-100.0 100.0 67:1.0 
-0.0 100.0 
-0.0 100.0 
-0.0 100.0 
-0.0 100.0 
-0.0 100.0 
-0.0 100.0 
-0.7636142428323732 78.58025547964982 44:1.0 
-100.0 100.0 42:1.0 
-0.0 100.0 
-0.0 100.0 
-0.0 100.0 
-0.0 100.0 
-100.0 0.0 3:1.0 
-1.0201667892197794 52.22508355577825 79:1.0 84:1.0 
-0.0 100.0 
-0.0 100.0 
-0.0 100.0 
-0.0 100.0 
-0.0 100.0 
-0.0 100.0 
-1.2457970638636653 0.0 18:1.0 79:1.0 
-0.0 100.0 
-0.0 100.0 
-100.0 100.0 19:1.0 
-0.0 100.0 
-0.0 100.0 11:1.0 
-2.3701368846596074 52.398454631627025 24:1.0 71:1.0 
-0.0 100.0 
-2.5351429153819143 100.0 45:1.0 
-0.0 100.0 
-0.0 100.0 
-0.0 100.0 
-0.0 100.0 
-0.0 100.0 
-100.0 100.0 69:1.0 
-0.0 100.0 
-0.0 100.0 
-100.0 100.0 16:1.0 
-0.0 100.0 26:1.0 
-0.0 100.0 
-0.0 100.0 
-0.0 100.0 
-0.0 100.0 
-0.0 100.0 
-0.0 100.0 
-0.0 100.0 
-0.0 100.0 
-0.0 100.0 
-0.0 100.0 
-0.0 100.0 
-0.0 100.0 
-0.0 100.0 
-82.92101044901547 100.0 
-100.0 100.0 
-100.0 100.0 
-100.0 100.0 
-100.0 100.0 
-100.0 100.0 
-100.0 100.0 
-0.0 49.70018794188807 27:1.0 
-100.0 100.0 
-100.0 100.0 
-0.0 100.0 50:1.0 
-100.0 100.0 
-100.0 100.0 
-100.0 100.0 
-100.0 100.0 
-100.0 100.0 
-100.0 100.0 
-100.0 100.0 
-100.0 100.0 
-100.0 100.0 
-100.0 100.0 
-100.0 100.0 
-100.0 100.0 
-100.0 100.0 
-100.0 100.0 
-100.0 100.0 
-100.0 100.0 
-100.0 100.0 
-100.0 100.0 
-100.0 100.0 
-100.0 100.0 
-0.0 66.4386847895392 91:1.0 
-100.0 100.0 
-100.0 100.0 
-100.0 100.0 
-100.0 100.0 
-0.810699496522872 0.2679211700621124 58:1.0 
-100.0 100.0 
-100.0 100.0 
-0.0 100.0 82:1.0 
-100.0 100.0 
-100.0 100.0 
-100.0 100.0 
-100.0 100.0 
-100.0 100.0 37:1.0 77:1.0 
-100.0 100.0 
-100.0 100.0 
-100.0 100.0 
-100.0 100.0 
-100.0 100.0 
-100.0 100.0 
-100.0 100.0 
-100.0 100.0 
-100.0 100.0 
-100.0 100.0 
-100.0 100.0 
-100.0 100.0 
-100.0 100.0 
-100.0 100.0 
-0.0 100.0 53:1.0 
-100.0 100.0 
-100.0 100.0 
-100.0 100.0 
-100.0 100.0 
-100.0 100.0 
-100.0 100.0 
-100.0 100.0 
-100.0 100.0 
-100.0 100.0 
-100.0 100.0 
-100.0 100.0 
-100.0 100.0 
-100.0 100.0 
-100.0 100.0 
-100.0 100.0 
-0.0 59.33098104214882 23:1.0 
-100.0 100.0 
-100.0 100.0 
-100.0 100.0 
-0.0 100.0 52:1.0 
-100.0 100.0 
-100.0 100.0 
-100.0 100.0 
-0.535593626409249 0.0 19:1.0 81:1.0 
-100.0 100.0 
-100.0 100.0 
-100.0 100.0 
-0.0 100.0 49:1.0 
-0.0 99.78840697588632 52:1.0 
-100.0 100.0 
-2.2212357820799142 100.0 49:1.0 54:1.0 
-100.0 100.0 
-100.0 100.0 
-100.0 100.0 
-1.4653630436370486 36.22805627640476 66:1.0 
-100.0 100.0 67:1.0 
-0.0 100.0 43:1.0 
-0.0 100.0 35:1.0 
-100.0 100.0 
-100.0 100.0 
-100.0 100.0 
-100.0 100.0 
-100.0 100.0 
-100.0 49.90006264729573 74:1.0 
-100.0 100.0 
-0.6213688004980311 0.0 36:1.0 
-100.0 100.0 
-0.0 100.0 49:1.0 
-100.0 100.0 
-0.0 100.0 43:1.0 
-100.0 100.0 
-2.4485555676937114 100.0 85:1.0 
-100.0 100.0 
-100.0 100.0 
-100.0 100.0 
-100.0 100.0 
-100.0 100.0 59:1.0 
-100.0 100.0 
-100.0 100.0 
-100.0 100.0 
-0.0 80.51156231700467 46:1.0 
-100.0 100.0 
-100.0 100.0 
-100.0 100.0 
-100.0 100.0 
-100.0 100.0 
-100.0 100.0 
-100.0 100.0 
-100.0 100.0 
-100.0 100.0 
-100.0 100.0 
-100.0 100.0 
-100.0 100.0 
-2.3903359456628532 52.35720500732588 53:1.0 
-0.0 49.949285522508276 17:1.0 
-0.0 100.0 17:1.0 
-100.0 100.0 
-100.0 100.0 
-100.0 100.0 
-100.0 100.0 
-100.0 100.0 
-100.0 100.0 
-99.77759364847287 36.34293323941594 16:1.0 
-100.0 100.0 
-100.0 100.0 
-100.0 100.0 
-100.0 100.0 
-1.8247291422248282 100.0 23:1.0 
-100.0 100.0 
-100.0 100.0 
-100.0 36.204778843583306 29:1.0 
-100.0 100.0 
-100.0 100.0 
-100.0 100.0 
-100.0 100.0 
-100.0 100.0 
-100.0 100.0 
-100.0 100.0 
-100.0 100.0 
-100.0 100.0 
-100.0 100.0 
-100.0 100.0 
-100.0 100.0 
-2.2528716850657853 2.3782475343431777 20:1.0 42:1.0 
-0.0 100.0 27:1.0 
-2.536428599865465 0.0 51:1.0 
-100.0 100.0 
-0.0 100.0 7:1.0 
-100.0 100.0 
-100.0 100.0 
-100.0 100.0 
-100.0 100.0 
-100.0 100.0 
-100.0 100.0 
-99.75768101936576 36.20118816139198 45:1.0 
-100.0 100.0 
-100.0 100.0 
-100.0 100.0 
-100.0 100.0 
-100.0 0.0 54:1.0 
-100.0 100.0 
-100.0 100.0 
-100.0 100.0 
-100.0 100.0 
-100.0 100.0 
-100.0 100.0 23:1.0 
-100.0 100.0 
-100.0 100.0 
-100.0 100.0 
-100.0 100.0 
-100.0 100.0 
-100.0 100.0 
-100.0 100.0 
-0.0 0.1305602567543418 6:1.0 
-100.0 100.0 
-100.0 100.0 
-100.0 100.0 
-100.0 100.0 
-100.0 100.0 
-100.0 100.0 
-100.0 100.0 
-100.0 100.0 
-100.0 100.0 
-100.0 100.0 
-100.0 100.0 
-100.0 100.0 
-100.0 100.0 
-100.0 100.0 
-2.41318567982988 0.0 70:1.0 
-0.21557793392144814 0.0 19:1.0 79:1.0 
-100.0 100.0 
-100.0 100.0 
-100.0 100.0 
-100.0 100.0 
-100.0 100.0 
-100.0 100.0 
-100.0 100.0 
-100.0 100.0 
-100.0 100.0 
-100.0 100.0 
-100.0 100.0 
-100.0 100.0 
-2.517251295959727 0.0 31:1.0 
-0.0 100.0 27:1.0 
-100.0 100.0 
-100.0 100.0 
-100.0 100.0 
-100.0 100.0 
-100.0 100.0 
-100.0 100.0 
-100.0 100.0 
-100.0 100.0 
-100.0 100.0 
-100.0 100.0 
-100.0 100.0 
-100.0 100.0 
-0.0 100.0 26:1.0 81:1.0 
-100.0 100.0 
-100.0 100.0 
-100.0 100.0 
-100.0 100.0 
-100.0 100.0 
-100.0 100.0 
-100.0 100.0 
-100.0 100.0 
-100.0 100.0 
-100.0 100.0 
-100.0 100.0 
-100.0 100.0 
-100.0 100.0 
-100.0 100.0 
-100.0 100.0 
-100.0 100.0 
-100.0 100.0 
-100.0 100.0 
-100.0 100.0 23:1.0 
-100.0 100.0 
-100.0 100.0 
-100.0 100.0 
-100.0 100.0 
-100.0 100.0 
-100.0 100.0 
-100.0 100.0 
-100.0 100.0 
-100.0 100.0 
-100.0 100.0 
-100.0 100.0 
-100.0 100.0 
-100.0 100.0 
-100.0 100.0 
-100.0 100.0 
-100.0 100.0 
-100.0 100.0 
-100.0 100.0 31:1.0 
-100.0 100.0 
-100.0 100.0 
-100.0 100.0 
-100.0 100.0 
-99.8316901458862 2.4618266112173552 70:1.0 
-100.0 100.0 
-100.0 100.0 
-100.0 100.0 
-2.4060261358825565 2.272787131129266 83:1.0 88:1.0 98:1.0 
-0.0 77.56247368127465 58:1.0 82:1.0 
-100.0 100.0 
-100.0 100.0 
-100.0 100.0 
-100.0 100.0 
-100.0 100.0 
-100.0 100.0 
-0.0 100.0 72:1.0 
-0.0 99.47954819221665 14:1.0 
-0.0 100.0 24:1.0 
-100.0 100.0 
-100.0 100.0 
-100.0 100.0 
-100.0 100.0 
-100.0 100.0 
-100.0 100.0 
-100.0 100.0 
-19.95422007961913 22.266211670190778 38:1.0 78:1.0 80:1.0 90:1.0 100:1.0 
-0.40466171504888676 52.445415067467444 17:1.0 
-0.24903799226893172 100.0 21:1.0 
-2.4119806305108056 2.296652452557217 43:1.0 56:1.0 
-1.6098142921847534 23.8728499736738 35:1.0 44:1.0 
-100.0 100.0 
-100.0 100.0 
-100.0 100.0 
-99.7610619808122 2.5144231855677557 31:1.0 
-100.0 100.0 
-100.0 100.0 
-100.0 100.0 47:1.0 
-100.0 100.0 
-0.894895340915277 78.35258564687224 14:1.0 35:1.0 
-100.0 100.0 
-100.0 100.0 
-100.0 100.0 
-100.0 100.0 
-1.4179683621249728 100.0 84:1.0 
-100.0 100.0 
-100.0 100.0 
-100.0 100.0 
-100.0 100.0 
-0.0 100.0 63:1.0 
-100.0 100.0 
-100.0 100.0 
-100.0 100.0 
-100.0 100.0 
-100.0 100.0 
-100.0 100.0 
-100.0 100.0 
-100.0 100.0 
-100.0 100.0 
-100.0 100.0 
-100.0 100.0 
-2.3531661761937634 36.144122531683934 7:1.0 
-100.0 100.0 
-98.16324669356625 0.0 54:1.0 
-100.0 100.0 
-100.0 100.0 36:1.0 
-100.0 100.0 
-100.0 100.0 
-100.0 100.0 
-100.0 100.0 
-100.0 100.0 
-100.0 100.0 58:1.0 87:1.0 
-100.0 100.0 
-100.0 100.0 
-100.0 100.0 
-100.0 100.0 
-100.0 100.0 
-100.0 100.0 
-100.0 100.0 
-100.0 100.0 
-100.0 100.0 
-100.0 100.0 
-100.0 100.0 
-100.0 100.0 
-100.0 100.0 
-100.0 100.0 
-100.0 100.0 
-100.0 100.0 
-100.0 100.0 
-100.0 100.0 
-100.0 100.0 
-100.0 100.0 
-100.0 100.0 
-100.0 100.0 
-99.0230702325628 52.41071929566075 19:1.0 
-100.0 100.0 
-100.0 100.0 
-100.0 100.0 
-100.0 100.0 
-100.0 100.0 
-100.0 100.0 
-100.0 100.0 
-100.0 100.0 
-100.0 100.0 23:1.0 
-100.0 100.0 
-100.0 100.0 
-100.0 100.0 
-100.0 100.0 
-100.0 100.0 
-100.0 100.0 
-100.0 100.0 
-100.0 100.0 
-100.0 100.0 
-100.0 100.0 
-100.0 100.0 
-100.0 100.0 
-100.0 100.0 
-100.0 100.0 
-100.0 100.0 
-100.0 100.0 
-2.2783132767720504 2.4377062177880853 15:1.0 
-100.0 100.0 
-100.0 52.376871664748535 74:1.0 
-100.0 100.0 
-0.0 100.0 82:1.0 
-100.0 100.0 
-100.0 100.0 
-100.0 100.0 
-1.960078836872691 0.0 17:1.0 20:1.0 81:1.0 
-100.0 100.0 
-100.0 100.0 
-100.0 100.0 
-100.0 100.0 
-100.0 100.0 
-100.0 100.0 
-100.0 100.0 
-1.6649746913439745 2.3459274279906412 4:1.0 36:1.0 
-100.0 100.0 
-100.0 100.0 
-100.0 100.0 
-100.0 100.0 
-100.0 100.0 
-100.0 100.0 
-100.0 100.0 
-100.0 100.0 
-100.0 100.0 
-100.0 100.0 
-100.0 100.0 
-100.0 100.0 
-100.0 100.0 
-100.0 100.0 
-100.0 100.0 
-100.0 100.0 
-100.0 100.0 
-2.353166176194623 2.578913888446611 63:1.0 
-100.0 100.0 
-2.374549185611923 36.07573839602886 91:1.0 
-100.0 100.0 
-100.0 100.0 
-100.0 100.0 
-100.0 100.0 
-100.0 100.0 
-100.0 100.0 
-100.0 100.0 
-0.0 100.0 60:1.0 
-100.0 100.0 
-100.0 100.0 
-100.0 100.0 
-100.0 100.0 
-100.0 100.0 
-100.0 100.0 
-100.0 100.0 
-100.0 100.0 
-100.0 0.0 65:1.0 
-100.0 100.0 
-100.0 100.0 
-100.0 100.0 
-100.0 100.0 
-100.0 100.0 
-100.0 100.0 
-100.0 100.0 
-100.0 100.0 49:1.0 
-100.0 100.0 
-100.0 100.0 
-100.0 100.0 
-100.0 100.0 
-100.0 100.0 
-100.0 100.0 
-100.0 100.0 
-100.0 100.0 
-100.0 100.0 
-100.0 100.0 
-100.0 100.0 
-100.0 100.0 
-100.0 100.0 
-100.0 100.0 
-100.0 100.0 
-2.2663227454013564 100.0 9:1.0 
-2.3018624676281965 36.052841849784514 72:1.0 
-100.0 100.0 
-100.0 100.0 
-100.0 100.0 
-0.0 100.0 82:1.0 
-100.0 100.0 
-100.0 100.0 
-100.0 100.0 
-100.0 100.0 
-100.0 100.0 
-100.0 100.0 
-100.0 100.0 
-100.0 100.0 
-100.0 100.0 
-100.0 100.0 
-100.0 100.0 
-100.0 100.0 
-100.0 100.0 
-100.0 100.0 
-100.0 100.0 
-100.0 100.0 
-100.0 100.0 
-1.183858139389757 100.0 76:1.0 
-100.0 96.06928414626803 65:1.0 
-100.0 100.0 
-100.0 100.0 
-2.258122024627311 21.965246700446084 46:1.0 
-100.0 100.0 
-2.363977857689125 100.0 40:1.0 61:1.0 102:1.0 
-100.0 100.0 
-100.0 100.0 
-100.0 100.0 
-100.0 100.0 
-100.0 100.0 
-100.0 100.0 
-100.0 100.0 
-100.0 100.0 
-100.0 100.0 
-100.0 100.0 
-100.0 100.0 
-100.0 100.0 
-100.0 100.0 
-2.3534513018954883 55.926578287181705 50:1.0 
-100.0 100.0 
-100.0 100.0 
-100.0 100.0 
-100.0 100.0 
-100.0 100.0 
-100.0 100.0 
-100.0 100.0 
-99.82766183915237 2.3735656951018296 51:1.0 
-99.71976016838639 43.06490517707058 23:1.0 
-100.0 100.0 
-100.0 100.0 
-100.0 100.0 
-100.0 100.0 
-100.0 100.0 
-100.0 100.0 
-100.0 100.0 
-100.0 100.0 
-100.0 100.0 
-99.09402795951495 100.0 62:1.0 76:1.0 
-100.0 100.0 
-2.27914850065556 2.495059074876827 3:1.0 41:1.0 
-100.0 100.0 
-100.0 100.0 
-100.0 100.0 
-0.0 2.4870604060499324 81:1.0 
-52.39531056992326 6.3428380211967195 65:1.0 82:1.0 
-100.0 100.0 
-100.0 100.0 
-100.0 100.0 
-100.0 100.0 
-100.0 100.0 
-42.39192730610032 100.0 
-0.0 -100.0 
-0.0 -100.0 
-0.0 -100.0 
-0.0 -100.0 
-100.0 -100.0 25:1.0 
-0.0 -100.0 
-0.0 -100.0 
-0.0 -100.0 24:1.0 
-0.0 -100.0 
-0.0 -100.0 
-0.0 -100.0 
-0.0 -100.0 
-0.0 -100.0 
-0.0 -100.0 
-0.0 -100.0 
-0.0 -100.0 
-100.0 -100.0 77:1.0 
-0.0 -100.0 
-0.0 -100.0 
-0.0 -100.0 
-0.0 -100.0 
-0.0 -100.0 
-0.0 -100.0 
-0.0 -100.0 73:1.0 
-100.0 -100.0 30:1.0 
-0.0 -100.0 
-0.0 -100.0 66:1.0 
-0.0 -100.0 
-0.0 -100.0 
-0.0 -100.0 
-0.0 -100.0 
-0.0 -100.0 
-0.0 -100.0 
-0.0 -100.0 
-0.0 -100.0 
-2.5294275697212067 -100.0 10:1.0 
-0.0 -100.0 
-0.0 -100.0 
-0.0 -100.0 
-0.0 -100.0 
-0.0 -100.0 
-2.202691968838038 -100.0 91:1.0 
-52.137777241800435 -100.0 17:1.0 19:1.0 
-0.0 -100.0 
-0.0 -100.0 1:1.0 
-0.0 -100.0 
-0.0 -100.0 
-0.0 -100.0 
-0.0 -100.0 
-0.0 -100.0 9:1.0 
-0.0 -100.0 
-2.5204975082778067 -100.0 45:1.0 
-0.0 -100.0 
-0.0 -100.0 
-0.0 -100.0 
-0.0 -100.0 
-100.0 -100.0 64:1.0 69:1.0 
-0.0 -100.0 
-0.0 -100.0 
-0.0 -100.0 
-0.0 -100.0 
-0.0 -100.0 26:1.0 
-0.0 -100.0 
-0.0 -100.0 
-0.0 -100.0 
-0.0 -100.0 
-0.0 -100.0 
-0.0 -100.0 73:1.0 
-0.0 -100.0 
-0.0 -100.0 
-0.0 -100.0 
-0.0 -100.0 
-99.72778033638 -100.0 10:1.0 
-0.0 -100.0 
-0.0 -100.0 
-0.0 -100.0 
-0.0 -100.0 
-0.0 -100.0 
-0.0 -100.0 
-0.0 -100.0 
-0.0 -100.0 
-2.2026919688382876 -100.0 46:1.0 
-0.0 -100.0 
-2.413393267352048 -100.0 62:1.0 
-0.0 -100.0 
-0.0 -100.0 
-0.0 -100.0 
-0.0 -100.0 
-2.4127849973757733 -100.0 58:1.0 
-0.0 -100.0 
-0.0 -100.0 
-0.0 -100.0 
-0.0 -100.0 
-0.0 -100.0 49:1.0 
-0.0 -100.0 
-100.0 -100.0 12:1.0 
-0.0 -100.0 
-0.0 -100.0 
-0.0 -100.0 
-0.0 -100.0 
-0.0 -100.0 
-0.0 -100.0 
-0.0 -100.0 11:1.0 27:1.0 33:1.0 
-0.0 -100.0 
-0.0 -100.0 
-0.0 -100.0 
-51.5582623474194 -100.0 
-2.2023823107677862 -100.0 4:1.0 
-100.0 -100.0 
-100.0 -100.0 
-100.0 -100.0 
-100.0 -100.0 
-100.0 -100.0 
-100.0 -100.0 
-62.01546846576451 -100.0 11:1.0 21:1.0 54:1.0 
-100.0 -100.0 
-100.0 -100.0 
-100.0 -100.0 
-100.0 -100.0 
-0.0 -100.0 37:1.0 
-0.0 -100.0 76:1.0 
-99.99327480207326 -100.0 58:1.0 
-0.0 -100.0 73:1.0 
-100.0 -100.0 
-100.0 -100.0 
-100.0 -100.0 16:1.0 
-100.0 -100.0 
-100.0 -100.0 
-100.0 -100.0 
-100.0 -100.0 
-100.0 -100.0 
-100.0 -100.0 
-2.4255377932629 -100.0 41:1.0 
-100.0 -100.0 
-100.0 -100.0 
-100.0 -100.0 
-100.0 -100.0 
-100.0 -100.0 
-0.7576641660222673 -100.0 49:1.0 
-100.0 -100.0 
-100.0 -100.0 
-100.0 -100.0 
-100.0 -100.0 
-100.0 -100.0 43:1.0 64:1.0 
-100.0 -100.0 
-100.0 -100.0 
-100.0 -100.0 65:1.0 
-100.0 -100.0 
-100.0 -100.0 
-0.0 -100.0 43:1.0 
-100.0 -100.0 
-0.0 -100.0 40:1.0 61:1.0 102:1.0 
-0.0 -100.0 76:1.0 
-100.0 -100.0 
-100.0 -100.0 
-100.0 -100.0 
-100.0 -100.0 
-0.0 -100.0 72:1.0 
-100.0 -100.0 
-100.0 -100.0 
-100.0 -100.0 
-100.0 -100.0 
-100.0 -100.0 
-100.0 -100.0 
-100.0 -100.0 
-0.0 -100.0 50:1.0 
-100.0 -100.0 
-100.0 -100.0 
-100.0 -100.0 
-100.0 -100.0 
-100.0 -100.0 
-2.2028883213296724 -100.0 33:1.0 
-100.0 -100.0 
-100.0 -100.0 
-0.0 -100.0 34:1.0 74:1.0 95:1.0 
-100.0 -100.0 
-1.823676580599732 -100.0 23:1.0 
-100.0 -100.0 
-100.0 -100.0 
-100.0 -100.0 
-100.0 -100.0 
-2.2022279671407903 -100.0 44:1.0 
-100.0 -100.0 
-99.69708869798383 -100.0 62:1.0 
-100.0 -100.0 55:1.0 
-100.0 -100.0 
-100.0 -100.0 
-100.0 -100.0 
-100.0 -100.0 23:1.0 
-100.0 -100.0 
-100.0 -100.0 
-100.0 -100.0 
-100.0 -100.0 
-100.0 -100.0 
-0.0 -100.0 26:1.0 
-100.0 -100.0 
-100.0 -100.0 
-100.0 -100.0 
-100.0 -100.0 
-100.0 -100.0 
-100.0 -100.0 
-100.0 -100.0 
-0.0 -100.0 83:1.0 88:1.0 98:1.0 
-100.0 -100.0 49:1.0 55:1.0 
-0.0 -100.0 24:1.0 
-100.0 -100.0 
-100.0 -100.0 
-2.202536978027931 -100.0 81:1.0 
-100.0 -100.0 
-0.0 -100.0 67:1.0 
-100.0 -100.0 
-100.0 -100.0 
-0.0 -100.0 37:1.0 
-100.0 -100.0 
-100.0 -100.0 
-100.0 -100.0 
-100.0 -100.0 
-100.0 -100.0 22:1.0 
-100.0 -100.0 
-0.8155167604681667 -100.0 82:1.0 84:1.0 
-100.0 -100.0 
-100.0 -100.0 
-100.0 -100.0 
-100.0 -100.0 
-100.0 -100.0 
-100.0 -100.0 
-100.0 -100.0 
-100.0 -100.0 
-100.0 -100.0 
-100.0 -100.0 
-100.0 -100.0 
-100.0 -100.0 
-100.0 -100.0 
-100.0 -100.0 
-100.0 -100.0 
-100.0 -100.0 
-100.0 -100.0 
-100.0 -100.0 85:1.0 
-100.0 -100.0 
-100.0 -100.0 
-100.0 -100.0 
-100.0 -100.0 
-2.20207394722968 -100.0 50:1.0 
-0.0 -100.0 53:1.0 
-100.0 -100.0 
-100.0 -100.0 
-100.0 -100.0 
-100.0 -100.0 
-100.0 -100.0 
-100.0 -100.0 
-100.0 -100.0 
-100.0 -100.0 
-100.0 -100.0 
-1.501066255896071 -100.0 49:1.0 84:1.0 
-100.0 -100.0 
-100.0 -100.0 
-100.0 -100.0 
-100.0 -100.0 
-100.0 -100.0 
-21.389292019239022 -100.0 11:1.0 77:1.0 
-0.0 -100.0 73:1.0 
-2.4267678920812075 -100.0 67:1.0 
-100.0 -100.0 
-2.5345626182925707 -100.0 76:1.0 
-100.0 -100.0 
-100.0 -100.0 
-100.0 -100.0 
-100.0 -100.0 
-100.0 -100.0 
-100.0 -100.0 
-100.0 -100.0 
-100.0 -100.0 
-0.0 -100.0 1:1.0 
-100.0 -100.0 
-100.0 -100.0 
-100.0 -100.0 
-100.0 -100.0 
-100.0 -100.0 
-100.0 -100.0 
-100.0 -100.0 
-100.0 -100.0 
-100.0 -100.0 
-100.0 -100.0 
-100.0 -100.0 
-100.0 -100.0 
-100.0 -100.0 
-100.0 -100.0 
-100.0 -100.0 
-100.0 -100.0 
-100.0 -100.0 
-100.0 -100.0 
-100.0 -100.0 
-0.0 -100.0 82:1.0 
-100.0 -100.0 
-100.0 -100.0 
-100.0 -100.0 
-100.0 -100.0 
-100.0 -100.0 
-100.0 -100.0 
-2.2019202511188607 -100.0 18:1.0 
-100.0 -100.0 
-100.0 -100.0 
-100.0 -100.0 
-0.0 -100.0 82:1.0 
-100.0 -100.0 
-100.0 -100.0 
-100.0 -100.0 
-100.0 -100.0 
-100.0 -100.0 
-100.0 -100.0 
-100.0 -100.0 
-100.0 -100.0 
-100.0 -100.0 
-100.0 -100.0 
-0.0 -100.0 73:1.0 
-100.0 -100.0 87:1.0 
-100.0 -100.0 36:1.0 
-2.202227967140584 -100.0 24:1.0 
-100.0 -100.0 
-100.0 -100.0 67:1.0 
-2.376358250247171 -100.0 27:1.0 40:1.0 61:1.0 102:1.0 
-100.0 -100.0 
-100.0 -100.0 
-100.0 -100.0 
-100.0 -100.0 
-100.0 -100.0 
-100.0 -100.0 
-100.0 -100.0 
-2.2017668788910707 -100.0 26:1.0 
-100.0 -100.0 
-100.0 -100.0 
-100.0 -100.0 
-100.0 -100.0 
-100.0 -100.0 
-100.0 -100.0 
-100.0 -100.0 
-100.0 -100.0 
-0.0 -100.0 1:1.0 
-100.0 -100.0 
-0.0 -100.0 1:1.0 76:1.0 
-100.0 -100.0 
-100.0 -100.0 
-100.0 -100.0 
-100.0 -100.0 
-100.0 -100.0 
-100.0 -100.0 
-100.0 -100.0 
-100.0 -100.0 
-100.0 -100.0 
-100.0 -100.0 
-100.0 -100.0 
-100.0 -100.0 
-0.0 -100.0 35:1.0 
-100.0 -100.0 
-100.0 -100.0 
-39.46602099949013 -100.0 34:1.0 74:1.0 95:1.0 
-100.0 -100.0 
-100.0 -100.0 
-100.0 -100.0 
-100.0 -100.0 
-100.0 -100.0 64:1.0 
-2.361602029373847 -100.0 83:1.0 88:1.0 98:1.0 
-100.0 -100.0 
-100.0 -100.0 
-100.0 -100.0 
-100.0 -100.0 
-100.0 -100.0 
-100.0 -100.0 
-100.0 -100.0 
-100.0 -100.0 23:1.0 
-100.0 -100.0 2:1.0 75:1.0 87:1.0 
-100.0 -100.0 
-100.0 -100.0 
-100.0 -100.0 
-100.0 -100.0 
-0.0 -100.0 27:1.0 33:1.0 
-100.0 -100.0 
-52.316779335056275 -100.0 53:1.0 87:1.0 
-100.0 -100.0 41:1.0 
-100.0 -100.0 
-99.66797435973541 -100.0 76:1.0 
-100.0 -100.0 
-100.0 -100.0 
-100.0 -100.0 
-100.0 -100.0 
-100.0 -100.0 
-100.0 -100.0 
-100.0 -100.0 
-100.0 -100.0 
-100.0 -100.0 
-100.0 -100.0 74:1.0 
-2.202073947230656 -100.0 63:1.0 
-100.0 -100.0 
-100.0 -100.0 
-100.0 -100.0 
-100.0 -100.0 
-100.0 -100.0 
-100.0 -100.0 
-100.0 -100.0 
-100.0 -100.0 
-100.0 -100.0 
-100.0 -100.0 
-100.0 -100.0 
-100.0 -100.0 6:1.0 47:1.0 
-100.0 -100.0 
-100.0 -100.0 
-0.0 -100.0 73:1.0 
-100.0 -100.0 1:1.0 13:1.0 
-100.0 -100.0 
-0.0 -100.0 7:1.0 
-2.3375061180662997 -100.0 52:1.0 60:1.0 
-100.0 -100.0 
-100.0 -100.0 
-100.0 -100.0 
-100.0 -100.0 
-100.0 -100.0 
-100.0 -100.0 
-100.0 -100.0 
-0.0 -100.0 59:1.0 
-100.0 -100.0 
-100.0 -100.0 
-100.0 -100.0 
-100.0 -100.0 
-100.0 -100.0 
-100.0 -100.0 
-0.0 -100.0 9:1.0 14:1.0 
-100.0 -100.0 
-2.4069667692861683 -100.0 59:1.0 
-100.0 -100.0 
-100.0 -100.0 
-100.0 -100.0 
-100.0 -100.0 
-100.0 -100.0 
-100.0 -100.0 
-100.0 -100.0 
-100.0 -100.0 16:1.0 
-100.0 -100.0 
-100.0 -100.0 
-100.0 -100.0 
-100.0 -100.0 
-100.0 -100.0 
-100.0 -100.0 23:1.0 
-100.0 -100.0 
-100.0 -100.0 
-100.0 -100.0 
-100.0 -100.0 
-100.0 -100.0 
-100.0 -100.0 
-100.0 -100.0 39:1.0 
-100.0 -100.0 
-100.0 -100.0 
-100.0 -100.0 
-100.0 -100.0 
-100.0 -100.0 
-100.0 -100.0 
-100.0 -100.0 
-100.0 -100.0 
-100.0 -100.0 
-100.0 -100.0 
-100.0 -100.0 
-0.0 -100.0 37:1.0 
-100.0 -100.0 
-100.0 -100.0 
-100.0 -100.0 
-100.0 -100.0 
-100.0 -100.0 19:1.0 
-100.0 -100.0 
-0.0 -100.0 84:1.0 
-100.0 -100.0 
-0.0 -100.0 40:1.0 61:1.0 102:1.0 
-100.0 -100.0 
-100.0 -100.0 
-100.0 -100.0 
-0.0 -100.0 40:1.0 61:1.0 102:1.0 
-100.0 -100.0 
-99.67815866952353 -100.0 23:1.0 
-100.0 -100.0 
-100.0 -100.0 
-100.0 -100.0 
-100.0 -100.0 
-100.0 -100.0 
-100.0 -100.0 
-100.0 -100.0 
-100.0 -100.0 
-100.0 -100.0 
-100.0 -100.0 
-100.0 -100.0 
-100.0 -100.0 
-100.0 -100.0 
-100.0 -100.0 
-100.0 -100.0 
-100.0 -100.0 
-100.0 -100.0 
-100.0 -100.0 
-2.2016138306288267 -100.0 66:1.0 
-100.0 -100.0 
-100.0 -100.0 
-0.0 -100.0 9:1.0 
-100.0 -100.0 
-100.0 -100.0 
-100.0 -100.0 
-2.2019202511183567 -100.0 37:1.0 
-100.0 -100.0 
-100.0 -100.0 42:1.0 
-100.0 -100.0 
-99.70336713758005 -100.0 59:1.0 
-100.0 -100.0 
-100.0 -100.0 
-100.0 -100.0 
-0.0 -100.0 11:1.0 
-100.0 -100.0 22:1.0 
-100.0 -100.0 
-100.0 -100.0 
-100.0 -100.0 
-100.0 -100.0 
-0.0 -100.0 73:1.0 
-100.0 -100.0 
-1.4909712960002204 -100.0 82:1.0 
-0.0 -100.0 73:1.0 
-100.0 -100.0 34:1.0 48:1.0 68:1.0 74:1.0 89:1.0 92:1.0 95:1.0 97:1.0 99:1.0 107:1.0 109:1.0 
-100.0 -100.0 
-0.0 -100.0 14:1.0 52:1.0 
-100.0 -100.0 
-100.0 -100.0 
-100.0 -100.0 
-100.0 -100.0 
-100.0 -100.0 
-100.0 -100.0 29:1.0 
-100.0 -100.0 
-100.0 -100.0 
-100.0 -100.0 
-100.0 -100.0 
-100.0 -100.0 
-100.0 -100.0 
-100.0 -100.0 
-100.0 -100.0 
-100.0 -100.0 
-100.0 -100.0 
-100.0 -100.0 
-100.0 -100.0 
-100.0 -100.0 
-100.0 -100.0 
-100.0 -100.0 
-100.0 -100.0 
-100.0 -100.0 
-99.68188480248973 -100.0 45:1.0 
-100.0 -100.0 
-100.0 -100.0 
-100.0 -100.0 
-100.0 -100.0 
-100.0 -100.0 
-100.0 -100.0 
-100.0 -100.0 
-2.2117628618495444 -100.0 35:1.0 
-100.0 -100.0 
-100.0 -100.0 
-100.0 -100.0 
-100.0 -100.0 
-100.0 -100.0 
-100.0 -100.0 
-2.2017668788907856 -100.0 9:1.0 
-100.0 -100.0 
-100.0 -100.0 
-100.0 -100.0 
-100.0 -100.0 
-100.0 -100.0 
-100.0 -100.0 
-100.0 -100.0 90:1.0 
-100.0 -100.0 
-100.0 -100.0 
-2.2120598167076837 -100.0 73:1.0 
-100.0 -100.0 
-100.0 -100.0 
-100.0 -100.0 
-100.0 -100.0 
-100.0 -100.0 
-100.0 -100.0 
-99.6837140732548 -100.0 67:1.0 
-100.0 -100.0 
-100.0 -100.0 
-100.0 -100.0 
-100.0 -100.0 
-100.0 -100.0 
-100.0 -100.0 
-100.0 -100.0 
-100.0 -100.0 
-100.0 -100.0 
-2.2016138306275965 -100.0 72:1.0 
-100.0 -100.0 
-100.0 -100.0 31:1.0 
-100.0 -100.0 
-52.396351311856044 -100.0 14:1.0 85:1.0 
-100.0 -100.0 
-100.0 -100.0 
-100.0 -100.0 
-100.0 -100.0 
-100.0 -100.0 
-100.0 -100.0 
-100.0 -100.0 19:1.0 
-100.0 -100.0 
-100.0 -100.0 
-100.0 -100.0 
-100.0 -100.0 30:1.0 
-100.0 -100.0 
-100.0 -100.0 1:1.0 13:1.0 
-100.0 -100.0 
-100.0 -100.0 
-100.0 -100.0 
-100.0 -100.0 19:1.0 
-100.0 -100.0 
-100.0 -100.0 
-100.0 -100.0 
-100.0 -100.0 
-100.0 -100.0 
-100.0 -100.0 
-100.0 -100.0 
-100.0 -100.0 
-100.0 -100.0 
-0.0 -100.0 6:1.0 
-100.0 -100.0 
-100.0 -100.0 
-100.0 -100.0 
-100.0 -100.0 
-100.0 -100.0 
-100.0 -100.0 
-100.0 -100.0 
-100.0 -100.0 
-100.0 -100.0 
-2.2120598167082837 -100.0 7:1.0 
-100.0 -100.0 
-100.0 -100.0 
-100.0 -100.0 
-100.0 -100.0 
-100.0 -100.0 
-100.0 -100.0 
-100.0 -100.0 
-100.0 -100.0 
-100.0 -100.0 
-100.0 -100.0 
-100.0 -100.0 
-100.0 -100.0 
-100.0 -100.0 
-100.0 -100.0 
-100.0 -100.0 
-100.0 -100.0 20:1.0 
-100.0 -100.0 
-100.0 -100.0 
-100.0 -100.0 
-100.0 -100.0 
-100.0 -100.0 
-0.0 -100.0 17:1.0 
-100.0 -100.0 
-100.0 -100.0 
-100.0 -100.0 
-100.0 -100.0 
-100.0 -100.0 
-100.0 -100.0 
-100.0 -100.0 
-100.0 -100.0 
-100.0 -100.0 
-100.0 -100.0 
-100.0 -100.0 
-100.0 -100.0 
-100.0 -100.0 
-100.0 -100.0 
-100.0 -100.0 
-100.0 -100.0 
-100.0 -100.0 
-100.0 -100.0 
-100.0 -100.0 
-100.0 -100.0 
-100.0 -100.0 
-100.0 -100.0 
-100.0 -100.0 
-99.76526086676598 -100.0 41:1.0 
-100.0 -100.0 
-100.0 -100.0 
-100.0 -100.0 
-100.0 -100.0 
-100.0 -100.0 
-100.0 -100.0 
-35.00742948118508 -100.0 
