svm_type c_svc
kernel_type rbf
gamma 1.0E-4
nr_class 3
total_sv 1897
rho 0.9992009699344641 0.999260276556015 -0.999940076470375
label 2 0 1
nr_sv 516 699 682
SV
0.1 0.1 
0.1 0.1 
0.1 0.1 
0.1 0.1 68:1.0 74:1.0 86:1.0 89:1.0 97:1.0 99:1.0 109:1.0 
0.1 0.1 
0.1 0.1 2:1.0 41:1.0 
0.1 0.1 
0.1 0.1 
0.1 0.1 
0.1 0.1 
0.1 0.1 
0.1 0.1 
0.1 0.1 
0.1 0.1 
0.1 0.1 
0.1 0.1 42:1.0 64:1.0 69:1.0 
0.1 0.1 
0.1 0.1 
0.1 0.1 
0.1 0.1 
0.1 0.1 
0.1 0.1 
0.1 0.1 31:1.0 
0.1 0.1 
0.1 0.1 
0.1 0.1 
0.1 0.1 
0.1 0.1 
0.1 0.1 
0.1 0.1 
0.1 0.1 
0.1 0.1 
0.1 0.1 
0.1 0.1 
0.1 0.1 
0.1 0.1 
0.1 0.1 
0.1 0.1 
0.1 0.1 
0.1 0.1 
0.1 0.1 25:1.0 
0.1 0.1 
0.1 0.1 68:1.0 74:1.0 86:1.0 89:1.0 97:1.0 99:1.0 109:1.0 
0.1 0.1 
0.1 0.1 
0.1 0.1 
0.1 0.1 
0.1 0.1 
0.1 0.1 
0.1 0.1 
0.1 0.1 
0.1 0.1 
0.1 0.1 2:1.0 
0.1 0.1 
0.1 0.1 
0.1 0.1 
0.1 0.1 51:1.0 
0.1 0.1 
0.1 0.1 
0.1 0.1 
0.1 0.1 29:1.0 
0.1 0.1 
0.1 0.1 
0.1 0.1 
0.1 0.1 
0.1 0.1 13:1.0 
0.1 0.1 16:1.0 
0.1 0.1 41:1.0 
0.1 0.1 
0.1 0.1 
0.1 0.1 34:1.0 48:1.0 68:1.0 74:1.0 89:1.0 92:1.0 95:1.0 97:1.0 99:1.0 107:1.0 109:1.0 
0.1 0.1 12:1.0 86:1.0 
0.1 0.1 
0.1 0.1 
0.1 0.1 
0.1 0.1 12:1.0 
0.1 0.1 
0.1 0.1 10:1.0 
0.1 0.1 
0.1 0.1 
0.1 0.1 
0.1 0.1 
0.1 0.1 
0.1 0.1 
0.1 0.1 
0.1 0.1 
0.1 0.1 
0.1 0.1 
0.1 0.1 
0.1 0.1 
0.1 0.1 13:1.0 64:1.0 
0.1 0.1 75:1.0 
0.1 0.1 34:1.0 48:1.0 68:1.0 74:1.0 89:1.0 92:1.0 95:1.0 97:1.0 99:1.0 107:1.0 109:1.0 
0.1 0.1 
0.1 0.1 75:1.0 
0.1 0.1 
0.1 0.1 
0.1 0.1 47:1.0 
0.1 0.1 
0.1 0.1 
0.1 0.1 
0.1 0.1 
0.1 0.1 
0.1 0.1 13:1.0 
0.1 0.1 
0.1 0.1 
0.1 0.1 
0.1 0.1 29:1.0 
0.1 0.1 
0.1 0.1 
0.1 0.1 
0.1 0.1 
0.1 0.1 
0.1 0.1 
0.1 0.1 
0.1 0.1 54:1.0 
0.1 0.1 89:1.0 
0.1 0.1 
0.1 0.1 
0.1 0.1 
0.1 0.1 
0.1 0.1 86:1.0 
0.1 0.1 
0.1 0.1 
0.1 0.1 
0.1 0.1 
0.1 0.1 
0.1 0.1 
0.1 0.1 
0.1 0.1 
0.1 0.1 
0.1 0.1 
0.1 0.1 
0.1 0.1 
0.1 0.1 
0.1 0.1 
0.1 0.1 
0.1 0.1 
0.1 0.1 
0.1 0.1 
0.1 0.1 
0.1 0.1 
0.1 0.1 
0.1 0.1 36:1.0 
0.1 0.1 
0.1 0.1 
0.1 0.1 
0.1 0.1 
0.1 0.1 
0.1 0.1 
0.1 0.1 
0.1 0.1 
0.1 0.1 
0.1 0.1 
0.1 0.1 64:1.0 
0.1 0.1 
0.1 0.1 
0.1 0.1 
0.1 0.1 
0.1 0.1 
0.1 0.1 23:1.0 
0.1 0.1 85:1.0 
0.1 0.1 87:1.0 
0.1 0.1 
0.1 0.1 12:1.0 
0.1 0.1 
0.1 0.1 
0.1 0.1 22:1.0 
0.1 0.1 71:1.0 
0.1 0.1 87:1.0 
0.1 0.1 23:1.0 49:1.0 
0.1 0.1 
0.1 0.1 
0.1 0.1 76:1.0 
0.1 0.1 
0.1 0.1 
0.1 0.1 31:1.0 
0.1 0.1 
0.1 0.1 
0.1 0.1 
0.1 0.1 
0.1 0.1 39:1.0 
0.1 0.1 
0.1 0.1 
0.1 0.1 
0.1 0.1 
0.1 0.1 19:1.0 68:1.0 74:1.0 99:1.0 
0.1 0.1 
0.1 0.1 
0.1 0.1 
0.1 0.1 
0.1 0.1 
0.1 0.1 
0.1 0.1 
0.1 0.1 
0.1 0.1 
0.1 0.1 55:1.0 
0.1 0.1 
0.1 0.1 
0.1 0.1 
0.1 0.1 
0.1 0.1 19:1.0 
0.1 0.1 
0.1 0.1 
0.1 0.1 
0.1 0.1 
0.1 0.1 
0.1 0.1 
0.1 0.1 
0.1 0.1 
0.1 0.1 64:1.0 
0.1 0.1 69:1.0 
0.1 0.1 
0.1 0.1 74:1.0 
0.1 0.1 
0.1 0.1 13:1.0 
0.1 0.1 
0.1 0.1 
0.1 0.1 20:1.0 
0.1 0.1 
0.1 0.1 19:1.0 
0.1 0.1 
0.1 0.1 
0.1 0.1 2:1.0 
0.1 0.1 
0.1 0.1 65:1.0 
0.1 0.1 
0.1 0.1 
0.1 0.1 
0.1 0.1 77:1.0 
0.1 0.1 
0.1 0.1 
0.1 0.1 90:1.0 
0.1 0.1 
0.1 0.1 
0.1 0.1 55:1.0 
0.1 0.1 16:1.0 
0.1 0.1 
0.1 0.1 47:1.0 48:1.0 89:1.0 92:1.0 
0.1 0.1 
0.1 0.1 
0.1 0.1 25:1.0 89:1.0 
0.1 0.1 67:1.0 77:1.0 
0.1 0.1 
0.1 0.1 
0.1 0.1 
0.1 0.1 74:1.0 
0.1 0.1 
0.1 0.1 67:1.0 
0.1 0.1 65:1.0 
0.1 0.1 
0.1 0.1 
0.1 0.1 
0.1 0.1 
0.1 0.1 
0.1 0.1 23:1.0 
0.1 0.1 
0.1 0.1 
0.1 0.1 
0.1 0.1 
0.1 0.1 
0.1 0.1 
0.1 0.1 
0.1 0.1 47:1.0 
0.1 0.1 
0.1 0.1 
0.1 0.1 
0.1 0.1 
0.1 0.1 
0.1 0.1 
0.1 0.1 
0.1 0.1 54:1.0 
0.1 0.1 30:1.0 
0.1 0.1 
0.1 0.1 
0.1 0.1 30:1.0 
0.1 0.1 30:1.0 
0.1 0.1 
0.1 0.1 
0.1 0.1 
0.1 0.1 
0.1 0.1 
0.1 0.1 
0.1 0.1 
0.1 0.1 65:1.0 
0.1 0.1 
0.1 0.1 
0.1 0.1 
0.1 0.1 
0.1 0.1 
0.1 0.1 
0.1 0.1 
0.1 0.1 
0.1 0.1 
0.1 0.1 
0.1 0.1 
0.1 0.1 
0.1 0.1 65:1.0 
0.1 0.1 
0.1 0.1 
0.1 0.1 64:1.0 
0.1 0.1 
0.1 0.1 
0.1 0.1 
0.1 0.1 
0.1 0.1 
0.1 0.1 29:1.0 69:1.0 
0.1 0.1 
0.1 0.1 
0.1 0.1 
0.1 0.1 
0.1 0.1 
0.1 0.1 
0.1 0.1 
0.1 0.1 
0.1 0.1 
0.1 0.1 
0.1 0.1 
0.1 0.1 2:1.0 
0.1 0.1 
0.1 0.1 
0.1 0.1 
0.1 0.1 
0.1 0.1 
0.1 0.1 
0.1 0.1 
0.1 0.1 
0.1 0.1 
0.1 0.1 
0.1 0.1 
0.1 0.1 
0.1 0.1 
0.1 0.1 
0.1 0.1 71:1.0 
0.1 0.1 
0.1 0.1 
0.1 0.1 
0.1 0.1 
0.1 0.1 
0.1 0.1 
0.1 0.1 64:1.0 
0.1 0.1 
0.1 0.1 
0.1 0.1 
0.1 0.1 
0.1 0.1 
0.1 0.1 
0.1 0.1 
0.1 0.1 
0.1 0.1 
0.1 0.1 
0.1 0.1 
0.1 0.1 
0.1 0.1 
0.1 0.1 
0.1 0.1 
0.1 0.1 
0.1 0.1 
0.1 0.1 
0.1 0.1 
0.1 0.1 
0.1 0.1 
0.1 0.1 
0.1 0.1 
0.1 0.1 
0.1 0.1 
0.1 0.1 
0.1 0.1 
0.1 0.1 
0.1 0.1 39:1.0 
0.1 0.1 
0.1 0.1 
0.1 0.1 
0.1 0.1 
0.1 0.1 
0.1 0.1 
0.1 0.1 
0.1 0.1 
0.1 0.1 3:1.0 22:1.0 
0.1 0.1 
0.1 0.1 
0.1 0.1 
0.1 0.1 
0.1 0.1 
0.1 0.1 
0.1 0.1 
0.1 0.1 
0.1 0.1 
0.1 0.1 
0.1 0.1 
0.1 0.1 
0.1 0.1 
0.1 0.1 
0.1 0.1 
0.1 0.1 
0.1 0.1 3:1.0 
0.1 0.1 
0.1 0.1 
0.1 0.1 
0.1 0.1 
0.1 0.1 
0.1 0.1 
0.1 0.1 45:1.0 
0.1 0.1 
0.1 0.1 22:1.0 
0.1 0.1 
0.1 0.1 
0.1 0.1 
0.1 0.1 
0.1 0.1 
0.1 0.1 
0.1 0.1 
0.1 0.1 
0.1 0.1 
0.1 0.1 
0.1 0.1 
0.1 0.1 
0.1 0.1 
0.1 0.1 
0.1 0.1 
0.1 0.1 
0.1 0.1 
0.1 0.1 25:1.0 87:1.0 
0.1 0.1 
0.1 0.1 
0.1 0.1 
0.1 0.1 
0.1 0.1 
0.1 0.1 58:1.0 70:1.0 
0.1 0.1 
0.1 0.1 
0.1 0.1 
0.1 0.1 
0.1 0.1 
0.1 0.1 59:1.0 62:1.0 
0.1 0.1 22:1.0 
0.1 0.1 
0.1 0.1 
0.1 0.1 
0.1 0.1 
0.1 0.1 
0.1 0.1 
0.1 0.1 
0.1 0.1 
0.1 0.1 
0.1 0.1 
0.1 0.1 
0.1 0.1 
0.1 0.1 
0.1 0.1 
0.1 0.1 
0.1 0.1 
0.1 0.1 
0.1 0.1 
0.1 0.1 
0.1 0.1 85:1.0 
0.1 0.1 
0.1 0.1 
0.1 0.1 
0.1 0.1 
0.1 0.1 25:1.0 
0.1 0.1 
0.1 0.1 
0.1 0.1 
0.1 0.1 
0.1 0.1 
0.1 0.1 
0.1 0.1 
0.1 0.1 42:1.0 
0.1 0.1 
0.1 0.1 
0.1 0.1 3:1.0 
0.1 0.1 
0.1 0.1 
0.1 0.1 
0.1 0.1 
0.1 0.1 
0.1 0.1 
0.1 0.1 
0.1 0.1 
0.1 0.1 
0.1 0.1 
0.1 0.1 
0.1 0.1 
0.1 0.1 
0.1 0.1 
0.1 0.1 
0.1 0.1 
0.1 0.1 
0.1 0.1 2:1.0 
0.1 0.1 
0.1 0.1 
0.1 0.1 
0.1 0.1 64:1.0 
0.1 0.1 
0.1 0.1 
0.1 0.1 
0.1 0.1 23:1.0 48:1.0 68:1.0 89:1.0 92:1.0 97:1.0 107:1.0 
0.1 0.1 
0.1 0.1 2:1.0 
0.1 0.1 
0.1 0.1 
0.1 0.1 
0.1 0.1 
0.1 0.1 
0.1 0.1 39:1.0 
0.1 0.1 55:1.0 
0.1 0.1 
0.1 0.1 
0.1 0.1 
0.1 0.1 42:1.0 
0.1 0.1 
0.1 0.1 19:1.0 
0.1 0.1 68:1.0 74:1.0 99:1.0 
0.1 0.1 
0.1 0.1 
-0.0 0.1 76:1.0 
-0.1 0.1 41:1.0 
-0.1 0.0 42:1.0 
-0.0 0.1 10:1.0 
-0.0 0.1 62:1.0 73:1.0 
-0.0 0.1 1:1.0 76:1.0 
-0.1 0.1 34:1.0 74:1.0 95:1.0 
-0.1 0.0 71:1.0 
-0.1 0.1 47:1.0 85:1.0 89:1.0 
-0.1 0.1 85:1.0 
-0.1 0.0 42:1.0 
-0.1 0.1 34:1.0 74:1.0 95:1.0 
-0.0 0.1 11:1.0 
-0.1 0.0 86:1.0 
-0.1 0.0 74:1.0 
-0.1 0.1 39:1.0 
-0.0 0.1 37:1.0 
-0.1 0.0 19:1.0 
-0.1 0.1 12:1.0 
-0.0 0.1 11:1.0 27:1.0 
-0.1 0.0 3:1.0 
-0.1 0.1 2:1.0 
-0.0 0.1 11:1.0 
-0.0 0.1 24:1.0 
-0.0 0.1 76:1.0 
-0.0 0.1 84:1.0 
-0.0 0.1 15:1.0 82:1.0 
-0.0 0.1 37:1.0 
-0.0 0.1 33:1.0 
-0.1 0.0 29:1.0 
-0.1 0.0 65:1.0 
-0.1 0.0 71:1.0 
-0.0 0.1 6:1.0 26:1.0 
-0.0 0.1 18:1.0 
-0.1 0.1 20:1.0 
-0.0 0.1 58:1.0 
-0.0 0.1 67:1.0 
-0.1 0.1 19:1.0 
-0.0 0.1 6:1.0 76:1.0 
-0.0 0.1 52:1.0 60:1.0 
-0.1 0.0 29:1.0 
-0.0 0.1 83:1.0 88:1.0 98:1.0 
-0.1 0.1 10:1.0 
-0.1 0.0 48:1.0 68:1.0 74:1.0 89:1.0 92:1.0 97:1.0 99:1.0 107:1.0 109:1.0 
-0.0 0.1 53:1.0 82:1.0 
-0.0 0.1 4:1.0 66:1.0 
-0.1 0.0 3:1.0 
-0.0 0.1 73:1.0 
-0.0 0.1 
-0.0 0.1 
-0.0 0.1 
-0.0 0.1 
-0.0 0.1 
-0.0 0.1 
-0.0 0.1 
-0.0 0.1 
-0.0 0.1 
-0.0 0.1 
-0.0 0.1 
-0.0 0.1 
-0.0 0.1 
-0.0 0.1 
-0.0 0.1 
-0.0 0.1 
-0.0 0.1 
-0.0 0.1 
-0.0 0.1 
-0.0 0.1 
-0.0 0.1 
-0.0 0.1 
-0.0 0.1 
-0.0 0.1 3:1.0 14:1.0 32:1.0 73:1.0 
-0.0 0.1 
-0.0 0.1 
-0.0 0.1 
-0.0 0.1 
-0.0 0.1 
-0.0 0.1 
-0.0 0.1 7:1.0 
-0.0 0.1 
-0.0 0.1 
-0.0 0.1 
-0.0 0.1 
-0.0 0.1 
-0.0 0.1 
-0.0 0.1 
-0.0 0.1 
-0.0 0.1 
-0.0 0.1 
-0.0 0.1 
-0.0 0.1 
-0.0 0.1 
-0.1 0.1 41:1.0 
-0.0 0.1 
-0.0 0.1 
-0.0 0.1 
-0.0 0.1 
-0.0 0.1 
-0.0 0.1 
-0.0 0.1 
-0.0 0.1 21:1.0 54:1.0 
-0.0 0.1 
-0.0 0.1 
-0.0 0.1 
-0.0 0.1 
-0.0 0.1 66:1.0 
-0.0 0.1 
-0.0 0.1 
-0.0 0.1 
-0.1 0.1 67:1.0 
-0.0 0.1 
-0.0 0.1 
-0.0 0.1 
-0.0 0.1 
-0.0 0.1 
-0.0 0.1 
-0.0 0.1 44:1.0 
-0.1 0.1 42:1.0 
-0.0 0.1 
-0.0 0.1 
-0.0 0.1 
-0.0 0.1 
-0.1 0.0 3:1.0 
-0.0 0.1 79:1.0 84:1.0 
-0.0 0.1 
-0.0 0.1 
-0.0 0.1 
-0.0 0.1 
-0.0 0.1 
-0.0 0.1 
-0.0 0.1 
-0.0 0.1 
-0.1 0.1 19:1.0 
-0.0 0.1 
-0.0 0.1 11:1.0 
-0.0 0.1 24:1.0 71:1.0 
-0.0 0.1 
-0.0 0.1 45:1.0 
-0.0 0.1 
-0.0 0.1 
-0.0 0.1 
-0.0 0.1 
-0.0 0.1 
-0.1 0.1 69:1.0 
-0.0 0.1 
-0.0 0.1 
-0.1 0.1 16:1.0 
-0.0 0.1 26:1.0 
-0.0 0.1 
-0.0 0.1 
-0.0 0.1 
-0.0 0.1 
-0.0 0.1 
-0.0 0.1 
-0.0 0.1 
-0.0 0.1 
-0.0 0.1 
-0.0 0.1 
-0.1 0.1 
-0.1 0.1 
-0.1 0.1 
-0.1 0.1 
-0.1 0.1 
-0.1 0.1 
-0.1 0.1 
-0.1 0.1 
-0.1 0.1 
-0.1 0.1 
-0.1 0.1 
-0.1 0.1 
-0.0 0.1 50:1.0 
-0.1 0.1 
-0.1 0.1 
-0.1 0.1 
-0.1 0.1 
-0.1 0.1 
-0.1 0.1 
-0.1 0.1 
-0.1 0.1 
-0.1 0.1 
-0.1 0.1 
-0.1 0.1 
-0.1 0.1 
-0.1 0.1 
-0.1 0.1 
-0.1 0.1 
-0.1 0.1 
-0.1 0.1 
-0.1 0.1 
-0.1 0.1 
-0.1 0.1 
-0.0 0.1 91:1.0 
-0.1 0.1 
-0.1 0.1 
-0.1 0.1 
-0.1 0.1 
-0.0 0.1 58:1.0 
-0.1 0.1 
-0.1 0.1 
-0.1 0.1 
-0.1 0.1 
-0.1 0.1 
-0.1 0.1 
-0.1 0.1 37:1.0 77:1.0 
-0.1 0.1 
-0.1 0.1 
-0.1 0.1 
-0.1 0.1 
-0.1 0.1 
-0.1 0.1 
-0.1 0.1 
-0.1 0.1 
-0.1 0.1 
-0.1 0.1 
-0.1 0.1 
-0.1 0.1 
-0.1 0.1 
-0.1 0.1 
-0.0 0.1 53:1.0 
-0.1 0.1 
-0.1 0.1 
-0.1 0.1 
-0.1 0.1 
-0.1 0.1 
-0.1 0.1 
-0.1 0.1 
-0.1 0.1 
-0.1 0.1 
-0.1 0.1 
-0.1 0.1 
-0.1 0.1 
-0.1 0.1 
-0.1 0.1 
-0.1 0.1 
-0.0 0.1 23:1.0 
-0.1 0.1 
-0.1 0.1 
-0.1 0.1 
-0.1 0.1 
-0.1 0.1 
-0.1 0.1 
-0.0 0.1 19:1.0 81:1.0 
-0.1 0.1 
-0.1 0.1 
-0.1 0.1 
-0.0 0.1 49:1.0 
-0.0 0.1 52:1.0 
-0.1 0.1 
-0.0 0.1 49:1.0 54:1.0 
-0.1 0.1 
-0.1 0.1 
-0.1 0.1 
-0.0 0.1 66:1.0 
-0.1 0.1 67:1.0 
-0.0 0.1 43:1.0 
-0.0 0.1 35:1.0 
-0.1 0.1 
-0.1 0.1 
-0.1 0.1 
-0.1 0.1 
-0.1 0.1 
-0.1 0.1 74:1.0 
-0.1 0.1 
-0.1 0.1 
-0.0 0.1 49:1.0 
-0.1 0.1 
-0.0 0.1 43:1.0 
-0.1 0.1 
-0.1 0.1 85:1.0 
-0.1 0.1 
-0.1 0.1 
-0.1 0.1 
-0.1 0.1 
-0.1 0.1 59:1.0 
-0.1 0.1 
-0.1 0.1 
-0.1 0.1 
-0.0 0.1 46:1.0 
-0.1 0.1 
-0.1 0.1 
-0.1 0.1 
-0.1 0.1 
-0.1 0.1 
-0.1 0.1 
-0.1 0.1 
-0.1 0.1 
-0.1 0.1 
-0.1 0.1 
-0.1 0.1 
-0.1 0.1 
-0.0 0.1 53:1.0 
-0.0 0.1 17:1.0 
-0.1 0.1 
-0.1 0.1 
-0.0 0.1 83:1.0 
-0.1 0.1 
-0.1 0.1 
-0.1 0.1 
-0.1 0.1 
-0.1 0.1 16:1.0 
-0.1 0.1 
-0.1 0.1 
-0.1 0.1 
-0.1 0.1 
-0.0 0.1 23:1.0 
-0.1 0.1 
-0.1 0.1 
-0.1 0.1 29:1.0 
-0.1 0.1 
-0.1 0.1 
-0.1 0.1 
-0.1 0.1 
-0.1 0.1 
-0.1 0.1 
-0.1 0.1 
-0.1 0.1 
-0.1 0.1 
-0.1 0.1 
-0.1 0.1 
-0.1 0.1 
-0.0 0.1 20:1.0 42:1.0 
-0.0 0.1 27:1.0 
-0.1 0.1 
-0.0 0.1 7:1.0 
-0.1 0.1 
-0.1 0.1 
-0.1 0.1 
-0.1 0.1 
-0.1 0.1 
-0.1 0.1 
-0.1 0.1 45:1.0 
-0.1 0.1 
-0.1 0.1 
-0.1 0.1 
-0.1 0.1 
-0.1 0.0 54:1.0 
-0.1 0.1 
-0.1 0.1 
-0.1 0.1 
-0.1 0.1 
-0.1 0.1 
-0.0 0.1 23:1.0 
-0.1 0.1 
-0.1 0.1 
-0.1 0.1 
-0.1 0.1 
-0.1 0.1 
-0.1 0.1 
-0.1 0.1 
-0.0 0.1 6:1.0 
-0.1 0.1 
-0.1 0.1 
-0.1 0.1 
-0.1 0.1 
-0.1 0.1 
-0.1 0.1 
-0.1 0.1 
-0.1 0.1 
-0.1 0.1 
-0.1 0.1 
-0.1 0.1 
-0.1 0.1 
-0.1 0.1 
-0.1 0.1 
-0.0 0.1 19:1.0 79:1.0 
-0.1 0.1 
-0.1 0.1 
-0.1 0.1 
-0.1 0.1 
-0.1 0.1 
-0.1 0.1 
-0.1 0.1 
-0.1 0.1 
-0.1 0.1 
-0.1 0.1 
-0.1 0.1 
-0.1 0.1 
-0.0 0.1 27:1.0 
-0.1 0.1 
-0.1 0.1 
-0.1 0.1 
-0.1 0.1 
-0.1 0.1 
-0.1 0.1 
-0.1 0.1 
-0.1 0.1 
-0.1 0.1 
-0.1 0.1 
-0.1 0.1 
-0.1 0.1 
-0.0 0.1 26:1.0 81:1.0 
-0.1 0.1 
-0.1 0.1 
-0.1 0.1 
-0.1 0.1 
-0.1 0.1 
-0.1 0.1 
-0.1 0.1 
-0.1 0.1 
-0.1 0.1 
-0.1 0.1 
-0.1 0.1 
-0.1 0.1 
-0.1 0.1 
-0.1 0.1 
-0.1 0.1 
-0.1 0.1 
-0.1 0.1 
-0.1 0.1 
-0.1 0.1 23:1.0 
-0.1 0.1 
-0.1 0.1 
-0.1 0.1 
-0.1 0.1 
-0.1 0.1 
-0.1 0.1 
-0.1 0.1 
-0.1 0.1 
-0.1 0.1 
-0.1 0.1 
-0.1 0.1 
-0.1 0.1 
-0.1 0.1 
-0.1 0.1 
-0.1 0.1 
-0.1 0.1 
-0.1 0.1 
-0.1 0.1 31:1.0 
-0.1 0.1 
-0.1 0.1 
-0.1 0.1 
-0.1 0.1 
-0.1 0.1 70:1.0 
-0.1 0.1 
-0.1 0.1 
-0.1 0.1 
-0.0 0.1 83:1.0 88:1.0 98:1.0 
-0.1 0.1 
-0.1 0.1 
-0.1 0.1 
-0.1 0.1 
-0.1 0.1 
-0.1 0.1 
-0.0 0.1 72:1.0 
-0.0 0.1 14:1.0 
-0.0 0.1 24:1.0 
-0.1 0.1 
-0.0 0.1 32:1.0 
-0.1 0.1 
-0.1 0.1 
-0.1 0.1 
-0.1 0.1 
-0.1 0.1 
-0.1 0.1 
-0.0 0.1 38:1.0 78:1.0 80:1.0 90:1.0 100:1.0 
-0.0 0.1 17:1.0 
-0.0 0.1 21:1.0 
-0.0 0.1 43:1.0 56:1.0 
-0.0 0.1 35:1.0 44:1.0 
-0.1 0.1 
-0.1 0.1 
-0.1 0.1 
-0.1 0.1 31:1.0 
-0.1 0.1 
-0.1 0.1 
-0.1 0.1 47:1.0 
-0.1 0.1 
-0.0 0.1 14:1.0 35:1.0 
-0.1 0.1 
-0.1 0.1 
-0.1 0.1 
-0.1 0.1 
-0.0 0.1 84:1.0 
-0.1 0.1 
-0.1 0.1 
-0.1 0.1 
-0.1 0.1 
-0.0 0.1 63:1.0 
-0.1 0.1 
-0.1 0.1 
-0.1 0.1 
-0.1 0.1 
-0.1 0.1 
-0.1 0.1 
-0.1 0.1 
-0.1 0.1 
-0.1 0.1 
-0.1 0.1 
-0.1 0.1 
-0.0 0.1 7:1.0 
-0.1 0.1 
-0.1 0.0 54:1.0 
-0.1 0.1 
-0.1 0.1 36:1.0 
-0.1 0.1 
-0.1 0.1 
-0.1 0.1 
-0.1 0.1 
-0.1 0.1 
-0.1 0.1 58:1.0 87:1.0 
-0.1 0.1 
-0.1 0.1 
-0.1 0.1 
-0.1 0.1 
-0.1 0.1 
-0.1 0.1 
-0.1 0.1 
-0.1 0.1 
-0.1 0.1 
-0.1 0.1 
-0.1 0.1 
-0.1 0.1 
-0.1 0.1 
-0.1 0.1 
-0.1 0.1 
-0.1 0.1 
-0.1 0.1 
-0.1 0.1 
-0.1 0.1 
-0.1 0.1 
-0.1 0.1 
-0.1 0.1 
-0.1 0.1 19:1.0 
-0.1 0.1 
-0.1 0.1 
-0.1 0.1 
-0.1 0.1 
-0.1 0.1 
-0.1 0.1 
-0.1 0.1 
-0.1 0.1 
-0.1 0.1 23:1.0 
-0.1 0.1 
-0.1 0.1 
-0.1 0.1 
-0.1 0.1 
-0.1 0.1 
-0.1 0.1 
-0.1 0.1 
-0.1 0.1 
-0.1 0.1 
-0.1 0.1 
-0.1 0.1 
-0.1 0.1 
-0.1 0.1 
-0.1 0.1 
-0.1 0.1 
-0.1 0.1 
-0.1 0.1 
-0.1 0.1 74:1.0 
-0.1 0.1 
-0.0 0.1 82:1.0 
-0.1 0.1 
-0.1 0.1 
-0.1 0.1 
-0.1 0.1 
-0.1 0.1 
-0.1 0.1 
-0.1 0.1 
-0.1 0.1 
-0.1 0.1 
-0.1 0.1 
-0.0 0.1 4:1.0 36:1.0 
-0.1 0.1 
-0.1 0.1 
-0.1 0.1 
-0.1 0.1 
-0.1 0.1 
-0.1 0.1 
-0.1 0.1 
-0.1 0.1 
-0.1 0.1 
-0.1 0.1 
-0.1 0.1 
-0.1 0.1 
-0.1 0.1 
-0.1 0.1 
-0.1 0.1 
-0.1 0.1 
-0.1 0.1 
-0.0 0.1 63:1.0 
-0.1 0.1 
-0.0 0.1 91:1.0 
-0.1 0.1 
-0.1 0.1 
-0.1 0.1 
-0.1 0.1 
-0.1 0.1 
-0.0 0.1 17:1.0 81:1.0 
-0.1 0.1 
-0.1 0.1 
-0.0 0.1 60:1.0 
-0.1 0.1 
-0.1 0.1 
-0.1 0.1 
-0.1 0.1 
-0.1 0.1 
-0.1 0.1 
-0.1 0.1 
-0.1 0.1 
-0.1 0.0 65:1.0 
-0.1 0.1 
-0.1 0.1 
-0.1 0.1 
-0.1 0.1 
-0.1 0.1 
-0.1 0.1 
-0.1 0.1 
-0.0 0.1 49:1.0 
-0.1 0.1 
-0.1 0.1 
-0.1 0.1 
-0.1 0.1 
-0.1 0.1 
-0.1 0.1 
-0.1 0.1 
-0.1 0.1 
-0.1 0.1 
-0.1 0.1 
-0.1 0.1 
-0.1 0.1 
-0.1 0.1 
-0.1 0.1 
-0.1 0.1 
-0.0 0.1 9:1.0 
-0.0 0.1 72:1.0 
-0.1 0.1 
-0.1 0.1 
-0.1 0.1 
-0.0 0.1 82:1.0 
-0.1 0.1 
-0.1 0.1 
-0.1 0.1 
-0.1 0.1 
-0.1 0.1 
-0.1 0.1 
-0.1 0.1 
-0.1 0.1 
-0.1 0.1 
-0.1 0.1 
-0.1 0.1 
-0.1 0.1 
-0.1 0.1 
-0.1 0.1 
-0.1 0.1 
-0.1 0.1 
-0.1 0.1 
-0.1 0.1 76:1.0 
-0.1 0.1 65:1.0 
-0.1 0.1 
-0.1 0.1 
-0.0 0.1 46:1.0 
-0.1 0.1 
-0.0 0.1 40:1.0 61:1.0 102:1.0 
-0.1 0.1 
-0.1 0.1 
-0.1 0.1 
-0.1 0.1 
-0.1 0.1 
-0.1 0.1 
-0.1 0.1 
-0.1 0.1 
-0.1 0.1 
-0.1 0.1 
-0.1 0.1 
-0.1 0.1 
-0.1 0.1 
-0.0 0.1 50:1.0 
-0.1 0.1 
-0.1 0.1 
-0.1 0.1 
-0.1 0.1 
-0.1 0.1 
-0.1 0.1 
-0.1 0.1 
-0.1 0.1 51:1.0 
-0.1 0.1 23:1.0 
-0.1 0.1 
-0.1 0.1 
-0.1 0.1 
-0.1 0.1 
-0.1 0.1 
-0.1 0.1 
-0.1 0.1 
-0.1 0.1 
-0.1 0.1 
-0.0 0.1 62:1.0 76:1.0 
-0.1 0.1 
-0.0 0.1 3:1.0 41:1.0 
-0.1 0.1 
-0.1 0.1 
-0.1 0.1 
-0.1 0.1 65:1.0 82:1.0 
-0.1 0.1 
-0.1 0.1 
-0.1 0.1 
-0.1 0.1 
-0.1 0.1 
-0.1 0.1 
-0.0 -0.1 
-0.0 -0.1 
-0.0 -0.1 
-0.0 -0.1 
-0.1 -0.1 25:1.0 
-0.0 -0.1 
-0.0 -0.1 
-0.0 -0.1 24:1.0 
-0.0 -0.1 
-0.0 -0.1 
-0.0 -0.1 
-0.0 -0.1 
-0.0 -0.1 
-0.0 -0.1 
-0.0 -0.1 
-0.0 -0.1 
-0.1 -0.1 77:1.0 
-0.0 -0.1 
-0.0 -0.1 
-0.0 -0.1 
-0.0 -0.1 
-0.0 -0.1 
-0.0 -0.1 
-0.0 -0.1 73:1.0 
-0.1 -0.1 30:1.0 
-0.0 -0.1 
-0.0 -0.1 66:1.0 
-0.0 -0.1 
-0.0 -0.1 
-0.0 -0.1 
-0.0 -0.1 
-0.0 -0.1 
-0.0 -0.1 
-0.0 -0.1 
-0.0 -0.1 
-0.0 -0.1 10:1.0 
-0.0 -0.1 
-0.0 -0.1 
-0.0 -0.1 
-0.0 -0.1 
-0.0 -0.1 
-0.0 -0.1 91:1.0 
-0.1 -0.1 17:1.0 19:1.0 
-0.0 -0.1 
-0.0 -0.1 1:1.0 
-0.0 -0.1 
-0.0 -0.1 
-0.0 -0.1 
-0.0 -0.1 
-0.0 -0.1 9:1.0 
-0.0 -0.1 
-0.0 -0.1 45:1.0 
-0.0 -0.1 
-0.0 -0.1 
-0.0 -0.1 
-0.0 -0.1 
-0.1 -0.1 64:1.0 69:1.0 
-0.0 -0.1 
-0.0 -0.1 
-0.0 -0.1 
-0.0 -0.1 
-0.0 -0.1 26:1.0 
-0.0 -0.1 
-0.0 -0.1 
-0.0 -0.1 
-0.0 -0.1 
-0.0 -0.1 
-0.0 -0.1 73:1.0 
-0.0 -0.1 
-0.0 -0.1 
-0.0 -0.1 
-0.0 -0.1 
-0.1 -0.1 10:1.0 
-0.0 -0.1 
-0.0 -0.1 
-0.0 -0.1 
-0.0 -0.1 
-0.0 -0.1 
-0.0 -0.1 
-0.0 -0.1 
-0.0 -0.1 
-0.0 -0.1 46:1.0 
-0.0 -0.1 
-0.0 -0.1 62:1.0 
-0.0 -0.1 
-0.0 -0.1 
-0.0 -0.1 
-0.0 -0.1 
-0.0 -0.1 58:1.0 
-0.0 -0.1 
-0.0 -0.1 
-0.0 -0.1 
-0.0 -0.1 
-0.0 -0.1 49:1.0 
-0.0 -0.1 
-0.1 -0.1 12:1.0 
-0.0 -0.1 
-0.0 -0.1 
-0.0 -0.1 
-0.0 -0.1 
-0.0 -0.1 
-0.1 -0.1 
-0.0 -0.1 11:1.0 27:1.0 33:1.0 
-0.1 -0.1 
-0.1 -0.1 
-0.1 -0.1 
-0.1 -0.1 
-0.0 -0.1 4:1.0 
-0.1 -0.1 
-0.1 -0.1 
-0.1 -0.1 
-0.1 -0.1 
-0.1 -0.1 
-0.1 -0.1 
-0.0 -0.1 11:1.0 21:1.0 54:1.0 
-0.1 -0.1 
-0.1 -0.1 
-0.1 -0.1 
-0.1 -0.1 
-0.0 -0.1 37:1.0 
-0.0 -0.1 76:1.0 
-0.1 -0.1 58:1.0 
-0.0 -0.1 73:1.0 
-0.1 -0.1 
-0.1 -0.1 
-0.1 -0.1 16:1.0 
-0.1 -0.1 
-0.1 -0.1 
-0.1 -0.1 
-0.1 -0.1 
-0.1 -0.1 
-0.1 -0.1 
-0.0 -0.1 41:1.0 
-0.1 -0.1 
-0.1 -0.1 
-0.1 -0.1 
-0.1 -0.1 
-0.1 -0.1 
-0.0 -0.1 49:1.0 
-0.1 -0.1 
-0.1 -0.1 
-0.1 -0.1 
-0.1 -0.1 
-0.1 -0.1 43:1.0 64:1.0 
-0.1 -0.1 
-0.1 -0.1 
-0.1 -0.1 65:1.0 
-0.1 -0.1 
-0.1 -0.1 
-0.0 -0.1 43:1.0 
-0.1 -0.1 
-0.0 -0.1 40:1.0 61:1.0 102:1.0 
-0.0 -0.1 76:1.0 
-0.1 -0.1 
-0.1 -0.1 
-0.1 -0.1 
-0.1 -0.1 
-0.0 -0.1 72:1.0 
-0.1 -0.1 
-0.1 -0.1 
-0.1 -0.1 
-0.1 -0.1 
-0.1 -0.1 
-0.1 -0.1 
-0.1 -0.1 
-0.0 -0.1 50:1.0 
-0.1 -0.1 
-0.1 -0.1 
-0.1 -0.1 
-0.1 -0.1 
-0.1 -0.1 
-0.0 -0.1 33:1.0 
-0.1 -0.1 
-0.1 -0.1 
-0.1 -0.1 34:1.0 74:1.0 95:1.0 
-0.1 -0.1 
-0.0 -0.1 23:1.0 
-0.1 -0.1 
-0.1 -0.1 
-0.1 -0.1 
-0.1 -0.1 
-0.0 -0.1 44:1.0 
-0.1 -0.1 
-0.0 -0.1 62:1.0 
-0.1 -0.1 55:1.0 
-0.1 -0.1 
-0.1 -0.1 
-0.1 -0.1 
-0.0 -0.1 23:1.0 
-0.1 -0.1 
-0.1 -0.1 
-0.1 -0.1 
-0.1 -0.1 
-0.1 -0.1 
-0.0 -0.1 26:1.0 
-0.1 -0.1 
-0.1 -0.1 
-0.1 -0.1 
-0.1 -0.1 
-0.1 -0.1 
-0.1 -0.1 
-0.1 -0.1 
-0.0 -0.1 83:1.0 88:1.0 98:1.0 
-0.1 -0.1 49:1.0 55:1.0 
-0.0 -0.1 24:1.0 
-0.1 -0.1 
-0.1 -0.1 
-0.0 -0.1 81:1.0 
-0.1 -0.1 
-0.0 -0.1 67:1.0 
-0.1 -0.1 
-0.1 -0.1 
-0.0 -0.1 37:1.0 
-0.1 -0.1 
-0.1 -0.1 
-0.1 -0.1 
-0.1 -0.1 
-0.1 -0.1 22:1.0 
-0.1 -0.1 
-0.0 -0.1 82:1.0 84:1.0 
-0.1 -0.1 
-0.1 -0.1 
-0.1 -0.1 
-0.1 -0.1 
-0.1 -0.1 
-0.1 -0.1 
-0.1 -0.1 
-0.1 -0.1 
-0.1 -0.1 
-0.1 -0.1 
-0.1 -0.1 
-0.1 -0.1 
-0.1 -0.1 
-0.1 -0.1 
-0.1 -0.1 
-0.1 -0.1 
-0.1 -0.1 
-0.1 -0.1 85:1.0 
-0.1 -0.1 
-0.1 -0.1 
-0.1 -0.1 
-0.1 -0.1 
-0.0 -0.1 50:1.0 
-0.0 -0.1 53:1.0 
-0.1 -0.1 
-0.1 -0.1 
-0.1 -0.1 
-0.1 -0.1 
-0.1 -0.1 
-0.1 -0.1 
-0.1 -0.1 
-0.1 -0.1 
-0.1 -0.1 
-0.0 -0.1 49:1.0 84:1.0 
-0.1 -0.1 
-0.1 -0.1 
-0.1 -0.1 
-0.1 -0.1 
-0.1 -0.1 
-0.0 -0.1 11:1.0 77:1.0 
-0.0 -0.1 73:1.0 
-0.0 -0.1 67:1.0 
-0.1 -0.1 
-0.0 -0.1 76:1.0 
-0.1 -0.1 
-0.1 -0.1 
-0.1 -0.1 
-0.1 -0.1 
-0.1 -0.1 
-0.1 -0.1 
-0.1 -0.1 
-0.1 -0.1 
-0.0 -0.1 1:1.0 
-0.1 -0.1 
-0.1 -0.1 
-0.1 -0.1 
-0.1 -0.1 
-0.1 -0.1 
-0.1 -0.1 
-0.1 -0.1 
-0.1 -0.1 
-0.1 -0.1 
-0.1 -0.1 
-0.1 -0.1 
-0.1 -0.1 
-0.1 -0.1 
-0.1 -0.1 
-0.1 -0.1 
-0.1 -0.1 
-0.1 -0.1 
-0.1 -0.1 
-0.1 -0.1 
-0.0 -0.1 82:1.0 
-0.1 -0.1 
-0.1 -0.1 
-0.1 -0.1 
-0.1 -0.1 
-0.1 -0.1 
-0.1 -0.1 
-0.0 -0.1 18:1.0 
-0.1 -0.1 
-0.1 -0.1 
-0.1 -0.1 
-0.0 -0.1 82:1.0 
-0.1 -0.1 
-0.1 -0.1 
-0.1 -0.1 
-0.1 -0.1 
-0.1 -0.1 
-0.1 -0.1 
-0.1 -0.1 
-0.1 -0.1 
-0.1 -0.1 
-0.1 -0.1 
-0.0 -0.1 73:1.0 
-0.1 -0.1 87:1.0 
-0.1 -0.1 36:1.0 
-0.0 -0.1 24:1.0 
-0.1 -0.1 
-0.1 -0.1 67:1.0 
-0.0 -0.1 27:1.0 40:1.0 61:1.0 102:1.0 
-0.1 -0.1 
-0.1 -0.1 
-0.1 -0.1 
-0.1 -0.1 
-0.1 -0.1 
-0.1 -0.1 
-0.1 -0.1 
-0.0 -0.1 26:1.0 
-0.1 -0.1 
-0.1 -0.1 
-0.1 -0.1 
-0.1 -0.1 
-0.1 -0.1 
-0.1 -0.1 
-0.1 -0.1 
-0.1 -0.1 
-0.0 -0.1 1:1.0 
-0.1 -0.1 
-0.0 -0.1 1:1.0 76:1.0 
-0.1 -0.1 
-0.1 -0.1 
-0.1 -0.1 
-0.1 -0.1 
-0.1 -0.1 
-0.1 -0.1 
-0.1 -0.1 
-0.1 -0.1 
-0.1 -0.1 
-0.1 -0.1 
-0.1 -0.1 
-0.1 -0.1 
-0.0 -0.1 35:1.0 
-0.1 -0.1 
-0.1 -0.1 
-0.1 -0.1 34:1.0 74:1.0 95:1.0 
-0.1 -0.1 
-0.1 -0.1 
-0.1 -0.1 
-0.1 -0.1 
-0.1 -0.1 64:1.0 
-0.0 -0.1 83:1.0 88:1.0 98:1.0 
-0.1 -0.1 
-0.1 -0.1 
-0.1 -0.1 
-0.1 -0.1 
-0.1 -0.1 
-0.1 -0.1 
-0.1 -0.1 
-0.1 -0.1 23:1.0 
-0.0 -0.1 2:1.0 75:1.0 87:1.0 
-0.1 -0.1 
-0.1 -0.1 
-0.1 -0.1 
-0.1 -0.1 
-0.0 -0.1 27:1.0 33:1.0 
-0.1 -0.1 
-0.1 -0.1 53:1.0 87:1.0 
-0.1 -0.1 41:1.0 
-0.1 -0.1 
-0.1 -0.1 76:1.0 
-0.1 -0.1 
-0.1 -0.1 
-0.1 -0.1 
-0.1 -0.1 
-0.1 -0.1 
-0.1 -0.1 
-0.1 -0.1 
-0.1 -0.1 
-0.1 -0.1 
-0.1 -0.1 74:1.0 
-0.0 -0.1 63:1.0 
-0.1 -0.1 
-0.1 -0.1 
-0.1 -0.1 
-0.1 -0.1 
-0.1 -0.1 
-0.1 -0.1 
-0.1 -0.1 
-0.1 -0.1 
-0.1 -0.1 
-0.1 -0.1 
-0.1 -0.1 
-0.1 -0.1 6:1.0 47:1.0 
-0.1 -0.1 
-0.1 -0.1 
-0.0 -0.1 73:1.0 
-0.1 -0.1 1:1.0 13:1.0 
-0.1 -0.1 
-0.0 -0.1 7:1.0 
-0.0 -0.1 52:1.0 60:1.0 
-0.1 -0.1 
-0.1 -0.1 
-0.1 -0.1 
-0.1 -0.1 
-0.1 -0.1 
-0.1 -0.1 
-0.1 -0.1 
-0.0 -0.1 59:1.0 
-0.1 -0.1 
-0.1 -0.1 
-0.1 -0.1 
-0.1 -0.1 
-0.1 -0.1 
-0.1 -0.1 
-0.0 -0.1 9:1.0 14:1.0 
-0.1 -0.1 
-0.0 -0.1 59:1.0 
-0.1 -0.1 
-0.1 -0.1 
-0.1 -0.1 
-0.1 -0.1 
-0.1 -0.1 
-0.1 -0.1 
-0.1 -0.1 
-0.1 -0.1 16:1.0 
-0.1 -0.1 
-0.1 -0.1 
-0.1 -0.1 
-0.1 -0.1 
-0.1 -0.1 
-0.1 -0.1 23:1.0 
-0.1 -0.1 
-0.1 -0.1 
-0.1 -0.1 
-0.1 -0.1 
-0.1 -0.1 
-0.1 -0.1 
-0.1 -0.1 39:1.0 
-0.1 -0.1 
-0.1 -0.1 
-0.1 -0.1 
-0.1 -0.1 
-0.1 -0.1 
-0.1 -0.1 
-0.1 -0.1 
-0.1 -0.1 
-0.1 -0.1 
-0.1 -0.1 
-0.1 -0.1 
-0.0 -0.1 37:1.0 
-0.1 -0.1 
-0.1 -0.1 
-0.1 -0.1 
-0.1 -0.1 
-0.1 -0.1 19:1.0 
-0.1 -0.1 
-0.0 -0.1 84:1.0 
-0.1 -0.1 
-0.0 -0.1 40:1.0 61:1.0 102:1.0 
-0.1 -0.1 
-0.1 -0.1 
-0.1 -0.1 
-0.0 -0.1 40:1.0 61:1.0 102:1.0 
-0.1 -0.1 
-0.1 -0.1 23:1.0 
-0.1 -0.1 
-0.1 -0.1 
-0.1 -0.1 
-0.1 -0.1 
-0.1 -0.1 
-0.1 -0.1 
-0.1 -0.1 
-0.1 -0.1 
-0.1 -0.1 
-0.1 -0.1 
-0.1 -0.1 
-0.1 -0.1 
-0.1 -0.1 
-0.1 -0.1 
-0.1 -0.1 
-0.1 -0.1 
-0.1 -0.1 
-0.1 -0.1 
-0.0 -0.1 66:1.0 
-0.1 -0.1 
-0.1 -0.1 
-0.0 -0.1 9:1.0 
-0.1 -0.1 
-0.1 -0.1 
-0.1 -0.1 
-0.0 -0.1 37:1.0 
-0.1 -0.1 
-0.1 -0.1 42:1.0 
-0.1 -0.1 
-0.1 -0.1 59:1.0 
-0.1 -0.1 
-0.1 -0.1 
-0.1 -0.1 
-0.0 -0.1 11:1.0 
-0.1 -0.1 22:1.0 
-0.1 -0.1 
-0.1 -0.1 
-0.1 -0.1 
-0.1 -0.1 
-0.0 -0.1 73:1.0 
-0.1 -0.1 
-0.0 -0.1 82:1.0 
-0.0 -0.1 73:1.0 
-0.1 -0.1 34:1.0 48:1.0 68:1.0 74:1.0 89:1.0 92:1.0 95:1.0 97:1.0 99:1.0 107:1.0 109:1.0 
-0.1 -0.1 
-0.0 -0.1 14:1.0 52:1.0 
-0.1 -0.1 
-0.1 -0.1 
-0.1 -0.1 
-0.1 -0.1 
-0.1 -0.1 
-0.1 -0.1 29:1.0 
-0.1 -0.1 
-0.1 -0.1 
-0.1 -0.1 
-0.1 -0.1 
-0.1 -0.1 
-0.1 -0.1 
-0.1 -0.1 
-0.1 -0.1 
-0.1 -0.1 
-0.1 -0.1 
-0.1 -0.1 
-0.1 -0.1 
-0.1 -0.1 
-0.1 -0.1 
-0.1 -0.1 
-0.1 -0.1 
-0.1 -0.1 
-0.1 -0.1 45:1.0 
-0.1 -0.1 
-0.1 -0.1 
-0.1 -0.1 
-0.1 -0.1 
-0.1 -0.1 
-0.1 -0.1 
-0.1 -0.1 
-0.0 -0.1 35:1.0 
-0.1 -0.1 
-0.1 -0.1 
-0.1 -0.1 
-0.1 -0.1 
-0.1 -0.1 
-0.1 -0.1 
-0.0 -0.1 9:1.0 
-0.1 -0.1 
-0.1 -0.1 
-0.1 -0.1 
-0.1 -0.1 
-0.1 -0.1 
-0.1 -0.1 
-0.1 -0.1 90:1.0 
-0.1 -0.1 
-0.1 -0.1 
-0.0 -0.1 73:1.0 
-0.1 -0.1 
-0.1 -0.1 
-0.1 -0.1 
-0.1 -0.1 
-0.1 -0.1 
-0.1 -0.1 
-0.1 -0.1 67:1.0 
-0.1 -0.1 
-0.1 -0.1 
-0.1 -0.1 
-0.1 -0.1 
-0.1 -0.1 
-0.1 -0.1 
-0.1 -0.1 
-0.1 -0.1 
-0.1 -0.1 
-0.0 -0.1 72:1.0 
-0.1 -0.1 
-0.1 -0.1 31:1.0 
-0.1 -0.1 
-0.1 -0.1 14:1.0 85:1.0 
-0.1 -0.1 
-0.1 -0.1 
-0.1 -0.1 
-0.1 -0.1 
-0.1 -0.1 
-0.1 -0.1 
-0.1 -0.1 19:1.0 
-0.1 -0.1 
-0.1 -0.1 
-0.1 -0.1 
-0.1 -0.1 30:1.0 
-0.1 -0.1 
-0.1 -0.1 1:1.0 13:1.0 
-0.1 -0.1 
-0.1 -0.1 
-0.1 -0.1 
-0.1 -0.1 19:1.0 
-0.1 -0.1 
-0.1 -0.1 
-0.1 -0.1 
-0.1 -0.1 
-0.1 -0.1 
-0.1 -0.1 
-0.1 -0.1 
-0.1 -0.1 
-0.1 -0.1 
-0.0 -0.1 6:1.0 
-0.1 -0.1 
-0.1 -0.1 
-0.1 -0.1 
-0.1 -0.1 
-0.1 -0.1 
-0.1 -0.1 
-0.1 -0.1 
-0.1 -0.1 
-0.1 -0.1 
-0.0 -0.1 7:1.0 
-0.1 -0.1 
-0.1 -0.1 
-0.1 -0.1 
-0.1 -0.1 
-0.1 -0.1 
-0.1 -0.1 
-0.1 -0.1 
-0.1 -0.1 
-0.1 -0.1 
-0.1 -0.1 
-0.1 -0.1 
-0.1 -0.1 
-0.1 -0.1 
-0.1 -0.1 
-0.1 -0.1 
-0.1 -0.1 20:1.0 
-0.1 -0.1 
-0.1 -0.1 
-0.1 -0.1 
-0.1 -0.1 
-0.1 -0.1 
-0.0 -0.1 17:1.0 
-0.1 -0.1 
-0.1 -0.1 
-0.1 -0.1 
-0.1 -0.1 
-0.1 -0.1 
-0.1 -0.1 
-0.1 -0.1 
-0.1 -0.1 
-0.1 -0.1 
-0.1 -0.1 
-0.1 -0.1 
-0.1 -0.1 
-0.1 -0.1 
-0.1 -0.1 
-0.1 -0.1 
-0.1 -0.1 
-0.1 -0.1 
-0.1 -0.1 
-0.1 -0.1 
-0.1 -0.1 
-0.1 -0.1 
-0.1 -0.1 
-0.1 -0.1 
-0.1 -0.1 41:1.0 
-0.1 -0.1 
-0.1 -0.1 
-0.1 -0.1 
-0.1 -0.1 
-0.1 -0.1 
-0.1 -0.1 
-0.1 -0.1 
