svm_type c_svc
kernel_type rbf
gamma 0.1
nr_class 3
total_sv 1928
rho -1.4116684598130378 -3.1550793484833974 1.8738875126045076
label 2 0 1
nr_sv 503 747 678
SV
10.0 10.0 
10.0 10.0 
10.0 10.0 
10.0 10.0 
5.102725832189345 4.622251140274398 2:1.0 41:1.0 
10.0 10.0 
10.0 10.0 
10.0 10.0 
10.0 10.0 
10.0 10.0 
10.0 10.0 
10.0 10.0 
10.0 10.0 
10.0 10.0 
10.0 10.0 
10.0 10.0 
10.0 10.0 
10.0 10.0 
10.0 10.0 
10.0 10.0 
10.0 9.030105872221696 31:1.0 
10.0 10.0 
10.0 10.0 
10.0 10.0 
10.0 10.0 
10.0 10.0 
10.0 10.0 
10.0 10.0 
10.0 10.0 
10.0 10.0 
10.0 10.0 
10.0 10.0 
10.0 10.0 
10.0 10.0 
10.0 10.0 
10.0 10.0 
10.0 10.0 
10.0 10.0 
0.0 8.929992069254615 25:1.0 
10.0 10.0 
1.5170398653654802 0.0 68:1.0 74:1.0 86:1.0 89:1.0 97:1.0 99:1.0 109:1.0 
10.0 10.0 
10.0 10.0 
10.0 10.0 
10.0 10.0 
10.0 10.0 
10.0 10.0 
10.0 10.0 
10.0 10.0 
10.0 10.0 
10.0 10.0 
10.0 10.0 
10.0 10.0 
10.0 8.85537198301777 51:1.0 
10.0 10.0 
10.0 10.0 
10.0 10.0 
10.0 9.379971132756255 29:1.0 
10.0 10.0 
10.0 10.0 
10.0 10.0 
10.0 10.0 
10.0 10.0 16:1.0 
10.0 10.0 41:1.0 
10.0 10.0 
10.0 10.0 
10.0 10.0 
10.0 10.0 
10.0 10.0 
10.0 9.981731332663903 12:1.0 
10.0 10.0 
10.0 10.0 10:1.0 
10.0 10.0 
10.0 10.0 
10.0 10.0 
10.0 10.0 
10.0 10.0 
10.0 10.0 
10.0 10.0 
10.0 10.0 
10.0 10.0 
10.0 10.0 
10.0 10.0 
10.0 10.0 
0.0 7.200343302797887 75:1.0 
5.154668213618656 8.718163747813342 34:1.0 48:1.0 68:1.0 74:1.0 89:1.0 92:1.0 95:1.0 97:1.0 99:1.0 107:1.0 109:1.0 
10.0 10.0 
9.768688184201169 9.841028312485959 75:1.0 
10.0 10.0 
10.0 10.0 
10.0 8.26600995225769 47:1.0 
10.0 10.0 
10.0 10.0 
10.0 10.0 
10.0 10.0 
10.0 10.0 
0.0 10.0 13:1.0 
10.0 10.0 
10.0 10.0 
10.0 10.0 
10.0 9.475400850261524 29:1.0 
10.0 10.0 
10.0 10.0 
10.0 10.0 
10.0 10.0 
10.0 10.0 
10.0 10.0 
10.0 10.0 
10.0 3.80674255881462 54:1.0 
10.0 9.328500319650404 89:1.0 
10.0 10.0 
10.0 10.0 
10.0 10.0 
10.0 10.0 
10.0 8.855157017509027 86:1.0 
10.0 10.0 
10.0 10.0 
10.0 10.0 
10.0 10.0 
10.0 10.0 
10.0 10.0 
10.0 10.0 
10.0 10.0 
10.0 10.0 
10.0 10.0 
10.0 10.0 
10.0 10.0 
10.0 10.0 
10.0 10.0 
10.0 10.0 
10.0 10.0 
10.0 10.0 
10.0 10.0 
10.0 10.0 
10.0 10.0 
10.0 10.0 
10.0 10.0 36:1.0 
10.0 10.0 
10.0 10.0 
10.0 10.0 
10.0 10.0 
10.0 10.0 
10.0 10.0 
10.0 10.0 
10.0 10.0 
10.0 10.0 
10.0 10.0 
10.0 10.0 
10.0 10.0 
10.0 10.0 
10.0 10.0 
10.0 10.0 
10.0 10.0 23:1.0 
10.0 10.0 85:1.0 
9.005631982935494 10.0 87:1.0 
10.0 10.0 
9.769397515232658 8.873536384758628 12:1.0 
10.0 10.0 
10.0 10.0 
0.0 9.504576265271327 22:1.0 
10.0 0.0 71:1.0 
9.812608660029387 10.0 87:1.0 
10.0 10.0 23:1.0 49:1.0 
10.0 10.0 
10.0 10.0 
10.0 10.0 76:1.0 
10.0 10.0 
10.0 10.0 
10.0 9.82515447981593 31:1.0 
10.0 10.0 
10.0 10.0 
10.0 10.0 
10.0 10.0 
10.0 10.0 
10.0 10.0 
10.0 10.0 
10.0 10.0 
1.5913807911613782 0.5276688065037202 19:1.0 68:1.0 74:1.0 99:1.0 
10.0 10.0 
10.0 10.0 
10.0 10.0 
10.0 10.0 
10.0 10.0 
10.0 10.0 
10.0 10.0 
10.0 10.0 
10.0 10.0 
0.0 8.044308933621254 55:1.0 
10.0 10.0 
10.0 10.0 
10.0 10.0 
10.0 10.0 
10.0 10.0 19:1.0 
10.0 10.0 
10.0 10.0 
10.0 10.0 
10.0 10.0 
10.0 10.0 
10.0 10.0 
10.0 10.0 
10.0 10.0 
0.0 7.01256793991262 64:1.0 
10.0 10.0 69:1.0 
10.0 10.0 
10.0 10.0 74:1.0 
10.0 10.0 
9.76941923571935 9.861450781040297 13:1.0 
10.0 10.0 
10.0 10.0 
10.0 10.0 20:1.0 
10.0 10.0 
10.0 10.0 19:1.0 
10.0 10.0 
10.0 10.0 
10.0 10.0 
10.0 0.0 65:1.0 
10.0 10.0 
10.0 10.0 
10.0 10.0 
10.0 10.0 77:1.0 
10.0 10.0 
10.0 10.0 
10.0 10.0 90:1.0 
10.0 10.0 
10.0 10.0 
0.0 10.0 55:1.0 
10.0 10.0 16:1.0 
10.0 10.0 
2.5184396989121725 0.0 47:1.0 48:1.0 89:1.0 92:1.0 
10.0 10.0 
10.0 10.0 
8.905399719437922 10.0 67:1.0 77:1.0 
10.0 10.0 
10.0 10.0 
10.0 10.0 
10.0 10.0 74:1.0 
10.0 10.0 
10.0 10.0 67:1.0 
10.0 0.0 65:1.0 
10.0 10.0 
10.0 10.0 
10.0 10.0 
10.0 10.0 
10.0 10.0 
10.0 10.0 23:1.0 
10.0 10.0 
10.0 10.0 
10.0 10.0 
10.0 10.0 
10.0 10.0 
10.0 10.0 
10.0 10.0 
10.0 9.636580761679399 47:1.0 
10.0 10.0 
10.0 10.0 
10.0 10.0 
10.0 10.0 
10.0 10.0 
10.0 10.0 
10.0 10.0 
10.0 9.452785041144283 54:1.0 
0.0 9.097837795177028 30:1.0 
10.0 10.0 
10.0 10.0 
0.0 10.0 30:1.0 
9.769782453000069 9.7568696968311 30:1.0 
10.0 10.0 
10.0 10.0 
10.0 10.0 
10.0 10.0 
10.0 10.0 
10.0 10.0 
10.0 10.0 
10.0 9.170968910524609 65:1.0 
10.0 10.0 
10.0 10.0 
10.0 10.0 
10.0 10.0 
10.0 10.0 
10.0 10.0 
10.0 10.0 
10.0 10.0 
10.0 10.0 
10.0 10.0 
10.0 10.0 
10.0 10.0 
10.0 9.68318129008511 65:1.0 
10.0 10.0 
10.0 10.0 
0.0 10.0 64:1.0 
10.0 10.0 
10.0 10.0 
10.0 10.0 
10.0 10.0 
10.0 10.0 
9.716617390848802 0.0 29:1.0 69:1.0 
10.0 10.0 
10.0 10.0 
10.0 10.0 
10.0 10.0 
10.0 10.0 
10.0 10.0 
10.0 10.0 
10.0 10.0 
10.0 10.0 
10.0 10.0 
10.0 10.0 
10.0 10.0 
10.0 10.0 
10.0 10.0 
10.0 10.0 
10.0 10.0 
10.0 10.0 
10.0 10.0 
10.0 10.0 
10.0 10.0 
10.0 10.0 
10.0 10.0 
10.0 10.0 
10.0 10.0 
10.0 10.0 
10.0 8.854937865033353 71:1.0 
10.0 10.0 
10.0 10.0 
10.0 10.0 
10.0 10.0 
10.0 10.0 
10.0 10.0 
0.0 10.0 64:1.0 
10.0 10.0 
10.0 10.0 
10.0 10.0 
10.0 10.0 
10.0 10.0 
10.0 10.0 
10.0 10.0 
10.0 10.0 
10.0 10.0 
10.0 10.0 
10.0 10.0 
10.0 10.0 
10.0 10.0 
10.0 10.0 
10.0 10.0 
10.0 10.0 
10.0 10.0 
10.0 10.0 
10.0 10.0 
10.0 10.0 
10.0 10.0 
10.0 10.0 
10.0 10.0 
10.0 10.0 
10.0 10.0 
10.0 10.0 
10.0 10.0 
10.0 10.0 
10.0 9.190207218208286 39:1.0 
10.0 10.0 
10.0 10.0 
10.0 10.0 
10.0 10.0 
10.0 10.0 
10.0 10.0 
10.0 10.0 
10.0 10.0 
5.102052376145163 0.0 3:1.0 22:1.0 
10.0 10.0 
10.0 10.0 
10.0 10.0 
10.0 10.0 
10.0 10.0 
10.0 10.0 
10.0 10.0 
10.0 10.0 
10.0 10.0 
10.0 10.0 
10.0 10.0 
10.0 10.0 
10.0 10.0 
10.0 10.0 
10.0 10.0 
10.0 10.0 
10.0 0.0 3:1.0 
10.0 10.0 
10.0 10.0 
10.0 10.0 
10.0 10.0 
10.0 10.0 
10.0 10.0 
10.0 10.0 45:1.0 
10.0 10.0 
0.0 10.0 22:1.0 
10.0 10.0 
10.0 10.0 
10.0 10.0 
10.0 10.0 
10.0 10.0 
10.0 10.0 
10.0 10.0 
10.0 10.0 
10.0 10.0 
10.0 10.0 
10.0 10.0 
10.0 10.0 
10.0 10.0 
10.0 10.0 
10.0 10.0 
10.0 10.0 
10.0 10.0 
10.0 10.0 
10.0 10.0 
10.0 10.0 
10.0 10.0 
10.0 10.0 
10.0 8.852549525384495 58:1.0 70:1.0 
10.0 10.0 
10.0 10.0 
10.0 10.0 
10.0 10.0 
10.0 10.0 
10.0 10.0 59:1.0 62:1.0 
5.152291824147874 9.350187086006938 22:1.0 
10.0 10.0 
10.0 10.0 
10.0 10.0 
10.0 10.0 
10.0 10.0 
10.0 10.0 
10.0 10.0 
10.0 10.0 
10.0 10.0 
10.0 10.0 
10.0 10.0 
10.0 10.0 
10.0 10.0 
10.0 10.0 
10.0 10.0 
10.0 10.0 
10.0 10.0 
10.0 10.0 
10.0 10.0 
10.0 10.0 85:1.0 
10.0 10.0 
10.0 10.0 
10.0 10.0 
10.0 10.0 
9.767020018417366 9.924433310584032 25:1.0 
10.0 10.0 
10.0 10.0 
10.0 10.0 
10.0 10.0 
10.0 10.0 
10.0 10.0 
10.0 10.0 
10.0 8.945224913852492 42:1.0 
10.0 10.0 
10.0 10.0 
10.0 8.854802217125817 3:1.0 
10.0 10.0 
10.0 10.0 
10.0 10.0 
10.0 10.0 
10.0 10.0 
10.0 10.0 
10.0 10.0 
10.0 10.0 
10.0 10.0 
10.0 10.0 
10.0 10.0 
10.0 10.0 
10.0 10.0 
10.0 10.0 
10.0 10.0 
10.0 10.0 
10.0 10.0 
7.95939118923494 6.652969689844529 2:1.0 
10.0 10.0 
10.0 10.0 
10.0 10.0 
9.769856437922774 9.940803062742464 64:1.0 
10.0 10.0 
10.0 10.0 
10.0 10.0 
2.771254372093639 0.0 23:1.0 48:1.0 68:1.0 89:1.0 92:1.0 97:1.0 107:1.0 
10.0 10.0 
7.193777238630154 6.208574364116146 2:1.0 
10.0 10.0 
10.0 10.0 
10.0 10.0 
10.0 10.0 
10.0 10.0 
9.771427990916445 9.664730646825074 39:1.0 
9.76999604185164 9.859328157413207 55:1.0 
10.0 10.0 
10.0 10.0 
10.0 10.0 
10.0 9.911392610808907 42:1.0 
10.0 10.0 
10.0 10.0 19:1.0 
4.771539934329481 0.2853080979656981 68:1.0 74:1.0 99:1.0 
10.0 10.0 
10.0 10.0 
-0.0 10.0 76:1.0 
-5.254338490419326 10.0 41:1.0 
-0.6881011300124309 0.7776119209668777 14:1.0 58:1.0 
-0.02057710403668959 0.0 85:1.0 
-0.539067553915073 0.0 42:1.0 
-0.4614420066873835 0.7711070911019436 4:1.0 15:1.0 
-0.009697516417936708 0.0 31:1.0 
-1.2634166841616326 1.5121655802483753 5:1.0 
-1.5016892704835705 10.0 10:1.0 
-2.4881910477421676 10.0 62:1.0 73:1.0 
-1.2634113563018645 10.0 1:1.0 76:1.0 
-0.0 10.0 34:1.0 74:1.0 95:1.0 
-10.0 0.0 71:1.0 
-0.22094978847041044 0.0 54:1.0 
-0.0 2.671007578254577 83:1.0 88:1.0 98:1.0 
-10.0 0.8129323983552021 47:1.0 85:1.0 89:1.0 
-9.991673654495516 10.0 85:1.0 
-10.0 0.7160050881553855 42:1.0 
-0.0 0.7750923461528332 19:1.0 
-3.641516066370076 10.0 34:1.0 74:1.0 95:1.0 
-0.0 10.0 11:1.0 
-10.0 1.51004766766503 86:1.0 
-5.508717377723026 0.0 74:1.0 
-10.0 10.0 39:1.0 
-0.0 10.0 37:1.0 
-1.7099181700534298 10.0 19:1.0 
-0.0 1.8351863810162885 50:1.0 
-10.0 10.0 12:1.0 
-0.0 1.930678103901527 18:1.0 
-0.031009131494807874 0.0 6:1.0 
-0.0 0.798747418207486 56:1.0 82:1.0 
-0.683999956221887 5.342367981352205 11:1.0 27:1.0 
-5.254119162072245 0.0 3:1.0 
-10.0 2.1329480320954386 2:1.0 
-1.3146433030270213 1.5505936321700051 16:1.0 
-0.015131898549313292 0.0 46:1.0 
-0.0 1.5789797351285058 66:1.0 
-0.01605789463059538 0.0 23:1.0 
-0.0 10.0 11:1.0 
-0.02323032335110918 10.0 24:1.0 
-0.0 10.0 76:1.0 
-0.0 10.0 84:1.0 
-0.0 0.7891387467590105 15:1.0 82:1.0 
-0.0 10.0 37:1.0 
-1.2635298030783728 10.0 33:1.0 
-10.0 0.0 29:1.0 
-10.0 0.0 65:1.0 
-10.0 0.0 71:1.0 
-0.9986833433916095 1.2844174103768227 8:1.0 28:1.0 32:1.0 38:1.0 57:1.0 78:1.0 80:1.0 90:1.0 93:1.0 94:1.0 96:1.0 100:1.0 101:1.0 103:1.0 104:1.0 105:1.0 106:1.0 108:1.0 110:1.0 
-0.6909455442301193 10.0 6:1.0 26:1.0 
-0.8438688884542864 9.579217888585953 18:1.0 
-0.002981281390992065 2.0304328164650265 72:1.0 
-10.0 10.0 20:1.0 
-0.0 4.05281052534318 58:1.0 
-0.0 10.0 67:1.0 
-10.0 10.0 19:1.0 
-0.019401708291532302 5.428532423537008 14:1.0 
-0.6712990378326487 2.3690450517371993 6:1.0 76:1.0 
-0.2989779657858396 0.7675898287683055 11:1.0 81:1.0 
-0.6863061244334829 10.0 52:1.0 60:1.0 
-10.0 2.0464627389353454 29:1.0 
-0.0 10.0 83:1.0 88:1.0 98:1.0 
-9.761846293094699 10.0 10:1.0 
-10.0 5.588386900497217 48:1.0 68:1.0 74:1.0 89:1.0 92:1.0 97:1.0 99:1.0 107:1.0 109:1.0 
-0.0 2.0730921962670803 45:1.0 
-0.0 0.8058464913820467 53:1.0 82:1.0 
-0.487569439906735 0.7693238756744939 4:1.0 66:1.0 
-10.0 0.0 3:1.0 
-0.0 10.0 73:1.0 
-0.0 6.967025182551792 82:1.0 
-0.8598588408599608 0.8156139686734711 8:1.0 32:1.0 38:1.0 57:1.0 78:1.0 80:1.0 90:1.0 100:1.0 101:1.0 103:1.0 105:1.0 
-0.0 1.2961697112059092 
-0.0 10.0 
-0.0 10.0 
-0.0 10.0 
-0.0 10.0 
-0.0 10.0 
-0.0 10.0 
-0.0 10.0 
-0.0 10.0 
-0.0 10.0 
-0.0 10.0 
-0.0 10.0 
-0.0 10.0 
-0.0 10.0 
-0.0 10.0 
-0.0 10.0 
-0.0 9.423114068421281 4:1.0 
-0.0 10.0 
-0.0 10.0 
-0.0 10.0 
-0.0 10.0 
-0.0 10.0 
-0.0 10.0 
-0.007527927089513066 0.0 51:1.0 
-0.0 10.0 
-0.10804553281968712 0.0 56:1.0 
-0.009642111871674191 0.0 70:1.0 
-0.0 10.0 
-0.0 10.0 
-0.0 3.6829257637436585 3:1.0 14:1.0 32:1.0 73:1.0 
-0.0 10.0 
-0.0 10.0 
-0.0 10.0 
-0.0 10.0 
-0.0 10.0 
-0.0 10.0 
-0.003963808678528341 1.7865721437595654 7:1.0 
-0.0 10.0 
-0.0 10.0 
-0.0 10.0 
-0.0 10.0 
-0.0 10.0 
-0.0 10.0 
-0.0 10.0 
-0.0 10.0 
-0.0 10.0 
-0.10642019854022357 0.0 60:1.0 
-0.0 10.0 
-0.0 10.0 
-0.0 10.0 
-0.0 10.0 
-10.0 10.0 41:1.0 
-0.0 10.0 
-0.0 10.0 
-0.0 10.0 
-0.0 10.0 
-0.0 10.0 
-0.0 10.0 
-0.0 10.0 
-0.6885737541401474 8.648388762017376 21:1.0 54:1.0 
-0.0 10.0 
-0.0 10.0 
-0.0 10.0 
-0.0 10.0 
-0.03574368132207895 10.0 66:1.0 
-0.0 10.0 
-0.0 10.0 
-0.0 10.0 
-9.320835834225889 10.0 67:1.0 
-0.0 10.0 
-0.0 10.0 
-0.0 10.0 
-0.0 10.0 
-0.0 10.0 
-0.0 10.0 
-0.6425369610125259 6.26873024220887 44:1.0 
-10.0 10.0 42:1.0 
-0.0 10.0 
-0.0 10.0 
-0.0 10.0 
-0.0 10.0 
-10.0 0.0 3:1.0 
-0.47489120852479416 5.6099725056075185 79:1.0 84:1.0 
-0.0 10.0 
-0.0 10.0 
-0.0 10.0 
-0.0 10.0 
-0.0 10.0 
-0.0 10.0 
-0.46622676642455246 0.0 18:1.0 79:1.0 
-0.0 10.0 
-0.0 10.0 
-10.0 10.0 19:1.0 
-0.0 10.0 
-0.372863372218183 6.132864622228897 11:1.0 
-1.2657694264561064 6.556548384112071 24:1.0 71:1.0 
-0.0 10.0 
-1.6024781424510544 10.0 45:1.0 
-0.0 10.0 
-0.0 10.0 
-0.0 10.0 
-0.0 10.0 
-0.0 10.0 
-10.0 6.0187943710897365 69:1.0 
-0.0 10.0 
-0.0 10.0 
-9.99436765925719 10.0 16:1.0 
-0.3653918270079316 10.0 26:1.0 
-0.0 10.0 
-0.1142246194090816 0.0 52:1.0 
-0.0 10.0 
-0.0 10.0 
-0.0 10.0 
-0.0 10.0 
-0.0 10.0 
-0.0 10.0 
-0.0 10.0 
-0.0 10.0 
-0.0 10.0 
-0.0 10.0 
-0.0 10.0 
-0.0 10.0 
-0.0 10.0 
-0.0 10.0 
-0.0 10.0 
-0.0 10.0 
-0.0 10.0 
-0.0 10.0 
-0.0 10.0 
-0.1379695070613625 0.0 27:1.0 
-0.0 10.0 
-0.0 10.0 
-0.004331515292370886 0.0 17:1.0 
-0.009965478336952119 10.0 50:1.0 
-0.05286805775749915 0.0 36:1.0 
-0.0 10.0 
-0.0 10.0 
-0.0 10.0 
-0.0 10.0 
-0.0 10.0 
-0.0 10.0 
-0.0 10.0 
-0.0 10.0 
-0.0 10.0 
-0.0 10.0 
-0.0 10.0 
-0.0 10.0 
-0.0 10.0 
-0.0 10.0 
-0.0 10.0 
-0.0 10.0 
-0.0 10.0 
-8.345641866635043 10.0 
-10.0 10.0 
-10.0 10.0 
-0.003990257433862792 1.9570072111847192 91:1.0 
-10.0 10.0 
-10.0 10.0 
-10.0 10.0 
-10.0 10.0 
-0.6399106883783485 7.005052776464829 58:1.0 
-10.0 10.0 
-10.0 10.0 
-0.0 10.0 82:1.0 
-10.0 10.0 
-10.0 10.0 
-10.0 10.0 
-10.0 10.0 
-10.0 10.0 37:1.0 77:1.0 
-10.0 10.0 
-0.012369008473924737 0.0 32:1.0 
-8.654987535363492 10.0 
-10.0 10.0 
-10.0 10.0 
-10.0 10.0 
-10.0 10.0 
-10.0 10.0 
-10.0 10.0 
-10.0 10.0 
-10.0 10.0 
-10.0 10.0 
-10.0 10.0 
-10.0 10.0 
-10.0 10.0 
-0.010427388841071783 8.106519856382288 53:1.0 
-10.0 10.0 
-10.0 10.0 
-10.0 10.0 
-10.0 10.0 
-10.0 10.0 
-10.0 10.0 
-10.0 10.0 
-10.0 10.0 
-10.0 10.0 
-10.0 10.0 
-10.0 10.0 
-10.0 10.0 
-10.0 10.0 
-10.0 10.0 
-10.0 10.0 
-0.0 1.5880886011479634 23:1.0 
-10.0 10.0 
-10.0 10.0 
-10.0 10.0 
-0.0 0.7750923461528368 52:1.0 
-10.0 10.0 
-10.0 10.0 
-10.0 10.0 
-0.31038450954627467 0.7715105664315708 19:1.0 81:1.0 
-10.0 10.0 
-10.0 10.0 
-10.0 10.0 
-0.12914875283713495 10.0 49:1.0 
-0.5268091792524906 9.786028696061488 52:1.0 
-10.0 10.0 
-0.685300299020187 2.3290696881966864 49:1.0 54:1.0 
-10.0 10.0 
-10.0 10.0 
-10.0 10.0 
-0.7868074349702888 9.235857747817454 66:1.0 
-10.0 10.0 67:1.0 
-0.11707891345363958 5.278623813348072 43:1.0 
-0.024509765300814404 10.0 35:1.0 
-10.0 10.0 
-10.0 10.0 
-10.0 10.0 
-10.0 10.0 
-10.0 10.0 
-10.0 0.7926633800798905 74:1.0 
-10.0 10.0 
-0.7642576016828404 0.8164679500859504 36:1.0 
-10.0 10.0 
-0.0 10.0 49:1.0 
-10.0 10.0 
-0.5232072050843277 10.0 43:1.0 
-10.0 10.0 
-3.0629795494788308 9.89243831120332 85:1.0 
-10.0 10.0 
-10.0 10.0 
-10.0 10.0 
-10.0 10.0 
-10.0 10.0 59:1.0 
-10.0 10.0 
-10.0 10.0 
-10.0 10.0 
-0.0 2.448853486480946 46:1.0 
-10.0 10.0 
-10.0 10.0 
-10.0 10.0 
-10.0 10.0 
-10.0 10.0 
-10.0 10.0 
-10.0 10.0 
-10.0 10.0 
-10.0 10.0 
-10.0 10.0 
-10.0 10.0 
-10.0 10.0 
-1.253956259461471 10.0 53:1.0 
-0.1102974512166915 0.0 21:1.0 
-0.0 0.25639246830788126 17:1.0 
-0.0 10.0 17:1.0 
-10.0 10.0 
-10.0 10.0 
-0.17750503411327306 0.21678085260810392 83:1.0 
-10.0 10.0 
-10.0 10.0 
-10.0 10.0 
-0.5336429852417166 0.050852414793443546 56:1.0 
-10.0 10.0 
-9.953546154456062 9.961123187682462 16:1.0 
-10.0 10.0 
-10.0 10.0 
-10.0 10.0 
-10.0 10.0 
-0.0 10.0 23:1.0 
-10.0 10.0 
-10.0 10.0 
-10.0 9.46268983644451 29:1.0 
-10.0 10.0 
-10.0 10.0 
-10.0 10.0 
-10.0 10.0 
-10.0 10.0 
-10.0 10.0 
-10.0 10.0 
-10.0 10.0 
-10.0 10.0 
-10.0 10.0 
-10.0 10.0 
-10.0 10.0 
-0.8004984780648446 0.8757749325878998 20:1.0 42:1.0 
-1.6272675075651843 0.0 51:1.0 
-10.0 10.0 
-0.0 10.0 7:1.0 
-10.0 10.0 
-10.0 10.0 
-10.0 10.0 
-10.0 10.0 
-10.0 10.0 
-10.0 10.0 
-9.659443918702147 9.437671424022597 45:1.0 
-10.0 10.0 
-10.0 10.0 
-10.0 10.0 
-10.0 10.0 
-10.0 0.0 54:1.0 
-10.0 10.0 
-10.0 10.0 
-10.0 10.0 
-10.0 10.0 
-10.0 10.0 
-1.8445827490769053 10.0 23:1.0 
-10.0 10.0 
-10.0 10.0 
-10.0 10.0 
-10.0 10.0 
-10.0 10.0 
-10.0 10.0 
-10.0 10.0 
-0.0 9.365833793770165 6:1.0 
-10.0 10.0 
-10.0 10.0 
-10.0 10.0 
-10.0 10.0 
-10.0 10.0 
-10.0 10.0 
-10.0 10.0 
-10.0 10.0 
-10.0 10.0 
-10.0 10.0 
-10.0 10.0 
-10.0 10.0 
-10.0 10.0 
-10.0 10.0 
-0.41230546787983485 0.0 70:1.0 
-0.4981200834011798 0.0 19:1.0 79:1.0 
-10.0 10.0 
-10.0 10.0 
-10.0 10.0 
-10.0 10.0 
-10.0 10.0 
-10.0 10.0 
-10.0 10.0 
-10.0 10.0 
-10.0 10.0 
-10.0 10.0 
-10.0 10.0 
-10.0 10.0 
-1.3280770117712175 0.0 31:1.0 
-0.5074425796661933 6.373137848390146 27:1.0 
-10.0 10.0 
-10.0 10.0 
-10.0 10.0 
-10.0 10.0 
-10.0 10.0 
-10.0 10.0 
-10.0 10.0 
-10.0 10.0 
-10.0 10.0 
-10.0 10.0 
-10.0 10.0 
-10.0 10.0 
-0.3005475996276769 10.0 26:1.0 81:1.0 
-10.0 10.0 
-10.0 10.0 
-10.0 10.0 
-10.0 10.0 
-10.0 10.0 
-10.0 10.0 
-10.0 10.0 
-10.0 10.0 
-10.0 10.0 
-10.0 10.0 
-10.0 10.0 
-10.0 10.0 
-10.0 10.0 
-10.0 10.0 
-10.0 10.0 
-10.0 10.0 
-10.0 10.0 
-10.0 10.0 
-10.0 10.0 23:1.0 
-10.0 10.0 
-10.0 10.0 
-10.0 10.0 
-10.0 10.0 
-10.0 10.0 
-10.0 10.0 
-10.0 10.0 
-10.0 10.0 
-10.0 10.0 
-10.0 10.0 
-10.0 10.0 
-10.0 10.0 
-10.0 10.0 
-10.0 10.0 
-10.0 10.0 
-10.0 10.0 
-10.0 10.0 
-10.0 1.6459661440122044 31:1.0 
-10.0 10.0 
-10.0 10.0 
-10.0 10.0 
-10.0 10.0 
-9.888592062943351 1.512827878323009 70:1.0 
-10.0 10.0 
-10.0 10.0 
-10.0 10.0 
-1.3267411328835126 8.90955446994607 83:1.0 88:1.0 98:1.0 
-0.0 0.7758237670017768 58:1.0 82:1.0 
-10.0 10.0 
-10.0 10.0 
-10.0 10.0 
-10.0 10.0 
-10.0 10.0 
-10.0 10.0 
-0.0 10.0 72:1.0 
-0.0 10.0 14:1.0 
-0.09587648616234778 10.0 24:1.0 
-10.0 10.0 
-0.5691811353148768 0.0 32:1.0 
-10.0 10.0 
-10.0 10.0 
-10.0 10.0 
-10.0 10.0 
-10.0 10.0 
-10.0 10.0 
-2.405971839901049 2.6342884783921354 38:1.0 78:1.0 80:1.0 90:1.0 100:1.0 
-0.7428782772111073 9.599370457791338 17:1.0 
-0.5297913691106789 1.8732584803887444 21:1.0 
-0.6874746460590513 0.8124297813906348 43:1.0 56:1.0 
-0.6847632528352235 5.793429574890267 35:1.0 44:1.0 
-10.0 10.0 
-10.0 10.0 
-10.0 10.0 
-9.925879247690258 9.864884641665734 31:1.0 
-10.0 10.0 
-10.0 10.0 
-10.0 9.893743929618228 47:1.0 
-10.0 10.0 
-0.6856492814843216 5.815817843864791 14:1.0 35:1.0 
-10.0 10.0 
-10.0 10.0 
-10.0 10.0 
-10.0 10.0 
-0.8346841918255633 10.0 84:1.0 
-10.0 10.0 
-10.0 10.0 
-10.0 10.0 
-10.0 10.0 
-0.007304071982076971 1.8282000450697016 63:1.0 
-10.0 10.0 
-10.0 10.0 
-10.0 10.0 
-10.0 10.0 
-10.0 10.0 
-10.0 10.0 
-10.0 10.0 
-10.0 10.0 
-10.0 10.0 
-10.0 10.0 
-10.0 10.0 
-1.259694516317491 9.724413252021568 7:1.0 
-10.0 10.0 
-9.798095109547152 0.0 54:1.0 
-10.0 10.0 
-10.0 10.0 36:1.0 
-10.0 10.0 
-10.0 10.0 
-10.0 10.0 
-10.0 10.0 
-10.0 10.0 
-10.0 10.0 58:1.0 87:1.0 
-10.0 10.0 
-10.0 10.0 
-10.0 10.0 
-10.0 10.0 
-10.0 10.0 
-10.0 10.0 
-10.0 10.0 
-10.0 10.0 
-10.0 10.0 
-10.0 10.0 
-10.0 10.0 
-10.0 10.0 
-10.0 10.0 
-10.0 10.0 
-10.0 10.0 
-10.0 10.0 
-10.0 10.0 
-10.0 10.0 
-10.0 10.0 
-10.0 10.0 
-10.0 10.0 
-10.0 10.0 
-10.0 9.085981793141242 19:1.0 
-10.0 10.0 
-10.0 10.0 
-10.0 10.0 
-10.0 10.0 
-10.0 10.0 
-10.0 10.0 
-10.0 10.0 
-10.0 10.0 
-10.0 10.0 23:1.0 
-10.0 10.0 
-10.0 10.0 
-10.0 10.0 
-10.0 10.0 
-10.0 10.0 
-10.0 10.0 
-10.0 10.0 
-10.0 10.0 
-10.0 10.0 
-10.0 10.0 
-10.0 10.0 
-10.0 10.0 
-10.0 10.0 
-10.0 10.0 
-10.0 10.0 
-10.0 10.0 
-0.8489197790164326 0.10111899911748864 15:1.0 
-10.0 10.0 
-6.0935270201873415 9.855844714743487 74:1.0 
-10.0 10.0 
-0.0 10.0 82:1.0 
-10.0 10.0 
-10.0 10.0 
-10.0 10.0 
-0.6291666671692433 0.8599623134596217 17:1.0 20:1.0 81:1.0 
-10.0 10.0 
-10.0 10.0 
-10.0 10.0 
-10.0 10.0 
-10.0 10.0 
-10.0 10.0 
-10.0 10.0 
-0.49203239854621994 0.76758514786635 4:1.0 36:1.0 
-10.0 10.0 
-10.0 10.0 
-10.0 10.0 
-10.0 10.0 
-10.0 10.0 
-10.0 10.0 
-10.0 10.0 
-10.0 10.0 
-10.0 10.0 
-10.0 10.0 
-10.0 10.0 
-10.0 10.0 
-10.0 10.0 
-10.0 10.0 
-10.0 10.0 
-10.0 10.0 
-10.0 10.0 
-1.2549747870164263 9.682721674240032 63:1.0 
-10.0 10.0 
-1.2596897836356722 9.554157921375321 91:1.0 
-10.0 10.0 
-10.0 10.0 
-10.0 10.0 
-10.0 10.0 
-10.0 10.0 
-10.0 10.0 
-10.0 10.0 
-0.5364758980443795 1.5120589121087313 60:1.0 
-10.0 10.0 
-10.0 10.0 
-10.0 10.0 
-10.0 10.0 
-10.0 10.0 
-10.0 10.0 
-10.0 10.0 
-10.0 10.0 
-10.0 0.7881305393412493 65:1.0 
-10.0 10.0 
-10.0 10.0 
-10.0 10.0 
-10.0 10.0 
-10.0 10.0 
-10.0 10.0 
-10.0 10.0 
-9.562906830858402 10.0 49:1.0 
-10.0 10.0 
-10.0 10.0 
-10.0 10.0 
-10.0 10.0 
-10.0 10.0 
-10.0 10.0 
-10.0 10.0 
-10.0 10.0 
-10.0 10.0 
-10.0 10.0 
-10.0 10.0 
-10.0 10.0 
-10.0 10.0 
-10.0 10.0 
-10.0 10.0 
-1.2650656644077938 10.0 9:1.0 
-1.2608852451074908 9.482488235661732 72:1.0 
-10.0 10.0 
-10.0 10.0 
-10.0 10.0 
-0.0 10.0 82:1.0 
-10.0 10.0 
-0.8976021913585763 0.9422690340634542 8:1.0 28:1.0 32:1.0 38:1.0 78:1.0 80:1.0 90:1.0 93:1.0 94:1.0 96:1.0 100:1.0 101:1.0 104:1.0 106:1.0 108:1.0 110:1.0 
-10.0 10.0 
-10.0 10.0 
-10.0 10.0 
-10.0 10.0 
-10.0 10.0 
-10.0 10.0 
-10.0 10.0 
-10.0 10.0 
-10.0 10.0 
-10.0 10.0 
-10.0 10.0 
-10.0 10.0 
-10.0 10.0 
-10.0 10.0 
-10.0 10.0 
-10.0 10.0 
-2.805465686708483 10.0 76:1.0 
-10.0 10.0 65:1.0 
-10.0 10.0 
-10.0 10.0 
-1.2487346279491742 9.064072707395164 46:1.0 
-10.0 10.0 
-1.3844725522071484 10.0 40:1.0 61:1.0 102:1.0 
-10.0 10.0 
-10.0 10.0 
-10.0 10.0 
-10.0 10.0 
-10.0 10.0 
-10.0 10.0 
-10.0 10.0 
-10.0 10.0 
-10.0 10.0 
-10.0 10.0 
-10.0 10.0 
-10.0 10.0 
-10.0 10.0 
-1.2545076142048261 9.675844298372136 50:1.0 
-10.0 10.0 
-10.0 10.0 
-10.0 10.0 
-10.0 10.0 
-10.0 10.0 
-10.0 10.0 
-10.0 10.0 
-9.627619755050038 1.5113206594984767 51:1.0 
-9.974151141255557 9.923221725393134 23:1.0 
-10.0 10.0 
-10.0 10.0 
-10.0 10.0 
-10.0 10.0 
-10.0 10.0 
-10.0 10.0 
-10.0 10.0 
-10.0 10.0 
-10.0 10.0 
-7.414339428664218 10.0 62:1.0 76:1.0 
-10.0 10.0 
-0.6904909997440143 5.198312172304689 3:1.0 41:1.0 
-10.0 10.0 
-10.0 10.0 
-10.0 10.0 
-0.0 0.36763376258495745 81:1.0 
-6.3013774450649045 0.798066063822385 65:1.0 82:1.0 
-10.0 10.0 
-10.0 10.0 
-10.0 10.0 
-2.3095770455948497 10.0 
-0.0 10.0 
-0.0 10.0 
-0.0 -10.0 
-0.0 -10.0 
-0.0 -10.0 
-0.0 -10.0 
-10.0 -9.521252331963884 25:1.0 
-0.0 -10.0 
-0.0 -10.0 
-0.02928660342549207 -10.0 24:1.0 
-0.0 -10.0 
-0.0 -10.0 
-0.0 -10.0 
-0.0 -10.0 
-0.0 -10.0 
-0.0 -10.0 
-0.0 -10.0 
-0.0 -10.0 
-10.0 -10.0 77:1.0 
-0.0 -10.0 
-0.0 -10.0 
-0.0 -10.0 
-0.0 -10.0 
-0.0 -10.0 
-0.0 -10.0 
-0.0 -0.00615877988697416 73:1.0 
-10.0 -0.019184659478866974 30:1.0 
-0.0 -10.0 
-0.06774092292799694 -10.0 66:1.0 
-0.0 -10.0 
-0.0 -10.0 
-0.0 -10.0 
-0.0 -10.0 
-0.0 -10.0 
-0.0 -10.0 
-0.0 -10.0 
-0.0 -10.0 
-2.571094027755673 -10.0 10:1.0 
-0.0 -10.0 
-0.0 -10.0 
-0.0 -10.0 
-0.0 -10.0 
-0.0 -10.0 
-2.1781162953801623 -10.0 91:1.0 
-2.4767685594637316 -10.0 17:1.0 19:1.0 
-0.0 -10.0 
-0.0 -0.0247828325482011 1:1.0 
-0.0 -10.0 
-0.0 -10.0 
-0.0 -10.0 
-0.0 -10.0 
-0.11192081206623983 -0.0 9:1.0 
-0.0 -10.0 
-2.178207521699187 -10.0 45:1.0 
-0.0 -10.0 
-0.0 -10.0 
-0.0 -10.0 
-0.0 -10.0 
-10.0 -4.984355062843198 64:1.0 69:1.0 
-0.0 -10.0 
-0.0 -10.0 
-0.0 -10.0 
-0.0 -10.0 
-0.2590748318175281 -10.0 26:1.0 
-0.0 -10.0 
-0.0 -10.0 
-0.0 -10.0 
-0.0 -10.0 
-0.0 -10.0 
-0.0 -10.0 
-0.0 -10.0 
-0.0 -10.0 
-0.0 -10.0 
-9.607344768216555 -10.0 10:1.0 
-0.0 -10.0 
-0.0 -10.0 
-0.0 -10.0 
-0.0 -10.0 
-0.0 -10.0 
-0.0 -10.0 
-0.0 -10.0 
-0.0 -10.0 
-2.1779278663401205 -10.0 46:1.0 
-0.0 -10.0 
-1.6343261139422722 -10.0 62:1.0 
-0.0 -10.0 
-0.0 -10.0 
-0.0 -10.0 
-0.0 -10.0 
-0.18945567486490975 -10.0 58:1.0 
-0.0 -10.0 
-0.0 -10.0 
-0.0 -10.0 
-0.0 -10.0 
-0.0 -10.0 49:1.0 
-0.0 -10.0 
-10.0 -10.0 12:1.0 
-0.0 -10.0 
-0.0 -10.0 
-0.0 -10.0 
-0.0 -10.0 
-0.0 -10.0 
-0.0 -10.0 
-0.0 -5.033487367036765 11:1.0 27:1.0 33:1.0 
-0.0 -10.0 
-0.0 -10.0 
-0.0 -10.0 
-0.0 -10.0 
-2.1790982811382085 -10.0 4:1.0 
-0.0 -10.0 
-0.0 -10.0 
-0.0 -10.0 
-0.0 -10.0 
-0.0 -10.0 
-0.0 -10.0 
-5.380844766286835 -10.0 11:1.0 21:1.0 54:1.0 
-0.0 -10.0 
-0.0 -10.0 
-0.0 -10.0 
-0.0 -10.0 
-0.15490845498997188 -8.571275900873678 37:1.0 
-0.0 -10.0 76:1.0 
-10.0 -10.0 58:1.0 
-0.176457194306025 -0.0 73:1.0 
-0.0 -10.0 
-0.0 -10.0 
-10.0 -10.0 16:1.0 
-0.0 -10.0 
-0.0 -10.0 
-0.0 -10.0 
-0.0 -10.0 
-0.0 -10.0 
-0.0 -10.0 
-2.286310236615823 -10.0 41:1.0 
-0.0 -10.0 
-0.0 -10.0 
-0.0 -10.0 
-0.0 -10.0 
-0.0 -10.0 
-1.114807543652226 -10.0 49:1.0 
-0.0 -10.0 
-0.0 -10.0 
-0.0 -10.0 
-6.832974892958928 -10.0 
-10.0 -4.97904485391914 43:1.0 64:1.0 
-10.0 -10.0 
-10.0 -10.0 
-10.0 -10.0 65:1.0 
-10.0 -10.0 
-10.0 -10.0 
-0.0 -10.0 43:1.0 
-10.0 -10.0 
-0.5240694413242238 -0.14179033193810806 40:1.0 61:1.0 102:1.0 
-0.3584830829378698 -10.0 76:1.0 
-10.0 -10.0 
-10.0 -10.0 
-10.0 -10.0 
-10.0 -10.0 
-0.16864045521750354 -10.0 72:1.0 
-10.0 -10.0 
-10.0 -10.0 
-10.0 -10.0 
-10.0 -10.0 
-10.0 -10.0 
-10.0 -10.0 
-10.0 -10.0 
-0.07235168825574095 -10.0 50:1.0 
-10.0 -10.0 
-10.0 -10.0 
-10.0 -10.0 
-10.0 -10.0 
-10.0 -10.0 
-1.0066972898533137 -10.0 33:1.0 
-10.0 -10.0 
-10.0 -10.0 
-0.1250249383968636 -10.0 34:1.0 74:1.0 95:1.0 
-10.0 -10.0 
-0.3385308623104873 -10.0 23:1.0 
-10.0 -10.0 
-10.0 -10.0 
-10.0 -10.0 
-10.0 -10.0 
-2.181393741559763 -10.0 44:1.0 
-10.0 -10.0 
-9.593085085268338 -10.0 62:1.0 
-10.0 -7.429152979958873 55:1.0 
-0.07496223757078975 -10.0 
-10.0 -10.0 
-10.0 -10.0 
-0.8914817768670131 -10.0 23:1.0 
-10.0 -10.0 
-10.0 -10.0 
-10.0 -10.0 
-10.0 -10.0 
-10.0 -10.0 
-0.0 -10.0 26:1.0 
-10.0 -10.0 
-10.0 -10.0 
-10.0 -10.0 
-10.0 -10.0 
-10.0 -10.0 
-10.0 -10.0 
-10.0 -10.0 
-0.0 -10.0 83:1.0 88:1.0 98:1.0 
-10.0 -2.3122536004929044 49:1.0 55:1.0 
-0.0 -10.0 24:1.0 
-10.0 -10.0 
-10.0 -10.0 
-2.1781552385694214 -10.0 81:1.0 
-10.0 -10.0 
-0.315864176145345 -10.0 67:1.0 
-10.0 -10.0 
-10.0 -10.0 
-0.0 -10.0 37:1.0 
-10.0 -10.0 
-10.0 -10.0 
-10.0 -10.0 
-10.0 -10.0 
-10.0 -0.005222396801761346 22:1.0 
-10.0 -10.0 
-1.150646969373254 -10.0 82:1.0 84:1.0 
-10.0 -10.0 
-10.0 -10.0 
-10.0 -10.0 
-10.0 -10.0 
-10.0 -10.0 
-10.0 -10.0 
-10.0 -10.0 
-10.0 -10.0 
-10.0 -10.0 
-10.0 -10.0 
-10.0 -10.0 
-10.0 -10.0 
-10.0 -10.0 
-10.0 -10.0 
-10.0 -10.0 
-10.0 -10.0 
-10.0 -10.0 
-10.0 -10.0 85:1.0 
-10.0 -10.0 
-10.0 -10.0 
-10.0 -10.0 
-10.0 -10.0 
-2.1041969115191144 -10.0 50:1.0 
-0.0 -10.0 53:1.0 
-10.0 -10.0 
-10.0 -10.0 
-10.0 -10.0 
-10.0 -10.0 
-10.0 -10.0 
-10.0 -10.0 
-10.0 -10.0 
-10.0 -10.0 
-10.0 -10.0 
-1.1752239084151654 -10.0 49:1.0 84:1.0 
-10.0 -10.0 
-10.0 -10.0 
-10.0 -10.0 
-10.0 -10.0 
-10.0 -10.0 
-4.592980315384917 -8.666382935537746 11:1.0 77:1.0 
-0.9107200845506871 -10.0 67:1.0 
-10.0 -10.0 
-1.8195323890464103 -10.0 76:1.0 
-10.0 -10.0 
-10.0 -10.0 
-10.0 -10.0 
-10.0 -10.0 
-10.0 -10.0 
-10.0 -10.0 
-10.0 -10.0 
-10.0 -10.0 
-10.0 -10.0 
-10.0 -10.0 
-10.0 -10.0 
-10.0 -10.0 
-10.0 -10.0 
-10.0 -10.0 
-10.0 -10.0 
-10.0 -10.0 
-10.0 -10.0 
-10.0 -10.0 
-10.0 -10.0 
-10.0 -10.0 
-10.0 -10.0 
-10.0 -10.0 
-10.0 -10.0 
-10.0 -10.0 
-10.0 -10.0 
-10.0 -10.0 
-10.0 -10.0 
-0.0 -10.0 82:1.0 
-10.0 -10.0 
-10.0 -10.0 
-10.0 -10.0 
-10.0 -10.0 
-10.0 -10.0 
-10.0 -10.0 
-2.1798744021935117 -10.0 18:1.0 
-10.0 -10.0 
-10.0 -10.0 
-10.0 -10.0 
-0.0 -10.0 82:1.0 
-10.0 -10.0 
-10.0 -10.0 
-10.0 -10.0 
-10.0 -10.0 
-10.0 -10.0 
-10.0 -10.0 
-10.0 -10.0 
-10.0 -10.0 
-10.0 -10.0 
-10.0 -10.0 
-10.0 -10.0 87:1.0 
-10.0 -10.0 36:1.0 
-2.148247179991697 -10.0 24:1.0 
-10.0 -10.0 
-10.0 -10.0 67:1.0 
-1.3113507886138795 -1.4612923570144918 27:1.0 40:1.0 61:1.0 102:1.0 
-10.0 -10.0 
-10.0 -10.0 
-10.0 -10.0 
-10.0 -10.0 
-10.0 -10.0 
-10.0 -10.0 
-10.0 -10.0 
-1.9194352071351037 -10.0 26:1.0 
-10.0 -10.0 
-10.0 -10.0 
-10.0 -10.0 
-10.0 -10.0 
-10.0 -10.0 
-10.0 -10.0 
-10.0 -10.0 
-10.0 -10.0 
-0.0 -9.497951975991814 1:1.0 
-10.0 -10.0 
-0.0 -10.0 1:1.0 76:1.0 
-10.0 -10.0 
-10.0 -10.0 
-10.0 -10.0 
-10.0 -10.0 
-10.0 -10.0 
-10.0 -10.0 
-10.0 -10.0 
-10.0 -10.0 
-10.0 -10.0 
-10.0 -10.0 
-10.0 -10.0 
-10.0 -10.0 
-0.31420525422101553 -10.0 35:1.0 
-10.0 -10.0 
-10.0 -10.0 
-5.179261295238375 -10.0 34:1.0 74:1.0 95:1.0 
-10.0 -10.0 
-10.0 -10.0 
-10.0 -10.0 
-10.0 -10.0 
-10.0 -0.5080049835978883 64:1.0 
-2.386014133417435 -10.0 83:1.0 88:1.0 98:1.0 
-10.0 -10.0 
-10.0 -10.0 
-10.0 -10.0 
-10.0 -10.0 
-10.0 -10.0 
-10.0 -10.0 
-10.0 -10.0 
-10.0 -10.0 23:1.0 
-10.0 -0.7594554446971241 2:1.0 75:1.0 87:1.0 
-10.0 -10.0 
-10.0 -10.0 
-10.0 -10.0 
-10.0 -10.0 
-1.2983316550102646 -4.966187947254745 27:1.0 33:1.0 
-10.0 -10.0 
-3.184620724734579 -8.096750748498655 53:1.0 87:1.0 
-4.07432883698698 -10.0 41:1.0 
-10.0 -10.0 
-10.0 -10.0 76:1.0 
-10.0 -10.0 
-10.0 -10.0 
-10.0 -10.0 
-10.0 -10.0 
-10.0 -10.0 
-10.0 -10.0 
-10.0 -10.0 
-10.0 -10.0 
-10.0 -10.0 
-10.0 -10.0 74:1.0 
-2.17903446021378 -10.0 63:1.0 
-10.0 -10.0 
-10.0 -10.0 
-10.0 -10.0 
-10.0 -10.0 
-10.0 -10.0 
-10.0 -10.0 
-10.0 -10.0 
-10.0 -10.0 
-10.0 -10.0 
-10.0 -10.0 
-10.0 -10.0 
-10.0 -10.0 6:1.0 47:1.0 
-10.0 -10.0 
-10.0 -10.0 
-0.0 -1.2935334813327286 73:1.0 
-2.673307671328317 -0.0 1:1.0 13:1.0 
-10.0 -10.0 
-0.3596047174762355 -10.0 7:1.0 
-2.2830855866093027 -10.0 52:1.0 60:1.0 
-10.0 -10.0 
-10.0 -10.0 
-10.0 -10.0 
-10.0 -10.0 
-10.0 -10.0 
-10.0 -10.0 
-10.0 -10.0 
-0.31558672587799663 -0.011423029869213125 59:1.0 
-10.0 -10.0 
-10.0 -10.0 
-10.0 -10.0 
-10.0 -10.0 
-10.0 -10.0 
-10.0 -10.0 
-0.0 -4.992826227573601 9:1.0 14:1.0 
-10.0 -10.0 
-0.9107200845506822 -9.579586197095134 59:1.0 
-10.0 -10.0 
-10.0 -10.0 
-10.0 -10.0 
-10.0 -10.0 
-10.0 -10.0 
-10.0 -10.0 
-10.0 -10.0 
-10.0 -10.0 16:1.0 
-10.0 -10.0 
-10.0 -10.0 
-10.0 -10.0 
-10.0 -10.0 
-10.0 -10.0 
-10.0 -10.0 23:1.0 
-10.0 -10.0 
-10.0 -10.0 
-10.0 -10.0 
-10.0 -10.0 
-10.0 -10.0 
-10.0 -10.0 
-10.0 -10.0 39:1.0 
-10.0 -10.0 
-10.0 -10.0 
-10.0 -10.0 
-10.0 -10.0 
-10.0 -10.0 
-10.0 -10.0 
-10.0 -10.0 
-10.0 -10.0 
-10.0 -10.0 
-10.0 -10.0 
-10.0 -10.0 
-0.0 -10.0 37:1.0 
-10.0 -10.0 
-10.0 -10.0 
-10.0 -10.0 
-10.0 -10.0 
-10.0 -10.0 19:1.0 
-10.0 -10.0 
-0.07435652961693748 -10.0 84:1.0 
-10.0 -10.0 
-0.0 -1.3168027869644428 40:1.0 61:1.0 102:1.0 
-10.0 -10.0 
-10.0 -10.0 
-10.0 -10.0 
-0.6757628867157396 -10.0 40:1.0 61:1.0 102:1.0 
-10.0 -10.0 
-10.0 -10.0 23:1.0 
-10.0 -10.0 
-10.0 -10.0 
-10.0 -10.0 
-10.0 -10.0 
-10.0 -10.0 
-10.0 -10.0 
-10.0 -10.0 
-10.0 -10.0 
-10.0 -10.0 
-10.0 -10.0 
-10.0 -10.0 
-10.0 -10.0 
-10.0 -10.0 
-10.0 -10.0 
-10.0 -10.0 
-10.0 -10.0 
-10.0 -10.0 
-10.0 -10.0 
-2.1113238040847326 -10.0 66:1.0 
-10.0 -10.0 
-10.0 -10.0 
-0.0 -8.656615391241033 9:1.0 
-10.0 -10.0 
-10.0 -10.0 
-10.0 -10.0 
-2.023339747703053 -10.0 37:1.0 
-10.0 -10.0 
-10.0 -10.0 42:1.0 
-10.0 -10.0 
-10.0 -9.930317151471051 59:1.0 
-10.0 -10.0 
-10.0 -10.0 
-10.0 -10.0 
-0.0 -10.0 11:1.0 
-10.0 -9.515924279028317 22:1.0 
-10.0 -10.0 
-10.0 -10.0 
-10.0 -10.0 
-10.0 -10.0 
-0.0 -10.0 73:1.0 
-10.0 -10.0 
-1.1398805973438009 -10.0 82:1.0 
-0.0 -10.0 73:1.0 
-10.0 -4.486346736994613 34:1.0 48:1.0 68:1.0 74:1.0 89:1.0 92:1.0 95:1.0 97:1.0 99:1.0 107:1.0 109:1.0 
-10.0 -10.0 
-0.0 -10.0 14:1.0 52:1.0 
-10.0 -10.0 
-10.0 -10.0 
-10.0 -10.0 
-10.0 -10.0 
-10.0 -10.0 
-10.0 -10.0 29:1.0 
-10.0 -10.0 
-10.0 -10.0 
-10.0 -10.0 
-10.0 -10.0 
-10.0 -10.0 
-10.0 -10.0 
-10.0 -10.0 
-10.0 -10.0 
-10.0 -10.0 
-10.0 -10.0 
-10.0 -10.0 
-10.0 -10.0 
-10.0 -10.0 
-10.0 -10.0 
-10.0 -10.0 
-10.0 -10.0 
-10.0 -10.0 
-10.0 -10.0 45:1.0 
-10.0 -10.0 
-10.0 -10.0 
-10.0 -10.0 
-10.0 -10.0 
-10.0 -10.0 
-10.0 -10.0 
-10.0 -10.0 
-1.8623433455538378 -10.0 35:1.0 
-10.0 -10.0 
-10.0 -10.0 
-10.0 -10.0 
-10.0 -10.0 
-10.0 -10.0 
-10.0 -10.0 
-2.0672162944563994 -6.34881071171652 9:1.0 
-10.0 -10.0 
-10.0 -10.0 
-10.0 -10.0 
-10.0 -10.0 
-10.0 -10.0 
-10.0 -10.0 
-10.0 -10.0 90:1.0 
-10.0 -10.0 
-10.0 -10.0 
-2.0021475697642894 -10.0 73:1.0 
-10.0 -10.0 
-10.0 -10.0 
-10.0 -10.0 
-10.0 -10.0 
-10.0 -10.0 
-10.0 -10.0 
-10.0 -9.523885216578117 67:1.0 
-10.0 -10.0 
-10.0 -10.0 
-10.0 -10.0 
-10.0 -10.0 
-10.0 -10.0 
-10.0 -10.0 
-10.0 -10.0 
-10.0 -10.0 
-10.0 -10.0 
-2.0105391131052808 -10.0 72:1.0 
-10.0 -10.0 
-10.0 -10.0 31:1.0 
-10.0 -10.0 
-7.258162917676927 -10.0 14:1.0 85:1.0 
-10.0 -10.0 
-10.0 -10.0 
-10.0 -10.0 
-10.0 -10.0 
-10.0 -10.0 
-10.0 -10.0 
-10.0 -10.0 19:1.0 
-10.0 -10.0 
-10.0 -10.0 
-10.0 -10.0 
-10.0 -9.504759483032007 30:1.0 
-10.0 -10.0 
-9.49165673145247 -0.0 1:1.0 13:1.0 
-10.0 -10.0 
-10.0 -10.0 
-10.0 -10.0 
-10.0 -10.0 19:1.0 
-10.0 -10.0 
-10.0 -10.0 
-10.0 -10.0 
-10.0 -10.0 
-10.0 -10.0 
-10.0 -10.0 
-10.0 -10.0 
-10.0 -10.0 
-10.0 -10.0 
-0.0 -10.0 6:1.0 
-10.0 -10.0 
-10.0 -10.0 
-10.0 -10.0 
-10.0 -10.0 
-10.0 -10.0 
-10.0 -10.0 
-10.0 -10.0 
-10.0 -10.0 
-10.0 -10.0 
-1.819532389046413 -10.0 7:1.0 
-10.0 -10.0 
-10.0 -10.0 
-10.0 -10.0 
-10.0 -10.0 
-10.0 -10.0 
-10.0 -10.0 
-10.0 -10.0 
-10.0 -10.0 
-10.0 -10.0 
-10.0 -10.0 
-10.0 -10.0 
-10.0 -10.0 
-10.0 -10.0 
-10.0 -10.0 
-10.0 -10.0 
-10.0 -10.0 20:1.0 
-10.0 -10.0 
-10.0 -10.0 
-10.0 -10.0 
-10.0 -10.0 
-10.0 -10.0 
-0.0 -10.0 17:1.0 
-10.0 -10.0 
-10.0 -10.0 
-10.0 -10.0 
-10.0 -10.0 
-10.0 -10.0 
-10.0 -10.0 
-10.0 -10.0 
-10.0 -10.0 
-10.0 -10.0 
-10.0 -10.0 
-10.0 -10.0 
-10.0 -10.0 
-10.0 -10.0 
-10.0 -10.0 
-10.0 -10.0 
-10.0 -10.0 
-10.0 -10.0 
-10.0 -10.0 
-10.0 -10.0 
-10.0 -10.0 
-10.0 -10.0 
-10.0 -10.0 
-10.0 -10.0 
-10.0 -10.0 41:1.0 
-10.0 -10.0 
-10.0 -10.0 
-10.0 -10.0 
-10.0 -10.0 
-10.0 -10.0 
-6.791728833522697 -10.0 
-0.0 -10.0 
