svm_type c_svc
kernel_type rbf
gamma 0.01
nr_class 3
total_sv 2035
rho -4.2944799454785 -5.718924595612503 4.795300862836919
label 2 0 1
nr_sv 512 844 679
SV
10.0 10.0 
10.0 10.0 374:1.0 
10.0 10.0 
10.0 10.0 39:1.0 
10.0 10.0 138:1.0 274:1.0 334:1.0 
10.0 10.0 
10.0 10.0 
10.0 10.0 
10.0 10.0 
10.0 10.0 
10.0 10.0 
10.0 10.0 
10.0 10.0 
10.0 10.0 
10.0 7.677445216321332 53:1.0 159:1.0 302:1.0 352:1.0 
10.0 10.0 324:1.0 
10.0 10.0 
10.0 10.0 
10.0 10.0 
10.0 10.0 
10.0 10.0 
10.0 10.0 207:1.0 
10.0 10.0 
10.0 10.0 
10.0 10.0 69:1.0 
10.0 10.0 
10.0 10.0 
10.0 10.0 275:1.0 
10.0 10.0 
10.0 10.0 
10.0 10.0 
10.0 10.0 
10.0 10.0 
10.0 10.0 
10.0 10.0 218:1.0 244:1.0 
10.0 10.0 
10.0 10.0 106:1.0 111:1.0 
10.0 10.0 
10.0 10.0 
0.21909625321324333 2.2505386601699247 22:1.0 38:1.0 80:1.0 216:1.0 387:1.0 416:1.0 480:1.0 
10.0 10.0 
6.3338542632003225 0.0 91:1.0 172:1.0 249:1.0 355:1.0 391:1.0 425:1.0 481:1.0 
10.0 10.0 
10.0 10.0 
10.0 10.0 
10.0 10.0 12:1.0 
10.0 10.0 
10.0 10.0 
10.0 10.0 
10.0 10.0 
10.0 10.0 
10.0 10.0 274:1.0 
10.0 10.0 
10.0 10.0 
10.0 10.0 
10.0 10.0 60:1.0 
10.0 10.0 
10.0 10.0 
10.0 10.0 
10.0 10.0 126:1.0 370:1.0 
10.0 10.0 
10.0 10.0 
10.0 10.0 
10.0 10.0 107:1.0 134:1.0 
10.0 10.0 195:1.0 
10.0 10.0 138:1.0 
10.0 10.0 
10.0 10.0 
10.0 10.0 25:1.0 172:1.0 
10.0 10.0 
10.0 10.0 
10.0 10.0 
10.0 10.0 25:1.0 30:1.0 
10.0 10.0 
10.0 10.0 192:1.0 
10.0 10.0 
10.0 10.0 
10.0 10.0 
10.0 10.0 
10.0 10.0 
10.0 10.0 
10.0 10.0 
10.0 10.0 
10.0 10.0 
10.0 10.0 
10.0 10.0 170:1.0 
10.0 10.0 309:1.0 
3.638843200635181 10.0 107:1.0 352:1.0 
10.0 10.0 106:1.0 364:1.0 
0.0 7.429369258349516 45:1.0 91:1.0 146:1.0 249:1.0 355:1.0 391:1.0 402:1.0 423:1.0 425:1.0 458:1.0 466:1.0 481:1.0 
10.0 10.0 
10.0 10.0 364:1.0 
10.0 10.0 
10.0 10.0 
10.0 10.0 22:1.0 145:1.0 
10.0 10.0 21:1.0 
10.0 10.0 30:1.0 
10.0 10.0 
10.0 10.0 291:1.0 
10.0 10.0 
10.0 10.0 107:1.0 
10.0 10.0 
10.0 10.0 
10.0 10.0 
10.0 10.0 126:1.0 
10.0 10.0 
10.0 10.0 
10.0 10.0 
10.0 10.0 
10.0 10.0 
10.0 10.0 
10.0 10.0 
10.0 10.0 206:1.0 230:1.0 
10.0 10.0 91:1.0 
10.0 10.0 
10.0 10.0 
10.0 10.0 
10.0 10.0 
10.0 10.0 172:1.0 
10.0 10.0 
10.0 10.0 
10.0 10.0 
5.332345180225298 4.612384876763306 3:1.0 34:1.0 86:1.0 
10.0 10.0 
10.0 10.0 
10.0 10.0 
10.0 10.0 281:1.0 300:1.0 
10.0 10.0 
10.0 10.0 
10.0 10.0 67:1.0 
10.0 10.0 
10.0 10.0 
10.0 10.0 43:1.0 
10.0 10.0 
10.0 10.0 
10.0 10.0 
10.0 10.0 
10.0 10.0 
10.0 10.0 
4.861209387834148 0.0 121:1.0 152:1.0 323:1.0 403:1.0 408:1.0 462:1.0 
10.0 10.0 325:1.0 
10.0 10.0 
10.0 10.0 
10.0 10.0 
10.0 10.0 375:1.0 
10.0 10.0 
10.0 10.0 
10.0 10.0 
10.0 10.0 
10.0 10.0 
10.0 10.0 
10.0 10.0 94:1.0 352:1.0 
10.0 10.0 
10.0 10.0 
10.0 10.0 
10.0 10.0 
10.0 10.0 9:1.0 11:1.0 
10.0 10.0 236:1.0 310:1.0 
10.0 10.0 9:1.0 11:1.0 257:1.0 
10.0 10.0 259:1.0 
10.0 10.0 
10.0 10.0 25:1.0 
10.0 10.0 100:1.0 
10.0 10.0 117:1.0 118:1.0 
10.0 10.0 202:1.0 283:1.0 400:1.0 
10.0 10.0 147:1.0 161:1.0 
10.0 10.0 259:1.0 
10.0 10.0 124:1.0 222:1.0 310:1.0 
10.0 10.0 
10.0 10.0 
10.0 10.0 251:1.0 
10.0 10.0 218:1.0 
10.0 10.0 16:1.0 71:1.0 228:1.0 337:1.0 362:1.0 
10.0 10.0 207:1.0 
10.0 10.0 124:1.0 
10.0 10.0 
10.0 10.0 
10.0 10.0 
10.0 10.0 50:1.0 124:1.0 
10.0 10.0 
10.0 10.0 
10.0 10.0 
10.0 10.0 
10.0 10.0 198:1.0 249:1.0 301:1.0 355:1.0 391:1.0 
10.0 10.0 10:1.0 181:1.0 
10.0 10.0 
10.0 10.0 209:1.0 
10.0 10.0 
10.0 10.0 
10.0 10.0 
10.0 10.0 
10.0 10.0 
10.0 10.0 
10.0 10.0 233:1.0 
10.0 10.0 
10.0 10.0 307:1.0 
10.0 10.0 
10.0 10.0 
10.0 10.0 198:1.0 
10.0 10.0 
10.0 10.0 
10.0 10.0 
10.0 10.0 328:1.0 
10.0 10.0 
10.0 10.0 
10.0 10.0 
10.0 10.0 135:1.0 
10.0 10.0 352:1.0 
10.0 10.0 34:1.0 159:1.0 
10.0 10.0 
10.0 10.0 249:1.0 
10.0 10.0 
10.0 10.0 107:1.0 
10.0 10.0 170:1.0 
10.0 10.0 
10.0 10.0 200:1.0 
10.0 10.0 375:1.0 
10.0 10.0 198:1.0 
10.0 10.0 
10.0 10.0 
10.0 10.0 274:1.0 
10.0 10.0 
10.0 10.0 354:1.0 
10.0 10.0 
10.0 10.0 283:1.0 
10.0 10.0 
10.0 10.0 82:1.0 
10.0 10.0 
10.0 10.0 
10.0 10.0 180:1.0 318:1.0 
10.0 10.0 
10.0 10.0 
10.0 10.0 134:1.0 233:1.0 
10.0 10.0 195:1.0 
10.0 10.0 
10.0 7.78593960202311 91:1.0 145:1.0 146:1.0 179:1.0 418:1.0 423:1.0 432:1.0 
10.0 10.0 
10.0 10.0 
10.0 10.0 82:1.0 243:1.0 
10.0 10.0 
10.0 10.0 
10.0 10.0 
10.0 10.0 241:1.0 249:1.0 
10.0 10.0 
10.0 10.0 243:1.0 
10.0 10.0 354:1.0 
10.0 10.0 
10.0 10.0 
10.0 10.0 
10.0 10.0 
10.0 10.0 
10.0 10.0 310:1.0 
10.0 10.0 
10.0 10.0 
10.0 10.0 
10.0 10.0 
10.0 10.0 
10.0 4.503868328674448 121:1.0 152:1.0 323:1.0 403:1.0 408:1.0 462:1.0 
10.0 10.0 
10.0 10.0 145:1.0 
10.0 10.0 
10.0 10.0 
10.0 10.0 279:1.0 
10.0 10.0 10:1.0 186:1.0 
10.0 10.0 
10.0 10.0 
10.0 10.0 
10.0 10.0 230:1.0 
10.0 10.0 19:1.0 41:1.0 86:1.0 
10.0 10.0 
10.0 10.0 
10.0 10.0 41:1.0 256:1.0 
10.0 10.0 41:1.0 
10.0 10.0 
10.0 10.0 
10.0 10.0 
10.0 10.0 
10.0 10.0 
10.0 10.0 
10.0 10.0 
10.0 10.0 354:1.0 
10.0 10.0 
10.0 10.0 
10.0 10.0 
10.0 10.0 
10.0 10.0 86:1.0 158:1.0 
10.0 10.0 16:1.0 
10.0 10.0 
10.0 10.0 
10.0 10.0 
10.0 10.0 
10.0 10.0 
10.0 10.0 362:1.0 
10.0 10.0 354:1.0 
10.0 10.0 173:1.0 
10.0 10.0 
10.0 10.0 47:1.0 352:1.0 
10.0 10.0 
10.0 10.0 
10.0 10.0 112:1.0 373:1.0 
10.0 10.0 
10.0 10.0 
10.0 10.0 34:1.0 126:1.0 159:1.0 
10.0 10.0 
10.0 10.0 
10.0 10.0 
10.0 10.0 
10.0 10.0 199:1.0 
10.0 10.0 
10.0 10.0 
10.0 10.0 
10.0 10.0 
10.0 10.0 
10.0 10.0 
10.0 10.0 274:1.0 302:1.0 
10.0 10.0 
10.0 10.0 
10.0 10.0 86:1.0 312:1.0 
10.0 10.0 348:1.0 439:1.0 
10.0 10.0 
10.0 10.0 328:1.0 
10.0 10.0 
10.0 10.0 
10.0 10.0 
10.0 10.0 277:1.0 
10.0 10.0 
4.964885953004234 4.229452800490654 103:1.0 129:1.0 263:1.0 415:1.0 438:1.0 465:1.0 
10.0 10.0 29:1.0 42:1.0 
10.0 10.0 245:1.0 
10.0 10.0 161:1.0 
10.0 10.0 
10.0 10.0 
10.0 10.0 
10.0 10.0 
10.0 10.0 134:1.0 
10.0 10.0 
10.0 10.0 352:1.0 
10.0 10.0 
10.0 10.0 
10.0 10.0 
10.0 10.0 
10.0 10.0 
10.0 10.0 
10.0 10.0 
10.0 10.0 
10.0 10.0 
10.0 10.0 
10.0 10.0 
10.0 10.0 
10.0 10.0 103:1.0 129:1.0 263:1.0 415:1.0 438:1.0 465:1.0 
10.0 10.0 
10.0 10.0 
10.0 10.0 
10.0 10.0 
10.0 10.0 
10.0 10.0 
10.0 10.0 
10.0 10.0 
10.0 10.0 
10.0 10.0 
10.0 10.0 
10.0 10.0 80:1.0 
10.0 10.0 4:1.0 
10.0 10.0 
10.0 10.0 
10.0 10.0 50:1.0 
10.0 10.0 
10.0 10.0 
10.0 10.0 
10.0 10.0 
10.0 10.0 
10.0 10.0 
10.0 10.0 
10.0 10.0 
10.0 10.0 95:1.0 202:1.0 
10.0 10.0 
10.0 10.0 
10.0 10.0 374:1.0 
10.0 10.0 69:1.0 
10.0 10.0 
10.0 10.0 196:1.0 219:1.0 
10.0 10.0 
10.0 10.0 
10.0 10.0 104:1.0 
10.0 10.0 
10.0 10.0 
10.0 10.0 
10.0 10.0 
10.0 10.0 
10.0 10.0 
10.0 10.0 
10.0 10.0 3:1.0 95:1.0 
10.0 10.0 
10.0 10.0 
10.0 10.0 
10.0 10.0 122:1.0 
10.0 10.0 
10.0 10.0 
10.0 10.0 141:1.0 
10.0 10.0 
10.0 10.0 202:1.0 283:1.0 400:1.0 
10.0 10.0 
10.0 10.0 
10.0 10.0 
10.0 10.0 
10.0 10.0 298:1.0 
10.0 10.0 
10.0 10.0 
10.0 10.0 
10.0 10.0 
10.0 10.0 4:1.0 
10.0 10.0 
10.0 10.0 
10.0 10.0 
10.0 10.0 
10.0 10.0 
10.0 10.0 
10.0 10.0 
10.0 10.0 38:1.0 259:1.0 
10.0 10.0 
10.0 10.0 
10.0 10.0 335:1.0 
10.0 10.0 
10.0 10.0 
10.0 10.0 160:1.0 347:1.0 
10.0 10.0 
10.0 10.0 
10.0 10.0 
10.0 10.0 
10.0 10.0 
10.0 10.0 70:1.0 71:1.0 187:1.0 219:1.0 351:1.0 
10.0 10.0 202:1.0 
10.0 10.0 174:1.0 340:1.0 
10.0 10.0 
10.0 10.0 42:1.0 341:1.0 
10.0 10.0 
10.0 10.0 
10.0 10.0 33:1.0 71:1.0 219:1.0 292:1.0 
10.0 10.0 
10.0 10.0 
10.0 10.0 
10.0 10.0 
10.0 10.0 
10.0 10.0 
10.0 10.0 358:1.0 
10.0 10.0 
10.0 10.0 3:1.0 203:1.0 
10.0 10.0 
10.0 10.0 
10.0 10.0 137:1.0 
10.0 10.0 12:1.0 39:1.0 170:1.0 
10.0 10.0 257:1.0 
10.0 10.0 
10.0 10.0 
10.0 10.0 
10.0 9.727792945594208 121:1.0 152:1.0 323:1.0 403:1.0 408:1.0 462:1.0 
9.543050005497465 9.632465901845746 38:1.0 80:1.0 216:1.0 308:1.0 387:1.0 416:1.0 480:1.0 
10.0 10.0 
10.0 10.0 
10.0 10.0 
10.0 10.0 
10.0 10.0 
10.0 10.0 
10.0 10.0 
10.0 10.0 53:1.0 
10.0 10.0 12:1.0 
10.0 10.0 
10.0 10.0 3:1.0 95:1.0 
10.0 10.0 
10.0 10.0 
10.0 10.0 
10.0 10.0 
10.0 10.0 
10.0 10.0 
10.0 10.0 
10.0 10.0 
10.0 10.0 
10.0 10.0 
10.0 10.0 
10.0 10.0 
10.0 10.0 228:1.0 
10.0 10.0 
10.0 10.0 
10.0 10.0 
10.0 10.0 
10.0 10.0 274:1.0 
10.0 10.0 
10.0 10.0 
10.0 10.0 
10.0 10.0 352:1.0 
10.0 10.0 
10.0 10.0 
10.0 10.0 
10.0 5.419839143826158 91:1.0 146:1.0 241:1.0 310:1.0 355:1.0 380:1.0 423:1.0 425:1.0 458:1.0 
10.0 10.0 
10.0 10.0 274:1.0 
10.0 10.0 
10.0 10.0 
10.0 10.0 10:1.0 
10.0 10.0 
10.0 10.0 188:1.0 
10.0 10.0 50:1.0 
10.0 10.0 233:1.0 
10.0 10.0 
10.0 10.0 
10.0 10.0 
10.0 10.0 53:1.0 
10.0 10.0 
10.0 10.0 16:1.0 198:1.0 
10.0 10.0 249:1.0 355:1.0 391:1.0 
10.0 10.0 
10.0 10.0 296:1.0 
-0.13895408068291856 0.0 358:1.0 
-3.1131877080113277 3.3689670439701316 117:1.0 
-2.5794215885228597 7.737851423163562 251:1.0 353:1.0 
-0.05135715632268425 0.14858713905827048 297:1.0 
-2.6359865096365116 5.493439276231194 77:1.0 
-0.0 3.0516339943641584 333:1.0 
-2.5718418216785564 0.0 73:1.0 380:1.0 
-6.727695889511068 10.0 13:1.0 138:1.0 
-0.0 3.037224158550707 267:1.0 
-1.825763746505917 10.0 163:1.0 262:1.0 
-0.1671866534024112 0.0 257:1.0 
-0.0 2.873709967106377 88:1.0 
-7.4661722940515265 7.886456168307943 187:1.0 250:1.0 
-2.6427137109671572 10.0 24:1.0 
-0.0 10.0 261:1.0 
-9.33848662496844 0.0 53:1.0 
-3.099682442098532 0.0 312:1.0 
-10.0 10.0 9:1.0 
-10.0 2.9368956193377573 30:1.0 207:1.0 
-2.6803415690139243 2.957008962845279 282:1.0 394:1.0 467:1.0 
-0.0 10.0 7:1.0 123:1.0 260:1.0 369:1.0 
-2.668736418483614 10.0 87:1.0 192:1.0 313:1.0 
-10.0 10.0 337:1.0 
-4.962400486736785 10.0 351:1.0 363:1.0 
-1.7715146947385556 3.2973127248207197 189:1.0 
-2.6388223077318895 9.966903372398193 88:1.0 
-2.837862409571396 0.0 291:1.0 
-0.0361115729380972 0.0 318:1.0 
-0.0 3.2686442125287876 330:1.0 
-2.6490899630688953 10.0 251:1.0 273:1.0 344:1.0 
-0.0799762488929233 4.9551332367177965 353:1.0 
-0.25452327898171073 7.382993307776915 58:1.0 105:1.0 
-2.6378860682382355 10.0 261:1.0 
-2.6704842588832074 7.624531494486388 45:1.0 73:1.0 249:1.0 402:1.0 435:1.0 
-10.0 0.0 161:1.0 
-10.0 2.937466494268738 302:1.0 
-0.7786476213715054 5.768007691418845 31:1.0 168:1.0 379:1.0 417:1.0 
-2.6328161226297677 10.0 2:1.0 
-10.0 10.0 186:1.0 
-0.0 5.347528931042917 90:1.0 367:1.0 
-2.652619833313717 10.0 194:1.0 299:1.0 
-2.6640291652931114 10.0 26:1.0 333:1.0 
-10.0 4.913523377377099 91:1.0 145:1.0 179:1.0 257:1.0 418:1.0 432:1.0 
-10.0 10.0 122:1.0 
-9.951207398295944 10.0 257:1.0 
-2.635315287216361 10.0 265:1.0 
-10.0 0.0 53:1.0 
-4.176869970408983 10.0 198:1.0 367:1.0 
-0.07372076443238237 0.0 331:1.0 
-2.7089729906683786 0.0 32:1.0 112:1.0 
-0.0 10.0 45:1.0 73:1.0 249:1.0 338:1.0 402:1.0 435:1.0 
-7.607920073141128 8.55163554423058 206:1.0 290:1.0 
-0.0 10.0 105:1.0 
-0.16776985845031184 10.0 150:1.0 
-10.0 2.93299627925023 172:1.0 
-10.0 10.0 249:1.0 
-2.5878362951634655 10.0 144:1.0 149:1.0 
-10.0 10.0 50:1.0 309:1.0 
-0.7077026144034843 10.0 178:1.0 
-0.023240454434094296 3.1564419672395974 213:1.0 
-0.0 10.0 215:1.0 
-0.10618937843444513 0.0 199:1.0 
-10.0 10.0 198:1.0 
-0.12521881783422067 2.9107556908703387 225:1.0 
-2.657389362653754 2.9069601996451238 195:1.0 226:1.0 
-10.0 9.32470898645205 25:1.0 54:1.0 241:1.0 
-0.0 3.440042149849354 32:1.0 
-0.12998639806195925 0.0 149:1.0 297:1.0 
-0.02514246231272991 0.0 59:1.0 
-2.4893551654565487 10.0 167:1.0 267:1.0 
-0.7924790921353089 0.0 35:1.0 
-0.03050951077375938 2.4392975428783097 191:1.0 
-0.0 3.211834370802244 182:1.0 
-10.0 10.0 47:1.0 
-0.0 7.283670106276886 164:1.0 
-0.11807427177218634 0.04443478282333571 72:1.0 168:1.0 
-1.0285031316935567 0.0 132:1.0 160:1.0 
-0.0 10.0 105:1.0 204:1.0 269:1.0 306:1.0 419:1.0 
-10.0 0.0 95:1.0 158:1.0 
-10.0 10.0 274:1.0 
-0.848109320639897 0.0 268:1.0 
-1.9389134643262464 10.0 31:1.0 178:1.0 
-2.6446064487759733 2.9485479955738394 286:1.0 
-10.0 2.944542073853617 328:1.0 
-2.632091837282286 2.938449883519175 208:1.0 
-2.5129812366342543 10.0 316:1.0 
-10.0 10.0 195:1.0 
-0.09601762356262127 0.0 332:1.0 
-2.6314303686236316 10.0 151:1.0 
-0.13927145034737357 0.0 177:1.0 
-0.05576562834673335 0.0 376:1.0 
-1.818008124811449 3.059254693680732 75:1.0 93:1.0 268:1.0 
-1.5202206882799607 10.0 310:1.0 
-2.4471449622127825 2.8716328014566974 58:1.0 72:1.0 105:1.0 315:1.0 
-10.0 3.0053327274560004 12:1.0 121:1.0 152:1.0 323:1.0 403:1.0 408:1.0 462:1.0 
-0.0 3.3645111716067775 183:1.0 
-0.0 10.0 120:1.0 
-0.0 10.0 251:1.0 
-0.11154014150974664 3.4594514878371956 36:1.0 
-6.008551559190413 10.0 212:1.0 335:1.0 371:1.0 
-0.14173454516893202 0.0 260:1.0 
-0.029436826148377282 3.424299410382397 193:1.0 
-5.781439069650446 0.6921599335792624 5:1.0 241:1.0 319:1.0 
-1.2822188162991597 10.0 19:1.0 94:1.0 148:1.0 215:1.0 
-10.0 2.9498033172691107 218:1.0 
-0.13143771914686864 0.0 381:1.0 
-2.587255418557456 10.0 44:1.0 97:1.0 
-2.666070684882581 2.9493371844300946 60:1.0 322:1.0 
-10.0 0.0 126:1.0 
-2.6543852401908805 10.0 76:1.0 347:1.0 
-0.45427520929514786 0.0 115:1.0 
-10.0 0.20723107322318066 354:1.0 
-9.87444586909495 0.0 161:1.0 
-1.7243382417399418 2.763851561414308 18:1.0 49:1.0 127:1.0 166:1.0 180:1.0 229:1.0 252:1.0 288:1.0 314:1.0 345:1.0 356:1.0 392:1.0 396:1.0 424:1.0 429:1.0 430:1.0 433:1.0 437:1.0 441:1.0 443:1.0 453:1.0 454:1.0 456:1.0 459:1.0 461:1.0 463:1.0 473:1.0 482:1.0 
-0.0 5.257283512682519 191:1.0 303:1.0 311:1.0 
-0.0 9.509761167419828 32:1.0 
-5.745272692976199 9.011167197831927 246:1.0 303:1.0 324:1.0 
-5.139754236165933 3.8259125030169794 175:1.0 234:1.0 317:1.0 334:1.0 
-2.665794805171279 2.91629973916011 285:1.0 329:1.0 
-1.9484384966458745 2.868253907715077 115:1.0 295:1.0 360:1.0 
-9.615051382669064 10.0 200:1.0 
-0.0 3.9523641905140505 
-0.0 10.0 
-2.6326513932282807 10.0 321:1.0 
-0.0 10.0 
-0.0 10.0 
-0.0 10.0 
-0.0 10.0 
-0.0 10.0 
-3.2250169701199876 10.0 243:1.0 
-0.0 10.0 
-0.0 10.0 
-0.0 10.0 
-4.193092771651293 0.0 198:1.0 287:1.0 
-0.0 9.81330251367997 109:1.0 
-2.630588919418938 5.226097880666762 191:1.0 251:1.0 
-0.0 10.0 
-0.0 5.019649740342565 85:1.0 105:1.0 
-1.1888765116090454 10.0 133:1.0 238:1.0 339:1.0 404:1.0 
-0.0 10.0 
-0.7274784796077655 10.0 360:1.0 
-10.0 3.262886433120622 126:1.0 
-2.635795612624551 9.724688429141072 182:1.0 
-2.635439562515199 10.0 57:1.0 
-1.8938601632548715 5.803646792093827 35:1.0 168:1.0 379:1.0 417:1.0 
-0.0 10.0 
-0.0 10.0 
-0.0 10.0 
-0.0 10.0 
-0.10797888066735874 0.02883537261868074 336:1.0 
-0.0 10.0 
-10.0 10.0 192:1.0 
-2.632816122629678 2.9476357165556624 221:1.0 
-0.0 10.0 
-3.137790075893679 0.0 173:1.0 
-0.0 10.0 
-10.0 10.0 68:1.0 91:1.0 146:1.0 227:1.0 249:1.0 301:1.0 355:1.0 391:1.0 423:1.0 425:1.0 458:1.0 481:1.0 
-0.0 10.0 141:1.0 
-0.0 10.0 
-0.0 2.5656565388970076 150:1.0 369:1.0 
-10.0 2.9378133290037485 374:1.0 
-0.0 10.0 
-0.0 10.0 
-0.0 10.0 
-0.1464129950576473 0.0 14:1.0 143:1.0 
-0.0 10.0 
-0.0 10.0 
-0.8871040758653501 3.000687339372934 75:1.0 92:1.0 96:1.0 
-7.87911488962202 3.558620797044588 29:1.0 95:1.0 169:1.0 
-6.7804935206377275 0.0 370:1.0 
-0.0 10.0 
-0.0 10.0 
-0.0941455316190394 3.4591855429050686 237:1.0 
-0.0 10.0 
-0.0 10.0 336:1.0 363:1.0 
-7.662477285730736 7.99901971879749 43:1.0 266:1.0 
-0.0 10.0 
-0.0 10.0 
-0.0 10.0 
-0.0 10.0 
-0.0 10.0 
-0.0 10.0 
-0.0 10.0 
-0.0 10.0 
-0.0 10.0 
-0.0 10.0 
-0.0 10.0 
-0.0 10.0 
-9.797748930922264 2.9520105705607467 291:1.0 
-0.0 10.0 
-0.0 10.0 
-1.0859899505442772 0.0 18:1.0 49:1.0 127:1.0 166:1.0 180:1.0 229:1.0 252:1.0 288:1.0 345:1.0 356:1.0 361:1.0 392:1.0 396:1.0 399:1.0 429:1.0 430:1.0 437:1.0 443:1.0 453:1.0 456:1.0 461:1.0 478:1.0 482:1.0 
-0.07009023522251359 10.0 346:1.0 
-0.11726579268614148 2.833214298191132 162:1.0 
-0.0 10.0 
-0.12351076751703108 0.0 17:1.0 125:1.0 407:1.0 
-0.27592042800202604 0.42249460893560775 148:1.0 154:1.0 
-2.5026243059099307 2.986233414921472 61:1.0 203:1.0 
-0.0 10.0 
-0.0 10.0 
-3.3134351301655727 3.1554558318202193 296:1.0 
-0.0 10.0 
-0.0 10.0 
-0.0 10.0 
-0.9449699057494627 8.083674043091184 284:1.0 
-0.0 10.0 
-0.0 10.0 
-0.0 10.0 270:1.0 
-0.0 10.0 
-1.7066220137774732 4.520281813938927 96:1.0 284:1.0 
-10.0 10.0 
-0.04784658016367305 2.9436014376426796 344:1.0 
-10.0 10.0 
-2.636149287211171 9.473743055183578 183:1.0 
-10.0 10.0 
-10.0 10.0 
-10.0 10.0 
-1.5068466063389867 9.743342473700379 154:1.0 271:1.0 
-2.6489885849876136 10.0 84:1.0 160:1.0 
-10.0 10.0 
-10.0 10.0 
-0.1431110590498893 10.0 95:1.0 109:1.0 127:1.0 363:1.0 
-0.03464242992568737 7.65006661109248 365:1.0 
-10.0 10.0 
-10.0 10.0 
-0.10276454469762926 2.9472369106936283 83:1.0 
-10.0 10.0 
-0.0 10.0 285:1.0 
-10.0 10.0 
-10.0 10.0 
-0.0 0.04458234750737057 110:1.0 155:1.0 239:1.0 264:1.0 278:1.0 357:1.0 372:1.0 386:1.0 395:1.0 413:1.0 422:1.0 436:1.0 442:1.0 446:1.0 448:1.0 450:1.0 475:1.0 477:1.0 
-2.640235703218805 10.0 270:1.0 
-10.0 10.0 
-10.0 10.0 
-2.2264539566571377 4.083806452391044 17:1.0 56:1.0 78:1.0 125:1.0 231:1.0 238:1.0 272:1.0 385:1.0 407:1.0 412:1.0 426:1.0 469:1.0 476:1.0 
-10.0 10.0 
-10.0 10.0 
-10.0 10.0 
-10.0 10.0 
-0.03551272163042749 0.0 382:1.0 
-10.0 10.0 
-10.0 10.0 
-10.0 10.0 138:1.0 
-10.0 10.0 
-10.0 10.0 
-10.0 10.0 
-10.0 10.0 
-10.0 10.0 
-6.919329155364836 10.0 
-0.0 10.0 
-2.6135315060564963 2.810781097837888 201:1.0 230:1.0 
-5.98008384969026 6.2898987747137305 20:1.0 247:1.0 281:1.0 
-10.0 10.0 
-10.0 10.0 
-6.983536517131705 10.0 94:1.0 153:1.0 
-0.0 10.0 75:1.0 
-2.642804998715658 10.0 114:1.0 
-10.0 10.0 
-0.018748633954999802 0.0 194:1.0 
-10.0 10.0 
-9.94937154449852 10.0 243:1.0 
-10.0 10.0 
-0.0355721764848994 0.0 255:1.0 
-10.0 10.0 
-10.0 10.0 
-10.0 10.0 
-10.0 10.0 
-2.635516521292028 9.58174683492722 330:1.0 
-10.0 9.953141030426291 53:1.0 
-10.0 10.0 
-10.0 10.0 
-10.0 10.0 
-0.0 2.936522799943297 65:1.0 
-10.0 0.0 95:1.0 
-0.0 5.3300259420752685 8:1.0 165:1.0 371:1.0 409:1.0 
-10.0 10.0 
-2.641651744164006 10.0 190:1.0 
-0.0 10.0 226:1.0 
-10.0 10.0 
-10.0 10.0 
-0.03540517334886677 0.0 313:1.0 
-10.0 10.0 
-10.0 10.0 
-10.0 10.0 198:1.0 
-10.0 10.0 
-2.6845458265034967 7.934797302895017 120:1.0 161:1.0 
-10.0 10.0 
-10.0 10.0 141:1.0 
-10.0 10.0 
-10.0 10.0 
-10.0 10.0 
-10.0 10.0 
-10.0 10.0 159:1.0 
-10.0 10.0 
-10.0 10.0 
-7.73205388748651 5.688540325828589 195:1.0 
-0.0 6.690797320475093 175:1.0 287:1.0 311:1.0 
-10.0 10.0 
-0.21792654574126086 3.2024620141584847 339:1.0 
-10.0 10.0 
-10.0 10.0 
-10.0 10.0 
-10.0 10.0 
-0.13210889153747427 10.0 368:1.0 
-10.0 10.0 
-10.0 10.0 
-10.0 10.0 
-10.0 10.0 
-1.78392183304041 0.0 277:1.0 377:1.0 
-10.0 10.0 
-10.0 10.0 
-2.63176807812253 10.0 131:1.0 
-10.0 10.0 
-10.0 10.0 
-0.35953737727177865 0.0 48:1.0 
-10.0 10.0 
-10.0 2.9263742156130066 277:1.0 
-10.0 10.0 
-0.032633081623091816 0.0 204:1.0 306:1.0 419:1.0 
-10.0 10.0 
-10.0 10.0 
-0.0352776909961175 0.0 116:1.0 
-0.0 9.918489928611695 225:1.0 
-2.314365953668421 2.856412844743778 48:1.0 51:1.0 325:1.0 
-10.0 10.0 
-10.0 10.0 
-10.0 10.0 
-10.0 10.0 
-10.0 10.0 
-10.0 10.0 
-10.0 10.0 
-10.0 10.0 
-10.0 10.0 
-10.0 10.0 
-10.0 10.0 
-10.0 10.0 
-0.0 2.820692388981842 27:1.0 293:1.0 
-10.0 10.0 
-10.0 10.0 
-0.07464597625131712 0.09640361724835794 139:1.0 
-10.0 10.0 
-10.0 10.0 
-10.0 10.0 
-0.0 4.950257517059941 382:1.0 
-10.0 10.0 
-0.9512976584665396 2.831667632319862 133:1.0 
-10.0 10.0 245:1.0 
-10.0 10.0 
-0.0 7.48720028554174 5:1.0 77:1.0 347:1.0 
-10.0 10.0 
-10.0 10.0 
-0.0 10.0 369:1.0 
-10.0 10.0 
-10.0 10.0 
-10.0 10.0 
-8.336118069707865 10.0 82:1.0 215:1.0 383:1.0 
-10.0 10.0 
-10.0 10.0 
-10.0 10.0 
-0.0 8.905262431122045 81:1.0 185:1.0 248:1.0 254:1.0 384:1.0 393:1.0 406:1.0 449:1.0 479:1.0 
-10.0 10.0 
-10.0 10.0 
-0.22054466823849483 0.26631564285143333 110:1.0 155:1.0 413:1.0 
-10.0 10.0 
-2.596046602805502 2.9374504265555443 255:1.0 
-10.0 10.0 
-10.0 10.0 
-10.0 10.0 
-0.0 4.950257517059941 59:1.0 
-2.009978037366065 10.0 150:1.0 
-10.0 10.0 
-10.0 10.0 
-10.0 10.0 
-10.0 10.0 
-10.0 10.0 
-10.0 10.0 
-10.0 10.0 
-10.0 6.284806589534376 11:1.0 63:1.0 112:1.0 
-10.0 10.0 
-10.0 10.0 
-3.208754569465015 0.0 358:1.0 
-10.0 10.0 
-10.0 10.0 
-2.682643395886986 0.0 318:1.0 
-10.0 10.0 
-10.0 10.0 
-10.0 10.0 
-10.0 10.0 
-0.6743761589400138 0.0 56:1.0 78:1.0 231:1.0 339:1.0 412:1.0 426:1.0 476:1.0 
-0.2321462492273394 10.0 61:1.0 315:1.0 
-2.6354656825123097 10.0 232:1.0 
-10.0 10.0 
-10.0 10.0 
-10.0 10.0 
-10.0 10.0 147:1.0 
-0.0 10.0 222:1.0 
-0.624092520013553 9.341906768032917 339:1.0 
-10.0 10.0 
-0.06575961226500071 10.0 222:1.0 230:1.0 
-9.501437344899955 2.9498760133360635 173:1.0 
-10.0 10.0 
-10.0 10.0 
-0.0 7.1272694176933085 1:1.0 75:1.0 137:1.0 
-9.36407951886896 10.0 243:1.0 
-0.0 2.932042488987306 55:1.0 68:1.0 123:1.0 253:1.0 350:1.0 420:1.0 
-2.507366542666423 10.0 214:1.0 
-10.0 10.0 
-10.0 10.0 
-9.292527053070911 2.9519609209336193 358:1.0 
-10.0 10.0 
-2.723206304891662 0.0 181:1.0 
-4.65022585521677 0.0 73:1.0 249:1.0 435:1.0 
-10.0 10.0 
-10.0 4.731065256961654 325:1.0 
-0.0 0.5225440469607154 27:1.0 381:1.0 
-9.775031866228321 7.738081181313751 188:1.0 222:1.0 
-10.0 10.0 
-0.6048892902252845 10.0 55:1.0 
-10.0 10.0 
-2.806229378031678 8.043431694386186 257:1.0 
-10.0 10.0 
-10.0 10.0 
-10.0 10.0 
-0.0 10.0 322:1.0 
-10.0 10.0 70:1.0 362:1.0 
-0.10121782375200165 4.09004188249343 101:1.0 
-10.0 10.0 
-10.0 10.0 
-0.0 3.1427399836542587 332:1.0 
-10.0 10.0 
-10.0 10.0 
-0.0 5.0 177:1.0 
-10.0 10.0 
-10.0 10.0 
-10.0 10.0 
-10.0 10.0 
-10.0 10.0 
-10.0 10.0 
-10.0 10.0 
-10.0 10.0 
-10.0 10.0 
-0.48641633844617516 0.15143742766863433 150:1.0 295:1.0 
-0.046333616661541295 0.0 201:1.0 
-0.0 3.4816546219875715 116:1.0 
-0.0 10.0 116:1.0 
-10.0 10.0 
-2.500654118135331 2.4207529167943753 381:1.0 
-0.0 1.4801311299263722 168:1.0 
-10.0 10.0 
-10.0 10.0 196:1.0 
-10.0 10.0 
-10.0 10.0 
-2.3464091167545478 4.303168479612188 123:1.0 169:1.0 195:1.0 380:1.0 
-10.0 10.0 
-10.0 10.0 
-0.1385325566551787 4.356883976169752 98:1.0 
-2.713128774604396 2.9739545602634423 66:1.0 139:1.0 171:1.0 397:1.0 440:1.0 452:1.0 
-10.0 10.0 310:1.0 
-10.0 10.0 
-10.0 10.0 
-10.0 9.689124137440318 126:1.0 
-10.0 10.0 
-10.0 10.0 
-10.0 10.0 
-10.0 10.0 
-10.0 10.0 
-2.499720019990021 8.579659854798853 98:1.0 
-10.0 10.0 
-10.0 10.0 
-10.0 10.0 
-10.0 10.0 
-0.13008611531122272 0.0 89:1.0 
-3.0420014786072214 2.914679319123325 53:1.0 200:1.0 
-2.6411116231574825 6.026947331848084 204:1.0 306:1.0 419:1.0 
-2.6403554088188073 10.0 142:1.0 
-0.0 5.500717547179839 74:1.0 265:1.0 285:1.0 
-0.12465412880769486 5.044297793762259 143:1.0 316:1.0 
-10.0 10.0 
-10.0 10.0 
-10.0 10.0 
-10.0 10.0 
-2.6686992115348107 2.8457519841151395 67:1.0 141:1.0 
-0.02752284328410942 3.793621892134911 223:1.0 
-10.0 10.0 
-0.27451861826688223 0.11736735889871294 115:1.0 
-0.0 0.9135832907537582 56:1.0 74:1.0 231:1.0 238:1.0 272:1.0 385:1.0 426:1.0 469:1.0 
-9.907577459285998 0.0 230:1.0 
-10.0 10.0 
-0.16954870887525483 0.0 6:1.0 167:1.0 267:1.0 
-10.0 10.0 
-10.0 0.0 203:1.0 
-10.0 10.0 
-10.0 9.864820915436855 310:1.0 
-10.0 10.0 
-10.0 10.0 
-10.0 10.0 
-10.0 10.0 
-0.0 8.646493220439186 290:1.0 294:1.0 
-10.0 10.0 
-10.0 10.0 
-0.0 9.86995079128661 191:1.0 
-10.0 10.0 
-5.9069209846851845 5.4634885899464996 85:1.0 164:1.0 292:1.0 
-10.0 10.0 
-2.499321477086161 3.2450919361809762 260:1.0 
-10.0 10.0 
-10.0 10.0 
-0.057138529401729504 0.0 8:1.0 165:1.0 409:1.0 
-10.0 10.0 
-10.0 10.0 
-10.0 10.0 
-10.0 10.0 
-2.6354395625151206 10.0 23:1.0 
-10.0 10.0 
-10.0 10.0 
-2.5557122168441433 0.0 83:1.0 160:1.0 
-2.347571438824873 0.3480562283931336 165:1.0 198:1.0 
-10.0 10.0 
-10.0 10.0 
-1.840372866110137 0.0 8:1.0 165:1.0 409:1.0 
-10.0 10.0 
-10.0 10.0 
-10.0 10.0 
-10.0 10.0 
-10.0 10.0 
-10.0 10.0 
-2.4993404786434543 7.941642357392669 177:1.0 
-10.0 10.0 
-10.0 10.0 
-10.0 10.0 
-0.1015404588028434 0.0 207:1.0 
-0.025993546394405036 10.0 204:1.0 
-10.0 10.0 
-10.0 10.0 
-10.0 10.0 
-10.0 10.0 
-10.0 10.0 
-10.0 10.0 
-10.0 10.0 
-10.0 10.0 
-10.0 10.0 
-10.0 10.0 
-10.0 10.0 
-10.0 10.0 
-0.0 10.0 85:1.0 311:1.0 
-10.0 10.0 
-10.0 10.0 
-2.6313677378472633 10.0 140:1.0 
-10.0 10.0 
-10.0 10.0 
-1.623905937577344 10.0 132:1.0 
-10.0 10.0 
-10.0 2.9503360334082847 111:1.0 
-10.0 10.0 
-10.0 10.0 
-10.0 10.0 
-10.0 10.0 
-10.0 10.0 
-2.635516521291931 10.0 293:1.0 
-10.0 10.0 
-0.3685128712506691 10.0 51:1.0 
-10.0 10.0 279:1.0 310:1.0 
-10.0 10.0 
-10.0 10.0 
-10.0 10.0 
-10.0 10.0 
-10.0 10.0 
-10.0 10.0 
-10.0 10.0 
-0.0 0.05609779300076098 258:1.0 
-10.0 10.0 
-10.0 10.0 
-10.0 10.0 
-10.0 10.0 
-0.8829226199694141 9.730021811596835 93:1.0 189:1.0 
-10.0 10.0 
-10.0 10.0 
-10.0 10.0 
-10.0 0.021347331493213252 207:1.0 
-10.0 10.0 
-10.0 10.0 
-10.0 10.0 
-9.821205842109991 2.9443291653242833 181:1.0 
-6.3734718099369205 0.0 160:1.0 
-10.0 10.0 
-10.0 10.0 
-0.0 10.0 54:1.0 
-0.0 10.0 168:1.0 379:1.0 417:1.0 
-10.0 10.0 
-10.0 10.0 
-0.1766682146520818 10.0 258:1.0 
-10.0 10.0 
-9.813529531778066 2.9495341148730723 318:1.0 
-2.6263179827485255 10.0 62:1.0 
-2.5279428929967063 2.942822349469907 109:1.0 158:1.0 
-0.0 10.0 120:1.0 
-10.0 10.0 
-2.613781880112853 7.9862114665095465 59:1.0 
-10.0 10.0 
-10.0 10.0 
-10.0 10.0 
-10.0 10.0 
-2.7356342530912996 2.949534114873211 275:1.0 
-1.4846692072692436 2.6642626302461325 49:1.0 166:1.0 180:1.0 229:1.0 252:1.0 361:1.0 399:1.0 443:1.0 478:1.0 
-2.5962816334397614 9.251710601809153 116:1.0 
-0.0 9.755682063352511 201:1.0 
-2.105304028889984 5.740170195057232 55:1.0 154:1.0 253:1.0 420:1.0 
-10.0 10.0 
-2.6286108746618457 0.39332196007206904 199:1.0 
-10.0 10.0 
-2.639564260637462 10.0 207:1.0 
-10.0 10.0 
-10.0 10.0 
-5.35261553500185 0.0 68:1.0 145:1.0 179:1.0 432:1.0 
-10.0 10.0 
-0.13346761864729456 10.0 72:1.0 109:1.0 214:1.0 
-8.066709533063877 0.718976002303215 1:1.0 33:1.0 137:1.0 
-10.0 10.0 
-10.0 10.0 
-10.0 10.0 
-0.0 10.0 102:1.0 266:1.0 371:1.0 
-10.0 10.0 
-10.0 10.0 
-10.0 10.0 
-0.0 10.0 157:1.0 
-2.5291259087818694 9.27999225019815 36:1.0 
-10.0 10.0 
-9.44342588986714 2.945238468177217 312:1.0 
-10.0 10.0 
-10.0 10.0 
-2.654430600447993 10.0 242:1.0 327:1.0 
-10.0 10.0 
-10.0 10.0 
-2.479073543135605 2.790693977283937 258:1.0 297:1.0 
-0.0 10.0 329:1.0 
-2.829809593297853 0.0 188:1.0 338:1.0 
-0.0 4.649418206810623 285:1.0 
-10.0 10.0 256:1.0 
-10.0 0.0 230:1.0 
-10.0 10.0 
-0.2744076966493691 0.0 295:1.0 325:1.0 
-10.0 10.0 
-10.0 10.0 
-10.0 10.0 
-0.0 0.11865956675347647 48:1.0 
-2.5348790945680504 8.842954396756777 101:1.0 
-10.0 10.0 259:1.0 347:1.0 
-10.0 10.0 
-10.0 10.0 
-10.0 10.0 
-10.0 10.0 
-10.0 10.0 
-10.0 10.0 
-10.0 10.0 
-2.499321477086129 10.0 368:1.0 
-2.6097956475613624 9.145622432520987 223:1.0 
-10.0 10.0 
-10.0 10.0 
-2.4580472786186016 5.437987900712545 14:1.0 143:1.0 
-10.0 10.0 
-10.0 10.0 
-10.0 10.0 
-10.0 10.0 
-1.7874080226663296 10.0 377:1.0 378:1.0 
-10.0 10.0 
-10.0 10.0 
-10.0 10.0 
-10.0 10.0 
-10.0 10.0 
-10.0 10.0 198:1.0 
-10.0 10.0 
-2.6326513932281754 10.0 294:1.0 
-10.0 10.0 
-10.0 10.0 
-10.0 10.0 
-10.0 10.0 
-10.0 10.0 
-10.0 10.0 
-0.14480668785094386 10.0 97:1.0 310:1.0 
-10.0 10.0 
-10.0 10.0 
-10.0 10.0 
-10.0 10.0 
-10.0 10.0 
-2.550086640224204 9.473245983675863 237:1.0 
-10.0 10.0 
-10.0 10.0 
-10.0 10.0 
-10.0 10.0 
-10.0 10.0 
-10.0 10.0 
-10.0 10.0 
-10.0 10.0 
-10.0 10.0 
-10.0 10.0 
-10.0 5.591126622116348 249:1.0 
-10.0 10.0 
-0.0 10.0 369:1.0 
-10.0 10.0 
-10.0 10.0 
-10.0 10.0 
-0.0 0.04745276619642065 242:1.0 
-10.0 10.0 67:1.0 
-10.0 10.0 
-10.0 10.0 
-2.647025781663368 2.949526768260715 205:1.0 
-10.0 10.0 
-10.0 10.0 
-0.11214420451865932 5.460666764815926 96:1.0 325:1.0 
-10.0 10.0 
-10.0 10.0 
-10.0 10.0 
-10.0 10.0 
-10.0 10.0 
-10.0 10.0 
-10.0 10.0 
-10.0 10.0 
-10.0 10.0 
-10.0 10.0 
-10.0 10.0 236:1.0 275:1.0 
-5.948716482395834 3.955383018875341 74:1.0 269:1.0 370:1.0 373:1.0 
-10.0 10.0 
-10.0 10.0 
-10.0 10.0 
-10.0 10.0 
-10.0 10.0 
-3.571240176403164 2.5238703512501033 33:1.0 157:1.0 
-9.426251668534002 9.578269866723414 117:1.0 
-2.596046602805463 7.9862863139086375 382:1.0 
-0.5565678252535475 0.0 17:1.0 125:1.0 133:1.0 238:1.0 404:1.0 407:1.0 
-10.0 10.0 
-10.0 10.0 
-10.0 10.0 
-10.0 10.0 
-10.0 10.0 
-2.6316187792902213 9.94177506914485 350:1.0 
-10.0 10.0 
-10.0 10.0 69:1.0 
-10.0 10.0 
-0.0 2.989564452723574 242:1.0 
-10.0 10.0 
-10.0 10.0 
-10.0 10.0 
-10.0 10.0 
-10.0 10.0 
-10.0 2.549265207091841 199:1.0 354:1.0 
-1.7858266343557267 0.0 92:1.0 
-2.620559890633854 9.681605319920271 213:1.0 
-10.0 10.0 
-0.0 0.015708980156393205 331:1.0 
-2.6060288563638414 9.487092669185332 193:1.0 
-10.0 10.0 
-2.7028228910930103 10.0 222:1.0 
-10.0 10.0 
-10.0 10.0 
-10.0 10.0 
-2.6357956126245816 10.0 235:1.0 
-10.0 10.0 
-10.0 10.0 
-10.0 10.0 
-10.0 10.0 
-10.0 10.0 
-10.0 10.0 
-10.0 10.0 
-10.0 10.0 
-10.0 10.0 
-10.0 10.0 
-10.0 10.0 
-6.627418620759326 10.0 27:1.0 136:1.0 228:1.0 289:1.0 401:1.0 
-0.7959603400164998 6.667288928202244 246:1.0 359:1.0 431:1.0 
-10.0 10.0 
-2.5693129647604516 7.9422387467237865 6:1.0 210:1.0 
-10.0 10.0 
-0.0 10.0 369:1.0 
-10.0 10.0 
-1.026732260408746 0.0 49:1.0 127:1.0 166:1.0 180:1.0 252:1.0 288:1.0 314:1.0 392:1.0 424:1.0 433:1.0 441:1.0 443:1.0 454:1.0 459:1.0 463:1.0 473:1.0 
-10.0 10.0 
-10.0 10.0 
-10.0 10.0 
-10.0 10.0 
-10.0 10.0 
-10.0 2.9348147198587875 106:1.0 
-9.318332947957064 9.69720823078371 296:1.0 
-2.7625754782448317 4.126055985599435 81:1.0 185:1.0 248:1.0 254:1.0 384:1.0 393:1.0 406:1.0 449:1.0 479:1.0 
-2.5678989891279675 2.910690243846853 331:1.0 
-10.0 10.0 
-10.0 10.0 
-10.0 10.0 
-10.0 10.0 
-2.501281622535863 2.9416423573926664 89:1.0 
-10.0 10.0 
-10.0 10.0 
-0.0 10.0 251:1.0 
-10.0 10.0 354:1.0 
-10.0 10.0 
-10.0 10.0 
-2.540079294757522 9.687480852058709 332:1.0 
-10.0 10.0 
-2.680279825082993 10.0 52:1.0 156:1.0 444:1.0 
-2.6572084935062197 5.302318906971826 90:1.0 365:1.0 376:1.0 
-10.0 10.0 
-2.571793355464223 10.0 346:1.0 
-10.0 10.0 
-10.0 10.0 
-2.8471022377021735 3.0711337122023994 110:1.0 155:1.0 239:1.0 264:1.0 278:1.0 357:1.0 372:1.0 386:1.0 395:1.0 413:1.0 422:1.0 436:1.0 442:1.0 446:1.0 448:1.0 450:1.0 475:1.0 477:1.0 
-10.0 10.0 
-8.819644249168793 10.0 
-0.0 10.0 
-0.0 10.0 
-0.0 10.0 
-2.654510308000828 7.833709819323724 108:1.0 128:1.0 
-0.0 10.0 
-2.5064085380888317 10.0 225:1.0 
-2.535741096992069 2.908631121649957 336:1.0 
-0.0 10.0 
-0.0 10.0 
-0.0 10.0 
-0.0 10.0 
-0.0 10.0 
-0.0 10.0 
-10.0 0.0 60:1.0 
-10.0 3.183212046017082 310:1.0 
-0.0 10.0 
-0.0 10.0 
-0.0 10.0 
-0.0 10.0 
-10.0 0.0 19:1.0 
-0.0 10.0 
-0.0 10.0 
-0.0 10.0 
-0.0 10.0 
-4.9892069348169 10.0 65:1.0 251:1.0 351:1.0 
-2.5233121547094672 10.0 162:1.0 
-1.7279891591351848 4.360854456126923 95:1.0 138:1.0 163:1.0 184:1.0 383:1.0 
-0.0 10.0 
-0.0 10.0 
-0.0 10.0 
-7.704606494816998 0.19409708377888346 354:1.0 369:1.0 
-0.0 10.0 
-0.0 10.0 
-10.0 2.9345431357973237 42:1.0 
-0.0 10.0 
-0.0 10.0 
-0.0 10.0 
-10.0 -10.0 
-10.0 -10.0 
-10.0 -10.0 
-10.0 -10.0 
-10.0 -10.0 38:1.0 
-10.0 -10.0 
-10.0 -10.0 
-0.0 -10.0 120:1.0 
-9.922345319845576 -10.0 29:1.0 
-10.0 -10.0 
-10.0 -10.0 
-10.0 -10.0 
-10.0 -10.0 340:1.0 
-10.0 -10.0 
-10.0 -10.0 
-10.0 -10.0 
-10.0 -10.0 82:1.0 
-10.0 -10.0 
-10.0 -10.0 228:1.0 275:1.0 
-10.0 -10.0 
-0.0 -10.0 305:1.0 
-10.0 -10.0 
-0.024066342170505635 -10.0 178:1.0 
-0.0 -10.0 363:1.0 
-10.0 -10.0 41:1.0 
-10.0 -10.0 
-0.0 -10.0 75:1.0 
-10.0 -10.0 
-10.0 -10.0 
-0.0 -0.01488065822853656 64:1.0 217:1.0 220:1.0 390:1.0 434:1.0 471:1.0 
-10.0 -10.0 
-10.0 -10.0 
-0.0 -10.0 144:1.0 
-10.0 -10.0 
-10.0 -10.0 
-10.0 -10.0 192:1.0 
-10.0 -10.0 
-10.0 -10.0 
-10.0 -10.0 
-10.0 -10.0 
-10.0 -10.0 
-3.3508722685338626 -10.0 382:1.0 
-8.139695645750201 -10.0 116:1.0 198:1.0 
-10.0 -10.0 
-0.0 -10.0 273:1.0 
-0.0 -10.0 299:1.0 
-10.0 -10.0 
-10.0 -10.0 
-10.0 -10.0 
-0.0 -10.0 136:1.0 289:1.0 401:1.0 
-10.0 -10.0 
-3.384987496793649 -10.0 13:1.0 141:1.0 
-10.0 -10.0 
-10.0 -10.0 
-10.0 -10.0 43:1.0 
-10.0 -10.0 
-10.0 -10.0 159:1.0 352:1.0 
-0.0 -10.0 305:1.0 
-10.0 -10.0 
-10.0 -10.0 
-10.0 -10.0 
-0.0 -10.0 311:1.0 
-10.0 -10.0 
-3.3742832063148196 -10.0 77:1.0 307:1.0 
-10.0 -10.0 
-10.0 -10.0 
-10.0 -10.0 
-0.0 -7.970257664820005 211:1.0 363:1.0 
-10.0 -10.0 
-10.0 -10.0 
-10.0 -10.0 
-3.384711903977498 -10.0 90:1.0 365:1.0 
-3.384543020858539 -10.0 87:1.0 192:1.0 
-10.0 -10.0 
-10.0 -10.0 
-10.0 -10.0 
-3.3500967723703443 -10.0 367:1.0 
-10.0 -10.0 
-10.0 -10.0 
-10.0 -10.0 
-0.0 -10.0 26:1.0 
-2.2641055127563705 -10.0 211:1.0 332:1.0 
-0.0 -10.0 79:1.0 262:1.0 
-3.372159170393883 -10.0 327:1.0 351:1.0 
-10.0 -10.0 
-10.0 -10.0 
-0.0 -10.0 349:1.0 
-10.0 -10.0 
-3.406995489344786 -10.0 347:1.0 
-0.0 -10.0 270:1.0 
-10.0 -10.0 
-10.0 -10.0 
-10.0 -10.0 
-0.0 -10.0 222:1.0 
-10.0 -10.0 
-10.0 -10.0 23:1.0 25:1.0 
-0.0 -10.0 54:1.0 
-3.3766715330210504 -10.0 114:1.0 265:1.0 
-3.3499946627475095 -10.0 227:1.0 
-10.0 -10.0 
-10.0 -10.0 
-1.348648960699312 -10.0 65:1.0 271:1.0 350:1.0 
-0.0 -10.0 44:1.0 105:1.0 204:1.0 
-10.0 -10.0 
-7.919588448411644 -10.0 258:1.0 308:1.0 
-10.0 -10.0 
-3.35027398522938 -10.0 242:1.0 
-3.349885952106387 -10.0 96:1.0 
-10.0 -10.0 
-10.0 -10.0 
-10.0 -10.0 
-10.0 -10.0 
-10.0 -10.0 
-3.349883461935398 -10.0 51:1.0 
-5.300959196087974 -10.0 105:1.0 201:1.0 230:1.0 235:1.0 304:1.0 
-10.0 -10.0 
-10.0 -10.0 
-10.0 -10.0 
-10.0 -10.0 
-0.0 -10.0 93:1.0 215:1.0 
-0.0 -10.0 251:1.0 
-9.845853665452848 -10.0 347:1.0 
-3.335594508828143 -10.0 153:1.0 363:1.0 
-3.349994662747421 -10.0 59:1.0 
-10.0 -10.0 
-10.0 -10.0 195:1.0 380:1.0 
-10.0 -10.0 
-10.0 -10.0 
-10.0 -10.0 
-10.0 -10.0 
-10.0 -10.0 
-10.0 -10.0 
-3.3009961526229823 -10.0 138:1.0 
-10.0 -10.0 
-10.0 -10.0 
-10.0 -10.0 
-3.349883461935392 -10.0 338:1.0 
-10.0 -10.0 
-0.0 -10.0 222:1.0 
-10.0 -10.0 
-10.0 -10.0 
-10.0 -10.0 
-10.0 -10.0 
-10.0 -10.0 55:1.0 253:1.0 352:1.0 420:1.0 
-10.0 -10.0 
-10.0 -10.0 
-10.0 -10.0 354:1.0 
-10.0 -10.0 
-0.0 -10.0 24:1.0 
-0.0 -10.0 55:1.0 
-0.0 -10.0 349:1.0 
-3.365640434603771 -10.0 167:1.0 251:1.0 
-10.0 -10.0 
-3.3511242081000043 -10.0 97:1.0 
-0.0 -10.0 224:1.0 
-10.0 -10.0 
-0.0 -10.0 246:1.0 
-10.0 -10.0 
-10.0 -10.0 
-10.0 -10.0 
-10.0 -10.0 
-10.0 -10.0 
-10.0 -10.0 
-3.3500772462215482 -10.0 267:1.0 
-0.0 -10.0 225:1.0 
-10.0 -10.0 
-2.2636550342778086 -10.0 36:1.0 128:1.0 272:1.0 
-10.0 -10.0 
-10.0 -10.0 
-8.384391629917312 -10.0 67:1.0 266:1.0 
-8.37294410723201 -10.0 44:1.0 324:1.0 
-10.0 -10.0 
-10.0 -10.0 
-10.0 -10.0 45:1.0 249:1.0 402:1.0 
-3.349911112923781 -10.0 189:1.0 
-7.2839947367837015 -10.0 310:1.0 
-10.0 -10.0 
-10.0 -10.0 
-3.353278530669052 -10.0 326:1.0 
-10.0 -10.0 
-0.0 -10.0 23:1.0 330:1.0 
-10.0 -10.0 
-9.623616902779563 -10.0 351:1.0 
-10.0 -10.0 233:1.0 
-0.0 -10.0 84:1.0 
-0.6659270297367732 -10.0 148:1.0 244:1.0 
-10.0 -10.0 
-0.8079922152159276 -10.0 76:1.0 310:1.0 
-10.0 -10.0 
-10.0 -10.0 245:1.0 
-10.0 -10.0 
-10.0 -10.0 
-10.0 -10.0 
-0.0 -10.0 311:1.0 
-10.0 -10.0 2:1.0 71:1.0 
-10.0 -10.0 
-10.0 -10.0 
-0.0 -10.0 298:1.0 
-10.0 -10.0 
-10.0 -10.0 
-10.0 -10.0 236:1.0 
-0.0 -10.0 168:1.0 379:1.0 417:1.0 
-10.0 -10.0 222:1.0 233:1.0 353:1.0 362:1.0 
-0.0 -10.0 120:1.0 
-10.0 -10.0 
-10.0 -10.0 
-3.35027398522936 -10.0 85:1.0 
-10.0 -10.0 
-10.0 -10.0 137:1.0 243:1.0 
-10.0 -10.0 
-10.0 -10.0 
-4.712188156961418 -10.0 215:1.0 373:1.0 383:1.0 
-10.0 -10.0 
-10.0 -10.0 
-8.381209700031974 -10.0 119:1.0 209:1.0 
-10.0 -10.0 
-10.0 -10.0 202:1.0 283:1.0 400:1.0 
-0.0 -10.0 211:1.0 
-3.5429631210609327 -10.0 26:1.0 256:1.0 272:1.0 369:1.0 371:1.0 
-3.3347909084820833 -10.0 300:1.0 
-10.0 -10.0 
-10.0 -10.0 
-3.374000268711251 -10.0 79:1.0 262:1.0 
-0.0 -10.0 151:1.0 
-10.0 -10.0 
-10.0 -10.0 
-10.0 -10.0 
-10.0 -10.0 
-10.0 -10.0 
-10.0 -10.0 
-10.0 -10.0 
-10.0 -10.0 
-10.0 -10.0 100:1.0 
-0.0 -10.0 15:1.0 
-10.0 -10.0 
-10.0 -10.0 
-10.0 -10.0 257:1.0 
-10.0 -10.0 
-10.0 -10.0 
-10.0 -10.0 
-10.0 -10.0 
-3.382475043988595 -10.0 225:1.0 294:1.0 
-0.0 -10.0 135:1.0 150:1.0 
-10.0 -10.0 
-10.0 -10.0 
-10.0 -10.0 
-10.0 -10.0 
-10.0 -10.0 
-0.0 -10.0 119:1.0 
-10.0 -10.0 
-10.0 -10.0 
-0.0 -10.0 265:1.0 
-5.60447022628023 -10.0 206:1.0 222:1.0 371:1.0 
-10.0 -10.0 
-10.0 -10.0 
-10.0 -10.0 
-10.0 -10.0 
-10.0 -10.0 
-5.752847272766271 -10.0 82:1.0 105:1.0 244:1.0 
-0.0 -10.0 363:1.0 
-0.0 -10.0 243:1.0 
-10.0 -10.0 
-5.80461670352886 -10.0 251:1.0 
-10.0 -10.0 
-10.0 -10.0 
-10.0 -10.0 
-6.2982754636625575 -10.0 118:1.0 271:1.0 279:1.0 
-10.0 -10.0 
-0.0 -10.0 26:1.0 
-10.0 -10.0 
-3.350104553706783 -10.0 226:1.0 
-0.9396513692655302 -10.0 273:1.0 293:1.0 
-10.0 -10.0 
-10.0 -10.0 11:1.0 
-10.0 -10.0 
-10.0 -10.0 
-10.0 -10.0 
-10.0 -10.0 
-10.0 -10.0 
-10.0 -10.0 
-10.0 -10.0 
-10.0 -10.0 
-3.351749446358756 -10.0 102:1.0 
-10.0 -10.0 
-10.0 -10.0 307:1.0 
-0.0 -4.9778175742141695 64:1.0 217:1.0 220:1.0 390:1.0 434:1.0 471:1.0 
-10.0 -10.0 
-3.352692831301324 -10.0 84:1.0 
-10.0 -10.0 
-0.0 -10.0 276:1.0 
-10.0 -10.0 
-1.6799071865996058 -10.0 336:1.0 369:1.0 
-10.0 -10.0 
-10.0 -10.0 
-10.0 -10.0 
-10.0 -10.0 22:1.0 118:1.0 
-10.0 -10.0 
-10.0 -10.0 
-3.350096772370461 -10.0 32:1.0 
-3.4593666189276653 -9.702545927118736 64:1.0 217:1.0 220:1.0 390:1.0 434:1.0 471:1.0 
-10.0 -10.0 
-3.3739768387564597 -10.0 29:1.0 88:1.0 
-0.0 -10.0 369:1.0 
-10.0 -10.0 
-10.0 -10.0 
-10.0 -10.0 
-10.0 -10.0 
-3.352692831301419 -10.0 14:1.0 
-10.0 -10.0 
-10.0 -10.0 135:1.0 
-10.0 -10.0 
-10.0 -10.0 
-10.0 -10.0 
-0.0 -10.0 363:1.0 
-10.0 -10.0 259:1.0 
-10.0 -10.0 325:1.0 
-3.353278530668998 -10.0 120:1.0 
-10.0 -10.0 
-3.3858128960687086 -10.0 243:1.0 315:1.0 
-2.122445633508454 -10.0 52:1.0 156:1.0 204:1.0 306:1.0 419:1.0 444:1.0 
-2.699361655355954 -10.0 148:1.0 
-3.3501874366622997 -10.0 27:1.0 
-10.0 -10.0 
-10.0 -10.0 
-10.0 -10.0 
-10.0 -10.0 
-10.0 -10.0 
-3.3530365496626064 -10.0 311:1.0 
-0.0 -10.0 15:1.0 102:1.0 
-3.3731073509285903 -10.0 31:1.0 178:1.0 
-10.0 -10.0 
-3.346066615213171 -10.0 123:1.0 
-3.370582459459471 -10.0 62:1.0 113:1.0 
-10.0 -10.0 
-10.0 -10.0 
-10.0 -10.0 
-0.0 -0.7770142859244501 28:1.0 40:1.0 99:1.0 130:1.0 176:1.0 197:1.0 273:1.0 320:1.0 343:1.0 366:1.0 389:1.0 398:1.0 405:1.0 410:1.0 411:1.0 414:1.0 427:1.0 428:1.0 445:1.0 447:1.0 451:1.0 455:1.0 457:1.0 464:1.0 468:1.0 470:1.0 474:1.0 
-10.0 -10.0 
-0.9636994918949048 -10.0 251:1.0 273:1.0 344:1.0 
-3.350503849638526 -10.0 232:1.0 
-10.0 -10.0 
-10.0 -10.0 
-10.0 -10.0 
-3.347576454970496 -10.0 140:1.0 
-10.0 -10.0 
-10.0 -10.0 
-10.0 -10.0 
-10.0 -10.0 
-10.0 -10.0 39:1.0 142:1.0 
-10.0 -10.0 
-10.0 -10.0 
-0.0 -10.0 214:1.0 
-3.357483458903045 -10.0 131:1.0 
-3.3540699764596873 -10.0 299:1.0 
-0.8512232934252888 -10.0 45:1.0 249:1.0 402:1.0 
-3.350783726413138 -10.0 61:1.0 
-10.0 -10.0 
-10.0 -10.0 
-9.91580137185927 -10.0 300:1.0 
-10.0 -10.0 352:1.0 
-3.4008785934200523 -10.0 168:1.0 379:1.0 417:1.0 
-0.0 -10.0 276:1.0 
-10.0 -10.0 
-10.0 -10.0 
-10.0 -10.0 
-10.0 -10.0 
-0.0 -10.0 184:1.0 
-10.0 -10.0 
-10.0 -10.0 310:1.0 
-10.0 -10.0 259:1.0 274:1.0 364:1.0 
-10.0 -10.0 
-10.0 -10.0 69:1.0 
-0.0 -10.0 7:1.0 
-0.0 -10.0 23:1.0 100:1.0 
-0.025600368991372066 -10.0 5:1.0 44:1.0 57:1.0 204:1.0 
-10.0 -10.0 
-8.434612341564582 -10.0 150:1.0 259:1.0 
-9.950393237660663 -10.0 138:1.0 
-10.0 -10.0 
-3.3198164226548186 -10.0 57:1.0 251:1.0 
-10.0 -10.0 
-10.0 -10.0 
-10.0 -10.0 
-0.0 -10.0 280:1.0 
-10.0 -10.0 
-0.0 -10.0 114:1.0 
-10.0 -10.0 
-10.0 -10.0 
-10.0 -10.0 
-10.0 -10.0 249:1.0 368:1.0 
-3.381452918789015 -10.0 157:1.0 162:1.0 
-10.0 -10.0 
-10.0 -10.0 
-10.0 -10.0 
-10.0 -10.0 
-10.0 -10.0 
-10.0 -10.0 
-10.0 -10.0 
-10.0 -10.0 
-3.357807407988477 -10.0 329:1.0 
-10.0 -10.0 
-10.0 -10.0 
-10.0 -10.0 145:1.0 174:1.0 191:1.0 
-10.0 -10.0 
-0.04179025479036856 -10.0 153:1.0 
-0.0 -10.0 363:1.0 
-10.0 -10.0 
-0.0 -10.0 285:1.0 
-3.4346872275639684 -10.0 133:1.0 238:1.0 284:1.0 339:1.0 404:1.0 
-10.0 -10.0 
-10.0 -10.0 
-10.0 -10.0 
-10.0 -10.0 
-8.384661605614792 -10.0 21:1.0 276:1.0 
-10.0 -10.0 
-10.0 -10.0 
-0.0 -10.0 70:1.0 
-10.0 -10.0 47:1.0 
-10.0 -10.0 
-10.0 -10.0 
-10.0 -10.0 
-10.0 -10.0 
-3.666190937301038 -10.0 298:1.0 
-4.335414028634027 -10.0 109:1.0 147:1.0 289:1.0 
-10.0 -10.0 
-3.031859261375627 -10.0 70:1.0 
-10.0 -10.0 
-10.0 -10.0 
-10.0 -10.0 
-10.0 -10.0 
-3.350689936089373 -10.0 224:1.0 
-10.0 -10.0 
-10.0 -10.0 
-3.4739484659887614 -10.0 195:1.0 368:1.0 
-10.0 -10.0 
-0.0 -10.0 294:1.0 
-10.0 -10.0 
-10.0 -10.0 292:1.0 
-10.0 -10.0 
-10.0 -10.0 310:1.0 
-10.0 -10.0 
-10.0 -10.0 
-10.0 -10.0 
-10.0 -10.0 
-0.0 -10.0 235:1.0 
-10.0 -10.0 
-10.0 -10.0 50:1.0 280:1.0 
-3.3528238972241193 -10.0 290:1.0 
-0.0 -10.0 87:1.0 
-9.683913616405903 -10.0 298:1.0 
-10.0 -10.0 
-10.0 -10.0 
-10.0 -10.0 
-10.0 -10.0 
-10.0 -10.0 
-10.0 -10.0 
-10.0 -10.0 
-10.0 -10.0 
-0.0 -10.0 215:1.0 341:1.0 
-3.3511242081000283 -10.0 37:1.0 
-0.0 -10.0 346:1.0 
-10.0 -10.0 
-10.0 -10.0 
-10.0 -10.0 198:1.0 
-10.0 -10.0 
-0.0 -10.0 371:1.0 
-10.0 -10.0 
-10.0 -10.0 
-0.0 -10.0 190:1.0 
-10.0 -10.0 
-2.821388356266758 -9.207224783130844 52:1.0 156:1.0 240:1.0 342:1.0 388:1.0 421:1.0 444:1.0 460:1.0 472:1.0 
-10.0 -10.0 
-9.981026952694835 -10.0 310:1.0 
-0.0 -10.0 378:1.0 
-10.0 -10.0 
-10.0 -10.0 117:1.0 
-10.0 -10.0 
-10.0 -10.0 
-10.0 -10.0 
-3.3569599040435274 -10.0 182:1.0 
-0.0 -10.0 261:1.0 
-10.0 -10.0 
-10.0 -10.0 
-10.0 -10.0 
-10.0 -10.0 
-10.0 -10.0 
-10.0 -10.0 
-10.0 -10.0 
-10.0 -10.0 
-10.0 -10.0 
-10.0 -10.0 
-3.352249355996096 -10.0 75:1.0 
-10.0 -10.0 
-10.0 -10.0 
-1.9803282592979228 -10.0 136:1.0 289:1.0 401:1.0 
-10.0 -10.0 
-10.0 -10.0 164:1.0 196:1.0 219:1.0 316:1.0 
-10.0 -10.0 
-6.013688681413593 -10.0 215:1.0 341:1.0 
-3.360000563100186 -10.0 378:1.0 
-10.0 -10.0 53:1.0 346:1.0 
-10.0 -10.0 
-9.928835697102157 -10.0 70:1.0 
-10.0 -10.0 
-3.35277605953655 -10.0 193:1.0 
-10.0 -10.0 
-0.0 -10.0 105:1.0 304:1.0 
-10.0 -10.0 202:1.0 
-10.0 -10.0 
-10.0 -10.0 
-10.0 -10.0 122:1.0 
-10.0 -10.0 
-0.0 -10.0 363:1.0 
-10.0 -10.0 
-0.0 -10.0 369:1.0 
-0.0 -10.0 363:1.0 
-10.0 -10.0 45:1.0 91:1.0 146:1.0 249:1.0 355:1.0 391:1.0 402:1.0 423:1.0 425:1.0 458:1.0 466:1.0 481:1.0 
-3.4569684247830703 -10.0 104:1.0 
-0.0 -10.0 72:1.0 97:1.0 109:1.0 339:1.0 
-10.0 -10.0 309:1.0 
-10.0 -10.0 
-10.0 -10.0 
-10.0 -10.0 
-10.0 -10.0 
-10.0 -10.0 126:1.0 
-0.0 -10.0 2:1.0 327:1.0 
-8.23861539578066 -10.0 174:1.0 187:1.0 
-10.0 -10.0 
-3.350872268533874 -10.0 132:1.0 
-3.5067129529360126 -10.0 81:1.0 185:1.0 248:1.0 254:1.0 384:1.0 393:1.0 406:1.0 449:1.0 479:1.0 
-10.0 -10.0 
-10.0 -10.0 
-3.352776059536637 -10.0 7:1.0 
-10.0 -10.0 
-10.0 -10.0 
-10.0 -10.0 
-10.0 -10.0 
-10.0 -10.0 
-10.0 -10.0 
-10.0 -10.0 
-10.0 -10.0 
-10.0 -10.0 
-10.0 -10.0 141:1.0 
-10.0 -10.0 
-10.0 -10.0 
-10.0 -10.0 
-10.0 -10.0 
-10.0 -10.0 
-10.0 -10.0 
-3.35068993608926 -10.0 322:1.0 
-3.3522493559961313 -10.0 214:1.0 
-10.0 -10.0 
-10.0 -10.0 
-3.3506908821016745 -10.0 190:1.0 
-10.0 -10.0 375:1.0 
-10.0 -10.0 
-10.0 -10.0 
-0.0 -10.0 289:1.0 
-10.0 -10.0 
-10.0 -10.0 
-10.0 -10.0 
-10.0 -10.0 
-10.0 -10.0 
-10.0 -10.0 
-10.0 -10.0 180:1.0 
-10.0 -10.0 
-10.0 -10.0 
-0.05250708885681163 -10.0 363:1.0 
-3.3501390489387295 -10.0 98:1.0 
-0.0 -10.0 321:1.0 
-10.0 -10.0 
-3.3614003903469745 -10.0 260:1.0 
-10.0 -10.0 
-3.35078372641304 -10.0 177:1.0 
-10.0 -10.0 243:1.0 
-3.3503030402333196 -10.0 210:1.0 
-10.0 -10.0 
-10.0 -10.0 
-0.0 -10.0 13:1.0 
-10.0 -10.0 
-10.0 -10.0 
-10.0 -10.0 
-10.0 -10.0 
-10.0 -10.0 
-3.349941459879466 -10.0 246:1.0 
-8.334958954459925 -10.0 54:1.0 94:1.0 
-10.0 -10.0 207:1.0 
-10.0 -10.0 
-5.251396140933873 -10.0 24:1.0 109:1.0 257:1.0 
-10.0 -10.0 
-0.030341854869553292 -10.0 62:1.0 
-10.0 -10.0 
-10.0 -10.0 
-0.0 -10.0 119:1.0 
-10.0 -10.0 
-10.0 -10.0 198:1.0 
-10.0 -10.0 104:1.0 296:1.0 
-10.0 -10.0 
-10.0 -10.0 
-10.0 -10.0 41:1.0 144:1.0 
-10.0 -10.0 
-5.1624697226809655 -0.0 28:1.0 40:1.0 99:1.0 107:1.0 130:1.0 176:1.0 197:1.0 273:1.0 320:1.0 343:1.0 366:1.0 389:1.0 398:1.0 405:1.0 410:1.0 411:1.0 414:1.0 427:1.0 428:1.0 445:1.0 447:1.0 451:1.0 455:1.0 457:1.0 464:1.0 468:1.0 470:1.0 474:1.0 
-10.0 -10.0 
-10.0 -10.0 
-3.350690882101732 -10.0 333:1.0 
-10.0 -10.0 198:1.0 
-10.0 -10.0 
-10.0 -10.0 
-10.0 -10.0 
-10.0 -10.0 
-10.0 -10.0 
-10.0 -10.0 
-0.0 -10.0 142:1.0 
-10.0 -10.0 
-10.0 -10.0 
-0.0 -10.0 37:1.0 191:1.0 
-10.0 -10.0 
-10.0 -10.0 
-10.0 -10.0 
-10.0 -10.0 
-10.0 -10.0 
-10.0 -10.0 
-10.0 -10.0 
-10.0 -10.0 9:1.0 
-3.3503030402331366 -10.0 349:1.0 
-3.3501390489387526 -10.0 285:1.0 
-3.349941459879398 -10.0 305:1.0 
-3.349885952106439 -10.0 270:1.0 
-10.0 -10.0 334:1.0 
-3.350187436662354 -10.0 261:1.0 
-3.351885376349194 -10.0 269:1.0 
-10.0 -10.0 
-3.32775626407355 -10.0 316:1.0 337:1.0 
-10.0 -10.0 
-3.3610551504443844 -10.0 46:1.0 
-10.0 -10.0 281:1.0 
-10.0 -10.0 
-10.0 -10.0 
-10.0 -10.0 
-3.3505458218699533 -10.0 101:1.0 
-6.9775371231296885 -10.0 244:1.0 
-10.0 -10.0 200:1.0 
-3.3528238972242885 -10.0 223:1.0 
-10.0 -10.0 
-0.0 -10.0 174:1.0 
-10.0 -10.0 
-10.0 -10.0 
-0.0 -10.0 116:1.0 183:1.0 
-10.0 -10.0 
-0.0 -10.0 151:1.0 
-3.354069976459617 -10.0 151:1.0 
-10.0 -10.0 
-10.0 -10.0 
-3.3610209040785395 -10.0 321:1.0 
-5.0362910541719375 -10.0 15:1.0 304:1.0 335:1.0 
-10.0 -10.0 
-10.0 -10.0 
-10.0 -10.0 
-10.0 -10.0 
-10.0 -10.0 
-10.0 -10.0 
-3.352795159855799 -10.0 237:1.0 
-10.0 -10.0 
-10.0 -10.0 
-10.0 -10.0 
-3.3575659761144676 -10.0 184:1.0 
-10.0 -10.0 
-3.358812003137333 -10.0 360:1.0 
-10.0 -10.0 
-10.0 -10.0 
-0.45454827158335137 -10.0 
-10.0 -10.0 138:1.0 186:1.0 
-0.0 -10.0 
-0.0 -10.0 
-2.575387120128635 -10.0 76:1.0 
-0.0 -10.0 
-0.0 -10.0 
-2.2641055127563954 -10.0 211:1.0 213:1.0 
-0.0 -10.0 
