835983150237036544
835983155546976257
835983166028591105
835983173318213632
835983177424515073
835983197326430209
835983200476413954
835983216729272321
835983227139555328
835983230083936256
835983233779134466
835983234399879168
835983240108388352
835983242977169408
835983278293274624
835983342600404992
835983356303138816
835983378147069952
835983396027392000
835983419276427264
835983445205610497
835983449542504448
835983453699080192
835983454282080258
835983502818553856
835983543843053569
835983590538231808
835983595621781504
835983604937207809
835983624302374912
835983640811163648
835983641893355520
835983644141420544
835983645533962240
835983649015222272
835983649438908416
835983669286350848
835983677389697025
835983689565761536
835983692669599747
835983692975722496
835983693814595584
835983694905098241
835983705046933505
835983711648755715
835983721270509568
835983727205445632
835983729302589445
835983732020391936
835983732188319744
835983738429456385
835983745484218368
835983749166817280
835983750496411650
835983751347830784
835983777524510722
835983807576752129
835983813582946304
835983827155693569
835983828288036866
835983829835919365
835983830959915009
835983842452336643
835983845602230273
835983851247775744
835983866083049472
835983884374401024
835983895225069568
835983899914350593
835983913717796864
835983931484819456
835983934378897418
835983934378897410
835983947674841090
835983958085091328
835983959649472512
835983961738330114
835983978712662017
835983997071208448
835984009440153600
835984043414007809
835984053941710848
835984058840576000
835984066390409216
835984098980163585
835984103212212224
835984127782502400
835984132563951616
835984136577908737
835984140407304193
835984150729469952
835984153610977280
835984154688962562
835984162083508224
835984162028994562
835984173710127105
835984175631122433
835984199169490945
835984208824840197
835984216110346242
835984219465793537
835984221785182208
835984232124190720
835984240835706881
835984241108389888
835984244275089408
835984252726575105
835984252864954369
835984264072204290
835984271445798912
835984274776014848
835984277934387201
835984278987079680
835984278211162112
835984294912933893
835984290424963075
835984310830260224
835984325317378048
835984334687469568
835984345617805312
835984361862356994
835984364416745472
835984365670789120
835984381776900096
835984390119383040
835984394733125634
835984401632800768
835984421702496257
835984435782774785
835984436739080199
835984454602604544
835984466619285505
835984477625204736
835984499645243392
835984506460987392
835984514753183745
835984529408069632
835984534135062530
835984534269198337
835984549406474241
835984552724164612
835984555505041409
835984559321792512
835984574161117184
835984596034596864
835984597825564676
835984606000205825
835984616259534849
835984622982922240
835984669522952192
835984676225486849
835984680855945216
835984734794678273
835984791333916672
835984822229155840
835984847210483715
835984865875087360
835984869972934656
835984874477584384
835984898431332352
835984903053389824
835984917460840452
835984918731706369
835984923764862979
835984992526299140
835985002634559488
835985007034396673
835985007017590785
835985014017904640
835985021412442112
835985024214315008
835985045210939392
835985046033022976
835985047131996160
835985049740840960
835985075309273088
835985081625948166
835985092245925888
835985117885652992
835985122570743808
835985130514694144
835985140706856960
835985150286708738
835985157597310976
835985161724571651
835985171220430849
835985179659350016
835985191571189760
835985257782464513
835985269350354944
835985269560049666
835985275214000128
835985284395315200
835985336148901888
835985346512969728
835985349121880064
835985351617495042
835985359267856385
835985410824224769
835985420802469888
835985432282288128
835985470756630529
835985493032587264
835985501702193153
835985510548058112
835985519116963841
835985535705432065
835985569045970944
835985569607995392
835990929383309312
836082836704743426
838251372743118848
838255538613940225
838256745290022913
838308170346954752
838314047858749441
838317851178041344
838415562220965889
838416659345977344
838422135584526336
838445866600054784
838450161529540608
838504690862198785
838510244712103940
836785465554534400
836875713651347457
838253885382852608
838288656414695424
838304062407860225
838309912711163904
838350128519991296
838471887625793536
838529275133321216
838540364483072000
`
836062838363914241
838297151025348610
838298117401366528
838484690256416768
838489650981449730
838504549715423232
838524084967387141
838526917980655617
838527381795192833
838527863544561665
838528951702204417
838530017520926721
838533482540326913
836013141767122944
836053188549754880
836062216986198017
836808684269371393
836817273377722368
836824034964799488
836825965447766016
836826107517288448
836830290454724608
836830298008616960
836831896701136898
836832180596789248
836833679506829312
836835526942593024
836838133320794112
836839046135558144
836846167023583232
836846941266935808
836847567145140224
836848313660018688
836868123672383488
836873588183613440
836876735689949185
836877533354332160
836877656884932608
836878365386813440
836878464653348864
836878522949971968
836878613609910275
838185680673128448
838203927585783809
838207560020811776
838207886241181696
838283785418522626
838291018378268673
838311541657174017
838312265409572864
838314174262427648
838315158980145154
838323305287409664
838339812906139649
838341431911665664
838341590460555264
838341736212676609
838343383244496896
838344115377012736
838344336580427776
838350022534184961
838355048245649410
838358788243587072
838359543075729408
838359667763982336
838378527619702784
838379393768640513
838379835399471104
838380812026404867
838384030512971776
838386914877190146
838392928322076672
838394023840657409
838395059670114305
838395432183214082
838400420666093568
838401143885742081
838401297195872259
838402675335102466
838402752430604288
838429763878408192
838429825471819783
838429898641453056
838436769741832193
838437482538598400
838438628346953728
838438732332150784
838439489160757248
838440070801682432
838440607227985921
838441064910499841
838441467555250180
838441718848581632
838441840034660353
838443523351412738
838443776347619328
838443967821856768
838444099745243137
838444367337631744
838444623722840066
838444909568876544
838445853706715140
838446051187118080
838446301578739712
838446610086576128
838447034818523138
838447220475248640
838447264104349697
838447440017653760
838447482870906883
838447682523910144
838448021633388545
838448573398278145
838449031047172096
838449410937860096
838449978825670656
838450075521155077
838450405289914372
838450504795623425
838450756369907713
838450935131213824
838451577908310016
838451610380550145
838451692488253440
838451763925635073
838451864714756096
838451908838834176
838452047359926279
838452229640237058
838452316135124992
838452796060024832
838453107919044608
838453168086343680
838453669641269249
838453790290427904
838454025167257603
838454522267779074
838455025823281156
838455280870502402
838456325323505666
838456743403323393
838457289170436097
838457395688976384
838457542615400450
838457836237651968
838457977719963650
838458156204310528
838458445263159300
838458500372123649
838460374294876161
838460451935633408
838460778122514432
838461567436013569
838462337933791234
838462447598063620
838463380440637440
838463742694293511
838464003051499525
838464316970004480
838464959357026309
838464998347255808
838465226290958336
838466179920461824
838466781312331776
838466856411348992
838467079451906050
838467138696380417
838467255683989505
838467395492655104
838467437330849793
838467642319056897
838467827438858240
838468487207071745
838468747161702400
838469718226927618
838469869888733184
838470315743318018
838470380151062530
838470461587615745
838471582033002498
838471642334515200
838472333035732993
838473627628617728
838477432231497733
838478013708787712
838478287567454208
838478991455563778
838479609733779463
838479836297506816
838479862767693824
838480574801149952
838480604639424512
838480703562137600
838481914398920704
838483831548162051
838485740623392769
838490388503662596
838490551376883713
838491683188785152
838493987732353025
838499305870790660
838500348478238721
838500815514001408
838503422026518528
838503434391339012
838503555807997952
838503751279333377
838504289970581504
838504908781420544
838511280721969152
838513016555581440
838515818384211969
838518726848823296
835998278844039169
836092624679419904
836092928875499520
836101051573014528
836764497595535360
836806269616947200
836827859058573313
838226344999862274
838273346122973184
838309949709119488
838310159160127489
838384230027644928
838390563464433664
838392716190969861
838410245835751425
838421265476120577
838425690852720645
838438912087502848
838439000364961794
838451861489348608
838452096609419264
838456660955906048
838459670935273472
838459835830136833
838461113058615297
838461544857993216
838461651020099585
838461698587652096
838461821812101121
838461892280582145
838463428356366336
838467089664987138
838467151832952832
838467200042348545
838467246213238786
838467322062974976
838467606923329538
838468161670426624
838468312455606276
838468731638538240
838469135726170114
838469494414721028
838469723163672577
838470259136954368
838471021158072322
838473152485261313
838473239605166080
838473533655240705
838474260788174852
838474674208194564
838475158004318208
838477085438013440
838477406159667204
838484188131176449
838489640332046338
838504217581137921
838511125759160320
838223073010647040
838405207432261632
838444992859422721
838452443117731840
838462885139460099
836786985247338496
838328955388198913
836100058479214592
836736841206333440
836822616547676161
836857903831220226
836866961342627840
836881443062153216
838330882662465536
838492103491616772
835985924194459648
836062486545694722
838282846297014274
838283055911559168
838283216909963264
838283907770560512
838371079466930176
838397623157592064
838397793127575552
838471496213352449
838471790791917568
838472229444796417
838472572140318721
838472826587856896
838260498403577858
838474362508435456
836871473176403968
838231648231653379
838314947612459009
838337827683315713
838441212495421440
838445149155913729
838454258869616640
838460922586857477
838461283292835840
838462506892939265
838465349657972736
838467441537736705
838468037145677824
838468972886560769
838469372037431296
838470520844734464
838470885761769473
838471120227565569
838471624412250112
838472014616793089
838472516641390594
838473605327568896
838475935368294400
838477581771026433
838477859106795520
838479441475080192
838481066394533888
838483443491225606
838483494850465799
838483729144299520
838484132036476930
838484311472996353
838484614238912512
838484637856976896
838484854975135746
838485445495377921
838485548016807936
838486074481594368
838490658096754688
838492565221539844
838492864350994433
838496392863698945
838497025155039233
838500763269804032
838506743697145857
838508075971661825
838508790999822338
838510364140646403
835997172445360128
836005914180210688
836006510798991361
836019224187383808
836019333776175105
836024243460661248
836040346459123712
836056188622106624
836061330654302209
836067815245295616
836077897433645056
836078856494792704
836091358234427392
836103904928608256
836776372936798208
836782309034573824
836794439146356736
836795128199200768
836795370621583361
836796413577134080
836798738488246272
836799749776949250
836804508579680258
836805315832205313
836805570594287620
836813480128835584
836821883597246464
836866507812515840
836868581556117506
836869837381120001
836870594884956161
836880231810097154
838228016123822080
838230929894223872
838233047682203648
838240161381113856
838246054621499393
838254713946718209
838257028850147328
838262436042014720
838264100710989825
838266576470175748
838270387377012741
838270398345134082
838270587827019776
838270722829127681
838271217572401152
838272878843944960
838275010401816576
838275918388989952
838276371633831936
838276802078511104
838277268657033217
838283123838320641
838290796155650048
838290812245000192
838290876120109056
838291128420024320
838291693954805760
838295128863297536
838298235068362752
838299557003997184
838300611321937920
838301774884794368
838302246148386816
838310673960566784
838311094057910272
838317135462023169
838317783582715906
838318255974584320
838322108975493121
838323567385260032
838331982534885376
838336048161775616
838341477528895489
838348259965956098
838348675189465088
838348865753518080
838350995415576576
838353497401749504
838357975416856577
838369375409352707
838374211928395777
838377102181294081
838384137501360129
838386507769659395
838387242968186880
838387284479258624
838389321879142406
838390310933782528
838392468672495617
838392790040133637
838393104172462080
838398423640465408
838399890602475521
838400137823158272
838406966527524866
838410796493385729
838411363504488451
838411447738707968
838412130894430208
838412605937041410
838412927673729026
838413679825719296
838413779603959808
838413977407348736
838419812992839681
838420728772952065
838422433178791937
838435887629336581
838438206731341826
838439322391101440
838439469397258241
838446879386046467
838451264400785408
838451665489518599
838452332727832579
838453427202056192
838456830879809537
838457230848573440
838457492296372224
838457576912216068
838457740137795586
838457802498670592
838460601865207809
838461151402930177
838464113537859584
838464872832778240
838465010074595329
838467197487972354
838467485015891968
838467855574261762
838467907994660864
838468856016482308
838469240940290048
838469582356611073
838469694889807874
838470061341933569
838470311620247552
838470327948701697
838470626805325824
838470683130740744
838470684959473668
838470769600524289
838470828849250305
838470858716905473
838471067794558976
838471319092137986
838471400646139904
838471435131715588
838471482611232769
838471560642117633
838472060527652866
838472210000015361
838473034226872322
838473533525229568
838473748021936128
838474251409698818
838474729111584769
838475885707677696
838475935812882432
838476330119401472
838476555148017664
838477115607695361
838477809873993728
838477929340358657
838478282794352644
838478302956355585
838478429020381185
838478840594841600
838478852909330432
838479111131709441
838480371847159810
838480533311090688
838482210856534018
838482525500674050
838482851893035008
838484501424635905
838485216020824066
838485683954155521
838485835636965387
838486937514176512
838486972406640641
838487205937053698
838487823011426304
838488685913980928
838490785985277952
838491572471803906
838494361465864192
838494377928454144
838495355490680833
838500052356182016
838501068338302979
838502444187406336
838502850959376384
838503183001464834
838503597126082560
838504288095715329
838504952393785345
838505426186567680
838506375722450946
838510100142780417
838510800839008256
838511438633250817
838513608422207488
838513971518967808
838514886229508100
838516354261078019
838519281461624833
838519360910147584
838519603336736768
838528946488623108
838531939334258688
838534347833630721
838537021169807360
838542212019417088
838320440590364672
835987798268211200
835987938567675907
835989629144813570
836740883353600002
836791733329473536
836814113858850816
836843999616991233
836846212028448769
836846374402547714
836885117884854273
838270127598669824
838336523879735297
838337156120731648
838341398449500161
838345154775896064
838345980856631296
838356015544430593
838356067469905922
838356100030349312
838356141008642048
838356172885352449
838356197711482880
838356227646193665
838356265826922496
838356289986183173
838356371967967232
838356395066068992
838356417216135169
838356440683282432
838356738386636801
838356767851577344
838356798721699840
838356823962943488
838356850236141568
838356875943022592
838356905160544256
838356924890509313
838356947749507073
838356963213918208
838356987037507585
838357279632158721
838357328894300160
838357379267854336
838357417817698304
838357485681528833
838357523572871168
838357569198510081
838374630951903232
838390206302662657
838390262078533633
838390282714497025
838390297251966976
838415855130193921
838437663204069376
838438507521658880
838438574827704320
838448786007552000
838449218457067520
838454348317409280
838461763867783170
838468545013039109
838468902615138304
838482771605602313
838483987937001476
838487044984819713
838492269703462913
838493748841558016
838495101827567616
838507848942432257
838509042565804032
838509063839309826
838509080767528960
838509248212520961
838512177933926400
838513187607687169
838514529680097280
838526730755244032
835990447780671488
835992940342308864
835994462346178562
835995682188193793
835996373887643649
835997223351685122
835997507637415936
835997536678735873
835997745747984384
835998068516532225
835998396204924928
835998561544388610
835999320075812864
835999771055751169
836000151193944064
836004906830020609
836005560860430336
836006626268176384
836006691489579009
836008644705718274
836009386933907461
836009487614021632
836018446416625664
836020982976507904
836022335467573250
836024517344505856
836030639933702145
836047916036993024
836048566716153858
836048679584817152
836054491032092673
836058318087016449
836066070905688064
836066654870204416
836066771182501888
836067374457581568
836070054647250944
836073883807670272
836074143523155968
836074595681697792
836076035678564354
836733686087311364
836775570356711424
836775777446342660
836777061226270720
836785230245728256
836788533331443712
836795421771059202
836799239883730944
836799844110987266
836803408594108417
836803999038914563
836804054214918144
836811196074426369
836816023630282753
836836063293362178
836838904523276288
836864273536143360
836866766747860992
836885723949182977
836887475243126789
838237017586745345
838271339182030848
838274243322339328
838304335012458496
838307673644937216
838307751168200704
838315285652340737
838332437222522880
838336494964260864
838336646944813056
838356380641812480
838358279239659520
838360295332536321
838364032360935424
838364050945867776
838364141869989888
838364561472380932
838402723993292800
838416482086289409
838416954780237824
838418320709799936
838420966950699008
838428066418409477
838431261190389762
838451648980746242
838453540720898048
838453831054802944
838453901884022785
838453977645731840
838454181304418307
838454427199623168
838455565919596545
838456478000361474
838470936932335616
838472693880086529
838474092709830656
838474115594006528
838475572493840386
838478731702382594
838488115874566144
838510924180881409
838514935449681921
838515515643609090
838516439963291648
838517979591639040
836002009744551937
836027205662687232
836027474354057217
836030125200314371
836030588268183556
836030946780532736
836054639283957760
836758449908248576
836760734767984640
836764008107683840
836818155599167488
836841147695771649
836875415306256384
836878592793522176
836882659305467904
838229579261218816
838230175137611776
838230310059900929
838237564712730625
838240452935565314
838245384136839168
838273122101039104
838281531823095808
838307065621790720
838313712696102914
838318300975226880
838333637984673794
838343621510381569
838430408480030720
838430556878684160
838431578560790528
838444552755249152
838453806379716608
838454105584488448
838461656124522496
838468863377408004
838469566342791170
838471449794981888
838471479515836422
838489509583077376
838493847781064704
838494661790547969
838497152376659970
838499339869831169
838507073734328320
838507819901005825
838514085843075073
838514413804138498
838518753033863173
836064975785459717
838249049681711104
838249297908989953
838280034490142721
838281395172700160
838300838711934978
838340764778311680
838423061229613056
838456020112388100
838458067033460736
835988455821828097
836002486481743873
836771472601403393
836783349574283265
836884778322432002
838210300650323968
838213370188791808
838217622479073282
838220651123118080
838247464562012160
838272085621362690
838282222658535425
838358429391552512
838393531030978563
838421542442774528
838429369764884484
838455227833597952
838472758757576704
838478398490087424
838481138129776642
838481365280632832
838481365750398980
838494607910502400
838500185265352704
838523081463312387
838542085196288001
838359435202408448
838360023289970688
838360556482482176
838360745616232448
838361083752624129
835985826144260101
835992454394437633
838259644535619585
836077846003089408
836089424257613826
836093441696223232
836099775544053760
836802348974501893
836840288903643136
836843868536594433
836870837743534084
836884552396247042
836886344240676864
836886527879819264
838249212311715841
838275163011547136
838294581141712896
838300913127284736
838311735878692864
838312750099070977
838313115771092992
838316578164858881
838341460315484160
838343289778614273
838386433714962432
838407436381872128
838506273494740992
836742169994149889
836742479269478400
838210550203039744
838222909952962560
838350078972678144
838435462641561600
838435511941365760
838455464585277442
838455550035771392
838498028134748160
836738014260920320
836771090030604294
838229449229250561
838498101883256832
838499144692006913
838220463419625473
838221142297042944
836059008511401985
836059065033834496
836059127633825794
836059193442455552
836063786746408963
836064351127748608
836081572247908353
836735333790265344
836738012969074688
836761903502327809
836781744057614336
836784874388357121
836786322484375552
836786442462511104
836786514080182273
836786578412433409
836786646876061696
836786741948399617
836786810273542144
836786863633465344
836791712987119620
836819981845336065
836833309250441216
836836456412893184
836839092130299906
836844353008062465
836845978380615681
836846349198966784
836846661917900801
836846743937507328
836847184033243136
836863874733342725
836880322591666176
836880416489472001
836884926293213185
838230780971188224
838245890615803905
838281813223145473
838291554594926593
838308936432377856
838314560289386496
838324248489967616
838332819042676737
838335681508290560
838338624970240000
838340006674632704
838340083677810688
838340707710611458
838343790905688064
838345277765533696
838354057689464833
838354266913910784
838354782435831808
838360532423966721
838363386182320130
838370091599290369
838379115770163200
838380264665542656
838382576268095489
838383813071933440
838386697641541632
838387806795878401
838393083133898752
838393130630131713
838393456191995904
838393518867562496
838393586366496768
838394000327442432
838394331836919808
838396726117531652
838396788759482369
838397104942903296
838397175075848192
838397272631230464
838397737586548736
838398264537931776
838398551499685890
838409170818904069
838414562688905217
838419825714147328
838426718264242180
838428299009327105
838428663657992192
838429201841680388
838432344386256897
838434715409473536
838439313885040643
838439851393429505
838442100630908933
838442260731740161
838442504630464512
838446084502478848
838446483917651968
838447230357028864
838448018743508993
838448803606822915
838451765573988354
838453700989431811
838454815218941952
838455702091870208
838456271229480960
838457542082760705
838460504645447680
838460545376321541
838460556361220097
838460723881721857
838460820455579650
838461966175899652
838462030252244993
838462201782493185
838462439293353986
838462636534685697
838462649679626240
838463155340775424
838463223678513152
838466188489416704
838467178227777537
838467219516424192
838467365935411200
838467682353754113
838468113259614210
838468129600782336
838468291983257601
838468590013644800
838468911699984386
838469881142120448
838469929544400896
838470102240591873
838470293375057925
838470344927297536
838470497130151937
838470502742114304
838470545419157505
838470676960972800
838471634243764224
838471642036781056
838471802145865728
838472200642564098
838472797496168449
838472886130200576
838473276124954624
838474314269741056
838474367185092609
838474538333659137
838474694382784512
838475874211090432
838476025122140161
838476243305644032
838476464047669248
838476823868633088
838477030802993152
838477276731879427
838478168365334528
838478474583158788
838479957596721159
838483662899408896
838484583268118528
838486913296314368
838488724346396673
838488787428724739
838489718975262722
838490649779404801
838490711926390784
838490789663686656
838491267742978049
838491287779160066
838491573671329792
838491633775702016
838492071963000832
838492629281214468
838492776849412096
838493098330230785
838493639416377344
838494208591810560
838494222164627456
838494478323314689
838494678945316864
838494808310153219
838495002464485376
838495559820406785
838495884295962626
838496091066748928
838496285619552257
838496494709702656
838497029542264834
838497358648389632
838497550571302913
838497748735389697
838497940796805120
838498506138583041
838498919889911810
838499047224782849
838499101167726594
838499559974256643
838500031036551169
838500617622519808
838501013082492930
838501109824126976
838501552692346883
838502369457487873
838502623384850433
838502858416861190
838504118859751424
838505111055904770
838505481257816066
838505799957811200
838506139537014784
838506699157811200
838509154583121920
838510106224562177
838510503265730560
838515379597103105
838515670769893376
838516530174373889
838517560597491715
838519719464484866
838523309411155968
838523990230593541
838524349980295169
838526185319575554
838531726053879810
838534116425498628
838534284751298560
838535594951208960
838535670939410432
838536035604758528
838536525948334081
838536898591211522
838537926153748483
838538447644200961
838539556265807872
838539714391064580
838463337994280961
835986488496115712
836014180935303168
836062371495936001
836062559014891521
836077649608966144
836094313381642240
836780195990339584
836785950072127488
836841777780961280
838341620223393792
838342224534458368
838342731537633280
838347905610235904
838361709945499648
838411630035750913
838414130155520002
838458831856353280
836738942502318081
836782815362625537
836734201781157889
838235310605631488
838430371565944833
838434069205684224
838453995928694784
838468981019258889
838473645857067009
838487170927194112
838500189711265792
836091188583284740
836096238827241472
838458128760987650
838478049876271105
835986337270497280
835986668884754432
835987847467450368
835988341011189760
835994667468664835
835995829014048770
835999702604791810
836000182076571648
836002439635554304
836007376947924992
836038096592470016
836039284729778180
836039981365878785
836049311813226496
836052909473300481
836053088549097472
836060987694403587
836061895656374272
836062347164794880
836063822968414209
836064385898536960
836067174850695169
836067421949673476
836075502423113728
836774791424192512
836783465831989251
836793316662468608
836812126266216448
836812535005331456
836814675614527491
836821867168169985
836825137492201472
836825270325817344
836831358051827713
836831449693188096
836839405230882817
836839637339541504
836840821194391552
836842884565450753
836866769142837248
836876132083433473
836882440442507264
836883834536935427
838204194582642688
838221479477116928
838227169889431557
838236158786211841
838237638628950019
838240822105681922
838295223847485440
838303439566352385
838303620881920004
838305680389980160
838334231961022464
838343732445458436
838345882152153088
838351377478860800
838364389770211330
838365894879371265
838367774640652289
838368754107043841
838368916653096960
838369084152631296
838369336041619456
838388789340958721
838401622963290112
838407673913741312
838408199040561154
838418039448154113
838421296744660992
838425326816538624
838432479400837124
838432888794329089
838441915905413123
838451897543634944
838452738631532544
838455899354169345
838459184672833537
838459717131374592
838461552088993794
838462684714631170
838462853929713664
838463474518884352
838464120148090880
838464831934119936
838465303092817920
838468745953693696
838468796897767426
838468857371185152
838470616571396099
838471845041045504
838472004432973824
838472316786995202
838472320729628672
838472501659320321
838472545640787968
838473358719209474
838473555977338880
838473592572620804
838473721723695110
838473930230890496
838474447807991808
838474703773839361
838475404704886784
838476444728709122
838476658126516224
838478610944110595
838478706737889280
838479386378563584
838482262605840384
838482661773611009
838482784004018176
838484314203512835
838484392813215747
838484501403697154
838486483161972736
838486823500414976
838488883025358849
838489948584030209
838491231932022785
838492522783584258
838495742188793857
838496941948403716
838498342774714368
838499844914192386
838500988994584576
838502669933244419
838503927289155584
838504685669662720
838504932567318529
838505971496419328
838507051458375682
838514449048813569
838519682298703872
838520336010391552
838520536502308866
838520872138854401
838521341062098945
838521581626347526
838522129561829376
838523700970401792
838528774379618305
838534941596073984
838539922395054084
838541433955024896
838541586338312192
836053567907704832
836056254325882880
836080890296090624
836788810998501376
836811681879764994
836824948471644160
836852678055587840
836861678939668480
836866079645384704
836866441207037952
836866529060847618
836866791733411840
836867331737399298
836867617050738690
836867715834998784
836869861691310080
836870106101743616
836870475057881088
836873937040605184
836876463890698240
836877465574326272
836877567651155968
836878056593707008
838227576724328451
838231394178433024
838232081243201536
838237577182343168
838238070310846464
838238259960496130
838254185887989760
838257770986110976
838280358915362816
838292096394149888
838354828229234688
838362987392090117
838367758752473089
838368300425936897
838380796243283968
838386193049989120
838389581892444162
838390688299560960
838392509260771333
838422246301532160
838422529744187393
838428255074070529
838429245957357570
838431572026081281
838431968719155202
838437311591370753
838437685190668289
838437850953760769
838456204363972609
838457263081795584
838458386140246016
838467428954824704
838471142696452096
838474430154170368
838474859046973440
838476086740717568
838480208982392832
838525874664263680
838538333546512388
838323220583436289
838329372616450048
838455850456993793
838471083691028481
838472713878532096
838473102375911424
838488724728078336
838489152786206720
838507366777774081
835987033227161601
835992012025393154
835992218448048128
835992509394350080
835993154423750657
835993532804579329
835993873180733440
835994526468751360
835996360621113344
835996724263018499
835996745758814208
835997144452640770
835997542978551808
835998247244165121
836001544021639168
836006040789467136
836016954980839424
836017005060841472
836037729846706176
836038317661696000
836038556934094848
836038612680601600
836056484630921220
836065849333190657
836066292566196224
836069007191080960
836073895816019968
836074224544595969
836074472847331328
836074955766972416
836075110209572864
836075196155105280
836076192394543104
836084834699206656
836096302744223744
836097314645245953
836097488100679680
836098473413980161
836100105837105152
836100934396755968
836732960430772225
836747456721391617
836754564636356609
836773995781505024
836776084930703361
836779037724913664
836780144094228480
836780824670449665
836782339636228096
836786052463484928
836787848313450497
836790013694197760
836790570056040448
836793690328817664
836794149651251201
836796834601451521
836797413818044419
836798517205139456
836804950684499971
836806943108972545
836811545128599553
836820008932098048
836825256052600832
836836289710272514
836839708869148674
836845159094628352
836848279694491649
836850335285194752
836854052071821313
836855870189416449
836857292788215811
836858342010142724
836859675501084673
836870482985111552
836874468060508161
836880138851729409
836881043743461378
836882239015251969
836883059257524224
836883623877955584
836883654483841025
836885280791617536
838184707187687424
838185348438110209
838185472413270021
838185814316232704
838186157712232450
838186567575437313
838186746307313665
838194694832140288
838195569361207296
838206516222128128
838207913026064388
838209332185546753
838219052698992640
838224452504727553
838225188953145344
838228823648915464
838231517788844032
838233318625792001
838236940239581184
838239035302821888
838239230274977792
838239359073665024
838240410732482562
838241688590090240
838241828549832704
838241908027711488
838241949660364800
838242902908239872
838243147901767680
838244534958030849
838244536942018560
838249319526510593
838250602782154752
838251988743778304
838253980543234052
838256726273044480
838258904136093697
838259388423024640
838262681392066561
838266242972725248
838266510397353986
838268274462818304
838268606039396352
838270569292365825
838271570837659648
838271693537824768
838272804734783489
838273157974929408
838273906431655938
838274398410932224
838276563602931712
838276843862110208
838277183059681280
838277466124861440
838277781708554240
838278017940074497
838279601000443904
838280240053043200
838280300421660672
838284280522502144
838284580159389696
838285462087270400
838290009186762752
838290062567682048
838290208126816257
838290678815784960
838295490529792000
838297178909061120
838297998220279808
838305566753685504
838307509051998208
838308057033682944
838310483706982400
838313645457174528
838314554501267458
838315292510064640
838315398621691904
838318723832360960
838321794130055169
838324256501022723
838328627896922113
838328629914394624
838329024552316928
838329962679713793
838330135573049348
838332657427677184
838333244907073536
838333359206060033
838335518198886400
838335852455604225
838335992859885568
838336199169347584
838336680172089348
838336875228180481
838337071991439360
838337176630874112
838337345686503424
838337511810285568
838338050061127680
838338367922270209
838338594955792384
838338746785349633
838339189598998528
838339452724473858
838341777199353857
838343596004737024
838343662627082245
838343901341700096
838343978290409476
838344667750096896
838344736977137664
838345188418469889
838348398659006464
838348422868525056
838350079140450304
838350218395541504
838350834131927044
838351453261606912
838353012112371712
838356660762644480
838357312444248064
838358443270483968
838359709031755776
838361800013983749
838363376673779713
838365750440132608
838366510695464960
838366594082488320
838366748135075840
838367257487159296
838367425267642368
838367425133445121
838367619606528001
838367695007543296
838367792080510976
838368103528607745
838368179734863872
838368768376074240
838369321898369024
838369371395350528
838369670080114688
838369918483587073
838370911959015424
838371526151929856
838371820722094080
838371932768698368
838372524685684736
838372858908839937
838375231735627776
838376566455431168
838378023577600001
838379015895396352
838379446885298176
838382962957746176
838383776703135744
838383799327141889
838383877018300417
838386259798151169
838386548114612225
838388386448691200
838388469198110724
838389080178163712
838389159513448448
838389426598334465
838389815892721664
838390690107244544
838391879205072901
838391971899191298
838399384282890240
838399542936670208
838399818913431552
838400001827082240
838400066360590336
838400297999400960
838400747981123584
838400831737237505
838400919066800131
838401465483931648
838401619897245700
838402674005508097
838403025429491714
838403263535939584
838403276945166336
838407213270069249
838407945633296384
838410816714076160
838412494934781952
838413658808020992
838414022978461696
838414370438774785
838418571709583361
838419017505308673
838420645708980224
838422215205007360
838425073522475014
838425343509823488
838427874436710400
838428482522726400
838429223475941377
838430933569138688
838430966142087168
838432824827002880
838432849191653376
838434973535383552
838435177722441728
838435893769875456
838436008555397121
838437226316955648
838438600261971969
838439048494579712
838439468944211981
838440334115934213
838440406945841152
838441460903084033
838441948289634304
838443349996683266
838443875987509248
838446090726817799
838450288654708736
838450516292153346
838450651269107712
838450739315949569
838451127964340224
838451203705032706
838451604869218304
838451728773173248
838451910277480449
838452213483769856
838452795011379200
838452952398454784
838453242031919105
838453334122037249
838453505522352128
838454020574437376
838454255900114944
838454623979601920
838454770100809728
838455632051257352
838455927707697152
838456619897925632
838456877214216192
838457430719725568
838457785813766144
838459791634726912
838460407274737666
838460580591697920
838460777728212992
838461437320310786
838462601617113089
838462856043581441
838463561445883904
838464654565310464
838464746550607872
838465001681731584
838466039218335744
838466043362349056
838466424372936704
838466506010808322
838466789080199169
838466813197500416
838467020698042369
838467091019726853
838467095788670979
838467123315892224
838467152382464002
838467195206250497
838467249459560450
838467409019305984
838467812674916352
838467826654593024
838467913933815809
838468777247404033
838468938929430528
838468951659130881
838469174695460865
838469378127593476
838469522558496768
838469706235449346
838469800930197505
838469911445921793
838469916852375554
838470146192719872
838470843600601089
838470845018345473
838470923820892166
838471006368972800
838471087239409672
838471327317123072
838471344715104257
838471405494730753
838471757187149826
838471830881120256
838472232829665280
838472245324431360
838472546429329408
838472721117888515
838473021409091584
838473174887067648
838473184332636160
838473340176252929
838473755294842880
838473862622900224
838473873687515139
838473941698097157
838474241297248262
838474586966589440
838474635536707584
838474718202187776
838474742415904770
838474832639590401
838474908237770752
838474936385691648
838475127826362368
838475242309812225
838475277248434176
838475391971045382
838475535646867456
838475563367088128
838475804141105156
838475986559766528
838476018994282497
838476091975208964
838476118457987072
838477255089213442
838477290984128516
838477303550259200
838477337469595651
838477410874048516
838477792425693190
838477866845220864
838477971816067072
838478059258986497
838478390663524353
838478540727336961
838478597048385539
838478629277421572
838478727143178241
838478884299485185
838479039883067392
838479217201414145
838479346310471682
838479843440406529
838480077503488000
838480283804577792
838480402318778374
838480528831561729
838480659702128641
838480661791051777
838480836953518081
838481062770667523
838481301313318913
838482069831438338
838482206246985728
838482531339100161
838482560774770688
838482588406788098
838482916623659014
838483033099538435
838483235936022528
838483433840128005
838483448151035904
838483457974030336
838483520846704640
838483778586697728
838483835029499912
838485426398724099
838487421788504064
838487683408228352
838488137198407682
838488252512366593
838488543240548352
838488688313122816
838488981507563521
838489689518706690
838490360779264000
838491094748958720
838491713115152384
838491989226237957
838492463543242753
838492833162100736
838494309083136008
838494343967158273
838494383972499456
838494598846640130
838494660066705408
838494788236230658
838494889625194496
838495447375351811
838496531883905025
838498657141997571
838498694739738625
838498801853812736
838499146143236098
838499389459025925
838501102790279168
838501618517602304
838502487841783809
838502830562488320
838503595230261248
838503679187644421
838504068649713664
838504080507023360
838504317254500355
838505001303560192
838505707322421252
838506096415363076
838506257711529986
838506294436904962
838506360090296322
838507366043828226
838508167822786560
838508621885554691
838509888594718723
838511165223419906
838511717890011136
838511787377053697
838511793077116929
838515875691003908
838517236457418754
838518028002287617
838518163830616064
838518434551955458
838521026157883392
838521094202064897
838523972077649920
838524355466444800
838524801304129537
838525210903007232
838526430065602560
838528029995462657
838528319679311872
838528857162526721
838529108514598913
838529715027775493
838532185833504769
838533034777391105
838533672915644418
838533843653169153
838536912398856193
838537241421033472
838537575522533376
838537940653469698
836845802085580801
838412883209895936
835989799257407488
835996735650607104
836044069394612225
836044241570779137
836057595005763584
836060550161399812
836061707927707648
836062553721692160
836064279161946116
836068554290126848
836076288909651968
836078341727928323
836089845080604675
836090102954749953
836094121802674177
836740439256481794
836753554035654660
836772560377364480
836775052922212352
836776530739097600
836785806387855360
836794534906511361
836795057051209728
836797124457205760
836798296832237569
836798837809418243
836798910156976130
836799494725451776
836799570147491841
836801103865995266
836801859289550848
836804619284201472
836805162702409730
836805198756577282
836806045045559297
836806610865487872
836807276807749634
836807964887560192
836808600727273473
836809182489767937
836809843650478084
836811010640084992
836811041606615042
836812063305498626
836825722815643653
836825834417696768
836826731168268288
836826898516836353
836828716344950784
836831722742427649
836832134069432322
836833094913130500
836836607357517826
836843049066106881
836845182679138305
836847882334519297
836861214735089664
836861339859550209
836861396809830405
836861511381430273
836871658942119936
836873863296331779
836874281258782720
836875010706927616
836875518825938944
836875661075697665
836876467795537920
836878448144576513
836878818111553536
836879336309415936
836881975738793984
836882703865810948
836883247581757441
836883351621545984
836883958755377152
836884113835573248
836884297609064448
836884462399021059
836884667617931264
836885012230340612
836885363331317761
836885547377385472
836885880161857536
836886194449432576
836886517029158912
836886659811708930
838186384041070593
838195837494837249
838198238377299969
838203087164739584
838203278894694400
838208995307503617
838215176650379266
838217673632788480
838219181053067264
838238459055714309
838241631270756353
838243012190822400
838243484964376576
838244024821628928
838244406843039744
838245781052215296
838247670649081862
838247879668019201
838248881527926784
838249397582458881
838249925460754432
838250906734952448
838251760535887872
838252566278516736
838253147135041537
838253504535875585
838254125947179009
838254543976693761
838255016985112576
838268466687848448
838273969086164992
838275313574477825
838275986449920001
838276900237815808
838277970141794304
838278012881764352
838278100802744321
838278106729316352
838278867232165888
838279175429570560
838285907249795072
838286748488720384
838287455707099136
838289709914861568
838289791183699968
838290062852907008
838290186568101888
838294090869522432
838294550355456000
838296944552329216
838299127268147200
838302419570294784
838307545412481024
838314171074756608
838315409526964224
838315446734565377
838317804982046720
838320174877003776
838322847403638785
838323194952093696
838323428235042816
838323841734692864
838324340710072323
838325295799205888
838325677552250883
838326248644423680
838326948485087232
838328523546836992
838329189623267328
838329546105565184
838330050432937984
838330783211405312
838331237093806082
838331649498689537
838332804790374400
838333214959759360
838333279078076417
838333457214353410
838333743454617600
838334041871028225
838334134737063937
838334171441418240
838334446357082112
838335094544809984
838335520606408705
838335609798287361
838335976107831296
838336157427576833
838336165652594688
838336435321245696
838336553462083584
838336727521636352
838336730990329856
838337046557118465
838337083420905472
838339482353029120
838340322522431488
838340372807942144
838343133578547200
838343635183800320
838346723059777536
838351917705281536
838354885133406208
838356090173673472
838356326669516800
838356503581102080
838357050266644482
838359602718785536
838360444385513472
838362052192272384
838363329018101761
838363567271391232
838364299378704384
838366261935497217
838366943014957056
838369777068421122
838371596251332608
838371858126864386
838374573045395456
838376935378014208
838377172658171904
838379064142540800
838383444757475328
838384141049741312
838384270884409344
838385683832193024
838386402538684416
838387038089064452
838387855705718785
838390062836494336
838390202682978307
838392165667586048
838400426739445761
838400767878889472
838401682576969728
838402657912045569
838403446248255488
838403675076845568
838405160858697729
838414580334399489
838414616363479040
838414993712365568
838415142417219584
838415814881591297
838420033244119040
838420319018881027
838420389491539972
838421083338518528
838423309314293760
838427405308018691
838429397526986753
838444737363394560
838445896689909760
838446317118574595
838446798104576000
838447063725707265
838453461469573120
838453597729869824
838454462087901190
838454586201505792
838454951672221697
838456545499316224
838460063010390017
838460343487721474
838460554209525761
838467203624222720
838467413855383553
838467960939429888
838468040471810051
838468065964752896
838468302749990912
838469158039875584
838469808463233030
838470542927802372
838470583578931203
838470701145284609
838470703506735105
838472117385580547
838472743171600385
838472889045241858
838474319944638465
838474568981434368
838475790429925376
838475840518250496
838476051466633221
838476137172975617
838476277468246016
838476649322672129
838476887060066309
838477103507058688
838477135824158722
838477819969744896
838478182512742400
838479848964243457
838481296322093056
838482380146999299
838484354959609856
838485214695424000
838490988863709185
838492335805763584
838492562553974785
838493100343455744
838496651534876673
838500187727351809
838500539432382464
838500647708332033
838501105361375232
838501753767231488
838502117585350656
838504328084275201
838505703643967490
838506006657318912
838508647529529344
838510907206602753
838512565940547585
838513010427703297
838514400998920192
838520232276856832
838520392742469633
838520803973083136
838521066754621445
838525364339163136
838526823751368704
838527554038476800
838527637395890176
838538442556522497
838541032820211712
836765698382757893
838474802620952577
836868275959181313
836086203246006272
838436505697800193
836056607326875649
838352620515381249
838467105943080960
836780210125164545
838512480301236224
838423552248410112
838245718259290112
838316423734767619
838319950917996550
838320729628241920
838519129497796609
838249565199400960
838249960101527552
838303837584764929
838304237339697152
838248539650199553
836073437378457600
836840267693047808
838484816681119751
838485161729802241
838274922426351616
838419559208136708
838485097032613888
836881557017276416
836884488898633729
836077639857221632
836771990862196736
838423716908380160
838470598254800896
838325673538293760
838345518753411075
838346725035241472
838471370958913541
838514934904471553
836875911307878400
836876292674973697
836876711262322690
836877081787133952
836877400709480448
836879065659355136
836879498637361154
838451963868164097
838535439476748288
838536446768185345
838461995183669248
838476433815121920
838479749508907009
836864514905804801
835987445745348608
838273580278267904
838454061934477312
838235358542381056
838441663819296772
838436701961916416
836747460374638594
838460099719008257
836824864799539204
836867059711684608
838298073700925442
836868337300815872
836885314731970560
836886422120443905
838454223675211777
836008061206675456
836015394053742592
836040957636141057
836041845847138304
836803835377168386
838266786810245121
838286085339787264
838335188111327233
838283986652835840
836100406170247168
836101602503245824
838459670201307144
838349940875198465
836073202556141568
836871701799526401
838321720800882688
836794253716172801
838191295105495040
838492176589996033
838290191831949312
838353862138396673
836043786845368320
838506822696861697
838242088517058560
836805365543096321
838282634333720576
838483998879932418
838460594625851392
836074224829739009
836077643657273347
836760516756402176
838439744589742081
838494794393464832
838329453973401600
838474142513041408
838422596777619456
838439755062919170
836049659470675969
836784378244132865
838526070009786369
838262692586602496
838280176022732800
838293206592794624
838325675060776960
838348606121746432
838455538711154688
838458421850615810
838459654493638658
838472995848978434
838473973453238273
838476380451000324
838482533687902212
838484436152791040
838489495263719424
838532460208091141
838536974529015808
836775449330085888
836834952369041408
836863151547232256
836067547443253249
838412920920887296
838472157705404416
836879212694863872
836063346059247616
836786858990399491
838234347845140487
836091411090960384
836799302127259648
836885896167313409
836800460300435456
836885109735305216
838253791174590465
838419620793036801
838422468247310338
838344939712962561
838422946267992068
838347275822903296
838346295848931328
838374134719594496
838273188849135617
836086570377756673
838246937585455104
838287960147640320
836065227598938112
838250983297798144
838255669790801921
838271395519934465
838285990422843396
838526417151328256
838352877072547840
838360170686201856
836858071766925313
838270868698632195
838256666407751680
836056439416303616
836742009339572224
836073162215407617
838379618956554240
836046855419092993
838223418931752960
836834278801559552
838388962213445632
838389774356480000
838324245256101888
838398739660357632
838248238335553536
838428868365205504
838404268033990656
838530578559426561
838355798048788481
838473343615524865
838403313217449984
838266527774310400
838265797252366336
836864715502546944
836057955095179264
836789278147497984
838239191628591106
838328658100162560
838312482305376256
838312775554334723
836747957344976896
838249032204103680
838307650542661632
838342209976037376
836740578863951872
836740860083646465
836741050039431168
836741179047804928
836741319112462336
836741532543815682
836741665033502720
838360488966828033
838261880552480768
838432074793119745
838297689536110592
836060950134415361
836063028575612930
836059728295968770
836060159906574336
836046726049972224
836045518266519555
838342339680591872
836041379189047297
836078533793435649
836072994216755202
836867998971490305
836838149775060993
836839029626843136
836839794059657216
836840131940212736
836840436677427200
836840765284298754
836841265790599169
836841817123524611
836842280577351681
836842521481347072
836842846946799616
836843671651745795
836843754015318017
836844595933818881
836845702684766208
836845902509793282
836846558347943936
836846940021227520
836847090592542720
836847470692954113
836848119891513344
836851942064283648
836852633600147462
836854247094370305
836854484395560962
836855694083108865
836855763700236288
836856778067410944
836856931096612865
836857733789937664
836857853558276098
836858376504098816
836858719321403393
836859781545660418
836860049200922624
836860491842617345
836860580090822658
836860666703187970
836862644673970178
836863007930068995
836863064133750786
836863385383862272
836864163200782336
836864749723926528
836866915981230081
836867799859462144
836868711151718402
836868788951920640
836869072046424064
836869303576248321
836869324908408832
836870033850650625
836871397062373383
836871524443385857
836873548962672640
836874046306410498
838320654134956032
836800405636059137
836800706187313154
838469164268417025
836830434185134080
836843381867298816
838385103600553984
838454073905008641
838458262336987138
838452153408704512
838352994915745793
838314925101625344
838315158183243776
838331233901903872
836862699694866432
836099272999387136
838330438477299712
838330903273275393
838313153947631616
836019689109221377
836020099295367172
836020350278320128
836735667988221952
836775787219075074
836776629305294849
836778416808542208
838309753499561984
838509239446417409
838370901523644416
838515041699786752
838473195728535556
838473680804016129
838475142732869634
838476038879444992
838477924114317314
838339656420835328
836877815907778560
836731717146853376
836859529048489985
836079608885825538
838257731974770688
838265044743913472
838265801652084737
838277637231509504
838296219000664064
838321984534532096
838342267429654528
838496244473466881
836071431939080192
838505382758723584
838479134867218433
838477525688934401
838490714388455429
838474981516410880
838475283674116097
838460680198057985
838467290832175106
838470531632496644
836074089416622081
836073828887445504
836074195478069248
836074355633319936
836803872832225280
836804117079150593
836803611363540993
836829529662435328
836803544153980928
836804167834480641
838270796321734660
838271007488098304
838218880984178688
838353869415538688
838435277471432707
838470615757631488
838475501928853504
838472416032669696
838472571007938561
838472626284679169
838472715019436038
838438379113033729
838472044895432706
838439400879050753
838271240422981632
838271721794908161
836066822608859136
836778765388824576
836863353310031872
838265693564973056
838305158442455040
836866081524416512
838488580058202113
838353316388167681
838310421413134336
836864382290264065
838396353910870016
838270001241022464
838539206586740738
838540270614478850
838186670935670784
838469911487787008
838378450079662081
835994722275586049
835996135122681856
838453024200798212
838313957991583747
836031753240326144
838451257870266368
836056283849555969
838448577701687297
838471707807592448
838447430978965504
838485316340174848
838471829941551104
836757583096598528
838445889438027776
838226470124339202
838442716572811268
836869726513037312
838283697845637120
838283757828390912
836763968551153669
836075792127840256
836781493187915779
838465224688693250
836851327896539138
838283536901754880
838441409099223040
838360086301011968
835992696967790592
836070374550941698
836799654893404162
838326649712218112
836760660604256256
838469791576899585
838497099742339072
836766897647529987
836851746366500864
838505755540140033
838468752849133568
838495277589884928
838460707771404288
838466796982263808
838463418973700100
838453144061423617
838452612060045312
838389604352987141
838297258579881986
838322724795727872
836096268216721408
836096602234372097
836098702309797889
836099619759210496
836801769338466304
836100750216474624
836101097223827456
836101513298784257
836083461609893890
836102046226993152
836102150489059328
836084032010092544
836102769077534720
836087027842048000
836087283489124352
836087558991917056
836087968490221569
836088272308817920
836088620935233537
836088835935252480
836089303876976643
836103310289534976
836085376070651905
836835749953748993
838460432461488128
838489640164339712
838470169282375683
838467071352705026
836869732607348737
838415932800315393
836101082845622273
838456300421988357
838397574868520964
838489380054515712
836008040163868672
836043931372687362
836045802082562049
836046703627231234
836047025108045825
836050908026896384
836086531890761729
836096181705052161
836769342629031936
836773434877161478
836787917553041408
836792182363336704
836803439770370055
836818187228426240
836818785277460480
836821259208036352
836829024039075841
836830000204693505
836830581208018944
836831707231883264
836832466426032129
836835938621865984
836840977021169666
836853812333797376
836855490848120836
836863307650846720
836863698195124225
836876253554704385
836882571271237633
836885016449855489
836885055402303488
836885070493384706
838200657807032320
838217193041055745
838232616763600896
838232823345606657
838233281225240576
838245048332529666
838253381152030721
838258010153709568
838260410331578368
838279487431274497
838281507290628096
838282398009708544
838297222122962945
838297436938506240
838297531650043904
838297747329548289
838299076571639808
838305494628466689
838305717257977857
838310644281651200
838329020982886400
838331547342225408
838332496936898560
838347687032315905
838350523053051906
838352461257662464
838358297342164992
838359031005724672
838372454842138625
838380632258535426
838383998695059456
838384091674333185
838385838220316672
838386263048732673
838386426542698496
838387918355865600
838388547342188545
838394261259309056
838403822984839168
838406170058579968
838414751122206720
838422727816007680
838428805693853697
838429849706323968
838429939410092033
838432847291637762
838435564491788288
838435604685852672
838479141200621568
838482495872073729
838494452553551872
838503489852432384
838510181180846080
838521803551059968
838522792471629825
838523196668260354
838527300933206017
838540230407901184
836743122004619265
836787371093934083
836839280794271745
836840068602019841
836078492915650560
838248099369758720
838422730500366336
838264563464343552
836781569285173249
838491897236594688
838320902374739968
838312797620555776
836099796725338112
836822568501923840
836067960254939136
836834478177796098
838273582828515328
838426043962687488
836095270022602756
838373825955971072
838484244389314562
838409572226236416
838244043913998337
836877423593603072
838495072983388161
836830166538153984
838268511864541186
838420008048988161
836821773010206720
836844738443624448
836863846375636992
836828473775828992
838420702860554240
838426454824206338
836876675988209664
838519678112780288
838454324837646336
838346689660485638
836839692607827968
836859008338231296
836067823583657984
838230995216248832
838231086782119936
836781683433172992
836883602998759425
838302500230991873
838264826971336704
838459970127560704
836809812272885760
836793759438417920
838305716146425856
838308647641964544
838239298038165505
836802824591794176
836073184466202624
836084862775869440
836788083978878976
838231610587742210
838238885113114630
838250055882637312
838340938573492224
838373846528880640
838510972490899461
838354309469224961
838381840025194496
838383024689541120
838479496210710529
836817638881898496
836799013315821572
836862142351572992
836869182419529728
836846806390681601
836846807904813057
838288293762478080
836865676287541249
836858670340259842
836842811265798144
838222341310136322
838468776718962688
838463269224464386
838397775863754753
838471145619849216
838471359088951297
838471689071706113
838416309499101184
838349640093347841
838386422012915712
838337209283465218
838484232800514058
838485440344764417
838496872285241347
838500033280507906
838501459188723712
838505167137951745
838512893691756545
838515966392807424
838517536316604417
838521418635702272
838532497814261761
838534162344706050
838538044202487809
836059889524862976
836786871434780673
838346611709243392
838417809050828800
838365996746342401
838383292848168961
836861296599523330
836080126928564225
838306189712699392
838417895063490561
838437246088937472
838491137715355648
836883497709146112
836086755598217217
836806752528125952
838367209491681281
838368120012173313
836817257430986755
836094875472920576
838259273025142784
838381080826740737
838434569661513728
836859488359571460
838252005919453184
838286801089540096
838354524578402304
838517227766808579
838384063195009025
838480190091186177
838393789899128833
836840871647666179
836875007229849600
838298226491023361
836793133039931392
836793134998827008
836793147892056066
836793149515304962
836793151654342657
836829379565072386
838477172658565121
836847622149267457
838361403006255105
838462257214414849
838340242214092801
838368085191045121
838381188364533760
838385076543049728
838420793348534272
838457672303267841
838355527239348224
838473253844836353
838413047311953920
836094076789354497
836829778116239362
836832210145718277
838244927972597760
838442746742468608
838376170190163969
838493531601719296
838469865526685699
838465142526521349
836845957824266240
838377419602001920
838379883340394496
838383760601202688
838384134691127297
838481894161461248
838335748009046016
838335815856046080
836084110611247105
836870502052397058
838310817208598528
838314742494081025
838253643476316160
836881355728437250
836885858603139074
836784971419262976
838313608316510208
836089235237187584
838325738956697600
838477918317617152
836884686991462400
838217337216053248
838279138586857472
838349991638880256
838442389232631812
838428489078321152
836855650663731201
838330123380088833
838283996471545856
838362231322484736
838282096154140673
838433367452344321
838489165977292801
836066681504022530
838309406827819008
838406783030845440
838268097429667840
838287853008216065
838287952828510209
838521726917046272
838488276071776256
838535398137589760
838310548202717185
838365879981256704
838222634999562240
838263395661070340
838311294289719296
838387338916999168
838323604664242176
838318697311764481
836787285945266176
836851795347517441
836747569506177025
838286265044828161
836860740262834179
836083035695009792
838261268267950080
836083754607251456
836829095950446592
838363959136772096
838246474290900993
838310654465339396
838493603009802241
838421836765409281
836803560444739585
836090960920600576
838265515730677760
838289507464200192
838243529164013569
836075051871055873
836075457145671681
838246396608319489
838278631851950080
838278782381395968
836852776751759365
836094608299847681
838303271580286978
836817242985803776
836822229702885376
838250932903239681
838320660048932865
838321490047139840
838324118755889152
838351213645066240
836079801710559232
836102667734761473
838269949072269312
838304259338809344
838317541768429569
838263781306216448
838258664599404544
836088998539886592
836790576288673798
836099000256319489
838271929236799489
838272617429798912
838460456050253824
836080307996618752
838460797688893440
836067482528010240
838449575677603842
838450156622196736
838444876547121155
838447632800428032
838451663325253632
838457868336705537
838468736478822400
838469725260763137
838266426280525826
838233775406465024
838358862537306112
838422912692551680
836793159363530752
836841883246739456
838315113522184193
836804737223782400
836815419067543552
836816414950424576
836848092834050048
838264059548078081
838266803503640576
838296611579117569
838334395907997696
838363402032533504
838371378260766720
838375779767570432
836095751033864194
838455616175812608
836841226116673536
838447845711687680
836057939953659904
838350479780347904
836867800576770048
838433889957920768
838386523166879750
838387965009211392
838385102929395712
838384878412578816
838387332126552064
838383723179565056
835986297835642884
838384175912730624
838384664993755141
836885416292777984
838342539581116416
836814527308185600
838243858110681088
838325513886171137
836817431280631809
836797202790039554
838246562895536128
838401536753451008
836075249602965504
836806842391093250
836818240030507009
836838858981531649
838424513515778049
838334747935830017
838324080134746113
838399584602886150
838365940303687681
838366139310825474
838391236490715136
838434933265870848
838237255156150272
838396762603798528
838268448715096064
838423046234873856
838259946462425088
838400916785098753
836855627108474880
838319862913064961
838354977038872576
838430039188254720
836094775379963904
838449108029440001
836886431427661824
836796945695981575
838469677869326338
836852370562756608
836846554069749760
838387971992797185
836868962528952320
836869715205160962
836870811537575939
838406810235252738
838410242400595974
838316259896799232
838334096875085824
838412752733552640
836852577975291904
838379510957473793
838379058081722368
838399267723173888
838490038631563265
838375960135233537
836799786116345856
838442827898109953
838443444104282112
836879232383004673
838292781168803840
836835240337375232
836802921471803395
838311839381475328
838366863579099136
838276720570486784
836852235334189056
838429768420831232
838313078663991296
838402468908318720
838455955629174784
838261105029951489
838260421484240897
838328215462641668
838441275321958400
836090701947547652
836810722709504000
838263627752820736
838491421682327552
838473637992656896
836018515303858176
838260542401875969
836876925813600257
838272656227123201
838495131196133376
836875611268329472
836867353304567809
836868914156036096
836876202631651328
838271332169166849
836086195037876225
838184461057605632
838465600053641216
838475742170267648
838482697370669059
838489876970553344
836866213972172800
838490917468311560
838490591088488452
838493801773740033
836824895543705602
836786879332691968
838464428882341890
836092788441759744
836077834045022208
836859335875657728
838356830933811202
838438420154314753
838473422938202112
838381132521492484
836077128055730176
838426846605754368
836091590825369600
836802705637183488
836832534835113984
838420698947338242
838435091655307264
838429707372793856
838431317708652545
838429232044851200
838485652194877441
838484994070827008
838496951943512068
836772058990182400
838452485014499328
838481327884288001
838473087205146624
838477152790151169
838477344230768640
838471117924876289
838471133863284738
838496953960906753
838459485593075712
838481498097520640
836097048344674305
836771527563575296
838417292551544832
836776061899677697
838397683735875584
836823454678646785
836819236890759168
838317594042064896
838318568873869312
838292740194594817
838407142243778560
836868464539234305
836800226879016963
838202925851754496
838441843427688449
838419096194666497
836047696985214976
836073327743598593
836056005121298432
838412055854088197
838470909522493441
838444538096140288
838507044793614336
836878611898585088
838328999285833728
838446627195142144
836859571117391872
838259179940765696
838404997419184128
838481788418740224
838477932959940608
838511759916945409
838478080591060992
838455942186422273
838323225310343169
838475612838821889
838471439233789955
838528957829922818
838330808477732864
838451711509426177
838355840415444996
838355865287655426
838469825437515781
838470447788326912
838469642461057024
838467822141464576
838467245143703554
838440552009912321
838440454601388033
836816981038940165
836816829431562241
838469190025678848
838292888186413057
838321575518683136
838321633177763841
838321699850444801
838321734554091520
838321764245590016
838321790774575104
838321815818813440
838321842549051392
838321868784418816
838321923432067074
838322018487578624
838322044483813376
838322072816398336
838322098934333440
838322156501094401
838322180194725888
838322267897606144
838322366673465344
838491172192534528
838491465768648704
838491496068366336
838491522978959360
838320543287889920
838320574573252608
838320604487041024
838320641724022784
838320671549685760
838320707952078848
838320738281078784
838322419181965313
838492584548925441
838492659828289536
838492688492158977
838492719475486720
838492791256846336
838492827575275522
838492937231159297
838491575919456256
838491677232939013
838491738394230784
838491769759227904
838491840647147522
838491902286643201
838492009174294529
838492141701718016
838322454460235776
838320828118937601
838320862474416128
838320901812793345
838320928647970817
838320974877556740
838321006032875520
838321049683046400
838321079064084480
838321109938368512
838321139336228864
838321177412124673
838321221343277056
838320796091154432
838321263147958272
838486523905523716
838531943327219713
838458471351738368
835987001811795968
836851717945819137
836853724865773569
836087390129254400
838446653782831104
836091251044798465
838506749338533888
836091990047617026
838496764806168576
838511848014114816
838403791187652610
838418669071802368
836868395794640896
836085305748836352
836071981858574336
838380422165835776
836049635361845249
836795686213517314
836834018612117505
838228313348915200
838452922505572352
838398549557723136
838418956595560449
836869314745618435
836739288943509506
838331655815221248
838339551579926530
838364746952814592
838463559038296066
838390718628405248
836869167185805312
836869649144872962
836870053219954688
836876721303531520
836877682897989632
838395949487554562
838259969485058048
838372840391000064
836077955956670466
838282966958804993
838280770099765249
836831100957822976
836887110393217024
838329801265971200
838437238304223232
838339293722529796
838352984316633089
836085403614593025
838279612794753025
836092984567291907
838265971483693056
838466783938031617
836880848364404736
838251560530497537
836880454749990912
836881021480095746
838363862839648256
838353471975878656
838321987487346689
836842651773251585
838405186510938112
838478447387226114
836077986394693632
838353427046543360
838239257512796160
838421847041523713
836829158332379137
838471033619349504
838334727757025280
838414926616080389
836802704097832962
838297116468523010
836068834767351811
838263171282513921
838479391957086208
836832619568451585
838286537334931456
838292448271077376
836809214462951426
838283268936073217
838340690836865025
838250875609038848
836833479048511488
836866624745525249
838471175051296768
838260737394909184
836093214335475712
838308483745345536
836090004451405824
838509747598987264
838390692284141568
836805461869543426
838490758185369601
838284732760719361
838280913637122048
838332772083204097
838243715265224704
838252634909835264
838263846833799168
836079896023588864
836814500619829249
838308205872599040
838303949295923200
838332729834016773
838259025825390592
836063482957045761
836822309285548032
838304787829510144
838321934530035712
838525709018611713
836843530198925314
836789332115517440
838476337337741312
838348020810919936
838482779490897920
838348774774812672
838481112825487360
838483675830419456
838484297535352833
838476228088713216
838473250963324929
838535830654369793
838481340345503746
838484173883068417
838538002255183876
838348936096120832
838482851322560512
836806392497463296
838468244780515329
836099956117229569
836796875592380416
836831740538781696
838236711033384960
838244807508111360
838249726986301440
838267927363207168
838293575347630080
838296250566983680
838296519795224577
838317614589968384
838319000413175809
838330912085590016
838387057550635013
838293441133977600
838437459419676673
838480357993349120
836078890883907586
836087780304388098
838339271027273728
838294052936130560
838231574852165632
838467493857542144
838537677834227713
836073325617115138
838461219837259776
838246738695716865
838441950307041280
838475533906231301
838461724739002368
838485980483043328
835993915765440513
838403189451939840
838456317270360064
838438352525410305
836758286494023680
838454211364913152
838467427386208256
838460511998050304
838454339224154114
838261982977388545
838260395353735168
836848077948534784
838329450349604864
838378142137987072
838268986718621706
838299242875670529
836800684288786433
836100174904582144
838472204874571776
838277489839333377
838232974738915329
838281260803878912
836092922596626433
836817611728044034
836732975077195777
838294436601708546
836860408967352321
836064199600193537
836071372061298688
836075323607429120
836079264806092800
836079942559547393
836079979049938949
836082345677582338
836094014411661313
836101324253061120
836793965189922818
836799186523860993
836802671751348224
836805979459190788
836834491230523392
836846643941101572
838248302596456448
838257691801833472
838257953299968001
838267296292405248
838270161346052097
836066077377323008
838471047808712707
836067394585935872
838487534506237955
836083008356524032
836099570811695104
836819644132503554
838226075859628033
838288695522377728
838257411878170625
836856093863198720
838311945363206144
836836117223731200
838472585436409858
838388330668650497
838470700059013120
838317697104494592
836801734630604803
838254027657859072
838265183747338241
838248594113060864
836081281704280067
838404935746203648
838478294236418049
838261630974713856
836853771795857409
838297499035033600
836855069710626820
838381258119995392
836070323627954176
836074637566033920
836077525755383812
836103822158225408
838256108213006336
838344655372681216
838243772022452224
836832548336644096
838460910498902017
836080348744269825
838261822394368000
838469109356584960
838268285418340352
836821763296215041
836073725065850880
836085073497698304
836817635723591681
836835159953584128
836837319999164419
836876876824129539
838264165269716993
838298355969187841
838346969395396608
838285238342057984
838375298227789825
838514821251252224
838475009991520259
838471113252421632
838441822477242369
838439362563993600
838335485688737792
838261593498537984
838256620580782080
838266558258507776
838274570591301632
838456847191408641
838326665998548992
838307652291739648
838333255359197184
838320510958088195
838249373800644608
836844339183632384
838507515939860480
838196550220161024
836027485393408000
836046567152971776
836087858813370368
836089506356940801
838274654540283904
838312134350106624
838378288531779584
838381839224033280
838425953055408129
838445617890340865
838449814354423808
838461820314738689
838472199321370625
838527790924312576
838335972597182464
836074620667199488
838459350486290434
838492994508476416
836030394461925377
836847337607684098
836088841417207808
836780307097452555
838226693722685440
838387986865786880
838462274864021504
836068926324813824
838329590200348672
838370358512189441
836853897826283523
838456544480092160
836099089997643776
838341059222593537
838482841658875904
838518921531691011
838482798151417856
838500082446016512
836805913407328256
836854865083117568
836803971784261632
836807337876799489
838445961584259075
838460581619380225
838493277322108928
836857096167645184
836832294522474497
836823224088416257
838265191582281729
836088965572800514
836089192648179713
838475276032086018
836103178030575616
836851272233992192
836844911769108481
836783612368408576
836794005421703168
838271068083118082
838271208332242945
838272137253134337
838273229668024320
838273753574334465
838275414531403776
838277839422025728
838279064431419392
838279176838762496
838279627265073152
838279787198046209
838279951585464320
838280232419262464
838280387746922496
838345908802605056
838346568348512256
838455426660323328
838476259973873664
838476411253968896
838476481739309058
838476987366801409
838477925599031296
838448296624435200
838473865982521350
838513786185269249
838509599888183296
838501741511458816
838417251573325829
835999944947425282
836865197130280961
838469408066433024
838274897663016961
838392477602172928
836733230212595712
835986074275102720
838409837964849154
838436054180966400
838433676358725632
838482131466649601
836823089652633600
838249671524937728
838449904867397633
838460053514555394
836060559560716289
838363652621217793
838375794887946240
838328883954995200
838527611475214336
838528186522685440
838397836056227842
838398086552694784
838269167870570496
838398227816800256
838409663561498626
838484498127912964
838422823915950080
838422872058183680
838258658093977600
838507296237977601
838280574607425536
838251633091960836
838259161674756096
838270708312600576
838282038897684480
838428297742729216
838431228902715396
838478697841721349
838430061057425410
838436583355346945
838258982770860032
836786552156139521
836801580565467137
836034103849938945
838411560582164480
838474690360401924
838473302536568832
838474207566655488
838474493727227904
838474358653878273
838474867162873865
838474974923014144
838474575264514052
838505954593361920
836829509634637825
836859653543837697
836860633534590976
836864679251148801
836079709230358529
836800093953097730
838413158956089345
838438627340345351
838465439625793537
838467854706049024
838468156129689602
836833035257581568
836832345751752706
836082497574203392
838328862081593345
836831685727698944
836851422306177025
836759171903143936
838253883730374660
838472451222798337
838481898301161474
838482369560604674
838312551557574656
836100640946421761
836100760152784896
838413644064935937
838416083027701760
838426111281287168
836071810412118016
838493491193839616
838475262476103681
838356488687058945
836805665196806144
838452593730940928
838443736849874945
836086276751249408
838484971593601024
836078409512009729
838445865027108872
838445868026036224
838229944031293440
836884667391479810
838470555078651904
838470753494380548
838470831089061889
838471161923141632
838471551070715905
838339117406650368
838471918592352256
838469008504541184
838418552646402050
838457016284762114
838459387274485762
838494564122050560
836820493986631680
838538982753435649
838542227513180160
838412860564856833
836100225123037187
835987226135666688
838226145438883840
838226854053990400
838385807161360384
838398921806344193
838523449345728512
836856332284198914
838523507143237632
836884679332614144
838347100664573952
838426697380823040
838349597969793024
838338190356299776
838285388896681984
838286093791408129
838293672844132352
838263375444373504
836823706135576577
838279500681121792
838365594546102272
838284201698988033
838491686158413825
838471932139950080
838277181134548992
838336389083185152
838503915394056193
838504244634390529
838505299841544193
838260285253251076
838323460275388416
836054582232920064
838381090863788033
836060872434991104
836062511111802880
836799792269430785
838447000668471296
836757764366020609
838339212294287361
838332065292525569
838440253669126144
836015300348796928
838386531211464704
836076697376038912
836054078908071936
836051538854342656
836809303847747584
836843222731272193
836844111936307200
836844730524774401
836803009497661441
836802933375315968
836845301067579392
836802826064052225
836844596256718849
836813633669705728
836749661511655429
838400678632415233
838474984683102208
836846501473177600
836856307206483968
836882627135172609
838474446990094337
838446005741846528
836846653940330496
836801484738134016
836854561876946944
838538241708019717
836055085654298624
838454206797393920
836847835752632320
838422342594248704
838425193047445506
836022316370800640
836033723673948161
836046580121653248
836064346241286144
836067433395806208
836089887501623296
836103236541001729
836761154340847616
836769148717817862
836798446451425280
836822570125115392
836844120383578112
836852075921293314
836855732846886913
836868532973469697
838198629886210048
838202957346676736
838223773379637250
838275570379063296
838284228378796033
838302997130063872
838309093580259329
838312043811856385
838402627469651968
838407558121451520
838434085609463808
838437399218696193
838438682512125952
838459460683083776
838503778466738176
838521591805812736
836796455893479424
836101849727934464
838365399406247938
838396378292211712
838333076111568897
836855363232284672
836869883916873729
836015490120110080
836076864015781888
836099419938250752
838218259665158144
836022328186159104
836761078465900545
836767934210957314
838248349736161282
838251971387654144
838269681383288832
838310182211891200
838479584165150720
838483028896669696
838501235346939904
838517406225981441
838542802065612800
838491792697884672
838491737282789379
838258181772029952
838323198475309057
838372141795926018
836754590955524096
836099560954974208
838287076495880192
838382472127729668
838462995915235333
836072843725066242
838255306106789889
838346697071722499
836732669924896768
836797290119581697
836871614352482305
838400361366839296
836868617790767104
838274960674058241
838420620933128193
838331689520738307
838474463096279040
836845887343185921
838188906583486465
838450894404362240
838361790203351040
838397448544387072
838364520418586631
838359427921154048
838318675841200129
838337656350195712
836084035524902912
836839117497446400
836839164071018496
838206129922519040
836062330567950338
836066416969277442
836079793040863232
836092810759716864
836739829610209280
836850244524654593
838403158531518464
836085902837415937
838339250789699584
838340934773456896
838340028451405826
838343778557636609
838341104579801089
838343409593110529
838458468235370500
838341728176320512
838342226409316353
838380635144192005
838360943247704065
838339986407596035
838356370999037953
836867376373190659
838344621268828161
838344954367852544
838345803345375232
838406615078428674
838434071994720260
838251569892233216
838403202647195648
838270606747512834
836829436142108672
838474207658930177
836862726173503488
838456689640644608
838287077712224256
838347182109503488
838283450973110272
838453392087334913
838440011716571136
838342285721022465
838376647141249024
838272107704430594
836095977413095424
838486055489765376
836803535895425024
838344394008850433
838326779391672320
838430963709403136
838287923485237248
838242160776474624
836878918946811904
838433413946302464
836064332601524225
836015317373444096
838456473843822594
836887616444301313
838297974811697153
838244767557382145
838252152199901190
836826759626620928
838417793829720065
838418803281256449
838459870521266176
838409558720663553
838454182382219264
838399344852205568
836815174615052288
838436244640014336
836829888275496960
836843562050412545
836852659218964480
838290886857490433
836017358829387776
836020807008677891
836853872769531906
838332321371668481
838321139508252672
838311403555590144
838312437484945408
838474886251167744
836846057355100160
838322573830127619
838452883666386946
838317509845594113
838348235764723713
838296529085542400
838337697580265473
836881203915591681
836103824628723712
836081611707822080
838458641023909888
836774035467927552
836734966352457729
836741841416511488
836094259124191233
838368996298743808
838439757122170881
838438220958425088
836059600461819905
838433780612403201
838518989970104320
838396848146694145
838513355560189954
836823593443078150
838397803286016000
836802751669612545
838271894579105793
838332357190930432
838402564504727552
836006073211330560
838470870699945984
838506381627908096
838531548496314368
836821302094725125
838214506740248576
835985716349915136
835988029332422656
835989634400276480
835991676149624833
835992416834420737
835994018412650497
835994112809660416
835996742697037826
835998440123469825
835999848407121920
836000418413031425
836000495965700097
836000836597792768
836000888410025984
836000905203953666
836001283039449088
836001325133541378
836001651458785283
836002475459153920
836003122015240193
836004855932203009
836006920276303872
836009131412766721
836009434182746112
836011843298738176
836012333340233732
836012718863831040
836015058530545664
836024679399829505
836028985662455809
836029243717009409
836030120985038848
836043498751209472
836053905331077120
836058190588555265
836061241974140928
836062399673339906
836062826867351556
836063028248465409
836063069272952832
836063257387499520
836071965274288128
836072886377017347
836073345930178561
836073658531655681
836074133721055232
836075075141054466
836075681389883393
836075702361419777
836076196286840833
836076535811616770
836077083562475520
836077431261917184
836079126733852672
836080632145006592
836081796643237888
836081857129299971
836082142346153985
836084223492644864
836092495046066176
836092624121524224
836095047967866880
836098411539607552
836102570997387264
836102983284842496
836732244245024768
836732316164706308
836732787042500609
836734385286234112
836743046809206792
836743197393027073
836743476184252416
836743919140495360
836747933169111041
836749171323383808
836749194681597952
836749270569082880
836749505823297536
836750202098839553
836750753033256960
836751525737349121
836754011986472960
836754608542347266
836755018250354688
836755307728625664
836755343900303360
836755632220942337
836757122675261442
836757352045035520
836757448966963200
836758057715707904
836758363128086528
836767449467011076
836767478265032704
836771580931895296
836771858561261568
836777727575347202
836777771904942081
836779183435051008
836782044969566208
836783397435551744
836783944037199874
836784590723371008
836786635010367489
836789496142258176
836790560815972353
836790738025316352
836791003948417024
836791598008659968
836792492985102338
836794053966577664
836794338608840704
836797071940325377
836797478875836416
836798332173418496
836799152247930880
836803236266926081
836807320889864194
836807567561080833
836807834109095936
836808233125834752
836808558146633730
836812357229817857
836812446023188481
836812534934040578
836814001396920322
836814303495880705
836817090329907202
836817443305701376
836817478311362562
836819192980586499
836819780933943297
836824732955774978
836825563725717504
836828118581145600
836829259230547968
836832305905807360
836833801368137728
836836645437571074
836837038817230848
836839634894225408
836843506081665024
836844074166599680
836844781108137984
836854869378072577
836855260664692737
836858771318132737
836859332675440640
836866075082047492
836866469896007680
836868807016710145
836873811567968258
836874534330511360
836877782751854594
836879406870237184
836880092320137217
836880178424991745
836880328216219648
836880630642278401
836882193637126144
838184708982865920
838185338870853632
838195466667962373
838197636779937793
838198379373072384
838200560964755456
838204930385145861
838206469904400384
838208208053338117
838221126643945473
838221798290427904
838229689512652800
838233428281655296
838236519441842176
838236975333269504
838237459276263424
838238101013164032
838241439498788865
838242104749015040
838242282625191936
838243072643383302
838243761750749184
838244420893945857
838245052677767168
838245416953053184
838245697740746753
838246021343891457
838246070329159680
838246179653697536
838247075439599616
838247158746853376
838247600675520512
838248781116293120
838252148525776896
838253549335298048
838255653638586368
838258482625327104
838258625185472512
838258944753676288
838259521478877185
838260651810308096
838261091469774848
838263800839225344
838266689607335936
838268677279596544
838270026994024448
838272780235857921
838273654760833024
838273881454542848
838275262852788224
838275366590550016
838275591514251264
838275909354422274
838280032271417344
838280202308497408
838280345447460864
838280441354469376
838280485537202176
838280530252681216
838280653485535232
838280871710961664
838280905529704448
838281097523970048
838281279221137408
838281392098275328
838282321354768385
838285751481663488
838290928741801985
838293284506251264
838294035802521600
838297467045228545
838298618503249922
838300516862025728
838301989364772864
838306651329474560
838307855522488325
838308302069051393
838317064003678208
838317361123971072
838319730750447618
838319794373943297
838321920324026369
838322010975531008
838322028398723072
838322130190221312
838323115033784320
838323873191964673
838325997850226688
838326098299609088
838326439770476544
838332430381625345
838334007825870850
838335161251074048
838335719034716160
838336725042794496
838337047752491008
838341015350231040
838345390890106880
838345683274973185
838346396730273792
838349687698644992
838350031803535363
838350951102701572
838351823111086080
838352799113052160
838353180622745601
838356042178310145
838356892263002112
838356965252345856
838357037138522112
838357116469592064
838357120751972353
838357262292897796
838357333797392384
838357406178496512
838357476504449025
838357576383401985
838357585585659907
838360984867717120
838361258357321729
838361527124168705
838361657546059776
838362996976013312
838364674861203456
838364839596654593
838365198629146624
838365230656782337
838365673692803073
838366817164869632
838367551428182016
838367738473099264
838367930379300865
838370050641899520
838370823740211200
838371445080227845
838372332301332480
838372626615664640
838372717351030785
838373825565888513
838379015060729856
838379525025181696
838382389978099713
838383738530709505
838384341004713985
838385377287122944
838387398287503361
838388062996561920
838388290004877316
838388710311870464
838392651372191744
838393092243865600
838395328072200192
838396269613703168
838397022185140224
838397676488122368
838397869044428801
838398861257375744
838400412021579776
838400651222724608
838400848841609218
838401022041128961
838403372759777282
838403904790487040
838403964639068168
838404271699865601
838404363466981377
838406939268812800
838407169108234240
838411028824195072
838415552045596672
838417272574201857
838418454394900480
838418577342480385
838418948370620416
838419975446675460
838420012469739520
838421514777149441
838421801277456384
838422563797798914
838422572953915392
838422988374618112
838422999292395521
838423822399320065
838424811206553604
838425650797117445
838426420246360065
838427266333847552
838428420707086337
838431664514662402
838432613824090114
838434601517400064
838434637278035969
838435335474397184
838435471910912000
838436383798738944
838436524123381760
838436852281507840
838436928408125441
838436961920643073
838437063385092098
838437988103307264
838438113047347204
838438192445554692
838438595102916614
838438636517486592
838439253185015808
838439653485260800
838439739527213061
838439859622723584
838440182974148608
838440231204442114
838440289526296577
838440373823340544
838440426088632321
838440472146227201
838440515569926144
838440573484871680
838440619588608000
838440704586153989
838440802883932160
838441040776466434
838441060091179011
838441090466336771
838441439696728065
838441454443855872
838441881168187393
838441896888381440
838442170545815553
838443016385888257
838443052519796736
838443339322179584
838444068145414149
838444625069289472
838445207502925825
838445591684317186
838446908238610436
838447136404615169
838447386812887040
838447537140953088
838447717491834880
838448559989088261
838448645477445632
838448791900536832
838448920225284096
838449141978120194
838449249268424704
838449370437668864
838449489673355265
838449615766716416
838449777180299265
838451658149494785
838451732199981057
838451896868302849
838451901628833792
838452039696990209
838452861310758912
838453490519326720
838454037355851776
838454516341174272
838454602634780672
838454614596935681
838454920672071684
838455071608303617
838455146942181377
838455473905025024
838455627827527685
838456289445490689
838456752668569601
838456759454941184
838457326814265345
838457466346160128
838457566405472262
838457801693409280
838459285113815041
838460438245486592
838460478099701760
838460526728523776
838460527760277504
838460703946256385
838460875044491265
838460963623997440
838461052903903235
838461237176463361
838461875222380546
838462130907144194
838462455932153857
838463291722764294
838464094487396352
838465244657815552
838466211176394753
838466808218791936
838467081309925379
838467096874999809
838467125761171456
838467137299677185
838467228458704896
838467261287526402
838467289284493312
838467297790541829
838467318619455490
838467365880881152
838467458746966017
838467552640700418
838467622027018240
838467665152864256
838467840122454016
838467862662610946
838467871357419520
838467879951556609
838468010906091521
838468168758751234
838468223225978880
838468392692645889
838468984911642628
838469013428703233
838469058643259393
838469156446031872
838469367373365248
838469809000050688
838469833012441088
838469860984295426
838470268704141313
838470287721185280
838470306532638720
838470418021376002
838470590772174848
838470672821194752
838470713589792768
838470769776680960
838470797228404737
838470809370902528
838470884440571904
838471058994966529
838471075772133380
838471106503786497
838471120735113216
838471238393675779
838471685040930817
838472236105416705
838472292497768448
838473486637092864
838474261270519809
838474336465977345
838474369194151936
838474516770795520
838474652326457344
838474814771900416
838477397515243520
838478737972817920
838479077296246785
838479329797554177
838479586123988993
838479605421998082
838479864239910913
838480516944920577
838482333330194432
838483172216156166
838483368929001475
838483857351540737
838484141578534912
838484165955837952
838484482923638785
838484636388982785
838485896949284865
838486058853675008
838486380334493697
838486511637114880
838486749638758400
838486834929860608
838490345738493956
838490550768656384
838492377652281344
838493068533895169
838494932864286721
838498813589524481
838499049904930817
838499231908364293
838501664860553216
838504320857407489
838504683304071168
838506036944384001
838506885837901830
838507232673296385
838507847398866944
838508026780872705
838511397692661760
838511509168918530
838511662541991937
838512382271946754
838513629788049408
838513859539382272
838515317806596098
838516925772754944
838518324216614912
838529068526075904
838531664577982464
838532482219790337
838533866436571138
838534908284977153
838535545206812674
838535819350667265
838536193595871232
838538041081937920
838539266355527680
838540950880272386
836062746974306304
836062852767186949
836005958795034624
838467171672010752
838469895809544197
838470518101663744
838470690932129792
838470748587061248
838472002780413954
838472363629035521
838472364706971648
838473703843319808
838477302329708545
838477897044275200
838482074432651265
838486668369887235
838486759294054403
838515280036970497
838518514671628288
838274117170262017
838340285780353024
838381208157442049
838386111902810112
838386668960956416
838408906330243078
838424368258629635
838433176326389761
838438065974755328
838439063195648006
838439533708464128
838455793494142976
838456272164880385
838457120022482944
838467179909693441
838467768475348993
838468790283350016
838469112791773184
838469773549842432
838478771669856257
838481358242648064
838481969499553794
838484025698287617
838499456324624385
838507358137503745
838510723173068800
838511718057840640
838512429193703424
838512868270227460
838514497224654849
838516814887936000
838519080097300481
838519471161606144
836056144825237505
836094985409859584
838314999370117120
838405436827107330
838284938009014272
835986640657084417
835987234083995653
835987682107015169
835988078258974720
835988524696539136
835989435196014592
835989850507644928
835990058373103616
835990145014894594
835990739779735552
835991082500501504
835991200326955008
835993169552605184
835993269851078657
835993899302858759
835994896263688193
836013155847450625
836013827967840260
836022630268428288
836023332361420803
836024575678902272
836046458684063744
836046790608760832
836047500670877696
836063448593285122
836074967720656900
836075313465602049
836077340530720768
836078713548771329
836085010176356352
836091663231647753
836785851698933760
836786015180361729
836792762750091265
836799362814656514
836804705154138114
836816378439020545
836817981837565952
836819879449747458
836827688606261249
836832125546610688
836835235480416258
836839778150645761
836840312865697794
836857679721160708
836863148808355844
836874210098184192
838230127725146112
838231383663390720
838233970626203649
838255170974801920
838256150638387200
838256219517251584
838258015706968066
838258259358253058
838258928744030209
838259877944377344
838322247764967424
838332352157921280
838332359317520385
838332600540364800
838336060228833280
838338692867579904
838341700082941953
838345260824686592
838349048713199616
838353278157062144
838360463083724801
838363756526718976
838367130093506560
838371409424437248
838383511518261249
838386065811570688
838387772503257088
