svm_type c_svc
kernel_type linear
nr_class 3
total_sv 1524
rho 0.9997506867135051 0.9998076529253279 -0.999547859710173
label 2 0 1
nr_sv 414 578 532
SV
1.0 1.0 
1.0 1.0 
1.0 1.0 
1.0 1.0 
1.0 1.0 
1.0 1.0 
1.0 1.0 
1.0 1.0 
1.0 1.0 
1.0 1.0 
1.0 1.0 
1.0 1.0 
1.0 1.0 
0.0 0.3335091089984864 27:1.0 101:1.0 105:1.0 
1.0 1.0 84:1.0 
1.0 1.0 
1.0 1.0 
1.0 1.0 
1.0 1.0 
1.0 1.0 
1.0 1.0 18:1.0 
1.0 1.0 
1.0 1.0 
1.0 1.0 
1.0 1.0 
1.0 1.0 
1.0 1.0 
1.0 1.0 
1.0 1.0 
1.0 1.0 
1.0 1.0 
1.0 1.0 
1.0 1.0 
1.0 1.0 
1.0 1.0 
1.0 1.0 
1.0 1.0 
1.0 1.0 
1.0 1.0 4:1.0 
1.0 1.0 
0.07392364522618293 0.0 45:1.0 58:1.0 104:1.0 116:1.0 126:1.0 128:1.0 
1.0 1.0 
1.0 1.0 
1.0 1.0 
1.0 1.0 
1.0 1.0 
1.0 1.0 
1.0 1.0 
1.0 1.0 
1.0 1.0 
1.0 1.0 61:1.0 
1.0 1.0 
1.0 1.0 
1.0 1.0 
1.0 1.0 32:1.0 
1.0 1.0 
1.0 1.0 
1.0 1.0 
1.0 1.0 81:1.0 
1.0 1.0 
1.0 1.0 
1.0 1.0 
1.0 1.0 
0.0 1.0 72:1.0 
1.0 1.0 8:1.0 
1.0 1.0 86:1.0 
1.0 1.0 
1.0 1.0 
0.0 0.10004149725030839 20:1.0 45:1.0 58:1.0 92:1.0 104:1.0 124:1.0 125:1.0 126:1.0 128:1.0 
0.4628550405096187 0.0 6:1.0 116:1.0 
1.0 1.0 
1.0 1.0 
1.0 1.0 
1.0 1.0 6:1.0 
1.0 1.0 
1.0 1.0 3:1.0 
1.0 1.0 
1.0 1.0 
1.0 1.0 
1.0 1.0 
1.0 1.0 
1.0 1.0 
1.0 1.0 
1.0 1.0 
1.0 1.0 
1.0 1.0 
1.0 1.0 
1.0 1.0 
1.0 1.0 110:1.0 
0.2680230691133208 1.0 20:1.0 45:1.0 58:1.0 92:1.0 104:1.0 124:1.0 125:1.0 126:1.0 128:1.0 
1.0 1.0 
1.0 1.0 110:1.0 
1.0 1.0 
1.0 1.0 
0.19140531316522646 1.0 4:1.0 91:1.0 
1.0 1.0 
1.0 1.0 
1.0 1.0 
1.0 1.0 
1.0 1.0 
1.0 1.0 72:1.0 
1.0 1.0 
1.0 1.0 
1.0 1.0 
1.0 1.0 81:1.0 
1.0 1.0 
1.0 1.0 
1.0 1.0 
1.0 1.0 
1.0 1.0 
1.0 1.0 
1.0 1.0 
1.0 1.0 35:1.0 
1.0 1.0 58:1.0 
1.0 1.0 
1.0 1.0 
1.0 1.0 
1.0 1.0 
1.0 1.0 116:1.0 
1.0 1.0 
1.0 1.0 
1.0 1.0 
0.5984916599730934 0.9995494414157979 52:1.0 
1.0 1.0 
1.0 1.0 
1.0 1.0 
1.0 1.0 
1.0 1.0 
1.0 1.0 
1.0 1.0 
1.0 1.0 
1.0 1.0 
1.0 1.0 
1.0 1.0 
1.0 1.0 
1.0 1.0 
1.0 1.0 
1.0 1.0 
1.0 1.0 
1.0 1.0 
1.0 1.0 85:1.0 
1.0 1.0 
1.0 1.0 
1.0 1.0 
1.0 1.0 
1.0 1.0 
1.0 1.0 
1.0 1.0 
1.0 1.0 
1.0 1.0 
1.0 1.0 
0.0 1.0 101:1.0 
1.0 1.0 
1.0 1.0 
1.0 1.0 
1.0 1.0 
1.0 1.0 1:1.0 
1.0 1.0 77:1.0 
1.0 1.0 1:1.0 53:1.0 
1.0 1.0 54:1.0 
1.0 1.0 
1.0 1.0 6:1.0 
1.0 1.0 
1.0 1.0 
0.0 0.6665924784179484 15:1.0 67:1.0 
1.0 1.0 107:1.0 
1.0 1.0 54:1.0 
1.0 1.0 29:1.0 77:1.0 
1.0 1.0 
1.0 1.0 
1.0 1.0 47:1.0 
1.0 1.0 
1.0 1.0 108:1.0 
1.0 1.0 18:1.0 
1.0 1.0 
1.0 1.0 
1.0 1.0 
1.0 1.0 
1.0 1.0 25:1.0 
1.0 1.0 
1.0 1.0 
1.0 1.0 
1.0 1.0 
1.0 0.20007411623567073 13:1.0 45:1.0 104:1.0 128:1.0 
1.0 1.0 
1.0 1.0 
1.0 1.0 
1.0 1.0 
1.0 1.0 
1.0 1.0 
1.0 1.0 
1.0 1.0 
1.0 1.0 
1.0 1.0 37:1.0 
1.0 1.0 
1.0 1.0 
1.0 1.0 
1.0 1.0 
1.0 1.0 13:1.0 
1.0 1.0 
1.0 1.0 
1.0 1.0 
1.0 1.0 
1.0 1.0 
1.0 1.0 
1.0 1.0 
1.0 1.0 
0.0 1.0 101:1.0 
1.0 1.0 105:1.0 
1.0 1.0 
1.0 1.0 45:1.0 
1.0 1.0 
1.0 1.0 72:1.0 
1.0 1.0 
1.0 1.0 
1.0 1.0 
1.0 1.0 
1.0 1.0 13:1.0 
1.0 1.0 
1.0 1.0 
1.0 1.0 61:1.0 
1.0 1.0 
1.0 1.0 
1.0 1.0 67:1.0 
1.0 1.0 
1.0 1.0 48:1.0 
1.0 1.0 
1.0 1.0 
1.0 0.9999084691692792 82:1.0 121:1.0 
1.0 1.0 
1.0 1.0 
1.0 1.0 37:1.0 
1.0 1.0 8:1.0 
1.0 1.0 
1.0 0.0 58:1.0 91:1.0 92:1.0 120:1.0 124:1.0 
1.0 1.0 
1.0 1.0 
0.42489873808227824 0.0 4:1.0 58:1.0 120:1.0 
1.0 1.0 43:1.0 48:1.0 
1.0 1.0 
1.0 1.0 
1.0 1.0 
1.0 1.0 45:1.0 
1.0 1.0 
1.0 1.0 43:1.0 
1.0 1.0 103:1.0 
1.0 1.0 
1.0 1.0 
1.0 1.0 
1.0 1.0 
1.0 1.0 
1.0 1.0 77:1.0 
1.0 1.0 
1.0 1.0 
1.0 1.0 
1.0 1.0 
1.0 1.0 
1.0 1.0 
1.0 1.0 
1.0 1.0 91:1.0 
1.0 1.0 
1.0 1.0 
1.0 1.0 64:1.0 
1.0 1.0 
1.0 1.0 
1.0 1.0 
1.0 1.0 
1.0 1.0 35:1.0 
1.0 1.0 
1.0 1.0 
1.0 1.0 17:1.0 
1.0 1.0 17:1.0 
1.0 1.0 
1.0 1.0 
1.0 1.0 
1.0 1.0 
1.0 1.0 
1.0 1.0 
1.0 1.0 
1.0 1.0 103:1.0 
1.0 1.0 
1.0 1.0 
1.0 1.0 
1.0 1.0 
0.4007533868646816 1.3374846138035812E-4 52:1.0 102:1.0 
1.0 1.0 
1.0 1.0 
1.0 1.0 
1.0 1.0 
1.0 1.0 
1.0 1.0 
1.0 1.0 108:1.0 
1.0 1.0 103:1.0 
1.0 1.0 
1.0 1.0 
1.0 1.0 101:1.0 
1.0 1.0 
1.0 1.0 
1.0 1.0 
1.0 1.0 
1.0 1.0 
1.0 0.33308793480889204 81:1.0 105:1.0 
1.0 1.0 
1.0 1.0 
1.0 1.0 
1.0 1.0 
1.0 1.0 
1.0 1.0 
1.0 1.0 
1.0 1.0 
1.0 1.0 
1.0 1.0 
1.0 1.0 
1.0 1.0 61:1.0 
1.0 1.0 
1.0 1.0 
1.0 1.0 52:1.0 
1.0 1.0 100:1.0 
1.0 1.0 
1.0 1.0 
1.0 1.0 
1.0 1.0 
1.0 1.0 
1.0 1.0 
1.0 1.0 
1.0 1.0 
1.0 1.0 10:1.0 
1.0 1.0 
1.0 1.0 107:1.0 
1.0 1.0 
1.0 1.0 
1.0 1.0 
1.0 1.0 
1.0 1.0 
1.0 1.0 
1.0 1.0 101:1.0 
1.0 1.0 
1.0 1.0 
1.0 1.0 
1.0 1.0 
1.0 1.0 
1.0 1.0 
1.0 1.0 
1.0 1.0 
1.0 1.0 
1.0 1.0 
1.0 1.0 
1.0 1.0 
1.0 1.0 
1.0 1.0 
1.0 1.0 
1.0 1.0 
1.0 1.0 
1.0 1.0 
1.0 1.0 
1.0 1.0 
1.0 1.0 
1.0 1.0 
1.0 1.0 
1.0 1.0 
1.0 1.0 
1.0 1.0 
1.0 1.0 
1.0 1.0 
1.0 1.0 25:1.0 
1.0 1.0 
1.0 1.0 
1.0 1.0 
1.0 1.0 
1.0 1.0 
1.0 1.0 
1.0 1.0 
1.0 1.0 
1.0 0.6666976957426136 15:1.0 62:1.0 
1.0 1.0 
1.0 1.0 
1.0 1.0 
1.0 1.0 
1.0 1.0 
1.0 1.0 
1.0 1.0 
1.0 1.0 
1.0 1.0 
1.0 1.0 
1.0 1.0 
1.0 1.0 
1.0 1.0 
1.0 1.0 
1.0 1.0 
1.0 1.0 
1.0 1.0 62:1.0 
1.0 1.0 
1.0 1.0 
1.0 1.0 
1.0 1.0 
1.0 1.0 
1.0 1.0 
1.0 1.0 89:1.0 
1.0 1.0 
0.0 1.0 15:1.0 67:1.0 
1.0 1.0 
1.0 1.0 
1.0 1.0 
1.0 1.0 
1.0 1.0 74:1.0 
1.0 1.0 
1.0 1.0 
1.0 1.0 
1.0 1.0 
1.0 1.0 
1.0 1.0 
1.0 1.0 
1.0 1.0 
1.0 1.0 
-0.0 1.0 47:1.0 
-0.0 1.0 86:1.0 
-0.0 0.00558700840260451 80:1.0 113:1.0 
-0.0 1.0 3:1.0 
-0.0 1.0 109:1.0 
-0.0 1.0 55:1.0 
-0.0 1.0 47:1.0 60:1.0 
-0.0 0.9958675635456227 71:1.0 
-0.0 0.9999999999999999 20:1.0 41:1.0 45:1.0 125:1.0 
-1.0 0.0 107:1.0 
-1.0 0.0 35:1.0 
-0.0 1.0 9:1.0 
-1.0 0.0 53:1.0 58:1.0 91:1.0 120:1.0 
-0.0 1.0 56:1.0 
-0.26765679535874104 1.0 20:1.0 41:1.0 45:1.0 125:1.0 
-0.0 1.0 71:1.0 
-1.0 0.0 116:1.0 
-1.0 1.0 45:1.0 
-1.0 1.0 25:1.0 
-0.0 1.0 117:1.0 
-0.0 1.0 23:1.0 
-1.0 0.0 13:1.0 
-0.0 1.0 31:1.0 
-1.0 1.0 6:1.0 
-0.0 0.0010427400950817566 40:1.0 114:1.0 
-0.0 0.03309314480383937 16:1.0 71:1.0 76:1.0 129:1.0 
-0.3889899886501651 0.0 62:1.0 102:1.0 
-1.0 0.0 61:1.0 
-0.0 1.0 11:1.0 117:1.0 
-1.0 0.4334333561957018 8:1.0 
-0.0 1.0 77:1.0 
-0.0 0.5815690001038669 40:1.0 71:1.0 
-0.0 1.0 78:1.0 
-1.0 1.0 47:1.0 
-0.0 0.2331337727708951 
-0.0 1.0 
-0.0 1.0 
-0.0 0.4549140458771015 21:1.0 115:1.0 
-0.0 1.0 
-0.0 1.0 
-0.0 1.0 
-0.0 1.0 
-0.0 1.0 
-0.0 1.0 
-0.0 1.0 
-0.0 1.0 
-0.0 1.0 23:1.0 93:1.0 
-0.0 1.0 
-0.0 1.0 
-0.0 1.0 
-0.0 1.0 
-0.0 1.0 
-0.0 1.0 19:1.0 
-1.0 0.0 81:1.0 
-0.0 1.0 
-0.0 1.0 
-0.0 1.0 
-0.0 1.0 
-1.0 1.0 103:1.0 
-0.0 1.0 
-0.0 1.0 
-1.0 0.0 107:1.0 
-0.0 0.6666666666666666 2:1.0 79:1.0 
-0.0 1.0 
-0.0 1.0 
-0.0 1.0 
-0.0 1.0 
-0.0 1.0 12:1.0 
-0.0 1.0 
-0.0 1.0 
-0.0 1.0 
-0.5 1.0 44:1.0 84:1.0 
-0.0 1.0 
-0.0 1.0 
-0.0 1.0 
-0.0 1.0 
-0.0 1.0 
-0.0 1.0 
-0.0 1.0 
-0.0 1.0 
-0.0 0.42582304526748976 98:1.0 
-0.0 1.0 
-0.0 1.0 
-0.0 1.0 
-0.0 1.0 
-0.0 1.0 
-0.0 1.0 
-0.0 1.0 
-0.0 1.0 
-0.0 1.0 43:1.0 
-0.0 1.0 
-0.0 0.166660726620113 113:1.0 
-0.0 1.0 
-0.0 1.0 
-1.0 0.9996548813488936 13:1.0 
-0.0 0.9174729962500088 73:1.0 
-0.0 0.6670235665859428 2:1.0 47:1.0 
-0.0 1.0 
-0.0 1.0 
-0.0 1.0 
-1.0 0.8666666666666667 81:1.0 
-0.0 1.0 
-0.0 1.0 
-0.0 1.0 114:1.0 118:1.0 127:1.0 
-0.0 1.0 
-0.0 1.0 
-0.0 1.0 
-0.0 1.0 
-0.0 1.0 
-0.0 1.0 
-0.0 1.0 
-1.0 1.0 3:1.0 
-0.0 1.0 
-0.0 1.0 
-0.0 1.0 
-0.0 1.0 
-1.0 1.0 34:1.0 45:1.0 58:1.0 92:1.0 104:1.0 124:1.0 126:1.0 128:1.0 
-0.0 1.0 
-0.0 0.31562442317816203 95:1.0 113:1.0 
-0.0 1.0 
-0.0 1.0 
-0.0 1.0 
-0.0 1.0 
-0.23863675873834955 1.0 
-1.0 1.0 
-1.0 1.0 
-0.0 3.031680837497498E-4 42:1.0 63:1.0 
-0.9999999999999999 0.6672141262631053 10:1.0 62:1.0 
-1.0 1.0 
-1.0 1.0 
-1.0 1.0 
-1.0 1.0 
-1.0 1.0 
-0.0 1.0 109:1.0 
-0.0 1.0 36:1.0 
-1.0 1.0 
-1.0 1.0 
-1.0 1.0 
-1.0 1.0 
-1.0 1.0 
-0.0 1.0 113:1.0 
-1.0 1.0 
-1.0 1.0 
-1.0 1.0 
-1.0 1.0 
-1.0 1.0 
-1.0 1.0 
-1.0 1.0 
-1.0 1.0 
-1.0 1.0 
-1.0 1.0 
-1.0 1.0 
-1.0 1.0 
-1.0 1.0 
-1.0 1.0 
-1.0 1.0 
-0.0 0.500223845419665 93:1.0 96:1.0 
-1.0 1.0 
-1.0 1.0 
-1.0 1.0 
-1.0 1.0 
-1.0 1.0 
-1.0 1.0 
-1.0 1.0 
-1.0 1.0 
-1.0 1.0 
-1.0 1.0 
-1.0 1.0 
-1.0 1.0 
-0.0 1.0 63:1.0 
-1.0 1.0 
-1.0 1.0 
-1.0 1.0 
-1.0 1.0 
-1.0 1.0 
-1.0 1.0 
-1.0 1.0 
-1.0 1.0 
-1.0 1.0 
-0.0 0.6661397367121775 62:1.0 73:1.0 83:1.0 109:1.0 
-1.0 1.0 
-1.0 1.0 
-1.0 1.0 
-1.0 1.0 
-1.0 1.0 
-1.0 1.0 
-0.0 4.0326739861967775E-4 68:1.0 
-1.0 1.0 
-1.0 1.0 
-1.0 1.0 
-1.0 1.0 
-1.0 1.0 
-1.0 1.0 
-1.0 1.0 
-0.0 0.2510288065843621 39:1.0 59:1.0 
-1.0 1.0 
-1.0 1.0 
-1.0 1.0 
-1.0 1.0 
-0.0 1.0 122:1.0 
-1.0 1.0 
-1.0 1.0 
-1.0 1.0 86:1.0 
-1.0 1.0 
-1.0 1.0 
-1.0 1.0 
-1.0 1.0 
-1.0 1.0 
-1.0 1.0 
-1.0 1.0 
-1.0 1.0 
-1.0 1.0 
-1.0 1.0 
-1.0 1.0 
-0.0 1.0 42:1.0 
-1.0 1.0 
-1.0 1.0 
-1.0 1.0 
-1.0 1.0 43:1.0 
-1.0 1.0 
-1.0 1.0 
-1.0 1.0 
-1.0 1.0 
-1.0 1.0 
-0.0 1.0 88:1.0 
-0.0 1.0 27:1.0 
-1.0 1.0 
-1.0 1.0 
-1.0 1.0 
-1.0 1.0 
-0.6114930045688214 0.0 62:1.0 
-0.0 0.4549137476560631 111:1.0 115:1.0 
-1.0 1.0 
-1.0 1.0 
-1.0 1.0 
-1.0 1.0 
-1.0 1.0 
-1.0 1.0 
-1.0 1.0 
-1.0 1.0 
-1.0 1.0 13:1.0 
-1.0 1.0 
-0.0 0.9954303624765188 71:1.0 
-0.0 0.5002295477457844 78:1.0 107:1.0 
-1.0 1.0 
-0.0 1.0 89:1.0 
-1.0 1.0 
-1.0 1.0 
-1.0 1.0 
-1.0 1.0 
-1.0 1.0 105:1.0 
-1.0 1.0 
-1.0 1.0 
-1.0 0.9982257215593079 8:1.0 
-0.0 1.0 79:1.0 
-1.0 1.0 
-0.0 1.0 94:1.0 
-1.0 1.0 
-1.0 1.0 
-1.0 1.0 
-1.0 1.0 
-1.0 1.0 
-1.0 1.0 
-1.0 1.0 
-1.0 1.0 
-1.0 1.0 
-1.0 1.0 
-1.0 1.0 
-1.0 1.0 
-1.0 1.0 
-1.0 1.0 
-1.0 1.0 
-1.0 1.0 
-1.0 1.0 
-1.0 1.0 
-1.0 1.0 
-1.0 1.0 
-1.0 1.0 
-0.0 1.0 31:1.0 
-0.0 1.0 85:1.0 
-1.0 1.0 
-1.0 1.0 
-1.0 1.0 
-1.0 1.0 
-1.0 1.0 
-1.0 1.0 
-1.0 1.0 
-1.0 1.0 
-1.0 1.0 
-1.0 1.0 
-1.0 1.0 
-1.0 1.0 
-1.0 1.0 
-1.0 1.0 
-1.0 1.0 
-1.0 1.0 
-1.0 1.0 
-1.0 1.0 
-1.0 1.0 
-0.0 4.476908393300138E-4 122:1.0 
-1.0 1.0 
-1.0 1.0 
-1.0 1.0 
-1.0 1.0 
-0.0 0.6979829833705672 98:1.0 
-1.0 1.0 
-1.0 1.0 
-0.0 1.0 113:1.0 
-1.0 1.0 
-1.0 1.0 
-1.0 1.0 
-1.0 1.0 
-1.0 1.0 23:1.0 48:1.0 
-1.0 1.0 
-1.0 1.0 
-1.0 1.0 
-1.0 1.0 
-1.0 1.0 
-1.0 1.0 
-1.0 1.0 
-1.0 1.0 
-0.0 3.921463227876121E-4 51:1.0 
-1.0 1.0 
-1.0 1.0 
-1.0 1.0 
-0.0 1.0 30:1.0 
-0.0 1.0 95:1.0 
-1.0 1.0 
-1.0 1.0 
-1.0 1.0 
-1.0 1.0 
-1.0 1.0 
-1.0 1.0 
-1.0 1.0 
-1.0 0.5003169141797335 1:1.0 33:1.0 
-1.0 1.0 
-1.0 1.0 
-1.0 1.0 
-1.0 1.0 
-1.0 1.0 
-1.0 1.0 
-0.010063762180197555 0.5003327465546892 77:1.0 102:1.0 
-1.0 1.0 
-1.0 1.0 
-1.0 1.0 
-0.0 1.0 94:1.0 
-1.0 1.0 
-0.0 6.135923709404226E-4 36:1.0 
-1.0 1.0 
-0.0 4.2528894497731906E-4 13:1.0 50:1.0 
-1.0 1.0 
-1.0 1.0 
-1.0 1.0 
-0.0 1.0 29:1.0 
-0.0 5.644155388726351E-4 94:1.0 
-1.0 1.0 
-0.0 1.0 29:1.0 35:1.0 
-1.0 1.0 
-1.0 1.0 
-1.0 1.0 
-0.0 1.0 42:1.0 
-1.0 1.0 43:1.0 
-0.0 0.4255748933089468 28:1.0 80:1.0 
-0.0 0.5832802291859692 22:1.0 
-1.0 1.0 
-1.0 1.0 
-1.0 1.0 
-1.0 1.0 
-1.0 1.0 
-0.40374217028686243 0.0 41:1.0 45:1.0 
-1.0 1.0 
-1.0 2.8435429836725404E-4 85:1.0 
-1.0 1.0 29:1.0 
-1.0 1.0 
-0.0 1.0 28:1.0 
-1.0 1.0 
-0.0 1.0 53:1.0 
-1.0 1.0 
-1.0 1.0 
-1.0 1.0 
-1.0 1.0 
-1.0 1.0 38:1.0 108:1.0 
-1.0 1.0 
-1.0 1.0 
-1.0 1.0 
-0.0 1.0 90:1.0 
-1.0 1.0 
-1.0 1.0 
-1.0 1.0 
-1.0 1.0 
-1.0 1.0 
-1.0 1.0 
-1.0 1.0 
-1.0 1.0 
-1.0 1.0 
-1.0 1.0 
-1.0 1.0 
-1.0 1.0 
-0.0 0.684623015873016 95:1.0 
-0.0 1.0 75:1.0 
-1.0 1.0 
-0.0 6.345326429626116E-4 119:1.0 
-1.0 1.0 
-1.0 1.0 
-1.0 1.0 
-1.0 1.0 
-0.0 0.5688963064521897 8:1.0 80:1.0 
-1.0 1.0 
-1.0 1.0 
-1.0 1.0 
-0.0 4.492032041186385E-4 87:1.0 
-1.0 1.0 77:1.0 
-1.0 1.0 
-1.0 1.0 
-1.0 0.1339988264427117 81:1.0 
-1.0 1.0 
-1.0 1.0 
-1.0 1.0 
-1.0 1.0 
-1.0 1.0 
-1.0 1.0 
-1.0 1.0 
-1.0 1.0 
-1.0 1.0 
-1.0 1.0 
-1.0 1.0 
-1.0 1.0 
-0.0 4.843718662107255E-4 27:1.0 
-0.0 0.8315341737811345 16:1.0 76:1.0 129:1.0 
-1.0 3.112825845715742E-4 32:1.0 
-1.0 1.0 
-0.0 1.0 56:1.0 68:1.0 
-1.0 1.0 
-0.0 1.0 14:1.0 
-1.0 1.0 
-1.0 1.0 
-1.0 1.0 
-1.0 1.0 
-1.0 6.513179975229192E-4 89:1.0 
-1.0 1.0 
-1.0 1.0 
-0.0 3.8228279780648983E-4 11:1.0 
-1.0 1.0 
-0.0 0.931419083910145 39:1.0 59:1.0 
-1.0 3.197559267598311E-4 35:1.0 
-1.0 1.0 
-0.0 6.138080384843869E-4 7:1.0 
-0.0 1.0 57:1.0 
-1.0 1.0 
-1.0 1.0 
-1.0 1.0 
-0.990835438700685 1.0 77:1.0 
-1.0 1.0 
-1.0 1.0 
-1.0 1.0 
-1.0 1.0 
-0.0 1.0 70:1.0 
-1.0 1.0 
-1.0 1.0 
-1.0 1.0 
-1.0 1.0 
-1.0 1.0 
-1.0 1.0 
-1.0 1.0 
-0.0 3.921463227876121E-4 46:1.0 
-1.0 1.0 
-1.0 1.0 
-1.0 1.0 
-1.0 1.0 
-0.0 1.0 5:1.0 
-1.0 1.0 
-1.0 1.0 
-1.0 1.0 
-1.0 1.0 
-1.0 1.0 
-1.0 1.0 
-1.0 1.0 
-1.0 1.0 
-1.0 1.0 
-1.0 1.0 
-1.0 1.0 
-1.0 1.0 
-1.0 1.0 
-1.0 1.0 
-1.0 1.0 
-0.0 1.0 16:1.0 
-1.0 1.0 
-1.0 1.0 
-1.0 1.0 
-1.0 1.0 
-1.0 1.0 
-1.0 1.0 
-1.0 1.0 
-1.0 1.0 
-1.0 1.0 
-1.0 1.0 
-1.0 1.0 
-1.0 1.0 
-0.0 1.0 50:1.0 79:1.0 
-1.0 1.0 
-1.0 1.0 
-1.0 1.0 
-1.0 1.0 
-1.0 1.0 
-1.0 1.0 
-1.0 1.0 
-1.0 1.0 
-1.0 1.0 
-0.0 4.0326739861973326E-4 70:1.0 
-1.0 1.0 
-1.0 1.0 
-1.0 1.0 
-1.0 1.0 
-1.0 1.0 
-1.0 1.0 
-1.0 1.0 
-1.0 1.0 
-0.9996408495998109 1.0 64:1.0 77:1.0 
-1.0 1.0 
-1.0 1.0 
-1.0 1.0 
-1.0 1.0 
-1.0 1.0 
-1.0 1.0 
-1.0 1.0 
-1.0 1.0 
-1.0 1.0 
-1.0 1.0 
-1.0 1.0 
-1.0 1.0 
-1.0 1.0 
-1.0 1.0 
-1.0 1.0 
-1.0 1.0 
-1.0 1.0 
-1.0 3.274356305471571E-4 18:1.0 
-1.0 1.0 
-1.0 1.0 
-1.0 1.0 
-1.0 1.0 
-0.0 5.97097544302236E-4 106:1.0 
-1.0 1.0 
-1.0 1.0 
-1.0 1.0 
-0.0 0.9998147531414705 114:1.0 118:1.0 127:1.0 
-0.0 0.8765308533437643 98:1.0 113:1.0 
-1.0 1.0 
-1.0 1.0 
-1.0 1.0 
-1.0 1.0 
-1.0 4.972140780272749E-4 82:1.0 
-1.0 1.0 
-0.0 3.814702581095477E-4 44:1.0 
-0.0011255829525982086 0.0 73:1.0 102:1.0 
-0.0 1.0 78:1.0 
-1.0 1.0 
-0.0 5.054592388482871E-4 30:1.0 
-1.0 1.0 
-1.0 1.0 
-1.0 1.0 
-1.0 1.0 
-1.0 1.0 
-0.20002055749116138 6.974661205223949E-5 24:1.0 49:1.0 112:1.0 121:1.0 130:1.0 
-0.0 4.5909549156894253E-4 14:1.0 
-1.0 1.0 
-1.0 1.0 
-1.0 1.0 
-1.0 0.0 18:1.0 
-1.0 1.0 
-1.0 1.0 
-0.8081459444070098 0.5002347592337727 91:1.0 120:1.0 
-1.0 1.0 
-0.0 0.417068503874292 22:1.0 40:1.0 73:1.0 
-1.0 1.0 
-1.0 1.0 
-1.0 1.0 
-1.0 1.0 
-0.0 1.0 115:1.0 
-0.0 -1.0 
-0.0 -1.0 
-0.0 -1.0 
-0.0 -1.0 
-0.0 -1.0 
-0.0 -1.0 
-0.0 -1.0 
-0.0 -1.0 78:1.0 
-1.0 -1.0 10:1.0 
-0.0 -1.0 
-0.0 -1.0 
-0.0 -1.0 
-0.0 -1.0 
-0.0 -1.0 
-0.0 -1.0 
-0.0 -1.0 
-1.0 -1.0 48:1.0 
-0.0 -1.0 
-0.0 -1.0 
-0.0 -1.0 
-0.0 -1.0 
-0.0 -1.0 
-0.0 -1.0 117:1.0 
-0.0 -0.001177442206347893 109:1.0 
-1.0 -1.0 17:1.0 
-0.0 -1.0 
-0.0 -1.0 42:1.0 
-0.0 -1.0 
-0.0 -1.0 
-0.0 -1.0 
-0.0 -1.0 
-0.0 -1.0 
-0.0 -1.0 
-0.0 -1.0 
-0.0 -1.0 
-0.0 -1.0 3:1.0 
-0.0 -1.0 
-0.0 -1.0 
-0.0 -1.0 
-0.0 -1.0 
-0.0 -1.0 
-0.0 -1.0 122:1.0 
-0.6001566677812644 -1.0 13:1.0 75:1.0 
-0.0 -1.0 
-0.0 -0.9994355844611273 60:1.0 
-0.0 -1.0 
-0.0 -1.0 
-0.564945850069291 -1.0 
-1.0 -1.0 
-1.0 -1.0 
-1.0 -1.0 
-1.0 -1.0 89:1.0 
-1.0 -1.0 
-1.0 -1.0 
-1.0 -1.0 
-1.0 -1.0 
-1.0 -0.9996750988055467 101:1.0 105:1.0 
-1.0 -1.0 
-1.0 -1.0 
-1.0 -1.0 
-1.0 -1.0 
-0.0 -1.0 79:1.0 
-1.0 -1.0 
-1.0 -1.0 
-1.0 -1.0 
-1.0 -1.0 
-1.0 -1.0 
-1.0 -1.0 
-1.0 -1.0 
-1.0 -1.0 
-1.0 -1.0 
-1.0 -1.0 3:1.0 
-1.0 -1.0 
-1.0 -1.0 
-1.0 -1.0 
-1.0 -1.0 
-1.0 -1.0 
-1.0 -1.0 
-1.0 -1.0 
-0.0 -1.0 9:1.0 
-0.0 -1.0 90:1.0 
-1.0 -1.0 
-1.0 -1.0 
-1.0 -1.0 
-1.0 -1.0 
-1.0 -1.0 
-1.0 -1.0 
-0.0 -1.0 98:1.0 
-1.0 -1.0 
-1.0 -1.0 
-1.0 -1.0 
-1.0 -1.0 
-0.0 -1.0 29:1.0 
-1.0 -1.0 
-1.0 -0.9996827336785188 5:1.0 6:1.0 
-1.0 -1.0 
-0.0 -1.0 56:1.0 
-0.0 -1.0 34:1.0 
-1.0 -1.0 
-1.0 -1.0 
-1.0 -1.0 
-0.0 -0.6056562166820664 16:1.0 19:1.0 71:1.0 
-1.0 -1.0 
-1.0 -1.0 
-1.0 -1.0 
-1.0 -1.0 
-0.0 -1.0 63:1.0 
-1.0 -1.0 
-1.0 -1.0 
-1.0 -1.0 
-1.0 -1.0 
-1.0 -1.0 
-1.0 -1.0 
-0.5999444776747144 -1.0 14:1.0 35:1.0 71:1.0 
-1.0 -1.0 
-1.0 -1.0 
-1.0 -1.0 
-1.0 -1.0 
-0.0 -1.0 23:1.0 
-0.0 -1.0 47:1.0 
-0.0 -1.0 98:1.0 
-0.0 -1.0 30:1.0 
-1.0 -1.0 
-1.0 -1.0 8:1.0 
-1.0 -1.0 
-1.0 -1.0 
-1.0 -1.0 
-1.0 -1.0 
-1.0 -1.0 
-1.0 -1.0 
-0.0 -1.0 86:1.0 
-1.0 -1.0 
-1.0 -1.0 
-1.0 -1.0 
-1.0 -1.0 
-1.0 -1.0 
-0.0 -1.0 29:1.0 
-1.0 -1.0 
-1.0 -1.0 
-1.0 -1.0 
-1.0 -1.0 
-1.0 -0.4252770855970697 28:1.0 101:1.0 
-1.0 -1.0 
-1.0 -1.0 
-1.0 -1.0 103:1.0 
-1.0 -1.0 
-1.0 -1.0 
-0.0 -1.0 28:1.0 
-1.0 -1.0 
-0.0 -1.0 47:1.0 
-1.0 -1.0 
-1.0 -1.0 
-1.0 -1.0 
-1.0 -1.0 
-0.0 -1.0 44:1.0 
-1.0 -1.0 
-1.0 -1.0 
-1.0 -1.0 
-1.0 -1.0 
-1.0 -1.0 
-1.0 -1.0 
-0.0 -1.0 57:1.0 
-0.0 -1.0 31:1.0 
-1.0 -1.0 
-0.0 -1.0 59:1.0 
-1.0 -1.0 
-1.0 -1.0 
-1.0 -1.0 
-0.500259189349272 -1.0 19:1.0 84:1.0 
-1.0 -1.0 
-1.0 -1.0 
-0.0 -0.9998399176907664 20:1.0 45:1.0 125:1.0 
-1.0 -1.0 
-0.0 -1.0 77:1.0 
-1.0 -1.0 
-1.0 -1.0 
-1.0 -1.0 
-1.0 -1.0 
-0.0 -1.0 5:1.0 88:1.0 
-1.0 -1.0 
-1.0 -1.0 
-1.0 -1.0 37:1.0 
-1.0 -1.0 
-0.0 -1.0 93:1.0 
-1.0 -1.0 
-0.0 -1.0 77:1.0 
-1.0 -1.0 
-1.0 -1.0 
-1.0 -1.0 
-1.0 -1.0 
-1.0 -1.0 
-0.0 -1.0 79:1.0 
-1.0 -1.0 
-1.0 -1.0 
-1.0 -1.0 
-0.0 -6.830125500294123E-4 74:1.0 
-1.0 -1.0 
-1.0 -1.0 
-1.0 -1.0 
-0.0 -1.0 114:1.0 118:1.0 127:1.0 
-1.0 -0.6666666666666665 29:1.0 37:1.0 108:1.0 
-0.0 -1.0 78:1.0 
-1.0 -1.0 
-1.0 -1.0 
-0.0 -1.0 50:1.0 
-1.0 -1.0 
-0.0 -1.0 43:1.0 
-1.0 -1.0 
-1.0 -1.0 
-0.0 -1.0 23:1.0 
-1.0 -1.0 
-1.0 -1.0 
-1.0 -1.0 
-1.0 -1.0 
-1.0 -0.4997565002402535 15:1.0 67:1.0 
-1.0 -1.0 
-0.0 -0.3640920370213596 9:1.0 59:1.0 113:1.0 115:1.0 
-1.0 -1.0 
-1.0 -1.0 
-1.0 -1.0 
-1.0 -1.0 
-1.0 -1.0 
-1.0 -1.0 
-1.0 -1.0 
-1.0 -1.0 
-1.0 -1.0 
-1.0 -1.0 
-1.0 -1.0 
-1.0 -1.0 
-1.0 -1.0 
-1.0 -1.0 
-1.0 -1.0 
-1.0 -1.0 
-1.0 -1.0 
-1.0 -1.0 53:1.0 
-1.0 -1.0 
-1.0 -1.0 
-1.0 -1.0 
-1.0 -1.0 
-0.0 -1.0 31:1.0 
-0.0 -1.0 95:1.0 
-1.0 -1.0 
-1.0 -1.0 
-1.0 -1.0 
-1.0 -1.0 
-1.0 -1.0 
-1.0 -1.0 
-1.0 -1.0 
-1.0 -1.0 
-0.0 -1.0 56:1.0 
-0.0 -1.0 29:1.0 115:1.0 
-1.0 -1.0 
-1.0 -1.0 
-1.0 -1.0 
-1.0 -1.0 
-1.0 -1.0 
-0.20019225491403203 -1.0 48:1.0 71:1.0 
-0.0 -0.6654584998756993 109:1.0 
-1.0 -1.0 43:1.0 
-1.0 -1.0 
-0.0 -1.0 47:1.0 
-1.0 -1.0 
-1.0 -1.0 
-1.0 -1.0 
-1.0 -1.0 64:1.0 
-1.0 -1.0 
-0.0 -1.0 9:1.0 
-1.0 -1.0 
-1.0 -1.0 
-0.0 -1.0 60:1.0 
-1.0 -1.0 
-1.0 -1.0 1:1.0 
-1.0 -1.0 
-1.0 -1.0 
-1.0 -1.0 
-1.0 -1.0 
-1.0 -1.0 
-1.0 -1.0 
-1.0 -1.0 
-1.0 -1.0 
-1.0 -1.0 
-1.0 -1.0 
-1.0 -1.0 
-1.0 -1.0 
-1.0 -1.0 
-1.0 -1.0 
-1.0 -1.0 
-1.0 -1.0 
-1.0 -1.0 
-0.0 -1.0 113:1.0 
-1.0 -1.0 
-1.0 -1.0 
-1.0 -1.0 
-1.0 -1.0 4:1.0 
-1.0 -1.0 
-1.0 -1.0 
-0.0 -1.0 12:1.0 
-1.0 -1.0 
-1.0 -1.0 
-0.0 -1.0 10:1.0 55:1.0 
-0.0 -1.0 113:1.0 
-1.0 -1.0 
-1.0 -1.0 
-1.0 -1.0 
-1.0 -1.0 
-1.0 -1.0 
-1.0 -1.0 
-1.0 -1.0 
-1.0 -1.0 
-1.0 -1.0 
-1.0 -1.0 
-0.0 -1.0 109:1.0 
-1.0 -0.9993661716405331 54:1.0 
-1.0 -1.0 85:1.0 
-0.0 -1.0 78:1.0 
-1.0 -1.0 
-1.0 -1.0 43:1.0 
-0.0 -0.6645980956543659 16:1.0 26:1.0 76:1.0 99:1.0 129:1.0 132:1.0 
-0.0 -1.0 93:1.0 
-1.0 -1.0 
-1.0 -1.0 
-1.0 -1.0 
-1.0 -1.0 
-1.0 -1.0 
-1.0 -1.0 
-0.0 -1.0 79:1.0 
-1.0 -1.0 
-0.0 -1.0 11:1.0 117:1.0 
-1.0 -1.0 
-0.0 -1.0 80:1.0 
-1.0 -1.0 
-1.0 -1.0 
-1.0 -1.0 
-1.0 -1.0 
-0.0 -1.0 60:1.0 
-1.0 -1.0 
-0.0 -1.0 36:1.0 
-1.0 -1.0 
-1.0 -1.0 
-1.0 -1.0 
-1.0 -1.0 
-1.0 -1.0 
-1.0 -1.0 
-1.0 -1.0 
-1.0 -1.0 
-1.0 -1.0 
-1.0 -1.0 
-1.0 -1.0 
-0.0 -1.0 22:1.0 
-1.0 -1.0 
-1.0 -1.0 
-0.5001657675237221 -1.0 20:1.0 45:1.0 125:1.0 
-1.0 -1.0 
-1.0 -1.0 
-1.0 -1.0 
-1.0 -1.0 
-1.0 -0.5747229144029303 101:1.0 
-0.0 -1.0 114:1.0 118:1.0 127:1.0 
-1.0 -1.0 
-1.0 -1.0 
-1.0 -1.0 
-1.0 -1.0 
-1.0 -1.0 
-1.0 -1.0 
-1.0 -1.0 
-1.0 -1.0 77:1.0 
-1.0 -0.0 54:1.0 61:1.0 110:1.0 
-1.0 -1.0 
-1.0 -1.0 
-1.0 -1.0 
-0.0 -1.0 5:1.0 
-0.0 -0.9943747633930184 16:1.0 19:1.0 
-1.0 -1.0 
-0.0 -1.0 54:1.0 95:1.0 
-1.0 -1.0 86:1.0 
-1.0 -1.0 
-1.0 -1.0 47:1.0 
-1.0 -1.0 
-1.0 -1.0 
-1.0 -1.0 
-0.0 -1.0 65:1.0 
-1.0 -1.0 
-1.0 -1.0 
-1.0 -1.0 
-1.0 -1.0 
-1.0 -1.0 
-1.0 -1.0 45:1.0 
-1.0 -1.0 
-1.0 -1.0 
-1.0 -1.0 
-1.0 -1.0 
-1.0 -1.0 
-1.0 -1.0 
-1.0 -1.0 
-1.0 -1.0 
-1.0 -1.0 
-1.0 -1.0 
-1.0 -1.0 
-1.0 -1.0 
-1.0 -1.0 2:1.0 91:1.0 
-1.0 -1.0 
-1.0 -1.0 
-0.0 -1.0 109:1.0 
-1.0 -0.0 60:1.0 72:1.0 
-1.0 -1.0 
-0.0 -1.0 68:1.0 
-0.0 -1.0 39:1.0 94:1.0 
-1.0 -1.0 
-1.0 -1.0 
-1.0 -1.0 
-1.0 -1.0 
-1.0 -1.0 
-1.0 -1.0 
-1.0 -1.0 
-0.0 -1.0 38:1.0 
-1.0 -1.0 
-1.0 -1.0 
-1.0 -1.0 
-1.0 -1.0 
-1.0 -1.0 
-0.0 -1.0 74:1.0 
-0.0 -1.0 73:1.0 
-1.0 -1.0 
-0.0 -1.0 38:1.0 
-1.0 -1.0 
-1.0 -1.0 
-1.0 -1.0 
-1.0 -1.0 
-1.0 -1.0 
-1.0 -1.0 
-1.0 -1.0 
-1.0 -1.0 8:1.0 
-1.0 -1.0 
-1.0 -1.0 
-1.0 -1.0 
-1.0 -1.0 
-1.0 -1.0 
-1.0 -1.0 77:1.0 
-1.0 -1.0 
-1.0 -1.0 
-1.0 -1.0 
-1.0 -1.0 
-1.0 -1.0 
-1.0 -1.0 
-1.0 -0.9997753983979407 25:1.0 65:1.0 
-0.0 -1.0 70:1.0 
-1.0 -1.0 
-1.0 -0.9987106512824709 74:1.0 
-1.0 -1.0 
-1.0 -1.0 
-1.0 -1.0 
-1.0 -1.0 
-1.0 -1.0 
-1.0 -1.0 
-1.0 -1.0 
-1.0 -1.0 
-0.0 -1.0 23:1.0 
-1.0 -1.0 
-1.0 -1.0 
-1.0 -1.0 
-1.0 -1.0 
-1.0 -1.0 13:1.0 
-1.0 -1.0 
-0.0 -1.0 115:1.0 
-1.0 -1.0 
-1.0 -1.0 
-1.0 -1.0 
-1.0 -1.0 
-0.0 -0.0018940744427279807 26:1.0 99:1.0 132:1.0 
-1.0 -1.0 
-1.0 -1.0 77:1.0 
-1.0 -1.0 
-1.0 -1.0 
-1.0 -1.0 
-1.0 -1.0 
-1.0 -1.0 
-1.0 -1.0 
-1.0 -1.0 
-1.0 -1.0 
-1.0 -1.0 
-1.0 -1.0 
-1.0 -1.0 
-1.0 -1.0 
-1.0 -1.0 
-1.0 -1.0 
-1.0 -1.0 
-1.0 -1.0 
-1.0 -1.0 
-1.0 -1.0 
-0.0 -1.0 42:1.0 
-1.0 -1.0 
-1.0 -1.0 
-1.0 -1.0 
-1.0 -1.0 
-1.0 -1.0 
-1.0 -1.0 
-0.0 -1.0 23:1.0 
-1.0 -1.0 
-0.3339302831880808 -1.0 27:1.0 
-1.0 -1.0 
-0.0 -1.0 38:1.0 
-1.0 -1.0 
-1.0 -1.0 
-1.0 -1.0 
-0.0 -1.0 71:1.0 
-1.0 -1.0 15:1.0 
-1.0 -1.0 
-1.0 -1.0 
-1.0 -1.0 
-1.0 -1.0 
-0.0 -1.0 109:1.0 
-1.0 -1.0 
-0.0 -1.0 113:1.0 
-0.0 -0.9993180881895486 109:1.0 
-1.0 -1.0 20:1.0 45:1.0 58:1.0 92:1.0 104:1.0 124:1.0 125:1.0 126:1.0 128:1.0 
-1.0 -1.0 
-0.0 -1.0 40:1.0 73:1.0 94:1.0 
-1.0 -1.0 
-1.0 -1.0 
-1.0 -1.0 
-1.0 -1.0 
-1.0 -1.0 
-1.0 -1.0 81:1.0 
-1.0 -1.0 
-1.0 -1.0 
-1.0 -1.0 
-1.0 -1.0 
-1.0 -1.0 
-1.0 -1.0 
-1.0 -1.0 
-1.0 -1.0 
-1.0 -1.0 
