svm_type c_svc
kernel_type rbf
gamma 100.0
nr_class 3
total_sv 1541
rho 0.953125 0.9148648648648661 -0.9366071428571416
label 2 0 1
nr_sv 419 585 537
SV
0.1 0.1 
0.1 0.1 
0.1 0.1 
0.1 0.1 45:1.0 58:1.0 104:1.0 116:1.0 126:1.0 128:1.0 
0.1 0.1 
0.1 0.1 61:1.0 86:1.0 
0.1 0.1 
0.1 0.1 
0.1 0.1 
0.1 0.1 
0.1 0.1 
0.1 0.1 
0.1 0.1 
0.1 0.1 
0.1 0.1 
0.1 0.1 27:1.0 101:1.0 105:1.0 
0.1 0.1 84:1.0 
0.1 0.1 
0.1 0.1 
0.1 0.1 
0.1 0.1 
0.1 0.1 
0.1 0.1 18:1.0 
0.1 0.1 
0.1 0.1 
0.1 0.1 
0.1 0.1 
0.1 0.1 
0.1 0.1 
0.1 0.1 
0.1 0.1 
0.1 0.1 
0.1 0.1 
0.1 0.1 
0.1 0.1 
0.1 0.1 
0.1 0.1 
0.1 0.1 
0.1 0.1 
0.1 0.1 
0.1 0.1 4:1.0 
0.1 0.1 
0.1 0.1 45:1.0 58:1.0 104:1.0 116:1.0 126:1.0 128:1.0 
0.1 0.1 
0.1 0.1 
0.1 0.1 
0.1 0.1 
0.1 0.1 
0.1 0.1 
0.1 0.1 
0.1 0.1 
0.1 0.1 
0.1 0.1 61:1.0 
0.1 0.1 
0.1 0.1 
0.1 0.1 
0.1 0.1 32:1.0 
0.1 0.1 
0.1 0.1 
0.1 0.1 
0.1 0.1 81:1.0 
0.1 0.1 
0.1 0.1 
0.1 0.1 
0.1 0.1 
0.1 0.1 72:1.0 
0.1 0.1 8:1.0 
0.1 0.1 86:1.0 
0.1 0.1 
0.1 0.1 
0.1 0.1 20:1.0 45:1.0 58:1.0 92:1.0 104:1.0 124:1.0 125:1.0 126:1.0 128:1.0 
0.1 0.1 6:1.0 116:1.0 
0.1 0.1 
0.1 0.1 
0.1 0.1 
0.1 0.1 6:1.0 
0.1 0.1 
0.1 0.1 3:1.0 
0.1 0.1 
0.1 0.1 
0.1 0.1 
0.1 0.1 
0.1 0.1 
0.1 0.1 
0.1 0.1 
0.1 0.1 
0.1 0.1 
0.1 0.1 
0.1 0.1 
0.1 0.1 
0.1 0.1 72:1.0 101:1.0 
0.1 0.1 110:1.0 
0.1 0.1 20:1.0 45:1.0 58:1.0 92:1.0 104:1.0 124:1.0 125:1.0 126:1.0 128:1.0 
0.1 0.1 
0.1 0.1 110:1.0 
0.1 0.1 
0.1 0.1 
0.1 0.1 4:1.0 91:1.0 
0.1 0.1 
0.1 0.1 
0.1 0.1 
0.1 0.1 
0.1 0.1 
0.1 0.1 72:1.0 
0.1 0.1 
0.1 0.1 
0.1 0.1 
0.1 0.1 81:1.0 
0.1 0.1 
0.1 0.1 
0.1 0.1 
0.1 0.1 
0.1 0.1 
0.1 0.1 
0.1 0.1 
0.1 0.1 35:1.0 
0.1 0.1 58:1.0 
0.1 0.1 
0.1 0.1 
0.1 0.1 
0.1 0.1 
0.1 0.1 116:1.0 
0.1 0.1 
0.1 0.1 
0.1 0.1 
0.1 0.1 52:1.0 
0.1 0.1 
0.1 0.1 
0.1 0.1 
0.1 0.1 
0.1 0.1 
0.1 0.1 
0.1 0.1 
0.1 0.1 
0.1 0.1 
0.1 0.1 
0.1 0.1 
0.1 0.1 
0.1 0.1 
0.1 0.1 
0.1 0.1 
0.1 0.1 
0.1 0.1 
0.1 0.1 85:1.0 
0.1 0.1 
0.1 0.1 
0.1 0.1 
0.1 0.1 
0.1 0.1 
0.1 0.1 
0.1 0.1 
0.1 0.1 
0.1 0.1 
0.1 0.1 
0.1 0.1 101:1.0 
0.1 0.1 
0.1 0.1 
0.1 0.1 
0.1 0.1 
0.1 0.1 1:1.0 
0.1 0.1 77:1.0 
0.1 0.1 1:1.0 53:1.0 
0.1 0.1 54:1.0 
0.1 0.1 
0.1 0.1 6:1.0 
0.1 0.1 
0.1 0.1 
0.1 0.1 15:1.0 67:1.0 
0.1 0.1 107:1.0 
0.1 0.1 54:1.0 
0.1 0.1 29:1.0 77:1.0 
0.1 0.1 
0.1 0.1 
0.1 0.1 47:1.0 
0.1 0.1 
0.1 0.1 108:1.0 
0.1 0.1 18:1.0 
0.1 0.1 
0.1 0.1 
0.1 0.1 
0.1 0.1 
0.1 0.1 25:1.0 
0.1 0.1 
0.1 0.1 
0.1 0.1 
0.1 0.1 
0.1 0.1 13:1.0 45:1.0 104:1.0 128:1.0 
0.1 0.1 
0.1 0.1 
0.1 0.1 
0.1 0.1 
0.1 0.1 
0.1 0.1 
0.1 0.1 
0.1 0.1 
0.1 0.1 
0.1 0.1 37:1.0 
0.1 0.1 
0.1 0.1 
0.1 0.1 
0.1 0.1 
0.1 0.1 13:1.0 
0.1 0.1 
0.1 0.1 
0.1 0.1 
0.1 0.1 
0.1 0.1 
0.1 0.1 
0.1 0.1 
0.1 0.1 
0.1 0.1 101:1.0 
0.1 0.1 105:1.0 
0.1 0.1 
0.1 0.1 45:1.0 
0.1 0.1 
0.1 0.1 72:1.0 
0.1 0.1 
0.1 0.1 
0.1 0.1 
0.1 0.1 
0.1 0.1 13:1.0 
0.1 0.1 
0.1 0.1 
0.1 0.1 61:1.0 
0.1 0.1 
0.1 0.1 103:1.0 
0.1 0.1 
0.1 0.1 67:1.0 
0.1 0.1 
0.1 0.1 48:1.0 
0.1 0.1 
0.1 0.1 
0.1 0.1 82:1.0 121:1.0 
0.1 0.1 
0.1 0.1 
0.1 0.1 37:1.0 
0.1 0.1 8:1.0 
0.1 0.1 
0.1 0.1 58:1.0 91:1.0 92:1.0 120:1.0 124:1.0 
0.1 0.1 
0.1 0.1 
0.1 0.1 4:1.0 58:1.0 120:1.0 
0.1 0.1 43:1.0 48:1.0 
0.1 0.1 
0.1 0.1 
0.1 0.1 
0.1 0.1 45:1.0 
0.1 0.1 
0.1 0.1 43:1.0 
0.1 0.1 103:1.0 
0.1 0.1 
0.1 0.1 
0.1 0.1 
0.1 0.1 
0.1 0.1 
0.1 0.1 77:1.0 
0.1 0.1 
0.1 0.1 
0.1 0.1 
0.1 0.1 
0.1 0.1 
0.1 0.1 
0.1 0.1 
0.1 0.1 91:1.0 
0.1 0.1 
0.1 0.1 
0.1 0.1 64:1.0 
0.1 0.1 
0.1 0.1 
0.1 0.1 
0.1 0.1 
0.1 0.1 35:1.0 
0.1 0.1 17:1.0 52:1.0 
0.1 0.1 
0.1 0.1 
0.1 0.1 17:1.0 
0.1 0.1 17:1.0 
0.1 0.1 
0.1 0.1 
0.1 0.1 
0.1 0.1 
0.1 0.1 
0.1 0.1 
0.1 0.1 
0.1 0.1 103:1.0 
0.1 0.1 
0.1 0.1 
0.1 0.1 
0.1 0.1 
0.1 0.1 52:1.0 102:1.0 
0.1 0.1 
0.1 0.1 
0.1 0.1 
0.1 0.1 
0.1 0.1 
0.1 0.1 
0.1 0.1 108:1.0 
0.1 0.1 103:1.0 
0.1 0.1 
0.1 0.1 
0.1 0.1 101:1.0 
0.1 0.1 
0.1 0.1 
0.1 0.1 
0.1 0.1 
0.1 0.1 
0.1 0.1 81:1.0 105:1.0 
0.1 0.1 
0.1 0.1 
0.1 0.1 
0.1 0.1 
0.1 0.1 
0.1 0.1 
0.1 0.1 
0.1 0.1 
0.1 0.1 
0.1 0.1 
0.1 0.1 
0.1 0.1 61:1.0 
0.1 0.1 
0.1 0.1 
0.1 0.1 52:1.0 
0.1 0.1 100:1.0 
0.1 0.1 
0.1 0.1 
0.1 0.1 
0.1 0.1 
0.1 0.1 
0.1 0.1 
0.1 0.1 
0.1 0.1 
0.1 0.1 10:1.0 
0.1 0.1 
0.1 0.1 107:1.0 
0.1 0.1 
0.1 0.1 
0.1 0.1 
0.1 0.1 
0.1 0.1 
0.1 0.1 
0.1 0.1 101:1.0 
0.1 0.1 
0.1 0.1 
0.1 0.1 
0.1 0.1 
0.1 0.1 
0.1 0.1 
0.1 0.1 
0.1 0.1 
0.1 0.1 
0.1 0.1 
0.1 0.1 
0.1 0.1 
0.1 0.1 
0.1 0.1 
0.1 0.1 
0.1 0.1 
0.1 0.1 
0.1 0.1 
0.1 0.1 
0.1 0.1 
0.1 0.1 
0.1 0.1 
0.1 0.1 
0.1 0.1 
0.1 0.1 
0.1 0.1 
0.1 0.1 
0.1 0.1 
0.1 0.1 25:1.0 
0.1 0.1 
0.1 0.1 
0.1 0.1 
0.1 0.1 
0.1 0.1 
0.1 0.1 
0.1 0.1 
0.1 0.1 
0.1 0.1 15:1.0 62:1.0 
0.1 0.1 
0.1 0.1 
0.1 0.1 
0.1 0.1 
0.1 0.1 
0.1 0.1 
0.1 0.1 
0.1 0.1 
0.1 0.1 
0.1 0.1 
0.1 0.1 
0.1 0.1 
0.1 0.1 
0.1 0.1 
0.1 0.1 
0.1 0.1 
0.1 0.1 62:1.0 
0.1 0.1 
0.1 0.1 
0.1 0.1 
0.1 0.1 
0.1 0.1 
0.1 0.1 
0.1 0.1 89:1.0 
0.1 0.1 
0.1 0.1 15:1.0 67:1.0 
0.1 0.1 
0.1 0.1 
0.1 0.1 
0.1 0.1 
0.1 0.1 74:1.0 
0.1 0.1 
0.1 0.1 
0.1 0.1 
0.1 0.1 
0.1 0.1 
0.1 0.1 
0.1 0.1 
0.1 0.1 
0.1 0.1 
-0.046875 0.1 47:1.0 
-0.0 0.06328124999999996 113:1.0 
-0.046875 0.06328124999999996 41:1.0 
-0.046875 0.1 86:1.0 
-0.046875 0.06328124999999996 73:1.0 98:1.0 
-0.046875 0.06328124999999996 7:1.0 63:1.0 
-0.046875 0.06328124999999996 66:1.0 123:1.0 
-0.046875 0.06328124999999996 80:1.0 113:1.0 
-0.046875 0.1 3:1.0 
-0.0 0.1 109:1.0 
-0.046875 0.06328124999999996 55:1.0 
-0.046875 0.1 47:1.0 60:1.0 
-0.1 0.0 107:1.0 
-0.1 0.0 35:1.0 
-0.046875 0.06328124999999996 11:1.0 114:1.0 118:1.0 127:1.0 
-0.046875 0.1 9:1.0 
-0.046875 0.06328124999999996 53:1.0 58:1.0 91:1.0 120:1.0 
-0.0 0.06328124999999996 53:1.0 
-0.046875 0.1 56:1.0 
-0.046875 0.06328124999999996 20:1.0 41:1.0 45:1.0 125:1.0 
-0.0 0.06328124999999996 71:1.0 
-0.1 0.06328124999999996 116:1.0 
-0.1 0.1 45:1.0 
-0.1 0.06328124999999996 25:1.0 
-0.046875 0.1 117:1.0 
-0.046875 0.1 23:1.0 
-0.04999999999999999 0.0 13:1.0 
-0.0 0.1 31:1.0 
-0.04999999999999999 0.06328124999999996 8:1.0 
-0.1 0.06328124999999996 6:1.0 
-0.0 0.06328124999999996 12:1.0 
-0.0 0.06328124999999996 57:1.0 
-0.046875 0.06328124999999996 96:1.0 113:1.0 
-0.046875 0.06328124999999996 40:1.0 114:1.0 
-0.046875 0.06328124999999996 16:1.0 71:1.0 76:1.0 129:1.0 
-0.046875 0.06328124999999996 62:1.0 102:1.0 
-0.1 0.06328124999999996 61:1.0 
-0.046875 0.1 11:1.0 117:1.0 
-0.1 0.1 8:1.0 
-0.0 0.06328124999999996 90:1.0 
-0.0 0.06328124999999996 44:1.0 
-0.0 0.06328124999999996 42:1.0 
-0.04999999999999999 0.1 77:1.0 
-0.046875 0.06328124999999996 40:1.0 71:1.0 
-0.0 0.1 78:1.0 
-0.1 0.1 47:1.0 
-0.046875 0.06328124999999996 21:1.0 115:1.0 
-0.046875 0.06328124999999996 7:1.0 113:1.0 
-0.046875 0.06328124999999996 23:1.0 93:1.0 
-0.046875 0.06328124999999996 19:1.0 
-0.04999999999999999 0.0 81:1.0 
-0.0 0.06328124999999996 98:1.0 
-0.1 0.1 103:1.0 
-0.1 0.06328124999999996 107:1.0 
-0.046875 0.06328124999999996 2:1.0 79:1.0 
-0.046875 0.1 12:1.0 
-0.0 0.06328124999999996 
-0.0 0.1 
-0.046875 0.06328124999999996 44:1.0 84:1.0 
-0.0 0.1 
-0.0 0.06328124999999996 68:1.0 
-0.0 0.1 
-0.0 0.1 
-0.0 0.1 
-0.0 0.1 
-0.046875 0.06328124999999996 21:1.0 
-0.0 0.1 
-0.0 0.1 
-0.0 0.1 
-0.0 0.1 98:1.0 
-0.0 0.1 
-0.0 0.1 
-0.0 0.1 
-0.0 0.1 
-0.0 0.1 
-0.0 0.1 
-0.0 0.1 
-0.0 0.1 
-0.0 0.1 43:1.0 
-0.0 0.1 
-0.0 0.1 113:1.0 
-0.0 0.1 
-0.0 0.1 
-0.1 0.06328124999999996 13:1.0 
-0.046875 0.1 73:1.0 
-0.046875 0.06328124999999996 2:1.0 47:1.0 
-0.0 0.1 
-0.046875 0.06328124999999996 50:1.0 71:1.0 
-0.046875 0.1 39:1.0 94:1.0 
-0.0 0.1 
-0.0 0.1 
-0.1 0.1 81:1.0 
-0.0 0.1 
-0.0 0.1 
-0.0 0.1 114:1.0 118:1.0 127:1.0 
-0.0 0.1 
-0.0 0.1 
-0.0 0.1 
-0.0 0.1 
-0.0 0.1 
-0.0 0.1 
-0.0 0.1 
-0.1 0.1 3:1.0 
-0.0 0.1 
-0.0 0.1 
-0.0 0.1 
-0.0 0.1 
-0.046875 0.06406250000000005 34:1.0 45:1.0 58:1.0 92:1.0 104:1.0 124:1.0 126:1.0 128:1.0 
-0.0 0.1 
-0.046875 0.06406250000000005 95:1.0 113:1.0 
-0.0 0.1 
-0.0 0.1 
-0.0 0.1 
-0.0 0.1 
-0.0 0.1 
-0.0 0.1 
-0.0 0.1 
-0.046875 0.06406250000000005 42:1.0 63:1.0 
-0.046875 0.06406250000000005 10:1.0 62:1.0 
-0.0 0.1 
-0.0 0.1 
-0.0 0.1 
-0.0 0.1 
-0.0 0.1 
-0.046875 0.1 109:1.0 
-0.0 0.1 36:1.0 
-0.0 0.1 
-0.0 0.1 
-0.0 0.1 
-0.0 0.1 
-0.0 0.1 
-0.0 0.1 113:1.0 
-0.0 0.1 
-0.0 0.1 
-0.0 0.1 
-0.0 0.1 
-0.0 0.1 
-0.0 0.1 
-0.0 0.1 
-0.0 0.1 
-0.0 0.1 
-0.0 0.1 
-0.0 0.1 
-0.046875 0.06406250000000005 24:1.0 49:1.0 69:1.0 83:1.0 97:1.0 112:1.0 121:1.0 130:1.0 131:1.0 133:1.0 
-0.0 0.1 
-0.0 0.1 
-0.0 0.1 
-0.0 0.1 
-0.046875 0.06406250000000005 93:1.0 96:1.0 
-0.0 0.1 
-0.04999999999999999 0.1 
-0.1 0.1 
-0.1 0.1 
-0.1 0.1 
-0.1 0.1 
-0.1 0.1 
-0.1 0.1 
-0.1 0.1 
-0.1 0.1 
-0.1 0.1 
-0.1 0.1 
-0.046875 0.1 63:1.0 
-0.1 0.1 
-0.1 0.1 
-0.1 0.1 
-0.1 0.1 
-0.1 0.1 
-0.1 0.1 
-0.1 0.0 32:1.0 
-0.1 0.1 
-0.1 0.1 
-0.1 0.1 
-0.046875 0.06406250000000005 62:1.0 73:1.0 83:1.0 109:1.0 
-0.1 0.1 
-0.1 0.1 
-0.1 0.1 
-0.1 0.1 
-0.1 0.1 
-0.1 0.1 
-0.046875 0.1 68:1.0 
-0.1 0.1 
-0.1 0.1 
-0.1 0.1 
-0.1 0.1 
-0.1 0.1 
-0.1 0.1 
-0.1 0.1 
-0.1 0.1 
-0.1 0.1 
-0.046875 0.06406250000000005 39:1.0 
-0.1 0.1 
-0.1 0.1 
-0.0 0.1 122:1.0 
-0.1 0.1 
-0.1 0.1 
-0.1 0.1 86:1.0 
-0.1 0.1 
-0.1 0.1 
-0.1 0.1 
-0.1 0.1 
-0.1 0.1 
-0.1 0.1 
-0.1 0.1 
-0.046875 0.0632812500000001 14:1.0 35:1.0 
-0.1 0.1 
-0.1 0.1 
-0.1 0.1 
-0.1 0.1 
-0.0 0.1 42:1.0 
-0.1 0.1 
-0.1 0.1 
-0.1 0.1 
-0.04999999999999999 0.1 43:1.0 
-0.1 0.1 
-0.1 0.1 
-0.1 0.1 
-0.1 0.1 
-0.1 0.1 
-0.046875 0.0632812500000001 88:1.0 
-0.0 0.1 27:1.0 
-0.1 0.1 
-0.1 0.1 
-0.1 0.1 
-0.1 0.1 
-0.1 0.0632812500000001 62:1.0 
-0.046875 0.0632812500000001 111:1.0 115:1.0 
-0.1 0.1 
-0.1 0.1 
-0.1 0.1 
-0.1 0.1 
-0.1 0.1 
-0.1 0.1 
-0.046875 0.0632812500000001 12:1.0 111:1.0 
-0.1 0.1 
-0.1 0.1 
-0.09687500000000002 0.1 13:1.0 
-0.1 0.1 
-0.046875 0.1 71:1.0 
-0.046875 0.0632812500000001 78:1.0 107:1.0 
-0.1 0.1 
-0.04999999999999999 0.1 89:1.0 
-0.1 0.1 
-0.1 0.1 
-0.1 0.1 
-0.1 0.1 
-0.1 0.0632812500000001 105:1.0 
-0.1 0.1 
-0.1 0.1 
-0.09687500000000002 0.1 8:1.0 
-0.046875 0.1 79:1.0 
-0.1 0.1 
-0.1 0.1 
-0.1 0.1 
-0.1 0.1 
-0.1 0.1 
-0.1 0.1 
-0.1 0.1 
-0.1 0.1 
-0.1 0.1 
-0.1 0.1 
-0.1 0.1 
-0.1 0.1 
-0.1 0.1 
-0.1 0.1 
-0.1 0.1 
-0.1 0.1 
-0.1 0.1 
-0.1 0.1 
-0.1 0.1 
-0.1 0.1 
-0.1 0.1 
-0.1 0.1 
-0.046875 0.1 31:1.0 
-0.04999999999999999 0.1 85:1.0 
-0.1 0.1 
-0.1 0.1 
-0.1 0.1 
-0.1 0.1 
-0.1 0.1 
-0.0 0.1 50:1.0 
-0.1 0.1 
-0.1 0.1 
-0.1 0.1 
-0.1 0.1 
-0.1 0.1 
-0.1 0.1 
-0.1 0.1 
-0.1 0.1 
-0.1 0.1 
-0.1 0.1 
-0.1 0.1 
-0.1 0.1 
-0.1 0.1 
-0.1 0.1 
-0.046875 0.0640625000000001 122:1.0 
-0.1 0.1 
-0.1 0.1 
-0.1 0.1 
-0.1 0.1 
-0.046875 0.1 98:1.0 
-0.1 0.1 
-0.1 0.1 
-0.046875 0.1 113:1.0 
-0.1 0.1 
-0.1 0.1 
-0.1 0.1 
-0.1 0.1 
-0.046875 0.0640625000000001 23:1.0 48:1.0 
-0.1 0.1 
-0.1 0.1 
-0.1 0.1 
-0.1 0.1 
-0.1 0.1 
-0.1 0.1 
-0.1 0.1 
-0.1 0.1 
-0.046875 0.0640625000000001 51:1.0 
-0.1 0.1 
-0.1 0.1 
-0.1 0.1 
-0.0 0.1 30:1.0 
-0.0 0.1 95:1.0 
-0.1 0.1 
-0.1 0.1 
-0.1 0.1 
-0.1 0.1 
-0.1 0.1 
-0.1 0.1 
-0.1 0.1 
-0.046875 0.0640625000000001 1:1.0 33:1.0 
-0.1 0.1 
-0.1 0.1 
-0.1 0.1 
-0.1 0.1 
-0.1 0.1 
-0.1 0.1 
-0.04687500000000003 0.0640625000000001 77:1.0 102:1.0 
-0.1 0.1 
-0.1 0.1 
-0.1 0.1 
-0.1 0.1 
-0.04687500000000003 0.0640625000000001 36:1.0 
-0.1 0.1 
-0.04687500000000003 0.0640625000000001 13:1.0 50:1.0 
-0.1 0.1 
-0.1 0.1 
-0.1 0.1 
-0.0 0.1 29:1.0 
-0.04687500000000003 0.0640625000000001 94:1.0 
-0.1 0.1 
-0.04687500000000003 0.0632812500000001 29:1.0 35:1.0 
-0.1 0.1 
-0.1 0.1 
-0.1 0.1 
-0.04687500000000003 0.1 42:1.0 
-0.09687500000000002 0.1 43:1.0 
-0.04687500000000003 0.0632812500000001 28:1.0 80:1.0 
-0.04687500000000003 0.1 22:1.0 
-0.1 0.1 
-0.1 0.1 
-0.1 0.1 
-0.1 0.1 
-0.1 0.1 
-0.04687500000000003 0.0632812500000001 41:1.0 45:1.0 
-0.04687500000000003 0.0632812500000001 21:1.0 50:1.0 
-0.1 0.1 
-0.09687500000000002 0.0632812500000001 85:1.0 
-0.04687500000000003 0.1 29:1.0 
-0.1 0.1 
-0.04687500000000003 0.1 28:1.0 
-0.1 0.1 
-0.04687500000000003 0.1 53:1.0 
-0.1 0.1 
-0.1 0.1 
-0.1 0.1 
-0.1 0.1 
-0.04687500000000003 0.0632812500000001 38:1.0 108:1.0 
-0.1 0.1 
-0.1 0.1 
-0.1 0.1 
-0.04687500000000003 0.1 90:1.0 
-0.1 0.1 
-0.1 0.1 
-0.1 0.1 
-0.1 0.1 
-0.1 0.1 
-0.1 0.1 
-0.1 0.1 
-0.04687500000000003 0.0632812500000001 24:1.0 49:1.0 69:1.0 83:1.0 97:1.0 112:1.0 130:1.0 131:1.0 133:1.0 
-0.1 0.1 
-0.1 0.1 
-0.1 0.1 
-0.1 0.1 
-0.1 0.1 
-0.04687500000000003 0.06328124999999998 95:1.0 
-0.1 0.1 
-0.04687500000000003 0.06328124999999998 119:1.0 
-0.04687500000000003 0.06328124999999998 114:1.0 
-0.1 0.1 
-0.1 0.1 
-0.1 0.1 
-0.04687500000000003 0.06328124999999998 96:1.0 
-0.1 0.1 
-0.04687500000000003 0.06328124999999998 8:1.0 80:1.0 
-0.1 0.1 
-0.1 0.1 
-0.1 0.1 
-0.04687500000000003 0.06328124999999998 87:1.0 
-0.1 0.1 77:1.0 
-0.1 0.1 
-0.1 0.1 
-0.09687500000000002 0.06328124999999998 81:1.0 
-0.1 0.1 
-0.1 0.1 
-0.1 0.1 
-0.1 0.1 
-0.1 0.1 
-0.1 0.1 
-0.1 0.1 
-0.1 0.1 
-0.1 0.1 
-0.1 0.1 
-0.1 0.1 
-0.1 0.1 
-0.04687500000000003 0.06328124999999998 27:1.0 
-0.04687500000000003 0.06328124999999998 16:1.0 76:1.0 129:1.0 
-0.04687500000000003 0.06328124999999998 32:1.0 
-0.1 0.1 
-0.04687500000000003 0.06328124999999998 56:1.0 68:1.0 
-0.1 0.1 
-0.04687500000000003 0.06328125000000004 33:1.0 
-0.1 0.1 
-0.1 0.1 
-0.1 0.1 
-0.1 0.1 
-0.09687500000000002 0.06328125000000004 89:1.0 
-0.1 0.1 
-0.1 0.1 
-0.04687500000000003 0.06328125000000004 11:1.0 
-0.1 0.1 
-0.04687500000000003 0.06328125000000004 39:1.0 59:1.0 
-0.1 0.06328125000000004 35:1.0 
-0.1 0.1 
-0.04687500000000003 0.06328125000000004 7:1.0 
-0.04687500000000003 0.1 57:1.0 
-0.1 0.1 
-0.1 0.1 
-0.1 0.1 
-0.09687500000000002 0.1 77:1.0 
-0.1 0.1 
-0.1 0.1 
-0.1 0.1 
-0.1 0.1 
-0.0 0.1 70:1.0 
-0.1 0.1 
-0.1 0.1 
-0.04687500000000003 0.06328124999999998 2:1.0 
-0.1 0.1 
-0.04687500000000003 0.06328124999999998 50:1.0 
-0.1 0.1 
-0.1 0.1 
-0.1 0.1 
-0.1 0.1 
-0.04687500000000003 0.06328124999999998 46:1.0 
-0.1 0.1 
-0.1 0.1 
-0.1 0.1 
-0.1 0.1 
-0.04687500000000003 0.1 5:1.0 
-0.1 0.1 
-0.1 0.1 
-0.1 0.1 
-0.04687500000000003 0.06328124999999998 13:1.0 111:1.0 
-0.1 0.1 
-0.1 0.1 
-0.04687500000000003 0.06328124999999998 111:1.0 
-0.1 0.1 
-0.1 0.1 
-0.1 0.1 
-0.1 0.1 
-0.04687499999999997 0.06328124999999998 33:1.0 50:1.0 
-0.1 0.1 
-0.1 0.1 
-0.1 0.1 
-0.1 0.1 
-0.1 0.1 
-0.1 0.1 
-0.1 0.0 18:1.0 
-0.04687499999999997 0.06328124999999998 16:1.0 
-0.1 0.1 
-0.1 0.1 
-0.1 0.1 
-0.1 0.1 
-0.1 0.1 
-0.1 0.1 
-0.1 0.1 
-0.1 0.1 
-0.1 0.1 
-0.1 0.1 
-0.1 0.1 
-0.1 0.1 
-0.04687499999999997 0.06328124999999998 50:1.0 79:1.0 
-0.1 0.1 
-0.1 0.1 
-0.1 0.1 
-0.1 0.1 
-0.1 0.1 
-0.1 0.1 
-0.1 0.1 
-0.1 0.1 
-0.1 0.1 
-0.04687499999999997 0.06328124999999998 70:1.0 
-0.1 0.1 
-0.1 0.1 
-0.1 0.1 
-0.1 0.1 
-0.1 0.1 
-0.1 0.1 
-0.1 0.1 
-0.1 0.1 
-0.04687499999999997 0.06328124999999998 64:1.0 77:1.0 
-0.1 0.1 
-0.1 0.1 
-0.1 0.1 
-0.1 0.1 
-0.1 0.1 
-0.1 0.1 
-0.1 0.1 
-0.1 0.1 
-0.1 0.1 
-0.1 0.1 
-0.1 0.1 
-0.1 0.1 
-0.1 0.1 
-0.1 0.1 
-0.1 0.1 
-0.1 0.1 
-0.1 0.1 
-0.1 0.0 18:1.0 
-0.1 0.1 
-0.1 0.1 
-0.1 0.1 
-0.1 0.1 
-0.04687499999999997 0.06328124999999998 106:1.0 
-0.1 0.1 
-0.1 0.1 
-0.1 0.1 
-0.04687499999999997 0.1 114:1.0 118:1.0 127:1.0 
-0.04687499999999997 0.06328124999999998 98:1.0 113:1.0 
-0.1 0.1 
-0.1 0.1 
-0.1 0.1 
-0.1 0.1 
-0.04687499999999997 0.06328124999999998 82:1.0 
-0.1 0.1 
-0.04687499999999997 0.1 44:1.0 
-0.04687499999999997 0.06328124999999998 73:1.0 102:1.0 
-0.04687499999999997 0.1 78:1.0 
-0.1 0.1 
-0.04687499999999997 0.06328124999999998 83:1.0 
-0.04687499999999997 0.06328124999999998 30:1.0 
-0.1 0.1 
-0.1 0.1 
-0.1 0.1 
-0.1 0.1 
-0.1 0.1 
-0.04687499999999997 0.06328124999999998 24:1.0 49:1.0 112:1.0 121:1.0 130:1.0 
-0.04687499999999997 0.06328124999999998 75:1.0 
-0.04687499999999997 0.06328124999999998 14:1.0 
-0.04687499999999997 0.06328124999999998 28:1.0 96:1.0 
-0.04687499999999997 0.06328124999999998 21:1.0 22:1.0 88:1.0 
-0.1 0.1 
-0.1 0.1 
-0.1 0.1 
-0.04687499999999997 0.06328124999999998 18:1.0 
-0.1 0.1 
-0.1 0.1 
-0.04687499999999997 0.06328124999999998 91:1.0 120:1.0 
-0.1 0.1 
-0.04687499999999997 0.06328124999999998 22:1.0 40:1.0 73:1.0 
-0.1 0.1 
-0.1 0.1 
-0.1 0.1 
-0.09687499999999996 0.1 
-0.04687499999999997 0.1 115:1.0 
-0.0 -0.1 
-0.0 -0.1 
-0.0 -0.1 
-0.0 -0.1 
-0.0 -0.1 
-0.0 -0.1 
-0.0 -0.1 
-0.0 -0.1 78:1.0 
-0.1 -0.1 10:1.0 
-0.0 -0.1 
-0.0 -0.1 
-0.0 -0.1 
-0.0 -0.1 
-0.0 -0.1 
-0.0 -0.1 
-0.0 -0.1 
-0.1 -0.1 48:1.0 
-0.0 -0.1 
-0.0 -0.1 
-0.0 -0.1 
-0.0 -0.1 
-0.0 -0.1 
-0.08437499999999992 -0.1 117:1.0 
-0.0 -0.1 109:1.0 
-0.1 -0.1 17:1.0 
-0.0 -0.1 
-0.0 -0.1 42:1.0 
-0.0 -0.1 
-0.0 -0.1 
-0.0 -0.1 
-0.0 -0.1 
-0.0 -0.1 
-0.0 -0.1 
-0.0 -0.1 
-0.0 -0.1 
-0.08437499999999992 -0.1 3:1.0 
-0.0 -0.1 
-0.0 -0.1 
-0.0 -0.1 
-0.0 -0.1 
-0.0 -0.1 
-0.08515624999999993 -0.1 122:1.0 
-0.08515624999999993 -0.1 13:1.0 75:1.0 
-0.0 -0.1 
-0.0 -0.1 60:1.0 
-0.0 -0.1 
-0.0 -0.1 
-0.0 -0.1 
-0.0 -0.1 
-0.0 -0.1 
-0.0 -0.1 
-0.1 -0.1 89:1.0 
-0.0 -0.1 
-0.0 -0.1 
-0.0 -0.1 
-0.0 -0.1 
-0.08515624999999993 -0.1 101:1.0 105:1.0 
-0.0 -0.1 
-0.0 -0.1 
-0.0 -0.1 
-0.0 -0.1 
-0.0 -0.1 79:1.0 
-0.0 -0.1 
-0.0 -0.1 
-0.0 -0.1 
-0.0 -0.1 
-0.0 -0.1 
-0.0 -0.1 109:1.0 
-0.0 -0.1 
-0.0 -0.1 
-0.0 -0.1 
-0.0 -0.1 
-0.1 -0.1 3:1.0 
-0.0 -0.1 
-0.0 -0.1 
-0.0 -0.1 
-0.0 -0.1 
-0.0 -0.1 
-0.0 -0.1 
-0.0 -0.1 
-0.0 -0.1 9:1.0 
-0.08515624999999993 -0.1 90:1.0 
-0.0 -0.1 
-0.0 -0.1 
-0.0 -0.1 
-0.0 -0.1 
-0.0 -0.1 
-0.0 -0.1 
-0.0 -0.1 98:1.0 
-0.08515624999999993 -0.1 
-0.1 -0.1 
-0.1 -0.1 
-0.1 -0.1 
-0.0 -0.1 29:1.0 
-0.1 -0.1 
-0.08515624999999993 -0.1 5:1.0 6:1.0 
-0.1 -0.1 
-0.0 -0.1 56:1.0 
-0.08515624999999993 -0.1 34:1.0 
-0.1 -0.1 
-0.1 -0.1 
-0.1 -0.1 
-0.08515624999999993 -0.1 16:1.0 19:1.0 71:1.0 
-0.1 -0.1 
-0.1 -0.1 
-0.1 -0.1 
-0.1 -0.1 
-0.08515624999999993 -0.1 63:1.0 
-0.1 -0.1 
-0.1 -0.1 
-0.1 -0.1 
-0.1 -0.1 
-0.1 -0.1 
-0.1 -0.1 
-0.08515624999999996 -0.1 14:1.0 35:1.0 71:1.0 
-0.1 -0.1 
-0.1 -0.1 
-0.1 -0.1 
-0.1 -0.1 
-0.0 -0.1 23:1.0 
-0.0 -0.1 47:1.0 
-0.08515624999999996 -0.1 98:1.0 
-0.0 -0.1 109:1.0 
-0.08515624999999996 -0.1 30:1.0 
-0.1 -0.1 
-0.1 -0.1 8:1.0 
-0.1 -0.1 
-0.1 -0.1 
-0.1 -0.1 
-0.1 -0.1 
-0.1 -0.1 
-0.1 -0.1 
-0.1 -0.1 86:1.0 
-0.1 -0.1 
-0.1 -0.1 
-0.1 -0.1 
-0.1 -0.1 
-0.1 -0.1 
-0.08515624999999996 -0.1 29:1.0 
-0.1 -0.1 
-0.1 -0.1 
-0.1 -0.1 
-0.1 -0.1 
-0.08515624999999996 -0.1 28:1.0 101:1.0 
-0.1 -0.1 
-0.1 -0.1 
-0.1 -0.1 103:1.0 
-0.1 -0.1 
-0.1 -0.1 
-0.08515624999999996 -0.1 28:1.0 
-0.1 -0.1 
-0.0 -0.1 26:1.0 99:1.0 132:1.0 
-0.0 -0.1 47:1.0 
-0.1 -0.1 
-0.1 -0.1 
-0.1 -0.1 
-0.1 -0.1 
-0.08515624999999996 -0.1 44:1.0 
-0.1 -0.1 
-0.1 -0.1 
-0.1 -0.1 
-0.1 -0.1 
-0.1 -0.1 
-0.1 -0.1 
-0.08515624999999996 -0.1 57:1.0 
-0.0 -0.1 31:1.0 
-0.1 -0.1 
-0.08515624999999996 -0.1 59:1.0 
-0.1 -0.1 
-0.1 -0.1 
-0.1 -0.1 
-0.08515624999999996 -0.1 19:1.0 84:1.0 
-0.1 -0.1 
-0.1 -0.1 
-0.0 -0.1 20:1.0 45:1.0 125:1.0 
-0.1 -0.1 
-0.0 -0.1 77:1.0 
-0.1 -0.1 
-0.1 -0.1 
-0.1 -0.1 
-0.1 -0.1 
-0.08515624999999996 -0.1 5:1.0 88:1.0 
-0.1 -0.1 
-0.1 -0.1 
-0.1 -0.1 37:1.0 
-0.1 -0.1 
-0.0 -0.1 93:1.0 
-0.1 -0.1 
-0.0 -0.1 77:1.0 
-0.1 -0.1 
-0.1 -0.1 
-0.1 -0.1 
-0.1 -0.1 
-0.1 -0.1 
-0.0 -0.1 79:1.0 
-0.1 -0.1 
-0.1 -0.1 
-0.1 -0.1 
-0.0 -0.1 74:1.0 
-0.1 -0.1 
-0.1 -0.1 
-0.1 -0.1 
-0.0 -0.1 114:1.0 118:1.0 127:1.0 
-0.08515624999999996 -0.1 29:1.0 37:1.0 108:1.0 
-0.0 -0.1 78:1.0 
-0.1 -0.1 
-0.1 -0.1 
-0.08515624999999996 -0.1 50:1.0 
-0.1 -0.1 
-0.0 -0.1 43:1.0 
-0.1 -0.1 
-0.1 -0.1 
-0.0 -0.1 23:1.0 
-0.1 -0.1 
-0.1 -0.1 
-0.1 -0.1 
-0.1 -0.1 
-0.1 -0.1 15:1.0 67:1.0 
-0.1 -0.1 
-0.08515624999999996 -0.1 9:1.0 59:1.0 113:1.0 115:1.0 
-0.1 -0.1 
-0.1 -0.1 
-0.1 -0.1 
-0.1 -0.1 
-0.1 -0.1 
-0.1 -0.1 
-0.1 -0.1 
-0.1 -0.1 
-0.1 -0.1 
-0.1 -0.1 
-0.1 -0.1 
-0.1 -0.1 
-0.1 -0.1 
-0.1 -0.1 
-0.1 -0.1 
-0.1 -0.1 
-0.1 -0.1 
-0.08515624999999996 -0.1 53:1.0 
-0.1 -0.1 
-0.1 -0.1 
-0.1 -0.1 
-0.1 -0.1 
-0.08515624999999996 -0.1 31:1.0 
-0.08515624999999996 -0.1 95:1.0 
-0.1 -0.1 
-0.1 -0.1 
-0.1 -0.1 
-0.1 -0.1 
-0.1 -0.1 
-0.1 -0.1 
-0.1 -0.1 
-0.1 -0.1 
-0.08515624999999996 -0.1 56:1.0 
-0.08515625000000002 -0.1 29:1.0 115:1.0 
-0.1 -0.1 
-0.1 -0.1 
-0.1 -0.1 
-0.1 -0.1 
-0.1 -0.1 
-0.08515625000000002 -0.1 48:1.0 71:1.0 
-0.0 -0.1 109:1.0 
-0.1 -0.1 43:1.0 
-0.1 -0.1 
-0.1 -0.1 47:1.0 
-0.1 -0.1 
-0.1 -0.1 
-0.1 -0.1 
-0.1 -0.1 64:1.0 
-0.1 -0.1 
-0.08515625000000002 -0.1 9:1.0 
-0.1 -0.1 
-0.1 -0.1 
-0.0 -0.1 60:1.0 
-0.1 -0.1 
-0.1 -0.1 1:1.0 
-0.1 -0.1 
-0.1 -0.1 
-0.1 -0.1 
-0.1 -0.1 
-0.1 -0.1 
-0.1 -0.1 
-0.1 -0.1 
-0.1 -0.1 
-0.1 -0.1 
-0.1 -0.1 
-0.1 -0.1 
-0.1 -0.1 
-0.1 -0.1 
-0.1 -0.1 
-0.1 -0.1 
-0.1 -0.1 
-0.1 -0.1 
-0.0 -0.1 113:1.0 
-0.1 -0.1 
-0.1 -0.1 
-0.1 -0.1 
-0.1 -0.1 4:1.0 
-0.1 -0.1 
-0.1 -0.1 
-0.08515625000000002 -0.1 12:1.0 
-0.1 -0.1 
-0.1 -0.1 
-0.08515625000000002 -0.1 10:1.0 55:1.0 
-0.0 -0.1 113:1.0 
-0.1 -0.1 
-0.1 -0.1 
-0.1 -0.1 
-0.1 -0.1 
-0.1 -0.1 
-0.1 -0.1 
-0.1 -0.1 
-0.1 -0.1 
-0.1 -0.1 
-0.1 -0.1 
-0.0 -0.1 109:1.0 
-0.1 -0.1 54:1.0 
-0.1 -0.1 85:1.0 
-0.08515625000000002 -0.1 78:1.0 
-0.1 -0.1 
-0.08515625000000002 -0.1 43:1.0 
-0.08515625000000002 -0.1 16:1.0 26:1.0 76:1.0 99:1.0 129:1.0 132:1.0 
-0.08515625000000002 -0.1 93:1.0 
-0.1 -0.1 
-0.1 -0.1 
-0.1 -0.1 
-0.1 -0.1 
-0.1 -0.1 
-0.1 -0.1 
-0.08515625000000002 -0.1 79:1.0 
-0.1 -0.1 
-0.08515625000000002 -0.1 11:1.0 117:1.0 
-0.1 -0.1 
-0.08515625000000002 -0.1 80:1.0 
-0.1 -0.1 
-0.1 -0.1 
-0.1 -0.1 
-0.1 -0.1 
-0.08515625000000002 -0.1 60:1.0 
-0.1 -0.1 
-0.08515625000000002 -0.1 47:1.0 60:1.0 
-0.08515625000000002 -0.1 36:1.0 
-0.1 -0.1 
-0.1 -0.1 
-0.1 -0.1 
-0.1 -0.1 
-0.1 -0.1 
-0.1 -0.1 
-0.1 -0.1 
-0.1 -0.1 
-0.1 -0.1 
-0.1 -0.1 
-0.1 -0.1 
-0.08515625000000007 -0.1 22:1.0 
-0.1 -0.1 
-0.1 -0.1 
-0.08515625000000007 -0.1 20:1.0 45:1.0 125:1.0 
-0.1 -0.1 
-0.1 -0.1 
-0.1 -0.1 
-0.1 -0.1 
-0.1 -0.1 101:1.0 
-0.08515625000000007 -0.1 114:1.0 118:1.0 127:1.0 
-0.1 -0.1 
-0.1 -0.1 
-0.1 -0.1 
-0.1 -0.1 
-0.1 -0.1 
-0.1 -0.1 
-0.1 -0.1 
-0.1 -0.1 77:1.0 
-0.08515625000000007 -0.1 54:1.0 61:1.0 110:1.0 
-0.1 -0.1 
-0.1 -0.1 
-0.1 -0.1 
-0.08515625000000007 -0.1 5:1.0 
-0.08515625000000007 -0.1 16:1.0 19:1.0 
-0.1 -0.1 
-0.08515625000000007 -0.1 54:1.0 95:1.0 
-0.08515625000000007 -0.1 86:1.0 
-0.1 -0.1 
-0.08515625000000007 -0.1 47:1.0 
-0.1 -0.1 
-0.1 -0.1 
-0.1 -0.1 
-0.08515625000000007 -0.1 65:1.0 
-0.1 -0.1 
-0.1 -0.1 
-0.1 -0.1 
-0.1 -0.1 
-0.1 -0.1 
-0.1 -0.1 45:1.0 
-0.1 -0.1 
-0.1 -0.1 
-0.1 -0.1 
-0.1 -0.1 
-0.1 -0.1 
-0.1 -0.1 
-0.1 -0.1 
-0.1 -0.1 
-0.1 -0.1 
-0.1 -0.1 
-0.1 -0.1 
-0.1 -0.1 
-0.08515625000000007 -0.1 2:1.0 91:1.0 
-0.1 -0.1 
-0.1 -0.1 
-0.0 -0.1 109:1.0 
-0.08515625000000007 -0.1 60:1.0 72:1.0 
-0.1 -0.1 
-0.08515625000000007 -0.1 68:1.0 
-0.08515625000000007 -0.1 39:1.0 94:1.0 
-0.1 -0.1 
-0.1 -0.1 
-0.1 -0.1 
-0.1 -0.1 
-0.1 -0.1 
-0.1 -0.1 
-0.1 -0.1 
-0.0 -0.1 38:1.0 
-0.1 -0.1 
-0.1 -0.1 
-0.1 -0.1 
-0.1 -0.1 
-0.1 -0.1 
-0.1 -0.1 74:1.0 
-0.08515625000000007 -0.1 73:1.0 
-0.1 -0.1 
-0.0 -0.1 38:1.0 
-0.1 -0.1 
-0.1 -0.1 
-0.1 -0.1 
-0.1 -0.1 
-0.1 -0.1 
-0.1 -0.1 
-0.1 -0.1 
-0.1 -0.1 8:1.0 
-0.1 -0.1 
-0.1 -0.1 
-0.1 -0.1 
-0.1 -0.1 
-0.1 -0.1 
-0.1 -0.1 77:1.0 
-0.1 -0.1 
-0.1 -0.1 
-0.1 -0.1 
-0.1 -0.1 
-0.1 -0.1 
-0.1 -0.1 
-0.08515625000000007 -0.1 25:1.0 65:1.0 
-0.08515625000000007 -0.1 70:1.0 
-0.1 -0.1 
-0.08515625000000007 -0.1 74:1.0 
-0.1 -0.1 
-0.1 -0.1 
-0.1 -0.1 
-0.1 -0.1 
-0.1 -0.1 
-0.1 -0.1 
-0.1 -0.1 
-0.1 -0.1 
-0.0 -0.1 23:1.0 
-0.1 -0.1 
-0.1 -0.1 
-0.1 -0.1 
-0.1 -0.1 
-0.1 -0.1 13:1.0 
-0.1 -0.1 
-0.08515625000000007 -0.1 115:1.0 
-0.1 -0.1 
-0.0 -0.1 26:1.0 99:1.0 132:1.0 
-0.1 -0.1 
-0.1 -0.1 
-0.1 -0.1 
-0.08515625000000002 -0.1 26:1.0 99:1.0 132:1.0 
-0.1 -0.1 
-0.08515625000000002 -0.1 77:1.0 
-0.1 -0.1 
-0.1 -0.1 
-0.1 -0.1 
-0.1 -0.1 
-0.1 -0.1 
-0.1 -0.1 
-0.1 -0.1 
-0.1 -0.1 
-0.1 -0.1 
-0.1 -0.1 
-0.1 -0.1 
-0.1 -0.1 
-0.1 -0.1 
-0.1 -0.1 
-0.1 -0.1 
-0.1 -0.1 
-0.1 -0.1 
-0.1 -0.1 
-0.08515625000000002 -0.1 42:1.0 
-0.1 -0.1 
-0.1 -0.1 
-0.1 -0.1 
-0.1 -0.1 
-0.1 -0.1 
-0.1 -0.1 
-0.08515625000000002 -0.1 23:1.0 
-0.1 -0.1 
-0.08515625000000002 -0.1 27:1.0 
-0.1 -0.1 
-0.08515625000000002 -0.1 38:1.0 
-0.1 -0.1 
-0.1 -0.1 
-0.1 -0.1 
-0.08515625000000002 -0.1 71:1.0 
-0.08515625000000002 -0.1 15:1.0 
-0.1 -0.1 
-0.1 -0.1 
-0.1 -0.1 
-0.1 -0.1 
-0.0 -0.1 109:1.0 
-0.1 -0.1 
-0.08515625000000002 -0.1 113:1.0 
-0.08515625000000002 -0.1 109:1.0 
-0.1 -0.1 20:1.0 45:1.0 58:1.0 92:1.0 104:1.0 124:1.0 125:1.0 126:1.0 128:1.0 
-0.1 -0.1 
-0.08515625000000002 -0.1 40:1.0 73:1.0 94:1.0 
-0.1 -0.1 
-0.1 -0.1 
-0.1 -0.1 
-0.1 -0.1 
-0.1 -0.1 
-0.1 -0.1 81:1.0 
-0.1 -0.1 
-0.1 -0.1 
-0.1 -0.1 
-0.1 -0.1 
-0.1 -0.1 
-0.1 -0.1 
-0.1 -0.1 
-0.1 -0.1 
-0.1 -0.1 
