svm_type c_svc
kernel_type rbf
gamma 100.0
nr_class 3
total_sv 1529
rho 0.6028380102040817 0.3218439275568182 -0.4958695023148148
label 2 0 1
nr_sv 416 585 528
SV
1.0 1.0 
1.0 1.0 
1.0 1.0 
0.6025390625 0.3212890625 45:1.0 58:1.0 104:1.0 116:1.0 126:1.0 128:1.0 
1.0 1.0 
1.0 1.0 61:1.0 86:1.0 
1.0 1.0 
1.0 1.0 
1.0 1.0 
1.0 1.0 
1.0 1.0 
1.0 1.0 
1.0 1.0 
1.0 1.0 
1.0 1.0 
1.0 1.0 27:1.0 101:1.0 105:1.0 
1.0 1.0 84:1.0 
1.0 1.0 
1.0 1.0 
1.0 1.0 
1.0 1.0 
1.0 1.0 
1.0 0.3212890625 18:1.0 
1.0 1.0 
1.0 1.0 
1.0 1.0 
1.0 1.0 
1.0 1.0 
1.0 1.0 
1.0 1.0 
1.0 1.0 
1.0 1.0 
1.0 1.0 
1.0 1.0 
1.0 1.0 
1.0 1.0 
1.0 1.0 
1.0 1.0 
1.0 1.0 
1.0 1.0 
1.0 1.0 4:1.0 
1.0 1.0 
1.0 1.0 45:1.0 58:1.0 104:1.0 116:1.0 126:1.0 128:1.0 
1.0 1.0 
1.0 1.0 
1.0 1.0 
1.0 1.0 
1.0 1.0 
1.0 1.0 
1.0 1.0 
1.0 1.0 
1.0 1.0 
0.6025390625 0.0 61:1.0 
1.0 1.0 
1.0 1.0 
1.0 1.0 
1.0 1.0 32:1.0 
1.0 1.0 
1.0 1.0 
1.0 1.0 
1.0 1.0 81:1.0 
1.0 1.0 
1.0 1.0 
1.0 1.0 
1.0 1.0 
1.0 1.0 8:1.0 
1.0 1.0 86:1.0 
1.0 1.0 
1.0 1.0 
0.6025390625 1.0 20:1.0 45:1.0 58:1.0 92:1.0 104:1.0 124:1.0 125:1.0 126:1.0 128:1.0 
1.0 1.0 6:1.0 116:1.0 
1.0 1.0 
1.0 1.0 
1.0 1.0 
1.0 0.3212890625 6:1.0 
1.0 1.0 
1.0 1.0 3:1.0 
1.0 1.0 
1.0 1.0 
1.0 1.0 
1.0 1.0 
1.0 1.0 
1.0 1.0 
1.0 1.0 
1.0 1.0 
1.0 1.0 
1.0 1.0 
1.0 1.0 
1.0 1.0 
1.0 1.0 72:1.0 101:1.0 
0.6025390625 0.3212890625 110:1.0 
1.0 1.0 20:1.0 45:1.0 58:1.0 92:1.0 104:1.0 124:1.0 125:1.0 126:1.0 128:1.0 
1.0 1.0 
1.0 1.0 110:1.0 
1.0 1.0 
1.0 1.0 
1.0 1.0 4:1.0 91:1.0 
1.0 1.0 
1.0 1.0 
1.0 1.0 
1.0 1.0 
1.0 1.0 
0.6025390625 0.3212890625 72:1.0 
1.0 1.0 
1.0 1.0 
1.0 1.0 
1.0 1.0 81:1.0 
1.0 1.0 
1.0 1.0 
1.0 1.0 
1.0 1.0 
1.0 1.0 
1.0 1.0 
1.0 1.0 
1.0 0.3212890625 35:1.0 
1.0 1.0 58:1.0 
1.0 1.0 
1.0 1.0 
1.0 1.0 
1.0 1.0 
1.0 1.0 116:1.0 
1.0 1.0 
1.0 1.0 
1.0 1.0 
0.6025390625 0.3212890625 52:1.0 
1.0 1.0 
1.0 1.0 
1.0 1.0 
1.0 1.0 
1.0 1.0 
1.0 1.0 
1.0 1.0 
1.0 1.0 
1.0 1.0 
1.0 1.0 
1.0 1.0 
1.0 1.0 
1.0 1.0 
1.0 1.0 
1.0 1.0 
1.0 1.0 
1.0 1.0 
1.0 1.0 85:1.0 
1.0 1.0 
1.0 1.0 
1.0 1.0 
1.0 1.0 
1.0 1.0 
1.0 1.0 
1.0 1.0 
1.0 1.0 
1.0 1.0 
1.0 1.0 
1.0 1.0 
1.0 1.0 
1.0 1.0 
1.0 1.0 
1.0 1.0 1:1.0 
1.0 1.0 77:1.0 
1.0 1.0 1:1.0 53:1.0 
0.6025390625 1.0 54:1.0 
1.0 1.0 
1.0 1.0 6:1.0 
1.0 1.0 
1.0 1.0 
0.6025390625 1.0 15:1.0 67:1.0 
1.0 0.3212890625 107:1.0 
1.0 1.0 54:1.0 
1.0 1.0 29:1.0 77:1.0 
1.0 1.0 
1.0 1.0 
1.0 1.0 47:1.0 
1.0 1.0 
0.6025390625 0.3212890625 108:1.0 
1.0 1.0 18:1.0 
1.0 1.0 
1.0 1.0 
1.0 1.0 
1.0 1.0 
1.0 0.5 25:1.0 
1.0 1.0 
1.0 1.0 
1.0 1.0 
1.0 1.0 
1.0 1.0 13:1.0 45:1.0 104:1.0 128:1.0 
1.0 1.0 
1.0 1.0 
1.0 1.0 
1.0 1.0 
1.0 1.0 
1.0 1.0 
1.0 1.0 
1.0 1.0 
1.0 1.0 
0.6025390625 1.0 37:1.0 
1.0 1.0 
1.0 1.0 
1.0 1.0 
1.0 1.0 
1.0 1.0 13:1.0 
1.0 1.0 
1.0 1.0 
1.0 1.0 
1.0 1.0 
1.0 1.0 
1.0 1.0 
1.0 1.0 
1.0 1.0 
0.0 0.3212890625 101:1.0 
1.0 1.0 105:1.0 
1.0 1.0 
1.0 1.0 45:1.0 
1.0 1.0 
1.0 1.0 72:1.0 
1.0 1.0 
1.0 1.0 
1.0 1.0 
1.0 1.0 
1.0 1.0 13:1.0 
1.0 1.0 
1.0 1.0 
1.0 0.3212890625 61:1.0 
1.0 1.0 
1.0 1.0 
1.0 1.0 67:1.0 
1.0 1.0 
1.0 1.0 48:1.0 
1.0 1.0 
1.0 1.0 
1.0 1.0 82:1.0 121:1.0 
1.0 1.0 
1.0 1.0 
1.0 1.0 37:1.0 
1.0 1.0 8:1.0 
1.0 1.0 
1.0 1.0 58:1.0 91:1.0 92:1.0 120:1.0 124:1.0 
1.0 1.0 
1.0 1.0 
1.0 1.0 4:1.0 58:1.0 120:1.0 
1.0 1.0 43:1.0 48:1.0 
1.0 1.0 
1.0 1.0 
1.0 1.0 
1.0 1.0 45:1.0 
1.0 1.0 
1.0 1.0 43:1.0 
0.6025390625 0.3212890625 103:1.0 
1.0 1.0 
1.0 1.0 
1.0 1.0 
1.0 1.0 
1.0 1.0 
1.0 1.0 77:1.0 
1.0 1.0 
1.0 1.0 
1.0 1.0 
1.0 1.0 
1.0 1.0 
1.0 1.0 
1.0 1.0 
1.0 1.0 91:1.0 
1.0 1.0 
1.0 1.0 
1.0 1.0 64:1.0 
1.0 1.0 
1.0 1.0 
1.0 1.0 
1.0 1.0 
1.0 1.0 35:1.0 
1.0 1.0 17:1.0 52:1.0 
1.0 1.0 
1.0 1.0 
0.6025390625 1.0 17:1.0 
1.0 1.0 17:1.0 
1.0 1.0 
1.0 1.0 
1.0 1.0 
1.0 1.0 
1.0 1.0 
1.0 1.0 
1.0 1.0 
1.0 1.0 103:1.0 
1.0 1.0 
1.0 1.0 
1.0 1.0 
1.0 1.0 
1.0 1.0 52:1.0 102:1.0 
1.0 1.0 
1.0 1.0 
1.0 1.0 
1.0 1.0 
1.0 1.0 
1.0 1.0 
1.0 1.0 108:1.0 
1.0 1.0 103:1.0 
1.0 1.0 
1.0 1.0 
0.6025390625 1.0 101:1.0 
1.0 1.0 
1.0 1.0 
1.0 1.0 
1.0 1.0 
1.0 1.0 
1.0 1.0 81:1.0 105:1.0 
1.0 1.0 
1.0 1.0 
1.0 1.0 
1.0 1.0 
1.0 1.0 
1.0 1.0 
1.0 1.0 
1.0 1.0 
1.0 1.0 
1.0 1.0 
1.0 1.0 
1.0 1.0 61:1.0 
1.0 1.0 
1.0 1.0 
1.0 1.0 52:1.0 
1.0 1.0 100:1.0 
1.0 1.0 
1.0 1.0 
1.0 1.0 
1.0 1.0 
1.0 1.0 
1.0 1.0 
1.0 1.0 
1.0 1.0 
1.0 1.0 10:1.0 
1.0 1.0 
1.0 1.0 107:1.0 
1.0 1.0 
1.0 1.0 
1.0 1.0 
1.0 1.0 
1.0 1.0 
1.0 1.0 
1.0 1.0 101:1.0 
1.0 1.0 
1.0 1.0 
1.0 1.0 
1.0 1.0 
1.0 1.0 
1.0 1.0 
1.0 1.0 
1.0 1.0 
1.0 1.0 
1.0 1.0 
1.0 1.0 
1.0 1.0 
1.0 1.0 
1.0 1.0 
1.0 1.0 
1.0 1.0 
1.0 1.0 
1.0 1.0 
1.0 1.0 
1.0 1.0 
1.0 1.0 
1.0 1.0 
1.0 1.0 
1.0 1.0 
1.0 1.0 
1.0 1.0 
1.0 1.0 
1.0 1.0 
1.0 0.822265625 25:1.0 
1.0 1.0 
1.0 1.0 
1.0 1.0 
1.0 1.0 
1.0 1.0 
1.0 1.0 
1.0 1.0 
1.0 1.0 
1.0 1.0 15:1.0 62:1.0 
1.0 1.0 
1.0 1.0 
1.0 1.0 
1.0 1.0 
1.0 1.0 
1.0 1.0 
1.0 1.0 
1.0 1.0 
1.0 1.0 
1.0 1.0 
1.0 1.0 
1.0 1.0 
1.0 1.0 
1.0 1.0 
1.0 1.0 
1.0 1.0 
1.0 1.0 62:1.0 
1.0 1.0 
1.0 1.0 
1.0 1.0 
1.0 1.0 
1.0 1.0 
1.0 1.0 
1.0 1.0 89:1.0 
1.0 1.0 
1.0 1.0 15:1.0 67:1.0 
1.0 1.0 
1.0 1.0 
1.0 1.0 
1.0 1.0 
1.0 1.0 74:1.0 
1.0 1.0 
1.0 1.0 
1.0 1.0 
1.0 1.0 
1.0 1.0 
1.0 1.0 
1.0 1.0 
1.0 1.0 
1.0 1.0 
-0.396484375 1.0 47:1.0 
-0.0 0.50390625 113:1.0 
-0.396484375 0.50390625 41:1.0 
-0.396484375 1.0 86:1.0 
-0.396484375 0.50390625 73:1.0 98:1.0 
-0.396484375 0.50390625 7:1.0 63:1.0 
-0.396484375 0.50390625 66:1.0 123:1.0 
-0.396484375 0.50390625 80:1.0 113:1.0 
-0.396484375 1.0 3:1.0 
-0.0 1.0 109:1.0 
-0.396484375 0.50390625 55:1.0 
-0.396484375 1.0 47:1.0 60:1.0 
-1.0 0.0 107:1.0 
-1.0 0.0 35:1.0 
-0.396484375 0.50390625 11:1.0 114:1.0 118:1.0 127:1.0 
-0.396484375 1.0 9:1.0 
-0.396484375 0.50390625 53:1.0 58:1.0 91:1.0 120:1.0 
-0.0 0.50390625 53:1.0 
-0.396484375 1.0 56:1.0 
-0.396484375 0.50390625 20:1.0 41:1.0 45:1.0 125:1.0 
-0.0 0.50390625 71:1.0 
-1.0 0.50390625 116:1.0 
-1.0 1.0 45:1.0 
-1.0 0.50390625 25:1.0 
-0.396484375 1.0 117:1.0 
-0.396484375 1.0 23:1.0 
-0.396484375 0.0 13:1.0 
-0.0 1.0 31:1.0 
-0.396484375 0.50390625 8:1.0 
-1.0 0.50390625 6:1.0 
-0.0 0.50390625 12:1.0 
-0.0 0.50390625 57:1.0 
-0.396484375 0.50390625 96:1.0 113:1.0 
-0.396484375 0.50390625 40:1.0 114:1.0 
-0.396484375 0.50390625 16:1.0 71:1.0 76:1.0 129:1.0 
-0.396484375 0.50390625 62:1.0 102:1.0 
-1.0 0.50390625 61:1.0 
-0.3974609375 1.0 11:1.0 117:1.0 
-1.0 1.0 8:1.0 
-0.0 0.50390625 90:1.0 
-0.0 0.50390625 44:1.0 
-0.0 0.50390625 42:1.0 
-0.3984375 1.0 77:1.0 
-0.3974609375 0.50390625 40:1.0 71:1.0 
-0.0 1.0 78:1.0 
-1.0 1.0 47:1.0 
-0.3974609375 0.50390625 21:1.0 115:1.0 
-0.3974609375 0.50390625 7:1.0 113:1.0 
-0.3974609375 0.50390625 23:1.0 93:1.0 
-0.3974609375 0.50390625 19:1.0 
-0.5 0.0 81:1.0 
-0.0 0.50390625 98:1.0 
-1.0 1.0 103:1.0 
-1.0 0.50390625 107:1.0 
-0.3974609375 0.50390625 2:1.0 79:1.0 
-0.3974609375 1.0 12:1.0 
-0.0 0.50390625 
-0.0 1.0 
-0.3974609375 0.50390625 44:1.0 84:1.0 
-0.0 1.0 
-0.0 0.50390625 68:1.0 
-0.0 1.0 
-0.0 1.0 
-0.0 1.0 
-0.0 1.0 
-0.3974609375 0.50390625 21:1.0 
-0.0 1.0 
-0.0 1.0 
-0.0 1.0 
-0.0 1.0 98:1.0 
-0.0 1.0 
-0.0 1.0 
-0.0 1.0 
-0.0 1.0 
-0.0 1.0 
-0.0 1.0 
-0.0 1.0 
-0.0 1.0 
-0.0 1.0 43:1.0 
-0.0 1.0 
-0.0 1.0 113:1.0 
-0.0 1.0 
-0.0 1.0 
-1.0 0.50390625 13:1.0 
-0.3974609375 1.0 73:1.0 
-0.3974609375 0.50390625 2:1.0 47:1.0 
-0.0 1.0 
-0.3974609375 0.50390625 50:1.0 71:1.0 
-0.3974609375 1.0 39:1.0 94:1.0 
-0.0 1.0 
-0.0 1.0 
-1.0 0.50390625 81:1.0 
-0.0 1.0 
-0.0 1.0 
-0.0 1.0 114:1.0 118:1.0 127:1.0 
-0.0 1.0 
-0.0 1.0 
-0.0 1.0 
-0.0 1.0 
-0.0 1.0 
-0.0 1.0 
-0.0 1.0 
-1.0 1.0 3:1.0 
-0.0 1.0 
-0.0 1.0 
-0.0 1.0 
-0.0 1.0 
-0.3974609375 0.50390625 34:1.0 45:1.0 58:1.0 92:1.0 104:1.0 124:1.0 126:1.0 128:1.0 
-0.0 1.0 
-0.3974609375 0.50390625 95:1.0 113:1.0 
-0.0 1.0 
-0.0 1.0 
-0.0 1.0 
-0.0 1.0 
-0.0 1.0 
-0.0 1.0 
-0.0 1.0 
-0.3974609375 0.50390625 42:1.0 63:1.0 
-0.3974609375 0.50390625 10:1.0 62:1.0 
-0.0 1.0 
-0.0 1.0 
-0.0 1.0 
-0.0 1.0 
-0.0 1.0 
-0.3974609375 1.0 109:1.0 
-0.0 0.50390625 36:1.0 
-0.0 1.0 
-0.0 1.0 
-0.0 1.0 
-0.0 1.0 
-0.0 1.0 
-0.0 1.0 113:1.0 
-0.0 1.0 
-0.0 1.0 
-0.0 1.0 
-0.0 1.0 
-0.0 1.0 
-0.0 1.0 
-0.0 1.0 
-0.0 1.0 
-0.0 1.0 
-0.0 1.0 
-0.0 1.0 
-0.3974609375 0.50390625 24:1.0 49:1.0 69:1.0 83:1.0 97:1.0 112:1.0 121:1.0 130:1.0 131:1.0 133:1.0 
-0.0 1.0 
-0.0 1.0 
-0.0 1.0 
-0.0 1.0 
-0.3974609375 0.50390625 93:1.0 96:1.0 
-0.0 1.0 
-0.5 1.0 
-1.0 1.0 
-1.0 1.0 
-1.0 1.0 
-1.0 1.0 
-1.0 1.0 
-1.0 1.0 
-1.0 1.0 
-1.0 1.0 
-1.0 1.0 
-1.0 1.0 
-0.3974609375 1.0 63:1.0 
-1.0 1.0 
-1.0 1.0 
-1.0 1.0 
-1.0 1.0 
-1.0 1.0 
-1.0 1.0 
-1.0 0.0 32:1.0 
-1.0 1.0 
-1.0 1.0 
-1.0 1.0 
-0.3974609375 0.50390625 62:1.0 73:1.0 83:1.0 109:1.0 
-1.0 1.0 
-1.0 1.0 
-1.0 1.0 
-1.0 1.0 
-1.0 1.0 
-1.0 1.0 
-0.3974609375 1.0 68:1.0 
-1.0 1.0 
-1.0 1.0 
-1.0 1.0 
-1.0 1.0 
-1.0 1.0 
-1.0 1.0 
-1.0 1.0 
-1.0 1.0 
-1.0 1.0 
-0.3974609375 0.50390625 39:1.0 
-1.0 1.0 
-1.0 1.0 
-0.0 0.50390625 122:1.0 
-1.0 1.0 
-1.0 1.0 
-1.0 1.0 86:1.0 
-1.0 1.0 
-1.0 1.0 
-1.0 1.0 
-1.0 1.0 
-1.0 1.0 
-1.0 1.0 
-1.0 1.0 
-0.3974609375 0.50390625 14:1.0 35:1.0 
-1.0 1.0 
-1.0 1.0 
-1.0 1.0 
-1.0 1.0 
-0.0 1.0 42:1.0 
-1.0 1.0 
-1.0 1.0 
-1.0 1.0 
-0.5 1.0 43:1.0 
-1.0 1.0 
-1.0 1.0 
-1.0 1.0 
-1.0 1.0 
-1.0 1.0 
-0.3974609375 0.50390625 88:1.0 
-0.0 0.50390625 27:1.0 
-1.0 1.0 
-1.0 1.0 
-1.0 1.0 
-1.0 1.0 
-1.0 0.50390625 62:1.0 
-0.3974609375 0.50390625 111:1.0 115:1.0 
-1.0 1.0 
-1.0 1.0 
-1.0 1.0 
-1.0 1.0 
-1.0 1.0 
-1.0 1.0 
-0.3974609375 0.50390625 12:1.0 111:1.0 
-1.0 1.0 
-1.0 1.0 
-1.0 1.0 13:1.0 
-1.0 1.0 
-0.3974609375 1.0 71:1.0 
-0.3974609375 0.50390625 78:1.0 107:1.0 
-1.0 1.0 
-0.5 0.5078125 89:1.0 
-1.0 1.0 
-1.0 1.0 
-1.0 1.0 
-1.0 1.0 
-1.0 0.5048828125 105:1.0 
-1.0 1.0 
-1.0 1.0 
-1.0 1.0 8:1.0 
-0.3974609375 1.0 79:1.0 
-1.0 1.0 
-1.0 1.0 
-1.0 1.0 
-1.0 1.0 
-1.0 1.0 
-1.0 1.0 
-1.0 1.0 
-1.0 1.0 
-1.0 1.0 
-1.0 1.0 
-1.0 1.0 
-1.0 1.0 
-1.0 1.0 
-1.0 1.0 
-1.0 1.0 
-1.0 1.0 
-1.0 1.0 
-1.0 1.0 
-1.0 1.0 
-1.0 1.0 
-1.0 1.0 
-1.0 1.0 
-0.3974609375 1.0 31:1.0 
-0.5 1.0 85:1.0 
-1.0 1.0 
-1.0 1.0 
-1.0 1.0 
-1.0 1.0 
-1.0 1.0 
-0.0 1.0 50:1.0 
-1.0 1.0 
-1.0 1.0 
-1.0 1.0 
-1.0 1.0 
-1.0 1.0 
-1.0 1.0 
-1.0 1.0 
-1.0 1.0 
-1.0 1.0 
-1.0 1.0 
-1.0 1.0 
-1.0 1.0 
-1.0 1.0 
-1.0 1.0 
-0.3974609375 1.0 122:1.0 
-1.0 1.0 
-1.0 1.0 
-1.0 1.0 
-1.0 1.0 
-0.3974609375 1.0 98:1.0 
-1.0 1.0 
-1.0 1.0 
-0.3974609375 1.0 113:1.0 
-1.0 1.0 
-1.0 1.0 
-1.0 1.0 
-1.0 1.0 
-0.396484375 0.5048828125 23:1.0 48:1.0 
-1.0 1.0 
-1.0 1.0 
-1.0 1.0 
-1.0 1.0 
-1.0 1.0 
-1.0 1.0 
-1.0 1.0 
-1.0 1.0 
-0.396484375 0.5048828125 51:1.0 
-1.0 1.0 
-1.0 1.0 
-1.0 1.0 
-0.0 1.0 30:1.0 
-0.0 1.0 95:1.0 
-1.0 1.0 
-1.0 1.0 
-1.0 1.0 
-1.0 1.0 
-1.0 1.0 
-1.0 1.0 
-1.0 1.0 
-0.396484375 0.5048828125 1:1.0 33:1.0 
-1.0 1.0 
-1.0 1.0 
-1.0 1.0 
-1.0 1.0 
-1.0 1.0 
-1.0 1.0 
-0.396484375 0.5048828125 77:1.0 102:1.0 
-1.0 1.0 
-1.0 1.0 
-1.0 1.0 
-1.0 1.0 
-0.396484375 1.0 36:1.0 
-1.0 1.0 
-0.396484375 0.50390625 13:1.0 50:1.0 
-1.0 1.0 
-1.0 1.0 
-1.0 1.0 
-0.0 1.0 29:1.0 
-0.396484375 0.50390625 94:1.0 
-1.0 1.0 
-0.396484375 0.50390625 29:1.0 35:1.0 
-1.0 1.0 
-1.0 1.0 
-1.0 1.0 
-0.396484375 1.0 42:1.0 
-0.896484375 1.0 43:1.0 
-0.396484375 0.50390625 28:1.0 80:1.0 
-0.396484375 1.0 22:1.0 
-1.0 1.0 
-1.0 1.0 
-1.0 1.0 
-1.0 1.0 
-1.0 1.0 
-0.396484375 0.50390625 41:1.0 45:1.0 
-0.396484375 0.50390625 21:1.0 50:1.0 
-1.0 1.0 
-0.896484375 0.50390625 85:1.0 
-0.396484375 1.0 29:1.0 
-1.0 1.0 
-0.396484375 1.0 28:1.0 
-1.0 1.0 
-0.396484375 1.0 53:1.0 
-1.0 1.0 
-1.0 1.0 
-1.0 1.0 
-1.0 1.0 
-0.396484375 0.50390625 38:1.0 108:1.0 
-1.0 1.0 
-1.0 1.0 
-1.0 1.0 
-0.396484375 1.0 90:1.0 
-1.0 1.0 
-1.0 1.0 
-1.0 1.0 
-1.0 1.0 
-1.0 1.0 
-1.0 1.0 
-1.0 1.0 
-0.3974609375 0.50390625 24:1.0 49:1.0 69:1.0 83:1.0 97:1.0 112:1.0 130:1.0 131:1.0 133:1.0 
-1.0 1.0 
-1.0 1.0 
-1.0 1.0 
-1.0 1.0 
-1.0 1.0 
-0.3974609375 0.50390625 95:1.0 
-1.0 1.0 
-0.3974609375 0.50390625 119:1.0 
-0.3974609375 0.50390625 114:1.0 
-1.0 1.0 
-1.0 1.0 
-1.0 1.0 
-0.3974609375 0.50390625 96:1.0 
-1.0 1.0 
-0.3974609375 0.50390625 8:1.0 80:1.0 
-1.0 1.0 
-1.0 1.0 
-1.0 1.0 
-0.3974609375 0.50390625 87:1.0 
-1.0 1.0 77:1.0 
-1.0 1.0 
-1.0 1.0 
-0.8974609375 1.0 81:1.0 
-1.0 1.0 
-1.0 1.0 
-1.0 1.0 
-1.0 1.0 
-1.0 1.0 
-1.0 1.0 
-1.0 1.0 
-1.0 1.0 
-1.0 1.0 
-1.0 1.0 
-1.0 1.0 
-1.0 1.0 
-0.3974609375 1.0 27:1.0 
-0.3974609375 0.50390625 16:1.0 76:1.0 129:1.0 
-0.3974609375 0.50390625 32:1.0 
-1.0 1.0 
-0.3974609375 0.50390625 56:1.0 68:1.0 
-1.0 1.0 
-0.3974609375 0.50390625 33:1.0 
-1.0 1.0 
-1.0 1.0 
-1.0 1.0 
-1.0 1.0 
-0.8974609375 0.99609375 89:1.0 
-1.0 1.0 
-1.0 1.0 
-0.3974609375 0.50390625 11:1.0 
-1.0 1.0 
-0.3974609375 0.50390625 39:1.0 59:1.0 
-1.0 0.50390625 35:1.0 
-1.0 1.0 
-0.3974609375 0.50390625 7:1.0 
-0.3974609375 1.0 57:1.0 
-1.0 1.0 
-1.0 1.0 
-1.0 1.0 
-0.9990234375 1.0 77:1.0 
-1.0 1.0 
-1.0 1.0 
-1.0 1.0 
-1.0 1.0 
-0.0 1.0 70:1.0 
-1.0 1.0 
-1.0 1.0 
-0.3974609375 0.50390625 2:1.0 
-1.0 1.0 
-0.3974609375 0.50390625 50:1.0 
-1.0 1.0 
-1.0 1.0 
-1.0 1.0 
-1.0 1.0 
-0.3974609375 0.50390625 46:1.0 
-1.0 1.0 
-1.0 1.0 
-1.0 1.0 
-1.0 1.0 
-0.3974609375 1.0 5:1.0 
-1.0 1.0 
-1.0 1.0 
-1.0 1.0 
-0.3974609375 0.50390625 13:1.0 111:1.0 
-1.0 1.0 
-1.0 1.0 
-0.3974609375 0.50390625 111:1.0 
-1.0 1.0 
-1.0 1.0 
-1.0 1.0 
-1.0 1.0 
-0.3974609375 0.50390625 33:1.0 50:1.0 
-1.0 1.0 
-1.0 1.0 
-1.0 1.0 
-1.0 1.0 
-1.0 1.0 
-1.0 1.0 
-1.0 0.0 18:1.0 
-0.3974609375 0.50390625 16:1.0 
-1.0 1.0 
-1.0 1.0 
-1.0 1.0 
-1.0 1.0 
-1.0 1.0 
-1.0 1.0 
-1.0 1.0 
-1.0 1.0 
-1.0 1.0 
-1.0 1.0 
-1.0 1.0 
-1.0 1.0 
-0.3974609375 0.50390625 50:1.0 79:1.0 
-1.0 1.0 
-1.0 1.0 
-1.0 1.0 
-1.0 1.0 
-1.0 1.0 
-1.0 1.0 
-1.0 1.0 
-1.0 1.0 
-1.0 1.0 
-0.3974609375 0.50390625 70:1.0 
-1.0 1.0 
-1.0 1.0 
-1.0 1.0 
-1.0 1.0 
-1.0 1.0 
-1.0 1.0 
-1.0 1.0 
-1.0 1.0 
-0.3974609375 0.50390625 64:1.0 77:1.0 
-1.0 1.0 
-1.0 1.0 
-1.0 1.0 
-1.0 1.0 
-1.0 1.0 
-1.0 1.0 
-1.0 1.0 
-1.0 1.0 
-1.0 1.0 
-1.0 1.0 
-1.0 1.0 
-1.0 1.0 
-1.0 1.0 
-1.0 1.0 
-1.0 1.0 
-1.0 1.0 
-1.0 1.0 
-1.0 0.0 18:1.0 
-1.0 1.0 
-1.0 1.0 
-1.0 1.0 
-1.0 1.0 
-0.3974609375 0.50390625 106:1.0 
-1.0 1.0 
-1.0 1.0 
-1.0 1.0 
-0.3974609375 1.0 114:1.0 118:1.0 127:1.0 
-0.3974609375 0.50390625 98:1.0 113:1.0 
-1.0 1.0 
-1.0 1.0 
-1.0 1.0 
-1.0 1.0 
-0.3974609375 0.50390625 82:1.0 
-1.0 1.0 
-0.3974609375 1.0 44:1.0 
-0.3974609375 0.50390625 73:1.0 102:1.0 
-0.3974609375 1.0 78:1.0 
-1.0 1.0 
-0.3974609375 0.50390625 83:1.0 
-0.3974609375 0.50390625 30:1.0 
-1.0 1.0 
-1.0 1.0 
-1.0 1.0 
-1.0 1.0 
-1.0 1.0 
-0.3974609375 0.50390625 24:1.0 49:1.0 112:1.0 121:1.0 130:1.0 
-0.3974609375 0.50390625 75:1.0 
-0.3974609375 0.50390625 14:1.0 
-0.3974609375 0.50390625 28:1.0 96:1.0 
-0.3974609375 0.5048828125 21:1.0 22:1.0 88:1.0 
-1.0 1.0 
-1.0 1.0 
-1.0 1.0 
-0.3974609375 0.5048828125 18:1.0 
-1.0 1.0 
-1.0 1.0 
-0.3974609375 0.5048828125 91:1.0 120:1.0 
-1.0 1.0 
-0.3974609375 0.5048828125 22:1.0 40:1.0 73:1.0 
-1.0 1.0 
-1.0 1.0 
-1.0 1.0 
-0.8974609375 1.0 
-0.3974609375 1.0 115:1.0 
-0.0 -1.0 
-0.0 -1.0 
-0.0 -1.0 
-0.0 -1.0 
-0.0 -1.0 
-0.0 -1.0 
-0.0 -1.0 
-0.0 -1.0 78:1.0 
-1.0 -1.0 10:1.0 
-0.0 -1.0 
-0.0 -1.0 
-0.0 -1.0 
-0.0 -1.0 
-0.0 -1.0 
-0.0 -1.0 
-0.0 -1.0 
-1.0 -1.0 48:1.0 
-0.0 -1.0 
-0.0 -1.0 
-0.0 -1.0 
-0.0 -1.0 
-0.0 -1.0 
-0.677734375 -1.0 117:1.0 
-1.0 -1.0 17:1.0 
-0.0 -1.0 
-0.0 -1.0 42:1.0 
-0.0 -1.0 
-0.0 -1.0 
-0.0 -1.0 
-0.0 -1.0 
-0.0 -1.0 
-0.0 -1.0 
-0.0 -1.0 
-0.0 -1.0 
-0.677734375 -1.0 3:1.0 
-0.0 -1.0 
-0.0 -1.0 
-0.0 -1.0 
-0.0 -1.0 
-0.0 -1.0 
-0.677734375 -1.0 122:1.0 
-0.677734375 -1.0 13:1.0 75:1.0 
-0.0 -1.0 
-0.0 -1.0 
-0.0 -1.0 
-0.0 -1.0 
-0.0 -1.0 
-0.0 -1.0 
-0.0 -1.0 
-1.0 -1.0 89:1.0 
-0.0 -1.0 
-0.0 -1.0 
-0.0 -1.0 
-0.0 -1.0 
-0.677734375 -1.0 101:1.0 105:1.0 
-0.0 -1.0 
-0.0 -1.0 
-0.0 -1.0 
-0.0 -1.0 
-0.0 -0.5 79:1.0 
-0.0 -1.0 
-0.0 -1.0 
-0.0 -1.0 
-0.0 -1.0 
-0.0 -1.0 
-0.0 -1.0 
-0.0 -1.0 
-0.0 -1.0 
-0.0 -1.0 
-1.0 -1.0 3:1.0 
-0.0 -1.0 
-0.0 -1.0 
-0.0 -1.0 
-0.0 -1.0 
-0.0 -1.0 
-0.0 -1.0 
-0.0 -1.0 
-0.0 -1.0 9:1.0 
-0.677734375 -1.0 90:1.0 
-0.0 -1.0 
-0.0 -1.0 
-0.0 -1.0 
-0.0 -1.0 
-0.0 -1.0 
-0.0 -1.0 
-0.0 -1.0 98:1.0 
-0.677734375 -1.0 
-1.0 -1.0 
-1.0 -1.0 
-1.0 -1.0 
-0.0 -1.0 29:1.0 
-1.0 -1.0 
-0.677734375 -1.0 5:1.0 6:1.0 
-1.0 -1.0 
-0.0 -1.0 56:1.0 
-0.677734375 -1.0 34:1.0 
-1.0 -1.0 
-1.0 -1.0 
-1.0 -1.0 
-0.677734375 -1.0 16:1.0 19:1.0 71:1.0 
-1.0 -1.0 
-1.0 -1.0 
-1.0 -1.0 
-1.0 -1.0 
-0.677734375 -1.0 63:1.0 
-1.0 -1.0 
-1.0 -1.0 
-1.0 -1.0 
-1.0 -1.0 
-1.0 -1.0 
-1.0 -1.0 
-0.677734375 -1.0 14:1.0 35:1.0 71:1.0 
-1.0 -1.0 
-1.0 -1.0 
-1.0 -1.0 
-1.0 -1.0 
-0.0 -0.5 47:1.0 
-0.6787109375 -1.0 98:1.0 
-0.6787109375 -1.0 30:1.0 
-1.0 -1.0 
-1.0 -1.0 8:1.0 
-1.0 -1.0 
-1.0 -1.0 
-1.0 -1.0 
-1.0 -1.0 
-1.0 -1.0 
-1.0 -1.0 
-1.0 -1.0 86:1.0 
-1.0 -1.0 
-1.0 -1.0 
-1.0 -1.0 
-1.0 -1.0 
-1.0 -1.0 
-0.6787109375 -1.0 29:1.0 
-1.0 -1.0 
-1.0 -1.0 
-1.0 -1.0 
-1.0 -1.0 
-0.6787109375 -1.0 28:1.0 101:1.0 
-1.0 -1.0 
-1.0 -1.0 
-1.0 -1.0 103:1.0 
-1.0 -1.0 
-1.0 -1.0 
-0.6787109375 -1.0 28:1.0 
-1.0 -1.0 
-0.0 -1.0 47:1.0 
-1.0 -1.0 
-1.0 -1.0 
-1.0 -1.0 
-1.0 -1.0 
-0.6787109375 -1.0 44:1.0 
-1.0 -1.0 
-1.0 -1.0 
-1.0 -1.0 
-1.0 -1.0 
-1.0 -1.0 
-1.0 -1.0 
-0.6787109375 -1.0 57:1.0 
-0.0 -1.0 31:1.0 
-1.0 -1.0 
-0.677734375 -1.0 59:1.0 
-1.0 -1.0 
-1.0 -1.0 
-1.0 -1.0 
-0.677734375 -1.0 19:1.0 84:1.0 
-1.0 -1.0 
-1.0 -1.0 
-0.0 -0.5 20:1.0 45:1.0 125:1.0 
-1.0 -1.0 
-0.0 -0.5 77:1.0 
-1.0 -1.0 
-1.0 -1.0 
-1.0 -1.0 
-1.0 -1.0 
-0.677734375 -1.0 5:1.0 88:1.0 
-1.0 -1.0 
-1.0 -1.0 
-1.0 -1.0 37:1.0 
-1.0 -1.0 
-0.0 -0.5 93:1.0 
-1.0 -1.0 
-0.0 -1.0 77:1.0 
-1.0 -1.0 
-1.0 -1.0 
-1.0 -1.0 
-1.0 -1.0 
-1.0 -1.0 
-0.0 -1.0 79:1.0 
-1.0 -1.0 
-1.0 -1.0 
-1.0 -1.0 
-1.0 -1.0 
-1.0 -1.0 
-1.0 -1.0 
-0.0 -1.0 114:1.0 118:1.0 127:1.0 
-0.677734375 -1.0 29:1.0 37:1.0 108:1.0 
-0.0 -1.0 78:1.0 
-1.0 -1.0 
-1.0 -1.0 
-0.677734375 -1.0 50:1.0 
-1.0 -1.0 
-0.0 -1.0 43:1.0 
-1.0 -1.0 
-1.0 -1.0 
-0.0 -0.5 23:1.0 
-1.0 -1.0 
-1.0 -1.0 
-1.0 -1.0 
-1.0 -1.0 
-1.0 -1.0 15:1.0 67:1.0 
-1.0 -1.0 
-0.677734375 -1.0 9:1.0 59:1.0 113:1.0 115:1.0 
-1.0 -1.0 
-1.0 -1.0 
-1.0 -1.0 
-1.0 -1.0 
-1.0 -1.0 
-1.0 -1.0 
-1.0 -1.0 
-1.0 -1.0 
-1.0 -1.0 
-1.0 -1.0 
-1.0 -1.0 
-1.0 -1.0 
-1.0 -1.0 
-1.0 -1.0 
-1.0 -1.0 
-1.0 -1.0 
-1.0 -1.0 
-0.677734375 -1.0 53:1.0 
-1.0 -1.0 
-1.0 -1.0 
-1.0 -1.0 
-1.0 -1.0 
-0.677734375 -1.0 31:1.0 
-0.677734375 -1.0 95:1.0 
-1.0 -1.0 
-1.0 -1.0 
-1.0 -1.0 
-1.0 -1.0 
-1.0 -1.0 
-1.0 -1.0 
-1.0 -1.0 
-1.0 -1.0 
-0.677734375 -1.0 56:1.0 
-0.677734375 -1.0 29:1.0 115:1.0 
-1.0 -1.0 
-1.0 -1.0 
-1.0 -1.0 
-1.0 -1.0 
-1.0 -1.0 
-0.677734375 -1.0 48:1.0 71:1.0 
-1.0 -1.0 43:1.0 
-1.0 -1.0 
-1.0 -1.0 47:1.0 
-1.0 -1.0 
-1.0 -1.0 
-1.0 -1.0 
-1.0 -1.0 64:1.0 
-1.0 -1.0 
-0.677734375 -1.0 9:1.0 
-1.0 -1.0 
-1.0 -1.0 
-0.0 -0.5 60:1.0 
-1.0 -1.0 
-1.0 -1.0 1:1.0 
-1.0 -1.0 
-1.0 -1.0 
-1.0 -1.0 
-1.0 -1.0 
-1.0 -1.0 
-1.0 -1.0 
-1.0 -1.0 
-1.0 -1.0 
-1.0 -1.0 
-1.0 -1.0 
-1.0 -1.0 
-1.0 -1.0 
-1.0 -1.0 
-1.0 -1.0 
-1.0 -1.0 
-1.0 -1.0 
-1.0 -1.0 
-0.0 -1.0 113:1.0 
-1.0 -1.0 
-1.0 -1.0 
-1.0 -1.0 
-1.0 -1.0 4:1.0 
-1.0 -1.0 
-1.0 -1.0 
-0.677734375 -1.0 12:1.0 
-1.0 -1.0 
-1.0 -1.0 
-0.677734375 -1.0 10:1.0 55:1.0 
-0.0 -1.0 113:1.0 
-1.0 -1.0 
-1.0 -1.0 
-1.0 -1.0 
-1.0 -1.0 
-1.0 -1.0 
-1.0 -1.0 
-1.0 -1.0 
-1.0 -1.0 
-1.0 -1.0 
-1.0 -1.0 
-0.0 -0.5 109:1.0 
-1.0 -1.0 54:1.0 
-1.0 -1.0 85:1.0 
-0.677734375 -1.0 78:1.0 
-1.0 -1.0 
-0.677734375 -1.0 43:1.0 
-0.677734375 -1.0 16:1.0 26:1.0 76:1.0 99:1.0 129:1.0 132:1.0 
-0.677734375 -0.9951171875 93:1.0 
-1.0 -1.0 
-1.0 -1.0 
-1.0 -1.0 
-1.0 -1.0 
-1.0 -1.0 
-1.0 -1.0 
-0.677734375 -0.9951171875 79:1.0 
-1.0 -1.0 
-0.677734375 -1.0 11:1.0 117:1.0 
-1.0 -1.0 
-0.677734375 -1.0 80:1.0 
-1.0 -1.0 
-1.0 -1.0 
-1.0 -1.0 
-1.0 -1.0 
-0.677734375 -0.9951171875 60:1.0 
-1.0 -1.0 
-0.677734375 -1.0 47:1.0 60:1.0 
-0.677734375 -1.0 36:1.0 
-1.0 -1.0 
-1.0 -1.0 
-1.0 -1.0 
-1.0 -1.0 
-1.0 -1.0 
-1.0 -1.0 
-1.0 -1.0 
-1.0 -1.0 
-1.0 -1.0 
-1.0 -1.0 
-1.0 -1.0 
-0.677734375 -1.0 22:1.0 
-1.0 -1.0 
-1.0 -1.0 
-0.677734375 -0.9951171875 20:1.0 45:1.0 125:1.0 
-1.0 -1.0 
-1.0 -1.0 
-1.0 -1.0 
-1.0 -1.0 
-1.0 -1.0 101:1.0 
-0.677734375 -1.0 114:1.0 118:1.0 127:1.0 
-1.0 -1.0 
-1.0 -1.0 
-1.0 -1.0 
-1.0 -1.0 
-1.0 -1.0 
-1.0 -1.0 
-1.0 -1.0 
-1.0 -1.0 77:1.0 
-0.677734375 -1.0 54:1.0 61:1.0 110:1.0 
-1.0 -1.0 
-1.0 -1.0 
-1.0 -1.0 
-0.677734375 -1.0 5:1.0 
-0.677734375 -1.0 16:1.0 19:1.0 
-1.0 -1.0 
-0.677734375 -1.0 54:1.0 95:1.0 
-0.677734375 -1.0 86:1.0 
-1.0 -1.0 
-0.677734375 -0.9951171875 47:1.0 
-1.0 -1.0 
-1.0 -1.0 
-1.0 -1.0 
-0.677734375 -1.0 65:1.0 
-1.0 -1.0 
-1.0 -1.0 
-1.0 -1.0 
-1.0 -1.0 
-1.0 -1.0 
-1.0 -1.0 45:1.0 
-1.0 -1.0 
-1.0 -1.0 
-1.0 -1.0 
-1.0 -1.0 
-1.0 -1.0 
-1.0 -1.0 
-1.0 -1.0 
-1.0 -1.0 
-1.0 -1.0 
-1.0 -1.0 
-1.0 -1.0 
-1.0 -1.0 
-0.677734375 -1.0 2:1.0 91:1.0 
-1.0 -1.0 
-1.0 -1.0 
-0.0 -1.0 109:1.0 
-0.6787109375 -1.0 60:1.0 72:1.0 
-1.0 -1.0 
-0.6787109375 -1.0 68:1.0 
-0.6787109375 -1.0 39:1.0 94:1.0 
-1.0 -1.0 
-1.0 -1.0 
-1.0 -1.0 
-1.0 -1.0 
-1.0 -1.0 
-1.0 -1.0 
-1.0 -1.0 
-1.0 -1.0 
-1.0 -1.0 
-1.0 -1.0 
-1.0 -1.0 
-1.0 -1.0 
-1.0 -0.5 74:1.0 
-0.6787109375 -1.0 73:1.0 
-1.0 -1.0 
-0.0 -0.5 38:1.0 
-1.0 -1.0 
-1.0 -1.0 
-1.0 -1.0 
-1.0 -1.0 
-1.0 -1.0 
-1.0 -1.0 
-1.0 -1.0 
-1.0 -1.0 8:1.0 
-1.0 -1.0 
-1.0 -1.0 
-1.0 -1.0 
-1.0 -1.0 
-1.0 -1.0 
-1.0 -1.0 77:1.0 
-1.0 -1.0 
-1.0 -1.0 
-1.0 -1.0 
-1.0 -1.0 
-1.0 -1.0 
-1.0 -1.0 
-0.6787109375 -1.0 25:1.0 65:1.0 
-0.6787109375 -1.0 70:1.0 
-1.0 -1.0 
-0.6787109375 -0.9951171875 74:1.0 
-1.0 -1.0 
-1.0 -1.0 
-1.0 -1.0 
-1.0 -1.0 
-1.0 -1.0 
-1.0 -1.0 
-1.0 -1.0 
-1.0 -1.0 
-0.0 -1.0 23:1.0 
-1.0 -1.0 
-1.0 -1.0 
-1.0 -1.0 
-1.0 -1.0 
-1.0 -1.0 13:1.0 
-1.0 -1.0 
-0.6787109375 -1.0 115:1.0 
-1.0 -1.0 
-0.0 -0.5 26:1.0 99:1.0 132:1.0 
-1.0 -1.0 
-1.0 -1.0 
-1.0 -1.0 
-0.6787109375 -0.9951171875 26:1.0 99:1.0 132:1.0 
-1.0 -1.0 
-0.6787109375 -0.9951171875 77:1.0 
-1.0 -1.0 
-1.0 -1.0 
-1.0 -1.0 
-1.0 -1.0 
-1.0 -1.0 
-1.0 -1.0 
-1.0 -1.0 
-1.0 -1.0 
-1.0 -1.0 
-1.0 -1.0 
-1.0 -1.0 
-1.0 -1.0 
-1.0 -1.0 
-1.0 -1.0 
-1.0 -1.0 
-1.0 -1.0 
-1.0 -1.0 
-1.0 -1.0 
-0.6787109375 -1.0 42:1.0 
-1.0 -1.0 
-1.0 -1.0 
-1.0 -1.0 
-1.0 -1.0 
-1.0 -1.0 
-1.0 -1.0 
-0.6787109375 -0.9951171875 23:1.0 
-1.0 -1.0 
-0.6787109375 -1.0 27:1.0 
-1.0 -1.0 
-0.6787109375 -0.9951171875 38:1.0 
-1.0 -1.0 
-1.0 -1.0 
-1.0 -1.0 
-0.6787109375 -1.0 71:1.0 
-0.6787109375 -1.0 15:1.0 
-1.0 -1.0 
-1.0 -1.0 
-1.0 -1.0 
-1.0 -1.0 
-0.0 -1.0 109:1.0 
-1.0 -1.0 
-0.6787109375 -1.0 113:1.0 
-0.6787109375 -0.9951171875 109:1.0 
-1.0 -1.0 20:1.0 45:1.0 58:1.0 92:1.0 104:1.0 124:1.0 125:1.0 126:1.0 128:1.0 
-1.0 -1.0 
-0.6787109375 -1.0 40:1.0 73:1.0 94:1.0 
-1.0 -1.0 
-1.0 -1.0 
-1.0 -1.0 
-1.0 -1.0 
-1.0 -1.0 
-1.0 -1.0 81:1.0 
-1.0 -1.0 
-1.0 -1.0 
-1.0 -1.0 
-1.0 -1.0 
-1.0 -1.0 
-1.0 -1.0 
-1.0 -1.0 
-1.0 -1.0 
-1.0 -1.0 
