svm_type c_svc
kernel_type rbf
gamma 0.001
nr_class 3
total_sv 1555
rho 0.33563704978385 0.3126521956328982 -0.5173601642525426
label 2 0 1
nr_sv 419 599 537
SV
10.0 10.0 
10.0 10.0 
10.0 10.0 
10.0 10.0 45:1.0 58:1.0 104:1.0 116:1.0 126:1.0 128:1.0 
10.0 10.0 
10.0 10.0 61:1.0 86:1.0 
10.0 10.0 
10.0 10.0 
10.0 10.0 
10.0 10.0 
10.0 10.0 
10.0 10.0 
10.0 10.0 
10.0 10.0 
10.0 10.0 
10.0 10.0 27:1.0 101:1.0 105:1.0 
10.0 10.0 84:1.0 
10.0 10.0 
10.0 10.0 
10.0 10.0 
10.0 10.0 
10.0 10.0 
10.0 10.0 18:1.0 
10.0 10.0 
10.0 10.0 
10.0 10.0 
10.0 10.0 
10.0 10.0 
10.0 10.0 
10.0 10.0 
10.0 10.0 
10.0 10.0 
10.0 10.0 
10.0 10.0 
10.0 10.0 
10.0 10.0 
10.0 10.0 
10.0 10.0 
10.0 10.0 
10.0 10.0 
10.0 10.0 4:1.0 
10.0 10.0 
10.0 10.0 45:1.0 58:1.0 104:1.0 116:1.0 126:1.0 128:1.0 
10.0 10.0 
10.0 10.0 
10.0 10.0 
10.0 10.0 
10.0 10.0 
10.0 10.0 
10.0 10.0 
10.0 10.0 
10.0 10.0 
10.0 10.0 61:1.0 
10.0 10.0 
10.0 10.0 
10.0 10.0 
10.0 10.0 32:1.0 
10.0 10.0 
10.0 10.0 
10.0 10.0 
10.0 10.0 81:1.0 
10.0 10.0 
10.0 10.0 
10.0 10.0 
10.0 10.0 
10.0 10.0 72:1.0 
10.0 10.0 8:1.0 
10.0 10.0 86:1.0 
10.0 10.0 
10.0 10.0 
10.0 10.0 20:1.0 45:1.0 58:1.0 92:1.0 104:1.0 124:1.0 125:1.0 126:1.0 128:1.0 
10.0 10.0 6:1.0 116:1.0 
10.0 10.0 
10.0 10.0 
10.0 10.0 
10.0 10.0 6:1.0 
10.0 10.0 
10.0 10.0 3:1.0 
10.0 10.0 
10.0 10.0 
10.0 10.0 
10.0 10.0 
10.0 10.0 
10.0 10.0 
10.0 10.0 
10.0 10.0 
10.0 10.0 
10.0 10.0 
10.0 10.0 
10.0 10.0 
10.0 10.0 72:1.0 101:1.0 
10.0 10.0 110:1.0 
10.0 10.0 20:1.0 45:1.0 58:1.0 92:1.0 104:1.0 124:1.0 125:1.0 126:1.0 128:1.0 
10.0 10.0 
10.0 10.0 110:1.0 
10.0 10.0 
10.0 10.0 
10.0 10.0 4:1.0 91:1.0 
10.0 10.0 
10.0 10.0 
10.0 10.0 
10.0 10.0 
10.0 10.0 
10.0 10.0 72:1.0 
10.0 10.0 
10.0 10.0 
10.0 10.0 
10.0 10.0 81:1.0 
10.0 10.0 
10.0 10.0 
10.0 10.0 
10.0 10.0 
10.0 10.0 
10.0 10.0 
10.0 10.0 
10.0 10.0 35:1.0 
10.0 10.0 58:1.0 
10.0 10.0 
10.0 10.0 
10.0 10.0 
10.0 10.0 
10.0 10.0 116:1.0 
10.0 10.0 
10.0 10.0 
10.0 10.0 
10.0 10.0 52:1.0 
10.0 10.0 
10.0 10.0 
10.0 10.0 
10.0 10.0 
10.0 10.0 
10.0 10.0 
10.0 10.0 
10.0 10.0 
10.0 10.0 
10.0 10.0 
10.0 10.0 
10.0 10.0 
10.0 10.0 
10.0 10.0 
10.0 10.0 
10.0 10.0 
10.0 10.0 
10.0 10.0 85:1.0 
10.0 10.0 
10.0 10.0 
10.0 10.0 
10.0 10.0 
10.0 10.0 
10.0 10.0 
10.0 10.0 
10.0 10.0 
10.0 10.0 
10.0 10.0 
10.0 10.0 101:1.0 
10.0 10.0 
10.0 10.0 
10.0 10.0 
10.0 10.0 
10.0 10.0 1:1.0 
10.0 10.0 77:1.0 
10.0 10.0 1:1.0 53:1.0 
10.0 10.0 54:1.0 
10.0 10.0 
10.0 10.0 6:1.0 
10.0 10.0 
10.0 10.0 
10.0 10.0 15:1.0 67:1.0 
10.0 10.0 107:1.0 
10.0 10.0 54:1.0 
10.0 10.0 29:1.0 77:1.0 
10.0 10.0 
10.0 10.0 
10.0 10.0 47:1.0 
10.0 10.0 
10.0 10.0 108:1.0 
10.0 10.0 18:1.0 
10.0 10.0 
10.0 10.0 
10.0 10.0 
10.0 10.0 
10.0 10.0 25:1.0 
10.0 10.0 
10.0 10.0 
10.0 10.0 
10.0 10.0 
10.0 10.0 13:1.0 45:1.0 104:1.0 128:1.0 
10.0 10.0 
10.0 10.0 
10.0 10.0 
10.0 10.0 
10.0 10.0 
10.0 10.0 
10.0 10.0 
10.0 10.0 
10.0 10.0 
10.0 10.0 37:1.0 
10.0 10.0 
10.0 10.0 
10.0 10.0 
10.0 10.0 
10.0 10.0 13:1.0 
10.0 10.0 
10.0 10.0 
10.0 10.0 
10.0 10.0 
10.0 10.0 
10.0 10.0 
10.0 10.0 
10.0 10.0 
10.0 10.0 101:1.0 
10.0 10.0 105:1.0 
10.0 10.0 
10.0 10.0 45:1.0 
10.0 10.0 
10.0 10.0 72:1.0 
10.0 10.0 
10.0 10.0 
10.0 10.0 
10.0 10.0 
10.0 10.0 13:1.0 
10.0 10.0 
10.0 10.0 
10.0 10.0 61:1.0 
10.0 10.0 
10.0 10.0 103:1.0 
10.0 10.0 
10.0 10.0 67:1.0 
10.0 10.0 
10.0 10.0 48:1.0 
10.0 10.0 
10.0 10.0 
10.0 10.0 82:1.0 121:1.0 
10.0 10.0 
10.0 10.0 
10.0 10.0 37:1.0 
10.0 10.0 8:1.0 
10.0 10.0 
10.0 10.0 58:1.0 91:1.0 92:1.0 120:1.0 124:1.0 
10.0 10.0 
10.0 10.0 
10.0 10.0 4:1.0 58:1.0 120:1.0 
10.0 10.0 43:1.0 48:1.0 
10.0 10.0 
10.0 10.0 
10.0 10.0 
10.0 10.0 45:1.0 
10.0 10.0 
10.0 10.0 43:1.0 
10.0 10.0 103:1.0 
10.0 10.0 
10.0 10.0 
10.0 10.0 
10.0 10.0 
10.0 10.0 
10.0 10.0 77:1.0 
10.0 10.0 
10.0 10.0 
10.0 10.0 
10.0 10.0 
10.0 10.0 
10.0 10.0 
10.0 10.0 
10.0 10.0 91:1.0 
10.0 10.0 
10.0 10.0 
10.0 10.0 64:1.0 
10.0 10.0 
10.0 10.0 
10.0 10.0 
10.0 10.0 
10.0 10.0 35:1.0 
10.0 10.0 17:1.0 52:1.0 
10.0 10.0 
10.0 10.0 
10.0 10.0 17:1.0 
10.0 10.0 17:1.0 
10.0 10.0 
10.0 10.0 
10.0 10.0 
10.0 10.0 
10.0 10.0 
10.0 10.0 
10.0 10.0 
10.0 10.0 103:1.0 
10.0 10.0 
10.0 10.0 
10.0 10.0 
10.0 10.0 
10.0 10.0 52:1.0 102:1.0 
10.0 10.0 
10.0 10.0 
10.0 10.0 
10.0 10.0 
10.0 10.0 
10.0 10.0 
10.0 10.0 108:1.0 
10.0 10.0 103:1.0 
10.0 10.0 
10.0 10.0 
10.0 10.0 101:1.0 
10.0 10.0 
10.0 10.0 
10.0 10.0 
10.0 10.0 
10.0 10.0 
10.0 10.0 81:1.0 105:1.0 
10.0 10.0 
10.0 10.0 
10.0 10.0 
10.0 10.0 
10.0 10.0 
10.0 10.0 
10.0 10.0 
10.0 10.0 
10.0 10.0 
10.0 10.0 
10.0 10.0 
10.0 10.0 61:1.0 
10.0 10.0 
10.0 10.0 
10.0 10.0 52:1.0 
10.0 10.0 100:1.0 
10.0 10.0 
10.0 10.0 
10.0 10.0 
10.0 10.0 
10.0 10.0 
10.0 10.0 
10.0 10.0 
10.0 10.0 
10.0 10.0 10:1.0 
10.0 10.0 
10.0 10.0 107:1.0 
10.0 10.0 
10.0 10.0 
10.0 10.0 
10.0 10.0 
10.0 10.0 
10.0 10.0 
10.0 10.0 101:1.0 
10.0 10.0 
10.0 10.0 
10.0 10.0 
10.0 10.0 
10.0 10.0 
10.0 10.0 
10.0 10.0 
10.0 10.0 
10.0 10.0 
10.0 10.0 
10.0 10.0 
10.0 10.0 
10.0 10.0 
10.0 10.0 
10.0 10.0 
10.0 10.0 
10.0 10.0 
10.0 10.0 
10.0 10.0 
10.0 10.0 
10.0 10.0 
10.0 10.0 
10.0 10.0 
10.0 10.0 
10.0 10.0 
10.0 10.0 
10.0 10.0 
10.0 10.0 
10.0 10.0 25:1.0 
10.0 10.0 
10.0 10.0 
10.0 10.0 
10.0 10.0 
10.0 10.0 
10.0 10.0 
10.0 10.0 
10.0 10.0 
10.0 10.0 15:1.0 62:1.0 
10.0 10.0 
10.0 10.0 
10.0 10.0 
10.0 10.0 
10.0 10.0 
10.0 10.0 
10.0 10.0 
10.0 10.0 
10.0 10.0 
10.0 10.0 
10.0 10.0 
10.0 10.0 
10.0 10.0 
10.0 10.0 
10.0 10.0 
10.0 10.0 
10.0 10.0 62:1.0 
10.0 10.0 
10.0 10.0 
10.0 10.0 
10.0 10.0 
10.0 10.0 
10.0 10.0 
10.0 10.0 89:1.0 
10.0 10.0 
10.0 10.0 15:1.0 67:1.0 
10.0 10.0 
10.0 10.0 
10.0 10.0 
10.0 10.0 
10.0 10.0 74:1.0 
10.0 10.0 
10.0 10.0 
10.0 10.0 
10.0 10.0 
10.0 10.0 
10.0 10.0 
10.0 10.0 
10.0 10.0 
10.0 10.0 
-0.0 10.0 47:1.0 
-0.0 6.84776017814993 113:1.0 
-10.0 10.0 86:1.0 
-0.0 2.9615114234419453 55:1.0 
-0.33534559289113836 0.34717836324751894 66:1.0 123:1.0 
-0.0 10.0 3:1.0 
-0.0 10.0 109:1.0 
-0.0 7.545554286757294 55:1.0 
-0.0 3.2790413505971623 88:1.0 
-0.12588044086384986 10.0 47:1.0 60:1.0 
-0.0 10.0 71:1.0 
-10.0 10.0 20:1.0 41:1.0 45:1.0 125:1.0 
-10.0 0.0 107:1.0 
-10.0 0.0 35:1.0 
-0.2619648539528454 0.0 11:1.0 114:1.0 118:1.0 127:1.0 
-0.0 10.0 9:1.0 
-10.0 0.0 53:1.0 58:1.0 91:1.0 120:1.0 
-0.0 3.28623033982658 53:1.0 
-0.0 10.0 56:1.0 
-10.0 10.0 20:1.0 41:1.0 45:1.0 125:1.0 
-0.0 10.0 71:1.0 
-0.0 3.2740929968539767 95:1.0 
-10.0 0.5494650837772148 116:1.0 
-10.0 10.0 45:1.0 
-10.0 10.0 25:1.0 
-0.0 10.0 117:1.0 
-0.0 10.0 23:1.0 
-10.0 3.2779974854699954 13:1.0 
-0.0 10.0 31:1.0 
-10.0 10.0 6:1.0 
-0.0 2.3285410635757047 12:1.0 
-0.0 4.056046907602614 57:1.0 
-0.0 0.6554456668492553 40:1.0 114:1.0 
-0.2749814861894614 7.840607457409369 16:1.0 71:1.0 76:1.0 129:1.0 
-4.663851801763341 0.0 62:1.0 102:1.0 
-10.0 10.0 61:1.0 
-0.0 10.0 11:1.0 117:1.0 
-10.0 10.0 8:1.0 
-0.0 4.994928552250828 90:1.0 
-0.0 4.368240759188204 
-0.0 10.0 77:1.0 
-0.0 10.0 
-0.0 5.878614236572045 40:1.0 71:1.0 
-0.0 10.0 
-0.0 10.0 
-0.0 10.0 
-0.0 10.0 
-0.0 10.0 78:1.0 
-10.0 10.0 47:1.0 
-0.0 10.0 
-0.0 10.0 
-0.0 10.0 
-0.0 10.0 
-0.0 6.834232657688331 21:1.0 115:1.0 
-0.0 10.0 
-0.0 10.0 
-0.0 0.2265119282750161 7:1.0 113:1.0 
-0.0 10.0 
-0.0 10.0 
-0.0 10.0 
-0.0 10.0 
-0.0 10.0 
-0.0 10.0 
-0.0 10.0 23:1.0 93:1.0 
-0.0 10.0 
-0.0 10.0 
-0.0 10.0 
-0.0 10.0 
-0.0 10.0 
-0.0 10.0 19:1.0 
-10.0 0.0 81:1.0 
-0.0 10.0 
-0.0 10.0 
-0.0 10.0 
-0.0 10.0 
-10.0 10.0 103:1.0 
-0.0 10.0 
-0.0 10.0 
-10.0 0.0 107:1.0 
-0.0 5.45701120955099 2:1.0 79:1.0 
-0.0 10.0 
-0.0 10.0 
-0.0 10.0 
-0.0 10.0 
-0.0 8.100371050879499 12:1.0 
-0.0 10.0 
-0.0 10.0 
-0.0 10.0 
-5.332228922290452 10.0 44:1.0 84:1.0 
-0.0 10.0 
-0.0 10.0 
-0.0 10.0 
-0.0 10.0 
-0.0 10.0 
-0.0 10.0 
-0.0 10.0 
-0.0 10.0 
-0.0 10.0 98:1.0 
-0.0 10.0 
-0.0 10.0 
-0.0 10.0 
-0.0 10.0 
-0.0 10.0 
-0.0 10.0 
-0.0 10.0 
-0.0 10.0 
-0.0 10.0 43:1.0 
-0.0 10.0 
-0.0 10.0 113:1.0 
-0.0 10.0 
-0.0 10.0 
-10.0 10.0 13:1.0 
-0.0 6.771062236586295 73:1.0 
-0.16800843501211146 10.0 2:1.0 47:1.0 
-0.0 10.0 
-0.0 10.0 
-0.0 10.0 
-10.0 4.994928552250828 81:1.0 
-0.0 10.0 
-0.0 10.0 
-0.0 10.0 114:1.0 118:1.0 127:1.0 
-0.0 10.0 
-0.0 10.0 
-0.0 10.0 
-0.0 10.0 
-3.236390998004526 10.0 
-10.0 10.0 
-10.0 10.0 
-10.0 10.0 3:1.0 
-10.0 10.0 
-10.0 10.0 
-10.0 10.0 
-10.0 10.0 
-10.0 10.0 34:1.0 45:1.0 58:1.0 92:1.0 104:1.0 124:1.0 126:1.0 128:1.0 
-10.0 10.0 
-10.0 10.0 
-10.0 10.0 
-10.0 10.0 
-10.0 10.0 
-10.0 10.0 
-10.0 10.0 
-10.0 10.0 
-0.209800622795845 0.34691296903830066 42:1.0 63:1.0 
-10.0 5.403288856610453 10:1.0 62:1.0 
-10.0 10.0 
-10.0 10.0 
-10.0 10.0 
-10.0 10.0 
-10.0 10.0 
-0.0 10.0 109:1.0 
-0.0 4.994928552250828 36:1.0 
-10.0 10.0 
-10.0 10.0 
-10.0 10.0 
-10.0 10.0 
-10.0 10.0 
-0.0 10.0 113:1.0 
-10.0 10.0 
-10.0 10.0 
-10.0 10.0 
-10.0 10.0 
-10.0 10.0 
-10.0 10.0 
-10.0 10.0 
-10.0 10.0 
-10.0 10.0 
-10.0 10.0 
-10.0 10.0 
-0.33457578100936075 0.0 24:1.0 49:1.0 69:1.0 83:1.0 97:1.0 112:1.0 121:1.0 130:1.0 131:1.0 133:1.0 
-10.0 10.0 
-10.0 10.0 
-10.0 10.0 
-10.0 10.0 
-0.0 5.398158647484052 93:1.0 96:1.0 
-10.0 10.0 
-10.0 10.0 
-10.0 10.0 
-10.0 10.0 
-10.0 10.0 
-10.0 10.0 
-10.0 10.0 
-10.0 10.0 
-10.0 10.0 
-10.0 10.0 
-10.0 10.0 
-10.0 10.0 
-0.0 10.0 63:1.0 
-10.0 10.0 
-10.0 10.0 
-10.0 10.0 
-10.0 10.0 
-10.0 10.0 
-10.0 10.0 
-10.0 10.0 
-10.0 10.0 
-10.0 10.0 
-0.0 10.0 62:1.0 73:1.0 83:1.0 109:1.0 
-10.0 10.0 
-10.0 10.0 
-10.0 10.0 
-10.0 10.0 
-10.0 10.0 
-10.0 10.0 
-0.0 0.5154764051756968 68:1.0 
-10.0 10.0 
-10.0 10.0 
-10.0 10.0 
-10.0 10.0 
-10.0 10.0 
-10.0 10.0 
-10.0 10.0 
-0.0 5.646550545681854 39:1.0 59:1.0 
-10.0 10.0 
-10.0 10.0 
-10.0 10.0 
-10.0 10.0 
-0.0 5.0 122:1.0 
-10.0 10.0 
-10.0 10.0 
-10.0 10.0 86:1.0 
-10.0 10.0 
-10.0 10.0 
-10.0 10.0 
-10.0 10.0 
-10.0 10.0 
-10.0 10.0 
-10.0 10.0 
-0.16800843501210763 0.39023284830873173 14:1.0 35:1.0 
-10.0 10.0 
-10.0 10.0 
-10.0 10.0 
-10.0 10.0 
-0.0 10.0 42:1.0 
-10.0 10.0 
-10.0 10.0 
-10.0 10.0 
-10.0 10.0 43:1.0 
-10.0 10.0 
-10.0 10.0 
-10.0 10.0 
-10.0 10.0 
-10.0 10.0 
-0.0 7.276936532135625 88:1.0 
-0.0 5.0 27:1.0 
-10.0 10.0 
-10.0 10.0 
-10.0 10.0 
-10.0 10.0 
-5.543649789128347 0.0 62:1.0 
-0.0 6.905446386931752 111:1.0 115:1.0 
-10.0 10.0 
-10.0 10.0 
-10.0 10.0 
-10.0 10.0 
-10.0 10.0 
-10.0 10.0 
-0.26886058628509224 0.0 12:1.0 111:1.0 
-10.0 10.0 
-10.0 10.0 
-10.0 7.277980397262389 13:1.0 
-10.0 10.0 
-0.0 6.67134760568743 71:1.0 
-0.20190050251838954 5.393208010731109 78:1.0 107:1.0 
-10.0 10.0 
-0.0 5.0 89:1.0 
-10.0 10.0 
-10.0 10.0 
-10.0 10.0 
-10.0 10.0 
-10.0 10.0 105:1.0 
-10.0 10.0 
-10.0 10.0 
-10.0 10.0 8:1.0 
-0.0 10.0 79:1.0 
-10.0 10.0 
-0.0 3.2989856290020683 94:1.0 
-10.0 10.0 
-10.0 10.0 
-10.0 10.0 
-10.0 10.0 
-10.0 10.0 
-10.0 10.0 
-10.0 10.0 
-10.0 10.0 
-10.0 10.0 
-10.0 10.0 
-10.0 10.0 
-10.0 10.0 
-10.0 10.0 
-10.0 10.0 
-10.0 10.0 
-10.0 10.0 
-10.0 10.0 
-10.0 10.0 
-10.0 10.0 
-10.0 10.0 
-10.0 10.0 
-0.0 10.0 31:1.0 
-0.0 4.787919089153489 85:1.0 
-10.0 10.0 
-10.0 10.0 
-10.0 10.0 
-10.0 10.0 
-10.0 10.0 
-10.0 10.0 
-10.0 10.0 
-10.0 10.0 
-10.0 10.0 
-10.0 10.0 
-10.0 10.0 
-10.0 10.0 
-10.0 10.0 
-10.0 10.0 
-10.0 10.0 
-10.0 10.0 
-10.0 10.0 
-10.0 10.0 
-10.0 10.0 
-0.0 5.54741938519363 122:1.0 
-10.0 10.0 
-10.0 10.0 
-10.0 10.0 
-10.0 10.0 
-0.0 7.366324034881469 98:1.0 
-10.0 10.0 
-10.0 10.0 
-0.0 10.0 113:1.0 
-10.0 10.0 
-10.0 10.0 
-10.0 10.0 
-10.0 10.0 
-10.0 10.0 23:1.0 48:1.0 
-10.0 10.0 
-10.0 10.0 
-10.0 10.0 
-10.0 10.0 
-10.0 10.0 
-10.0 10.0 
-10.0 10.0 
-10.0 10.0 
-0.0 0.4528621939788016 51:1.0 
-10.0 10.0 
-10.0 10.0 
-10.0 10.0 
-0.0 5.1303149023130645 30:1.0 
-0.0 10.0 95:1.0 
-10.0 10.0 
-10.0 10.0 
-10.0 10.0 
-10.0 10.0 
-10.0 10.0 
-10.0 10.0 
-10.0 10.0 
-10.0 5.392979543500315 1:1.0 33:1.0 
-10.0 10.0 
-10.0 10.0 
-10.0 10.0 
-10.0 10.0 
-10.0 10.0 
-10.0 10.0 
-5.0 5.398316989797081 77:1.0 102:1.0 
-10.0 10.0 
-10.0 10.0 
-10.0 10.0 
-0.0 10.0 94:1.0 
-10.0 10.0 
-0.0 5.2710598536640845 36:1.0 
-10.0 10.0 
-10.0 10.0 
-10.0 10.0 
-10.0 10.0 
-0.0 10.0 29:1.0 
-0.0 7.152324825262881 94:1.0 
-10.0 10.0 
-0.0 10.0 29:1.0 35:1.0 
-10.0 10.0 
-10.0 10.0 
-10.0 10.0 
-0.0 10.0 42:1.0 
-10.0 10.0 43:1.0 
-0.0 10.0 28:1.0 80:1.0 
-0.0 6.6691342882876565 22:1.0 
-10.0 10.0 
-10.0 10.0 
-10.0 10.0 
-10.0 10.0 
-10.0 10.0 
-5.216684339128821 0.0 41:1.0 45:1.0 
-10.0 10.0 
-10.0 5.584056077337757 85:1.0 
-10.0 10.0 29:1.0 
-10.0 10.0 
-0.0 10.0 28:1.0 
-10.0 10.0 
-0.35303238117955793 7.2335610351279795 53:1.0 
-10.0 10.0 
-10.0 10.0 
-10.0 10.0 
-10.0 10.0 
-10.0 10.0 38:1.0 108:1.0 
-10.0 10.0 
-10.0 10.0 
-10.0 10.0 
-0.0 5.570636555016906 90:1.0 
-10.0 10.0 
-10.0 10.0 
-10.0 10.0 
-10.0 10.0 
-10.0 10.0 
-10.0 10.0 
-10.0 10.0 
-10.0 10.0 
-10.0 10.0 
-10.0 10.0 
-10.0 10.0 
-10.0 10.0 
-0.0 7.265899375030011 95:1.0 
-0.0 3.278519376488245 75:1.0 
-10.0 10.0 
-0.0 0.5197913749544507 119:1.0 
-10.0 10.0 
-10.0 10.0 
-10.0 10.0 
-10.0 10.0 
-0.24722872932909107 0.3518386582274448 8:1.0 80:1.0 
-10.0 10.0 
-10.0 10.0 
-10.0 10.0 
-0.0 0.431150308118873 87:1.0 
-10.0 10.0 77:1.0 
-10.0 10.0 
-10.0 10.0 
-10.0 5.491223985908041 81:1.0 
-10.0 10.0 
-10.0 10.0 
-10.0 10.0 
-10.0 10.0 
-10.0 10.0 
-10.0 10.0 
-10.0 10.0 
-10.0 10.0 
-10.0 10.0 
-10.0 10.0 
-10.0 10.0 
-10.0 10.0 
-10.0 5.394173306511638 27:1.0 
-0.0 5.691488149514962 16:1.0 76:1.0 129:1.0 
-10.0 0.4811654895225775 32:1.0 
-10.0 10.0 
-0.2210823988421817 10.0 56:1.0 68:1.0 
-10.0 10.0 
-10.0 10.0 
-10.0 10.0 
-10.0 10.0 
-10.0 10.0 
-10.0 5.4813809443042745 89:1.0 
-10.0 10.0 
-10.0 10.0 
-0.0 0.5007702052732741 11:1.0 
-10.0 10.0 
-0.28678512300336517 9.785525986750587 39:1.0 59:1.0 
-10.0 0.0 35:1.0 
-10.0 10.0 
-0.0 0.3818171124528804 7:1.0 
-0.0 6.492952799614455 57:1.0 
-10.0 10.0 
-10.0 10.0 
-10.0 10.0 
-5.341011937615885 10.0 77:1.0 
-10.0 10.0 
-10.0 10.0 
-10.0 10.0 
-10.0 10.0 
-0.0 6.629156886202789 70:1.0 
-10.0 10.0 
-10.0 10.0 
-10.0 10.0 
-0.0 0.5606522592378098 50:1.0 
-10.0 10.0 
-10.0 10.0 
-10.0 10.0 
-10.0 10.0 
-0.0 0.5505842390912568 46:1.0 
-10.0 10.0 
-10.0 10.0 
-10.0 10.0 
-10.0 10.0 
-0.0 10.0 5:1.0 
-10.0 10.0 
-10.0 10.0 
-10.0 10.0 
-10.0 10.0 
-10.0 10.0 
-10.0 10.0 
-10.0 10.0 
-10.0 10.0 
-10.0 10.0 
-10.0 10.0 
-10.0 10.0 
-10.0 10.0 
-10.0 10.0 
-10.0 10.0 
-10.0 10.0 
-0.0 10.0 16:1.0 
-10.0 10.0 
-10.0 10.0 
-10.0 10.0 
-10.0 10.0 
-10.0 10.0 
-10.0 10.0 
-10.0 10.0 
-10.0 10.0 
-10.0 10.0 
-10.0 10.0 
-10.0 10.0 
-10.0 10.0 
-0.19140639488857336 10.0 50:1.0 79:1.0 
-10.0 10.0 
-10.0 10.0 
-10.0 10.0 
-10.0 10.0 
-10.0 10.0 
-10.0 10.0 
-10.0 10.0 
-10.0 10.0 
-10.0 10.0 
-0.0 3.8520086033203365 70:1.0 
-10.0 10.0 
-10.0 10.0 
-10.0 10.0 
-10.0 10.0 
-10.0 10.0 
-10.0 10.0 
-10.0 10.0 
-10.0 10.0 
-10.0 10.0 64:1.0 77:1.0 
-10.0 10.0 
-10.0 10.0 
-10.0 10.0 
-10.0 10.0 
-10.0 10.0 
-10.0 10.0 
-10.0 10.0 
-10.0 10.0 
-10.0 10.0 
-10.0 10.0 
-10.0 10.0 
-10.0 10.0 
-10.0 10.0 
-10.0 10.0 
-10.0 10.0 
-10.0 10.0 
-10.0 10.0 
-10.0 0.0 18:1.0 
-10.0 10.0 
-10.0 10.0 
-10.0 10.0 
-10.0 10.0 
-0.0 0.4529666502580058 106:1.0 
-10.0 10.0 
-10.0 10.0 
-10.0 10.0 
-0.0 10.0 114:1.0 118:1.0 127:1.0 
-0.20190050251836894 3.2163480345932496 98:1.0 113:1.0 
-10.0 10.0 
-10.0 10.0 
-10.0 10.0 
-10.0 10.0 
-10.0 0.4530453141267746 82:1.0 
-10.0 10.0 
-0.0 0.4915238398025784 44:1.0 
-0.415134691610662 0.0 73:1.0 102:1.0 
-0.0 10.0 78:1.0 
-10.0 10.0 
-0.0 5.375018607364026 30:1.0 
-10.0 10.0 
-10.0 10.0 
-10.0 10.0 
-10.0 10.0 
-10.0 10.0 
-1.9482258761639046 0.2884896587527312 24:1.0 49:1.0 112:1.0 121:1.0 130:1.0 
-0.0 7.197490266172258 75:1.0 
-0.0 10.0 14:1.0 
-0.20573470926548582 0.0 28:1.0 96:1.0 
-0.25336819531228594 0.0 21:1.0 22:1.0 88:1.0 
-10.0 10.0 
-10.0 10.0 
-10.0 10.0 
-10.0 0.48144082030442487 18:1.0 
-10.0 10.0 
-10.0 10.0 
-10.0 5.331876700365885 91:1.0 120:1.0 
-10.0 10.0 
-0.0 3.61996510112016 22:1.0 40:1.0 73:1.0 
-10.0 10.0 
-10.0 10.0 
-10.0 10.0 
-8.992956473424947 10.0 
-0.0 10.0 115:1.0 
-0.0 -10.0 
-0.0 -10.0 
-0.0 -10.0 
-0.0 -10.0 
-0.0 -10.0 
-0.0 -10.0 
-0.0 -10.0 
-0.0 -10.0 78:1.0 
-10.0 -10.0 10:1.0 
-0.0 -10.0 
-0.0 -10.0 
-0.0 -10.0 
-0.0 -10.0 
-0.0 -10.0 
-0.0 -10.0 
-0.0 -10.0 
-10.0 -10.0 48:1.0 
-0.0 -10.0 
-0.0 -10.0 
-0.0 -10.0 
-0.0 -10.0 
-0.0 -10.0 
-0.0 -10.0 117:1.0 
-0.0 -10.0 109:1.0 
-10.0 -10.0 17:1.0 
-0.0 -10.0 
-0.0 -10.0 42:1.0 
-0.0 -10.0 
-0.0 -10.0 
-0.0 -10.0 
-0.0 -10.0 
-0.0 -10.0 
-10.0 -10.0 
-10.0 -10.0 
-10.0 -10.0 
-0.0 -10.0 3:1.0 
-10.0 -10.0 
-10.0 -10.0 
-10.0 -10.0 
-10.0 -10.0 
-10.0 -10.0 
-0.0 -10.0 122:1.0 
-10.0 -10.0 13:1.0 75:1.0 
-10.0 -10.0 
-0.0 -10.0 60:1.0 
-10.0 -10.0 
-10.0 -10.0 
-10.0 -10.0 
-10.0 -10.0 
-10.0 -10.0 
-10.0 -10.0 
-10.0 -10.0 89:1.0 
-10.0 -10.0 
-10.0 -10.0 
-10.0 -10.0 
-10.0 -10.0 
-10.0 -10.0 101:1.0 105:1.0 
-10.0 -10.0 
-10.0 -10.0 
-10.0 -10.0 
-10.0 -10.0 
-0.0 -10.0 79:1.0 
-10.0 -10.0 
-10.0 -10.0 
-10.0 -10.0 
-10.0 -10.0 
-10.0 -10.0 
-0.0 -10.0 109:1.0 
-10.0 -10.0 
-10.0 -10.0 
-10.0 -10.0 
-10.0 -10.0 
-10.0 -10.0 3:1.0 
-10.0 -10.0 
-10.0 -10.0 
-10.0 -10.0 
-10.0 -10.0 
-10.0 -10.0 
-10.0 -10.0 
-10.0 -10.0 
-0.0 -10.0 9:1.0 
-0.0 -10.0 90:1.0 
-10.0 -10.0 
-10.0 -10.0 
-10.0 -10.0 
-10.0 -10.0 
-10.0 -10.0 
-10.0 -10.0 
-0.0 -10.0 98:1.0 
-10.0 -10.0 
-10.0 -10.0 
-10.0 -10.0 
-10.0 -10.0 
-0.0 -10.0 29:1.0 
-10.0 -10.0 
-10.0 -10.0 5:1.0 6:1.0 
-10.0 -10.0 
-0.0 -10.0 56:1.0 
-0.0 -10.0 34:1.0 
-10.0 -10.0 
-10.0 -10.0 
-10.0 -10.0 
-0.0 -10.0 16:1.0 19:1.0 71:1.0 
-10.0 -10.0 
-10.0 -10.0 
-10.0 -10.0 
-10.0 -10.0 
-0.0 -10.0 63:1.0 
-10.0 -10.0 
-10.0 -10.0 
-10.0 -10.0 
-10.0 -10.0 
-10.0 -10.0 
-10.0 -10.0 
-6.194599783487492 -10.0 14:1.0 35:1.0 71:1.0 
-10.0 -10.0 
-10.0 -10.0 
-10.0 -10.0 
-10.0 -10.0 
-0.0 -10.0 23:1.0 
-0.0 -10.0 47:1.0 
-0.0 -10.0 98:1.0 
-0.0 -10.0 109:1.0 
-0.0 -10.0 30:1.0 
-10.0 -10.0 
-10.0 -10.0 8:1.0 
-10.0 -10.0 
-10.0 -10.0 
-10.0 -10.0 
-10.0 -10.0 
-10.0 -10.0 
-10.0 -10.0 
-10.0 -10.0 86:1.0 
-10.0 -10.0 
-10.0 -10.0 
-10.0 -10.0 
-10.0 -10.0 
-10.0 -10.0 
-0.0 -10.0 29:1.0 
-10.0 -10.0 
-10.0 -10.0 
-10.0 -10.0 
-10.0 -10.0 
-10.0 -10.0 28:1.0 101:1.0 
-10.0 -10.0 
-10.0 -10.0 
-10.0 -10.0 103:1.0 
-10.0 -10.0 
-10.0 -10.0 
-0.0 -10.0 28:1.0 
-10.0 -10.0 
-0.0 -10.0 26:1.0 99:1.0 132:1.0 
-0.0 -10.0 47:1.0 
-10.0 -10.0 
-10.0 -10.0 
-10.0 -10.0 
-10.0 -10.0 
-0.0 -10.0 44:1.0 
-10.0 -10.0 
-10.0 -10.0 
-10.0 -10.0 
-10.0 -10.0 
-10.0 -10.0 
-10.0 -10.0 
-0.0 -10.0 57:1.0 
-0.0 -10.0 31:1.0 
-10.0 -10.0 
-0.0 -10.0 59:1.0 
-10.0 -10.0 
-10.0 -10.0 
-10.0 -10.0 
-5.2195126265769165 -10.0 19:1.0 84:1.0 
-10.0 -10.0 
-10.0 -10.0 
-10.0 -10.0 20:1.0 45:1.0 125:1.0 
-10.0 -10.0 
-0.0 -10.0 77:1.0 
-10.0 -10.0 
-10.0 -10.0 
-10.0 -10.0 
-10.0 -10.0 
-0.0 -10.0 5:1.0 88:1.0 
-10.0 -10.0 
-10.0 -10.0 
-10.0 -10.0 37:1.0 
-10.0 -10.0 
-0.0 -10.0 93:1.0 
-10.0 -10.0 
-0.0 -10.0 77:1.0 
-10.0 -10.0 
-10.0 -10.0 
-10.0 -10.0 
-10.0 -10.0 
-10.0 -10.0 
-0.0 -10.0 79:1.0 
-10.0 -10.0 
-10.0 -10.0 
-10.0 -10.0 
-0.0 -10.0 74:1.0 
-10.0 -10.0 
-10.0 -10.0 
-10.0 -10.0 
-0.0 -10.0 114:1.0 118:1.0 127:1.0 
-10.0 -10.0 29:1.0 37:1.0 108:1.0 
-0.0 -10.0 78:1.0 
-10.0 -10.0 
-10.0 -10.0 
-0.0 -10.0 50:1.0 
-10.0 -10.0 
-0.0 -10.0 43:1.0 
-10.0 -10.0 
-10.0 -10.0 
-0.0 -10.0 23:1.0 
-10.0 -10.0 
-10.0 -10.0 
-10.0 -10.0 
-10.0 -10.0 
-10.0 -10.0 15:1.0 67:1.0 
-10.0 -10.0 
-0.19904692146330594 -10.0 9:1.0 59:1.0 113:1.0 115:1.0 
-10.0 -10.0 
-10.0 -10.0 
-10.0 -10.0 
-10.0 -10.0 
-10.0 -10.0 
-10.0 -10.0 
-10.0 -10.0 
-10.0 -10.0 
-10.0 -10.0 
-10.0 -10.0 
-10.0 -10.0 
-10.0 -10.0 
-10.0 -10.0 
-10.0 -10.0 
-10.0 -10.0 
-10.0 -10.0 
-10.0 -10.0 
-10.0 -10.0 53:1.0 
-10.0 -10.0 
-10.0 -10.0 
-10.0 -10.0 
-10.0 -10.0 
-0.0 -10.0 31:1.0 
-0.0 -10.0 95:1.0 
-10.0 -10.0 
-10.0 -10.0 
-10.0 -10.0 
-10.0 -10.0 
-10.0 -10.0 
-10.0 -10.0 
-10.0 -10.0 
-10.0 -10.0 
-0.0 -10.0 56:1.0 
-0.1313951550831085 -10.0 29:1.0 115:1.0 
-10.0 -10.0 
-10.0 -10.0 
-10.0 -10.0 
-10.0 -10.0 
-10.0 -10.0 
-2.0511445117607527 -10.0 48:1.0 71:1.0 
-0.0 -10.0 109:1.0 
-10.0 -10.0 43:1.0 
-10.0 -10.0 
-0.0 -10.0 47:1.0 
-10.0 -10.0 
-10.0 -10.0 
-10.0 -10.0 
-10.0 -10.0 64:1.0 
-10.0 -10.0 
-0.0 -10.0 9:1.0 
-10.0 -10.0 
-10.0 -10.0 
-0.0 -10.0 60:1.0 
-10.0 -10.0 
-10.0 -10.0 1:1.0 
-10.0 -10.0 
-10.0 -10.0 
-10.0 -10.0 
-10.0 -10.0 
-10.0 -10.0 
-10.0 -10.0 
-10.0 -10.0 
-10.0 -10.0 
-10.0 -10.0 
-10.0 -10.0 
-10.0 -10.0 
-10.0 -10.0 
-10.0 -10.0 
-10.0 -10.0 
-10.0 -10.0 
-10.0 -10.0 
-10.0 -10.0 
-0.0 -10.0 113:1.0 
-10.0 -10.0 
-10.0 -10.0 
-10.0 -10.0 
-10.0 -10.0 4:1.0 
-10.0 -10.0 
-10.0 -10.0 
-0.0 -10.0 12:1.0 
-10.0 -10.0 
-10.0 -10.0 
-0.2195872812988916 -10.0 10:1.0 55:1.0 
-0.0 -10.0 113:1.0 
-10.0 -10.0 
-10.0 -10.0 
-10.0 -10.0 
-10.0 -10.0 
-10.0 -10.0 
-10.0 -10.0 
-10.0 -10.0 
-10.0 -10.0 
-10.0 -10.0 
-10.0 -10.0 
-0.0 -10.0 109:1.0 
-10.0 -10.0 54:1.0 
-10.0 -10.0 85:1.0 
-0.17429237612474935 -10.0 78:1.0 
-10.0 -10.0 
-10.0 -10.0 43:1.0 
-0.2627351605824749 -10.0 16:1.0 26:1.0 76:1.0 99:1.0 129:1.0 132:1.0 
-0.3484080589228769 -10.0 93:1.0 
-10.0 -10.0 
-10.0 -10.0 
-10.0 -10.0 
-10.0 -10.0 
-10.0 -10.0 
-10.0 -10.0 
-0.17438076759259666 -10.0 79:1.0 
-10.0 -10.0 
-0.1399875234799465 -10.0 11:1.0 117:1.0 
-10.0 -10.0 
-0.17429237612475262 -10.0 80:1.0 
-10.0 -10.0 
-10.0 -10.0 
-10.0 -10.0 
-10.0 -10.0 
-0.0 -10.0 60:1.0 
-10.0 -10.0 
-0.0 -10.0 47:1.0 60:1.0 
-0.17446920388772974 -10.0 36:1.0 
-10.0 -10.0 
-10.0 -10.0 
-10.0 -10.0 
-10.0 -10.0 
-10.0 -10.0 
-10.0 -10.0 
-10.0 -10.0 
-10.0 -10.0 
-10.0 -10.0 
-10.0 -10.0 
-10.0 -10.0 
-0.17438076759260154 -10.0 22:1.0 
-10.0 -10.0 
-10.0 -10.0 
-10.0 -10.0 20:1.0 45:1.0 125:1.0 
-10.0 -10.0 
-10.0 -10.0 
-10.0 -10.0 
-10.0 -10.0 
-10.0 -10.0 101:1.0 
-0.2664791495016374 -10.0 114:1.0 118:1.0 127:1.0 
-10.0 -10.0 
-10.0 -10.0 
-10.0 -10.0 
-10.0 -10.0 
-10.0 -10.0 
-10.0 -10.0 
-10.0 -10.0 
-10.0 -10.0 77:1.0 
-10.0 -10.0 54:1.0 61:1.0 110:1.0 
-10.0 -10.0 
-10.0 -10.0 
-10.0 -10.0 
-0.0 -10.0 5:1.0 
-0.0 -10.0 16:1.0 19:1.0 
-10.0 -10.0 
-0.24123659413751472 -10.0 54:1.0 95:1.0 
-10.0 -10.0 86:1.0 
-10.0 -10.0 
-10.0 -10.0 47:1.0 
-10.0 -10.0 
-10.0 -10.0 
-10.0 -10.0 
-0.0 -10.0 65:1.0 
-10.0 -10.0 
-10.0 -10.0 
-10.0 -10.0 
-10.0 -10.0 
-10.0 -10.0 
-10.0 -10.0 45:1.0 
-10.0 -10.0 
-10.0 -10.0 
-10.0 -10.0 
-10.0 -10.0 
-10.0 -10.0 
-10.0 -10.0 
-10.0 -10.0 
-10.0 -10.0 
-10.0 -10.0 
-10.0 -10.0 
-10.0 -10.0 
-10.0 -10.0 
-10.0 -10.0 2:1.0 91:1.0 
-10.0 -10.0 
-10.0 -10.0 
-0.0 -10.0 109:1.0 
-10.0 -10.0 60:1.0 72:1.0 
-10.0 -10.0 
-0.17446920388772186 -10.0 68:1.0 
-0.1230853165458219 -10.0 39:1.0 94:1.0 
-10.0 -10.0 
-10.0 -10.0 
-10.0 -10.0 
-10.0 -10.0 
-10.0 -10.0 
-10.0 -10.0 
-10.0 -10.0 
-0.0 -10.0 38:1.0 
-10.0 -10.0 
-10.0 -10.0 
-10.0 -10.0 
-10.0 -10.0 
-10.0 -10.0 
-0.17455768503287533 -10.0 74:1.0 
-0.0 -10.0 73:1.0 
-10.0 -10.0 
-0.0 -10.0 38:1.0 
-10.0 -10.0 
-10.0 -10.0 
-10.0 -10.0 
-10.0 -10.0 
-10.0 -10.0 
-10.0 -10.0 
-10.0 -10.0 
-10.0 -10.0 8:1.0 
-10.0 -10.0 
-10.0 -10.0 
-10.0 -10.0 
-10.0 -10.0 
-10.0 -10.0 
-10.0 -10.0 77:1.0 
-10.0 -10.0 
-10.0 -10.0 
-10.0 -10.0 
-10.0 -10.0 
-10.0 -10.0 
-10.0 -10.0 
-10.0 -10.0 25:1.0 65:1.0 
-0.17455768503287272 -10.0 70:1.0 
-10.0 -10.0 
-10.0 -10.0 74:1.0 
-10.0 -10.0 
-10.0 -10.0 
-10.0 -10.0 
-10.0 -10.0 
-10.0 -10.0 
-10.0 -10.0 
-10.0 -10.0 
-10.0 -10.0 
-0.0 -10.0 23:1.0 
-10.0 -10.0 
-10.0 -10.0 
-10.0 -10.0 
-10.0 -10.0 
-10.0 -10.0 13:1.0 
-10.0 -10.0 
-0.0 -10.0 115:1.0 
-10.0 -10.0 
-0.0 -10.0 26:1.0 99:1.0 132:1.0 
-10.0 -10.0 
-10.0 -10.0 
-10.0 -10.0 
-0.0 -10.0 26:1.0 99:1.0 132:1.0 
-10.0 -10.0 
-10.0 -10.0 77:1.0 
-10.0 -10.0 
-10.0 -10.0 
-10.0 -10.0 
-10.0 -10.0 
-10.0 -10.0 
-10.0 -10.0 
-10.0 -10.0 
-10.0 -10.0 
-10.0 -10.0 
-10.0 -10.0 
-10.0 -10.0 
-10.0 -10.0 
-10.0 -10.0 
-10.0 -10.0 
-10.0 -10.0 
-10.0 -10.0 
-10.0 -10.0 
-10.0 -10.0 
-0.17464621105077396 -10.0 42:1.0 
-10.0 -10.0 
-10.0 -10.0 
-10.0 -10.0 
-10.0 -10.0 
-10.0 -10.0 
-10.0 -10.0 
-0.1747347819641663 -10.0 23:1.0 
-10.0 -10.0 
-10.0 -10.0 27:1.0 
-10.0 -10.0 
-0.1746462110507717 -10.0 38:1.0 
-10.0 -10.0 
-10.0 -10.0 
-10.0 -10.0 
-0.0 -10.0 71:1.0 
-10.0 -10.0 15:1.0 
-10.0 -10.0 
-10.0 -10.0 
-10.0 -10.0 
-10.0 -10.0 
-0.0 -10.0 109:1.0 
-10.0 -10.0 
-0.0 -10.0 113:1.0 
-0.17473478196416398 -10.0 109:1.0 
-10.0 -10.0 20:1.0 45:1.0 58:1.0 92:1.0 104:1.0 124:1.0 125:1.0 126:1.0 128:1.0 
-10.0 -10.0 
-0.2056231412264695 -10.0 40:1.0 73:1.0 94:1.0 
-10.0 -10.0 
-10.0 -10.0 
-10.0 -10.0 
-10.0 -10.0 
-10.0 -10.0 
-10.0 -10.0 81:1.0 
-10.0 -10.0 
-10.0 -10.0 
-10.0 -10.0 
-10.0 -10.0 
-10.0 -10.0 
-10.0 -10.0 
-10.0 -10.0 
-2.302996724627014 -10.0 
-0.0 -10.0 
