svm_type c_svc
kernel_type rbf
gamma 1.0E-5
nr_class 3
total_sv 1533
rho 0.932537886848172 0.9299267157437298 -0.9557871562746306
label 2 0 1
nr_sv 419 577 537
SV
100.0 100.0 
100.0 100.0 
100.0 100.0 
100.0 100.0 45:1.0 58:1.0 104:1.0 116:1.0 126:1.0 128:1.0 
100.0 100.0 
100.0 100.0 61:1.0 86:1.0 
100.0 100.0 
100.0 100.0 
100.0 100.0 
100.0 100.0 
100.0 100.0 
100.0 100.0 
100.0 100.0 
100.0 100.0 
100.0 100.0 
100.0 100.0 27:1.0 101:1.0 105:1.0 
100.0 100.0 84:1.0 
100.0 100.0 
100.0 100.0 
100.0 100.0 
100.0 100.0 
100.0 100.0 
100.0 100.0 18:1.0 
100.0 100.0 
100.0 100.0 
100.0 100.0 
100.0 100.0 
100.0 100.0 
100.0 100.0 
100.0 100.0 
100.0 100.0 
100.0 100.0 
100.0 100.0 
100.0 100.0 
100.0 100.0 
100.0 100.0 
100.0 100.0 
100.0 100.0 
100.0 100.0 
100.0 100.0 
100.0 100.0 4:1.0 
100.0 100.0 
100.0 100.0 45:1.0 58:1.0 104:1.0 116:1.0 126:1.0 128:1.0 
100.0 100.0 
100.0 100.0 
100.0 100.0 
100.0 100.0 
100.0 100.0 
100.0 100.0 
100.0 100.0 
100.0 100.0 
100.0 100.0 
100.0 100.0 61:1.0 
100.0 100.0 
100.0 100.0 
100.0 100.0 
100.0 100.0 32:1.0 
100.0 100.0 
100.0 100.0 
100.0 100.0 
100.0 100.0 81:1.0 
100.0 100.0 
100.0 100.0 
100.0 100.0 
100.0 100.0 
100.0 100.0 72:1.0 
100.0 100.0 8:1.0 
100.0 100.0 86:1.0 
100.0 100.0 
100.0 100.0 
100.0 100.0 20:1.0 45:1.0 58:1.0 92:1.0 104:1.0 124:1.0 125:1.0 126:1.0 128:1.0 
100.0 100.0 6:1.0 116:1.0 
100.0 100.0 
100.0 100.0 
100.0 100.0 
100.0 100.0 6:1.0 
100.0 100.0 
100.0 100.0 3:1.0 
100.0 100.0 
100.0 100.0 
100.0 100.0 
100.0 100.0 
100.0 100.0 
100.0 100.0 
100.0 100.0 
100.0 100.0 
100.0 100.0 
100.0 100.0 
100.0 100.0 
100.0 100.0 
100.0 100.0 72:1.0 101:1.0 
100.0 100.0 110:1.0 
100.0 100.0 20:1.0 45:1.0 58:1.0 92:1.0 104:1.0 124:1.0 125:1.0 126:1.0 128:1.0 
100.0 100.0 
100.0 100.0 110:1.0 
100.0 100.0 
100.0 100.0 
100.0 100.0 4:1.0 91:1.0 
100.0 100.0 
100.0 100.0 
100.0 100.0 
100.0 100.0 
100.0 100.0 
100.0 100.0 72:1.0 
100.0 100.0 
100.0 100.0 
100.0 100.0 
100.0 100.0 81:1.0 
100.0 100.0 
100.0 100.0 
100.0 100.0 
100.0 100.0 
100.0 100.0 
100.0 100.0 
100.0 100.0 
100.0 100.0 35:1.0 
100.0 100.0 58:1.0 
100.0 100.0 
100.0 100.0 
100.0 100.0 
100.0 100.0 
100.0 100.0 116:1.0 
100.0 100.0 
100.0 100.0 
100.0 100.0 
100.0 100.0 52:1.0 
100.0 100.0 
100.0 100.0 
100.0 100.0 
100.0 100.0 
100.0 100.0 
100.0 100.0 
100.0 100.0 
100.0 100.0 
100.0 100.0 
100.0 100.0 
100.0 100.0 
100.0 100.0 
100.0 100.0 
100.0 100.0 
100.0 100.0 
100.0 100.0 
100.0 100.0 
100.0 100.0 85:1.0 
100.0 100.0 
100.0 100.0 
100.0 100.0 
100.0 100.0 
100.0 100.0 
100.0 100.0 
100.0 100.0 
100.0 100.0 
100.0 100.0 
100.0 100.0 
100.0 100.0 101:1.0 
100.0 100.0 
100.0 100.0 
100.0 100.0 
100.0 100.0 
100.0 100.0 1:1.0 
100.0 100.0 77:1.0 
100.0 100.0 1:1.0 53:1.0 
100.0 100.0 54:1.0 
100.0 100.0 
100.0 100.0 6:1.0 
100.0 100.0 
100.0 100.0 
100.0 100.0 15:1.0 67:1.0 
100.0 100.0 107:1.0 
100.0 100.0 54:1.0 
100.0 100.0 29:1.0 77:1.0 
100.0 100.0 
100.0 100.0 
100.0 100.0 47:1.0 
100.0 100.0 
100.0 100.0 108:1.0 
100.0 100.0 18:1.0 
100.0 100.0 
100.0 100.0 
100.0 100.0 
100.0 100.0 
100.0 100.0 25:1.0 
100.0 100.0 
100.0 100.0 
100.0 100.0 
100.0 100.0 
100.0 100.0 13:1.0 45:1.0 104:1.0 128:1.0 
100.0 100.0 
100.0 100.0 
100.0 100.0 
100.0 100.0 
100.0 100.0 
100.0 100.0 
100.0 100.0 
100.0 100.0 
100.0 100.0 
100.0 100.0 37:1.0 
100.0 100.0 
100.0 100.0 
100.0 100.0 
100.0 100.0 
100.0 100.0 13:1.0 
100.0 100.0 
100.0 100.0 
100.0 100.0 
100.0 100.0 
100.0 100.0 
100.0 100.0 
100.0 100.0 
100.0 100.0 
100.0 100.0 101:1.0 
100.0 100.0 105:1.0 
100.0 100.0 
100.0 100.0 45:1.0 
100.0 100.0 
100.0 100.0 72:1.0 
100.0 100.0 
100.0 100.0 
100.0 100.0 
100.0 100.0 
100.0 100.0 13:1.0 
100.0 100.0 
100.0 100.0 
100.0 100.0 61:1.0 
100.0 100.0 
100.0 100.0 103:1.0 
100.0 100.0 
100.0 100.0 67:1.0 
100.0 100.0 
100.0 100.0 48:1.0 
100.0 100.0 
100.0 100.0 
100.0 100.0 82:1.0 121:1.0 
100.0 100.0 
100.0 100.0 
100.0 100.0 37:1.0 
100.0 100.0 8:1.0 
100.0 100.0 
100.0 100.0 58:1.0 91:1.0 92:1.0 120:1.0 124:1.0 
100.0 100.0 
100.0 100.0 
100.0 100.0 4:1.0 58:1.0 120:1.0 
100.0 100.0 43:1.0 48:1.0 
100.0 100.0 
100.0 100.0 
100.0 100.0 
100.0 100.0 45:1.0 
100.0 100.0 
100.0 100.0 43:1.0 
100.0 100.0 103:1.0 
100.0 100.0 
100.0 100.0 
100.0 100.0 
100.0 100.0 
100.0 100.0 
100.0 100.0 77:1.0 
100.0 100.0 
100.0 100.0 
100.0 100.0 
100.0 100.0 
100.0 100.0 
100.0 100.0 
100.0 100.0 
100.0 100.0 91:1.0 
100.0 100.0 
100.0 100.0 
100.0 100.0 64:1.0 
100.0 100.0 
100.0 100.0 
100.0 100.0 
100.0 100.0 
100.0 100.0 35:1.0 
100.0 100.0 17:1.0 52:1.0 
100.0 100.0 
100.0 100.0 
100.0 100.0 17:1.0 
100.0 100.0 17:1.0 
100.0 100.0 
100.0 100.0 
100.0 100.0 
100.0 100.0 
100.0 100.0 
100.0 100.0 
100.0 100.0 
100.0 100.0 103:1.0 
100.0 100.0 
100.0 100.0 
100.0 100.0 
100.0 100.0 
100.0 100.0 52:1.0 102:1.0 
100.0 100.0 
100.0 100.0 
100.0 100.0 
100.0 100.0 
100.0 100.0 
100.0 100.0 
100.0 100.0 108:1.0 
100.0 100.0 103:1.0 
100.0 100.0 
100.0 100.0 
100.0 100.0 101:1.0 
100.0 100.0 
100.0 100.0 
100.0 100.0 
100.0 100.0 
100.0 100.0 
100.0 100.0 81:1.0 105:1.0 
100.0 100.0 
100.0 100.0 
100.0 100.0 
100.0 100.0 
100.0 100.0 
100.0 100.0 
100.0 100.0 
100.0 100.0 
100.0 100.0 
100.0 100.0 
100.0 100.0 
100.0 100.0 61:1.0 
100.0 100.0 
100.0 100.0 
100.0 100.0 52:1.0 
100.0 100.0 100:1.0 
100.0 100.0 
100.0 100.0 
100.0 100.0 
100.0 100.0 
100.0 100.0 
100.0 100.0 
100.0 100.0 
100.0 100.0 
100.0 100.0 10:1.0 
100.0 100.0 
100.0 100.0 107:1.0 
100.0 100.0 
100.0 100.0 
100.0 100.0 
100.0 100.0 
100.0 100.0 
100.0 100.0 
100.0 100.0 101:1.0 
100.0 100.0 
100.0 100.0 
100.0 100.0 
100.0 100.0 
100.0 100.0 
100.0 100.0 
100.0 100.0 
100.0 100.0 
100.0 100.0 
100.0 100.0 
100.0 100.0 
100.0 100.0 
100.0 100.0 
100.0 100.0 
100.0 100.0 
100.0 100.0 
100.0 100.0 
100.0 100.0 
100.0 100.0 
100.0 100.0 
100.0 100.0 
100.0 100.0 
100.0 100.0 
100.0 100.0 
100.0 100.0 
100.0 100.0 
100.0 100.0 
100.0 100.0 
100.0 100.0 25:1.0 
100.0 100.0 
100.0 100.0 
100.0 100.0 
100.0 100.0 
100.0 100.0 
100.0 100.0 
100.0 100.0 
100.0 100.0 
100.0 100.0 15:1.0 62:1.0 
100.0 100.0 
100.0 100.0 
100.0 100.0 
100.0 100.0 
100.0 100.0 
100.0 100.0 
100.0 100.0 
100.0 100.0 
100.0 100.0 
100.0 100.0 
100.0 100.0 
100.0 100.0 
100.0 100.0 
100.0 100.0 
100.0 100.0 
100.0 100.0 
100.0 100.0 62:1.0 
100.0 100.0 
100.0 100.0 
100.0 100.0 
100.0 100.0 
100.0 100.0 
100.0 100.0 
100.0 100.0 89:1.0 
100.0 100.0 
100.0 100.0 15:1.0 67:1.0 
100.0 100.0 
100.0 100.0 
100.0 100.0 
100.0 100.0 
100.0 100.0 74:1.0 
100.0 100.0 
100.0 100.0 
100.0 100.0 
100.0 100.0 
100.0 100.0 
100.0 100.0 
100.0 100.0 
100.0 100.0 
100.0 100.0 
-0.0 100.0 47:1.0 
-0.0 100.0 113:1.0 
-100.0 100.0 86:1.0 
-0.0 16.83230271846276 73:1.0 98:1.0 
-0.0 100.0 55:1.0 
-0.0 18.28568220204656 66:1.0 123:1.0 
-0.0 7.125176279305862 80:1.0 113:1.0 
-0.0 100.0 3:1.0 
-0.0 100.0 109:1.0 
-0.0 100.0 88:1.0 
-0.0 100.0 47:1.0 60:1.0 
-0.0 100.0 71:1.0 
-100.0 100.0 20:1.0 41:1.0 45:1.0 125:1.0 
-100.0 0.0 107:1.0 
-100.0 0.0 35:1.0 
-0.0 100.0 9:1.0 
-100.0 11.816661400183666 53:1.0 58:1.0 91:1.0 120:1.0 
-0.0 100.0 56:1.0 
-77.64900662251655 100.0 20:1.0 41:1.0 45:1.0 125:1.0 
-0.0 100.0 71:1.0 
-0.0 100.0 95:1.0 
-100.0 0.0 116:1.0 
-100.0 100.0 45:1.0 
-100.0 100.0 25:1.0 
-0.0 100.0 117:1.0 
-0.0 100.0 23:1.0 
-100.0 100.0 13:1.0 
-0.0 100.0 31:1.0 
-0.0 100.0 8:1.0 
-100.0 100.0 6:1.0 
-0.0 100.0 12:1.0 
-0.0 100.0 57:1.0 
-25.0 0.0 62:1.0 102:1.0 
-100.0 100.0 61:1.0 
-0.0 100.0 11:1.0 117:1.0 
-100.0 100.0 8:1.0 
-0.0 100.0 90:1.0 
-0.0 0.2997408455481718 44:1.0 
-0.0 100.0 42:1.0 
-0.0 100.0 77:1.0 
-0.0 100.0 40:1.0 71:1.0 
-0.0 100.0 
-0.0 100.0 
-0.0 100.0 78:1.0 
-100.0 100.0 47:1.0 
-0.0 100.0 
-0.0 100.0 
-0.0 100.0 
-0.0 100.0 
-0.0 69.89499715704838 21:1.0 115:1.0 
-0.0 100.0 
-0.0 100.0 
-0.0 100.0 
-0.0 100.0 
-0.0 100.0 
-0.0 100.0 
-0.0 100.0 
-0.0 100.0 
-0.0 100.0 23:1.0 93:1.0 
-0.0 100.0 
-0.0 100.0 
-0.0 100.0 
-0.0 100.0 
-0.0 100.0 
-0.0 100.0 19:1.0 
-100.0 0.0 81:1.0 
-0.0 100.0 
-0.0 100.0 
-0.0 100.0 98:1.0 
-0.0 100.0 
-0.0 100.0 
-100.0 100.0 103:1.0 
-0.0 100.0 
-0.0 100.0 
-100.0 0.0 107:1.0 
-0.0 74.81530184347376 2:1.0 79:1.0 
-0.0 100.0 
-0.0 100.0 
-0.0 100.0 
-0.0 100.0 
-0.0 100.0 
-0.0 100.0 
-0.0 100.0 
-56.06527275618697 100.0 44:1.0 84:1.0 
-0.0 100.0 
-0.0 100.0 
-0.0 100.0 
-0.0 100.0 
-0.0 100.0 
-0.0 100.0 
-0.0 100.0 
-0.0 100.0 
-0.0 100.0 98:1.0 
-0.0 100.0 
-0.0 100.0 
-0.0 100.0 
-0.0 100.0 
-0.0 100.0 
-0.0 100.0 
-0.0 100.0 
-0.0 100.0 
-0.0 100.0 43:1.0 
-0.0 100.0 
-0.0 100.0 113:1.0 
-0.0 100.0 
-0.0 100.0 
-100.0 100.0 13:1.0 
-0.0 100.0 73:1.0 
-0.0 100.0 2:1.0 47:1.0 
-0.0 100.0 
-0.0 17.130365311391596 50:1.0 71:1.0 
-0.0 100.0 
-0.0 100.0 
-100.0 100.0 81:1.0 
-0.0 100.0 
-0.0 100.0 
-0.0 100.0 114:1.0 118:1.0 127:1.0 
-0.0 100.0 
-0.0 100.0 
-0.0 100.0 
-0.0 100.0 
-0.0 100.0 
-100.0 100.0 
-100.0 100.0 
-100.0 100.0 3:1.0 
-100.0 100.0 
-100.0 100.0 
-100.0 100.0 
-100.0 100.0 
-100.0 100.0 34:1.0 45:1.0 58:1.0 92:1.0 104:1.0 124:1.0 126:1.0 128:1.0 
-100.0 100.0 
-100.0 100.0 
-100.0 100.0 
-100.0 100.0 
-100.0 100.0 
-100.0 100.0 
-100.0 100.0 
-100.0 100.0 
-0.0 17.07324130102695 42:1.0 63:1.0 
-100.0 76.01947129646453 10:1.0 62:1.0 
-100.0 100.0 
-100.0 100.0 
-100.0 100.0 
-100.0 100.0 
-100.0 100.0 
-0.0 100.0 109:1.0 
-0.0 100.0 36:1.0 
-100.0 100.0 
-100.0 100.0 
-100.0 100.0 
-100.0 100.0 
-100.0 100.0 
-0.0 100.0 113:1.0 
-100.0 100.0 
-100.0 100.0 
-100.0 100.0 
-100.0 100.0 
-100.0 100.0 
-100.0 100.0 
-100.0 100.0 
-100.0 100.0 
-100.0 100.0 
-100.0 100.0 
-100.0 100.0 
-100.0 100.0 
-100.0 100.0 
-100.0 100.0 
-100.0 100.0 
-0.0 66.29842934380683 93:1.0 96:1.0 
-100.0 100.0 
-100.0 100.0 
-100.0 100.0 
-100.0 100.0 
-100.0 100.0 
-100.0 100.0 
-100.0 100.0 
-100.0 100.0 
-100.0 100.0 
-100.0 100.0 
-100.0 100.0 
-100.0 100.0 
-0.0 100.0 63:1.0 
-100.0 100.0 
-100.0 100.0 
-100.0 100.0 
-100.0 100.0 
-100.0 100.0 
-100.0 100.0 
-100.0 100.0 
-100.0 100.0 
-100.0 100.0 
-0.0 100.0 62:1.0 73:1.0 83:1.0 109:1.0 
-100.0 100.0 
-100.0 100.0 
-100.0 100.0 
-100.0 100.0 
-100.0 100.0 
-100.0 100.0 
-100.0 100.0 
-100.0 100.0 
-100.0 100.0 
-100.0 100.0 
-100.0 100.0 
-100.0 100.0 
-100.0 100.0 
-0.0 56.62283523605495 39:1.0 59:1.0 
-100.0 100.0 
-100.0 100.0 
-100.0 100.0 
-100.0 100.0 
-0.0 100.0 122:1.0 
-100.0 100.0 
-100.0 100.0 
-100.0 100.0 86:1.0 
-100.0 100.0 
-100.0 100.0 
-100.0 100.0 
-100.0 100.0 
-100.0 100.0 
-100.0 100.0 
-100.0 100.0 
-0.0 17.222272597600313 14:1.0 35:1.0 
-100.0 100.0 
-100.0 100.0 
-100.0 100.0 
-100.0 100.0 
-0.0 100.0 42:1.0 
-100.0 100.0 
-100.0 100.0 
-100.0 100.0 
-100.0 100.0 43:1.0 
-100.0 100.0 
-100.0 100.0 
-100.0 100.0 
-100.0 100.0 
-100.0 100.0 
-0.0 0.5981642010156065 88:1.0 
-0.0 100.0 27:1.0 
-100.0 100.0 
-100.0 100.0 
-100.0 100.0 
-100.0 100.0 
-100.0 0.0 62:1.0 
-0.0 83.39026633345514 111:1.0 115:1.0 
-100.0 100.0 
-100.0 100.0 
-100.0 100.0 
-100.0 100.0 
-100.0 100.0 
-100.0 100.0 
-100.0 100.0 
-100.0 100.0 
-100.0 0.0 13:1.0 
-100.0 100.0 
-0.0 100.0 71:1.0 
-0.0 66.03733197014566 78:1.0 107:1.0 
-100.0 100.0 
-0.0 100.0 89:1.0 
-100.0 100.0 
-100.0 100.0 
-100.0 100.0 
-100.0 100.0 
-100.0 100.0 105:1.0 
-100.0 100.0 
-100.0 100.0 
-100.0 0.0 8:1.0 
-0.0 100.0 79:1.0 
-100.0 100.0 
-0.0 36.20806399489778 94:1.0 
-100.0 100.0 
-100.0 100.0 
-100.0 100.0 
-100.0 100.0 
-100.0 100.0 
-100.0 100.0 
-100.0 100.0 
-100.0 100.0 
-100.0 100.0 
-100.0 100.0 
-100.0 100.0 
-100.0 100.0 
-100.0 100.0 
-100.0 100.0 
-100.0 100.0 
-100.0 100.0 
-100.0 100.0 
-100.0 100.0 
-100.0 100.0 
-0.0 100.0 16:1.0 76:1.0 129:1.0 
-100.0 100.0 
-100.0 100.0 
-0.0 100.0 31:1.0 
-0.0 100.0 85:1.0 
-100.0 100.0 
-100.0 100.0 
-100.0 100.0 
-100.0 100.0 
-100.0 100.0 
-100.0 100.0 
-100.0 100.0 
-100.0 100.0 
-100.0 100.0 
-100.0 100.0 
-100.0 100.0 
-100.0 100.0 
-100.0 100.0 
-100.0 100.0 
-100.0 100.0 
-100.0 100.0 
-100.0 100.0 
-100.0 100.0 
-100.0 100.0 
-100.0 100.0 
-100.0 100.0 
-100.0 100.0 
-100.0 100.0 
-100.0 100.0 
-100.0 100.0 
-0.0 100.0 113:1.0 
-100.0 100.0 
-100.0 100.0 
-100.0 100.0 
-100.0 100.0 
-100.0 100.0 23:1.0 48:1.0 
-100.0 100.0 
-100.0 100.0 
-100.0 100.0 
-100.0 100.0 
-100.0 100.0 
-100.0 100.0 
-100.0 100.0 
-100.0 100.0 
-0.0 14.878172777045535 51:1.0 
-100.0 100.0 
-100.0 100.0 
-100.0 100.0 
-0.0 100.0 30:1.0 
-0.0 100.0 95:1.0 
-100.0 100.0 
-100.0 100.0 
-100.0 100.0 
-100.0 100.0 
-100.0 100.0 
-100.0 100.0 
-100.0 100.0 
-100.0 65.77281940966904 1:1.0 33:1.0 
-100.0 100.0 
-100.0 100.0 
-100.0 100.0 
-100.0 100.0 
-100.0 100.0 
-100.0 100.0 
-50.0 76.16850259309376 77:1.0 102:1.0 
-100.0 100.0 
-100.0 100.0 
-100.0 100.0 
-0.0 100.0 94:1.0 
-100.0 100.0 
-100.0 100.0 
-100.0 100.0 
-100.0 100.0 
-100.0 100.0 
-0.0 100.0 29:1.0 
-0.0 100.0 94:1.0 
-100.0 100.0 
-0.0 100.0 29:1.0 35:1.0 
-100.0 100.0 
-100.0 100.0 
-100.0 100.0 
-100.0 100.0 43:1.0 
-0.0 100.0 28:1.0 80:1.0 
-0.0 100.0 22:1.0 
-100.0 100.0 
-100.0 100.0 
-100.0 100.0 
-100.0 100.0 
-100.0 100.0 
-89.7861119846126 0.0 41:1.0 45:1.0 
-100.0 100.0 
-100.0 10.553280068884646 85:1.0 
-100.0 100.0 29:1.0 
-100.0 100.0 
-0.0 100.0 28:1.0 
-100.0 100.0 
-1.7857142855368977 100.0 53:1.0 
-100.0 100.0 
-100.0 100.0 
-100.0 100.0 
-100.0 100.0 
-100.0 100.0 38:1.0 108:1.0 
-100.0 100.0 
-100.0 100.0 
-100.0 100.0 
-0.0 0.20923495670736258 90:1.0 
-100.0 100.0 
-100.0 100.0 
-100.0 100.0 
-100.0 100.0 
-100.0 100.0 
-100.0 100.0 
-100.0 100.0 
-100.0 100.0 
-100.0 100.0 
-100.0 100.0 
-100.0 100.0 
-100.0 100.0 
-0.0 100.0 75:1.0 
-100.0 100.0 
-0.0 33.70157065619317 114:1.0 
-100.0 100.0 
-100.0 100.0 
-100.0 100.0 
-100.0 100.0 
-100.0 100.0 
-100.0 100.0 
-100.0 100.0 
-100.0 100.0 77:1.0 
-100.0 100.0 
-100.0 100.0 
-100.0 0.7000308095898902 81:1.0 
-100.0 100.0 
-100.0 100.0 
-100.0 100.0 
-100.0 100.0 
-100.0 100.0 
-100.0 100.0 
-100.0 100.0 
-100.0 100.0 
-100.0 100.0 
-100.0 100.0 
-100.0 100.0 
-100.0 100.0 
-100.0 0.0 27:1.0 
-0.0 42.61367665419269 16:1.0 76:1.0 129:1.0 
-100.0 34.22718059033096 32:1.0 
-100.0 100.0 
-0.0 100.0 56:1.0 68:1.0 
-100.0 100.0 
-0.0 100.0 14:1.0 
-100.0 100.0 
-100.0 100.0 
-100.0 100.0 
-100.0 100.0 
-100.0 0.0 89:1.0 
-100.0 100.0 
-100.0 100.0 
-0.0 0.8957832486346575 11:1.0 
-100.0 100.0 
-0.0 100.0 39:1.0 59:1.0 
-100.0 0.0 35:1.0 
-100.0 100.0 
-0.0 0.8957832486346575 57:1.0 
-100.0 100.0 
-100.0 100.0 
-100.0 100.0 
-52.362900973663535 100.0 77:1.0 
-100.0 100.0 
-100.0 100.0 
-100.0 100.0 
-100.0 100.0 
-0.0 100.0 70:1.0 
-100.0 100.0 
-100.0 100.0 
-100.0 100.0 
-100.0 100.0 
-100.0 100.0 
-100.0 100.0 
-100.0 100.0 
-100.0 100.0 
-100.0 100.0 
-100.0 100.0 
-100.0 100.0 
-0.0 100.0 5:1.0 
-100.0 100.0 
-100.0 100.0 
-100.0 100.0 
-100.0 100.0 
-100.0 100.0 
-100.0 100.0 
-100.0 100.0 
-100.0 100.0 
-100.0 100.0 
-100.0 100.0 
-100.0 100.0 
-100.0 100.0 
-100.0 100.0 
-100.0 100.0 
-100.0 100.0 
-0.0 100.0 16:1.0 
-100.0 100.0 
-100.0 100.0 
-100.0 100.0 
-100.0 100.0 
-100.0 100.0 
-100.0 100.0 
-100.0 100.0 
-100.0 100.0 
-100.0 100.0 
-100.0 100.0 
-100.0 100.0 
-100.0 100.0 
-0.0 100.0 50:1.0 79:1.0 
-100.0 100.0 
-100.0 100.0 
-100.0 100.0 
-100.0 100.0 
-100.0 100.0 
-100.0 100.0 
-100.0 100.0 
-100.0 100.0 
-100.0 100.0 
-100.0 100.0 
-100.0 100.0 
-100.0 100.0 
-100.0 100.0 
-100.0 100.0 
-100.0 100.0 
-100.0 100.0 
-100.0 100.0 
-100.0 100.0 64:1.0 77:1.0 
-100.0 100.0 
-100.0 100.0 
-100.0 100.0 
-100.0 100.0 
-100.0 100.0 
-100.0 100.0 
-100.0 100.0 
-100.0 100.0 
-100.0 100.0 
-100.0 100.0 
-100.0 100.0 
-100.0 100.0 
-100.0 100.0 
-100.0 100.0 
-100.0 100.0 
-100.0 100.0 
-100.0 100.0 
-100.0 0.0 18:1.0 
-100.0 100.0 
-100.0 100.0 
-100.0 100.0 
-100.0 100.0 
-0.0 0.8957832486346575 106:1.0 
-100.0 100.0 
-100.0 100.0 
-100.0 100.0 
-0.0 100.0 114:1.0 118:1.0 127:1.0 
-100.0 100.0 
-100.0 100.0 
-100.0 100.0 
-100.0 100.0 
-100.0 0.0 82:1.0 
-100.0 100.0 
-25.0 0.0 73:1.0 102:1.0 
-0.0 100.0 78:1.0 
-100.0 100.0 
-0.0 0.8957832486346575 30:1.0 
-100.0 100.0 
-100.0 100.0 
-100.0 100.0 
-100.0 100.0 
-100.0 100.0 
-22.350993377483444 7.369433553233236 24:1.0 49:1.0 112:1.0 121:1.0 130:1.0 
-0.0 32.158667564594055 75:1.0 
-100.0 100.0 
-100.0 100.0 
-100.0 100.0 
-100.0 0.0 18:1.0 
-100.0 100.0 
-100.0 100.0 
-100.0 42.393993339998616 91:1.0 120:1.0 
-100.0 100.0 
-100.0 100.0 
-100.0 100.0 
-100.0 100.0 
-100.0 100.0 
-0.0 100.0 115:1.0 
-0.0 -100.0 
-0.0 -100.0 
-0.0 -100.0 
-0.0 -100.0 
-0.0 -100.0 
-0.0 -100.0 
-0.0 -100.0 
-0.0 -100.0 78:1.0 
-100.0 -100.0 10:1.0 
-0.0 -100.0 
-0.0 -100.0 
-0.0 -100.0 
-0.0 -100.0 
-0.0 -100.0 
-0.0 -100.0 
-0.0 -100.0 
-100.0 -100.0 48:1.0 
-0.0 -100.0 
-0.0 -100.0 
-0.0 -100.0 
-0.0 -100.0 
-0.0 -100.0 
-0.0 -100.0 117:1.0 
-0.0 -100.0 109:1.0 
-100.0 -100.0 17:1.0 
-0.0 -100.0 
-0.0 -100.0 42:1.0 
-0.0 -100.0 
-0.0 -100.0 
-0.0 -100.0 
-0.0 -100.0 
-100.0 -100.0 
-100.0 -100.0 
-100.0 -100.0 
-100.0 -100.0 
-0.0 -100.0 3:1.0 
-100.0 -100.0 
-100.0 -100.0 
-100.0 -100.0 
-100.0 -100.0 
-100.0 -100.0 
-0.0 -100.0 122:1.0 
-100.0 -100.0 13:1.0 75:1.0 
-100.0 -100.0 
-0.0 -100.0 60:1.0 
-100.0 -100.0 
-100.0 -100.0 
-100.0 -100.0 
-100.0 -100.0 
-100.0 -100.0 
-100.0 -100.0 
-100.0 -100.0 89:1.0 
-100.0 -100.0 
-100.0 -100.0 
-100.0 -100.0 
-100.0 -100.0 
-100.0 -100.0 101:1.0 105:1.0 
-100.0 -100.0 
-100.0 -100.0 
-100.0 -100.0 
-100.0 -100.0 
-0.0 -100.0 79:1.0 
-100.0 -100.0 
-100.0 -100.0 
-100.0 -100.0 
-100.0 -100.0 
-100.0 -100.0 
-0.0 -100.0 109:1.0 
-100.0 -100.0 
-100.0 -100.0 
-100.0 -100.0 
-100.0 -100.0 
-100.0 -100.0 3:1.0 
-100.0 -100.0 
-100.0 -100.0 
-100.0 -100.0 
-100.0 -100.0 
-100.0 -100.0 
-100.0 -100.0 
-100.0 -100.0 
-0.0 -100.0 9:1.0 
-0.0 -100.0 90:1.0 
-100.0 -100.0 
-100.0 -100.0 
-100.0 -100.0 
-100.0 -100.0 
-100.0 -100.0 
-100.0 -100.0 
-0.0 -100.0 98:1.0 
-100.0 -100.0 
-100.0 -100.0 
-100.0 -100.0 
-100.0 -100.0 
-0.0 -100.0 29:1.0 
-100.0 -100.0 
-100.0 -100.0 5:1.0 6:1.0 
-100.0 -100.0 
-0.0 -100.0 56:1.0 
-0.0 -100.0 34:1.0 
-100.0 -100.0 
-100.0 -100.0 
-100.0 -100.0 
-0.0 -100.0 16:1.0 19:1.0 71:1.0 
-100.0 -100.0 
-100.0 -100.0 
-100.0 -100.0 
-100.0 -100.0 
-0.0 -100.0 63:1.0 
-100.0 -100.0 
-100.0 -100.0 
-100.0 -100.0 
-100.0 -100.0 
-100.0 -100.0 
-100.0 -100.0 
-66.79642052347096 -100.0 14:1.0 35:1.0 71:1.0 
-100.0 -100.0 
-100.0 -100.0 
-100.0 -100.0 
-100.0 -100.0 
-0.0 -100.0 23:1.0 
-0.0 -100.0 47:1.0 
-0.0 -100.0 98:1.0 
-0.0 -100.0 109:1.0 
-0.0 -100.0 30:1.0 
-100.0 -100.0 
-100.0 -100.0 8:1.0 
-100.0 -100.0 
-100.0 -100.0 
-100.0 -100.0 
-100.0 -100.0 
-100.0 -100.0 
-100.0 -100.0 
-100.0 -100.0 86:1.0 
-100.0 -100.0 
-100.0 -100.0 
-100.0 -100.0 
-100.0 -100.0 
-100.0 -100.0 
-0.0 -100.0 29:1.0 
-100.0 -100.0 
-100.0 -100.0 
-100.0 -100.0 
-100.0 -100.0 
-100.0 -100.0 28:1.0 101:1.0 
-100.0 -100.0 
-100.0 -100.0 
-100.0 -100.0 103:1.0 
-100.0 -100.0 
-100.0 -100.0 
-0.0 -100.0 28:1.0 
-100.0 -100.0 
-0.0 -100.0 26:1.0 99:1.0 132:1.0 
-0.0 -100.0 47:1.0 
-100.0 -100.0 
-100.0 -100.0 
-100.0 -100.0 
-100.0 -100.0 
-0.0 -100.0 44:1.0 
-100.0 -100.0 
-100.0 -100.0 
-100.0 -100.0 
-100.0 -100.0 
-100.0 -100.0 
-100.0 -100.0 
-0.0 -100.0 57:1.0 
-0.0 -100.0 31:1.0 
-100.0 -100.0 
-0.0 -100.0 59:1.0 
-100.0 -100.0 
-100.0 -100.0 
-100.0 -100.0 
-36.00453299261963 -100.0 19:1.0 84:1.0 
-100.0 -100.0 
-100.0 -100.0 
-100.0 -100.0 20:1.0 45:1.0 125:1.0 
-100.0 -100.0 
-0.0 -100.0 77:1.0 
-100.0 -100.0 
-100.0 -100.0 
-100.0 -100.0 
-100.0 -100.0 
-0.0 -100.0 5:1.0 88:1.0 
-100.0 -100.0 
-100.0 -100.0 
-100.0 -100.0 37:1.0 
-100.0 -100.0 
-0.0 -100.0 93:1.0 
-100.0 -100.0 
-0.0 -100.0 77:1.0 
-100.0 -100.0 
-100.0 -100.0 
-100.0 -100.0 
-100.0 -100.0 
-100.0 -100.0 
-0.0 -100.0 79:1.0 
-100.0 -100.0 
-100.0 -100.0 
-100.0 -100.0 
-0.0 -100.0 74:1.0 
-100.0 -100.0 
-100.0 -100.0 
-100.0 -100.0 
-0.0 -100.0 114:1.0 118:1.0 127:1.0 
-100.0 -100.0 29:1.0 37:1.0 108:1.0 
-0.0 -100.0 78:1.0 
-100.0 -100.0 
-100.0 -100.0 
-0.0 -100.0 50:1.0 
-100.0 -100.0 
-0.0 -100.0 43:1.0 
-100.0 -100.0 
-100.0 -100.0 
-0.0 -100.0 23:1.0 
-100.0 -100.0 
-100.0 -100.0 
-100.0 -100.0 
-100.0 -100.0 
-100.0 -100.0 15:1.0 67:1.0 
-100.0 -100.0 
-0.0 -100.0 9:1.0 59:1.0 113:1.0 115:1.0 
-100.0 -100.0 
-100.0 -100.0 
-100.0 -100.0 
-100.0 -100.0 
-100.0 -100.0 
-100.0 -100.0 
-100.0 -100.0 
-100.0 -100.0 
-100.0 -100.0 
-100.0 -100.0 
-100.0 -100.0 
-100.0 -100.0 
-100.0 -100.0 
-100.0 -100.0 
-100.0 -100.0 
-100.0 -100.0 
-100.0 -100.0 
-100.0 -100.0 53:1.0 
-100.0 -100.0 
-100.0 -100.0 
-100.0 -100.0 
-100.0 -100.0 
-0.0 -100.0 31:1.0 
-0.0 -100.0 95:1.0 
-100.0 -100.0 
-100.0 -100.0 
-100.0 -100.0 
-100.0 -100.0 
-100.0 -100.0 
-100.0 -100.0 
-100.0 -100.0 
-100.0 -100.0 
-0.0 -100.0 56:1.0 
-0.0 -100.0 29:1.0 115:1.0 
-100.0 -100.0 
-100.0 -100.0 
-100.0 -100.0 
-100.0 -100.0 
-100.0 -100.0 
-0.0 -100.0 48:1.0 71:1.0 
-0.0 -100.0 109:1.0 
-100.0 -100.0 43:1.0 
-100.0 -100.0 
-0.0 -100.0 47:1.0 
-100.0 -100.0 
-100.0 -100.0 
-100.0 -100.0 
-100.0 -100.0 64:1.0 
-100.0 -100.0 
-0.0 -100.0 9:1.0 
-100.0 -100.0 
-100.0 -100.0 
-0.0 -100.0 60:1.0 
-100.0 -100.0 
-100.0 -100.0 1:1.0 
-100.0 -100.0 
-100.0 -100.0 
-100.0 -100.0 
-100.0 -100.0 
-100.0 -100.0 
-100.0 -100.0 
-100.0 -100.0 
-100.0 -100.0 
-100.0 -100.0 
-100.0 -100.0 
-100.0 -100.0 
-100.0 -100.0 
-100.0 -100.0 
-100.0 -100.0 
-100.0 -100.0 
-100.0 -100.0 
-100.0 -100.0 
-0.0 -100.0 113:1.0 
-100.0 -100.0 
-100.0 -100.0 
-100.0 -100.0 
-100.0 -100.0 4:1.0 
-100.0 -100.0 
-100.0 -100.0 
-0.0 -100.0 12:1.0 
-100.0 -100.0 
-100.0 -100.0 
-0.0 -100.0 10:1.0 55:1.0 
-0.0 -100.0 113:1.0 
-100.0 -100.0 
-100.0 -100.0 
-100.0 -100.0 
-100.0 -100.0 
-100.0 -100.0 
-100.0 -100.0 
-100.0 -100.0 
-100.0 -100.0 
-100.0 -100.0 
-100.0 -100.0 
-0.0 -100.0 109:1.0 
-100.0 -100.0 54:1.0 
-100.0 -100.0 85:1.0 
-0.0 -100.0 78:1.0 
-100.0 -100.0 
-100.0 -100.0 43:1.0 
-0.0 -100.0 16:1.0 26:1.0 76:1.0 99:1.0 129:1.0 132:1.0 
-0.0 -100.0 93:1.0 
-100.0 -100.0 
-100.0 -100.0 
-100.0 -100.0 
-100.0 -100.0 
-100.0 -100.0 
-100.0 -100.0 
-0.0 -100.0 79:1.0 
-100.0 -100.0 
-0.0 -100.0 11:1.0 117:1.0 
-100.0 -100.0 
-0.0 -100.0 80:1.0 
-100.0 -100.0 
-100.0 -100.0 
-100.0 -100.0 
-100.0 -100.0 
-0.0 -100.0 60:1.0 
-100.0 -100.0 
-0.0 -100.0 47:1.0 60:1.0 
-0.0 -100.0 36:1.0 
-100.0 -100.0 
-100.0 -100.0 
-100.0 -100.0 
-100.0 -100.0 
-100.0 -100.0 
-100.0 -100.0 
-100.0 -100.0 
-100.0 -100.0 
-100.0 -100.0 
-100.0 -100.0 
-100.0 -100.0 
-0.0 -100.0 22:1.0 
-100.0 -100.0 
-100.0 -100.0 
-100.0 -100.0 20:1.0 45:1.0 125:1.0 
-100.0 -100.0 
-100.0 -100.0 
-100.0 -100.0 
-100.0 -100.0 
-100.0 -100.0 101:1.0 
-0.0 -100.0 114:1.0 118:1.0 127:1.0 
-100.0 -100.0 
-100.0 -100.0 
-100.0 -100.0 
-100.0 -100.0 
-100.0 -100.0 
-100.0 -100.0 
-100.0 -100.0 
-100.0 -100.0 77:1.0 
-100.0 -100.0 54:1.0 61:1.0 110:1.0 
-100.0 -100.0 
-100.0 -100.0 
-100.0 -100.0 
-0.0 -100.0 5:1.0 
-0.0 -100.0 16:1.0 19:1.0 
-100.0 -100.0 
-0.0 -100.0 54:1.0 95:1.0 
-100.0 -100.0 86:1.0 
-100.0 -100.0 
-100.0 -100.0 47:1.0 
-100.0 -100.0 
-100.0 -100.0 
-100.0 -100.0 
-0.0 -100.0 65:1.0 
-100.0 -100.0 
-100.0 -100.0 
-100.0 -100.0 
-100.0 -100.0 
-100.0 -100.0 
-100.0 -100.0 45:1.0 
-100.0 -100.0 
-100.0 -100.0 
-100.0 -100.0 
-100.0 -100.0 
-100.0 -100.0 
-100.0 -100.0 
-100.0 -100.0 
-100.0 -100.0 
-100.0 -100.0 
-100.0 -100.0 
-100.0 -100.0 
-100.0 -100.0 
-100.0 -100.0 2:1.0 91:1.0 
-100.0 -100.0 
-100.0 -100.0 
-0.0 -100.0 109:1.0 
-100.0 -100.0 60:1.0 72:1.0 
-100.0 -100.0 
-0.0 -100.0 68:1.0 
-0.0 -100.0 39:1.0 94:1.0 
-100.0 -100.0 
-100.0 -100.0 
-100.0 -100.0 
-100.0 -100.0 
-100.0 -100.0 
-100.0 -100.0 
-100.0 -100.0 
-0.0 -100.0 38:1.0 
-100.0 -100.0 
-100.0 -100.0 
-100.0 -100.0 
-100.0 -100.0 
-100.0 -100.0 
-0.0 -100.0 74:1.0 
-0.0 -100.0 73:1.0 
-100.0 -100.0 
-0.0 -100.0 38:1.0 
-100.0 -100.0 
-100.0 -100.0 
-100.0 -100.0 
-100.0 -100.0 
-100.0 -100.0 
-100.0 -100.0 
-100.0 -100.0 
-100.0 -100.0 8:1.0 
-100.0 -100.0 
-100.0 -100.0 
-100.0 -100.0 
-100.0 -100.0 
-100.0 -100.0 
-100.0 -100.0 77:1.0 
-100.0 -100.0 
-100.0 -100.0 
-100.0 -100.0 
-100.0 -100.0 
-100.0 -100.0 
-100.0 -100.0 
-100.0 -100.0 25:1.0 65:1.0 
-0.0 -100.0 70:1.0 
-100.0 -100.0 
-100.0 -100.0 74:1.0 
-100.0 -100.0 
-100.0 -100.0 
-100.0 -100.0 
-100.0 -100.0 
-100.0 -100.0 
-100.0 -100.0 
-100.0 -100.0 
-100.0 -100.0 
-0.0 -100.0 23:1.0 
-100.0 -100.0 
-100.0 -100.0 
-100.0 -100.0 
-100.0 -100.0 
-100.0 -100.0 13:1.0 
-100.0 -100.0 
-0.0 -100.0 115:1.0 
-100.0 -100.0 
-0.0 -100.0 26:1.0 99:1.0 132:1.0 
-100.0 -100.0 
-100.0 -100.0 
-100.0 -100.0 
-0.0 -100.0 26:1.0 99:1.0 132:1.0 
-100.0 -100.0 
-100.0 -100.0 77:1.0 
-100.0 -100.0 
-100.0 -100.0 
-100.0 -100.0 
-100.0 -100.0 
-100.0 -100.0 
-100.0 -100.0 
-100.0 -100.0 
-100.0 -100.0 
-100.0 -100.0 
-100.0 -100.0 
-100.0 -100.0 
-100.0 -100.0 
-100.0 -100.0 
-100.0 -100.0 
-100.0 -100.0 
-100.0 -100.0 
-100.0 -100.0 
-100.0 -100.0 
-0.0 -100.0 42:1.0 
-100.0 -100.0 
-100.0 -100.0 
-100.0 -100.0 
-100.0 -100.0 
-100.0 -100.0 
-100.0 -100.0 
-0.0 -100.0 23:1.0 
-100.0 -100.0 
-100.0 -100.0 27:1.0 
-100.0 -100.0 
-0.0 -100.0 38:1.0 
-100.0 -100.0 
-100.0 -100.0 
-100.0 -100.0 
-0.0 -100.0 71:1.0 
-100.0 -100.0 15:1.0 
-100.0 -100.0 
-100.0 -100.0 
-100.0 -100.0 
-100.0 -100.0 
-0.0 -100.0 109:1.0 
-100.0 -100.0 
-0.0 -100.0 113:1.0 
-0.0 -100.0 109:1.0 
-100.0 -100.0 20:1.0 45:1.0 58:1.0 92:1.0 104:1.0 124:1.0 125:1.0 126:1.0 128:1.0 
-100.0 -100.0 
-0.0 -100.0 40:1.0 73:1.0 94:1.0 
-100.0 -100.0 
-100.0 -100.0 
-100.0 -100.0 
-100.0 -100.0 
-100.0 -100.0 
-100.0 -100.0 81:1.0 
-100.0 -100.0 
-100.0 -100.0 
-100.0 -100.0 
-100.0 -100.0 
-100.0 -100.0 
-100.0 -100.0 
-97.1990464839094 -100.0 
-0.0 -100.0 
-0.0 -100.0 
