svm_type c_svc
kernel_type rbf
gamma 1.0E-4
nr_class 3
total_sv 1551
rho 0.3209578482195293 0.30210748152808997 -0.5027518874974595
label 2 0 1
nr_sv 419 595 537
SV
100.0 100.0 
100.0 100.0 
100.0 100.0 
100.0 100.0 45:1.0 58:1.0 104:1.0 116:1.0 126:1.0 128:1.0 
100.0 100.0 
100.0 100.0 61:1.0 86:1.0 
100.0 100.0 
100.0 100.0 
100.0 100.0 
100.0 100.0 
100.0 100.0 
100.0 100.0 
100.0 100.0 
100.0 100.0 
100.0 100.0 
100.0 100.0 27:1.0 101:1.0 105:1.0 
100.0 100.0 84:1.0 
100.0 100.0 
100.0 100.0 
100.0 100.0 
100.0 100.0 
100.0 100.0 
100.0 100.0 18:1.0 
100.0 100.0 
100.0 100.0 
100.0 100.0 
100.0 100.0 
100.0 100.0 
100.0 100.0 
100.0 100.0 
100.0 100.0 
100.0 100.0 
100.0 100.0 
100.0 100.0 
100.0 100.0 
100.0 100.0 
100.0 100.0 
100.0 100.0 
100.0 100.0 
100.0 100.0 
100.0 100.0 4:1.0 
100.0 100.0 
100.0 100.0 45:1.0 58:1.0 104:1.0 116:1.0 126:1.0 128:1.0 
100.0 100.0 
100.0 100.0 
100.0 100.0 
100.0 100.0 
100.0 100.0 
100.0 100.0 
100.0 100.0 
100.0 100.0 
100.0 100.0 
100.0 100.0 61:1.0 
100.0 100.0 
100.0 100.0 
100.0 100.0 
100.0 100.0 32:1.0 
100.0 100.0 
100.0 100.0 
100.0 100.0 
100.0 100.0 81:1.0 
100.0 100.0 
100.0 100.0 
100.0 100.0 
100.0 100.0 
100.0 100.0 72:1.0 
100.0 100.0 8:1.0 
100.0 100.0 86:1.0 
100.0 100.0 
100.0 100.0 
100.0 100.0 20:1.0 45:1.0 58:1.0 92:1.0 104:1.0 124:1.0 125:1.0 126:1.0 128:1.0 
100.0 100.0 6:1.0 116:1.0 
100.0 100.0 
100.0 100.0 
100.0 100.0 
100.0 100.0 6:1.0 
100.0 100.0 
100.0 100.0 3:1.0 
100.0 100.0 
100.0 100.0 
100.0 100.0 
100.0 100.0 
100.0 100.0 
100.0 100.0 
100.0 100.0 
100.0 100.0 
100.0 100.0 
100.0 100.0 
100.0 100.0 
100.0 100.0 
100.0 100.0 72:1.0 101:1.0 
100.0 100.0 110:1.0 
100.0 100.0 20:1.0 45:1.0 58:1.0 92:1.0 104:1.0 124:1.0 125:1.0 126:1.0 128:1.0 
100.0 100.0 
100.0 100.0 110:1.0 
100.0 100.0 
100.0 100.0 
100.0 100.0 4:1.0 91:1.0 
100.0 100.0 
100.0 100.0 
100.0 100.0 
100.0 100.0 
100.0 100.0 
100.0 100.0 72:1.0 
100.0 100.0 
100.0 100.0 
100.0 100.0 
100.0 100.0 81:1.0 
100.0 100.0 
100.0 100.0 
100.0 100.0 
100.0 100.0 
100.0 100.0 
100.0 100.0 
100.0 100.0 
100.0 100.0 35:1.0 
100.0 100.0 58:1.0 
100.0 100.0 
100.0 100.0 
100.0 100.0 
100.0 100.0 
100.0 100.0 116:1.0 
100.0 100.0 
100.0 100.0 
100.0 100.0 
100.0 100.0 52:1.0 
100.0 100.0 
100.0 100.0 
100.0 100.0 
100.0 100.0 
100.0 100.0 
100.0 100.0 
100.0 100.0 
100.0 100.0 
100.0 100.0 
100.0 100.0 
100.0 100.0 
100.0 100.0 
100.0 100.0 
100.0 100.0 
100.0 100.0 
100.0 100.0 
100.0 100.0 
100.0 100.0 85:1.0 
100.0 100.0 
100.0 100.0 
100.0 100.0 
100.0 100.0 
100.0 100.0 
100.0 100.0 
100.0 100.0 
100.0 100.0 
100.0 100.0 
100.0 100.0 
100.0 100.0 101:1.0 
100.0 100.0 
100.0 100.0 
100.0 100.0 
100.0 100.0 
100.0 100.0 1:1.0 
100.0 100.0 77:1.0 
100.0 100.0 1:1.0 53:1.0 
100.0 100.0 54:1.0 
100.0 100.0 
100.0 100.0 6:1.0 
100.0 100.0 
100.0 100.0 
100.0 100.0 15:1.0 67:1.0 
100.0 100.0 107:1.0 
100.0 100.0 54:1.0 
100.0 100.0 29:1.0 77:1.0 
100.0 100.0 
100.0 100.0 
100.0 100.0 47:1.0 
100.0 100.0 
100.0 100.0 108:1.0 
100.0 100.0 18:1.0 
100.0 100.0 
100.0 100.0 
100.0 100.0 
100.0 100.0 
100.0 100.0 25:1.0 
100.0 100.0 
100.0 100.0 
100.0 100.0 
100.0 100.0 
100.0 100.0 13:1.0 45:1.0 104:1.0 128:1.0 
100.0 100.0 
100.0 100.0 
100.0 100.0 
100.0 100.0 
100.0 100.0 
100.0 100.0 
100.0 100.0 
100.0 100.0 
100.0 100.0 
100.0 100.0 37:1.0 
100.0 100.0 
100.0 100.0 
100.0 100.0 
100.0 100.0 
100.0 100.0 13:1.0 
100.0 100.0 
100.0 100.0 
100.0 100.0 
100.0 100.0 
100.0 100.0 
100.0 100.0 
100.0 100.0 
100.0 100.0 
100.0 100.0 101:1.0 
100.0 100.0 105:1.0 
100.0 100.0 
100.0 100.0 45:1.0 
100.0 100.0 
100.0 100.0 72:1.0 
100.0 100.0 
100.0 100.0 
100.0 100.0 
100.0 100.0 
100.0 100.0 13:1.0 
100.0 100.0 
100.0 100.0 
100.0 100.0 61:1.0 
100.0 100.0 
100.0 100.0 103:1.0 
100.0 100.0 
100.0 100.0 67:1.0 
100.0 100.0 
100.0 100.0 48:1.0 
100.0 100.0 
100.0 100.0 
100.0 100.0 82:1.0 121:1.0 
100.0 100.0 
100.0 100.0 
100.0 100.0 37:1.0 
100.0 100.0 8:1.0 
100.0 100.0 
100.0 100.0 58:1.0 91:1.0 92:1.0 120:1.0 124:1.0 
100.0 100.0 
100.0 100.0 
100.0 100.0 4:1.0 58:1.0 120:1.0 
100.0 100.0 43:1.0 48:1.0 
100.0 100.0 
100.0 100.0 
100.0 100.0 
100.0 100.0 45:1.0 
100.0 100.0 
100.0 100.0 43:1.0 
100.0 100.0 103:1.0 
100.0 100.0 
100.0 100.0 
100.0 100.0 
100.0 100.0 
100.0 100.0 
100.0 100.0 77:1.0 
100.0 100.0 
100.0 100.0 
100.0 100.0 
100.0 100.0 
100.0 100.0 
100.0 100.0 
100.0 100.0 
100.0 100.0 91:1.0 
100.0 100.0 
100.0 100.0 
100.0 100.0 64:1.0 
100.0 100.0 
100.0 100.0 
100.0 100.0 
100.0 100.0 
100.0 100.0 35:1.0 
100.0 100.0 17:1.0 52:1.0 
100.0 100.0 
100.0 100.0 
100.0 100.0 17:1.0 
100.0 100.0 17:1.0 
100.0 100.0 
100.0 100.0 
100.0 100.0 
100.0 100.0 
100.0 100.0 
100.0 100.0 
100.0 100.0 
100.0 100.0 103:1.0 
100.0 100.0 
100.0 100.0 
100.0 100.0 
100.0 100.0 
100.0 100.0 52:1.0 102:1.0 
100.0 100.0 
100.0 100.0 
100.0 100.0 
100.0 100.0 
100.0 100.0 
100.0 100.0 
100.0 100.0 108:1.0 
100.0 100.0 103:1.0 
100.0 100.0 
100.0 100.0 
100.0 100.0 101:1.0 
100.0 100.0 
100.0 100.0 
100.0 100.0 
100.0 100.0 
100.0 100.0 
100.0 100.0 81:1.0 105:1.0 
100.0 100.0 
100.0 100.0 
100.0 100.0 
100.0 100.0 
100.0 100.0 
100.0 100.0 
100.0 100.0 
100.0 100.0 
100.0 100.0 
100.0 100.0 
100.0 100.0 
100.0 100.0 61:1.0 
100.0 100.0 
100.0 100.0 
100.0 100.0 52:1.0 
100.0 100.0 100:1.0 
100.0 100.0 
100.0 100.0 
100.0 100.0 
100.0 100.0 
100.0 100.0 
100.0 100.0 
100.0 100.0 
100.0 100.0 
100.0 100.0 10:1.0 
100.0 100.0 
100.0 100.0 107:1.0 
100.0 100.0 
100.0 100.0 
100.0 100.0 
100.0 100.0 
100.0 100.0 
100.0 100.0 
100.0 100.0 101:1.0 
100.0 100.0 
100.0 100.0 
100.0 100.0 
100.0 100.0 
100.0 100.0 
100.0 100.0 
100.0 100.0 
100.0 100.0 
100.0 100.0 
100.0 100.0 
100.0 100.0 
100.0 100.0 
100.0 100.0 
100.0 100.0 
100.0 100.0 
100.0 100.0 
100.0 100.0 
100.0 100.0 
100.0 100.0 
100.0 100.0 
100.0 100.0 
100.0 100.0 
100.0 100.0 
100.0 100.0 
100.0 100.0 
100.0 100.0 
100.0 100.0 
100.0 100.0 
100.0 100.0 25:1.0 
100.0 100.0 
100.0 100.0 
100.0 100.0 
100.0 100.0 
100.0 100.0 
100.0 100.0 
100.0 100.0 
100.0 100.0 
100.0 100.0 15:1.0 62:1.0 
100.0 100.0 
100.0 100.0 
100.0 100.0 
100.0 100.0 
100.0 100.0 
100.0 100.0 
100.0 100.0 
100.0 100.0 
100.0 100.0 
100.0 100.0 
100.0 100.0 
100.0 100.0 
100.0 100.0 
100.0 100.0 
100.0 100.0 
100.0 100.0 
100.0 100.0 62:1.0 
100.0 100.0 
100.0 100.0 
100.0 100.0 
100.0 100.0 
100.0 100.0 
100.0 100.0 
100.0 100.0 89:1.0 
100.0 100.0 
100.0 100.0 15:1.0 67:1.0 
100.0 100.0 
100.0 100.0 
100.0 100.0 
100.0 100.0 
100.0 100.0 74:1.0 
100.0 100.0 
100.0 100.0 
100.0 100.0 
100.0 100.0 
100.0 100.0 
100.0 100.0 
100.0 100.0 
100.0 100.0 
100.0 100.0 
-0.0 100.0 47:1.0 
-0.0 12.76899639000969 113:1.0 
-100.0 100.0 86:1.0 
-0.0 49.98509687034277 55:1.0 
-0.0 1.5596042453539123 7:1.0 63:1.0 
-0.0 1.6286885577469743 66:1.0 123:1.0 
-0.0 100.0 3:1.0 
-0.0 100.0 109:1.0 
-0.0 53.80506172591901 55:1.0 
-0.0 37.44382071050381 88:1.0 
-0.0 100.0 47:1.0 60:1.0 
-0.0 100.0 71:1.0 
-100.0 100.0 20:1.0 41:1.0 45:1.0 125:1.0 
-100.0 0.0 107:1.0 
-100.0 0.0 35:1.0 
-0.0 100.0 9:1.0 
-100.0 0.0 53:1.0 58:1.0 91:1.0 120:1.0 
-0.0 32.200809196956826 53:1.0 
-0.0 100.0 56:1.0 
-100.0 100.0 20:1.0 41:1.0 45:1.0 125:1.0 
-0.0 100.0 71:1.0 
-100.0 3.438191965016503 116:1.0 
-100.0 100.0 45:1.0 
-100.0 100.0 25:1.0 
-0.0 100.0 117:1.0 
-0.0 100.0 23:1.0 
-100.0 49.98509687034277 13:1.0 
-0.0 100.0 31:1.0 
-100.0 100.0 6:1.0 
-0.0 66.58475541227737 12:1.0 
-0.0 66.57813993733878 57:1.0 
-0.0 1.5096973195452428 40:1.0 114:1.0 
-0.0 1.9991208307978934 16:1.0 71:1.0 76:1.0 129:1.0 
-52.259665743584144 0.0 62:1.0 102:1.0 
-100.0 100.0 61:1.0 
-0.0 100.0 11:1.0 117:1.0 
-100.0 100.0 8:1.0 
-0.0 66.58146053943776 90:1.0 
-0.0 4.574283335626614 
-0.0 100.0 
-0.0 100.0 77:1.0 
-0.0 100.0 
-0.0 97.02466203756305 40:1.0 71:1.0 
-0.0 100.0 
-0.0 100.0 
-0.0 100.0 
-0.0 100.0 
-0.0 100.0 78:1.0 
-100.0 100.0 47:1.0 
-0.0 100.0 
-0.0 100.0 
-0.0 100.0 
-0.0 100.0 
-0.0 67.41838868976353 21:1.0 115:1.0 
-0.0 100.0 
-0.0 100.0 
-0.0 100.0 
-0.0 100.0 
-0.0 100.0 
-0.0 100.0 
-0.0 100.0 
-0.0 100.0 
-0.0 100.0 23:1.0 93:1.0 
-0.0 100.0 
-0.0 100.0 
-0.0 100.0 
-0.0 100.0 
-0.0 100.0 
-0.0 100.0 19:1.0 
-100.0 0.0 81:1.0 
-0.0 100.0 
-0.0 100.0 
-0.0 100.0 
-0.0 100.0 
-100.0 100.0 103:1.0 
-0.0 100.0 
-0.0 100.0 
-100.0 0.0 107:1.0 
-0.0 52.601048885280406 2:1.0 79:1.0 
-0.0 100.0 
-0.0 100.0 
-0.0 100.0 
-0.0 100.0 
-0.0 36.20718772097581 12:1.0 
-0.0 100.0 
-0.0 100.0 
-0.0 100.0 
-50.5130142150977 100.0 44:1.0 84:1.0 
-0.0 100.0 
-0.0 100.0 
-0.0 100.0 
-0.0 100.0 
-0.0 100.0 
-0.0 100.0 
-0.0 100.0 
-0.0 100.0 
-0.0 100.0 98:1.0 
-0.0 100.0 
-0.0 100.0 
-0.0 100.0 
-0.0 100.0 
-0.0 100.0 
-0.0 100.0 
-0.0 100.0 
-0.0 100.0 
-0.0 100.0 43:1.0 
-0.0 100.0 
-0.0 100.0 113:1.0 
-0.0 100.0 
-0.0 100.0 
-100.0 100.0 13:1.0 
-0.0 98.35861094597486 73:1.0 
-0.0 100.0 2:1.0 47:1.0 
-0.0 100.0 
-0.0 0.9344690333998154 50:1.0 71:1.0 
-0.0 100.0 
-0.0 100.0 
-100.0 67.79919080304317 81:1.0 
-0.0 100.0 
-0.0 100.0 
-0.0 100.0 114:1.0 118:1.0 127:1.0 
-0.0 100.0 
-0.0 100.0 
-0.0 100.0 
-0.0 100.0 
-64.9965724719786 100.0 
-100.0 100.0 
-100.0 100.0 
-100.0 100.0 3:1.0 
-100.0 100.0 
-100.0 100.0 
-100.0 100.0 
-100.0 100.0 
-100.0 100.0 34:1.0 45:1.0 58:1.0 92:1.0 104:1.0 124:1.0 126:1.0 128:1.0 
-100.0 100.0 
-0.0 86.01591305350286 95:1.0 113:1.0 
-100.0 100.0 
-100.0 100.0 
-100.0 100.0 
-100.0 100.0 
-100.0 100.0 
-100.0 100.0 
-100.0 100.0 
-0.0 13.124595997765837 42:1.0 63:1.0 
-98.2551864754299 51.24644616211653 10:1.0 62:1.0 
-100.0 100.0 
-100.0 100.0 
-100.0 100.0 
-100.0 100.0 
-100.0 100.0 
-0.0 100.0 109:1.0 
-0.0 91.52210833790856 36:1.0 
-100.0 100.0 
-100.0 100.0 
-100.0 100.0 
-100.0 100.0 
-100.0 100.0 
-0.0 100.0 113:1.0 
-100.0 100.0 
-100.0 100.0 
-100.0 100.0 
-100.0 100.0 
-100.0 100.0 
-100.0 100.0 
-100.0 100.0 
-100.0 100.0 
-100.0 100.0 
-100.0 100.0 
-100.0 100.0 
-100.0 100.0 
-100.0 100.0 
-100.0 100.0 
-100.0 100.0 
-0.0 52.582177049902334 93:1.0 96:1.0 
-100.0 100.0 
-100.0 100.0 
-100.0 100.0 
-100.0 100.0 
-100.0 100.0 
-100.0 100.0 
-100.0 100.0 
-100.0 100.0 
-100.0 100.0 
-100.0 100.0 
-100.0 100.0 
-100.0 100.0 
-0.0 86.36246611159144 63:1.0 
-100.0 100.0 
-100.0 100.0 
-100.0 100.0 
-100.0 100.0 
-100.0 100.0 
-100.0 100.0 
-100.0 100.0 
-100.0 100.0 
-100.0 100.0 
-0.0 100.0 62:1.0 73:1.0 83:1.0 109:1.0 
-100.0 100.0 
-100.0 100.0 
-100.0 100.0 
-100.0 100.0 
-100.0 100.0 
-100.0 100.0 
-0.0 3.848838576570071 68:1.0 
-100.0 100.0 
-100.0 100.0 
-100.0 100.0 
-100.0 100.0 
-100.0 100.0 
-100.0 100.0 
-100.0 100.0 
-0.0 74.97764530551416 39:1.0 59:1.0 
-100.0 100.0 
-100.0 100.0 
-100.0 100.0 
-100.0 100.0 
-0.0 100.0 122:1.0 
-100.0 100.0 
-100.0 100.0 
-100.0 100.0 86:1.0 
-100.0 100.0 
-100.0 100.0 
-100.0 100.0 
-100.0 100.0 
-100.0 100.0 
-100.0 100.0 
-100.0 100.0 
-100.0 100.0 
-100.0 100.0 
-100.0 100.0 
-100.0 100.0 
-0.0 100.0 42:1.0 
-100.0 100.0 
-100.0 100.0 
-100.0 100.0 
-100.0 100.0 43:1.0 
-100.0 100.0 
-100.0 100.0 
-100.0 100.0 
-100.0 100.0 
-100.0 100.0 
-0.0 66.44129347723761 88:1.0 
-0.0 100.0 27:1.0 
-100.0 100.0 
-100.0 100.0 
-100.0 100.0 
-100.0 100.0 
-52.56935958963007 0.0 62:1.0 
-0.0 68.54620802443287 111:1.0 115:1.0 
-100.0 100.0 
-100.0 100.0 
-100.0 100.0 
-100.0 100.0 
-100.0 100.0 
-100.0 100.0 
-100.0 100.0 
-100.0 100.0 
-100.0 53.173864627523535 13:1.0 
-100.0 100.0 
-0.0 100.0 71:1.0 
-0.0 51.320025031176726 78:1.0 107:1.0 
-100.0 100.0 
-0.0 100.0 89:1.0 
-100.0 100.0 
-100.0 100.0 
-100.0 100.0 
-100.0 100.0 
-100.0 100.0 105:1.0 
-100.0 100.0 
-100.0 100.0 
-100.0 100.0 8:1.0 
-0.0 100.0 79:1.0 
-100.0 100.0 
-0.0 30.00953735034696 94:1.0 
-100.0 100.0 
-100.0 100.0 
-100.0 100.0 
-100.0 100.0 
-100.0 100.0 
-100.0 100.0 
-100.0 100.0 
-100.0 100.0 
-100.0 100.0 
-100.0 100.0 
-100.0 100.0 
-100.0 100.0 
-100.0 100.0 
-100.0 100.0 
-100.0 100.0 
-100.0 100.0 
-100.0 100.0 
-100.0 100.0 
-100.0 100.0 
-0.0 99.9165374985096 16:1.0 76:1.0 129:1.0 
-100.0 100.0 
-100.0 100.0 
-0.0 100.0 31:1.0 
-0.0 100.0 85:1.0 
-100.0 100.0 
-100.0 100.0 
-100.0 100.0 
-100.0 100.0 
-100.0 100.0 
-100.0 100.0 
-100.0 100.0 
-100.0 100.0 
-100.0 100.0 
-100.0 100.0 
-100.0 100.0 
-100.0 100.0 
-100.0 100.0 
-100.0 100.0 
-100.0 100.0 
-100.0 100.0 
-100.0 100.0 
-100.0 100.0 
-100.0 100.0 
-0.0 3.482291830352532 122:1.0 
-100.0 100.0 
-100.0 100.0 
-100.0 100.0 
-100.0 100.0 
-0.0 100.0 98:1.0 
-100.0 100.0 
-100.0 100.0 
-0.0 100.0 113:1.0 
-100.0 100.0 
-100.0 100.0 
-100.0 100.0 
-100.0 100.0 
-100.0 100.0 23:1.0 48:1.0 
-100.0 100.0 
-100.0 100.0 
-100.0 100.0 
-100.0 100.0 
-100.0 100.0 
-100.0 100.0 
-100.0 100.0 
-100.0 100.0 
-0.0 3.8190373805379063 51:1.0 
-100.0 100.0 
-100.0 100.0 
-100.0 100.0 
-0.0 100.0 30:1.0 
-0.0 100.0 95:1.0 
-100.0 100.0 
-100.0 100.0 
-100.0 100.0 
-100.0 100.0 
-100.0 100.0 
-100.0 100.0 
-100.0 100.0 
-100.0 51.32791435596285 1:1.0 33:1.0 
-100.0 100.0 
-100.0 100.0 
-100.0 100.0 
-100.0 100.0 
-100.0 100.0 
-100.0 100.0 
-39.76376242892525 51.49086912790439 77:1.0 102:1.0 
-100.0 100.0 
-100.0 100.0 
-100.0 100.0 
-0.0 100.0 94:1.0 
-100.0 100.0 
-0.0 10.045658728763641 36:1.0 
-100.0 100.0 
-100.0 100.0 
-100.0 100.0 
-100.0 100.0 
-0.0 100.0 29:1.0 
-0.0 73.45374418995941 94:1.0 
-100.0 100.0 
-0.0 100.0 29:1.0 35:1.0 
-100.0 100.0 
-100.0 100.0 
-100.0 100.0 
-0.0 89.58999613701384 42:1.0 
-100.0 100.0 43:1.0 
-0.0 100.0 28:1.0 80:1.0 
-0.0 97.9448243326292 22:1.0 
-100.0 100.0 
-100.0 100.0 
-100.0 100.0 
-100.0 100.0 
-100.0 100.0 
-50.43831893304872 0.0 41:1.0 45:1.0 
-100.0 100.0 
-100.0 2.9907946412735 85:1.0 
-100.0 100.0 29:1.0 
-100.0 100.0 
-0.0 100.0 28:1.0 
-100.0 100.0 
-1.205342412113957 71.00464820273058 53:1.0 
-100.0 100.0 
-100.0 100.0 
-100.0 100.0 
-100.0 100.0 
-100.0 100.0 38:1.0 108:1.0 
-100.0 100.0 
-100.0 100.0 
-100.0 100.0 
-0.0 36.36108246126808 90:1.0 
-100.0 100.0 
-100.0 100.0 
-100.0 100.0 
-100.0 100.0 
-100.0 100.0 
-100.0 100.0 
-100.0 100.0 
-100.0 100.0 
-100.0 100.0 
-100.0 100.0 
-100.0 100.0 
-100.0 100.0 
-0.0 15.596482773641466 95:1.0 
-0.0 49.98509687034277 75:1.0 
-100.0 100.0 
-0.0 3.391485500974973 119:1.0 
-100.0 100.0 
-100.0 100.0 
-100.0 100.0 
-100.0 100.0 
-0.0 1.6139840444854134 8:1.0 80:1.0 
-100.0 100.0 
-100.0 100.0 
-100.0 100.0 
-0.0 2.416359794244933 87:1.0 
-100.0 100.0 77:1.0 
-100.0 100.0 
-100.0 100.0 
-100.0 34.800763458285964 81:1.0 
-100.0 100.0 
-100.0 100.0 
-100.0 100.0 
-100.0 100.0 
-100.0 100.0 
-100.0 100.0 
-100.0 100.0 
-100.0 100.0 
-100.0 100.0 
-100.0 100.0 
-100.0 100.0 
-100.0 100.0 
-100.0 3.493087799579129 27:1.0 
-0.0 32.76562002624894 16:1.0 76:1.0 129:1.0 
-100.0 2.6368409186099235 32:1.0 
-100.0 100.0 
-0.0 100.0 56:1.0 68:1.0 
-100.0 100.0 
-0.0 100.0 14:1.0 
-100.0 100.0 
-100.0 100.0 
-100.0 100.0 
-100.0 100.0 
-100.0 3.449635200064372 89:1.0 
-100.0 100.0 
-100.0 100.0 
-0.0 3.8199340496868555 11:1.0 
-100.0 100.0 
-0.0 76.30536551335389 39:1.0 59:1.0 
-100.0 3.2349438942946613 35:1.0 
-100.0 100.0 
-0.0 37.13915865956026 57:1.0 
-100.0 100.0 
-100.0 100.0 
-100.0 100.0 
-66.7559536297376 100.0 77:1.0 
-100.0 100.0 
-100.0 100.0 
-100.0 100.0 
-100.0 100.0 
-0.0 100.0 70:1.0 
-100.0 100.0 
-100.0 100.0 
-100.0 100.0 
-100.0 100.0 
-100.0 100.0 
-100.0 100.0 
-100.0 100.0 
-0.0 3.819964855576776 46:1.0 
-100.0 100.0 
-100.0 100.0 
-100.0 100.0 
-100.0 100.0 
-0.0 100.0 5:1.0 
-100.0 100.0 
-100.0 100.0 
-100.0 100.0 
-100.0 100.0 
-100.0 100.0 
-100.0 100.0 
-100.0 100.0 
-100.0 100.0 
-100.0 100.0 
-100.0 100.0 
-100.0 100.0 
-100.0 100.0 
-100.0 100.0 
-100.0 100.0 
-100.0 100.0 
-0.0 100.0 16:1.0 
-100.0 100.0 
-100.0 100.0 
-100.0 100.0 
-100.0 100.0 
-100.0 100.0 
-100.0 100.0 
-100.0 100.0 
-100.0 100.0 
-100.0 100.0 
-100.0 100.0 
-100.0 100.0 
-100.0 100.0 
-0.0 100.0 50:1.0 79:1.0 
-100.0 100.0 
-100.0 100.0 
-100.0 100.0 
-100.0 100.0 
-100.0 100.0 
-100.0 100.0 
-100.0 100.0 
-100.0 100.0 
-100.0 100.0 
-0.0 3.8190373804910958 70:1.0 
-100.0 100.0 
-100.0 100.0 
-100.0 100.0 
-100.0 100.0 
-100.0 100.0 
-100.0 100.0 
-100.0 100.0 
-100.0 100.0 
-96.7422064119453 100.0 64:1.0 77:1.0 
-100.0 100.0 
-100.0 100.0 
-100.0 100.0 
-100.0 100.0 
-100.0 100.0 
-100.0 100.0 
-100.0 100.0 
-100.0 100.0 
-100.0 100.0 
-100.0 100.0 
-100.0 100.0 
-100.0 100.0 
-100.0 100.0 
-100.0 100.0 
-100.0 100.0 
-100.0 100.0 
-100.0 100.0 
-100.0 0.0 18:1.0 
-100.0 100.0 
-100.0 100.0 
-100.0 100.0 
-100.0 100.0 
-0.0 2.5631316164087288 106:1.0 
-100.0 100.0 
-100.0 100.0 
-100.0 100.0 
-0.0 100.0 114:1.0 118:1.0 127:1.0 
-0.0 2.543999276981414 98:1.0 113:1.0 
-100.0 100.0 
-100.0 100.0 
-100.0 100.0 
-100.0 100.0 
-100.0 2.6071819194385704 82:1.0 
-100.0 100.0 
-0.0 2.785166846202272 44:1.0 
-4.631846055188585 0.0 73:1.0 102:1.0 
-0.0 100.0 78:1.0 
-100.0 100.0 
-0.0 3.819032317287365 30:1.0 
-100.0 100.0 
-100.0 100.0 
-100.0 100.0 
-100.0 100.0 
-100.0 100.0 
-20.334194022922947 0.8307644267361166 24:1.0 49:1.0 112:1.0 121:1.0 130:1.0 
-0.0 53.805030920039215 75:1.0 
-0.0 3.000368536701743 14:1.0 
-100.0 100.0 
-100.0 100.0 
-100.0 100.0 
-100.0 3.4822918303723287 18:1.0 
-100.0 100.0 
-100.0 100.0 
-100.0 51.3238398727374 91:1.0 120:1.0 
-100.0 100.0 
-0.0 3.3665316819418587 22:1.0 40:1.0 73:1.0 
-100.0 100.0 
-100.0 100.0 
-100.0 100.0 
-100.0 100.0 
-1.5345776103972197 100.0 115:1.0 
-0.0 -100.0 
-0.0 -100.0 
-0.0 -100.0 
-0.0 -100.0 
-0.0 -100.0 
-0.0 -100.0 
-0.0 -100.0 
-0.0 -100.0 78:1.0 
-100.0 -100.0 10:1.0 
-0.0 -100.0 
-0.0 -100.0 
-0.0 -100.0 
-0.0 -100.0 
-0.0 -100.0 
-0.0 -100.0 
-0.0 -100.0 
-100.0 -100.0 48:1.0 
-0.0 -100.0 
-0.0 -100.0 
-0.0 -100.0 
-0.0 -100.0 
-0.0 -100.0 
-0.0 -100.0 117:1.0 
-0.0 -100.0 109:1.0 
-100.0 -100.0 17:1.0 
-0.0 -100.0 
-0.0 -100.0 42:1.0 
-0.0 -100.0 
-0.0 -100.0 
-0.0 -100.0 
-0.0 -100.0 
-100.0 -100.0 
-100.0 -100.0 
-100.0 -100.0 
-100.0 -100.0 
-0.0 -100.0 3:1.0 
-100.0 -100.0 
-100.0 -100.0 
-100.0 -100.0 
-100.0 -100.0 
-100.0 -100.0 
-0.0 -100.0 122:1.0 
-100.0 -100.0 13:1.0 75:1.0 
-100.0 -100.0 
-0.0 -100.0 60:1.0 
-100.0 -100.0 
-100.0 -100.0 
-100.0 -100.0 
-100.0 -100.0 
-100.0 -100.0 
-100.0 -100.0 
-100.0 -100.0 89:1.0 
-100.0 -100.0 
-100.0 -100.0 
-100.0 -100.0 
-100.0 -100.0 
-100.0 -100.0 101:1.0 105:1.0 
-100.0 -100.0 
-100.0 -100.0 
-100.0 -100.0 
-100.0 -100.0 
-0.0 -100.0 79:1.0 
-100.0 -100.0 
-100.0 -100.0 
-100.0 -100.0 
-100.0 -100.0 
-100.0 -100.0 
-0.0 -100.0 109:1.0 
-100.0 -100.0 
-100.0 -100.0 
-100.0 -100.0 
-100.0 -100.0 
-100.0 -100.0 3:1.0 
-100.0 -100.0 
-100.0 -100.0 
-100.0 -100.0 
-100.0 -100.0 
-100.0 -100.0 
-100.0 -100.0 
-100.0 -100.0 
-0.0 -100.0 9:1.0 
-0.0 -100.0 90:1.0 
-100.0 -100.0 
-100.0 -100.0 
-100.0 -100.0 
-100.0 -100.0 
-100.0 -100.0 
-100.0 -100.0 
-0.0 -100.0 98:1.0 
-100.0 -100.0 
-100.0 -100.0 
-100.0 -100.0 
-100.0 -100.0 
-0.0 -100.0 29:1.0 
-100.0 -100.0 
-100.0 -100.0 5:1.0 6:1.0 
-100.0 -100.0 
-0.0 -100.0 56:1.0 
-0.0 -100.0 34:1.0 
-100.0 -100.0 
-100.0 -100.0 
-100.0 -100.0 
-0.0 -100.0 16:1.0 19:1.0 71:1.0 
-100.0 -100.0 
-100.0 -100.0 
-100.0 -100.0 
-100.0 -100.0 
-0.0 -100.0 63:1.0 
-100.0 -100.0 
-100.0 -100.0 
-100.0 -100.0 
-100.0 -100.0 
-100.0 -100.0 
-100.0 -100.0 
-59.081770167023635 -100.0 14:1.0 35:1.0 71:1.0 
-100.0 -100.0 
-100.0 -100.0 
-100.0 -100.0 
-100.0 -100.0 
-0.0 -100.0 23:1.0 
-0.0 -100.0 47:1.0 
-0.0 -100.0 98:1.0 
-0.0 -100.0 109:1.0 
-0.0 -100.0 30:1.0 
-100.0 -100.0 
-100.0 -100.0 8:1.0 
-100.0 -100.0 
-100.0 -100.0 
-100.0 -100.0 
-100.0 -100.0 
-100.0 -100.0 
-100.0 -100.0 
-100.0 -100.0 86:1.0 
-100.0 -100.0 
-100.0 -100.0 
-100.0 -100.0 
-100.0 -100.0 
-100.0 -100.0 
-0.0 -100.0 29:1.0 
-100.0 -100.0 
-100.0 -100.0 
-100.0 -100.0 
-100.0 -100.0 
-100.0 -100.0 28:1.0 101:1.0 
-100.0 -100.0 
-100.0 -100.0 
-100.0 -100.0 103:1.0 
-100.0 -100.0 
-100.0 -100.0 
-0.0 -100.0 28:1.0 
-100.0 -100.0 
-0.0 -100.0 26:1.0 99:1.0 132:1.0 
-0.0 -100.0 47:1.0 
-100.0 -100.0 
-100.0 -100.0 
-100.0 -100.0 
-100.0 -100.0 
-0.0 -100.0 44:1.0 
-100.0 -100.0 
-100.0 -100.0 
-100.0 -100.0 
-100.0 -100.0 
-100.0 -100.0 
-100.0 -100.0 
-0.0 -100.0 57:1.0 
-0.0 -100.0 31:1.0 
-100.0 -100.0 
-0.0 -100.0 59:1.0 
-100.0 -100.0 
-100.0 -100.0 
-100.0 -100.0 
-50.50174353941719 -100.0 19:1.0 84:1.0 
-100.0 -100.0 
-100.0 -100.0 
-100.0 -100.0 20:1.0 45:1.0 125:1.0 
-100.0 -100.0 
-0.0 -100.0 77:1.0 
-100.0 -100.0 
-100.0 -100.0 
-100.0 -100.0 
-100.0 -100.0 
-0.0 -100.0 5:1.0 88:1.0 
-100.0 -100.0 
-100.0 -100.0 
-100.0 -100.0 37:1.0 
-100.0 -100.0 
-0.0 -100.0 93:1.0 
-100.0 -100.0 
-0.0 -100.0 77:1.0 
-100.0 -100.0 
-100.0 -100.0 
-100.0 -100.0 
-100.0 -100.0 
-100.0 -100.0 
-0.0 -100.0 79:1.0 
-100.0 -100.0 
-100.0 -100.0 
-100.0 -100.0 
-0.0 -100.0 74:1.0 
-100.0 -100.0 
-100.0 -100.0 
-100.0 -100.0 
-0.0 -100.0 114:1.0 118:1.0 127:1.0 
-100.0 -100.0 29:1.0 37:1.0 108:1.0 
-0.0 -100.0 78:1.0 
-100.0 -100.0 
-100.0 -100.0 
-0.0 -100.0 50:1.0 
-100.0 -100.0 
-0.0 -100.0 43:1.0 
-100.0 -100.0 
-100.0 -100.0 
-0.0 -100.0 23:1.0 
-100.0 -100.0 
-100.0 -100.0 
-100.0 -100.0 
-100.0 -100.0 
-100.0 -100.0 15:1.0 67:1.0 
-100.0 -100.0 
-0.0 -100.0 9:1.0 59:1.0 113:1.0 115:1.0 
-100.0 -100.0 
-100.0 -100.0 
-100.0 -100.0 
-100.0 -100.0 
-100.0 -100.0 
-100.0 -100.0 
-100.0 -100.0 
-100.0 -100.0 
-100.0 -100.0 
-100.0 -100.0 
-100.0 -100.0 
-100.0 -100.0 
-100.0 -100.0 
-100.0 -100.0 
-100.0 -100.0 
-100.0 -100.0 
-100.0 -100.0 
-100.0 -100.0 53:1.0 
-100.0 -100.0 
-100.0 -100.0 
-100.0 -100.0 
-100.0 -100.0 
-0.0 -100.0 31:1.0 
-0.0 -100.0 95:1.0 
-100.0 -100.0 
-100.0 -100.0 
-100.0 -100.0 
-100.0 -100.0 
-100.0 -100.0 
-100.0 -100.0 
-100.0 -100.0 
-100.0 -100.0 
-0.0 -100.0 56:1.0 
-0.0 -100.0 29:1.0 115:1.0 
-100.0 -100.0 
-100.0 -100.0 
-100.0 -100.0 
-100.0 -100.0 
-100.0 -100.0 
-19.248761862985194 -100.0 48:1.0 71:1.0 
-0.0 -100.0 109:1.0 
-100.0 -100.0 43:1.0 
-100.0 -100.0 
-0.0 -100.0 47:1.0 
-100.0 -100.0 
-100.0 -100.0 
-100.0 -100.0 
-100.0 -100.0 64:1.0 
-100.0 -100.0 
-0.0 -100.0 9:1.0 
-100.0 -100.0 
-100.0 -100.0 
-0.0 -100.0 60:1.0 
-100.0 -100.0 
-100.0 -100.0 1:1.0 
-100.0 -100.0 
-100.0 -100.0 
-100.0 -100.0 
-100.0 -100.0 
-100.0 -100.0 
-100.0 -100.0 
-100.0 -100.0 
-100.0 -100.0 
-100.0 -100.0 
-100.0 -100.0 
-100.0 -100.0 
-100.0 -100.0 
-100.0 -100.0 
-100.0 -100.0 
-100.0 -100.0 
-100.0 -100.0 
-100.0 -100.0 
-0.0 -100.0 113:1.0 
-100.0 -100.0 
-100.0 -100.0 
-100.0 -100.0 
-100.0 -100.0 4:1.0 
-100.0 -100.0 
-100.0 -100.0 
-0.0 -100.0 12:1.0 
-100.0 -100.0 
-100.0 -100.0 
-0.0 -100.0 10:1.0 55:1.0 
-0.0 -100.0 113:1.0 
-100.0 -100.0 
-100.0 -100.0 
-100.0 -100.0 
-100.0 -100.0 
-100.0 -100.0 
-100.0 -100.0 
-100.0 -100.0 
-100.0 -100.0 
-100.0 -100.0 
-100.0 -100.0 
-0.0 -100.0 109:1.0 
-100.0 -100.0 54:1.0 
-100.0 -100.0 85:1.0 
-0.0 -100.0 78:1.0 
-100.0 -100.0 
-100.0 -100.0 43:1.0 
-0.0 -100.0 16:1.0 26:1.0 76:1.0 99:1.0 129:1.0 132:1.0 
-0.0 -100.0 93:1.0 
-100.0 -100.0 
-100.0 -100.0 
-100.0 -100.0 
-100.0 -100.0 
-100.0 -100.0 
-100.0 -100.0 
-0.0 -100.0 79:1.0 
-100.0 -100.0 
-0.0 -100.0 11:1.0 117:1.0 
-100.0 -100.0 
-0.0 -100.0 80:1.0 
-100.0 -100.0 
-100.0 -100.0 
-100.0 -100.0 
-100.0 -100.0 
-0.0 -100.0 60:1.0 
-100.0 -100.0 
-0.0 -100.0 47:1.0 60:1.0 
-0.0 -100.0 36:1.0 
-100.0 -100.0 
-100.0 -100.0 
-100.0 -100.0 
-100.0 -100.0 
-100.0 -100.0 
-100.0 -100.0 
-100.0 -100.0 
-100.0 -100.0 
-100.0 -100.0 
-100.0 -100.0 
-100.0 -100.0 
-0.0 -100.0 22:1.0 
-100.0 -100.0 
-100.0 -100.0 
-100.0 -100.0 20:1.0 45:1.0 125:1.0 
-100.0 -100.0 
-100.0 -100.0 
-100.0 -100.0 
-100.0 -100.0 
-100.0 -100.0 101:1.0 
-0.0 -100.0 114:1.0 118:1.0 127:1.0 
-100.0 -100.0 
-100.0 -100.0 
-100.0 -100.0 
-100.0 -100.0 
-100.0 -100.0 
-100.0 -100.0 
-100.0 -100.0 
-100.0 -100.0 77:1.0 
-100.0 -100.0 54:1.0 61:1.0 110:1.0 
-100.0 -100.0 
-100.0 -100.0 
-100.0 -100.0 
-0.0 -100.0 5:1.0 
-0.0 -100.0 16:1.0 19:1.0 
-100.0 -100.0 
-0.0 -100.0 54:1.0 95:1.0 
-100.0 -100.0 86:1.0 
-100.0 -100.0 
-100.0 -100.0 47:1.0 
-100.0 -100.0 
-100.0 -100.0 
-100.0 -100.0 
-0.0 -100.0 65:1.0 
-100.0 -100.0 
-100.0 -100.0 
-100.0 -100.0 
-100.0 -100.0 
-100.0 -100.0 
-100.0 -100.0 45:1.0 
-100.0 -100.0 
-100.0 -100.0 
-100.0 -100.0 
-100.0 -100.0 
-100.0 -100.0 
-100.0 -100.0 
-100.0 -100.0 
-100.0 -100.0 
-100.0 -100.0 
-100.0 -100.0 
-100.0 -100.0 
-100.0 -100.0 
-100.0 -100.0 2:1.0 91:1.0 
-100.0 -100.0 
-100.0 -100.0 
-0.0 -100.0 109:1.0 
-100.0 -100.0 60:1.0 72:1.0 
-100.0 -100.0 
-0.0 -100.0 68:1.0 
-0.0 -100.0 39:1.0 94:1.0 
-100.0 -100.0 
-100.0 -100.0 
-100.0 -100.0 
-100.0 -100.0 
-100.0 -100.0 
-100.0 -100.0 
-100.0 -100.0 
-0.0 -100.0 38:1.0 
-100.0 -100.0 
-100.0 -100.0 
-100.0 -100.0 
-100.0 -100.0 
-100.0 -100.0 
-0.0 -100.0 74:1.0 
-0.0 -100.0 73:1.0 
-100.0 -100.0 
-0.0 -100.0 38:1.0 
-100.0 -100.0 
-100.0 -100.0 
-100.0 -100.0 
-100.0 -100.0 
-100.0 -100.0 
-100.0 -100.0 
-100.0 -100.0 
-100.0 -100.0 8:1.0 
-100.0 -100.0 
-100.0 -100.0 
-100.0 -100.0 
-100.0 -100.0 
-100.0 -100.0 
-100.0 -100.0 77:1.0 
-100.0 -100.0 
-100.0 -100.0 
-100.0 -100.0 
-100.0 -100.0 
-100.0 -100.0 
-100.0 -100.0 
-100.0 -100.0 25:1.0 65:1.0 
-0.0 -100.0 70:1.0 
-100.0 -100.0 
-100.0 -100.0 74:1.0 
-100.0 -100.0 
-100.0 -100.0 
-100.0 -100.0 
-100.0 -100.0 
-100.0 -100.0 
-100.0 -100.0 
-100.0 -100.0 
-100.0 -100.0 
-0.0 -100.0 23:1.0 
-100.0 -100.0 
-100.0 -100.0 
-100.0 -100.0 
-100.0 -100.0 
-100.0 -100.0 13:1.0 
-100.0 -100.0 
-0.0 -100.0 115:1.0 
-100.0 -100.0 
-0.0 -100.0 26:1.0 99:1.0 132:1.0 
-100.0 -100.0 
-100.0 -100.0 
-100.0 -100.0 
-0.0 -100.0 26:1.0 99:1.0 132:1.0 
-100.0 -100.0 
-100.0 -100.0 77:1.0 
-100.0 -100.0 
-100.0 -100.0 
-100.0 -100.0 
-100.0 -100.0 
-100.0 -100.0 
-100.0 -100.0 
-100.0 -100.0 
-100.0 -100.0 
-100.0 -100.0 
-100.0 -100.0 
-100.0 -100.0 
-100.0 -100.0 
-100.0 -100.0 
-100.0 -100.0 
-100.0 -100.0 
-100.0 -100.0 
-100.0 -100.0 
-100.0 -100.0 
-0.0 -100.0 42:1.0 
-100.0 -100.0 
-100.0 -100.0 
-100.0 -100.0 
-100.0 -100.0 
-100.0 -100.0 
-100.0 -100.0 
-0.0 -100.0 23:1.0 
-100.0 -100.0 
-100.0 -100.0 27:1.0 
-100.0 -100.0 
-0.0 -100.0 38:1.0 
-100.0 -100.0 
-100.0 -100.0 
-100.0 -100.0 
-0.0 -100.0 71:1.0 
-100.0 -100.0 15:1.0 
-100.0 -100.0 
-100.0 -100.0 
-100.0 -100.0 
-100.0 -100.0 
-0.0 -100.0 109:1.0 
-100.0 -100.0 
-0.0 -100.0 113:1.0 
-0.0 -100.0 109:1.0 
-100.0 -100.0 20:1.0 45:1.0 58:1.0 92:1.0 104:1.0 124:1.0 125:1.0 126:1.0 128:1.0 
-100.0 -100.0 
-0.0 -100.0 40:1.0 73:1.0 94:1.0 
-100.0 -100.0 
-100.0 -100.0 
-100.0 -100.0 
-100.0 -100.0 
-100.0 -100.0 
-100.0 -100.0 81:1.0 
-100.0 -100.0 
-100.0 -100.0 
-100.0 -100.0 
-100.0 -100.0 
-100.0 -100.0 
-100.0 -100.0 
-71.16772443057397 -100.0 
-0.0 -100.0 
-0.0 -100.0 
