svm_type c_svc
kernel_type rbf
gamma 0.1
nr_class 3
total_sv 1540
rho -1.6892367057750064 -2.469770644623049 1.830570322066846
label 2 0 1
nr_sv 410 602 528
SV
10.0 10.0 
10.0 10.0 
10.0 10.0 
10.0 10.0 
5.028808056509359 4.813172145003698 61:1.0 86:1.0 
10.0 10.0 
10.0 10.0 
10.0 10.0 
10.0 10.0 
10.0 10.0 
10.0 10.0 
10.0 10.0 
10.0 10.0 
10.0 10.0 
0.0 0.765234262130172 27:1.0 101:1.0 105:1.0 
10.0 10.0 84:1.0 
10.0 10.0 
10.0 10.0 
10.0 10.0 
10.0 10.0 
10.0 10.0 
10.0 0.0 18:1.0 
10.0 10.0 
10.0 10.0 
10.0 10.0 
10.0 10.0 
10.0 10.0 
10.0 10.0 
10.0 10.0 
10.0 10.0 
10.0 10.0 
10.0 10.0 
10.0 10.0 
10.0 10.0 
10.0 10.0 
10.0 10.0 
10.0 10.0 
10.0 10.0 
10.0 10.0 
9.059215683246972 10.0 4:1.0 
10.0 10.0 
0.8611580232014444 0.0 45:1.0 58:1.0 104:1.0 116:1.0 126:1.0 128:1.0 
10.0 10.0 
10.0 10.0 
10.0 10.0 
10.0 10.0 
10.0 10.0 
10.0 10.0 
10.0 10.0 
10.0 10.0 
10.0 10.0 
10.0 10.0 
10.0 10.0 
10.0 10.0 
10.0 9.215082021558624 32:1.0 
10.0 10.0 
10.0 10.0 
10.0 10.0 
10.0 9.857503872746063 81:1.0 
10.0 10.0 
10.0 10.0 
10.0 10.0 
10.0 10.0 
10.0 10.0 8:1.0 
10.0 10.0 86:1.0 
10.0 10.0 
10.0 10.0 
0.0 1.722195366875684 20:1.0 45:1.0 58:1.0 92:1.0 104:1.0 124:1.0 125:1.0 126:1.0 128:1.0 
10.0 10.0 
10.0 10.0 
10.0 10.0 
9.926176257837838 8.643119755818455 6:1.0 
10.0 10.0 
10.0 10.0 3:1.0 
10.0 10.0 
10.0 10.0 
10.0 10.0 
10.0 10.0 
10.0 10.0 
10.0 10.0 
10.0 10.0 
10.0 10.0 
10.0 10.0 
10.0 10.0 
10.0 10.0 
10.0 10.0 
0.0 7.503654056286337 110:1.0 
2.8013547319014673 7.799671378312835 20:1.0 45:1.0 58:1.0 92:1.0 104:1.0 124:1.0 125:1.0 126:1.0 128:1.0 
10.0 10.0 
9.623108784596873 9.89731058989347 110:1.0 
10.0 10.0 
10.0 10.0 
0.0 2.861789313898452 4:1.0 91:1.0 
10.0 10.0 
10.0 10.0 
10.0 10.0 
10.0 10.0 
10.0 10.0 
0.0 8.805146789298833 72:1.0 
10.0 10.0 
10.0 10.0 
10.0 10.0 
10.0 9.356194687254368 81:1.0 
10.0 10.0 
10.0 10.0 
10.0 10.0 
10.0 10.0 
10.0 10.0 
10.0 10.0 
10.0 10.0 
10.0 3.4885995332225708 35:1.0 
10.0 9.430988546379186 58:1.0 
10.0 10.0 
10.0 10.0 
10.0 10.0 
10.0 10.0 
10.0 9.214244725910921 116:1.0 
10.0 10.0 
10.0 10.0 
10.0 10.0 
10.0 10.0 
10.0 10.0 
10.0 10.0 
10.0 10.0 
10.0 10.0 
10.0 10.0 
10.0 10.0 
10.0 10.0 
10.0 10.0 
10.0 10.0 
10.0 10.0 
10.0 10.0 
10.0 10.0 
10.0 10.0 
10.0 10.0 
10.0 10.0 
10.0 10.0 
10.0 10.0 85:1.0 
10.0 10.0 
10.0 10.0 
10.0 10.0 
10.0 10.0 
10.0 10.0 
10.0 10.0 
10.0 10.0 
10.0 10.0 
10.0 10.0 
10.0 10.0 
0.0 6.737524700653546 101:1.0 
10.0 10.0 
10.0 10.0 
10.0 10.0 
10.0 10.0 
10.0 10.0 1:1.0 
10.0 10.0 77:1.0 
8.758264852625135 9.134680548985155 1:1.0 53:1.0 
0.0 10.0 54:1.0 
10.0 10.0 
9.697626804833236 9.619840592747462 6:1.0 
10.0 10.0 
10.0 10.0 
0.0 4.557945652428518 15:1.0 67:1.0 
10.0 0.0 107:1.0 
9.623776047312962 10.0 54:1.0 
10.0 10.0 29:1.0 77:1.0 
10.0 10.0 
10.0 10.0 
10.0 10.0 47:1.0 
10.0 10.0 
9.00390066210579 7.524891035573261 108:1.0 
10.0 9.213720001411694 18:1.0 
10.0 10.0 
10.0 10.0 
10.0 10.0 
10.0 10.0 
9.958100514358971 8.523994916073129 25:1.0 
10.0 10.0 
10.0 10.0 
10.0 10.0 
10.0 10.0 
4.124490061248986 0.0 13:1.0 45:1.0 104:1.0 128:1.0 
10.0 10.0 
10.0 10.0 
10.0 10.0 
10.0 10.0 
10.0 10.0 
10.0 10.0 
10.0 10.0 
10.0 10.0 
10.0 10.0 
0.0 10.0 37:1.0 
10.0 10.0 
10.0 10.0 
10.0 10.0 
10.0 10.0 
10.0 10.0 13:1.0 
10.0 10.0 
10.0 10.0 
10.0 10.0 
10.0 10.0 
10.0 10.0 
10.0 10.0 
10.0 10.0 
10.0 10.0 
0.0 10.0 101:1.0 
10.0 10.0 105:1.0 
10.0 10.0 
10.0 10.0 45:1.0 
10.0 10.0 
9.621130957406642 9.458214300598764 72:1.0 
10.0 10.0 
10.0 10.0 
10.0 10.0 
10.0 10.0 
10.0 10.0 13:1.0 
10.0 10.0 
10.0 10.0 
9.358701502860576 7.791347351996466 61:1.0 
10.0 10.0 
10.0 10.0 
9.623801100059193 5.08986660092526 67:1.0 
10.0 10.0 
10.0 10.0 48:1.0 
10.0 10.0 
10.0 10.0 
10.0 4.1586442025620505 82:1.0 121:1.0 
10.0 10.0 
10.0 10.0 
9.622967410901861 10.0 37:1.0 
10.0 10.0 8:1.0 
10.0 10.0 
5.313173515804542 0.0 58:1.0 91:1.0 92:1.0 120:1.0 124:1.0 
10.0 10.0 
10.0 10.0 
0.6869253375407286 0.0 4:1.0 58:1.0 120:1.0 
8.75893543827089 10.0 43:1.0 48:1.0 
10.0 10.0 
10.0 10.0 
10.0 10.0 
10.0 10.0 45:1.0 
10.0 10.0 
10.0 10.0 43:1.0 
10.0 10.0 
10.0 10.0 
10.0 10.0 
10.0 10.0 
10.0 10.0 
10.0 10.0 77:1.0 
10.0 10.0 
10.0 10.0 
10.0 10.0 
10.0 10.0 
10.0 10.0 
10.0 10.0 
10.0 10.0 
10.0 10.0 91:1.0 
10.0 10.0 
10.0 10.0 
10.0 10.0 64:1.0 
10.0 10.0 
10.0 10.0 
10.0 10.0 
10.0 10.0 
10.0 9.915596066093721 35:1.0 
10.0 10.0 
10.0 10.0 
0.0 9.419410881442742 17:1.0 
9.62380110005919 9.794352581566981 17:1.0 
10.0 10.0 
10.0 10.0 
10.0 10.0 
10.0 10.0 
10.0 10.0 
10.0 10.0 
10.0 10.0 
9.899828777583474 9.24522602800402 103:1.0 
10.0 10.0 
10.0 10.0 
10.0 10.0 
10.0 10.0 
3.726549865135627 0.0 52:1.0 102:1.0 
10.0 10.0 
10.0 10.0 
10.0 10.0 
10.0 10.0 
10.0 10.0 
10.0 10.0 
9.66895863676845 9.876013117619435 108:1.0 
9.724404876915765 9.969013554192516 103:1.0 
10.0 10.0 
10.0 10.0 
0.0 10.0 101:1.0 
10.0 10.0 
10.0 10.0 
10.0 10.0 
10.0 10.0 
10.0 10.0 
9.564042262219038 0.0 81:1.0 105:1.0 
10.0 10.0 
10.0 10.0 
10.0 10.0 
10.0 10.0 
10.0 10.0 
10.0 10.0 
10.0 10.0 
10.0 10.0 
10.0 10.0 
10.0 10.0 
10.0 10.0 
5.713699051000497 5.254700451340503 61:1.0 
10.0 10.0 
10.0 10.0 
6.252586858654617 9.213762947713878 52:1.0 
9.623686499183805 9.214461586277169 100:1.0 
10.0 10.0 
10.0 10.0 
10.0 10.0 
10.0 10.0 
10.0 10.0 
10.0 10.0 
10.0 10.0 
10.0 10.0 
10.0 10.0 10:1.0 
10.0 10.0 
10.0 9.214678543923364 107:1.0 
10.0 10.0 
10.0 10.0 
10.0 10.0 
10.0 10.0 
10.0 10.0 
10.0 10.0 
9.624115813571128 9.948474615352996 101:1.0 
10.0 10.0 
10.0 10.0 
10.0 10.0 
10.0 10.0 
10.0 10.0 
10.0 10.0 
10.0 10.0 
10.0 10.0 
10.0 10.0 
10.0 10.0 
10.0 10.0 
10.0 10.0 
10.0 10.0 
10.0 10.0 
10.0 10.0 
10.0 10.0 
10.0 10.0 
10.0 10.0 
10.0 10.0 
10.0 10.0 
10.0 10.0 
10.0 10.0 
10.0 10.0 
10.0 10.0 
10.0 10.0 
10.0 10.0 
10.0 10.0 
10.0 10.0 
9.665700300184728 9.738777737436216 25:1.0 
10.0 10.0 
10.0 10.0 
10.0 10.0 
10.0 10.0 
10.0 10.0 
10.0 10.0 
10.0 10.0 
10.0 10.0 
9.622302018236377 4.542250038588031 15:1.0 62:1.0 
10.0 10.0 
10.0 10.0 
10.0 10.0 
10.0 10.0 
10.0 10.0 
10.0 10.0 
10.0 10.0 
10.0 10.0 
10.0 10.0 
10.0 10.0 
10.0 10.0 
10.0 10.0 
10.0 10.0 
10.0 10.0 
10.0 10.0 
10.0 10.0 
10.0 5.104808780707099 62:1.0 
10.0 10.0 
10.0 10.0 
10.0 10.0 
10.0 10.0 
10.0 10.0 
10.0 10.0 
10.0 10.0 89:1.0 
10.0 10.0 
0.0 10.0 15:1.0 67:1.0 
10.0 10.0 
10.0 10.0 
10.0 10.0 
10.0 10.0 
9.62443412687815 10.0 74:1.0 
10.0 10.0 
10.0 10.0 
10.0 10.0 
10.0 10.0 
10.0 10.0 
10.0 10.0 
10.0 10.0 
10.0 10.0 
10.0 10.0 
-0.0 10.0 47:1.0 
-5.958942075347878 10.0 86:1.0 
-0.0 3.0226473970303847 73:1.0 98:1.0 
-0.7437578347431494 0.806638045196268 7:1.0 63:1.0 
-0.002250883821558889 0.0 18:1.0 
-1.476973624932216 1.5558275464971236 66:1.0 123:1.0 
-0.3089570941685379 3.570730258401422 80:1.0 113:1.0 
-1.4268415408739248 10.0 3:1.0 
-0.0 10.0 109:1.0 
-1.4093239025932849 8.803842666391748 55:1.0 
-0.004986445688574033 0.0 82:1.0 
-0.020314426593780296 0.0 88:1.0 
-1.412395834345457 10.0 47:1.0 60:1.0 
-0.0 4.6442623902871984 71:1.0 
-0.0 1.47193183441674 20:1.0 41:1.0 45:1.0 125:1.0 
-10.0 0.0 107:1.0 
-10.0 0.0 35:1.0 
-0.8173134368420936 1.3218768509185008 11:1.0 114:1.0 118:1.0 127:1.0 
-1.4101404178143246 10.0 9:1.0 
-9.389298960423293 0.6756264166861199 53:1.0 58:1.0 91:1.0 120:1.0 
-0.015254924767814914 0.9986878274022002 53:1.0 
-0.7059146216453529 10.0 56:1.0 
-0.004700100912272569 0.0 27:1.0 
-2.87057898172322 9.997318554251487 20:1.0 41:1.0 45:1.0 125:1.0 
-0.0 10.0 71:1.0 
-0.004155888594802368 0.0 95:1.0 
-10.0 1.4836471151633888 116:1.0 
-10.0 10.0 45:1.0 
-10.0 5.99887190924125 25:1.0 
-0.715781622953144 10.0 117:1.0 
-0.0 10.0 23:1.0 
-3.5086770472362643 0.5522822894291779 13:1.0 
-0.003180774653378583 10.0 31:1.0 
-0.828504192933494 0.0 8:1.0 
-0.002211657283946066 0.0 87:1.0 
-10.0 6.248297291683965 6:1.0 
-0.0 1.4860920087258807 12:1.0 
-0.00471351793442466 0.0 30:1.0 
-0.004665044972570167 1.4849828315277038 57:1.0 
-0.02889026703626001 0.0 2:1.0 
-0.006857521181282396 0.0 51:1.0 
-0.3846397942938213 1.1325822131184586 40:1.0 114:1.0 
-0.7483273566030875 1.7680620823536406 16:1.0 71:1.0 76:1.0 129:1.0 
-2.0493376989651724 0.0 62:1.0 102:1.0 
-10.0 1.7578613122158588 61:1.0 
-0.7653751483705098 10.0 11:1.0 117:1.0 
-10.0 10.0 8:1.0 
-0.00529638286429378 1.5765757365003088 90:1.0 
-0.06213392629425216 0.7358708388472057 42:1.0 
-0.03569370478196358 10.0 77:1.0 
-0.7174018286442863 3.734746503760317 40:1.0 71:1.0 
-0.007170390485401186 10.0 78:1.0 
-9.43937252093621 10.0 47:1.0 
-0.5898162892769814 4.176257916813865 21:1.0 115:1.0 
-0.4245021187204821 0.7678381666806606 7:1.0 113:1.0 
-0.0 10.0 23:1.0 93:1.0 
-1.407976427339366 10.0 19:1.0 
-10.0 0.0 81:1.0 
-0.0 10.0 
-0.0 10.0 
-0.0 10.0 
-0.0 10.0 
-10.0 10.0 103:1.0 
-0.0 10.0 
-0.0 10.0 
-10.0 0.0 107:1.0 
-0.7605036450708671 7.933803918501951 2:1.0 79:1.0 
-0.0 10.0 
-0.0 10.0 
-0.0 10.0 
-0.0 10.0 
-0.9189927962252996 10.0 12:1.0 
-0.0 10.0 
-0.0 10.0 
-0.0 10.0 
-6.452811197092133 7.800377061684336 44:1.0 84:1.0 
-0.0 10.0 
-0.0 10.0 
-0.0 10.0 
-0.0 10.0 
-0.0 10.0 
-0.0 10.0 
-0.0 10.0 
-0.0 10.0 
-0.04074451338356398 10.0 98:1.0 
-0.0 10.0 
-0.0 10.0 
-0.0 10.0 
-0.0 10.0 
-0.0 10.0 
-0.0 10.0 
-0.0 10.0 
-0.0 10.0 
-0.009183542213823007 10.0 43:1.0 
-0.0 10.0 
-0.0 10.0 113:1.0 
-0.0 10.0 
-0.0 10.0 
-10.0 10.0 13:1.0 
-0.0 10.0 73:1.0 
-0.7641365702488837 7.933964516516186 2:1.0 47:1.0 
-0.0 10.0 
-0.27508240623808905 0.7928942845715664 50:1.0 71:1.0 
-0.3161035742931332 3.886985466148827 39:1.0 94:1.0 
-0.0 10.0 
-0.0 10.0 
-10.0 1.489042530803528 81:1.0 
-0.0 10.0 
-0.0 10.0 
-0.009067514566033982 10.0 114:1.0 118:1.0 127:1.0 
-0.0 10.0 
-0.0 10.0 
-0.0 10.0 
-0.0 10.0 
-0.0 10.0 
-0.0 10.0 
-0.0 10.0 
-0.004027156851271696 0.0 122:1.0 
-9.98510065698711 10.0 3:1.0 
-0.0 10.0 
-0.0 10.0 
-0.0 10.0 
-0.0 10.0 
-7.872097788245618 5.895941929432708 34:1.0 45:1.0 58:1.0 92:1.0 104:1.0 124:1.0 126:1.0 128:1.0 
-0.003927461205510899 0.0 89:1.0 
-0.0 10.0 
-0.4490983202430785 0.7988796571863953 95:1.0 113:1.0 
-0.0 10.0 
-0.0 10.0 
-0.0 10.0 
-0.0 10.0 
-0.0 10.0 
-0.0 10.0 
-0.0 10.0 
-0.7619518413006088 0.8274478569494477 42:1.0 63:1.0 
-10.0 9.271595712129496 10:1.0 62:1.0 
-0.0 10.0 
-0.0 10.0 
-0.0 10.0 
-0.0 10.0 
-0.0 10.0 
-0.934916757771519 10.0 109:1.0 
-0.005704939686110335 1.7798890049291936 36:1.0 
-0.0 10.0 
-0.0 10.0 
-0.0 10.0 
-0.0 10.0 
-0.0 10.0 
-0.0 10.0 113:1.0 
-0.0 10.0 
-0.0 10.0 
-0.0 10.0 
-0.0 10.0 
-0.0 10.0 
-10.0 10.0 
-10.0 10.0 
-10.0 10.0 
-10.0 10.0 
-10.0 10.0 
-10.0 10.0 
-1.5845380278746257 0.9658262747491662 24:1.0 49:1.0 69:1.0 83:1.0 97:1.0 112:1.0 121:1.0 130:1.0 131:1.0 133:1.0 
-10.0 10.0 
-10.0 10.0 
-10.0 10.0 
-10.0 10.0 
-1.3317932159246268 7.003935806890494 93:1.0 96:1.0 
-10.0 10.0 
-10.0 10.0 
-10.0 10.0 
-10.0 10.0 
-10.0 10.0 
-10.0 10.0 
-10.0 10.0 
-10.0 10.0 
-10.0 10.0 
-10.0 10.0 
-10.0 10.0 
-10.0 10.0 
-0.046266048430454045 10.0 63:1.0 
-10.0 10.0 
-10.0 10.0 
-10.0 10.0 
-10.0 10.0 
-10.0 10.0 
-10.0 10.0 
-1.5441991829441344 0.0 32:1.0 
-10.0 10.0 
-0.005277660272942125 0.0 106:1.0 
-10.0 10.0 
-10.0 10.0 
-0.6386785475006415 2.440616744403954 62:1.0 73:1.0 83:1.0 109:1.0 
-10.0 10.0 
-10.0 10.0 
-10.0 10.0 
-10.0 10.0 
-10.0 10.0 
-10.0 10.0 
-0.7058755241035443 2.4363431141967227 68:1.0 
-10.0 10.0 
-10.0 10.0 
-10.0 10.0 
-10.0 10.0 
-10.0 10.0 
-9.484291950734272 10.0 
-10.0 10.0 
-10.0 10.0 
-10.0 10.0 
-10.0 10.0 
-10.0 10.0 
-0.0 1.5072609885007369 122:1.0 
-10.0 10.0 
-10.0 10.0 
-10.0 10.0 86:1.0 
-10.0 10.0 
-10.0 10.0 
-10.0 10.0 
-10.0 10.0 
-10.0 10.0 
-10.0 10.0 
-10.0 10.0 
-0.788949847424884 2.3500812215132956 14:1.0 35:1.0 
-10.0 10.0 
-10.0 10.0 
-10.0 10.0 
-10.0 10.0 
-0.0 10.0 42:1.0 
-10.0 10.0 
-10.0 10.0 
-10.0 10.0 
-9.327126017188808 10.0 43:1.0 
-10.0 10.0 
-10.0 10.0 
-10.0 10.0 
-10.0 10.0 
-10.0 10.0 
-0.7759804443185052 6.224589046457255 88:1.0 
-0.0 1.5949102169313332 27:1.0 
-10.0 10.0 
-10.0 10.0 
-10.0 10.0 
-10.0 10.0 
-8.742877251601938 0.0 62:1.0 
-0.5178905471851672 4.177368832275 111:1.0 115:1.0 
-10.0 10.0 
-10.0 10.0 
-10.0 10.0 
-10.0 10.0 
-10.0 10.0 
-10.0 10.0 
-0.5411215817066957 0.0 12:1.0 111:1.0 
-10.0 10.0 
-10.0 10.0 
-10.0 9.282731659289919 13:1.0 
-10.0 10.0 
-0.0 10.0 71:1.0 
-1.414348334679602 6.530781510364969 78:1.0 107:1.0 
-10.0 10.0 
-1.5225790448707373 1.949837481150927 89:1.0 
-10.0 10.0 
-10.0 10.0 
-10.0 10.0 
-10.0 10.0 
-10.0 5.994926169471979 105:1.0 
-10.0 10.0 
-10.0 10.0 
-10.0 8.266613218802481 8:1.0 
-0.266511954225435 10.0 79:1.0 
-10.0 10.0 
-10.0 10.0 
-10.0 10.0 
-10.0 10.0 
-10.0 10.0 
-10.0 10.0 
-10.0 10.0 
-10.0 10.0 
-10.0 10.0 
-10.0 10.0 
-10.0 10.0 
-10.0 10.0 
-10.0 10.0 
-10.0 10.0 
-10.0 10.0 
-10.0 10.0 
-10.0 10.0 
-10.0 10.0 
-10.0 10.0 
-10.0 10.0 
-0.003909049306219358 0.0 16:1.0 76:1.0 129:1.0 
-10.0 10.0 
-10.0 10.0 
-0.0036761357363143737 0.0 75:1.0 
-1.4064454675563913 10.0 31:1.0 
-1.4400244121899393 1.6649280490334022 85:1.0 
-10.0 10.0 
-10.0 10.0 
-10.0 10.0 
-10.0 10.0 
-10.0 10.0 
-10.0 10.0 
-10.0 10.0 
-10.0 10.0 
-10.0 10.0 
-10.0 10.0 
-10.0 10.0 
-10.0 10.0 
-10.0 10.0 
-10.0 10.0 
-10.0 10.0 
-10.0 10.0 
-10.0 10.0 
-10.0 10.0 
-10.0 10.0 
-1.40465086858436 9.977781473149605 122:1.0 
-10.0 10.0 
-10.0 10.0 
-10.0 10.0 
-10.0 10.0 
-0.9657292101797944 8.052174780564311 98:1.0 
-10.0 10.0 
-10.0 10.0 
-0.0 6.138572294367925 113:1.0 
-10.0 10.0 
-10.0 10.0 
-10.0 10.0 
-10.0 10.0 
-10.0 10.0 23:1.0 48:1.0 
-10.0 10.0 
-0.02058336756612106 0.0 83:1.0 
-10.0 10.0 
-10.0 10.0 
-10.0 10.0 
-10.0 10.0 
-10.0 10.0 
-10.0 10.0 
-10.0 10.0 
-1.4022210803979498 1.4835939664205948 51:1.0 
-10.0 10.0 
-10.0 10.0 
-10.0 10.0 
-0.0 1.8055997260285161 30:1.0 
-0.0 5.275226220174461 95:1.0 
-10.0 10.0 
-10.0 10.0 
-10.0 10.0 
-10.0 10.0 
-10.0 10.0 
-10.0 10.0 
-10.0 10.0 
-10.0 6.530769330805881 1:1.0 33:1.0 
-10.0 10.0 
-10.0 10.0 
-10.0 10.0 
-10.0 10.0 
-10.0 10.0 
-0.6722925581063147 0.0 82:1.0 
-10.0 10.0 
-2.066321394495453 7.0035941233717125 77:1.0 102:1.0 
-10.0 10.0 
-10.0 10.0 
-10.0 10.0 
-0.0 5.203665074907932 94:1.0 
-10.0 10.0 
-1.4042229772211015 9.70476274893873 36:1.0 
-10.0 10.0 
-0.5082533145366378 0.7725916971991413 13:1.0 50:1.0 
-10.0 10.0 
-10.0 10.0 
-10.0 10.0 
-0.0 10.0 29:1.0 
-1.1239742954386125 10.0 94:1.0 
-10.0 10.0 
-0.7645117044460316 10.0 29:1.0 35:1.0 
-10.0 10.0 
-10.0 10.0 
-10.0 10.0 
-0.6564167841623667 10.0 42:1.0 
-10.0 10.0 43:1.0 
-0.6358249643563564 4.947484925007153 28:1.0 80:1.0 
-0.4220945271693307 6.80518183870241 22:1.0 
-10.0 10.0 
-10.0 10.0 
-10.0 10.0 
-10.0 10.0 
-10.0 10.0 
-4.564167644801025 0.0 41:1.0 45:1.0 
-0.3278974832608414 0.0 21:1.0 50:1.0 
-10.0 10.0 
-9.970030488063921 9.819921944272295 85:1.0 
-9.767274464554283 10.0 29:1.0 
-10.0 10.0 
-0.5415352638815712 10.0 28:1.0 
-10.0 10.0 
-2.362480755570667 9.985354876259677 53:1.0 
-10.0 10.0 
-10.0 10.0 
-10.0 10.0 
-10.0 10.0 
-10.0 10.0 38:1.0 108:1.0 
-10.0 10.0 
-10.0 10.0 
-10.0 10.0 
-1.4039000596430318 9.909265551542493 90:1.0 
-10.0 10.0 
-10.0 10.0 
-10.0 10.0 
-10.0 10.0 
-10.0 10.0 
-10.0 10.0 
-10.0 10.0 
-0.0 0.648239197552008 24:1.0 49:1.0 69:1.0 83:1.0 97:1.0 112:1.0 130:1.0 131:1.0 133:1.0 
-10.0 10.0 
-10.0 10.0 
-10.0 10.0 
-10.0 10.0 
-10.0 10.0 
-0.998378976588544 10.0 95:1.0 
-0.015087689405902785 0.0 14:1.0 
-0.0 0.6381645364565252 75:1.0 
-10.0 10.0 
-1.4082955113412108 1.4847915392487538 119:1.0 
-10.0 10.0 
-10.0 10.0 
-10.0 10.0 
-10.0 10.0 
-0.6406648146106018 3.5580341370996607 8:1.0 80:1.0 
-10.0 10.0 
-10.0 10.0 
-10.0 10.0 
-1.4066153632643943 1.4843337729736137 87:1.0 
-10.0 10.0 77:1.0 
-10.0 10.0 
-10.0 10.0 
-10.0 9.995405770007526 81:1.0 
-10.0 10.0 
-10.0 10.0 
-10.0 10.0 
-10.0 10.0 
-10.0 10.0 
-10.0 10.0 
-10.0 10.0 
-10.0 10.0 
-10.0 10.0 
-10.0 10.0 
-10.0 10.0 
-10.0 10.0 
-1.4045191738038274 9.89012671395209 27:1.0 
-0.7977115690023425 1.4250313975053799 16:1.0 76:1.0 129:1.0 
-9.865312258590636 1.4848614894448875 32:1.0 
-10.0 10.0 
-0.7763663681587853 10.0 56:1.0 68:1.0 
-10.0 10.0 
-10.0 10.0 
-10.0 10.0 
-10.0 10.0 
-10.0 10.0 
-9.883029702689246 9.534304577000633 89:1.0 
-10.0 10.0 
-10.0 10.0 
-0.11055906173909943 0.5068597083776044 11:1.0 
-10.0 10.0 
-1.3361418662853606 9.28410657774281 39:1.0 59:1.0 
-10.0 0.0 35:1.0 
-10.0 10.0 
-0.35380917279791035 0.061643643748463026 7:1.0 
-1.4057075879088845 10.0 57:1.0 
-10.0 10.0 
-10.0 10.0 
-10.0 10.0 
-9.503520939250652 10.0 77:1.0 
-10.0 10.0 
-10.0 10.0 
-10.0 10.0 
-10.0 10.0 
-0.0 2.520422248768822 70:1.0 
-10.0 10.0 
-10.0 10.0 
-10.0 10.0 
-0.0 1.0206654811606466 50:1.0 
-10.0 10.0 
-10.0 10.0 
-10.0 10.0 
-10.0 10.0 
-1.408357329808063 1.4842688963423343 46:1.0 
-10.0 10.0 
-10.0 10.0 
-10.0 10.0 
-10.0 10.0 
-1.4097749732128042 10.0 5:1.0 
-10.0 10.0 
-10.0 10.0 
-10.0 10.0 
-0.5470337441816812 0.0 13:1.0 111:1.0 
-10.0 10.0 
-10.0 10.0 
-10.0 10.0 
-10.0 10.0 
-10.0 10.0 
-10.0 10.0 
-10.0 10.0 
-10.0 10.0 
-10.0 10.0 
-10.0 10.0 
-10.0 10.0 
-10.0 10.0 
-1.920569599801121 0.0 18:1.0 
-0.1995996425901362 10.0 16:1.0 
-10.0 10.0 
-10.0 10.0 
-10.0 10.0 
-10.0 10.0 
-10.0 10.0 
-10.0 10.0 
-10.0 10.0 
-10.0 10.0 
-10.0 10.0 
-10.0 10.0 
-10.0 10.0 
-10.0 10.0 
-0.5021439277385593 10.0 50:1.0 79:1.0 
-10.0 10.0 
-10.0 10.0 
-10.0 10.0 
-10.0 10.0 
-10.0 10.0 
-10.0 10.0 
-10.0 10.0 
-10.0 10.0 
-10.0 10.0 
-1.4093246227532406 8.965109758549502 70:1.0 
-10.0 10.0 
-10.0 10.0 
-10.0 10.0 
-10.0 10.0 
-10.0 10.0 
-10.0 10.0 
-10.0 10.0 
-10.0 10.0 
-10.0 10.0 64:1.0 77:1.0 
-10.0 10.0 
-10.0 10.0 
-10.0 10.0 
-10.0 10.0 
-10.0 10.0 
-10.0 10.0 
-10.0 10.0 
-10.0 10.0 
-10.0 10.0 
-10.0 10.0 
-10.0 10.0 
-10.0 10.0 
-10.0 10.0 
-10.0 10.0 
-10.0 10.0 
-10.0 10.0 
-10.0 10.0 
-10.0 0.011922187892253383 18:1.0 
-10.0 10.0 
-10.0 10.0 
-10.0 10.0 
-10.0 10.0 
-1.4039000596430335 1.485069177821435 106:1.0 
-10.0 10.0 
-10.0 10.0 
-10.0 10.0 
-0.6818729719516907 10.0 114:1.0 118:1.0 127:1.0 
-0.44512743987343395 0.7721193469598278 98:1.0 113:1.0 
-10.0 10.0 
-10.0 10.0 
-10.0 10.0 
-10.0 10.0 
-9.78030715811162 1.4850623720215812 82:1.0 
-10.0 10.0 
-0.0 4.428942924240371 44:1.0 
-0.8788948461385858 0.0 73:1.0 102:1.0 
-0.12168998320783857 10.0 78:1.0 
-10.0 9.380526467872752 
-0.27277891128849724 0.0 83:1.0 
-1.4045191738038219 9.679425754795808 30:1.0 
-10.0 10.0 
-10.0 10.0 
-10.0 10.0 
-10.0 10.0 
-10.0 10.0 
-2.451551268658967 0.8656290851170606 24:1.0 49:1.0 112:1.0 121:1.0 130:1.0 
-1.4065990702853497 9.894831185113965 75:1.0 
-0.6794197461950581 7.544698330532701 14:1.0 
-0.3223580657976595 0.0 28:1.0 96:1.0 
-0.7471152819356798 0.0 21:1.0 22:1.0 88:1.0 
-10.0 10.0 
-10.0 10.0 
-10.0 10.0 
-9.485986527250882 1.473303819851102 18:1.0 
-10.0 10.0 
-10.0 10.0 
-2.9814541463625175 5.50461813067159 91:1.0 120:1.0 
-10.0 10.0 
-0.45950700809089484 5.715435709331452 22:1.0 40:1.0 73:1.0 
-10.0 10.0 
-10.0 10.0 
-0.18865047991557748 10.0 
-0.0 4.53948229430006 
-0.4086495315537769 10.0 115:1.0 
-0.0 -10.0 
-0.0 -10.0 
-0.0 -10.0 
-0.0 -10.0 
-0.0 -10.0 
-0.0 -10.0 
-0.0 -10.0 
-0.0 -10.0 78:1.0 
-10.0 -10.0 10:1.0 
-0.0 -10.0 
-0.0 -10.0 
-0.0 -10.0 
-0.0 -10.0 
-0.0 -10.0 
-0.0 -10.0 
-0.0 -10.0 
-10.0 -10.0 48:1.0 
-0.0 -10.0 
-0.0 -10.0 
-0.0 -10.0 
-0.0 -10.0 
-0.0 -10.0 
-0.16695056242411319 -10.0 117:1.0 
-10.0 -9.548440545578758 17:1.0 
-0.0 -10.0 
-0.0 -10.0 42:1.0 
-0.0 -10.0 
-0.0 -10.0 
-0.0 -10.0 
-0.0 -10.0 
-0.0 -10.0 
-0.0 -10.0 
-0.0 -10.0 
-0.0 -10.0 
-1.896253252537429 -10.0 3:1.0 
-0.0 -10.0 
-0.0 -10.0 
-0.0 -10.0 
-0.0 -10.0 
-0.0 -10.0 
-1.8190596082802215 -10.0 122:1.0 
-6.8812334462134945 -10.0 13:1.0 75:1.0 
-0.0 -10.0 
-0.0 -10.0 
-0.0 -10.0 
-0.0 -10.0 
-0.0 -10.0 
-0.0 -10.0 
-0.0 -10.0 
-10.0 -10.0 89:1.0 
-0.0 -10.0 
-0.0 -10.0 
-0.0 -10.0 
-0.0 -10.0 
-10.0 -4.985665921056703 101:1.0 105:1.0 
-0.0 -10.0 
-0.0 -10.0 
-0.0 -10.0 
-0.0 -10.0 
-0.0 -10.0 79:1.0 
-0.0 -10.0 
-0.0 -10.0 
-0.0 -10.0 
-0.0 -10.0 
-0.0 -10.0 
-0.0 -10.0 
-10.0 -10.0 
-10.0 -10.0 
-10.0 -10.0 
-9.92340440312287 -10.0 3:1.0 
-10.0 -10.0 
-10.0 -10.0 
-10.0 -10.0 
-10.0 -10.0 
-10.0 -10.0 
-10.0 -10.0 
-10.0 -10.0 
-0.0 -9.572741262011407 9:1.0 
-1.8196539702409722 -10.0 90:1.0 
-10.0 -10.0 
-10.0 -10.0 
-10.0 -10.0 
-10.0 -10.0 
-10.0 -10.0 
-10.0 -10.0 
-0.0 -10.0 98:1.0 
-10.0 -10.0 
-10.0 -10.0 
-10.0 -10.0 
-10.0 -10.0 
-0.0 -10.0 29:1.0 
-10.0 -10.0 
-10.0 -5.261990673712463 5:1.0 6:1.0 
-10.0 -10.0 
-0.0 -10.0 56:1.0 
-1.818443927627738 -10.0 34:1.0 
-10.0 -10.0 
-10.0 -10.0 
-10.0 -10.0 
-0.0 -3.079286430945248 16:1.0 19:1.0 71:1.0 
-10.0 -10.0 
-10.0 -10.0 
-10.0 -10.0 
-10.0 -10.0 
-1.8187553527816605 -10.0 63:1.0 
-10.0 -10.0 
-10.0 -10.0 
-10.0 -10.0 
-10.0 -10.0 
-10.0 -10.0 
-10.0 -10.0 
-5.11535790891906 -10.0 14:1.0 35:1.0 71:1.0 
-10.0 -10.0 
-10.0 -10.0 
-10.0 -10.0 
-10.0 -10.0 
-0.0 -7.645015161403886 23:1.0 
-0.0 -10.0 47:1.0 
-1.8184439276277422 -10.0 98:1.0 
-1.8195487930687364 -10.0 30:1.0 
-10.0 -10.0 
-10.0 -10.0 8:1.0 
-10.0 -10.0 
-10.0 -10.0 
-10.0 -10.0 
-10.0 -10.0 
-10.0 -10.0 
-10.0 -10.0 
-6.172662361612506 -10.0 86:1.0 
-10.0 -10.0 
-10.0 -10.0 
-10.0 -10.0 
-10.0 -10.0 
-10.0 -10.0 
-1.8070403543458973 -10.0 29:1.0 
-10.0 -10.0 
-10.0 -10.0 
-10.0 -10.0 
-10.0 -10.0 
-10.0 -3.611824211650292 28:1.0 101:1.0 
-10.0 -10.0 
-10.0 -10.0 
-10.0 -10.0 103:1.0 
-10.0 -10.0 
-10.0 -10.0 
-0.0 -10.0 28:1.0 
-10.0 -10.0 
-0.0 -0.011648305109331493 26:1.0 99:1.0 132:1.0 
-0.0 -10.0 47:1.0 
-10.0 -10.0 
-10.0 -10.0 
-10.0 -10.0 
-10.0 -10.0 
-1.819072673881926 -10.0 44:1.0 
-10.0 -10.0 
-10.0 -10.0 
-10.0 -10.0 
-10.0 -10.0 
-10.0 -10.0 
-10.0 -10.0 
-1.8195688524762612 -10.0 57:1.0 
-0.0 -10.0 31:1.0 
-10.0 -10.0 
-1.0081216701873263 -10.0 59:1.0 
-10.0 -10.0 
-10.0 -10.0 
-10.0 -10.0 
-6.880316626144229 -7.7145247119304505 19:1.0 84:1.0 
-10.0 -10.0 
-10.0 -10.0 
-0.0 -2.0140087982999666 20:1.0 45:1.0 125:1.0 
-10.0 -10.0 
-0.0 -10.0 77:1.0 
-10.0 -10.0 
-10.0 -10.0 
-10.0 -10.0 
-10.0 -10.0 
-0.0 -5.238404179226167 5:1.0 88:1.0 
-10.0 -10.0 
-10.0 -10.0 
-10.0 -6.588053611038174 37:1.0 
-10.0 -10.0 
-0.0 -10.0 93:1.0 
-10.0 -10.0 
-1.239524662799104 -10.0 77:1.0 
-10.0 -10.0 
-10.0 -10.0 
-10.0 -10.0 
-10.0 -10.0 
-10.0 -10.0 
-0.0 -10.0 79:1.0 
-10.0 -10.0 
-10.0 -10.0 
-10.0 -10.0 
-10.0 -10.0 
-10.0 -10.0 
-10.0 -10.0 
-0.0 -10.0 114:1.0 118:1.0 127:1.0 
-10.0 -3.615173716590476 29:1.0 37:1.0 108:1.0 
-0.0 -10.0 78:1.0 
-10.0 -10.0 
-10.0 -10.0 
-1.8195492728257976 -10.0 50:1.0 
-10.0 -10.0 
-0.9599035401122451 -10.0 43:1.0 
-10.0 -10.0 
-10.0 -10.0 
-0.0 -10.0 23:1.0 
-10.0 -10.0 
-10.0 -10.0 
-10.0 -10.0 
-10.0 -10.0 
-10.0 -0.0 15:1.0 67:1.0 
-10.0 -10.0 
-1.0938474374147211 -0.0 9:1.0 59:1.0 113:1.0 115:1.0 
-10.0 -10.0 
-10.0 -10.0 
-10.0 -10.0 
-10.0 -10.0 
-10.0 -10.0 
-10.0 -10.0 
-10.0 -10.0 
-10.0 -10.0 
-10.0 -10.0 
-10.0 -10.0 
-10.0 -10.0 
-10.0 -10.0 
-10.0 -10.0 
-10.0 -10.0 
-10.0 -10.0 
-10.0 -10.0 
-10.0 -10.0 
-10.0 -10.0 53:1.0 
-10.0 -10.0 
-10.0 -10.0 
-10.0 -10.0 
-10.0 -10.0 
-1.8196539702409784 -10.0 31:1.0 
-0.0 -10.0 95:1.0 
-10.0 -10.0 
-10.0 -10.0 
-10.0 -10.0 
-10.0 -10.0 
-10.0 -10.0 
-10.0 -10.0 
-10.0 -10.0 
-10.0 -10.0 
-1.8195688524762594 -10.0 56:1.0 
-0.9666378686598007 -10.0 29:1.0 115:1.0 
-10.0 -10.0 
-10.0 -10.0 
-10.0 -10.0 
-10.0 -10.0 
-10.0 -10.0 
-4.323413675443118 -8.684935542997772 48:1.0 71:1.0 
-10.0 -10.0 43:1.0 
-10.0 -10.0 
-1.8187553527816536 -10.0 47:1.0 
-10.0 -10.0 
-10.0 -10.0 
-10.0 -10.0 
-10.0 -10.0 64:1.0 
-10.0 -10.0 
-1.0080007934473791 -9.975548400135832 9:1.0 
-10.0 -10.0 
-10.0 -10.0 
-0.0 -8.645289989608296 60:1.0 
-10.0 -10.0 
-10.0 -10.0 1:1.0 
-10.0 -10.0 
-10.0 -10.0 
-10.0 -10.0 
-10.0 -10.0 
-10.0 -10.0 
-10.0 -10.0 
-10.0 -10.0 
-10.0 -10.0 
-10.0 -10.0 
-10.0 -10.0 
-10.0 -10.0 
-10.0 -10.0 
-10.0 -10.0 
-10.0 -10.0 
-10.0 -10.0 
-10.0 -10.0 
-10.0 -10.0 
-0.0 -10.0 113:1.0 
-10.0 -10.0 
-10.0 -10.0 
-10.0 -10.0 
-10.0 -9.54791134568534 4:1.0 
-10.0 -10.0 
-10.0 -10.0 
-1.8195922546667567 -10.0 12:1.0 
-10.0 -10.0 
-10.0 -10.0 
-1.906638224002542 -8.088376230643874 10:1.0 55:1.0 
-0.0 -10.0 113:1.0 
-10.0 -10.0 
-10.0 -10.0 
-10.0 -10.0 
-10.0 -10.0 
-10.0 -10.0 
-10.0 -10.0 
-10.0 -10.0 
-10.0 -10.0 
-10.0 -10.0 
-10.0 -10.0 
-0.0 -2.5998595698655014 109:1.0 
-10.0 -4.761461901186743 54:1.0 
-10.0 -10.0 85:1.0 
-1.8195493083645802 -10.0 78:1.0 
-10.0 -10.0 
-9.908130358691754 -10.0 43:1.0 
-1.9935828840594725 -1.6135637570219217 16:1.0 26:1.0 76:1.0 99:1.0 129:1.0 132:1.0 
-1.819059608280222 -10.0 93:1.0 
-10.0 -10.0 
-10.0 -10.0 
-10.0 -10.0 
-10.0 -10.0 
-10.0 -10.0 
-10.0 -10.0 
-1.8218043778307347 -10.0 79:1.0 
-10.0 -10.0 
-1.8244595632458038 -10.0 11:1.0 117:1.0 
-10.0 -10.0 
-1.8220374982797773 -10.0 80:1.0 
-10.0 -10.0 
-10.0 -10.0 
-10.0 -10.0 
-10.0 -10.0 
-0.0 -9.951258832503147 60:1.0 
-10.0 -10.0 
-1.8196700734544458 -10.0 36:1.0 
-10.0 -10.0 
-10.0 -10.0 
-10.0 -10.0 
-10.0 -10.0 
-10.0 -10.0 
-10.0 -10.0 
-10.0 -10.0 
-10.0 -10.0 
-10.0 -10.0 
-10.0 -10.0 
-10.0 -10.0 
-1.8196136960780258 -10.0 22:1.0 
-10.0 -10.0 
-10.0 -10.0 
-5.019075770049673 -10.0 20:1.0 45:1.0 125:1.0 
-10.0 -10.0 
-10.0 -10.0 
-10.0 -10.0 
-10.0 -10.0 
-10.0 -1.7702729986134031 101:1.0 
-1.993490210305476 -10.0 114:1.0 118:1.0 127:1.0 
-10.0 -10.0 
-10.0 -10.0 
-10.0 -10.0 
-10.0 -10.0 
-10.0 -10.0 
-10.0 -10.0 
-10.0 -10.0 
-10.0 -10.0 77:1.0 
-10.0 -0.334298710873451 54:1.0 61:1.0 110:1.0 
-10.0 -10.0 
-10.0 -10.0 
-10.0 -10.0 
-0.0 -10.0 5:1.0 
-0.0 -8.947804577276042 16:1.0 19:1.0 
-10.0 -10.0 
-2.808807460318799 -4.988868151157354 54:1.0 95:1.0 
-10.0 -10.0 86:1.0 
-10.0 -10.0 
-10.0 -10.0 47:1.0 
-10.0 -10.0 
-10.0 -10.0 
-10.0 -10.0 
-0.0 -5.035079225483945 65:1.0 
-10.0 -10.0 
-10.0 -10.0 
-10.0 -10.0 
-10.0 -10.0 
-10.0 -10.0 
-10.0 -10.0 45:1.0 
-10.0 -10.0 
-10.0 -10.0 
-10.0 -10.0 
-10.0 -10.0 
-10.0 -10.0 
-10.0 -10.0 
-10.0 -10.0 
-10.0 -10.0 
-10.0 -10.0 
-10.0 -10.0 
-10.0 -10.0 
-10.0 -10.0 
-8.169298687073182 -10.0 2:1.0 91:1.0 
-10.0 -10.0 
-10.0 -10.0 
-0.0 -10.0 109:1.0 
-10.0 -0.0 60:1.0 72:1.0 
-10.0 -10.0 
-1.8171947428442894 -10.0 68:1.0 
-1.354291228927846 -10.0 39:1.0 94:1.0 
-10.0 -10.0 
-10.0 -10.0 
-10.0 -10.0 
-10.0 -10.0 
-10.0 -10.0 
-10.0 -10.0 
-10.0 -10.0 
-10.0 -10.0 
-10.0 -10.0 
-10.0 -10.0 
-10.0 -10.0 
-10.0 -10.0 
-2.4084714365690827 -0.0 74:1.0 
-0.7094539657653967 -10.0 73:1.0 
-10.0 -10.0 
-0.0 -8.635712715023974 38:1.0 
-10.0 -10.0 
-10.0 -10.0 
-10.0 -10.0 
-10.0 -10.0 
-10.0 -10.0 
-10.0 -10.0 
-10.0 -10.0 
-10.0 -10.0 8:1.0 
-10.0 -10.0 
-10.0 -10.0 
-10.0 -10.0 
-10.0 -10.0 
-10.0 -10.0 
-10.0 -10.0 77:1.0 
-10.0 -10.0 
-10.0 -10.0 
-10.0 -10.0 
-10.0 -10.0 
-10.0 -10.0 
-10.0 -10.0 
-10.0 -4.98910922263994 25:1.0 65:1.0 
-1.8196571598071651 -10.0 70:1.0 
-10.0 -10.0 
-9.411077836256718 -9.547461292155543 74:1.0 
-10.0 -10.0 
-10.0 -10.0 
-10.0 -10.0 
-10.0 -10.0 
-10.0 -10.0 
-10.0 -10.0 
-10.0 -10.0 
-10.0 -10.0 
-0.0 -10.0 23:1.0 
-10.0 -10.0 
-10.0 -10.0 
-10.0 -10.0 
-10.0 -10.0 
-10.0 -10.0 13:1.0 
-10.0 -10.0 
-0.13373306413660666 -10.0 115:1.0 
-10.0 -10.0 
-10.0 -10.0 
-10.0 -10.0 
-10.0 -10.0 
-0.5154305870789365 -1.5991751942752708 26:1.0 99:1.0 132:1.0 
-10.0 -10.0 
-9.628522149652177 -10.0 77:1.0 
-10.0 -10.0 
-10.0 -10.0 
-10.0 -10.0 
-10.0 -10.0 
-10.0 -10.0 
-10.0 -10.0 
-10.0 -10.0 
-10.0 -10.0 
-10.0 -10.0 
-10.0 -10.0 
-10.0 -10.0 
-10.0 -10.0 
-10.0 -10.0 
-10.0 -10.0 
-10.0 -10.0 
-10.0 -10.0 
-10.0 -10.0 
-10.0 -10.0 
-1.8194407842437006 -10.0 42:1.0 
-10.0 -10.0 
-10.0 -10.0 
-10.0 -10.0 
-10.0 -10.0 
-10.0 -10.0 
-10.0 -10.0 
-1.8171380823071481 -10.0 23:1.0 
-10.0 -10.0 
-2.444381829762088 -10.0 27:1.0 
-10.0 -10.0 
-1.819067530167534 -9.960765907213794 38:1.0 
-10.0 -10.0 
-10.0 -10.0 
-10.0 -10.0 
-0.0 -10.0 71:1.0 
-10.0 -9.5481086841161 15:1.0 
-10.0 -10.0 
-10.0 -10.0 
-10.0 -10.0 
-10.0 -10.0 
-0.0 -10.0 109:1.0 
-10.0 -10.0 
-1.0083001367760895 -10.0 113:1.0 
-1.818711039868691 -8.757114399506488 109:1.0 
-10.0 -3.8891529040551336 20:1.0 45:1.0 58:1.0 92:1.0 104:1.0 124:1.0 125:1.0 126:1.0 128:1.0 
-10.0 -10.0 
-1.3563512499632877 -10.0 40:1.0 73:1.0 94:1.0 
-10.0 -10.0 
-10.0 -10.0 
-10.0 -10.0 
-10.0 -10.0 
-10.0 -10.0 
-10.0 -10.0 81:1.0 
-10.0 -10.0 
-10.0 -10.0 
-10.0 -10.0 
-10.0 -10.0 
-10.0 -10.0 
-8.117327962282403 -10.0 
-0.0 -10.0 
-0.0 -10.0 
-0.0 -10.0 
