svm_type c_svc
kernel_type rbf
gamma 10.0
nr_class 3
total_sv 1529
rho 0.6027950404824068 0.3218301614074065 -0.4959319476320421
label 2 0 1
nr_sv 416 585 528
SV
1.0 1.0 
1.0 1.0 
1.0 1.0 
0.749954609345346 0.37497729507530925 45:1.0 58:1.0 104:1.0 116:1.0 126:1.0 128:1.0 
1.0 1.0 
1.0 1.0 61:1.0 86:1.0 
1.0 1.0 
1.0 1.0 
1.0 1.0 
1.0 1.0 
1.0 1.0 
1.0 1.0 
1.0 1.0 
1.0 1.0 
1.0 1.0 
1.0 1.0 27:1.0 101:1.0 105:1.0 
1.0 1.0 84:1.0 
1.0 1.0 
1.0 1.0 
1.0 1.0 
1.0 1.0 
1.0 1.0 
1.0 0.5000000020611531 18:1.0 
1.0 1.0 
1.0 1.0 
1.0 1.0 
1.0 1.0 
1.0 1.0 
1.0 1.0 
1.0 1.0 
1.0 1.0 
1.0 1.0 
1.0 1.0 
1.0 1.0 
1.0 1.0 
1.0 1.0 
1.0 1.0 
1.0 1.0 
1.0 1.0 
1.0 1.0 
1.0 1.0 4:1.0 
1.0 1.0 
0.8525654322948104 0.9472684232477122 45:1.0 58:1.0 104:1.0 116:1.0 126:1.0 128:1.0 
1.0 1.0 
1.0 1.0 
1.0 1.0 
1.0 1.0 
1.0 1.0 
1.0 1.0 
1.0 1.0 
1.0 1.0 
1.0 1.0 
0.624940430174382 0.0 61:1.0 
1.0 1.0 
1.0 1.0 
1.0 1.0 
1.0 1.0 32:1.0 
1.0 1.0 
1.0 1.0 
1.0 1.0 
1.0 1.0 81:1.0 
1.0 1.0 
1.0 1.0 
1.0 1.0 
1.0 1.0 
1.0 1.0 8:1.0 
1.0 1.0 86:1.0 
1.0 1.0 
1.0 1.0 
0.624977304994699 1.0 20:1.0 45:1.0 58:1.0 92:1.0 104:1.0 124:1.0 125:1.0 126:1.0 128:1.0 
1.0 1.0 6:1.0 116:1.0 
1.0 1.0 
1.0 1.0 
1.0 1.0 
1.0 0.5000000036067143 6:1.0 
1.0 1.0 
1.0 1.0 3:1.0 
1.0 1.0 
1.0 1.0 
1.0 1.0 
1.0 1.0 
1.0 1.0 
1.0 1.0 
1.0 1.0 
1.0 1.0 
1.0 1.0 
1.0 1.0 
1.0 1.0 
1.0 1.0 
1.0 1.0 72:1.0 101:1.0 
0.6249943274563683 0.5000000030917303 110:1.0 
0.9775427139213635 1.0 20:1.0 45:1.0 58:1.0 92:1.0 104:1.0 124:1.0 125:1.0 126:1.0 128:1.0 
1.0 1.0 
0.9775438062485179 0.8222763996832116 110:1.0 
1.0 1.0 
1.0 1.0 
1.0 1.0 4:1.0 91:1.0 
1.0 1.0 
1.0 1.0 
1.0 1.0 
1.0 1.0 
1.0 1.0 
0.624940428371352 0.5000000036066444 72:1.0 
1.0 1.0 
1.0 1.0 
1.0 1.0 
1.0 1.0 81:1.0 
1.0 1.0 
1.0 1.0 
1.0 1.0 
1.0 1.0 
1.0 1.0 
1.0 1.0 
1.0 1.0 
1.0 0.5000000030917302 35:1.0 
1.0 1.0 58:1.0 
1.0 1.0 
1.0 1.0 
1.0 1.0 
1.0 1.0 
1.0 1.0 116:1.0 
1.0 1.0 
1.0 1.0 
1.0 1.0 
0.6024473124589304 0.32218578024252825 52:1.0 
1.0 1.0 
1.0 1.0 
1.0 1.0 
1.0 1.0 
1.0 1.0 
1.0 1.0 
1.0 1.0 
1.0 1.0 
1.0 1.0 
1.0 1.0 
1.0 1.0 
1.0 1.0 
1.0 1.0 
1.0 1.0 
1.0 1.0 
1.0 1.0 
1.0 1.0 
1.0 1.0 85:1.0 
1.0 1.0 
1.0 1.0 
1.0 1.0 
1.0 1.0 
1.0 1.0 
1.0 1.0 
1.0 1.0 
1.0 1.0 
1.0 1.0 
1.0 1.0 
1.0 1.0 
1.0 1.0 
1.0 1.0 
1.0 1.0 
1.0 1.0 1:1.0 
1.0 1.0 77:1.0 
1.0 1.0 1:1.0 53:1.0 
0.6249943273278272 1.0 54:1.0 
1.0 1.0 
1.0 0.8222616831385761 6:1.0 
1.0 1.0 
1.0 1.0 
0.6249319060295783 1.0 15:1.0 67:1.0 
1.0 0.5000000020611536 107:1.0 
0.9775438064539758 1.0 54:1.0 
1.0 1.0 29:1.0 77:1.0 
1.0 1.0 
1.0 1.0 
1.0 1.0 47:1.0 
1.0 1.0 
0.6025561577854105 0.5000000030917303 108:1.0 
1.0 0.8213023869898908 18:1.0 
1.0 1.0 
1.0 1.0 
1.0 1.0 
1.0 1.0 
1.0 0.5000227020266378 25:1.0 
1.0 1.0 
1.0 1.0 
1.0 1.0 
1.0 1.0 
1.0 1.0 13:1.0 45:1.0 104:1.0 128:1.0 
1.0 1.0 
1.0 1.0 
1.0 1.0 
1.0 1.0 
1.0 1.0 
1.0 1.0 
1.0 1.0 
1.0 1.0 
1.0 1.0 
0.6249943242353018 1.0 37:1.0 
1.0 1.0 
1.0 1.0 
1.0 1.0 
1.0 1.0 
1.0 1.0 13:1.0 
1.0 1.0 
1.0 1.0 
1.0 1.0 
1.0 1.0 
1.0 1.0 
1.0 1.0 
1.0 1.0 
1.0 1.0 
0.0 0.5000227025415518 101:1.0 
1.0 1.0 105:1.0 
1.0 1.0 
1.0 1.0 45:1.0 
1.0 1.0 
0.9775522607136855 0.8222615936558058 72:1.0 
1.0 1.0 
1.0 1.0 
1.0 1.0 
1.0 1.0 
1.0 1.0 13:1.0 
1.0 1.0 
1.0 1.0 
1.0 0.37493474455563236 61:1.0 
1.0 1.0 
1.0 1.0 
1.0 1.0 67:1.0 
1.0 1.0 
1.0 1.0 48:1.0 
1.0 1.0 
1.0 1.0 
1.0 1.0 82:1.0 121:1.0 
1.0 1.0 
1.0 1.0 
0.977543831620752 1.0 37:1.0 
1.0 1.0 8:1.0 
1.0 1.0 
1.0 1.0 58:1.0 91:1.0 92:1.0 120:1.0 124:1.0 
1.0 1.0 
1.0 1.0 
1.0 1.0 4:1.0 58:1.0 120:1.0 
1.0 1.0 43:1.0 48:1.0 
1.0 1.0 
1.0 1.0 
1.0 1.0 
1.0 1.0 45:1.0 
1.0 1.0 
1.0 1.0 43:1.0 
0.6249943241067955 0.5000000020611534 103:1.0 
1.0 1.0 
1.0 1.0 
1.0 1.0 
1.0 1.0 
1.0 1.0 
1.0 1.0 77:1.0 
1.0 1.0 
1.0 1.0 
1.0 1.0 
1.0 1.0 
1.0 1.0 
1.0 1.0 
1.0 1.0 
1.0 1.0 91:1.0 
1.0 1.0 
1.0 1.0 
1.0 1.0 64:1.0 
1.0 1.0 
1.0 1.0 
1.0 1.0 
1.0 1.0 
1.0 0.8222763142228279 35:1.0 
1.0 1.0 17:1.0 52:1.0 
1.0 1.0 
1.0 1.0 
0.6249404276626157 1.0 17:1.0 
0.977552306195254 1.0 17:1.0 
1.0 1.0 
1.0 1.0 
1.0 1.0 
1.0 1.0 
1.0 1.0 
1.0 1.0 
1.0 1.0 
1.0 1.0 103:1.0 
1.0 1.0 
1.0 1.0 
1.0 1.0 
1.0 1.0 
1.0 1.0 52:1.0 102:1.0 
1.0 1.0 
1.0 1.0 
1.0 1.0 
1.0 1.0 
1.0 1.0 
1.0 1.0 
1.0 0.8222763561295491 108:1.0 
0.97754383164859 0.822276178709651 103:1.0 
1.0 1.0 
1.0 1.0 
0.6093221570045766 1.0 101:1.0 
1.0 1.0 
1.0 1.0 
1.0 1.0 
1.0 1.0 
1.0 1.0 
1.0 1.0 81:1.0 105:1.0 
1.0 1.0 
1.0 1.0 
1.0 1.0 
1.0 1.0 
1.0 1.0 
1.0 1.0 
1.0 1.0 
1.0 1.0 
1.0 1.0 
1.0 1.0 
1.0 1.0 
0.9775522610994059 0.9472962146458889 61:1.0 
1.0 1.0 
1.0 1.0 
1.0 0.9990300662396581 52:1.0 
1.0 1.0 100:1.0 
1.0 1.0 
1.0 1.0 
1.0 1.0 
1.0 1.0 
1.0 1.0 
1.0 1.0 
1.0 1.0 
1.0 1.0 
1.0 1.0 10:1.0 
1.0 1.0 
1.0 0.8222763993128994 107:1.0 
1.0 1.0 
1.0 1.0 
1.0 1.0 
1.0 1.0 
1.0 1.0 
1.0 1.0 
0.9931805976656024 0.8213001782573507 101:1.0 
1.0 1.0 
1.0 1.0 
1.0 1.0 
1.0 1.0 
1.0 1.0 
1.0 1.0 
1.0 1.0 
1.0 1.0 
1.0 1.0 
1.0 1.0 
1.0 1.0 
1.0 1.0 
1.0 1.0 
1.0 1.0 
1.0 1.0 
1.0 1.0 
1.0 1.0 
1.0 1.0 
1.0 1.0 
1.0 1.0 
1.0 1.0 
1.0 1.0 
1.0 1.0 
1.0 1.0 
1.0 1.0 
1.0 1.0 
1.0 1.0 
1.0 1.0 
1.0 0.8213105243187964 25:1.0 
1.0 1.0 
1.0 1.0 
1.0 1.0 
1.0 1.0 
1.0 1.0 
1.0 1.0 
1.0 1.0 
1.0 1.0 
1.0 1.0 15:1.0 62:1.0 
1.0 1.0 
1.0 1.0 
1.0 1.0 
1.0 1.0 
1.0 1.0 
1.0 1.0 
1.0 1.0 
1.0 1.0 
1.0 1.0 
1.0 1.0 
1.0 1.0 
1.0 1.0 
1.0 1.0 
1.0 1.0 
1.0 1.0 
1.0 1.0 
1.0 1.0 62:1.0 
1.0 1.0 
1.0 1.0 
1.0 1.0 
1.0 1.0 
1.0 1.0 
1.0 1.0 
1.0 1.0 89:1.0 
1.0 1.0 
0.9775427342613847 1.0 15:1.0 67:1.0 
1.0 1.0 
1.0 1.0 
1.0 1.0 
1.0 1.0 
1.0 1.0 74:1.0 
1.0 1.0 
1.0 1.0 
1.0 1.0 
1.0 1.0 
1.0 1.0 
1.0 1.0 
1.0 1.0 
1.0 1.0 
1.0 1.0 
-0.3964511214337371 1.0 47:1.0 
-0.0 0.5037735744387369 113:1.0 
-0.3964692534195479 0.5038806258578092 41:1.0 
-1.0 1.0 86:1.0 
-0.3964691233269213 0.5039034939601813 73:1.0 98:1.0 
-0.3974439553002395 0.5039261118107743 7:1.0 63:1.0 
-0.39650507792473605 0.5048840552876442 66:1.0 123:1.0 
-0.39648734512390066 0.5039433112266767 80:1.0 113:1.0 
-0.49996596808575744 1.0 3:1.0 
-0.0 1.0 109:1.0 
-0.3974618929685052 0.5039489856823843 55:1.0 
-0.3964880525645204 1.0 47:1.0 60:1.0 
-1.0 0.0 107:1.0 
-1.0 0.0 35:1.0 
-0.3974518236684163 0.5048840379812444 11:1.0 114:1.0 118:1.0 127:1.0 
-0.39746182797532537 1.0 9:1.0 
-0.3974799578143414 0.5039149352523774 53:1.0 58:1.0 91:1.0 120:1.0 
-0.0 0.5155916654803181 53:1.0 
-0.39646912730927564 1.0 56:1.0 
-0.3974799995238473 0.5039829546598646 20:1.0 41:1.0 45:1.0 125:1.0 
-0.0 0.5077855523421838 71:1.0 
-1.0 0.5048599459164519 116:1.0 
-1.0 1.0 45:1.0 
-1.0 0.5039489946093733 25:1.0 
-0.39646899125136353 1.0 117:1.0 
-0.3964511240565792 1.0 23:1.0 
-0.3984009729469904 0.0 13:1.0 
-0.0 1.0 31:1.0 
-0.49994326245289533 0.5624233927715698 8:1.0 
-1.0 0.5039489862576688 6:1.0 
-0.0 0.5077617873011875 12:1.0 
-0.0 0.5077844891986197 57:1.0 
-0.39646929749008536 0.5038864814504075 96:1.0 113:1.0 
-0.39746195546747703 0.5039261114001199 40:1.0 114:1.0 
-0.3974619584739755 0.5039035857675545 16:1.0 71:1.0 76:1.0 129:1.0 
-0.3974800012293616 0.5039035938056645 62:1.0 102:1.0 
-1.0 0.5038980952367396 61:1.0 
-0.3974438915153002 1.0 11:1.0 117:1.0 
-1.0 1.0 8:1.0 
-0.0 0.5077844899711268 90:1.0 
-0.0 0.515568259169128 44:1.0 
-0.0 0.5077617868499255 42:1.0 
-0.4999659624187071 1.0 77:1.0 
-0.39649204404512534 0.5039035834498228 40:1.0 71:1.0 
-0.0 1.0 78:1.0 
-1.0 1.0 47:1.0 
-0.397443891942193 0.5038980011466878 21:1.0 115:1.0 
-0.3964693441579707 0.5039033235887892 7:1.0 113:1.0 
-0.3974619377090158 0.5050197305979928 23:1.0 93:1.0 
-0.3974618707390692 0.5039830394058054 19:1.0 
-1.0 0.0 81:1.0 
-0.0 0.5155455574016401 98:1.0 
-1.0 1.0 103:1.0 
-1.0 0.5038643966421543 107:1.0 
-0.39744393643764786 0.5039600778829882 2:1.0 79:1.0 
-0.3964697892149005 0.9961190971936229 12:1.0 
-0.0 1.0 
-0.0 1.0 
-0.39653332019445736 0.5039034164178133 44:1.0 84:1.0 
-0.0 1.0 
-0.0 0.5311833260019634 68:1.0 
-0.0 1.0 
-0.0 1.0 
-0.0 1.0 
-0.0 1.0 
-0.3974258420827468 0.5038524212933336 21:1.0 
-0.0 1.0 
-0.0 1.0 
-0.0 1.0 
-0.0 1.0 98:1.0 
-0.0 1.0 
-0.0 1.0 
-0.0 1.0 
-0.0 1.0 
-0.0 1.0 
-0.0 1.0 
-0.0 1.0 
-0.0 1.0 
-0.0 1.0 43:1.0 
-0.0 1.0 
-0.0 1.0 113:1.0 
-0.0 1.0 
-0.0 1.0 
-1.0 1.0 13:1.0 
-0.39741783822292304 1.0 73:1.0 
-0.39646934329238054 0.5039600786291438 2:1.0 47:1.0 
-0.0 1.0 
-0.39744378078572273 0.5038807223882156 50:1.0 71:1.0 
-0.3974438293732204 1.0 39:1.0 94:1.0 
-0.0 1.0 
-0.0 1.0 
-1.0 0.531206030926191 81:1.0 
-0.0 1.0 
-0.0 1.0 
-0.0 1.0 114:1.0 118:1.0 127:1.0 
-0.0 1.0 
-0.0 1.0 
-0.0 1.0 
-0.0 1.0 
-0.0 1.0 
-0.0 1.0 
-0.0 1.0 
-0.897495924718422 1.0 3:1.0 
-0.0 1.0 
-0.0 1.0 
-0.0 1.0 
-0.0 1.0 
-0.39747997999656914 0.5039149378248657 34:1.0 45:1.0 58:1.0 92:1.0 104:1.0 124:1.0 126:1.0 128:1.0 
-0.0 1.0 
-0.3974339112159525 0.5038750401212302 95:1.0 113:1.0 
-0.0 1.0 
-0.0 1.0 
-0.0 1.0 
-0.0 1.0 
-0.0 1.0 
-0.0 1.0 
-0.0 1.0 
-0.39647417734451634 0.5039036711793258 42:1.0 63:1.0 
-0.3975254016844832 0.5039432289064599 10:1.0 62:1.0 
-0.0 1.0 
-0.0 1.0 
-0.0 1.0 
-0.0 1.0 
-0.0 1.0 
-0.39648796473442566 1.0 109:1.0 
-0.0 0.5155916645466596 36:1.0 
-0.0 1.0 
-0.0 1.0 
-0.0 1.0 
-0.0 1.0 
-0.0 1.0 
-0.0 1.0 113:1.0 
-0.0 1.0 
-0.0 1.0 
-0.0 1.0 
-0.0 1.0 
-0.0 1.0 
-0.0 1.0 
-0.0 1.0 
-0.0 1.0 
-0.0 1.0 
-0.0 1.0 
-0.0 1.0 
-0.39746195345309343 0.5048600328405057 24:1.0 49:1.0 69:1.0 83:1.0 97:1.0 112:1.0 121:1.0 130:1.0 131:1.0 133:1.0 
-0.0 1.0 
-0.0 1.0 
-0.0 1.0 
-0.0 1.0 
-0.396487302655751 0.5039658412621085 93:1.0 96:1.0 
-0.0 1.0 
-1.0 1.0 
-1.0 1.0 
-1.0 1.0 
-1.0 1.0 
-1.0 1.0 
-1.0 1.0 
-1.0 1.0 
-1.0 1.0 
-1.0 1.0 
-1.0 1.0 
-1.0 1.0 
-0.39645117045182066 1.0 63:1.0 
-1.0 1.0 
-1.0 1.0 
-1.0 1.0 
-1.0 1.0 
-1.0 1.0 
-1.0 1.0 
-0.4999659639639524 0.0 32:1.0 
-1.0 1.0 
-1.0 1.0 
-1.0 1.0 
-0.39748000267388445 0.5039149379819872 62:1.0 73:1.0 83:1.0 109:1.0 
-1.0 1.0 
-1.0 1.0 
-1.0 1.0 
-1.0 1.0 
-1.0 1.0 
-1.0 1.0 
-0.3964691718219453 0.9726896570818715 68:1.0 
-1.0 1.0 
-1.0 1.0 
-1.0 1.0 
-1.0 1.0 
-1.0 1.0 
-1.0 1.0 
-1.0 1.0 
-1.0 1.0 
-1.0 1.0 
-0.3974258473667904 0.5038695345992064 39:1.0 
-1.0 1.0 
-1.0 1.0 
-0.0 0.5077844900198083 122:1.0 
-1.0 1.0 
-1.0 1.0 
-0.39749717972252246 1.0 86:1.0 
-1.0 1.0 
-1.0 1.0 
-1.0 1.0 
-1.0 1.0 
-1.0 1.0 
-1.0 1.0 
-1.0 1.0 
-0.3974619734728153 0.5039261166987999 14:1.0 35:1.0 
-1.0 1.0 
-1.0 1.0 
-1.0 1.0 
-1.0 1.0 
-0.0 1.0 42:1.0 
-1.0 1.0 
-1.0 1.0 
-1.0 1.0 
-1.0 1.0 43:1.0 
-1.0 1.0 
-1.0 1.0 
-1.0 1.0 
-1.0 1.0 
-1.0 1.0 
-0.39745186641598945 0.5039378191840925 88:1.0 
-0.0 0.5155909595202011 27:1.0 
-1.0 1.0 
-1.0 1.0 
-1.0 1.0 
-1.0 1.0 
-1.0 0.5038578402580993 62:1.0 
-0.3974437811641454 0.5039035854614606 111:1.0 115:1.0 
-1.0 1.0 
-1.0 1.0 
-1.0 1.0 
-1.0 1.0 
-1.0 1.0 
-1.0 1.0 
-0.3964741772883009 0.5038920575373932 12:1.0 111:1.0 
-1.0 1.0 
-1.0 1.0 
-0.9990248546625852 0.5039033339591615 13:1.0 
-1.0 1.0 
-0.39742584513741613 0.9961015306815734 71:1.0 
-0.3974620023751847 0.5039433158637369 78:1.0 107:1.0 
-1.0 1.0 
-0.4999773000345159 0.5077844902774525 89:1.0 
-1.0 1.0 
-1.0 1.0 
-1.0 1.0 
-1.0 1.0 
-1.0 0.503948994609373 105:1.0 
-1.0 1.0 
-1.0 1.0 
-0.8974882580760746 0.9414574883022436 8:1.0 
-0.3974258272566485 1.0 79:1.0 
-1.0 1.0 
-1.0 1.0 
-1.0 1.0 
-1.0 1.0 
-1.0 1.0 
-1.0 1.0 
-1.0 1.0 
-1.0 1.0 
-1.0 1.0 
-1.0 1.0 
-1.0 1.0 
-1.0 1.0 
-1.0 1.0 
-1.0 1.0 
-1.0 1.0 
-1.0 1.0 
-1.0 1.0 
-1.0 1.0 
-1.0 1.0 
-1.0 1.0 
-1.0 1.0 
-1.0 1.0 
-0.39746185094520153 1.0 31:1.0 
-0.49997730003451596 0.5077844903579767 85:1.0 
-1.0 1.0 
-1.0 1.0 
-1.0 1.0 
-1.0 1.0 
-1.0 1.0 
-0.0 0.5154774545428432 50:1.0 
-1.0 1.0 
-1.0 1.0 
-1.0 1.0 
-1.0 1.0 
-1.0 1.0 
-1.0 1.0 
-1.0 1.0 
-1.0 1.0 
-1.0 1.0 
-1.0 1.0 
-1.0 1.0 
-1.0 1.0 
-1.0 1.0 
-1.0 1.0 
-0.3974619154558581 0.9961134256172901 122:1.0 
-1.0 1.0 
-1.0 1.0 
-1.0 1.0 
-1.0 1.0 
-0.39645112033503066 0.9883125499821818 98:1.0 
-1.0 1.0 
-1.0 1.0 
-0.39639725341937376 1.0 113:1.0 
-1.0 1.0 
-1.0 1.0 
-1.0 1.0 
-1.0 1.0 
-0.39653257278377757 0.5040282690911914 23:1.0 48:1.0 
-1.0 1.0 
-1.0 1.0 
-1.0 1.0 
-1.0 1.0 
-1.0 1.0 
-1.0 1.0 
-1.0 1.0 
-1.0 1.0 
-0.39746187024237695 0.5038923319499605 51:1.0 
-1.0 1.0 
-1.0 1.0 
-1.0 1.0 
-0.0 0.5077844908005607 30:1.0 
-0.0 0.9999773170376304 95:1.0 
-1.0 1.0 
-1.0 1.0 
-1.0 1.0 
-1.0 1.0 
-1.0 1.0 
-1.0 1.0 
-1.0 1.0 
-0.39750725199583864 0.5039489862782137 1:1.0 33:1.0 
-1.0 1.0 
-1.0 1.0 
-1.0 1.0 
-1.0 1.0 
-1.0 1.0 
-1.0 1.0 
-0.39746191287165233 0.5049519585738945 77:1.0 102:1.0 
-1.0 1.0 
-1.0 1.0 
-1.0 1.0 
-1.0 1.0 
-0.39746191303909983 0.9883005715230656 36:1.0 
-1.0 1.0 
-0.39744378142737385 0.503869460799898 13:1.0 50:1.0 
-1.0 1.0 
-1.0 1.0 
-1.0 1.0 
-0.0 1.0 29:1.0 
-0.39743371394365035 0.5048599480969359 94:1.0 
-1.0 1.0 
-0.3974618900524737 0.5039035864849041 29:1.0 35:1.0 
-1.0 1.0 
-1.0 1.0 
-1.0 1.0 
-0.39646917009844057 0.9961190086909172 42:1.0 
-0.3975073130749137 1.0 43:1.0 
-0.3974620005616818 0.5039603340317214 28:1.0 80:1.0 
-0.3964920439326849 1.0 22:1.0 
-1.0 1.0 
-1.0 1.0 
-1.0 1.0 
-1.0 1.0 
-1.0 1.0 
-0.3974972008546377 0.5039035014724136 41:1.0 45:1.0 
-0.3974438703612378 0.5038920578829296 21:1.0 50:1.0 
-1.0 1.0 
-0.8974846120207638 0.9961080171425227 85:1.0 
-0.39748926793685213 1.0 29:1.0 
-1.0 1.0 
-0.3974258485100725 1.0 28:1.0 
-1.0 1.0 
-0.39749496520518834 0.9883063342865177 53:1.0 
-1.0 1.0 
-1.0 1.0 
-1.0 1.0 
-1.0 1.0 
-0.3965778784265014 0.5049518955273407 38:1.0 108:1.0 
-1.0 1.0 
-1.0 1.0 
-1.0 1.0 
-0.3974618697006054 0.9961135135348971 90:1.0 
-1.0 1.0 
-1.0 1.0 
-1.0 1.0 
-1.0 1.0 
-1.0 1.0 
-1.0 1.0 
-1.0 1.0 
-0.3974618919275996 0.5039035860211641 24:1.0 49:1.0 69:1.0 83:1.0 97:1.0 112:1.0 130:1.0 131:1.0 133:1.0 
-1.0 1.0 
-1.0 1.0 
-1.0 1.0 
-1.0 1.0 
-1.0 1.0 
-0.3964741335190703 0.5039601408760211 95:1.0 
-1.0 1.0 
-0.39746186560293223 0.5039261135725125 119:1.0 
-0.39744386584009067 0.5038921459078459 114:1.0 
-1.0 1.0 
-1.0 1.0 
-1.0 1.0 
-0.3964331271221658 0.503840898220983 96:1.0 
-1.0 1.0 
-0.3974619543049935 0.5039489805579886 8:1.0 80:1.0 
-1.0 1.0 
-1.0 1.0 
-1.0 1.0 
-0.3974495650347739 0.503892237603405 87:1.0 
-1.0 1.0 77:1.0 
-1.0 1.0 
-1.0 1.0 
-0.39750729163754156 0.9726920612108779 81:1.0 
-1.0 1.0 
-1.0 1.0 
-1.0 1.0 
-1.0 1.0 
-1.0 1.0 
-1.0 1.0 
-1.0 1.0 
-1.0 1.0 
-1.0 1.0 
-1.0 1.0 
-1.0 1.0 
-1.0 1.0 
-0.3964921352468216 0.9883352401587692 27:1.0 
-0.3974619576567545 0.5048600539185407 16:1.0 76:1.0 129:1.0 
-0.8974959060919752 0.5038922359249354 32:1.0 
-1.0 1.0 
-0.3974439357572481 0.503943315536027 56:1.0 68:1.0 
-1.0 1.0 
-0.39742582138419463 0.5038468317367478 33:1.0 
-1.0 1.0 
-1.0 1.0 
-1.0 1.0 
-1.0 1.0 
-0.8965147457164376 0.9961134227130349 89:1.0 
-1.0 1.0 
-1.0 1.0 
-0.3974438015793616 0.5039035842018299 11:1.0 
-1.0 1.0 
-0.39648765644694156 0.5039489885933326 39:1.0 59:1.0 
-1.0 0.5038416982114962 35:1.0 
-1.0 1.0 
-0.3974258489029672 0.5038582666124215 7:1.0 
-0.39648707553633705 0.9961190087557561 57:1.0 
-1.0 1.0 
-1.0 1.0 
-1.0 1.0 
-0.8975050393717454 1.0 77:1.0 
-1.0 1.0 
-1.0 1.0 
-1.0 1.0 
-1.0 1.0 
-0.0 0.5077844920724338 70:1.0 
-1.0 1.0 
-1.0 1.0 
-0.3974180374318394 0.50389232385953 2:1.0 
-1.0 1.0 
-0.3973716958645888 0.9883012014235744 50:1.0 
-1.0 1.0 
-1.0 1.0 
-1.0 1.0 
-1.0 1.0 
-0.39746187084080176 0.5048611797867678 46:1.0 
-1.0 1.0 
-1.0 1.0 
-1.0 1.0 
-1.0 1.0 
-0.3974495650347736 1.0 5:1.0 
-1.0 1.0 
-1.0 1.0 
-1.0 1.0 
-0.39744391127997497 0.5038751232177922 13:1.0 111:1.0 
-1.0 1.0 
-1.0 1.0 
-0.396433789905341 0.5038351308628661 111:1.0 
-1.0 1.0 
-1.0 1.0 
-1.0 1.0 
-1.0 1.0 
-0.39744373907658 0.503892057996095 33:1.0 50:1.0 
-1.0 1.0 
-1.0 1.0 
-1.0 1.0 
-1.0 1.0 
-1.0 1.0 
-1.0 1.0 
-0.4999773190996492 0.0 18:1.0 
-0.3964870318223412 0.5039489841206258 16:1.0 
-1.0 1.0 
-1.0 1.0 
-1.0 1.0 
-1.0 1.0 
-1.0 1.0 
-1.0 1.0 
-1.0 1.0 
-1.0 1.0 
-1.0 1.0 
-1.0 1.0 
-1.0 1.0 
-1.0 1.0 
-0.3974438284388668 0.5039659322214249 50:1.0 79:1.0 
-1.0 1.0 
-1.0 1.0 
-1.0 1.0 
-1.0 1.0 
-1.0 1.0 
-1.0 1.0 
-1.0 1.0 
-1.0 1.0 
-1.0 1.0 
-0.39746187041742065 0.9970766037059 70:1.0 
-1.0 1.0 
-1.0 1.0 
-1.0 1.0 
-1.0 1.0 
-1.0 1.0 
-1.0 1.0 
-1.0 1.0 
-1.0 1.0 
-0.39750729173993576 0.5049961450547763 64:1.0 77:1.0 
-1.0 1.0 
-1.0 1.0 
-1.0 1.0 
-1.0 1.0 
-1.0 1.0 
-1.0 1.0 
-1.0 1.0 
-1.0 1.0 
-1.0 1.0 
-1.0 1.0 
-1.0 1.0 
-1.0 1.0 
-1.0 1.0 
-1.0 1.0 
-1.0 1.0 
-1.0 1.0 
-1.0 1.0 
-1.0 0.0 18:1.0 
-1.0 1.0 
-1.0 1.0 
-1.0 1.0 
-1.0 1.0 
-0.397451847460006 0.5048611615987411 106:1.0 
-1.0 1.0 
-1.0 1.0 
-1.0 1.0 
-0.3964873421337711 1.0 114:1.0 118:1.0 127:1.0 
-0.3974437815137115 0.5038919729211399 98:1.0 113:1.0 
-1.0 1.0 
-1.0 1.0 
-1.0 1.0 
-1.0 1.0 
-0.39653247917640994 0.50486117983687 82:1.0 
-1.0 1.0 
-0.3974437783039344 0.9883237979359195 44:1.0 
-0.3974620011501287 0.5039263705649853 73:1.0 102:1.0 
-0.39646947957386125 1.0 78:1.0 
-1.0 1.0 
-0.3964870794410212 0.5048611798368228 83:1.0 
-0.39649204575095326 0.9961077469438326 30:1.0 
-1.0 1.0 
-1.0 1.0 
-1.0 1.0 
-1.0 1.0 
-1.0 1.0 
-0.3974800028833938 0.5048840381362485 24:1.0 49:1.0 112:1.0 121:1.0 130:1.0 
-0.39648711966868916 0.5039325014980551 75:1.0 
-0.3974438226915819 0.5038808886849093 14:1.0 
-0.3964700091153905 0.5039261123015744 28:1.0 96:1.0 
-0.3974800012981398 0.5039149343345373 21:1.0 22:1.0 88:1.0 
-1.0 1.0 
-1.0 1.0 
-1.0 1.0 
-0.8965099398345843 0.5048600334950268 18:1.0 
-1.0 1.0 
-1.0 1.0 
-0.3975253567811616 0.5048839728373212 91:1.0 120:1.0 
-1.0 1.0 
-0.3974799575001048 0.5039149401393482 22:1.0 40:1.0 73:1.0 
-1.0 1.0 
-1.0 1.0 
-1.0 1.0 
-0.39760907511638044 0.5040136995317789 
-0.39741799319444754 1.0 115:1.0 
-0.0 -1.0 
-0.0 -1.0 
-0.0 -1.0 
-0.0 -1.0 
-0.0 -1.0 
-0.0 -1.0 
-0.0 -1.0 
-0.0 -1.0 78:1.0 
-1.0 -1.0 10:1.0 
-0.0 -1.0 
-0.0 -1.0 
-0.0 -1.0 
-0.0 -1.0 
-0.0 -1.0 
-0.0 -1.0 
-0.0 -1.0 
-1.0 -1.0 48:1.0 
-0.0 -1.0 
-0.0 -1.0 
-0.0 -1.0 
-0.0 -1.0 
-0.0 -1.0 
-0.6786626772580009 -1.0 117:1.0 
-1.0 -1.0 17:1.0 
-0.0 -1.0 
-0.0 -1.0 42:1.0 
-0.0 -1.0 
-0.0 -1.0 
-0.0 -1.0 
-0.0 -1.0 
-0.0 -1.0 
-0.0 -1.0 
-0.0 -1.0 
-0.0 -1.0 
-0.7499716305822732 -1.0 3:1.0 
-0.0 -1.0 
-0.0 -1.0 
-0.0 -1.0 
-0.0 -1.0 
-0.0 -1.0 
-0.678698345757213 -1.0 122:1.0 
-0.6777996356737888 -1.0 13:1.0 75:1.0 
-0.0 -1.0 
-0.0 -1.0 
-0.0 -1.0 
-0.0 -1.0 
-0.0 -1.0 
-0.0 -1.0 
-0.0 -1.0 
-1.0 -1.0 89:1.0 
-0.0 -1.0 
-0.0 -1.0 
-0.0 -1.0 
-0.0 -1.0 
-0.678875049586107 -1.0 101:1.0 105:1.0 
-0.0 -1.0 
-0.0 -1.0 
-0.0 -1.0 
-0.0 -1.0 
-0.0 -0.5000680813473325 79:1.0 
-0.0 -1.0 
-0.0 -1.0 
-0.0 -1.0 
-0.0 -1.0 
-0.0 -1.0 
-0.0 -1.0 
-0.0 -1.0 
-0.0 -1.0 
-0.0 -1.0 
-0.9277521476748658 -1.0 3:1.0 
-0.0 -1.0 
-0.0 -1.0 
-0.0 -1.0 
-0.0 -1.0 
-0.0 -1.0 
-0.0 -1.0 
-0.0 -1.0 
-0.0 -1.0 9:1.0 
-0.677723602748254 -1.0 90:1.0 
-0.0 -1.0 
-0.0 -1.0 
-0.0 -1.0 
-0.0 -1.0 
-0.0 -1.0 
-0.0 -1.0 
-0.0 -1.0 98:1.0 
-1.0 -1.0 
-1.0 -1.0 
-1.0 -1.0 
-1.0 -1.0 
-0.0 -1.0 29:1.0 
-1.0 -1.0 
-0.6777835011876018 -1.0 5:1.0 6:1.0 
-1.0 -1.0 
-0.0 -1.0 56:1.0 
-0.6786980806070841 -1.0 34:1.0 
-1.0 -1.0 
-1.0 -1.0 
-1.0 -1.0 
-0.6786942875913926 -1.0 16:1.0 19:1.0 71:1.0 
-1.0 -1.0 
-1.0 -1.0 
-1.0 -1.0 
-1.0 -1.0 
-0.677723645922683 -1.0 63:1.0 
-1.0 -1.0 
-1.0 -1.0 
-1.0 -1.0 
-1.0 -1.0 
-1.0 -1.0 
-1.0 -1.0 
-0.678729051391721 -1.0 14:1.0 35:1.0 71:1.0 
-1.0 -1.0 
-1.0 -1.0 
-1.0 -1.0 
-1.0 -1.0 
-0.0 -0.5000453793207414 47:1.0 
-0.6777239111157334 -1.0 98:1.0 
-0.6777236463504743 -1.0 30:1.0 
-1.0 -1.0 
-1.0 -1.0 8:1.0 
-1.0 -1.0 
-1.0 -1.0 
-1.0 -1.0 
-1.0 -1.0 
-1.0 -1.0 
-1.0 -1.0 
-1.0 -1.0 86:1.0 
-1.0 -1.0 
-1.0 -1.0 
-1.0 -1.0 
-1.0 -1.0 
-1.0 -1.0 
-0.6787128245949091 -1.0 29:1.0 
-1.0 -1.0 
-1.0 -1.0 
-1.0 -1.0 
-1.0 -1.0 
-0.6787580037460432 -1.0 28:1.0 101:1.0 
-1.0 -1.0 
-1.0 -1.0 
-1.0 -1.0 103:1.0 
-1.0 -1.0 
-1.0 -1.0 
-0.6786626760518013 -1.0 28:1.0 
-1.0 -1.0 
-0.0 -1.0 47:1.0 
-1.0 -1.0 
-1.0 -1.0 
-1.0 -1.0 
-1.0 -1.0 
-0.6786934018985702 -1.0 44:1.0 
-1.0 -1.0 
-1.0 -1.0 
-1.0 -1.0 
-1.0 -1.0 
-1.0 -1.0 
-1.0 -1.0 
-0.6786934458547014 -1.0 57:1.0 
-0.0 -1.0 31:1.0 
-1.0 -1.0 
-0.6777236459206336 -1.0 59:1.0 
-1.0 -1.0 
-1.0 -1.0 
-1.0 -1.0 
-0.677799723480601 -1.0 19:1.0 84:1.0 
-1.0 -1.0 
-1.0 -1.0 
-0.0 -0.5000226963593776 20:1.0 45:1.0 125:1.0 
-1.0 -1.0 
-0.0 -0.5000680818626678 77:1.0 
-1.0 -1.0 
-1.0 -1.0 
-1.0 -1.0 
-1.0 -1.0 
-0.6777236882449191 -1.0 5:1.0 88:1.0 
-1.0 -1.0 
-1.0 -1.0 
-1.0 -1.0 37:1.0 
-1.0 -1.0 
-0.0 -0.5000680823779798 93:1.0 
-1.0 -1.0 
-0.0 -1.0 77:1.0 
-1.0 -1.0 
-1.0 -1.0 
-1.0 -1.0 
-1.0 -1.0 
-1.0 -1.0 
-0.0 -1.0 79:1.0 
-1.0 -1.0 
-1.0 -1.0 
-1.0 -1.0 
-1.0 -1.0 
-1.0 -1.0 
-1.0 -1.0 
-0.0 -1.0 114:1.0 118:1.0 127:1.0 
-0.6787288311356652 -1.0 29:1.0 37:1.0 108:1.0 
-0.0 -1.0 78:1.0 
-1.0 -1.0 
-1.0 -1.0 
-0.6786942447182809 -1.0 50:1.0 
-1.0 -1.0 
-0.0 -1.0 43:1.0 
-1.0 -1.0 
-1.0 -1.0 
-0.0 -0.5000681014427035 23:1.0 
-1.0 -1.0 
-1.0 -1.0 
-1.0 -1.0 
-1.0 -1.0 
-1.0 -1.0 15:1.0 67:1.0 
-1.0 -1.0 
-0.6777542374022346 -1.0 9:1.0 59:1.0 113:1.0 115:1.0 
-1.0 -1.0 
-1.0 -1.0 
-1.0 -1.0 
-1.0 -1.0 
-1.0 -1.0 
-1.0 -1.0 
-1.0 -1.0 
-1.0 -1.0 
-1.0 -1.0 
-1.0 -1.0 
-1.0 -1.0 
-1.0 -1.0 
-1.0 -1.0 
-1.0 -1.0 
-1.0 -1.0 
-1.0 -1.0 
-1.0 -1.0 
-0.6777690459212325 -1.0 53:1.0 
-1.0 -1.0 
-1.0 -1.0 
-1.0 -1.0 
-1.0 -1.0 
-0.6777237773453186 -1.0 31:1.0 
-0.6786672656898933 -1.0 95:1.0 
-1.0 -1.0 
-1.0 -1.0 
-1.0 -1.0 
-1.0 -1.0 
-1.0 -1.0 
-1.0 -1.0 
-1.0 -1.0 
-1.0 -1.0 
-0.6786980153420468 -1.0 56:1.0 
-0.6786674265102253 -1.0 29:1.0 115:1.0 
-1.0 -1.0 
-1.0 -1.0 
-1.0 -1.0 
-1.0 -1.0 
-1.0 -1.0 
-0.6786983728050981 -1.0 48:1.0 71:1.0 
-1.0 -1.0 43:1.0 
-1.0 -1.0 
-0.6874574399482694 -1.0 47:1.0 
-1.0 -1.0 
-1.0 -1.0 
-1.0 -1.0 
-1.0 -1.0 64:1.0 
-1.0 -1.0 
-0.6786983255271273 -1.0 9:1.0 
-1.0 -1.0 
-1.0 -1.0 
-0.0 -0.4999773026109806 60:1.0 
-1.0 -1.0 
-1.0 -1.0 1:1.0 
-1.0 -1.0 
-1.0 -1.0 
-1.0 -1.0 
-1.0 -1.0 
-1.0 -1.0 
-1.0 -1.0 
-1.0 -1.0 
-1.0 -1.0 
-1.0 -1.0 
-1.0 -1.0 
-1.0 -1.0 
-1.0 -1.0 
-1.0 -1.0 
-1.0 -1.0 
-1.0 -1.0 
-1.0 -1.0 
-1.0 -1.0 
-0.0 -1.0 113:1.0 
-1.0 -1.0 
-1.0 -1.0 
-1.0 -1.0 
-1.0 -1.0 4:1.0 
-1.0 -1.0 
-1.0 -1.0 
-0.6777239109668338 -1.0 12:1.0 
-1.0 -1.0 
-1.0 -1.0 
-0.677754324848118 -1.0 10:1.0 55:1.0 
-0.0 -1.0 113:1.0 
-1.0 -1.0 
-1.0 -1.0 
-1.0 -1.0 
-1.0 -1.0 
-1.0 -1.0 
-1.0 -1.0 
-1.0 -1.0 
-1.0 -1.0 
-1.0 -1.0 
-1.0 -1.0 
-0.0 -0.5000226778095326 109:1.0 
-1.0 -1.0 54:1.0 
-1.0 -1.0 85:1.0 
-0.6786934900783922 -1.0 78:1.0 
-1.0 -1.0 
-0.6777688686714809 -1.0 43:1.0 
-0.6777543259803618 -1.0 16:1.0 26:1.0 76:1.0 99:1.0 129:1.0 132:1.0 
-0.6777238241928574 -0.9951176740100159 93:1.0 
-1.0 -1.0 
-1.0 -1.0 
-1.0 -1.0 
-1.0 -1.0 
-1.0 -1.0 
-1.0 -1.0 
-0.678697593323209 -0.9960796743708497 79:1.0 
-1.0 -1.0 
-0.6777234247771401 -1.0 11:1.0 117:1.0 
-1.0 -1.0 
-0.6777238225547774 -1.0 80:1.0 
-1.0 -1.0 
-1.0 -1.0 
-1.0 -1.0 
-1.0 -1.0 
-0.6786322183297846 -0.9960793860133828 60:1.0 
-1.0 -1.0 
-0.678667426461709 -1.0 47:1.0 60:1.0 
-0.6777238225547773 -1.0 36:1.0 
-1.0 -1.0 
-1.0 -1.0 
-1.0 -1.0 
-1.0 -1.0 
-1.0 -1.0 
-1.0 -1.0 
-1.0 -1.0 
-1.0 -1.0 
-1.0 -1.0 
-1.0 -1.0 
-1.0 -1.0 
-0.6777238233515025 -1.0 22:1.0 
-1.0 -1.0 
-1.0 -1.0 
-0.677754328467272 -0.9951173618627865 20:1.0 45:1.0 125:1.0 
-1.0 -1.0 
-1.0 -1.0 
-1.0 -1.0 
-1.0 -1.0 
-1.0 -1.0 101:1.0 
-0.6777543262409897 -1.0 114:1.0 118:1.0 127:1.0 
-1.0 -1.0 
-1.0 -1.0 
-1.0 -1.0 
-1.0 -1.0 
-1.0 -1.0 
-1.0 -1.0 
-1.0 -1.0 
-1.0 -1.0 77:1.0 
-0.6777543339503154 -1.0 54:1.0 61:1.0 110:1.0 
-1.0 -1.0 
-1.0 -1.0 
-1.0 -1.0 
-0.6776620174823308 -1.0 5:1.0 
-0.6777234217706001 -1.0 16:1.0 19:1.0 
-1.0 -1.0 
-0.6787437014398091 -1.0 54:1.0 95:1.0 
-0.6777690458536515 -1.0 86:1.0 
-1.0 -1.0 
-0.9912055497097657 -0.9960739066860123 47:1.0 
-1.0 -1.0 
-1.0 -1.0 
-1.0 -1.0 
-0.6786671555634525 -1.0 65:1.0 
-1.0 -1.0 
-1.0 -1.0 
-1.0 -1.0 
-1.0 -1.0 
-1.0 -1.0 
-1.0 -1.0 45:1.0 
-1.0 -1.0 
-1.0 -1.0 
-1.0 -1.0 
-1.0 -1.0 
-1.0 -1.0 
-1.0 -1.0 
-1.0 -1.0 
-1.0 -1.0 
-1.0 -1.0 
-1.0 -1.0 
-1.0 -1.0 
-1.0 -1.0 
-0.6777997269366984 -1.0 2:1.0 91:1.0 
-1.0 -1.0 
-1.0 -1.0 
-0.0 -1.0 109:1.0 
-0.677783591172258 -1.0 60:1.0 72:1.0 
-1.0 -1.0 
-0.6777239111157335 -1.0 68:1.0 
-0.6787288925282919 -1.0 39:1.0 94:1.0 
-1.0 -1.0 
-1.0 -1.0 
-1.0 -1.0 
-1.0 -1.0 
-1.0 -1.0 
-1.0 -1.0 
-1.0 -1.0 
-1.0 -1.0 
-1.0 -1.0 
-1.0 -1.0 
-1.0 -1.0 
-1.0 -1.0 
-0.9999773170384954 -0.5000226772941511 74:1.0 
-0.6786942433409173 -1.0 73:1.0 
-1.0 -1.0 
-0.0 -0.5000453803512485 38:1.0 
-1.0 -1.0 
-1.0 -1.0 
-1.0 -1.0 
-1.0 -1.0 
-1.0 -1.0 
-1.0 -1.0 
-1.0 -1.0 
-1.0 -1.0 8:1.0 
-1.0 -1.0 
-1.0 -1.0 
-1.0 -1.0 
-1.0 -1.0 
-1.0 -1.0 
-1.0 -1.0 77:1.0 
-1.0 -1.0 
-1.0 -1.0 
-1.0 -1.0 
-1.0 -1.0 
-1.0 -1.0 
-1.0 -1.0 
-0.6787575592873504 -1.0 25:1.0 65:1.0 
-0.6777239109668339 -1.0 70:1.0 
-1.0 -1.0 
-0.678716173039897 -0.9960512146724326 74:1.0 
-1.0 -1.0 
-1.0 -1.0 
-1.0 -1.0 
-1.0 -1.0 
-1.0 -1.0 
-1.0 -1.0 
-1.0 -1.0 
-1.0 -1.0 
-0.0 -1.0 23:1.0 
-1.0 -1.0 
-1.0 -1.0 
-1.0 -1.0 
-1.0 -1.0 
-1.0 -1.0 13:1.0 
-1.0 -1.0 
-0.6786674257557768 -1.0 115:1.0 
-1.0 -1.0 
-0.0 -0.49997731600829237 26:1.0 99:1.0 132:1.0 
-1.0 -1.0 
-1.0 -1.0 
-1.0 -1.0 
-0.6787250575672583 -0.9961077460381758 26:1.0 99:1.0 132:1.0 
-1.0 -1.0 
-0.6787388018295386 -0.9960740940992118 77:1.0 
-1.0 -1.0 
-1.0 -1.0 
-1.0 -1.0 
-1.0 -1.0 
-1.0 -1.0 
-1.0 -1.0 
-1.0 -1.0 
-1.0 -1.0 
-1.0 -1.0 
-1.0 -1.0 
-1.0 -1.0 
-1.0 -1.0 
-1.0 -1.0 
-1.0 -1.0 
-1.0 -1.0 
-1.0 -1.0 
-1.0 -1.0 
-1.0 -1.0 
-0.6777236462959744 -1.0 42:1.0 
-1.0 -1.0 
-1.0 -1.0 
-1.0 -1.0 
-1.0 -1.0 
-1.0 -1.0 
-1.0 -1.0 
-0.6777236016051855 -0.9960627353957243 23:1.0 
-1.0 -1.0 
-0.6777234264334688 -1.0 27:1.0 
-1.0 -1.0 
-0.677723601379871 -0.9960739115652024 38:1.0 
-1.0 -1.0 
-1.0 -1.0 
-1.0 -1.0 
-0.6776928302899897 -1.0 71:1.0 
-0.6787888809401667 -1.0 15:1.0 
-1.0 -1.0 
-1.0 -1.0 
-1.0 -1.0 
-1.0 -1.0 
-0.0 -1.0 109:1.0 
-1.0 -1.0 
-0.6777234240177786 -1.0 113:1.0 
-0.6777234243723151 -0.9960512128291044 109:1.0 
-1.0 -1.0 20:1.0 45:1.0 58:1.0 92:1.0 104:1.0 124:1.0 125:1.0 126:1.0 128:1.0 
-1.0 -1.0 
-0.6777542814030286 -1.0 40:1.0 73:1.0 94:1.0 
-1.0 -1.0 
-1.0 -1.0 
-1.0 -1.0 
-1.0 -1.0 
-1.0 -1.0 
-1.0 -1.0 81:1.0 
-1.0 -1.0 
-1.0 -1.0 
-1.0 -1.0 
-1.0 -1.0 
-1.0 -1.0 
-1.0 -1.0 
-1.0 -1.0 
-1.0 -1.0 
-0.6787138761947644 -1.0 
