svm_type c_svc
kernel_type rbf
gamma 100.0
nr_class 3
total_sv 1518
rho 0.497075506981383 0.23334013526119404 -0.37421764026988635
label 2 0 1
nr_sv 408 585 525
SV
100.0 100.0 
100.0 100.0 
100.0 100.0 
100.0 100.0 
1.498046875 1.2333984375 61:1.0 86:1.0 
100.0 100.0 
100.0 100.0 
100.0 100.0 
100.0 100.0 
100.0 100.0 
100.0 100.0 
100.0 100.0 
100.0 100.0 
100.0 100.0 
1.4970703125 1.2333984375 27:1.0 101:1.0 105:1.0 
1.4970703125 1.2333984375 84:1.0 
100.0 100.0 
100.0 100.0 
100.0 100.0 
100.0 100.0 
100.0 100.0 
100.0 0.0 18:1.0 
100.0 100.0 
100.0 100.0 
100.0 100.0 
100.0 100.0 
100.0 100.0 
100.0 100.0 
100.0 100.0 
100.0 100.0 
100.0 100.0 
100.0 100.0 
100.0 100.0 
100.0 100.0 
100.0 100.0 
100.0 100.0 
100.0 100.0 
100.0 100.0 
100.0 100.0 
1.4970703125 100.0 4:1.0 
100.0 100.0 
1.4970703125 1.2333984375 45:1.0 58:1.0 104:1.0 116:1.0 126:1.0 128:1.0 
100.0 100.0 
100.0 100.0 
100.0 100.0 
100.0 100.0 
100.0 100.0 
100.0 100.0 
100.0 100.0 
100.0 100.0 
100.0 100.0 
100.0 100.0 
100.0 100.0 
100.0 100.0 
100.0 1.2333984375 32:1.0 
100.0 100.0 
100.0 100.0 
100.0 100.0 
100.0 1.25 81:1.0 
100.0 100.0 
100.0 100.0 
100.0 100.0 
100.0 100.0 
100.0 100.0 8:1.0 
100.0 100.0 86:1.0 
100.0 100.0 
100.0 100.0 
0.0 1.25 20:1.0 45:1.0 58:1.0 92:1.0 104:1.0 124:1.0 125:1.0 126:1.0 128:1.0 
1.4970703125 1.232421875 6:1.0 116:1.0 
100.0 100.0 
100.0 100.0 
100.0 100.0 
1.5 0.0 6:1.0 
100.0 100.0 
100.0 100.0 3:1.0 
100.0 100.0 
100.0 100.0 
100.0 100.0 
100.0 100.0 
100.0 100.0 
100.0 100.0 
100.0 100.0 
100.0 100.0 
100.0 100.0 
100.0 100.0 
100.0 100.0 
100.0 100.0 
1.4970703125 1.2333984375 72:1.0 101:1.0 
1.4970703125 99.9833984375 20:1.0 45:1.0 58:1.0 92:1.0 104:1.0 124:1.0 125:1.0 126:1.0 128:1.0 
100.0 100.0 
1.4970703125 1.2333984375 110:1.0 
100.0 100.0 
100.0 100.0 
1.4970703125 1.2333984375 4:1.0 91:1.0 
100.0 100.0 
100.0 100.0 
100.0 100.0 
100.0 100.0 
100.0 100.0 
100.0 100.0 
100.0 100.0 
100.0 100.0 
100.0 99.9833984375 81:1.0 
100.0 100.0 
100.0 100.0 
100.0 100.0 
100.0 100.0 
100.0 100.0 
100.0 100.0 
100.0 100.0 
100.0 0.0 35:1.0 
1.4970703125 1.2333984375 58:1.0 
100.0 100.0 
100.0 100.0 
100.0 100.0 
100.0 100.0 
100.0 1.2333984375 116:1.0 
100.0 100.0 
100.0 100.0 
100.0 100.0 
100.0 100.0 
100.0 100.0 
100.0 100.0 
100.0 100.0 
100.0 100.0 
100.0 100.0 
100.0 100.0 
100.0 100.0 
100.0 100.0 
100.0 100.0 
100.0 100.0 
100.0 100.0 
100.0 100.0 
100.0 100.0 
100.0 100.0 
100.0 100.0 
100.0 100.0 
100.0 100.0 85:1.0 
100.0 100.0 
100.0 100.0 
100.0 100.0 
100.0 100.0 
100.0 100.0 
100.0 100.0 
100.0 100.0 
100.0 100.0 
100.0 100.0 
100.0 100.0 
100.0 100.0 
100.0 100.0 
100.0 100.0 
100.0 100.0 
1.4970703125 100.0 1:1.0 
100.0 100.0 77:1.0 
1.4970703125 1.2333984375 1:1.0 53:1.0 
0.0 1.25 54:1.0 
100.0 100.0 
99.9970703125 1.2333984375 6:1.0 
100.0 100.0 
100.0 100.0 
0.0 1.25 15:1.0 67:1.0 
100.0 0.0 107:1.0 
1.4970703125 99.9833984375 54:1.0 
1.4970703125 1.2333984375 29:1.0 77:1.0 
100.0 100.0 
100.0 100.0 
100.0 100.0 47:1.0 
100.0 100.0 
100.0 1.2333984375 18:1.0 
100.0 100.0 
100.0 100.0 
100.0 100.0 
100.0 100.0 
1.5 0.0 25:1.0 
100.0 100.0 
100.0 100.0 
100.0 100.0 
100.0 100.0 
1.4970703125 1.2333984375 13:1.0 45:1.0 104:1.0 128:1.0 
100.0 100.0 
100.0 100.0 
100.0 100.0 
100.0 100.0 
100.0 100.0 
100.0 100.0 
100.0 100.0 
100.0 100.0 
100.0 100.0 
0.0 1.25 37:1.0 
100.0 100.0 
100.0 100.0 
100.0 100.0 
100.0 100.0 
100.0 1.5 13:1.0 
100.0 100.0 
100.0 100.0 
100.0 100.0 
100.0 100.0 
100.0 100.0 
100.0 100.0 
100.0 100.0 
100.0 100.0 
100.0 1.2333984375 105:1.0 
100.0 100.0 
1.5 1.25 45:1.0 
100.0 100.0 
1.4970703125 1.232421875 72:1.0 
100.0 100.0 
100.0 100.0 
100.0 100.0 
100.0 100.0 
100.0 99.7333984375 13:1.0 
100.0 100.0 
100.0 100.0 
1.5 0.0 61:1.0 
100.0 100.0 
100.0 100.0 
1.4970703125 1.232421875 67:1.0 
100.0 100.0 
1.4970703125 100.0 48:1.0 
100.0 100.0 
100.0 100.0 
1.4970703125 1.2333984375 82:1.0 121:1.0 
100.0 100.0 
100.0 100.0 
1.4970703125 99.9833984375 37:1.0 
100.0 100.0 8:1.0 
100.0 100.0 
1.4970703125 1.2333984375 58:1.0 91:1.0 92:1.0 120:1.0 124:1.0 
100.0 100.0 
100.0 100.0 
1.4970703125 1.2333984375 4:1.0 58:1.0 120:1.0 
1.4970703125 1.2333984375 43:1.0 48:1.0 
100.0 100.0 
100.0 100.0 
100.0 100.0 
99.9970703125 99.9833984375 45:1.0 
100.0 100.0 
100.0 100.0 43:1.0 
100.0 100.0 
100.0 100.0 
100.0 100.0 
100.0 100.0 
100.0 100.0 
100.0 100.0 77:1.0 
100.0 100.0 
100.0 100.0 
100.0 100.0 
100.0 100.0 
100.0 100.0 
100.0 100.0 
100.0 100.0 
1.4970703125 1.2333984375 91:1.0 
100.0 100.0 
100.0 100.0 
1.4970703125 100.0 64:1.0 
100.0 100.0 
100.0 100.0 
100.0 100.0 
100.0 100.0 
100.0 1.2333984375 35:1.0 
1.4970703125 1.2333984375 17:1.0 52:1.0 
100.0 100.0 
100.0 100.0 
0.0 1.232421875 17:1.0 
1.4970703125 100.0 17:1.0 
100.0 100.0 
100.0 100.0 
100.0 100.0 
100.0 100.0 
100.0 100.0 
100.0 100.0 
100.0 100.0 
1.5 1.25 103:1.0 
100.0 100.0 
100.0 100.0 
100.0 100.0 
100.0 100.0 
1.4970703125 1.2333984375 52:1.0 102:1.0 
100.0 100.0 
100.0 100.0 
100.0 100.0 
100.0 100.0 
100.0 100.0 
100.0 100.0 
1.4970703125 1.2333984375 108:1.0 
99.9970703125 99.9833984375 103:1.0 
100.0 100.0 
100.0 100.0 
0.0 1.25 101:1.0 
100.0 100.0 
100.0 100.0 
100.0 100.0 
100.0 100.0 
100.0 100.0 
1.4970703125 1.232421875 81:1.0 105:1.0 
100.0 100.0 
100.0 100.0 
100.0 100.0 
100.0 100.0 
100.0 100.0 
100.0 100.0 
100.0 100.0 
100.0 100.0 
100.0 100.0 
100.0 100.0 
100.0 100.0 
99.9970703125 1.232421875 61:1.0 
100.0 100.0 
100.0 100.0 
1.4970703125 1.232421875 52:1.0 
1.4970703125 1.2333984375 100:1.0 
100.0 100.0 
100.0 100.0 
100.0 100.0 
100.0 100.0 
100.0 100.0 
100.0 100.0 
100.0 100.0 
100.0 100.0 
1.4970703125 100.0 10:1.0 
100.0 100.0 
100.0 1.2333984375 107:1.0 
100.0 100.0 
100.0 100.0 
100.0 100.0 
100.0 100.0 
100.0 100.0 
100.0 100.0 
1.4970703125 99.9833984375 101:1.0 
100.0 100.0 
100.0 100.0 
100.0 100.0 
100.0 100.0 
100.0 100.0 
100.0 100.0 
100.0 100.0 
100.0 100.0 
100.0 100.0 
100.0 100.0 
100.0 100.0 
100.0 100.0 
100.0 100.0 
100.0 100.0 
100.0 100.0 
100.0 100.0 
100.0 100.0 
100.0 100.0 
100.0 100.0 
100.0 100.0 
100.0 100.0 
100.0 100.0 
100.0 100.0 
100.0 100.0 
100.0 100.0 
100.0 100.0 
100.0 100.0 
100.0 100.0 
99.9970703125 1.2333984375 25:1.0 
100.0 100.0 
100.0 100.0 
100.0 100.0 
100.0 100.0 
100.0 100.0 
100.0 100.0 
100.0 100.0 
100.0 100.0 
1.4970703125 1.2333984375 15:1.0 62:1.0 
100.0 100.0 
100.0 100.0 
100.0 100.0 
100.0 100.0 
100.0 100.0 
100.0 100.0 
100.0 100.0 
100.0 100.0 
100.0 100.0 
100.0 100.0 
100.0 100.0 
100.0 100.0 
100.0 100.0 
100.0 100.0 
100.0 100.0 
100.0 100.0 
100.0 1.2333984375 62:1.0 
100.0 100.0 
100.0 100.0 
100.0 100.0 
100.0 100.0 
100.0 100.0 
100.0 100.0 
100.0 100.0 89:1.0 
100.0 100.0 
1.4970703125 99.9833984375 15:1.0 67:1.0 
100.0 100.0 
100.0 100.0 
100.0 100.0 
100.0 100.0 
1.4970703125 100.0 74:1.0 
100.0 100.0 
100.0 100.0 
100.0 100.0 
100.0 100.0 
100.0 100.0 
100.0 100.0 
100.0 100.0 
100.0 100.0 
100.0 100.0 
-0.5029296875 100.0 47:1.0 
-0.0 0.625 113:1.0 
-0.5029296875 0.625 41:1.0 
-0.50390625 100.0 86:1.0 
-0.5029296875 0.625 73:1.0 98:1.0 
-0.5029296875 0.625 7:1.0 63:1.0 
-0.5029296875 0.625 66:1.0 123:1.0 
-0.5029296875 0.625 80:1.0 113:1.0 
-0.50390625 100.0 3:1.0 
-0.0 100.0 109:1.0 
-0.5029296875 0.625 55:1.0 
-0.5029296875 100.0 47:1.0 60:1.0 
-100.0 0.0 107:1.0 
-100.0 0.0 35:1.0 
-0.5029296875 0.625 11:1.0 114:1.0 118:1.0 127:1.0 
-0.5029296875 100.0 9:1.0 
-0.5029296875 0.625 53:1.0 58:1.0 91:1.0 120:1.0 
-0.0 0.625 53:1.0 
-0.5029296875 100.0 56:1.0 
-0.5029296875 0.625 20:1.0 41:1.0 45:1.0 125:1.0 
-0.0 0.625 71:1.0 
-100.0 0.625 116:1.0 
-100.0 100.0 45:1.0 
-100.0 0.625 25:1.0 
-0.5029296875 100.0 117:1.0 
-0.5029296875 100.0 23:1.0 
-0.50390625 0.0 13:1.0 
-0.0 100.0 31:1.0 
-0.50390625 0.625 8:1.0 
-100.0 0.625 6:1.0 
-0.0 0.625 12:1.0 
-0.0 0.625 57:1.0 
-0.5029296875 0.625 96:1.0 113:1.0 
-0.5029296875 0.625 40:1.0 114:1.0 
-0.5029296875 0.625 16:1.0 71:1.0 76:1.0 129:1.0 
-0.5029296875 0.625 62:1.0 102:1.0 
-100.0 0.625 61:1.0 
-0.5029296875 100.0 11:1.0 117:1.0 
-100.0 100.0 8:1.0 
-0.0 0.625 90:1.0 
-0.0 0.625 44:1.0 
-0.0 0.625 42:1.0 
-0.50390625 100.0 77:1.0 
-0.5029296875 0.625 40:1.0 71:1.0 
-0.0 100.0 78:1.0 
-100.0 100.0 47:1.0 
-0.5029296875 0.625 21:1.0 115:1.0 
-0.5029296875 0.625 7:1.0 113:1.0 
-0.5029296875 0.625 23:1.0 93:1.0 
-0.5029296875 0.625 19:1.0 
-0.50390625 0.0 81:1.0 
-0.0 0.6259765625 98:1.0 
-100.0 100.0 103:1.0 
-100.0 0.6259765625 107:1.0 
-0.5029296875 0.6259765625 2:1.0 79:1.0 
-0.5029296875 100.0 12:1.0 
-0.0 0.6259765625 
-0.0 100.0 
-0.5029296875 0.6259765625 44:1.0 84:1.0 
-0.0 100.0 
-0.0 0.6259765625 68:1.0 
-0.0 100.0 
-0.0 100.0 
-0.0 100.0 
-0.0 100.0 
-0.5029296875 0.6259765625 21:1.0 
-0.0 100.0 
-0.0 100.0 
-0.0 100.0 
-0.0 100.0 98:1.0 
-0.0 100.0 
-0.0 100.0 
-0.0 100.0 
-0.0 100.0 
-0.0 100.0 
-0.0 100.0 
-0.0 100.0 
-0.0 100.0 
-0.0 100.0 43:1.0 
-0.0 100.0 
-0.0 100.0 113:1.0 
-0.0 100.0 
-0.0 100.0 
-100.0 0.6259765625 13:1.0 
-0.5029296875 100.0 73:1.0 
-0.5029296875 0.6259765625 2:1.0 47:1.0 
-0.0 100.0 
-0.5029296875 0.6259765625 50:1.0 71:1.0 
-0.5029296875 100.0 39:1.0 94:1.0 
-0.0 100.0 
-0.0 100.0 
-100.0 0.6259765625 81:1.0 
-0.0 100.0 
-0.0 100.0 
-0.0 100.0 114:1.0 118:1.0 127:1.0 
-0.0 100.0 
-0.0 100.0 
-0.0 100.0 
-0.0 100.0 
-0.0 100.0 
-0.0 100.0 
-0.0 100.0 
-99.9990234375 100.0 3:1.0 
-0.0 100.0 
-0.0 100.0 
-0.0 100.0 
-0.0 100.0 
-0.5029296875 0.6259765625 34:1.0 45:1.0 58:1.0 92:1.0 104:1.0 124:1.0 126:1.0 128:1.0 
-0.0 100.0 
-0.5029296875 0.6259765625 95:1.0 113:1.0 
-0.0 100.0 
-0.0 100.0 
-0.0 100.0 
-0.0 100.0 
-0.0 100.0 
-0.0 100.0 
-0.0 100.0 
-0.5029296875 0.6259765625 42:1.0 63:1.0 
-0.5029296875 0.6259765625 10:1.0 62:1.0 
-0.0 100.0 
-0.0 100.0 
-0.0 100.0 
-0.0 100.0 
-0.0 100.0 
-0.5029296875 100.0 109:1.0 
-0.0 0.6259765625 36:1.0 
-0.0 100.0 
-0.0 100.0 
-0.0 100.0 
-0.0 100.0 
-0.0 100.0 
-0.0 100.0 113:1.0 
-0.0 100.0 
-0.0 100.0 
-0.0 100.0 
-0.0 100.0 
-0.0 100.0 
-0.0 100.0 
-0.0 100.0 
-0.0 100.0 
-0.0 100.0 
-0.0 100.0 
-0.0 100.0 
-0.5029296875 0.6259765625 24:1.0 49:1.0 69:1.0 83:1.0 97:1.0 112:1.0 121:1.0 130:1.0 131:1.0 133:1.0 
-0.0 100.0 
-0.0 100.0 
-0.0 100.0 
-0.0 100.0 
-0.5029296875 0.6259765625 93:1.0 96:1.0 
-0.0 100.0 
-0.50390625 100.0 
-100.0 100.0 
-100.0 100.0 
-100.0 100.0 
-100.0 100.0 
-100.0 100.0 
-100.0 100.0 
-100.0 100.0 
-100.0 100.0 
-100.0 100.0 
-100.0 100.0 
-0.5029296875 100.0 63:1.0 
-100.0 100.0 
-100.0 100.0 
-100.0 100.0 
-100.0 100.0 
-100.0 100.0 
-100.0 100.0 
-1.0 0.0 32:1.0 
-100.0 100.0 
-100.0 100.0 
-100.0 100.0 
-0.5029296875 0.6259765625 62:1.0 73:1.0 83:1.0 109:1.0 
-100.0 100.0 
-100.0 100.0 
-100.0 100.0 
-100.0 100.0 
-100.0 100.0 
-100.0 100.0 
-0.5029296875 100.0 68:1.0 
-100.0 100.0 
-100.0 100.0 
-100.0 100.0 
-100.0 100.0 
-100.0 100.0 
-100.0 100.0 
-100.0 100.0 
-100.0 100.0 
-100.0 100.0 
-0.5029296875 0.6259765625 39:1.0 
-100.0 100.0 
-100.0 100.0 
-0.0 0.6259765625 122:1.0 
-100.0 100.0 
-100.0 100.0 
-99.9990234375 100.0 86:1.0 
-100.0 100.0 
-100.0 100.0 
-100.0 100.0 
-100.0 100.0 
-100.0 100.0 
-100.0 100.0 
-100.0 100.0 
-0.5029296875 0.6259765625 14:1.0 35:1.0 
-100.0 100.0 
-100.0 100.0 
-100.0 100.0 
-100.0 100.0 
-0.0 100.0 42:1.0 
-100.0 100.0 
-100.0 100.0 
-100.0 100.0 
-0.50390625 100.0 43:1.0 
-100.0 100.0 
-100.0 100.0 
-100.0 100.0 
-100.0 100.0 
-100.0 100.0 
-0.5029296875 0.6259765625 88:1.0 
-0.0 0.6259765625 27:1.0 
-100.0 100.0 
-100.0 100.0 
-100.0 100.0 
-100.0 100.0 
-100.0 0.6259765625 62:1.0 
-0.5029296875 0.6259765625 111:1.0 115:1.0 
-100.0 100.0 
-100.0 100.0 
-100.0 100.0 
-100.0 100.0 
-100.0 100.0 
-100.0 100.0 
-0.5029296875 0.6259765625 12:1.0 111:1.0 
-100.0 100.0 
-100.0 100.0 
-99.9990234375 100.0 13:1.0 
-100.0 100.0 
-0.5029296875 100.0 71:1.0 
-0.5029296875 0.6259765625 78:1.0 107:1.0 
-100.0 100.0 
-0.50390625 0.6259765625 89:1.0 
-100.0 100.0 
-100.0 100.0 
-100.0 100.0 
-100.0 100.0 
-100.0 0.6259765625 105:1.0 
-100.0 100.0 
-100.0 100.0 
-99.9990234375 100.0 8:1.0 
-0.5029296875 100.0 79:1.0 
-100.0 100.0 
-100.0 100.0 
-100.0 100.0 
-100.0 100.0 
-100.0 100.0 
-100.0 100.0 
-100.0 100.0 
-100.0 100.0 
-100.0 100.0 
-100.0 100.0 
-100.0 100.0 
-100.0 100.0 
-100.0 100.0 
-100.0 100.0 
-100.0 100.0 
-100.0 100.0 
-100.0 100.0 
-100.0 100.0 
-100.0 100.0 
-100.0 100.0 
-100.0 100.0 
-100.0 100.0 
-0.5029296875 100.0 31:1.0 
-0.50390625 1.0 85:1.0 
-100.0 100.0 
-100.0 100.0 
-100.0 100.0 
-100.0 100.0 
-100.0 100.0 
-0.0 1.0 50:1.0 
-100.0 100.0 
-100.0 100.0 
-100.0 100.0 
-100.0 100.0 
-100.0 100.0 
-100.0 100.0 
-100.0 100.0 
-100.0 100.0 
-100.0 100.0 
-100.0 100.0 
-100.0 100.0 
-100.0 100.0 
-100.0 100.0 
-100.0 100.0 
-0.5029296875 100.0 122:1.0 
-100.0 100.0 
-100.0 100.0 
-100.0 100.0 
-100.0 100.0 
-0.5029296875 100.0 98:1.0 
-100.0 100.0 
-100.0 100.0 
-0.5029296875 100.0 113:1.0 
-100.0 100.0 
-100.0 100.0 
-100.0 100.0 
-100.0 100.0 
-0.5029296875 0.6259765625 23:1.0 48:1.0 
-100.0 100.0 
-100.0 100.0 
-100.0 100.0 
-100.0 100.0 
-100.0 100.0 
-100.0 100.0 
-100.0 100.0 
-100.0 100.0 
-0.5029296875 0.6259765625 51:1.0 
-100.0 100.0 
-100.0 100.0 
-100.0 100.0 
-0.0 1.0 30:1.0 
-0.0 1.0 95:1.0 
-100.0 100.0 
-100.0 100.0 
-100.0 100.0 
-100.0 100.0 
-100.0 100.0 
-100.0 100.0 
-100.0 100.0 
-0.5029296875 0.6259765625 1:1.0 33:1.0 
-100.0 100.0 
-100.0 100.0 
-100.0 100.0 
-100.0 100.0 
-100.0 100.0 
-100.0 100.0 
-0.5029296875 0.6259765625 77:1.0 102:1.0 
-100.0 100.0 
-100.0 100.0 
-100.0 100.0 
-100.0 100.0 
-0.5029296875 100.0 36:1.0 
-100.0 100.0 
-0.5029296875 0.6259765625 13:1.0 50:1.0 
-100.0 100.0 
-100.0 100.0 
-100.0 100.0 
-0.0 100.0 29:1.0 
-0.5029296875 0.6259765625 94:1.0 
-100.0 100.0 
-0.5029296875 0.6259765625 29:1.0 35:1.0 
-100.0 100.0 
-100.0 100.0 
-100.0 100.0 
-0.5029296875 100.0 42:1.0 
-99.9990234375 100.0 43:1.0 
-0.5029296875 0.6259765625 28:1.0 80:1.0 
-0.5029296875 100.0 22:1.0 
-100.0 100.0 
-100.0 100.0 
-100.0 100.0 
-100.0 100.0 
-100.0 100.0 
-0.5029296875 0.6259765625 41:1.0 45:1.0 
-0.5029296875 0.6259765625 21:1.0 50:1.0 
-100.0 100.0 
-99.9990234375 99.6259765625 85:1.0 
-0.5029296875 100.0 29:1.0 
-100.0 100.0 
-0.5029296875 100.0 28:1.0 
-100.0 100.0 
-0.5029296875 100.0 53:1.0 
-100.0 100.0 
-100.0 100.0 
-100.0 100.0 
-100.0 100.0 
-0.5029296875 0.6259765625 38:1.0 108:1.0 
-100.0 100.0 
-100.0 100.0 
-100.0 100.0 
-0.5029296875 100.0 90:1.0 
-100.0 100.0 
-100.0 100.0 
-100.0 100.0 
-100.0 100.0 
-100.0 100.0 
-100.0 100.0 
-100.0 100.0 
-0.5029296875 0.6259765625 24:1.0 49:1.0 69:1.0 83:1.0 97:1.0 112:1.0 130:1.0 131:1.0 133:1.0 
-100.0 100.0 
-100.0 100.0 
-100.0 100.0 
-100.0 100.0 
-100.0 100.0 
-0.5029296875 99.6259765625 95:1.0 
-100.0 100.0 
-0.5029296875 0.6259765625 119:1.0 
-0.5029296875 0.6259765625 114:1.0 
-100.0 100.0 
-100.0 100.0 
-100.0 100.0 
-0.5029296875 0.6259765625 96:1.0 
-100.0 100.0 
-0.5029296875 0.6259765625 8:1.0 80:1.0 
-100.0 100.0 
-100.0 100.0 
-100.0 100.0 
-0.5029296875 0.6259765625 87:1.0 
-100.0 100.0 77:1.0 
-100.0 100.0 
-100.0 100.0 
-99.9990234375 100.0 81:1.0 
-100.0 100.0 
-100.0 100.0 
-100.0 100.0 
-100.0 100.0 
-100.0 100.0 
-100.0 100.0 
-100.0 100.0 
-100.0 100.0 
-100.0 100.0 
-100.0 100.0 
-100.0 100.0 
-100.0 100.0 
-0.5029296875 100.0 27:1.0 
-0.5029296875 0.6259765625 16:1.0 76:1.0 129:1.0 
-99.5029296875 0.6259765625 32:1.0 
-100.0 100.0 
-0.5029296875 0.6259765625 56:1.0 68:1.0 
-100.0 100.0 
-0.5029296875 0.6259765625 33:1.0 
-100.0 100.0 
-100.0 100.0 
-100.0 100.0 
-100.0 100.0 
-99.9990234375 100.0 89:1.0 
-100.0 100.0 
-100.0 100.0 
-0.5029296875 0.6259765625 11:1.0 
-100.0 100.0 
-0.5029296875 0.6259765625 39:1.0 59:1.0 
-100.0 0.6259765625 35:1.0 
-100.0 100.0 
-0.5029296875 0.6259765625 7:1.0 
-0.5029296875 100.0 57:1.0 
-100.0 100.0 
-100.0 100.0 
-100.0 100.0 
-99.9990234375 100.0 77:1.0 
-100.0 100.0 
-100.0 100.0 
-100.0 100.0 
-100.0 100.0 
-0.0 1.0 70:1.0 
-100.0 100.0 
-100.0 100.0 
-0.5029296875 0.6259765625 2:1.0 
-100.0 100.0 
-0.5029296875 99.6259765625 50:1.0 
-100.0 100.0 
-100.0 100.0 
-100.0 100.0 
-100.0 100.0 
-0.5029296875 0.6259765625 46:1.0 
-100.0 100.0 
-100.0 100.0 
-100.0 100.0 
-100.0 100.0 
-0.5029296875 100.0 5:1.0 
-100.0 100.0 
-100.0 100.0 
-100.0 100.0 
-0.5029296875 0.6259765625 13:1.0 111:1.0 
-100.0 100.0 
-100.0 100.0 
-0.5029296875 0.6259765625 111:1.0 
-100.0 100.0 
-100.0 100.0 
-100.0 100.0 
-100.0 100.0 
-0.5029296875 0.6259765625 33:1.0 50:1.0 
-100.0 100.0 
-100.0 100.0 
-100.0 100.0 
-100.0 100.0 
-100.0 100.0 
-100.0 100.0 
-1.0 0.0 18:1.0 
-0.5029296875 0.6259765625 16:1.0 
-100.0 100.0 
-100.0 100.0 
-100.0 100.0 
-100.0 100.0 
-100.0 100.0 
-100.0 100.0 
-100.0 100.0 
-100.0 100.0 
-100.0 100.0 
-100.0 100.0 
-100.0 100.0 
-100.0 100.0 
-0.5029296875 0.6259765625 50:1.0 79:1.0 
-100.0 100.0 
-100.0 100.0 
-100.0 100.0 
-100.0 100.0 
-100.0 100.0 
-100.0 100.0 
-100.0 100.0 
-100.0 100.0 
-100.0 100.0 
-0.5029296875 99.6259765625 70:1.0 
-100.0 100.0 
-100.0 100.0 
-100.0 100.0 
-100.0 100.0 
-100.0 100.0 
-100.0 100.0 
-100.0 100.0 
-100.0 100.0 
-0.5029296875 0.6259765625 64:1.0 77:1.0 
-100.0 100.0 
-100.0 100.0 
-100.0 100.0 
-100.0 100.0 
-100.0 100.0 
-100.0 100.0 
-100.0 100.0 
-100.0 100.0 
-100.0 100.0 
-100.0 100.0 
-100.0 100.0 
-100.0 100.0 
-100.0 100.0 
-100.0 100.0 
-100.0 100.0 
-100.0 100.0 
-100.0 100.0 
-100.0 0.0 18:1.0 
-100.0 100.0 
-100.0 100.0 
-100.0 100.0 
-100.0 100.0 
-0.5029296875 0.6259765625 106:1.0 
-100.0 100.0 
-100.0 100.0 
-100.0 100.0 
-0.5029296875 100.0 114:1.0 118:1.0 127:1.0 
-0.5029296875 0.6259765625 98:1.0 113:1.0 
-100.0 100.0 
-100.0 100.0 
-100.0 100.0 
-100.0 100.0 
-0.5029296875 0.6259765625 82:1.0 
-100.0 100.0 
-0.5029296875 100.0 44:1.0 
-0.5029296875 0.6259765625 73:1.0 102:1.0 
-0.5029296875 100.0 78:1.0 
-100.0 100.0 
-0.5029296875 0.6259765625 83:1.0 
-0.5029296875 99.6259765625 30:1.0 
-100.0 100.0 
-100.0 100.0 
-100.0 100.0 
-100.0 100.0 
-100.0 100.0 
-0.5029296875 0.6259765625 24:1.0 49:1.0 112:1.0 121:1.0 130:1.0 
-0.5029296875 0.6259765625 75:1.0 
-0.5029296875 0.6259765625 14:1.0 
-0.5029296875 0.6259765625 28:1.0 96:1.0 
-0.5029296875 0.6259765625 21:1.0 22:1.0 88:1.0 
-100.0 100.0 
-100.0 100.0 
-100.0 100.0 
-99.5029296875 0.6259765625 18:1.0 
-100.0 100.0 
-100.0 100.0 
-0.5029296875 0.6259765625 91:1.0 120:1.0 
-100.0 100.0 
-0.5029296875 0.6259765625 22:1.0 40:1.0 73:1.0 
-100.0 100.0 
-100.0 100.0 
-100.0 100.0 
-99.9990234375 100.0 
-0.5029296875 100.0 115:1.0 
-0.0 -100.0 
-0.0 -100.0 
-0.0 -100.0 
-0.0 -100.0 
-0.0 -100.0 
-0.0 -100.0 
-0.0 -100.0 
-0.0 -1.5 78:1.0 
-100.0 -1.3740234375 10:1.0 
-0.0 -100.0 
-0.0 -100.0 
-0.0 -100.0 
-0.0 -100.0 
-0.0 -100.0 
-0.0 -100.0 
-0.0 -100.0 
-100.0 -1.3740234375 48:1.0 
-0.0 -100.0 
-0.0 -100.0 
-0.0 -100.0 
-0.0 -100.0 
-0.0 -100.0 
-0.7666015625 -100.0 117:1.0 
-100.0 -1.3740234375 17:1.0 
-0.0 -100.0 
-0.0 -100.0 42:1.0 
-0.0 -100.0 
-0.0 -100.0 
-0.0 -100.0 
-0.0 -100.0 
-0.0 -100.0 
-0.0 -100.0 
-0.0 -100.0 
-0.0 -100.0 
-0.7666015625 -100.0 3:1.0 
-0.0 -100.0 
-0.0 -100.0 
-0.0 -100.0 
-0.0 -100.0 
-0.0 -100.0 
-0.7666015625 -100.0 122:1.0 
-0.7666015625 -1.3740234375 13:1.0 75:1.0 
-0.0 -100.0 
-0.0 -0.1240234375 60:1.0 
-0.0 -100.0 
-0.0 -100.0 
-0.0 -100.0 
-0.0 -100.0 
-0.0 -100.0 
-0.0 -100.0 
-100.0 -100.0 89:1.0 
-0.0 -100.0 
-0.0 -100.0 
-0.0 -100.0 
-0.0 -100.0 
-0.7666015625 -1.3740234375 101:1.0 105:1.0 
-0.0 -100.0 
-0.0 -100.0 
-0.0 -100.0 
-0.0 -100.0 
-0.0 -0.1240234375 79:1.0 
-0.0 -100.0 
-0.0 -100.0 
-0.0 -100.0 
-0.0 -100.0 
-0.0 -100.0 
-0.0 -9.765625E-4 109:1.0 
-0.0 -100.0 
-0.0 -100.0 
-0.0 -100.0 
-0.0 -100.0 
-100.0 -100.0 3:1.0 
-0.0 -100.0 
-0.0 -100.0 
-0.0 -100.0 
-0.0 -100.0 
-0.0 -100.0 
-0.0 -100.0 
-0.0 -100.0 
-0.0 -1.3740234375 9:1.0 
-0.7666015625 -100.0 90:1.0 
-0.0 -100.0 
-0.0 -100.0 
-0.0 -100.0 
-0.0 -100.0 
-0.0 -100.0 
-0.0 -100.0 
-0.0 -100.0 98:1.0 
-0.7666015625 -100.0 
-100.0 -100.0 
-100.0 -100.0 
-100.0 -100.0 
-0.0 -100.0 29:1.0 
-100.0 -100.0 
-0.7666015625 -1.3740234375 5:1.0 6:1.0 
-100.0 -100.0 
-0.0 -1.3740234375 56:1.0 
-0.7666015625 -1.3740234375 34:1.0 
-100.0 -100.0 
-100.0 -100.0 
-100.0 -100.0 
-0.7666015625 -1.3740234375 16:1.0 19:1.0 71:1.0 
-100.0 -100.0 
-100.0 -100.0 
-100.0 -100.0 
-100.0 -100.0 
-0.7666015625 -100.0 63:1.0 
-100.0 -100.0 
-100.0 -100.0 
-100.0 -100.0 
-100.0 -100.0 
-100.0 -100.0 
-100.0 -100.0 
-0.7666015625 -1.3740234375 14:1.0 35:1.0 71:1.0 
-100.0 -100.0 
-100.0 -100.0 
-100.0 -100.0 
-100.0 -100.0 
-0.0 -0.3740234375 47:1.0 
-0.7666015625 -100.0 98:1.0 
-0.7666015625 -100.0 30:1.0 
-100.0 -100.0 
-100.0 -100.0 8:1.0 
-100.0 -100.0 
-100.0 -100.0 
-100.0 -100.0 
-100.0 -100.0 
-100.0 -100.0 
-100.0 -100.0 
-1.0 -100.0 86:1.0 
-100.0 -100.0 
-100.0 -100.0 
-100.0 -100.0 
-100.0 -100.0 
-100.0 -100.0 
-0.7666015625 -100.0 29:1.0 
-100.0 -100.0 
-100.0 -100.0 
-100.0 -100.0 
-100.0 -100.0 
-0.7666015625 -1.3740234375 28:1.0 101:1.0 
-100.0 -100.0 
-100.0 -100.0 
-100.0 -100.0 103:1.0 
-100.0 -100.0 
-100.0 -100.0 
-0.7666015625 -100.0 28:1.0 
-100.0 -100.0 
-0.0 -1.0 47:1.0 
-100.0 -100.0 
-100.0 -100.0 
-100.0 -100.0 
-100.0 -100.0 
-0.767578125 -100.0 44:1.0 
-100.0 -100.0 
-100.0 -100.0 
-100.0 -100.0 
-100.0 -100.0 
-100.0 -100.0 
-100.0 -100.0 
-0.7666015625 -100.0 57:1.0 
-0.0 -100.0 31:1.0 
-100.0 -100.0 
-0.7666015625 -1.3740234375 59:1.0 
-100.0 -100.0 
-100.0 -100.0 
-100.0 -100.0 
-0.7666015625 -1.3740234375 19:1.0 84:1.0 
-100.0 -100.0 
-100.0 -100.0 
-0.0 -0.1240234375 20:1.0 45:1.0 125:1.0 
-100.0 -100.0 
-0.0 -0.1240234375 77:1.0 
-100.0 -100.0 
-100.0 -100.0 
-100.0 -100.0 
-100.0 -100.0 
-0.7666015625 -1.3740234375 5:1.0 88:1.0 
-100.0 -100.0 
-100.0 -100.0 
-100.0 -1.3740234375 37:1.0 
-100.0 -100.0 
-0.0 -0.1240234375 93:1.0 
-100.0 -100.0 
-0.0 -1.25 77:1.0 
-100.0 -100.0 
-100.0 -100.0 
-100.0 -100.0 
-100.0 -100.0 
-100.0 -100.0 
-0.0 -1.25 79:1.0 
-100.0 -100.0 
-100.0 -100.0 
-100.0 -100.0 
-100.0 -100.0 
-100.0 -100.0 
-100.0 -100.0 
-0.0 -100.0 114:1.0 118:1.0 127:1.0 
-0.7666015625 -1.3740234375 29:1.0 37:1.0 108:1.0 
-0.0 -99.8740234375 78:1.0 
-100.0 -100.0 
-100.0 -100.0 
-0.7666015625 -100.0 50:1.0 
-100.0 -100.0 
-0.0 -100.0 43:1.0 
-100.0 -100.0 
-100.0 -100.0 
-100.0 -100.0 
-100.0 -100.0 
-100.0 -100.0 
-100.0 -100.0 
-100.0 -1.3740234375 15:1.0 67:1.0 
-100.0 -100.0 
-0.7666015625 -1.3740234375 9:1.0 59:1.0 113:1.0 115:1.0 
-100.0 -100.0 
-100.0 -100.0 
-100.0 -100.0 
-100.0 -100.0 
-100.0 -100.0 
-100.0 -100.0 
-100.0 -100.0 
-100.0 -100.0 
-100.0 -100.0 
-100.0 -100.0 
-100.0 -100.0 
-100.0 -100.0 
-100.0 -100.0 
-100.0 -100.0 
-100.0 -100.0 
-100.0 -100.0 
-100.0 -100.0 
-0.7666015625 -100.0 53:1.0 
-100.0 -100.0 
-100.0 -100.0 
-100.0 -100.0 
-100.0 -100.0 
-0.7666015625 -100.0 31:1.0 
-0.7666015625 -100.0 95:1.0 
-100.0 -100.0 
-100.0 -100.0 
-100.0 -100.0 
-100.0 -100.0 
-100.0 -100.0 
-100.0 -100.0 
-100.0 -100.0 
-100.0 -100.0 
-0.7666015625 -100.0 56:1.0 
-0.7666015625 -1.3740234375 29:1.0 115:1.0 
-100.0 -100.0 
-100.0 -100.0 
-100.0 -100.0 
-100.0 -100.0 
-100.0 -100.0 
-0.7666015625 -1.3740234375 48:1.0 71:1.0 
-1.0 -100.0 43:1.0 
-100.0 -100.0 
-1.0 -100.0 47:1.0 
-100.0 -100.0 
-100.0 -100.0 
-100.0 -100.0 
-100.0 -1.3740234375 64:1.0 
-100.0 -100.0 
-0.7666015625 -100.0 9:1.0 
-100.0 -100.0 
-100.0 -100.0 
-100.0 -100.0 
-100.0 -1.3740234375 1:1.0 
-100.0 -100.0 
-100.0 -100.0 
-100.0 -100.0 
-100.0 -100.0 
-100.0 -100.0 
-100.0 -100.0 
-100.0 -100.0 
-100.0 -100.0 
-100.0 -100.0 
-100.0 -100.0 
-100.0 -100.0 
-100.0 -100.0 
-100.0 -100.0 
-100.0 -100.0 
-100.0 -100.0 
-100.0 -100.0 
-100.0 -100.0 
-0.0 -100.0 113:1.0 
-100.0 -100.0 
-100.0 -100.0 
-100.0 -100.0 
-100.0 -1.3740234375 4:1.0 
-100.0 -100.0 
-100.0 -100.0 
-0.7666015625 -100.0 12:1.0 
-100.0 -100.0 
-100.0 -100.0 
-0.7666015625 -1.3740234375 10:1.0 55:1.0 
-0.0 -100.0 113:1.0 
-100.0 -100.0 
-100.0 -100.0 
-100.0 -100.0 
-100.0 -100.0 
-100.0 -100.0 
-100.0 -100.0 
-100.0 -100.0 
-100.0 -100.0 
-100.0 -100.0 
-100.0 -100.0 
-100.0 -1.3740234375 54:1.0 
-100.0 -100.0 85:1.0 
-0.7666015625 -100.0 78:1.0 
-100.0 -100.0 
-99.7666015625 -100.0 43:1.0 
-0.7666015625 -1.3740234375 16:1.0 26:1.0 76:1.0 99:1.0 129:1.0 132:1.0 
-0.7666015625 -1.25 93:1.0 
-100.0 -100.0 
-100.0 -100.0 
-100.0 -100.0 
-100.0 -100.0 
-100.0 -100.0 
-100.0 -100.0 
-0.7666015625 -100.0 79:1.0 
-100.0 -100.0 
-0.7666015625 -100.0 11:1.0 117:1.0 
-100.0 -100.0 
-0.7666015625 -1.3740234375 80:1.0 
-100.0 -100.0 
-100.0 -100.0 
-100.0 -100.0 
-100.0 -100.0 
-0.7666015625 -1.25 60:1.0 
-100.0 -100.0 
-0.7666015625 -100.0 47:1.0 60:1.0 
-0.7666015625 -100.0 36:1.0 
-100.0 -100.0 
-100.0 -100.0 
-100.0 -100.0 
-100.0 -100.0 
-100.0 -100.0 
-100.0 -100.0 
-100.0 -100.0 
-100.0 -100.0 
-100.0 -100.0 
-100.0 -100.0 
-100.0 -100.0 
-0.7666015625 -100.0 22:1.0 
-100.0 -100.0 
-100.0 -100.0 
-0.7666015625 -1.25 20:1.0 45:1.0 125:1.0 
-100.0 -100.0 
-100.0 -100.0 
-100.0 -100.0 
-100.0 -100.0 
-100.0 -1.3740234375 101:1.0 
-0.7666015625 -100.0 114:1.0 118:1.0 127:1.0 
-100.0 -100.0 
-100.0 -100.0 
-100.0 -100.0 
-100.0 -100.0 
-100.0 -100.0 
-100.0 -100.0 
-100.0 -100.0 
-1.0 -100.0 77:1.0 
-0.7666015625 -1.3740234375 54:1.0 61:1.0 110:1.0 
-100.0 -100.0 
-100.0 -100.0 
-100.0 -100.0 
-0.7666015625 -100.0 5:1.0 
-0.7666015625 -1.3740234375 16:1.0 19:1.0 
-100.0 -100.0 
-0.7666015625 -1.3740234375 54:1.0 95:1.0 
-99.7666015625 -100.0 86:1.0 
-100.0 -100.0 
-99.7666015625 -100.0 47:1.0 
-100.0 -100.0 
-100.0 -100.0 
-100.0 -100.0 
-0.7666015625 -1.3740234375 65:1.0 
-100.0 -100.0 
-100.0 -100.0 
-100.0 -100.0 
-100.0 -100.0 
-100.0 -100.0 
-100.0 -100.0 45:1.0 
-100.0 -100.0 
-100.0 -100.0 
-100.0 -100.0 
-100.0 -100.0 
-100.0 -100.0 
-100.0 -100.0 
-100.0 -100.0 
-100.0 -100.0 
-100.0 -100.0 
-100.0 -100.0 
-100.0 -100.0 
-100.0 -100.0 
-0.7666015625 -1.3740234375 2:1.0 91:1.0 
-100.0 -100.0 
-100.0 -100.0 
-0.0 -1.373046875 109:1.0 
-0.7666015625 -1.3740234375 60:1.0 72:1.0 
-100.0 -100.0 
-0.7666015625 -100.0 68:1.0 
-0.7666015625 -100.0 39:1.0 94:1.0 
-100.0 -100.0 
-100.0 -100.0 
-100.0 -100.0 
-100.0 -100.0 
-100.0 -100.0 
-100.0 -100.0 
-100.0 -100.0 
-100.0 -100.0 
-100.0 -100.0 
-100.0 -100.0 
-100.0 -100.0 
-100.0 -100.0 
-1.0 -0.0 74:1.0 
-0.7666015625 -100.0 73:1.0 
-100.0 -100.0 
-100.0 -100.0 
-100.0 -100.0 
-100.0 -100.0 
-100.0 -100.0 
-100.0 -100.0 
-100.0 -100.0 
-100.0 -100.0 
-100.0 -100.0 8:1.0 
-100.0 -100.0 
-100.0 -100.0 
-100.0 -100.0 
-100.0 -100.0 
-100.0 -100.0 
-100.0 -100.0 77:1.0 
-100.0 -100.0 
-100.0 -100.0 
-100.0 -100.0 
-100.0 -100.0 
-100.0 -100.0 
-100.0 -100.0 
-0.7666015625 -1.3740234375 25:1.0 65:1.0 
-0.7666015625 -100.0 70:1.0 
-100.0 -100.0 
-99.7666015625 -1.3740234375 74:1.0 
-100.0 -100.0 
-100.0 -100.0 
-100.0 -100.0 
-100.0 -100.0 
-100.0 -100.0 
-100.0 -100.0 
-100.0 -100.0 
-100.0 -100.0 
-0.0 -1.3740234375 23:1.0 
-100.0 -100.0 
-100.0 -100.0 
-100.0 -100.0 
-100.0 -100.0 
-100.0 -100.0 13:1.0 
-100.0 -100.0 
-0.7666015625 -100.0 115:1.0 
-100.0 -100.0 
-100.0 -100.0 
-100.0 -100.0 
-100.0 -100.0 
-0.7666015625 -1.3740234375 26:1.0 99:1.0 132:1.0 
-100.0 -100.0 
-99.7666015625 -100.0 77:1.0 
-100.0 -100.0 
-100.0 -100.0 
-100.0 -100.0 
-100.0 -100.0 
-100.0 -100.0 
-100.0 -100.0 
-100.0 -100.0 
-100.0 -100.0 
-100.0 -100.0 
-100.0 -100.0 
-100.0 -100.0 
-100.0 -100.0 
-100.0 -100.0 
-100.0 -100.0 
-100.0 -100.0 
-100.0 -100.0 
-100.0 -100.0 
-100.0 -100.0 
-0.7666015625 -100.0 42:1.0 
-100.0 -100.0 
-100.0 -100.0 
-100.0 -100.0 
-100.0 -100.0 
-100.0 -100.0 
-100.0 -100.0 
-0.7666015625 -100.0 23:1.0 
-100.0 -100.0 
-0.7666015625 -100.0 27:1.0 
-100.0 -100.0 
-0.7666015625 -1.375 38:1.0 
-100.0 -100.0 
-100.0 -100.0 
-100.0 -100.0 
-0.7666015625 -100.0 71:1.0 
-0.7666015625 -1.375 15:1.0 
-100.0 -100.0 
-100.0 -100.0 
-100.0 -100.0 
-100.0 -100.0 
-0.0 -100.0 109:1.0 
-100.0 -100.0 
-0.7666015625 -100.0 113:1.0 
-0.7666015625 -100.0 109:1.0 
-100.0 -1.375 20:1.0 45:1.0 58:1.0 92:1.0 104:1.0 124:1.0 125:1.0 126:1.0 128:1.0 
-100.0 -100.0 
-0.7666015625 -1.375 40:1.0 73:1.0 94:1.0 
-100.0 -100.0 
-100.0 -100.0 
-100.0 -100.0 
-100.0 -100.0 
-100.0 -100.0 
-100.0 -100.0 81:1.0 
-100.0 -100.0 
-100.0 -100.0 
-100.0 -100.0 
-100.0 -100.0 
-100.0 -100.0 
-100.0 -100.0 
-100.0 -100.0 
-100.0 -100.0 
-100.0 -100.0 
