svm_type c_svc
kernel_type linear
nr_class 3
total_sv 1592
rho 0.9999654816205479 0.9597670660742966 -0.9996291425445964
label 2 0 1
nr_sv 419 636 537
SV
0.1 0.1 
0.1 0.1 271:1.0 
0.1 0.1 
0.1 0.040527065527065545 64:1.0 125:1.0 182:1.0 261:1.0 283:1.0 292:1.0 
0.1 0.1 
0.1 0.1 99:1.0 204:1.0 
0.1 0.1 
0.1 0.1 
0.1 0.1 
0.1 0.1 
0.1 0.1 
0.1 0.1 
0.1 0.1 
0.1 0.1 
0.1 0.1 
0.1 0.1 33:1.0 115:1.0 226:1.0 258:1.0 
0.1 0.1 243:1.0 
0.1 0.1 
0.1 0.1 
0.1 0.1 
0.1 0.1 
0.1 0.1 
0.1 0.1 151:1.0 
0.1 0.1 
0.1 0.1 
0.1 0.1 47:1.0 
0.1 0.1 
0.1 0.1 
0.1 0.1 205:1.0 
0.1 0.1 
0.1 0.1 
0.1 0.1 
0.1 0.1 
0.1 0.1 
0.1 0.1 
0.1 0.1 159:1.0 177:1.0 
0.1 0.1 
0.1 0.1 77:1.0 
0.1 0.1 
0.1 0.1 
0.1 0.1 13:1.0 23:1.0 54:1.0 
0.1 0.1 
0.1 0.09654520165141077 64:1.0 125:1.0 182:1.0 261:1.0 283:1.0 292:1.0 
0.1 0.1 
0.1 0.1 
0.1 0.1 
0.1 0.1 
0.1 0.1 
0.1 0.1 
0.1 0.1 
0.1 0.1 
0.1 0.1 
0.1 0.1 204:1.0 
0.1 0.1 
0.1 0.1 
0.1 0.1 
0.1 0.1 40:1.0 
0.1 0.1 
0.1 0.1 
0.1 0.1 
0.1 0.1 90:1.0 
0.1 0.1 72:1.0 92:1.0 195:1.0 278:1.0 306:1.0 
0.1 0.1 
0.1 0.1 
0.1 0.1 
0.1 0.1 74:1.0 96:1.0 
0.1 0.1 141:1.0 
0.1 0.1 99:1.0 
0.1 0.1 
0.1 0.1 
0.0435481670461599 0.08741445343569529 27:1.0 64:1.0 104:1.0 182:1.0 225:1.0 261:1.0 283:1.0 290:1.0 292:1.0 299:1.0 
0.1 0.1 15:1.0 125:1.0 
0.1 0.1 
0.1 0.1 
0.1 0.1 
0.1 0.1 15:1.0 19:1.0 
0.1 0.1 
0.1 0.1 139:1.0 
0.1 0.1 
0.1 0.1 
0.1 0.1 
0.1 0.1 
0.1 0.1 
0.1 0.1 
0.1 0.1 
0.1 0.1 
0.1 0.1 
0.1 0.1 
0.1 0.1 
0.1 0.1 230:1.0 
0.1 0.1 74:1.0 258:1.0 
0.1 0.1 266:1.0 
0.1 0.1 27:1.0 64:1.0 104:1.0 182:1.0 261:1.0 283:1.0 290:1.0 292:1.0 299:1.0 
0.1 0.1 
0.1 0.1 266:1.0 
0.1 0.1 
0.1 0.1 
0.1 0.1 13:1.0 103:1.0 
0.1 0.1 12:1.0 
0.1 0.1 19:1.0 
0.1 0.1 
0.1 0.1 219:1.0 
0.1 0.1 
0.1 0.1 74:1.0 
0.1 0.1 
0.1 0.1 
0.1 0.1 
0.1 0.1 90:1.0 
0.1 0.1 
0.1 0.1 
0.1 0.1 
0.1 0.1 
0.1 0.1 
0.1 0.1 
0.1 0.1 
0.1 0.1 150:1.0 168:1.0 
0.1 0.1 64:1.0 
0.1 0.1 
0.1 0.1 
0.1 0.1 
0.1 0.1 
0.1 0.1 125:1.0 
0.1 0.1 
0.1 0.1 
0.1 0.1 
0.1 0.1 22:1.0 60:1.0 
0.1 0.1 
0.1 0.1 
0.1 0.1 
0.1 0.1 224:1.0 
0.1 0.1 
0.1 0.1 
0.1 0.1 45:1.0 
0.1 0.1 
0.1 0.1 
0.1 0.1 25:1.0 
0.1 0.1 
0.1 0.1 
0.1 0.1 
0.1 0.1 
0.1 0.1 
0.1 0.1 
0.1 0.1 86:1.0 109:1.0 242:1.0 300:1.0 305:1.0 
0.1 0.1 244:1.0 
0.1 0.1 
0.1 0.1 
0.1 0.1 
0.1 0.1 
0.1 0.1 
0.1 0.1 
0.1 0.1 
0.1 0.1 
0.1 0.1 
0.1 0.1 
0.1 0.1 66:1.0 258:1.0 
0.1 0.1 
0.1 0.1 
0.1 0.1 
0.1 0.1 
0.1 0.1 8:1.0 9:1.0 
0.1 0.1 231:1.0 
0.1 0.1 8:1.0 9:1.0 189:1.0 
0.1 0.1 191:1.0 
0.1 0.1 
0.1 0.1 15:1.0 
0.1 0.1 70:1.0 
0.1 0.1 83:1.0 84:1.0 
0.1 0.1 147:1.0 211:1.0 298:1.0 
0.1 0.1 105:1.0 117:1.0 
0.1 0.1 191:1.0 
0.1 0.1 89:1.0 162:1.0 231:1.0 
0.1 0.1 
0.1 0.1 
0.1 0.1 184:1.0 
0.1 0.1 159:1.0 
0.1 0.1 264:1.0 
0.1 0.1 151:1.0 
0.1 0.1 89:1.0 
0.1 0.1 
0.1 0.1 
0.1 0.1 
0.1 0.1 30:1.0 89:1.0 
0.1 0.1 
0.1 0.1 
0.1 0.1 
0.1 0.1 
0.1 0.1 143:1.0 182:1.0 225:1.0 261:1.0 283:1.0 
0.1 0.1 132:1.0 
0.1 0.1 
0.1 0.1 153:1.0 
0.1 0.1 
0.1 0.1 
0.1 0.1 
0.1 0.1 
0.1 0.1 
0.1 0.1 
0.1 0.1 171:1.0 
0.1 0.1 
0.1 0.1 229:1.0 
0.1 0.1 
0.1 0.1 
0.1 0.1 143:1.0 
0.1 0.1 
0.1 0.1 
0.1 0.1 
0.1 0.1 246:1.0 
0.1 0.1 
0.1 0.1 
0.1 0.1 
0.1 0.1 97:1.0 
0.1 0.1 258:1.0 
0.1 0.1 22:1.0 115:1.0 
0.1 0.1 
0.1 0.1 182:1.0 
0.1 0.1 
0.1 0.1 74:1.0 
0.1 0.1 
0.1 0.1 
0.1 0.1 145:1.0 
0.1 0.1 
0.1 0.1 143:1.0 
0.1 0.1 
0.1 0.1 
0.1 0.1 204:1.0 
0.1 0.1 
0.1 0.1 260:1.0 
0.1 0.1 
0.1 0.1 211:1.0 
0.1 0.1 
0.1 0.1 56:1.0 
0.1 0.1 
0.1 0.1 
0.1 0.1 131:1.0 239:1.0 
0.1 0.1 
0.1 0.1 
0.1 0.1 96:1.0 171:1.0 
0.1 0.1 141:1.0 
0.1 0.1 
0.1 0.1 64:1.0 103:1.0 104:1.0 130:1.0 282:1.0 290:1.0 297:1.0 
0.1 0.1 
0.1 0.1 
0.1 0.1 13:1.0 23:1.0 54:1.0 64:1.0 130:1.0 282:1.0 
0.1 0.1 56:1.0 176:1.0 
0.1 0.1 
0.1 0.1 
0.1 0.1 
0.1 0.1 175:1.0 182:1.0 
0.1 0.1 
0.1 0.1 176:1.0 
0.1 0.1 260:1.0 
0.1 0.1 
0.1 0.1 
0.1 0.1 
0.1 0.1 
0.1 0.1 
0.1 0.1 231:1.0 
0.1 0.1 
0.1 0.1 
0.1 0.1 
0.1 0.1 
0.1 0.1 
0.1 0.1 86:1.0 109:1.0 242:1.0 300:1.0 305:1.0 
0.1 0.1 
0.1 0.1 103:1.0 
0.1 0.1 
0.1 0.1 
0.1 0.1 208:1.0 
0.1 0.1 
0.1 0.1 
0.1 0.1 
0.1 0.1 
0.1 0.1 168:1.0 
0.1 0.1 24:1.0 60:1.0 
0.1 0.1 
0.1 0.1 
0.1 0.1 24:1.0 
0.1 0.1 24:1.0 
0.1 0.1 
0.1 0.1 
0.1 0.1 
0.1 0.1 
0.1 0.1 
0.1 0.1 
0.1 0.1 
0.1 0.1 260:1.0 
0.1 0.1 
0.1 0.1 
0.1 0.1 
0.1 0.1 
0.1 0.1 60:1.0 114:1.0 
0.1 0.1 
0.1 0.1 
0.1 0.1 
0.1 0.1 
0.1 0.1 
0.1 0.1 
0.1 0.1 264:1.0 
0.1 0.1 260:1.0 
0.1 0.1 126:1.0 
0.1 0.1 
0.1 0.1 28:1.0 258:1.0 
0.1 0.1 
0.1 0.1 
0.1 0.1 78:1.0 
0.1 0.1 
0.1 0.1 
0.1 0.1 22:1.0 90:1.0 115:1.0 
0.1 0.1 
0.1 0.1 
0.1 0.1 
0.1 0.1 
0.1 0.1 144:1.0 
0.1 0.1 
0.1 0.1 
0.1 0.1 
0.1 0.1 
0.1 0.1 
0.1 0.1 
0.1 0.1 204:1.0 226:1.0 
0.1 0.1 
0.1 0.1 
0.1 0.1 60:1.0 233:1.0 
0.1 0.1 256:1.0 307:1.0 
0.1 0.1 
0.1 0.1 246:1.0 
0.1 0.1 
0.1 0.1 
0.1 0.1 
0.1 0.1 207:1.0 
0.1 0.1 
0.1 0.1 72:1.0 92:1.0 195:1.0 278:1.0 306:1.0 
0.1 0.1 18:1.0 
0.1 0.1 178:1.0 
0.1 0.1 117:1.0 
0.1 0.1 
0.1 0.1 
0.1 0.1 
0.1 0.1 
0.1 0.1 96:1.0 
0.1 0.1 
0.1 0.1 258:1.0 
0.1 0.1 
0.1 0.1 
0.1 0.1 
0.1 0.1 
0.1 0.1 
0.1 0.1 
0.1 0.1 
0.1 0.1 
0.1 0.1 
0.1 0.1 
0.1 0.1 
0.1 0.1 
0.1 0.1 72:1.0 92:1.0 195:1.0 278:1.0 306:1.0 
0.1 0.1 
0.1 0.1 
0.1 0.1 
0.1 0.1 
0.1 0.1 
0.1 0.1 
0.1 0.1 
0.1 0.1 
0.1 0.1 
0.1 0.1 
0.1 0.1 
0.1 0.1 54:1.0 
0.1 0.1 3:1.0 
0.1 0.1 
0.1 0.1 
0.1 0.1 30:1.0 
0.1 0.1 
0.1 0.1 
0.1 0.1 
0.1 0.1 
0.1 0.1 
0.1 0.1 
0.1 0.1 
0.1 0.1 
0.1 0.1 67:1.0 147:1.0 
0.1 0.1 
0.1 0.1 
0.1 0.1 271:1.0 
0.1 0.1 47:1.0 
0.1 0.1 
0.1 0.1 142:1.0 
0.1 0.1 
0.1 0.1 
0.1 0.1 
0.1 0.1 
0.1 0.1 
0.1 0.1 
0.1 0.1 
0.1 0.1 
0.1 0.1 
0.1 0.1 
0.1 0.1 67:1.0 
0.1 0.1 
0.1 0.1 
0.1 0.1 
0.1 0.1 87:1.0 
0.1 0.1 
0.1 0.1 
0.1 0.1 102:1.0 
0.1 0.1 
0.1 0.1 147:1.0 211:1.0 298:1.0 
0.1 0.1 
0.1 0.1 
0.1 0.1 
0.1 0.1 
0.1 0.1 222:1.0 
0.1 0.1 
0.1 0.1 
0.1 0.1 
0.1 0.1 
0.1 0.1 3:1.0 
0.1 0.1 
0.1 0.1 
0.1 0.1 
0.1 0.1 
-0.1 0.1 83:1.0 
-0.0 0.1 184:1.0 259:1.0 
-0.1 0.1 99:1.0 
-0.0 0.1 194:1.0 
-0.0 0.05000000000000002 136:1.0 183:1.0 
-0.1 0.0 233:1.0 
-0.1 0.0 8:1.0 
-0.1 0.0 19:1.0 151:1.0 
-0.0 0.08704547687625212 6:1.0 88:1.0 192:1.0 269:1.0 
-0.0 0.1 61:1.0 139:1.0 234:1.0 
-0.0 0.1 257:1.0 265:1.0 
-0.0 0.1 62:1.0 
-0.0 0.1 184:1.0 203:1.0 252:1.0 
-0.0 0.062466188707286104 38:1.0 73:1.0 
-0.0 0.1 193:1.0 
-0.0707070707070707 0.07777777777777778 27:1.0 50:1.0 182:1.0 299:1.0 304:1.0 
-0.1 0.0 117:1.0 
-0.1 0.0 226:1.0 
-0.1 0.0 168:1.0 
-0.0 0.1 2:1.0 
-0.0 0.1 140:1.0 223:1.0 
-0.0 0.1 16:1.0 
-0.1 0.024053879502270486 64:1.0 103:1.0 130:1.0 189:1.0 282:1.0 297:1.0 
-0.1 0.1 87:1.0 
-0.0 0.1 196:1.0 
-0.022301149331131642 0.1 143:1.0 267:1.0 
-0.07284594518666551 0.08636267236920375 27:1.0 50:1.0 182:1.0 299:1.0 304:1.0 
-0.05012251609732178 0.05000000000000002 150:1.0 218:1.0 
-0.0 0.1 73:1.0 
-0.1 0.0 125:1.0 
-0.1 0.1 182:1.0 
-0.1 0.1 30:1.0 230:1.0 
-0.0 0.1 129:1.0 
-0.0 0.1 157:1.0 
-0.1 0.0 143:1.0 
-0.0 0.1 164:1.0 
-0.0 0.08880090698853994 
-0.0 0.1 
-0.0 0.1 
-0.0 0.1 
-0.0 0.1 
-0.0 0.1 
-0.0 0.1 
-0.0 0.1 
-0.0 0.1 
-0.1 0.05001367207427813 15:1.0 34:1.0 175:1.0 
-0.0 0.007743571428571383 21:1.0 
-0.0 0.1 
-0.0 0.1 
-0.0 0.1 
-0.0 0.09981376036089255 121:1.0 198:1.0 
-0.0 0.1 
-0.0 0.1 
-0.0 0.1 
-0.0 0.1 
-0.0 0.1 
-0.0 0.1 
-0.0 0.025000000000000022 133:1.0 
-0.0 0.1 
-0.1 0.1 28:1.0 
-0.0 0.1 118:1.0 
-0.0 0.1 
-0.0 0.001546519129234667 49:1.0 122:1.0 
-0.0 0.1 
-0.0 0.1 73:1.0 149:1.0 228:1.0 284:1.0 
-0.1 0.0 67:1.0 114:1.0 
-0.1 0.1 204:1.0 
-0.0 0.1 
-0.0 0.1 
-0.0 0.1 
-0.0 0.1 20:1.0 129:1.0 
-0.0 0.1 
-0.0 0.1 
-0.0 0.1 
-0.0 0.1 
-0.0 0.1 
-0.0 0.1 
-0.0 0.1 
-0.0 5.776012848019985E-4 214:1.0 
-0.0 0.1 
-0.0 0.1 
-0.1 3.906249999999778E-4 246:1.0 
-0.0 0.1 
-0.0 0.04999999999999999 237:1.0 
-0.1 0.07867857142857149 141:1.0 
-0.0 0.04999999999999999 248:1.0 
-0.0 0.1 
-0.0 0.1 
-0.0 0.1 
-0.0 0.1 
-0.0 0.1 
-0.0 0.1 
-0.0 0.1 
-0.0 0.1 
-0.0 0.1 
-0.0 0.1 
-0.0 0.1 
-0.0 8.263314055247939E-4 179:1.0 
-0.0 0.1 
-0.0 0.1 
-0.0 0.1 
-0.0 0.1 
-0.0 9.155951064115583E-5 51:1.0 65:1.0 199:1.0 
-0.0 0.1 231:1.0 
-0.0 0.1 
-0.0 0.004222265642996522 38:1.0 49:1.0 73:1.0 236:1.0 
-0.0 0.1 
-0.1 1.1017752073662335E-4 86:1.0 109:1.0 242:1.0 300:1.0 305:1.0 
-0.0 0.1 
-0.0 0.1 85:1.0 
-0.1 0.1 184:1.0 
-0.0 0.1 
-0.0 0.1 
-0.0 0.1 
-0.0 0.1 
-0.0 0.08609266166960626 155:1.0 270:1.0 
-0.0 0.1 
-0.07072231650906406 0.1 
-0.1 0.1 
-0.1 0.1 
-0.1 0.1 
-0.1 0.1 
-0.0 0.1 66:1.0 106:1.0 157:1.0 
-0.1 0.1 
-0.1 0.1 
-0.1 4.2623403154139276E-4 159:1.0 
-0.1 0.1 
-0.1 0.1 
-0.0 0.1 26:1.0 69:1.0 
-0.1 0.0 90:1.0 
-0.1 0.1 
-0.1 0.1 
-0.1 0.1 
-0.1 0.1 260:1.0 
-0.1 0.1 
-0.1 0.1 
-0.1 0.0 117:1.0 
-0.0023653981578818243 0.0 29:1.0 91:1.0 120:1.0 131:1.0 167:1.0 185:1.0 216:1.0 235:1.0 253:1.0 285:1.0 291:1.0 294:1.0 301:1.0 309:1.0 312:1.0 
-0.0 0.03853708994708995 138:1.0 227:1.0 232:1.0 
-0.1 0.1 
-0.1 0.1 
-0.1 0.1 
-0.1 0.1 
-0.0 0.09262216096774306 21:1.0 
-0.1 0.1 
-0.1 0.1 
-0.1 0.1 
-0.03339690544091924 0.030755387438961394 179:1.0 227:1.0 243:1.0 
-0.0 3.9062500000006106E-4 238:1.0 
-0.1 0.0 145:1.0 
-0.1 0.1 
-0.1 0.1 
-0.1 0.1 
-0.1 0.1 
-0.0 0.09510434915476515 255:1.0 
-0.1 0.1 
-0.1 0.1 
-0.1 0.1 
-0.1 0.1 
-0.1 0.1 
-0.1 0.1 
-0.1 0.1 
-0.1 0.1 
-0.0 0.1 176:1.0 
-0.1 0.1 
-0.0 0.09954545708509104 269:1.0 
-0.1 0.1 
-0.1 0.1 
-0.02226239669421487 0.0 143:1.0 215:1.0 
-0.0 0.007290154659449146 75:1.0 
-0.0 0.1 138:1.0 184:1.0 
-0.1 0.1 
-0.0 0.06684604445950504 59:1.0 73:1.0 
-0.1 0.1 
-0.1 0.1 
-0.1 0.1 90:1.0 
-0.0 0.07540390093984208 133:1.0 
-0.0 0.1 37:1.0 
-0.0 0.1 122:1.0 273:1.0 280:1.0 
-0.1 0.1 
-0.1 0.1 
-0.1 0.1 
-0.1 0.1 
-0.0 3.906249999999778E-4 249:1.0 
-0.1 0.1 
-0.1 0.1 139:1.0 
-0.1 0.1 
-0.1 0.1 
-0.1 0.0796417876244862 46:1.0 64:1.0 104:1.0 166:1.0 182:1.0 225:1.0 261:1.0 283:1.0 290:1.0 292:1.0 
-0.1 0.1 
-0.0 0.008265599612953357 108:1.0 269:1.0 
-0.1 3.9062500000006106E-4 271:1.0 
-0.1 0.1 
-0.1 0.1 
-0.1 0.1 
-0.1 0.1 
-0.1 0.1 
-0.1 0.1 
-0.0 0.1 51:1.0 68:1.0 
-0.04980261471843066 0.025600980789427207 18:1.0 67:1.0 123:1.0 
-0.1 0.1 
-0.1 0.1 
-0.1 0.1 
-0.1 0.1 
-0.1 0.1 
-0.0 0.1 249:1.0 265:1.0 
-0.0 8.477479738004854E-5 11:1.0 152:1.0 161:1.0 170:1.0 
-0.05000000000000002 0.05012547579243511 25:1.0 197:1.0 
-0.1 0.1 
-0.1 0.1 
-0.1 0.1 
-0.1 0.1 
-0.0 0.1 269:1.0 
-0.1 0.1 
-0.1 0.1 
-0.1 0.1 
-0.1 0.1 
-0.1 0.1 
-0.1 0.1 
-0.1 0.1 
-0.1 0.1 
-0.1 3.906249999999778E-4 219:1.0 
-0.1 0.1 
-0.1 0.1 
-0.0 0.1 254:1.0 
-0.1 0.1 
-0.1 0.1 
-0.1 0.1 
-0.0 0.0015511956519537555 41:1.0 148:1.0 
-0.1 0.1 
-0.1 0.1 
-0.1 0.1 
-0.1 0.1 
-0.1 0.1 
-0.1 0.1 
-0.0 0.1 212:1.0 
-0.1 0.1 
-0.1 0.1 
-0.0 0.1 200:1.0 
-0.1 0.1 
-0.0 2.0667278849096916E-4 68:1.0 212:1.0 
-0.1 0.1 
-0.0 3.906250000000333E-4 252:1.0 
-0.1 0.1 
-0.0 3.906250000000333E-4 134:1.0 
-0.1 0.1 
-0.1 0.1 
-0.1 0.1 
-0.0 0.07848822883013469 111:1.0 201:1.0 
-0.0 0.1 58:1.0 116:1.0 
-0.1 0.1 
-0.1 0.1 
-0.0 0.1 67:1.0 75:1.0 91:1.0 265:1.0 
-0.1 0.1 
-0.1 0.1 
-0.1 0.1 
-0.1 0.1 
-0.0 3.906250000000333E-4 57:1.0 
-0.1 0.1 
-0.0 3.906250000000333E-4 213:1.0 
-0.1 0.1 
-0.1 0.1 
-0.0 3.906250000000333E-4 200:1.0 
-0.0 0.1 55:1.0 135:1.0 181:1.0 187:1.0 277:1.0 288:1.0 303:1.0 
-0.1 0.1 
-0.1 0.1 
-0.1 0.1 
-0.1 0.1 
-0.0 0.05050584950029399 173:1.0 
-0.1 0.1 
-0.1 0.1 
-0.0 0.1 276:1.0 
-0.1 0.1 
-0.1 0.1 
-0.1 0.1 99:1.0 
-0.1 0.1 
-0.1 0.1 
-0.1 0.1 
-0.1 0.1 
-0.1 0.1 
-0.1 0.1 
-0.1 0.1 
-0.1 0.1 
-0.1 0.1 
-0.050041644096360124 0.05024382159754297 66:1.0 110:1.0 
-0.0 0.1 51:1.0 
-0.0 0.1 80:1.0 
-0.1 0.1 
-0.1 0.1 
-0.1 0.1 176:1.0 
-0.1 0.1 
-0.1 0.1 
-0.1 0.1 
-0.1 0.1 
-0.1 0.1 
-0.0 0.1 247:1.0 
-0.1 0.1 33:1.0 
-0.1 0.1 
-0.1 0.1 
-0.1 0.1 
-0.1 0.1 
-0.05019738528156928 0.0 67:1.0 
-0.0 0.028501288212815928 7:1.0 119:1.0 270:1.0 310:1.0 
-0.1 0.1 
-0.1 0.1 
-0.0 0.1 165:1.0 
-0.1 0.1 
-0.1 0.1 
-0.1 0.1 
-0.1 0.1 
-0.1 0.1 143:1.0 
-0.1 0.1 
-0.0 0.05020576131687248 85:1.0 117:1.0 
-0.1 0.1 
-4.473884265222788E-4 3.009787774234385E-4 102:1.0 
-0.1 0.1 
-0.1 0.1 
-0.1 0.1 
-0.1 0.1 
-0.1 0.1 115:1.0 
-0.1 0.1 
-0.1 0.1 
-0.1 0.09746828139644473 141:1.0 
-0.0 0.05397171122462728 127:1.0 215:1.0 232:1.0 
-0.1 0.1 
-0.0 0.1 250:1.0 
-0.1 0.1 
-0.1 0.1 
-0.1 0.1 
-0.1 0.1 
-0.0 0.1 268:1.0 
-0.1 0.1 
-0.1 0.1 
-0.1 0.1 
-0.1 0.1 
-0.1 0.1 
-0.1 0.1 
-0.0 0.1 93:1.0 
-0.1 0.1 
-0.1 0.1 
-0.1 0.1 
-0.1 0.1 
-0.1 3.5783862959794704E-4 207:1.0 
-0.1 0.1 
-0.1 0.1 
-0.1 0.1 
-0.0 0.1 164:1.0 
-0.0 1.5363167070644675E-4 31:1.0 244:1.0 
-0.1 0.1 
-0.1 0.1 
-0.1 0.1 
-0.1 0.1 
-0.1 0.1 
-0.1 0.1 
-0.1 0.1 
-0.1 0.1 
-0.1 0.1 
-0.1 0.1 
-0.1 0.1 
-0.1 0.1 
-0.0 0.1 17:1.0 220:1.0 
-0.1 0.1 
-0.1 0.1 
-0.1 0.1 
-0.1 0.1 
-0.1 0.1 
-0.0 5.284746813555951E-4 276:1.0 
-0.1 0.1 
-0.0 0.1 95:1.0 
-0.1 0.1 178:1.0 
-0.1 0.1 
-0.0 0.1 4:1.0 52:1.0 255:1.0 
-0.1 0.1 
-0.1 0.1 
-0.0 0.1 269:1.0 
-0.1 0.1 
-0.1 0.1 
-0.1 0.1 
-0.1 0.1 
-0.1 0.1 56:1.0 157:1.0 
-0.1 0.1 
-0.1 0.1 
-0.1 0.1 
-0.0 1.2338796159907608E-4 55:1.0 135:1.0 181:1.0 187:1.0 277:1.0 288:1.0 303:1.0 
-0.1 0.1 
-0.1 0.1 
-0.0 2.7544380184159334E-4 76:1.0 112:1.0 311:1.0 
-0.1 0.1 
-0.0 8.326672684688674E-17 188:1.0 
-0.1 0.1 
-0.1 0.1 
-0.1 0.1 
-0.0 0.09885396122644904 39:1.0 
-0.0 0.1 108:1.0 
-0.1 0.1 
-0.1 0.1 
-0.1 0.1 
-0.1 0.1 
-0.1 0.1 
-0.1 0.1 
-0.1 0.1 
-0.1 0.03347815393518514 9:1.0 42:1.0 78:1.0 
-0.1 0.1 
-0.1 0.1 
-0.1 0.1 
-0.1 0.1 
-0.0 3.077896964510662E-4 239:1.0 
-0.1 0.1 
-0.0 0.025071876723027242 107:1.0 114:1.0 180:1.0 231:1.0 
-0.1 0.1 
-0.1 0.1 
-0.1 0.1 
-0.0 0.09712830479375835 41:1.0 236:1.0 
-0.0 0.1 170:1.0 
-0.1 0.1 
-0.011150574665566036 0.0 59:1.0 143:1.0 272:1.0 
-0.1 0.1 
-0.1 0.1 
-0.1 0.1 105:1.0 
-0.0 0.1 162:1.0 
-0.0 0.1 250:1.0 
-0.1 0.1 
-0.0 0.1 162:1.0 168:1.0 
-0.1 2.0062521519883524E-4 126:1.0 
-0.1 0.1 
-0.1 0.1 
-0.1 0.1 176:1.0 
-0.0 0.015663005490285462 35:1.0 46:1.0 88:1.0 186:1.0 286:1.0 
-0.0 0.007252967753443192 156:1.0 
-0.1 0.1 
-0.1 0.1 
-0.0 4.456150352642278E-4 262:1.0 
-0.1 0.1 
-0.004285341672978966 0.0 50:1.0 182:1.0 304:1.0 
-0.1 0.1 
-0.1 0.1 244:1.0 
-0.0 2.7755575615628914E-17 17:1.0 275:1.0 
-0.1 0.1 162:1.0 
-0.1 0.1 
-0.0 0.1 35:1.0 
-0.1 0.1 
-0.0 0.07609807131728458 189:1.0 
-0.1 0.1 
-0.1 0.1 
-0.1 0.1 
-0.0 4.309551184248066E-4 241:1.0 
-0.1 0.1 48:1.0 264:1.0 
-0.1 0.1 
-0.1 0.1 
-0.1 0.1 
-0.0 0.050434461805555636 248:1.0 
-0.1 0.1 
-0.1 0.1 
-0.1 0.1 
-0.1 0.1 
-0.1 0.1 
-0.1 0.1 
-0.1 0.1 
-0.1 0.1 
-0.1 0.1 
-0.1 0.1 
-0.1 0.1 
-0.0 0.0921156139520044 108:1.0 
-0.0 0.0983447947488352 82:1.0 
-0.1 0.1 
-0.0 3.5982971689472554E-4 275:1.0 
-0.1 0.1 
-0.1 0.1 142:1.0 
-0.1 0.1 
-0.1 0.1 
-0.0 0.023954723850854606 88:1.0 123:1.0 141:1.0 274:1.0 
-0.1 0.1 
-0.1 0.1 
-0.1 0.1 
-0.0 1.7176309326534522E-4 44:1.0 100:1.0 124:1.0 295:1.0 308:1.0 
-0.1 0.1 231:1.0 
-0.1 0.1 
-0.1 0.1 
-0.1 4.8764319508597933E-4 90:1.0 
-0.1 0.1 
-0.1 0.1 
-0.1 0.1 
-0.1 0.1 
-0.1 0.1 
-0.1 0.1 
-0.1 0.1 
-0.1 0.1 
-0.1 0.1 
-0.1 0.1 
-0.0 5.508876036831959E-4 63:1.0 
-0.0 2.7755575615628914E-17 272:1.0 
-0.0 1.8840573883320062E-4 33:1.0 145:1.0 
-0.0 0.03346049061260927 149:1.0 228:1.0 284:1.0 
-0.1 3.598297168946514E-4 40:1.0 
-0.1 0.1 
-0.0 0.1 196:1.0 213:1.0 
-0.0 0.050559696974547236 237:1.0 
-0.0 0.09855967078189312 146:1.0 
-0.1 0.1 
-0.1 0.1 
-0.1 0.1 
-0.1 0.1 
-0.1 0.1 45:1.0 102:1.0 
-0.1 0.1 
-0.1 0.1 
-0.0 2.551598573522311E-4 20:1.0 
-0.0 2.5095158487035973E-4 81:1.0 
-0.0 0.04994342073195532 36:1.0 169:1.0 173:1.0 202:1.0 293:1.0 
-0.1 4.370981152688187E-4 168:1.0 
-0.1 0.1 
-0.0 2.2218541951709594E-4 5:1.0 121:1.0 198:1.0 
-0.1 0.1 
-0.1 0.1 
-0.1 0.1 231:1.0 
-0.1 0.1 
-0.1 0.1 
-0.1 0.1 
-0.1 0.1 
-0.0 0.1 218:1.0 221:1.0 
-0.1 0.1 
-0.1 0.1 
-0.1 0.1 
-0.1 0.1 
-0.1 0.1 
-0.1 0.1 
-0.1 0.1 
-0.1 0.1 
-0.1 0.1 
-0.1 0.1 
-0.0 0.1 14:1.0 
-0.1 0.1 
-0.1 0.1 
-0.02214293965454385 0.0 119:1.0 143:1.0 
-0.1 0.1 
-0.1 0.1 
-0.1 0.1 
-0.1 0.1 
-0.1 0.1 
-0.1 0.1 
-0.1 0.1 
-0.1 0.1 
-0.0 5.596969745472928E-4 128:1.0 
-0.1 0.1 
-0.1 0.1 
-0.1 0.1 
-0.0 3.8147183782797733E-4 151:1.0 
-0.0 0.1 149:1.0 
-0.1 0.1 
-0.1 0.1 
-0.1 0.1 
-0.1 0.1 
-0.1 0.1 
-0.1 0.1 
-0.1 0.1 
-0.1 0.1 
-0.1 0.1 
-0.1 0.1 
-0.1 0.1 
-0.1 0.1 
-0.0 0.1 59:1.0 232:1.0 
-0.1 0.1 
-0.1 0.1 
-0.0 0.1 101:1.0 
-0.1 0.1 
-0.1 0.1 
-0.0 0.1 94:1.0 
-0.1 0.1 
-0.1 0.0 77:1.0 
-0.1 0.1 
-0.1 0.1 
-0.1 0.1 
-0.1 0.1 
-0.1 0.1 
-0.0 3.29511583746482E-4 220:1.0 
-0.1 0.1 
-0.0 0.1 31:1.0 
-0.1 0.1 208:1.0 231:1.0 
-0.1 0.1 
-0.1 0.1 
-0.1 0.1 
-0.1 0.1 
-0.1 0.1 
-0.1 0.1 
-0.1 0.1 
-0.0 0.09796271911013671 190:1.0 
-0.0 6.418476861114186E-17 63:1.0 
-0.1 0.1 
-0.1 0.1 
-0.1 0.1 
-0.1 0.1 
-0.0 0.1 65:1.0 137:1.0 
-0.1 0.1 
-0.1 0.1 
-0.1 0.1 
-0.1 0.0 151:1.0 
-0.1 0.1 
-0.1 0.1 
-0.1 0.1 
-0.1 0.0 132:1.0 
-0.1 0.1 
-0.1 0.1 
-0.0 0.05058993980206102 34:1.0 
-0.0 0.09957707570084216 122:1.0 273:1.0 280:1.0 
-0.0 0.005193207979170539 255:1.0 269:1.0 
-0.1 0.1 
-0.1 0.1 
-0.0 0.002324787781972343 190:1.0 
-0.1 0.1 
-0.1 1.739060284666749E-16 239:1.0 
-0.1 0.1 
-0.0 0.0688075144457698 179:1.0 
-0.0 0.1 85:1.0 
-0.1 0.1 
-0.0 0.0015117711698653946 39:1.0 
-0.1 0.1 
-0.1 0.1 
-0.1 0.1 
-0.1 0.1 
-0.1 0.1 205:1.0 
-0.010756580405919067 5.166819712274835E-5 29:1.0 120:1.0 131:1.0 167:1.0 185:1.0 263:1.0 296:1.0 312:1.0 
-0.0 0.0020667278849097314 82:1.0 
-0.0 0.0018518518518518636 146:1.0 
-0.0 0.043743425775187486 35:1.0 111:1.0 186:1.0 286:1.0 
-0.1 0.1 
-0.1 5.77601284802054E-4 144:1.0 
-0.1 0.1 
-0.1 0.1 
-0.1 0.1 
-0.050000000000000024 0.0 46:1.0 103:1.0 130:1.0 297:1.0 
-0.1 0.1 
-0.0 0.09323297130309836 49:1.0 75:1.0 156:1.0 
-0.0 0.05020576131687248 1:1.0 98:1.0 
-0.1 0.1 
-0.1 0.1 
-0.1 0.1 
-0.0 0.1 71:1.0 197:1.0 270:1.0 
-0.1 -0.1 
-0.1 -0.1 
-0.1 -0.1 
-0.1 -0.1 
-0.1 -0.1 23:1.0 
-0.1 -0.1 
-0.1 -0.1 
-0.0 -0.1 85:1.0 
-0.1 -0.1 18:1.0 
-0.1 -0.1 
-0.1 -0.1 
-0.1 -0.1 
-0.1 -0.1 
-0.1 -0.1 
-0.1 -0.1 
-0.1 -0.1 
-0.1 -0.1 56:1.0 
-0.1 -0.1 
-0.1 -0.1 205:1.0 
-0.1 -0.1 
-0.1 -0.1 
-0.1 -0.1 
-0.03993055555555558 -0.1 129:1.0 
-0.0 -0.1 265:1.0 
-0.1 -0.1 24:1.0 
-0.1 -0.1 
-0.0 -0.1 51:1.0 
-0.1 -0.1 
-0.1 -0.1 
-0.0 -0.1 43:1.0 158:1.0 160:1.0 281:1.0 302:1.0 
-0.1 -0.1 
-0.1 -0.1 
-0.1 -0.1 
-0.1 -0.1 
-0.1 -0.1 
-0.1 -0.1 139:1.0 
-0.1 -0.1 
-0.1 -0.1 
-0.1 -0.1 
-0.1 -0.1 
-0.1 -0.1 
-0.0402777777777778 -0.1 276:1.0 
-0.1 -0.1 82:1.0 143:1.0 
-0.1 -0.1 
-0.0 -0.1 203:1.0 
-0.0 -0.1 223:1.0 
-0.1 -0.1 
-0.1 -0.1 
-0.1 -0.1 
-0.0 -0.1 217:1.0 
-0.1 -0.1 
-0.1 -0.1 102:1.0 
-0.1 -0.1 
-0.1 -0.1 
-0.1 -0.1 25:1.0 
-0.1 -0.1 
-0.1 -0.1 115:1.0 258:1.0 
-0.1 -0.1 
-0.1 -0.1 
-0.1 -0.1 
-0.1 -0.1 
-0.0 -0.1 232:1.0 
-0.1 -0.1 
-0.020146122685185182 -0.1 52:1.0 229:1.0 
-0.1 -0.1 
-0.1 -0.1 
-0.1 -0.1 
-0.0 -0.1 154:1.0 265:1.0 
-0.1 -0.1 
-0.1 -0.1 
-0.1 -0.1 
-0.1 -0.1 
-0.0 -0.1 61:1.0 139:1.0 
-0.1 -0.1 
-0.1 -0.1 
-0.1 -0.1 
-0.0402777777777778 -0.1 267:1.0 
-0.1 -0.1 
-0.1 -0.1 
-0.1 -0.1 
-0.0 -0.1 16:1.0 
-0.0 -0.1 154:1.0 248:1.0 
-0.0 -0.1 53:1.0 194:1.0 
-0.0 -0.1 257:1.0 
-0.1 -0.1 
-0.1 -0.1 
-0.1 -0.1 
-0.1 -0.1 
-0.0 -0.1 255:1.0 
-0.0402777777777778 -0.1 200:1.0 
-0.1 -0.1 
-0.1 -0.1 
-0.1 -0.1 
-0.0 -0.1 162:1.0 
-0.1 -0.1 
-0.1 -0.1 14:1.0 15:1.0 
-0.04035409035409038 -0.1 34:1.0 
-0.0 -0.1 80:1.0 196:1.0 
-0.040272054334554275 -0.1 166:1.0 
-0.1 -0.1 
-0.1 -0.1 
-0.0 -0.1 201:1.0 
-0.0 -0.1 26:1.0 73:1.0 149:1.0 
-0.1 -0.1 
-0.03993055555555562 -0.1 190:1.0 
-0.1 -0.1 
-0.1 -0.1 
-0.04035218253968259 -0.1 68:1.0 
-0.1 -0.1 
-0.1 -0.1 
-0.1 -0.1 
-0.1 -0.1 
-0.1 -0.1 
-0.04000000000000008 -0.1 31:1.0 
-0.06613247863247873 -0.1 73:1.0 146:1.0 168:1.0 
-0.1 -0.1 
-0.1 -0.1 
-0.1 -0.1 
-0.1 -0.1 
-0.0 -0.1 65:1.0 157:1.0 
-0.04999999999999999 -0.1 184:1.0 
-0.04062500000000002 -0.1 255:1.0 
-0.0 -0.1 110:1.0 265:1.0 
-0.04027777777777778 -0.1 39:1.0 
-0.1 -0.1 
-0.1 -0.1 141:1.0 274:1.0 
-0.1 -0.1 
-0.1 -0.1 
-0.1 -0.1 
-0.1 -0.1 
-0.1 -0.1 
-0.1 -0.1 
-0.1 -0.1 99:1.0 
-0.1 -0.1 
-0.1 -0.1 
-0.1 -0.1 
-0.1 -0.1 
-0.1 -0.1 
-0.0 -0.1 162:1.0 
-0.1 -0.1 
-0.1 -0.1 
-0.1 -0.1 
-0.1 -0.1 
-0.1 -0.1 35:1.0 186:1.0 258:1.0 286:1.0 
-0.1 -0.1 
-0.1 -0.1 
-0.1 -0.1 260:1.0 
-0.1 -0.1 
-0.1 -0.1 
-0.0 -0.1 35:1.0 
-0.1 -0.1 
-0.0 -0.04281746482403405 32:1.0 113:1.0 174:1.0 251:1.0 279:1.0 287:1.0 313:1.0 
-0.0 -0.1 121:1.0 184:1.0 
-0.1 -0.1 
-0.04035218253968245 -0.1 69:1.0 
-0.0 -0.1 163:1.0 
-0.1 -0.1 
-0.0403521825396825 -0.1 179:1.0 
-0.1 -0.1 
-0.1 -0.1 
-0.1 -0.1 
-0.1 -0.1 
-0.1 -0.1 
-0.1 -0.1 
-0.040347222222222166 -0.1 198:1.0 
-0.040347222222222166 -0.1 164:1.0 
-0.1 -0.1 
-0.0406562046114742 -0.1 202:1.0 
-0.1 -0.1 
-0.1 -0.1 
-0.0703373015873016 -0.1 45:1.0 197:1.0 
-0.06990740740740745 -0.1 26:1.0 243:1.0 
-0.1 -0.1 
-0.1 -0.1 
-0.1 -0.1 27:1.0 182:1.0 299:1.0 
-0.04035218253968258 -0.1 137:1.0 
-0.0 -0.1 231:1.0 
-0.1 -0.1 
-0.1 -0.1 
-0.04057539682539676 -0.1 245:1.0 
-0.1 -0.1 
-0.0 -0.1 14:1.0 247:1.0 
-0.1 -0.1 
-0.04062500000000002 -0.1 257:1.0 
-0.1 -0.1 171:1.0 
-0.0 -0.1 58:1.0 
-0.04907407407407412 -0.1 106:1.0 177:1.0 
-0.1 -0.1 
-0.04999999999999999 -0.1 231:1.0 
-0.1 -0.1 
-0.1 -0.1 178:1.0 
-0.1 -0.1 
-0.1 -0.1 
-0.1 -0.1 
-0.0 -0.1 232:1.0 
-0.0 -0.1 2:1.0 
-0.1 -0.1 
-0.1 -0.1 
-0.0 -0.1 222:1.0 
-0.1 -0.1 
-0.1 -0.1 
-0.1 -0.1 
-0.0 -0.1 122:1.0 273:1.0 280:1.0 
-0.09818576388888892 -0.1 162:1.0 171:1.0 259:1.0 264:1.0 
-0.0 -0.1 85:1.0 
-0.1 -0.1 
-0.1 -0.1 
-0.04062499999999997 -0.1 59:1.0 
-0.1 -0.1 
-0.046682098765432056 -0.1 98:1.0 176:1.0 
-0.1 -0.1 
-0.1 -0.1 
-0.0 -0.1 157:1.0 
-0.1 -0.1 
-0.1 -0.1 
-0.1 -0.1 153:1.0 
-0.1 -0.1 
-0.1 -0.1 147:1.0 211:1.0 298:1.0 
-0.04037037037037031 -0.1 154:1.0 
-0.0 -0.1 16:1.0 202:1.0 269:1.0 270:1.0 
-0.04999999999999999 -0.1 224:1.0 
-0.1 -0.1 
-0.1 -0.1 
-0.019907407407407447 -0.1 53:1.0 194:1.0 
-0.1 -0.1 
-0.1 -0.1 
-0.1 -0.1 
-0.1 -0.1 
-0.1 -0.1 
-0.1 -0.1 
-0.1 -0.1 
-0.1 -0.1 
-0.1 -0.1 
-0.1 -0.1 70:1.0 
-0.039999999999999925 -0.1 10:1.0 
-0.1 -0.1 
-0.1 -0.1 
-0.1 -0.1 189:1.0 
-0.1 -0.1 
-0.1 -0.1 
-0.1 -0.1 
-0.1 -0.1 
-0.0 -0.1 164:1.0 221:1.0 
-0.01351851851851856 -0.1 97:1.0 108:1.0 
-0.1 -0.1 
-0.1 -0.1 
-0.1 -0.1 
-0.1 -0.1 
-0.1 -0.1 
-0.1 -0.1 
-0.1 -0.1 
-0.1 -0.1 
-0.03999999999999998 -0.1 196:1.0 
-0.04737833443562611 -0.1 150:1.0 162:1.0 270:1.0 
-0.1 -0.1 
-0.1 -0.1 
-0.1 -0.1 
-0.1 -0.1 
-0.1 -0.1 
-0.04166666666666663 -0.1 56:1.0 73:1.0 177:1.0 
-0.0 -0.1 265:1.0 
-0.1 -0.1 176:1.0 
-0.1 -0.1 
-0.0902922453703703 -0.1 184:1.0 
-0.1 -0.1 
-0.1 -0.1 
-0.1 -0.1 
-0.046875000000000014 -0.1 84:1.0 201:1.0 208:1.0 
-0.1 -0.1 
-0.039930555555555525 -0.1 16:1.0 
-0.1 -0.1 
-0.0403472222222222 -0.1 165:1.0 
-0.0 -0.1 203:1.0 220:1.0 
-0.1 -0.1 
-0.1 -0.1 9:1.0 
-0.1 -0.1 
-0.1 -0.1 
-0.1 -0.1 
-0.1 -0.1 
-0.1 -0.1 
-0.1 -0.1 
-0.1 -0.1 
-0.1 -0.1 
-0.04047309027777779 -0.1 71:1.0 
-0.1 -0.1 
-0.1 -0.1 229:1.0 
-0.0 -0.1 43:1.0 158:1.0 160:1.0 281:1.0 302:1.0 
-0.1 -0.1 
-0.04035409035409033 -0.1 58:1.0 
-0.1 -0.1 
-0.0 -0.1 206:1.0 
-0.1 -0.1 
-0.0 -0.1 249:1.0 269:1.0 
-0.1 -0.1 
-0.1 -0.1 
-0.1 -0.1 
-0.1 -0.1 13:1.0 84:1.0 
-0.1 -0.1 
-0.1 -0.1 
-0.03999999999999998 -0.1 21:1.0 
-0.00800852793040293 -0.1 43:1.0 158:1.0 160:1.0 281:1.0 302:1.0 
-0.1 -0.1 
-0.019907407407407474 -0.1 18:1.0 62:1.0 
-0.0 -0.1 269:1.0 
-0.1 -0.1 
-0.1 -0.1 
-0.1 -0.1 
-0.1 -0.1 
-0.1 -0.1 
-0.1 -0.1 
-0.1 -0.1 97:1.0 
-0.1 -0.1 
-0.1 -0.1 
-0.1 -0.1 
-0.0 -0.1 265:1.0 
-0.1 -0.1 191:1.0 
-0.1 -0.1 244:1.0 
-0.0398148148148148 -0.1 85:1.0 
-0.1 -0.1 
-0.04675925925925938 -0.1 176:1.0 236:1.0 
-0.004934413580246919 -0.1 32:1.0 113:1.0 149:1.0 228:1.0 284:1.0 313:1.0 
-0.0 -0.1 106:1.0 
-0.03993055555555547 -0.1 17:1.0 
-0.1 -0.1 
-0.1 -0.1 
-0.1 -0.1 
-0.1 -0.1 
-0.1 -0.1 
-0.03993055555555547 -0.1 232:1.0 
-0.0 -0.1 10:1.0 71:1.0 
-0.0 -0.1 20:1.0 129:1.0 
-0.1 -0.1 
-0.0401785714285714 -0.1 88:1.0 
-0.040473090277777735 -0.1 79:1.0 
-0.1 -0.1 
-0.1 -0.1 
-0.1 -0.1 
-0.0 -0.1 203:1.0 
-0.1 -0.1 
-0.0 -0.1 184:1.0 203:1.0 252:1.0 
-0.040614149305555514 -0.1 170:1.0 
-0.1 -0.1 
-0.1 -0.1 
-0.1 -0.1 
-0.03981481481481475 -0.1 101:1.0 
-0.1 -0.1 
-0.1 -0.1 
-0.1 -0.1 
-0.1 -0.1 
-0.1 -0.1 
-0.1 -0.1 
-0.1 -0.1 
-0.03993055555555569 -0.1 156:1.0 
-0.04035218253968251 -0.1 93:1.0 
-0.04031784188034185 -0.1 223:1.0 
-0.1 -0.1 27:1.0 182:1.0 299:1.0 
-0.04027777777777777 -0.1 41:1.0 
-0.1 -0.1 
-0.1 -0.1 
-0.09027777777777776 -0.1 224:1.0 
-0.1 -0.1 258:1.0 
-0.013541666666666674 -0.1 122:1.0 273:1.0 280:1.0 
-0.0 -0.1 206:1.0 
-0.1 -0.1 
-0.1 -0.1 
-0.1 -0.1 
-0.1 -0.1 
-0.1 -0.1 
-0.1 -0.1 
-0.1 -0.1 231:1.0 
-0.1 -0.1 191:1.0 204:1.0 266:1.0 
-0.1 -0.1 
-0.1 -0.1 47:1.0 
-0.0 -0.1 6:1.0 
-0.0 -0.1 14:1.0 70:1.0 
-0.0 -0.1 4:1.0 26:1.0 37:1.0 149:1.0 
-0.1 -0.1 
-0.01333333333333334 -0.1 108:1.0 191:1.0 
-0.1 -0.1 99:1.0 
-0.1 -0.1 
-0.0 -0.1 37:1.0 184:1.0 
-0.1 -0.1 
-0.1 -0.1 
-0.1 -0.1 
-0.0 -0.1 209:1.0 
-0.1 -0.1 
-0.04027777777777777 -0.1 80:1.0 
-0.1 -0.1 
-0.1 -0.1 
-0.1 -0.1 
-0.1 -0.1 182:1.0 268:1.0 
-0.1 -0.1 
-0.1 -0.1 
-0.1 -0.1 
-0.1 -0.1 
-0.1 -0.1 
-0.1 -0.1 
-0.1 -0.1 
-0.1 -0.1 
-0.1 -0.1 
-0.1 -0.1 
-0.1 -0.1 
-0.1 -0.1 
-0.1 -0.1 103:1.0 138:1.0 
-0.1 -0.1 
-0.03981481481481481 -0.1 110:1.0 
-0.0 -0.1 265:1.0 
-0.1 -0.1 74:1.0 203:1.0 
-0.1 -0.1 
-0.04027205433455433 -0.1 213:1.0 
-0.010000000000000009 -0.1 95:1.0 173:1.0 212:1.0 250:1.0 
-0.1 -0.1 
-0.1 -0.1 
-0.1 -0.1 
-0.1 -0.1 
-0.06990740740740745 -0.1 12:1.0 206:1.0 
-0.1 -0.1 
-0.1 -0.1 
-0.0 -0.1 48:1.0 
-0.1 -0.1 28:1.0 
-0.1 -0.1 
-0.1 -0.1 
-0.1 -0.1 
-0.1 -0.1 
-0.1 -0.1 222:1.0 
-0.046814236111111074 -0.1 75:1.0 105:1.0 217:1.0 
-0.1 -0.1 
-0.0 -0.1 48:1.0 
-0.1 -0.1 
-0.1 -0.1 
-0.1 -0.1 
-0.1 -0.1 
-0.040178571428571445 -0.1 163:1.0 
-0.1 -0.1 
-0.1 -0.1 
-0.019907407407407447 -0.1 141:1.0 268:1.0 
-0.1 -0.1 
-0.03993055555555555 -0.1 221:1.0 
-0.1 -0.1 
-0.1 -0.1 
-0.1 -0.1 
-0.1 -0.1 231:1.0 
-0.1 -0.1 
-0.1 -0.1 
-0.1 -0.1 
-0.1 -0.1 
-0.1 -0.1 
-0.1 -0.1 
-0.1 -0.1 30:1.0 209:1.0 
-0.04035409035409037 -0.1 218:1.0 
-0.040347222222222284 -0.1 61:1.0 
-0.04000000000000001 -0.1 222:1.0 
-0.1 -0.1 
-0.1 -0.1 
-0.1 -0.1 
-0.1 -0.1 
-0.1 -0.1 
-0.1 -0.1 
-0.1 -0.1 
-0.1 -0.1 
-0.0 -0.1 157:1.0 
-0.1 -0.1 
-0.0 -0.1 254:1.0 
-0.1 -0.1 
-0.1 -0.1 
-0.1 -0.1 143:1.0 
-0.1 -0.1 
-0.0 -0.1 270:1.0 
-0.1 -0.1 
-0.0 -0.1 32:1.0 113:1.0 174:1.0 251:1.0 279:1.0 287:1.0 313:1.0 
-0.1 -0.1 
-0.1 -0.1 
-0.1 -0.1 
-0.0035714285714285726 -0.1 32:1.0 113:1.0 174:1.0 251:1.0 279:1.0 287:1.0 313:1.0 
-0.1 -0.1 
-0.0898148148148148 -0.1 231:1.0 
-0.1 -0.1 
-0.1 -0.1 
-0.1 -0.1 83:1.0 
-0.1 -0.1 
-0.1 -0.1 
-0.1 -0.1 
-0.040364583333333384 -0.1 133:1.0 
-0.04012345679012352 -0.1 193:1.0 
-0.1 -0.1 
-0.1 -0.1 
-0.1 -0.1 
-0.1 -0.1 
-0.1 -0.1 
-0.1 -0.1 
-0.1 -0.1 
-0.1 -0.1 
-0.1 -0.1 
-0.1 -0.1 
-0.040625000000000036 -0.1 51:1.0 
-0.1 -0.1 
-0.1 -0.1 
-0.0 -0.1 217:1.0 
-0.1 -0.1 
-0.046680879884004926 -0.1 118:1.0 142:1.0 237:1.0 
-0.1 -0.1 
-0.04061414930555564 -0.1 157:1.0 
-0.1 -0.1 
-0.07028769841269844 -0.1 33:1.0 254:1.0 
-0.1 -0.1 
-0.04027777777777775 -0.1 48:1.0 
-0.1 -0.1 
-0.1 -0.1 
-0.1 -0.1 
-0.0 -0.1 73:1.0 
-0.1 -0.1 147:1.0 
-0.1 -0.1 
-0.1 -0.1 
-0.1 -0.1 87:1.0 
-0.1 -0.1 
-0.0 -0.1 265:1.0 
-0.1 -0.1 
-0.04006410256410254 -0.1 269:1.0 
-0.04035409035409035 -0.1 265:1.0 
-0.1 -0.1 27:1.0 64:1.0 104:1.0 182:1.0 261:1.0 283:1.0 290:1.0 292:1.0 299:1.0 
-0.1 -0.1 
-0.0 -0.1 49:1.0 69:1.0 75:1.0 250:1.0 
-0.1 -0.1 230:1.0 
-0.1 -0.1 
-0.1 -0.1 
-0.1 -0.1 
-0.1 -0.1 
-0.1 -0.1 90:1.0 
-0.04027777777777774 -0.1 2:1.0 
-0.040317841880341876 -0.1 136:1.0 
-0.1 -0.1 
-0.04036458333333334 -0.1 94:1.0 
-0.005808029230210611 -0.1 55:1.0 135:1.0 181:1.0 187:1.0 277:1.0 288:1.0 303:1.0 
-0.1 -0.1 
-0.1 -0.1 
-0.040352182539682646 -0.1 6:1.0 
-0.1 -0.1 
