svm_type c_svc
kernel_type linear
nr_class 3
total_sv 1459
rho 0.9998874353961652 0.999912756010603 -0.9996479483618718
label 2 0 1
nr_sv 399 545 515
SV
100.0 100.0 
2.0 0.0 271:1.0 
100.0 100.0 
100.0 100.0 
100.0 100.0 
100.0 100.0 
100.0 100.0 
100.0 100.0 
100.0 100.0 
100.0 100.0 
100.0 100.0 
100.0 100.0 
100.0 100.0 
0.0 1.3332452512377484 33:1.0 115:1.0 226:1.0 258:1.0 
3.0 3.999135510234815 243:1.0 
100.0 100.0 
100.0 100.0 
100.0 100.0 
100.0 100.0 
100.0 100.0 
100.0 0.0 151:1.0 
100.0 100.0 
100.0 100.0 
0.0 2.0 47:1.0 
100.0 100.0 
100.0 100.0 
100.0 100.0 205:1.0 
100.0 100.0 
100.0 100.0 
100.0 100.0 
100.0 100.0 
100.0 100.0 
100.0 100.0 
0.9999580838790885 0.6694169186100593 159:1.0 177:1.0 
100.0 100.0 
100.0 2.0 77:1.0 
100.0 100.0 
100.0 100.0 
0.0 3.9989377540481024 13:1.0 23:1.0 54:1.0 
100.0 100.0 
0.09325831630324562 0.0 64:1.0 125:1.0 182:1.0 261:1.0 283:1.0 292:1.0 
100.0 100.0 
100.0 100.0 
100.0 100.0 
100.0 100.0 
100.0 100.0 
100.0 100.0 
100.0 100.0 
100.0 100.0 
100.0 100.0 
0.0 2.0005127879330122 204:1.0 
100.0 100.0 
100.0 100.0 
100.0 100.0 
100.0 2.0 40:1.0 
100.0 100.0 
100.0 100.0 
100.0 100.0 
100.0 1.9999999999999996 90:1.0 
100.0 100.0 
100.0 100.0 
100.0 100.0 
100.0 0.0 141:1.0 
100.0 100.0 99:1.0 
100.0 100.0 
100.0 100.0 
100.0 100.0 
100.0 100.0 
100.0 100.0 
100.0 100.0 
100.0 100.0 139:1.0 
100.0 100.0 
100.0 100.0 
100.0 100.0 
100.0 100.0 
100.0 100.0 
100.0 100.0 
100.0 100.0 
100.0 100.0 
100.0 100.0 
100.0 100.0 
100.0 100.0 
100.0 100.0 230:1.0 
0.0 2.0 266:1.0 
0.0 100.0 27:1.0 64:1.0 104:1.0 182:1.0 261:1.0 283:1.0 290:1.0 292:1.0 299:1.0 
100.0 100.0 
2.0 100.0 266:1.0 
100.0 100.0 
100.0 100.0 
0.0 7.997648392229846 13:1.0 103:1.0 
2.0 3.999504147807831 12:1.0 
100.0 2.0 19:1.0 
100.0 100.0 
100.0 2.0 219:1.0 
100.0 100.0 
100.0 100.0 
100.0 100.0 
100.0 100.0 
100.0 100.0 90:1.0 
100.0 100.0 
100.0 100.0 
100.0 100.0 
100.0 100.0 
100.0 100.0 
100.0 100.0 
100.0 100.0 
3.9987286180092334 0.0 150:1.0 168:1.0 
5.0538258506216085 2.0 64:1.0 
100.0 100.0 
100.0 100.0 
100.0 100.0 
100.0 100.0 
100.0 1.9997031883493086 125:1.0 
100.0 100.0 
100.0 100.0 
100.0 100.0 
100.0 100.0 
100.0 100.0 
100.0 100.0 
2.0 100.0 224:1.0 
100.0 100.0 
100.0 100.0 
100.0 3.9996021645921447 45:1.0 
100.0 100.0 
100.0 100.0 
3.9992404238448795 100.0 25:1.0 
100.0 100.0 
100.0 100.0 
100.0 100.0 
100.0 100.0 
100.0 100.0 
100.0 100.0 
0.5 0.0 86:1.0 109:1.0 242:1.0 300:1.0 305:1.0 
100.0 100.0 244:1.0 
100.0 100.0 
100.0 100.0 
100.0 100.0 
100.0 100.0 
100.0 100.0 
100.0 100.0 
100.0 100.0 
100.0 100.0 
100.0 100.0 
100.0 100.0 
100.0 100.0 
100.0 100.0 
100.0 100.0 
100.0 100.0 
0.0 1.0683510677616523 8:1.0 9:1.0 
100.0 100.0 231:1.0 
5.999659291426031 0.9316489322383479 8:1.0 9:1.0 189:1.0 
0.0 100.0 191:1.0 
100.0 100.0 
4.25295447504881 3.999157741744984 15:1.0 
2.0 100.0 70:1.0 
1.9999999999999998 19.993909961563972 83:1.0 84:1.0 
100.0 0.0 105:1.0 117:1.0 
2.0 100.0 191:1.0 
2.0008315727114923 1.9973218986277013 89:1.0 162:1.0 231:1.0 
100.0 100.0 
100.0 100.0 
100.0 100.0 184:1.0 
100.0 1.3301163503303945 159:1.0 
100.0 2.0 151:1.0 
0.0 0.002882498455578042 89:1.0 
100.0 100.0 
100.0 100.0 
100.0 100.0 
100.0 100.0 
100.0 100.0 
100.0 100.0 
100.0 100.0 
1.788213814245465 0.0 143:1.0 182:1.0 225:1.0 261:1.0 283:1.0 
100.0 2.0 132:1.0 
100.0 100.0 
2.0 100.0 153:1.0 
100.0 100.0 
100.0 100.0 
100.0 100.0 
100.0 100.0 
100.0 100.0 
100.0 100.0 
2.0 100.0 171:1.0 
100.0 100.0 
2.0 100.0 229:1.0 
100.0 100.0 
100.0 100.0 
100.0 3.998838517884652 143:1.0 
100.0 100.0 
100.0 100.0 
100.0 100.0 
2.1984126984127 0.0 246:1.0 
100.0 100.0 
100.0 100.0 
100.0 100.0 
2.0 100.0 97:1.0 
0.0 1.7536604322647382 258:1.0 
0.2883111554571262 3.9992921213953116 22:1.0 115:1.0 
100.0 100.0 
100.0 3.482295210116153 182:1.0 
100.0 100.0 
2.0 3.999553571128196 74:1.0 
100.0 100.0 
100.0 100.0 
100.0 2.0 145:1.0 
100.0 100.0 
100.0 100.0 143:1.0 
100.0 100.0 
100.0 100.0 
94.5 99.99914950805395 204:1.0 
100.0 100.0 
100.0 100.0 
2.0 2.0 211:1.0 
100.0 100.0 
0.26449170324410165 100.0 56:1.0 
100.0 100.0 
100.0 100.0 
2.300946279265836 1.0001171406283935 131:1.0 239:1.0 
100.0 100.0 
100.0 100.0 
100.0 5.515898491636443 141:1.0 
100.0 100.0 
2.8977626976510296 0.0 64:1.0 103:1.0 104:1.0 130:1.0 282:1.0 290:1.0 297:1.0 
100.0 100.0 
100.0 100.0 
0.24968172717482262 0.0 13:1.0 23:1.0 54:1.0 64:1.0 130:1.0 282:1.0 
3.7348196575074804 2.0017176556149883 56:1.0 176:1.0 
100.0 100.0 
100.0 100.0 
100.0 100.0 
2.6347680778798526 3.022455441876355E-4 175:1.0 182:1.0 
100.0 100.0 
100.0 100.0 176:1.0 
100.0 100.0 
100.0 100.0 
100.0 100.0 
100.0 100.0 
100.0 100.0 
100.0 100.0 231:1.0 
100.0 100.0 
100.0 100.0 
100.0 100.0 
100.0 100.0 
100.0 100.0 
99.89991610166982 0.39990104432164986 86:1.0 109:1.0 242:1.0 300:1.0 305:1.0 
100.0 100.0 
3.4987345971915005 0.0 103:1.0 
100.0 100.0 
100.0 100.0 
100.0 5.9988154278537005 208:1.0 
100.0 100.0 
100.0 100.0 
100.0 100.0 
100.0 100.0 
100.0 2.6647750848346776 168:1.0 
100.0 100.0 
100.0 100.0 
0.0 2.0 24:1.0 
2.0 100.0 24:1.0 
100.0 100.0 
100.0 100.0 
100.0 100.0 
100.0 100.0 
100.0 100.0 
100.0 100.0 
100.0 100.0 
2.0 2.0 260:1.0 
100.0 100.0 
100.0 100.0 
100.0 100.0 
100.0 100.0 
0.0 0.6666398782168688 60:1.0 114:1.0 
100.0 100.0 
100.0 100.0 
100.0 100.0 
100.0 100.0 
100.0 100.0 
100.0 100.0 
3.999390556573662 3.9981837583624023 264:1.0 
100.0 100.0 260:1.0 
100.0 1.9997970862639345 126:1.0 
100.0 100.0 
0.0 6.911095361384347 28:1.0 258:1.0 
100.0 100.0 
100.0 100.0 
7.998913469234435 2.0 78:1.0 
100.0 100.0 
100.0 100.0 
1.711618190030985 0.0 22:1.0 90:1.0 115:1.0 
100.0 100.0 
100.0 100.0 
100.0 100.0 
100.0 100.0 
100.0 2.0 144:1.0 
100.0 100.0 
100.0 100.0 
100.0 100.0 
100.0 100.0 
100.0 100.0 
100.0 100.0 
7.5 0.0 204:1.0 226:1.0 
100.0 100.0 
100.0 100.0 
2.0 0.6666436589466193 60:1.0 233:1.0 
1.0000319007551144 1.0 256:1.0 307:1.0 
100.0 100.0 
99.8015873015873 2.0 246:1.0 
100.0 100.0 
100.0 100.0 
100.0 100.0 
100.0 2.0 207:1.0 
100.0 100.0 
3.998992017725177 100.0 18:1.0 
100.0 100.0 178:1.0 
100.0 2.0 117:1.0 
100.0 100.0 
100.0 100.0 
100.0 100.0 
100.0 100.0 
2.0 2.0 96:1.0 
100.0 100.0 
2.0 100.0 258:1.0 
100.0 100.0 
100.0 100.0 
100.0 100.0 
100.0 100.0 
100.0 100.0 
100.0 100.0 
100.0 100.0 
100.0 100.0 
100.0 100.0 
100.0 100.0 
100.0 100.0 
100.0 100.0 
0.4000466182164612 0.4 72:1.0 92:1.0 195:1.0 278:1.0 306:1.0 
100.0 100.0 
100.0 100.0 
100.0 100.0 
100.0 100.0 
100.0 100.0 
100.0 100.0 
100.0 100.0 
100.0 100.0 
100.0 100.0 
100.0 100.0 
100.0 100.0 
1.7505717969141883 0.0 54:1.0 
100.0 100.0 
100.0 100.0 
100.0 3.9994847869690084 30:1.0 
100.0 100.0 
100.0 100.0 
100.0 100.0 
100.0 100.0 
100.0 100.0 
100.0 100.0 
100.0 100.0 
100.0 100.0 
1.9995858020166801 0.0 67:1.0 147:1.0 
100.0 100.0 
100.0 100.0 
100.0 1.9994688724969354 271:1.0 
2.0 100.0 47:1.0 
100.0 100.0 
100.0 2.9995858793002173 142:1.0 
100.0 100.0 
100.0 100.0 
100.0 100.0 
100.0 100.0 
100.0 100.0 
100.0 100.0 
100.0 100.0 
100.0 100.0 
100.0 100.0 
100.0 100.0 
100.0 2.0 67:1.0 
100.0 100.0 
100.0 100.0 
100.0 100.0 
100.0 100.0 87:1.0 
100.0 100.0 
100.0 100.0 
100.0 100.0 102:1.0 
100.0 100.0 
0.0 100.0 147:1.0 211:1.0 298:1.0 
100.0 100.0 
100.0 100.0 
100.0 100.0 
100.0 100.0 
2.0 100.0 222:1.0 
100.0 100.0 
100.0 100.0 
100.0 100.0 
100.0 100.0 
2.0 2.0 3:1.0 
100.0 100.0 
100.0 100.0 
100.0 100.0 
100.0 100.0 
-1.9999999999999996 100.0 83:1.0 
-0.0 7.998632984131995 184:1.0 259:1.0 
-0.0 1.9998533889891303 50:1.0 274:1.0 
-0.0 100.0 99:1.0 
-0.0 98.98164582557575 198:1.0 
-0.0 1.9998364847567562 194:1.0 
-0.0 2.0 136:1.0 183:1.0 
-2.0 0.0 233:1.0 
-5.999600683482099 0.0 8:1.0 
-99.99956202380699 0.0 19:1.0 151:1.0 
-0.0 3.999077508514704 6:1.0 88:1.0 192:1.0 269:1.0 
-0.0 2.0 61:1.0 139:1.0 234:1.0 
-0.0 100.0 257:1.0 265:1.0 
-0.0 97.77622967272809 137:1.0 
-0.0 100.0 184:1.0 203:1.0 252:1.0 
-0.0 1.9963726946618978 38:1.0 73:1.0 
-0.0 100.0 193:1.0 
-100.0 0.0 117:1.0 
-7.5 0.0 226:1.0 
-3.998530097629492 0.0 168:1.0 
-0.0 100.0 2:1.0 
-0.0 100.0 267:1.0 
-0.0 2.0 140:1.0 223:1.0 
-0.0 100.0 16:1.0 
-4.397052002716244 1.0433600190671464 64:1.0 103:1.0 130:1.0 189:1.0 282:1.0 297:1.0 
-100.0 100.0 87:1.0 
-0.0 98.34049145427758 196:1.0 
-0.39710195556366373 3.218019190674717E-4 143:1.0 267:1.0 
-1.9996616312048785 0.0 21:1.0 78:1.0 
-1.9993754441763736 0.8748956170791977 150:1.0 218:1.0 
-0.0 100.0 73:1.0 
-100.0 0.0 125:1.0 
-100.0 100.0 182:1.0 
-100.0 5.999043748527229 30:1.0 230:1.0 
-0.0 100.0 129:1.0 
-0.0 100.0 157:1.0 
-100.0 100.0 143:1.0 
-0.0 1.9998778342335528 164:1.0 
-2.25341407422396 1.457616401665159E-4 15:1.0 34:1.0 175:1.0 
-0.0 1.0185431800835802 121:1.0 198:1.0 
-0.0 100.0 28:1.0 
-0.0 100.0 118:1.0 
-0.0 0.0017358142875300389 49:1.0 122:1.0 
-0.0 2.333389377370442 73:1.0 149:1.0 228:1.0 284:1.0 
-100.0 0.0 204:1.0 
-0.0 100.0 20:1.0 129:1.0 
-100.0 0.0 246:1.0 
-100.0 0.0 141:1.0 
-0.0 9.013519388813001E-4 51:1.0 65:1.0 199:1.0 
-0.0 100.0 231:1.0 
-0.0 0.003783121070151286 38:1.0 49:1.0 73:1.0 236:1.0 
-100.0 0.0 86:1.0 109:1.0 242:1.0 300:1.0 305:1.0 
-0.0 100.0 85:1.0 
-100.0 100.0 184:1.0 
-0.0 1.1252345473852243 155:1.0 270:1.0 
-0.1271382412531496 0.9998528639016661 4:1.0 175:1.0 240:1.0 
-0.0 3.9994837872796483 66:1.0 106:1.0 157:1.0 
-100.0 0.0 159:1.0 
-0.0 100.0 26:1.0 69:1.0 
-1.711541992697986 0.0 90:1.0 
-0.0 90.92920270564514 255:1.0 
-100.0 100.0 260:1.0 
-100.0 0.0 117:1.0 
-0.05478432042436853 0.0 29:1.0 91:1.0 120:1.0 131:1.0 167:1.0 185:1.0 216:1.0 235:1.0 253:1.0 285:1.0 291:1.0 294:1.0 301:1.0 309:1.0 312:1.0 
-0.0 100.0 21:1.0 
-0.0 65.0308216642134 
-0.0 100.0 
-0.0 100.0 
-1.0 2.000152862316128 179:1.0 227:1.0 243:1.0 
-0.0 2.4627225833663357E-4 238:1.0 
-100.0 3.4301489422388254E-4 145:1.0 
-0.0 100.0 
-0.0 100.0 
-0.0 100.0 
-0.0 100.0 
-0.0 100.0 255:1.0 
-0.0 100.0 
-0.0 100.0 
-0.0 100.0 
-0.0 100.0 
-0.0 100.0 
-0.0 100.0 
-0.0 100.0 
-0.0 100.0 
-0.0 4.00053862896846 176:1.0 
-0.0 100.0 
-0.0 96.0 269:1.0 
-0.0 100.0 
-0.0 100.0 
-0.39766837999127863 0.0 143:1.0 215:1.0 
-0.0 1.0074656525399188 75:1.0 
-0.0 7.042262685165548 138:1.0 184:1.0 
-0.0 100.0 
-0.0 99.99857905202221 59:1.0 73:1.0 
-0.0 88.65567291433695 95:1.0 173:1.0 250:1.0 
-0.0 100.0 
-0.0 100.0 
-100.0 2.0 90:1.0 
-0.0 100.0 133:1.0 
-0.0 17.02715564762656 37:1.0 
-0.0 100.0 122:1.0 273:1.0 280:1.0 
-0.0 100.0 
-0.0 100.0 
-0.0 100.0 
-0.0 100.0 
-0.0 2.1929943404315548E-4 249:1.0 
-0.0 100.0 
-100.0 100.0 139:1.0 
-0.0 100.0 
-0.0 100.0 
-1.8981301651854732 0.002508584126047436 46:1.0 64:1.0 104:1.0 166:1.0 182:1.0 225:1.0 261:1.0 283:1.0 290:1.0 292:1.0 
-0.0 100.0 
-100.0 3.6188726984810347E-4 271:1.0 
-0.0 100.0 
-0.0 100.0 
-0.0 100.0 
-0.0 100.0 
-0.0 100.0 
-0.0 100.0 
-0.0 98.41165174882278 51:1.0 68:1.0 
-1.9994299939181917 0.0 18:1.0 67:1.0 123:1.0 
-0.0 100.0 
-0.0 100.0 
-0.0 100.0 
-0.0 100.0 
-0.0 100.0 
-0.0 100.0 249:1.0 265:1.0 
-0.0 1.759348496859584E-4 11:1.0 152:1.0 161:1.0 170:1.0 
-1.9997494068648554 2.8759451267816187 25:1.0 197:1.0 
-51.22592239638462 100.0 
-100.0 100.0 
-100.0 100.0 
-100.0 100.0 
-0.0 100.0 269:1.0 
-100.0 100.0 
-100.0 100.0 
-100.0 100.0 
-100.0 100.0 
-100.0 100.0 
-100.0 100.0 
-100.0 100.0 
-100.0 100.0 
-100.0 3.788361337788045E-4 219:1.0 
-100.0 100.0 
-100.0 100.0 
-0.0 100.0 254:1.0 
-100.0 100.0 
-100.0 100.0 
-100.0 100.0 
-0.0 1.5193912776095304 106:1.0 111:1.0 
-0.0 0.0015676080001188865 41:1.0 148:1.0 
-100.0 100.0 
-100.0 100.0 
-100.0 100.0 
-100.0 100.0 
-100.0 100.0 
-100.0 100.0 
-0.0 98.41117824268933 212:1.0 
-100.0 100.0 
-100.0 100.0 
-0.0 2.0 200:1.0 
-100.0 100.0 
-0.0 1.588824425488989 68:1.0 212:1.0 
-100.0 100.0 
-100.0 100.0 
-0.0 4.556777927329225E-4 134:1.0 
-100.0 100.0 
-100.0 100.0 
-100.0 100.0 
-0.0 0.48061938528275916 111:1.0 201:1.0 
-0.0 1.9999840204632577 58:1.0 116:1.0 
-100.0 100.0 
-100.0 100.0 
-0.0 0.9998799529191881 67:1.0 75:1.0 91:1.0 265:1.0 
-100.0 100.0 
-100.0 100.0 
-100.0 100.0 
-100.0 100.0 
-0.0 4.50560229115811E-4 57:1.0 
-100.0 100.0 
-0.0 96.34110696381212 213:1.0 
-100.0 100.0 
-100.0 100.0 
-0.0 98.00048745359979 200:1.0 
-0.0 0.36181144565612855 55:1.0 135:1.0 181:1.0 187:1.0 277:1.0 288:1.0 303:1.0 
-100.0 100.0 
-100.0 100.0 
-100.0 100.0 
-100.0 100.0 
-0.0 10.677683265256793 173:1.0 
-100.0 100.0 
-100.0 100.0 
-0.0 2.0 276:1.0 
-100.0 100.0 
-100.0 100.0 
-100.0 100.0 99:1.0 
-100.0 100.0 
-100.0 100.0 
-100.0 100.0 
-100.0 100.0 
-100.0 100.0 
-100.0 100.0 
-100.0 100.0 
-0.0 6.458309488110708 146:1.0 168:1.0 
-100.0 100.0 
-100.0 100.0 
-0.0 100.0 51:1.0 
-0.0 100.0 80:1.0 
-100.0 100.0 
-100.0 100.0 
-3.7346561932603572 100.0 176:1.0 
-100.0 100.0 
-100.0 100.0 
-100.0 100.0 
-100.0 100.0 
-100.0 100.0 
-0.0 100.0 247:1.0 
-0.0 1.9998303078316981 33:1.0 
-100.0 100.0 
-100.0 100.0 
-100.0 100.0 
-100.0 100.0 
-100.0 0.0 67:1.0 
-0.0 0.3749990719465425 7:1.0 119:1.0 270:1.0 310:1.0 
-100.0 100.0 
-100.0 100.0 
-0.0 100.0 165:1.0 
-100.0 100.0 
-100.0 100.0 
-100.0 100.0 
-100.0 100.0 
-100.0 100.0 143:1.0 
-100.0 100.0 
-0.0 2.0 85:1.0 117:1.0 
-100.0 100.0 
-6.9744982008485E-4 4.740825559144864E-4 102:1.0 
-100.0 100.0 
-100.0 100.0 
-100.0 100.0 
-100.0 100.0 
-1.9998838861619705 0.005024964329003049 115:1.0 
-100.0 100.0 
-100.0 100.0 
-100.0 6.995580889719882 141:1.0 
-0.0 1.0001097613455927 127:1.0 215:1.0 232:1.0 
-100.0 100.0 
-100.0 100.0 
-100.0 100.0 
-100.0 100.0 
-100.0 100.0 
-0.0 100.0 268:1.0 
-100.0 100.0 
-100.0 100.0 
-100.0 100.0 
-100.0 100.0 
-100.0 100.0 
-100.0 100.0 
-0.0 100.0 93:1.0 
-100.0 100.0 
-100.0 100.0 
-100.0 100.0 
-100.0 100.0 
-100.0 3.702955752871667E-4 207:1.0 
-100.0 100.0 
-100.0 100.0 
-100.0 100.0 
-0.0 100.0 164:1.0 
-0.0 1.5286123395581285E-4 31:1.0 244:1.0 
-100.0 100.0 
-100.0 100.0 
-100.0 100.0 
-100.0 100.0 
-100.0 100.0 
-100.0 100.0 
-100.0 100.0 
-100.0 100.0 
-100.0 100.0 
-100.0 100.0 
-100.0 100.0 
-100.0 100.0 
-0.0 9.997943874226463 17:1.0 220:1.0 
-100.0 100.0 
-100.0 100.0 
-0.0 3.712390944044892E-4 172:1.0 
-100.0 100.0 
-100.0 100.0 
-100.0 100.0 
-0.0 98.00048828125 276:1.0 
-100.0 100.0 
-0.0 11.344559635905012 95:1.0 
-100.0 100.0 178:1.0 
-100.0 100.0 
-0.0 5.997779322485088 4:1.0 52:1.0 255:1.0 
-100.0 100.0 
-100.0 100.0 
-0.0 96.92752722215094 269:1.0 
-100.0 100.0 
-100.0 100.0 
-100.0 100.0 
-100.0 100.0 
-1.9997728866074571 100.0 56:1.0 157:1.0 
-100.0 100.0 
-100.0 100.0 
-100.0 100.0 
-0.0 99.63823302628559 55:1.0 135:1.0 181:1.0 187:1.0 277:1.0 288:1.0 303:1.0 
-100.0 100.0 
-100.0 100.0 
-0.0 1.1685660535575406E-4 76:1.0 112:1.0 311:1.0 
-100.0 100.0 
-0.0 4.960515467228644E-4 188:1.0 
-100.0 100.0 
-100.0 100.0 
-100.0 100.0 
-0.0 1.6666666666666667 39:1.0 
-100.0 100.0 
-100.0 100.0 
-100.0 100.0 
-100.0 100.0 
-100.0 100.0 
-100.0 100.0 
-100.0 100.0 
-3.999604186214965 1.000157129254238 9:1.0 42:1.0 78:1.0 
-100.0 100.0 
-100.0 100.0 
-100.0 100.0 
-100.0 100.0 
-100.0 100.0 
-0.0 0.6666607186360078 107:1.0 114:1.0 180:1.0 231:1.0 
-100.0 100.0 
-100.0 100.0 
-100.0 100.0 
-0.0 99.99736267917586 41:1.0 236:1.0 
-0.0 100.0 170:1.0 
-100.0 100.0 
-0.1986497865116969 0.0 59:1.0 143:1.0 272:1.0 
-100.0 100.0 
-100.0 100.0 
-100.0 2.0010268399893647 105:1.0 
-0.0 100.0 162:1.0 
-0.0 14.786532310352932 250:1.0 
-100.0 100.0 
-0.0 7.74827595328986 162:1.0 168:1.0 
-100.0 3.2458257881673447E-4 126:1.0 
-100.0 100.0 
-100.0 100.0 
-0.0 1.5872376882677057 1:1.0 51:1.0 98:1.0 
-100.0 100.0 176:1.0 
-0.0 1.9962011888539388 35:1.0 46:1.0 88:1.0 186:1.0 286:1.0 
-0.0 96.56493722283754 156:1.0 
-100.0 100.0 
-100.0 100.0 
-0.0 2.755448577700196E-4 262:1.0 
-100.0 100.0 
-0.872608686049623 0.0 50:1.0 182:1.0 304:1.0 
-100.0 100.0 
-100.0 100.0 244:1.0 
-0.0 2.0 17:1.0 275:1.0 
-2.001151752555799 100.0 162:1.0 
-100.0 100.0 
-0.0 100.0 35:1.0 
-100.0 100.0 
-1.6026623939208546 98.95676219524286 189:1.0 
-100.0 100.0 
-100.0 100.0 
-100.0 100.0 
-1.9997925958170693 7.998600139132575 48:1.0 264:1.0 
-100.0 100.0 
-100.0 100.0 
-100.0 100.0 
-0.0 1.9923672709860916 248:1.0 
-100.0 100.0 
-100.0 100.0 
-100.0 100.0 
-100.0 100.0 
-100.0 100.0 
-100.0 100.0 
-100.0 100.0 
-100.0 100.0 
-100.0 100.0 
-100.0 100.0 
-100.0 100.0 
-0.0 4.000879164852161 108:1.0 
-0.0 2.0 82:1.0 
-100.0 100.0 
-100.0 100.0 
-100.0 100.0 142:1.0 
-100.0 100.0 
-100.0 100.0 
-0.0 3.9994168052389316 88:1.0 123:1.0 141:1.0 274:1.0 
-100.0 100.0 
-100.0 100.0 
-100.0 100.0 
-0.0 1.7642509176137895E-4 44:1.0 100:1.0 124:1.0 295:1.0 308:1.0 
-100.0 100.0 231:1.0 
-100.0 100.0 
-100.0 100.0 
-100.0 98.0001200291527 90:1.0 
-100.0 100.0 
-100.0 100.0 
-100.0 100.0 
-100.0 100.0 
-100.0 100.0 
-100.0 100.0 
-100.0 100.0 
-100.0 100.0 
-100.0 100.0 
-100.0 100.0 
-0.0 2.477787640075557E-4 272:1.0 
-100.0 4.874535997885232E-4 40:1.0 
-100.0 100.0 
-0.0 3.6592248358505044 196:1.0 213:1.0 
-0.0 100.0 237:1.0 
-100.0 100.0 
-100.0 100.0 
-100.0 100.0 
-100.0 100.0 
-99.99980060698496 100.0 45:1.0 102:1.0 
-100.0 100.0 
-100.0 100.0 
-0.0 1.7464258754410305E-4 81:1.0 
-0.0 0.6667640682009357 36:1.0 169:1.0 173:1.0 202:1.0 293:1.0 
-100.0 10.413166969970653 168:1.0 
-100.0 100.0 
-100.0 100.0 
-100.0 100.0 
-2.0016157347410766 100.0 231:1.0 
-100.0 100.0 
-100.0 100.0 
-100.0 100.0 
-100.0 100.0 
-0.0 100.0 218:1.0 221:1.0 
-100.0 100.0 
-100.0 100.0 
-100.0 100.0 
-100.0 100.0 
-100.0 100.0 
-100.0 100.0 
-100.0 100.0 
-100.0 100.0 
-100.0 100.0 
-100.0 100.0 
-0.0 100.0 14:1.0 
-100.0 100.0 
-100.0 100.0 
-0.3976683799912786 0.0 119:1.0 143:1.0 
-100.0 100.0 
-100.0 100.0 
-100.0 100.0 
-100.0 100.0 
-100.0 100.0 
-100.0 100.0 
-100.0 100.0 
-100.0 100.0 
-0.0 5.036645889198244E-4 128:1.0 
-100.0 100.0 
-100.0 100.0 
-100.0 100.0 
-0.0 95.00052545251079 149:1.0 
-100.0 100.0 
-100.0 100.0 
-100.0 100.0 
-100.0 100.0 
-100.0 100.0 
-100.0 100.0 
-100.0 100.0 
-100.0 100.0 
-100.0 100.0 
-100.0 100.0 
-100.0 100.0 
-100.0 100.0 
-0.0 2.0017795313313878 59:1.0 232:1.0 
-100.0 100.0 
-100.0 100.0 
-0.0 100.0 101:1.0 
-100.0 100.0 
-100.0 100.0 
-0.0 100.0 94:1.0 
-100.0 100.0 
-100.0 4.7138776271384497E-4 77:1.0 
-100.0 100.0 
-100.0 100.0 
-100.0 100.0 
-100.0 100.0 
-100.0 100.0 
-100.0 100.0 
-0.0 100.0 31:1.0 
-99.99979727599585 3.9991546994686766 208:1.0 231:1.0 
-100.0 100.0 
-100.0 100.0 
-100.0 100.0 
-100.0 100.0 
-100.0 100.0 
-100.0 100.0 
-100.0 100.0 
-0.0 1.4198958333333334 190:1.0 
-0.0 2.604540614318505E-4 63:1.0 
-100.0 100.0 
-100.0 100.0 
-100.0 100.0 
-100.0 100.0 
-0.0 2.22430440380886 65:1.0 137:1.0 
-100.0 100.0 
-100.0 100.0 
-100.0 100.0 
-100.0 0.0 151:1.0 
-100.0 100.0 
-100.0 100.0 
-100.0 100.0 
-100.0 0.0 132:1.0 
-100.0 100.0 
-100.0 100.0 
-0.0 100.0 34:1.0 
-0.0 99.99950211756438 122:1.0 273:1.0 280:1.0 
-0.0 3.073521973432812 255:1.0 269:1.0 
-100.0 100.0 
-100.0 100.0 
-0.0 98.58010416666667 190:1.0 
-100.0 100.0 
-2.300946279265836 2.190451375574734E-4 239:1.0 
-100.0 100.0 
-0.0 98.00009856804446 179:1.0 
-0.0 100.0 85:1.0 
-100.0 100.0 
-0.0 98.33379351522679 39:1.0 
-100.0 100.0 
-100.0 100.0 
-100.0 100.0 
-100.0 100.0 
-100.0 100.0 205:1.0 
-0.24653714194231138 2.53892223653459E-5 29:1.0 120:1.0 131:1.0 167:1.0 185:1.0 263:1.0 296:1.0 312:1.0 
-0.0 98.00034304598272 82:1.0 
-0.0 18.161490203854793 146:1.0 
-100.0 100.0 
-100.0 4.5112855092659386E-4 144:1.0 
-100.0 100.0 
-7.447492333139613E-4 3.0148598946064253E-4 151:1.0 
-100.0 100.0 
-100.0 100.0 
-100.0 100.0 
-0.0 3.435580744923855 49:1.0 75:1.0 156:1.0 
-0.0 0.41325031841911936 1:1.0 98:1.0 
-100.0 100.0 
-100.0 100.0 
-100.0 100.0 
-0.0 99.12452701179872 71:1.0 197:1.0 270:1.0 
-0.0 -100.0 
-0.0 -100.0 
-0.0 -100.0 
-0.0 -100.0 
-3.9991036232597956 -1.999457126584538 23:1.0 
-0.0 -100.0 
-0.0 -100.0 
-0.0 -4.019485848754364 85:1.0 
-100.0 -1.9996333138646127 18:1.0 
-0.0 -100.0 
-0.0 -100.0 
-0.0 -100.0 
-0.0 -100.0 
-0.0 -100.0 
-0.0 -100.0 
-0.0 -100.0 
-100.0 -100.0 56:1.0 
-0.0 -100.0 
-100.0 -100.0 205:1.0 
-0.0 -100.0 
-0.0 -100.0 
-0.0 -100.0 
-0.0 -100.0 129:1.0 
-0.0 -0.025326969707742494 265:1.0 
-100.0 -1.9995494934890787 24:1.0 
-0.0 -100.0 
-0.0 -100.0 51:1.0 
-0.0 -100.0 
-0.0 -100.0 
-0.0 -0.0063781261009203515 43:1.0 158:1.0 160:1.0 281:1.0 302:1.0 
-0.0 -100.0 
-0.0 -100.0 
-0.0 -100.0 
-0.0 -100.0 
-0.0 -100.0 
-100.0 -100.0 139:1.0 
-0.0 -100.0 
-0.0 -100.0 
-0.0 -100.0 
-0.0 -100.0 
-0.0 -100.0 
-0.0 -100.0 276:1.0 
-1.99933280960633 -100.0 82:1.0 143:1.0 
-0.0 -100.0 
-0.0 -0.017763869576951957 223:1.0 
-0.0 -100.0 
-0.0 -100.0 
-0.0 -100.0 
-0.0 -100.0 
-100.0 -100.0 102:1.0 
-0.0 -100.0 
-0.0 -100.0 
-100.0 -4.875942413804539 25:1.0 
-0.0 -100.0 
-7.331877566117249 -0.004482790817071537 115:1.0 258:1.0 
-0.0 -100.0 
-0.0 -100.0 
-73.61914297001636 -100.0 
-100.0 -100.0 
-100.0 -100.0 
-0.0 -3.9985878891585203 52:1.0 229:1.0 
-100.0 -100.0 
-100.0 -100.0 
-100.0 -100.0 
-100.0 -100.0 
-100.0 -100.0 
-100.0 -100.0 
-100.0 -100.0 
-0.0 -1.9996998145400922 61:1.0 139:1.0 
-100.0 -100.0 
-100.0 -100.0 
-100.0 -100.0 
-0.0 -100.0 267:1.0 
-100.0 -100.0 
-100.0 -100.0 
-100.0 -100.0 
-0.0 -2.0188375971922308 16:1.0 
-0.0 -1.9921660641218697 154:1.0 248:1.0 
-0.0 -0.020871890769885958 53:1.0 194:1.0 
-0.0 -2.0236009928002336 257:1.0 
-100.0 -100.0 
-100.0 -100.0 
-100.0 -100.0 
-100.0 -100.0 
-0.0 -100.0 255:1.0 
-0.0 -100.0 200:1.0 
-100.0 -100.0 
-100.0 -100.0 
-100.0 -100.0 
-0.0 -100.0 162:1.0 
-100.0 -100.0 
-1.9996673668942375 -0.9999044929176685 14:1.0 15:1.0 
-0.0 -100.0 34:1.0 
-0.0 -1.9995252759634283 80:1.0 196:1.0 
-0.0 -2.002497240918152 166:1.0 
-100.0 -100.0 
-100.0 -100.0 
-0.0 -0.4812456406765256 201:1.0 
-0.0 -87.00340697818118 26:1.0 73:1.0 149:1.0 
-100.0 -100.0 
-0.0 -100.0 190:1.0 
-100.0 -100.0 
-100.0 -100.0 
-0.0 -100.0 68:1.0 
-100.0 -100.0 
-100.0 -100.0 
-100.0 -100.0 
-100.0 -100.0 
-100.0 -100.0 
-0.0 -100.0 31:1.0 
-0.6652601444149329 -24.61953923790407 73:1.0 146:1.0 168:1.0 
-100.0 -100.0 
-100.0 -100.0 
-100.0 -100.0 
-100.0 -100.0 
-0.0 -2.2253483090940556 65:1.0 157:1.0 
-0.0 -11.990819662907207 184:1.0 
-0.0 -100.0 255:1.0 
-0.0 -100.0 39:1.0 
-100.0 -100.0 
-1.9994396248653972 -7.998955478766278 141:1.0 274:1.0 
-100.0 -100.0 
-100.0 -100.0 
-100.0 -100.0 
-100.0 -100.0 
-100.0 -100.0 
-100.0 -100.0 
-0.0 -100.0 99:1.0 
-100.0 -100.0 
-100.0 -100.0 
-100.0 -100.0 
-100.0 -100.0 
-100.0 -100.0 
-0.0 -100.0 162:1.0 
-100.0 -100.0 
-100.0 -100.0 
-100.0 -100.0 
-100.0 -100.0 
-0.6665851873035797 -1.995811122898167 35:1.0 186:1.0 258:1.0 286:1.0 
-100.0 -100.0 
-100.0 -100.0 
-100.0 -100.0 260:1.0 
-100.0 -100.0 
-100.0 -100.0 
-0.0 -100.0 35:1.0 
-100.0 -100.0 
-0.0 -1.0184887487110987 121:1.0 184:1.0 
-100.0 -100.0 
-0.0 -98.55781055852582 69:1.0 
-0.0 -0.03516286733789732 163:1.0 
-100.0 -100.0 
-0.0 -100.0 179:1.0 
-100.0 -100.0 
-100.0 -100.0 
-100.0 -100.0 
-100.0 -100.0 
-100.0 -100.0 
-100.0 -100.0 
-0.0 -100.0 198:1.0 
-0.0 -100.0 164:1.0 
-100.0 -100.0 
-0.0 -2.6665729277847774 202:1.0 
-100.0 -100.0 
-100.0 -100.0 
-1.9997925710155684 -100.0 45:1.0 197:1.0 
-1.9996325062523403 -3.9998268487560265 26:1.0 243:1.0 
-100.0 -100.0 
-100.0 -100.0 
-0.046629588297234945 -0.18567351287765696 27:1.0 182:1.0 299:1.0 
-0.0 -100.0 137:1.0 
-0.31952462265404274 -0.061650239372547676 231:1.0 
-100.0 -100.0 
-100.0 -100.0 
-0.0 -1.999550841880081 245:1.0 
-100.0 -100.0 
-0.0 -100.0 14:1.0 247:1.0 
-100.0 -100.0 
-0.0 -99.97606234201275 257:1.0 
-98.00231353918163 -0.0 171:1.0 
-0.0 -0.005128488395940101 58:1.0 
-5.689698402843828E-4 -0.0 106:1.0 177:1.0 
-100.0 -100.0 
-0.0 -6.603842945434339 231:1.0 
-100.0 -100.0 
-100.0 -100.0 178:1.0 
-100.0 -100.0 
-100.0 -100.0 
-100.0 -100.0 
-0.0 -99.99945712658455 2:1.0 
-100.0 -100.0 
-100.0 -100.0 
-0.0 -0.020612670547089446 222:1.0 
-100.0 -100.0 
-100.0 -100.0 
-100.0 -100.0 
-0.0 -100.0 122:1.0 273:1.0 280:1.0 
-1.998183758362402 -5.9988522835660385 162:1.0 171:1.0 259:1.0 264:1.0 
-0.0 -100.0 85:1.0 
-100.0 -100.0 
-100.0 -100.0 
-0.0 -100.0 59:1.0 
-100.0 -100.0 
-0.66727292152774 -4.000329974759949 98:1.0 176:1.0 
-100.0 -100.0 
-100.0 -100.0 
-0.0 -3.77373121860632 157:1.0 
-100.0 -100.0 
-100.0 -100.0 
-100.0 -1.999458237961003 153:1.0 
-100.0 -100.0 
-100.0 -0.0 147:1.0 211:1.0 298:1.0 
-0.0 -0.007698687595802056 154:1.0 
-0.0 -0.01944603704701964 224:1.0 
-100.0 -100.0 
-100.0 -100.0 
-0.0 -1.9789645939868705 53:1.0 194:1.0 
-100.0 -100.0 
-100.0 -100.0 
-100.0 -100.0 
-100.0 -100.0 
-100.0 -100.0 
-100.0 -100.0 
-100.0 -100.0 
-100.0 -100.0 
-100.0 -100.0 
-100.0 -1.9994871359146014 70:1.0 
-0.0 -1.99951171875 10:1.0 
-100.0 -100.0 
-100.0 -100.0 
-0.931408976373012 -100.0 189:1.0 
-100.0 -100.0 
-100.0 -100.0 
-100.0 -100.0 
-100.0 -100.0 
-0.0 -1.999683931422405 164:1.0 221:1.0 
-0.0 -1.9999842969177348 97:1.0 108:1.0 
-100.0 -100.0 
-100.0 -100.0 
-100.0 -100.0 
-100.0 -100.0 
-100.0 -100.0 
-100.0 -100.0 
-100.0 -100.0 
-100.0 -100.0 
-0.0 -100.0 196:1.0 
-0.0 -1.749455916471332 150:1.0 162:1.0 270:1.0 
-100.0 -100.0 
-100.0 -100.0 
-100.0 -100.0 
-100.0 -100.0 
-100.0 -100.0 
-0.6685338202230648 -0.0 56:1.0 73:1.0 177:1.0 
-100.0 -100.0 176:1.0 
-100.0 -100.0 
-100.0 -100.0 184:1.0 
-100.0 -100.0 
-100.0 -100.0 
-100.0 -100.0 
-3.999072233542197 -1.9991546994686762 84:1.0 201:1.0 208:1.0 
-100.0 -100.0 
-0.0 -99.98084417983904 16:1.0 
-100.0 -100.0 
-0.0 -100.0 165:1.0 
-0.0 -7.998191690560885 203:1.0 220:1.0 
-100.0 -100.0 
-2.0000000000000004 -3.0 9:1.0 
-100.0 -100.0 
-100.0 -100.0 
-100.0 -100.0 
-100.0 -100.0 
-100.0 -100.0 
-100.0 -100.0 
-100.0 -100.0 
-100.0 -100.0 
-0.0 -100.0 71:1.0 
-100.0 -100.0 
-100.0 -0.0 229:1.0 
-100.0 -100.0 
-0.0 -3.994561244455884 58:1.0 
-100.0 -100.0 
-0.0 -0.03113565811018947 206:1.0 
-100.0 -100.0 
-0.0 -100.0 249:1.0 269:1.0 
-100.0 -100.0 
-100.0 -100.0 
-100.0 -100.0 
-13.99552390032605 -4.1433642143575127E-4 13:1.0 84:1.0 
-100.0 -100.0 
-100.0 -100.0 
-0.0 -100.0 21:1.0 
-0.0 -0.39356421763055394 43:1.0 158:1.0 160:1.0 281:1.0 302:1.0 
-100.0 -100.0 
-0.0 -100.0 269:1.0 
-100.0 -100.0 
-100.0 -100.0 
-100.0 -100.0 
-100.0 -100.0 
-100.0 -100.0 
-100.0 -100.0 
-100.0 -0.0 97:1.0 
-100.0 -100.0 
-100.0 -100.0 
-100.0 -100.0 
-100.0 -0.0 191:1.0 
-100.0 -100.0 244:1.0 
-0.0 -99.98017682128085 85:1.0 
-100.0 -100.0 
-0.6672986683000423 -100.0 176:1.0 236:1.0 
-0.0 -1.3333433930934542 32:1.0 113:1.0 149:1.0 228:1.0 284:1.0 313:1.0 
-0.0 -7.518426108173884 106:1.0 
-0.0 -13.997663820165133 17:1.0 
-100.0 -100.0 
-100.0 -100.0 
-100.0 -100.0 
-100.0 -100.0 
-100.0 -100.0 
-0.0 -5.001867960314493 232:1.0 
-0.0 -100.0 20:1.0 129:1.0 
-100.0 -100.0 
-0.0 -11.994166884798862 88:1.0 
-0.0 -2.0 79:1.0 
-100.0 -100.0 
-100.0 -100.0 
-100.0 -100.0 
-100.0 -100.0 
-0.0 -96.00099308141401 184:1.0 203:1.0 252:1.0 
-0.0 -100.0 170:1.0 
-100.0 -100.0 
-100.0 -100.0 
-100.0 -100.0 
-0.0 -100.0 101:1.0 
-100.0 -100.0 
-100.0 -100.0 
-100.0 -100.0 
-100.0 -100.0 
-100.0 -100.0 
-100.0 -100.0 
-100.0 -100.0 
-0.0 -100.0 156:1.0 
-0.0 -100.0 93:1.0 
-0.0 -3.9817435179570273 223:1.0 
-0.9530667297561524 -0.6373070513668893 27:1.0 182:1.0 299:1.0 
-0.0 -100.0 41:1.0 
-100.0 -100.0 
-100.0 -100.0 
-100.0 -1.9803508491740576 224:1.0 
-100.0 -0.0 258:1.0 
-0.0 -100.0 122:1.0 273:1.0 280:1.0 
-0.0 -1.9686333560154923 206:1.0 
-100.0 -100.0 
-100.0 -100.0 
-100.0 -100.0 
-100.0 -100.0 
-100.0 -100.0 
-100.0 -100.0 
-1.6776230961744318 -100.0 231:1.0 
-100.0 -0.0 191:1.0 204:1.0 266:1.0 
-100.0 -100.0 
-100.0 -2.0 47:1.0 
-0.0 -5.998601722854613 6:1.0 
-0.0 -8.996945872523103 4:1.0 26:1.0 37:1.0 149:1.0 
-100.0 -100.0 
-0.0 -2.0003748838943456 108:1.0 191:1.0 
-100.0 -100.0 99:1.0 
-100.0 -100.0 
-0.0 -8.03016698099417 37:1.0 184:1.0 
-100.0 -100.0 
-100.0 -100.0 
-100.0 -100.0 
-100.0 -100.0 
-0.0 -100.0 80:1.0 
-100.0 -100.0 
-100.0 -100.0 
-100.0 -100.0 
-0.4833752640172615 -99.00353814969827 182:1.0 268:1.0 
-100.0 -100.0 
-100.0 -100.0 
-100.0 -100.0 
-100.0 -100.0 
-100.0 -100.0 
-100.0 -100.0 
-100.0 -100.0 
-100.0 -100.0 
-100.0 -100.0 
-100.0 -100.0 
-100.0 -100.0 
-100.0 -100.0 
-3.9987790554232077 -5.042584547544163 103:1.0 138:1.0 
-100.0 -100.0 
-0.0 -2.0 110:1.0 
-0.0 -3.974141982570059 265:1.0 
-2.0 -0.0 74:1.0 203:1.0 
-100.0 -100.0 
-0.0 -100.0 213:1.0 
-0.0 -100.0 95:1.0 173:1.0 212:1.0 250:1.0 
-100.0 -100.0 
-100.0 -100.0 
-100.0 -100.0 
-100.0 -100.0 
-1.9996955774786334 -0.0 12:1.0 206:1.0 
-100.0 -100.0 
-100.0 -100.0 
-6.910867787555998 -100.0 28:1.0 
-100.0 -100.0 
-100.0 -100.0 
-100.0 -100.0 
-100.0 -100.0 
-0.0 -2.0005068420281527 75:1.0 105:1.0 217:1.0 
-100.0 -100.0 
-0.0 -6.795847907114036 48:1.0 
-100.0 -100.0 
-100.0 -100.0 
-100.0 -100.0 
-100.0 -100.0 
-0.0 -1.9643057786313574 163:1.0 
-100.0 -100.0 
-100.0 -100.0 
-1.5166247359827385 -2.9960207070536082 141:1.0 268:1.0 
-100.0 -100.0 
-0.0 -100.0 221:1.0 
-100.0 -100.0 
-100.0 -100.0 
-100.0 -100.0 
-100.0 -100.0 231:1.0 
-100.0 -100.0 
-100.0 -100.0 
-100.0 -100.0 
-100.0 -100.0 
-100.0 -100.0 
-100.0 -100.0 
-2.0 -3.9993904520726513 30:1.0 209:1.0 
-0.0 -100.0 218:1.0 
-0.0 -2.0 61:1.0 
-100.0 -1.9789248555622931 222:1.0 
-100.0 -100.0 
-100.0 -100.0 
-100.0 -100.0 
-100.0 -100.0 
-100.0 -100.0 
-100.0 -100.0 
-100.0 -100.0 
-100.0 -100.0 
-0.0 -100.0 157:1.0 
-100.0 -100.0 
-0.0 -100.0 254:1.0 
-100.0 -100.0 
-100.0 -100.0 
-100.0 -100.0 143:1.0 
-100.0 -100.0 
-0.0 -100.0 270:1.0 
-100.0 -100.0 
-100.0 -100.0 
-100.0 -100.0 
-100.0 -100.0 
-100.0 -100.0 
-100.0 -100.0 231:1.0 
-100.0 -100.0 
-100.0 -100.0 
-19.993665830463726 -100.0 83:1.0 
-100.0 -100.0 
-100.0 -100.0 
-100.0 -100.0 
-0.0 -100.0 133:1.0 
-0.0 -100.0 193:1.0 
-100.0 -100.0 
-100.0 -100.0 
-100.0 -100.0 
-100.0 -100.0 
-100.0 -100.0 
-100.0 -100.0 
-100.0 -100.0 
-100.0 -100.0 
-100.0 -100.0 
-100.0 -100.0 
-0.0 -100.0 51:1.0 
-100.0 -100.0 
-100.0 -100.0 
-100.0 -100.0 
-0.9997625468146437 -100.0 118:1.0 142:1.0 237:1.0 
-100.0 -100.0 
-0.0 -100.0 157:1.0 
-100.0 -100.0 
-0.666684306942582 -1.9995825290676905 33:1.0 254:1.0 
-100.0 -100.0 
-0.0 -3.202467322916524 48:1.0 
-100.0 -100.0 
-100.0 -100.0 
-100.0 -100.0 
-0.0 -94.70899082987728 73:1.0 
-0.0 -1.999550841880081 147:1.0 
-100.0 -100.0 
-100.0 -100.0 
-100.0 -100.0 87:1.0 
-100.0 -100.0 
-0.0 -100.0 265:1.0 
-100.0 -100.0 
-0.0 -100.0 269:1.0 
-0.0 -99.0 265:1.0 
-100.0 -0.1765015807382703 27:1.0 64:1.0 104:1.0 182:1.0 261:1.0 283:1.0 290:1.0 292:1.0 299:1.0 
-100.0 -100.0 
-0.0 -3.4419138404590544 49:1.0 69:1.0 75:1.0 250:1.0 
-100.0 -7.9985685614677795 230:1.0 
-100.0 -100.0 
-100.0 -100.0 
-100.0 -100.0 
-100.0 -100.0 
-100.0 -100.0 90:1.0 
-0.0 -2.0 2:1.0 
-0.0 -3.9996024610165226 136:1.0 
-100.0 -100.0 
-0.0 -100.0 94:1.0 
-0.0 -100.0 55:1.0 135:1.0 181:1.0 187:1.0 277:1.0 288:1.0 303:1.0 
-100.0 -100.0 
-100.0 -100.0 
-100.0 -100.0 
