svm_type c_svc
kernel_type rbf
gamma 0.1
nr_class 3
total_sv 1555
rho -1.5455374491184062 -2.409330801536294 1.853390455739225
label 2 0 1
nr_sv 401 628 526
SV
100.0 100.0 
9.707683134766778 0.0 271:1.0 
100.0 100.0 
100.0 100.0 
5.0639736315992145 4.8282866958346125 99:1.0 204:1.0 
100.0 100.0 
100.0 100.0 
100.0 100.0 
100.0 100.0 
100.0 100.0 
100.0 100.0 
100.0 100.0 
100.0 100.0 
100.0 100.0 
2.5896665295658967 5.649821635317971 33:1.0 115:1.0 226:1.0 258:1.0 
14.911423546729521 19.896344864359246 243:1.0 
100.0 100.0 
100.0 100.0 
100.0 100.0 
100.0 100.0 
100.0 100.0 
100.0 0.0 151:1.0 
100.0 100.0 
100.0 100.0 
0.0 9.286225700015269 47:1.0 
100.0 100.0 
100.0 100.0 
100.0 100.0 205:1.0 
100.0 100.0 
100.0 100.0 
100.0 100.0 
100.0 100.0 
100.0 100.0 
100.0 100.0 
4.669158940694636 3.7727339832073947 159:1.0 177:1.0 
100.0 100.0 
100.0 9.245696201897212 77:1.0 
100.0 100.0 
100.0 100.0 
0.0 5.371206963701008 13:1.0 23:1.0 54:1.0 
100.0 100.0 
100.0 100.0 
100.0 100.0 
100.0 100.0 
100.0 100.0 
100.0 100.0 
100.0 100.0 
100.0 100.0 
100.0 100.0 
100.0 100.0 
8.77087253811133 0.0 204:1.0 
100.0 100.0 
100.0 100.0 
100.0 100.0 
100.0 9.246920904881803 40:1.0 
100.0 100.0 
100.0 100.0 
100.0 100.0 
100.0 9.284730283270843 90:1.0 
100.0 100.0 
100.0 100.0 
100.0 100.0 
100.0 0.0 141:1.0 
100.0 100.0 99:1.0 
100.0 100.0 
100.0 100.0 
1.1978488523104167 0.0 27:1.0 64:1.0 104:1.0 182:1.0 225:1.0 261:1.0 283:1.0 290:1.0 292:1.0 299:1.0 
100.0 100.0 
100.0 100.0 
100.0 100.0 
100.0 100.0 
100.0 100.0 139:1.0 
100.0 100.0 
100.0 100.0 
100.0 100.0 
100.0 100.0 
100.0 100.0 
100.0 100.0 
100.0 100.0 
100.0 100.0 
100.0 100.0 
100.0 100.0 
100.0 100.0 
100.0 100.0 230:1.0 
0.0 99.56047922130873 27:1.0 64:1.0 104:1.0 182:1.0 261:1.0 283:1.0 290:1.0 292:1.0 299:1.0 
100.0 100.0 
9.699927876490683 56.482103178324664 266:1.0 
100.0 100.0 
100.0 100.0 
0.0 11.245673828540557 13:1.0 103:1.0 
9.701054580092224 19.900817446807924 12:1.0 
60.15336954675773 9.246421938281156 19:1.0 
100.0 100.0 
100.0 9.24741911891735 219:1.0 
100.0 100.0 
100.0 100.0 
100.0 100.0 
100.0 100.0 
100.0 99.96311669454977 90:1.0 
100.0 100.0 
100.0 100.0 
100.0 100.0 
100.0 100.0 
100.0 100.0 
100.0 100.0 
100.0 100.0 
17.17149556356724 0.17476244361689308 150:1.0 168:1.0 
14.166364843913659 9.440902837406757 64:1.0 
100.0 100.0 
100.0 100.0 
100.0 100.0 
100.0 100.0 
100.0 9.243744044036578 125:1.0 
100.0 100.0 
100.0 100.0 
100.0 100.0 
100.0 100.0 
100.0 100.0 
100.0 100.0 
9.699270834008225 100.0 224:1.0 
100.0 100.0 
100.0 100.0 
60.14982464488626 19.89731827124922 45:1.0 
100.0 100.0 
100.0 100.0 
19.935674921992234 100.0 25:1.0 
100.0 100.0 
100.0 100.0 
100.0 100.0 
100.0 100.0 
100.0 100.0 
100.0 100.0 
1.7641423851207823 0.0 86:1.0 109:1.0 242:1.0 300:1.0 305:1.0 
100.0 100.0 244:1.0 
100.0 100.0 
100.0 100.0 
100.0 100.0 
100.0 100.0 
100.0 100.0 
100.0 100.0 
100.0 100.0 
100.0 100.0 
100.0 100.0 
100.0 100.0 
1.3556104324707723 0.0 66:1.0 258:1.0 
100.0 100.0 
100.0 100.0 
100.0 100.0 
100.0 100.0 
17.33775686332931 7.260608949339246 8:1.0 9:1.0 
100.0 100.0 231:1.0 
3.6496345568632793 2.190377397869893 8:1.0 9:1.0 189:1.0 
0.0 67.24692381736254 191:1.0 
100.0 100.0 
18.172060736126816 19.89979554116931 15:1.0 
9.699875537639478 100.0 70:1.0 
9.696358867091407 34.93132324283394 83:1.0 84:1.0 
0.0 0.046382840397045245 147:1.0 211:1.0 298:1.0 
60.14505448599673 0.5241656289946386 105:1.0 117:1.0 
9.699465810899554 99.89222510293679 191:1.0 
3.4410138733149194 4.536713520420001 89:1.0 162:1.0 231:1.0 
100.0 100.0 
100.0 100.0 
100.0 100.0 184:1.0 
100.0 5.832192708712092 159:1.0 
100.0 9.247667551605536 151:1.0 
6.88152856243406 5.532913467883381 89:1.0 
100.0 100.0 
100.0 100.0 
100.0 100.0 
100.0 100.0 
100.0 100.0 
100.0 100.0 
100.0 100.0 
2.6856226836380435 0.0 143:1.0 182:1.0 225:1.0 261:1.0 283:1.0 
100.0 9.247938754922489 132:1.0 
100.0 100.0 
9.699216179207525 100.0 153:1.0 
100.0 100.0 
100.0 100.0 
100.0 100.0 
100.0 100.0 
100.0 100.0 
100.0 100.0 
9.698654028750699 100.0 171:1.0 
100.0 100.0 
9.699158572612356 100.0 229:1.0 
100.0 100.0 
100.0 100.0 
100.0 19.903367161453293 143:1.0 
100.0 100.0 
100.0 100.0 
100.0 100.0 
9.80607254508801 0.0 246:1.0 
100.0 100.0 
100.0 100.0 
100.0 100.0 
9.699314654636261 100.0 97:1.0 
0.0 31.580837807180146 258:1.0 
7.49553640709741 15.035340312044571 22:1.0 115:1.0 
100.0 100.0 
100.0 20.72075888242755 182:1.0 
100.0 100.0 
9.69884594022603 19.89796671071956 74:1.0 
100.0 100.0 
100.0 100.0 
100.0 9.24713852254024 145:1.0 
100.0 100.0 
100.0 99.99621451225826 143:1.0 
100.0 100.0 
100.0 100.0 
91.75815501633991 52.11595479823515 204:1.0 
100.0 100.0 
100.0 100.0 
9.698984598865275 9.209454842149604 211:1.0 
100.0 100.0 
15.356338611550662 100.0 56:1.0 
100.0 100.0 
100.0 100.0 
11.109911704258893 4.19321208265293 131:1.0 239:1.0 
100.0 100.0 
100.0 100.0 
0.0 4.044019723307961 96:1.0 171:1.0 
100.0 25.741149833953642 141:1.0 
100.0 100.0 
3.6659595033242645 0.0 64:1.0 103:1.0 104:1.0 130:1.0 282:1.0 290:1.0 297:1.0 
100.0 100.0 
100.0 100.0 
5.070217223934025 9.639764879693082 56:1.0 176:1.0 
100.0 100.0 
100.0 100.0 
100.0 100.0 
11.738638176226553 0.0 175:1.0 182:1.0 
100.0 100.0 
100.0 100.0 176:1.0 
100.0 100.0 
100.0 100.0 
100.0 100.0 
100.0 100.0 
100.0 100.0 
100.0 100.0 231:1.0 
100.0 100.0 
100.0 100.0 
100.0 100.0 
100.0 100.0 
100.0 100.0 
99.81607881914387 1.042570827228856 86:1.0 109:1.0 242:1.0 300:1.0 305:1.0 
100.0 100.0 
13.849893050821247 9.725019055007023 103:1.0 
100.0 100.0 
100.0 100.0 
60.15802604721463 19.99438343546372 208:1.0 
100.0 100.0 
100.0 100.0 
100.0 100.0 
100.0 100.0 
100.0 13.513551859070558 168:1.0 
100.0 100.0 
100.0 100.0 
0.0 9.275077879881055 24:1.0 
9.69912272043087 99.97181433850201 24:1.0 
100.0 100.0 
100.0 100.0 
100.0 100.0 
100.0 100.0 
100.0 100.0 
100.0 100.0 
100.0 100.0 
9.708526694138017 9.252289795807972 260:1.0 
100.0 100.0 
100.0 100.0 
100.0 100.0 
100.0 100.0 
4.108280330218769 2.8901454087019958 60:1.0 114:1.0 
100.0 100.0 
100.0 100.0 
100.0 100.0 
100.0 100.0 
100.0 100.0 
100.0 100.0 
19.94550921521955 14.533826592788259 264:1.0 
99.9911109954429 99.99436909892285 260:1.0 
100.0 9.248014550346637 126:1.0 
100.0 100.0 
5.063870194583964 4.825870582838442 28:1.0 258:1.0 
100.0 100.0 
100.0 100.0 
32.03993340188186 9.246658894730821 78:1.0 
100.0 100.0 
100.0 100.0 
2.434063849411963 0.0 22:1.0 90:1.0 115:1.0 
100.0 100.0 
100.0 100.0 
100.0 100.0 
100.0 100.0 
100.0 9.246157762017049 144:1.0 
100.0 100.0 
100.0 100.0 
100.0 100.0 
100.0 100.0 
100.0 100.0 
100.0 100.0 
5.071723727981809 0.0 204:1.0 226:1.0 
100.0 100.0 
100.0 100.0 
6.336444917795908 2.8929021882453667 60:1.0 233:1.0 
4.667681878491153 4.1923865964865294 256:1.0 307:1.0 
100.0 100.0 
99.89298729457259 9.244807246659514 246:1.0 
100.0 100.0 
100.0 100.0 
100.0 100.0 
100.0 9.246498856461654 207:1.0 
100.0 100.0 
17.177284994795446 100.0 18:1.0 
100.0 100.0 178:1.0 
100.0 8.7712616887468 117:1.0 
100.0 100.0 
100.0 100.0 
100.0 100.0 
100.0 100.0 
9.698682952434494 5.587146870820979 96:1.0 
100.0 100.0 
1.9737240716630111 98.97494832164814 258:1.0 
100.0 100.0 
100.0 100.0 
100.0 100.0 
100.0 100.0 
100.0 100.0 
100.0 100.0 
100.0 100.0 
100.0 100.0 
100.0 100.0 
100.0 100.0 
100.0 100.0 
100.0 100.0 
1.5797510487020734 1.0419463142578365 72:1.0 92:1.0 195:1.0 278:1.0 306:1.0 
100.0 100.0 
100.0 100.0 
100.0 100.0 
100.0 100.0 
100.0 100.0 
100.0 100.0 
100.0 100.0 
100.0 100.0 
100.0 100.0 
100.0 100.0 
100.0 100.0 
9.69888951161351 4.849385261220092 54:1.0 
100.0 100.0 
100.0 100.0 
100.0 19.904277357836207 30:1.0 
100.0 100.0 
100.0 100.0 
100.0 100.0 
100.0 100.0 
100.0 100.0 
100.0 100.0 
100.0 100.0 
100.0 100.0 
9.698988706048349 4.829527759494416 67:1.0 147:1.0 
100.0 100.0 
100.0 100.0 
99.98909647248547 9.243126871670384 271:1.0 
9.698886412637185 99.96046132141639 47:1.0 
100.0 100.0 
100.0 14.846337322575112 142:1.0 
100.0 100.0 
100.0 100.0 
100.0 100.0 
100.0 100.0 
100.0 100.0 
100.0 100.0 
100.0 100.0 
100.0 100.0 
100.0 100.0 
100.0 100.0 
100.0 4.877997516581342 67:1.0 
100.0 100.0 
100.0 100.0 
100.0 100.0 
100.0 100.0 87:1.0 
100.0 100.0 
100.0 100.0 
100.0 100.0 102:1.0 
100.0 100.0 
0.0 100.0 147:1.0 211:1.0 298:1.0 
100.0 100.0 
100.0 100.0 
100.0 100.0 
100.0 100.0 
9.698964722414534 100.0 222:1.0 
100.0 100.0 
100.0 100.0 
100.0 100.0 
100.0 100.0 
9.699185899978698 9.245556804879335 3:1.0 
100.0 100.0 
100.0 100.0 
100.0 100.0 
100.0 100.0 
-0.02172875028521777 0.0 262:1.0 
-0.480594683614163 0.031569217420087566 5:1.0 63:1.0 
-10.10738332445819 100.0 83:1.0 
-0.6810640654022897 19.932036926620523 184:1.0 259:1.0 
-1.333486316342318 1.204706898652234 52:1.0 
-0.0 7.076493484921215 50:1.0 274:1.0 
-5.91612409609412 100.0 99:1.0 
-0.12159715075817143 98.39176134180624 198:1.0 
-0.0 0.6873225895594055 75:1.0 255:1.0 
-1.332752071456631 10.127400811350983 194:1.0 
-1.3362096934409375 11.480496598164338 136:1.0 183:1.0 
-0.0 1.919414157683255 193:1.0 
-7.069781108733215 1.5009292047672065 233:1.0 
-20.010200751105526 1.501866733444204 8:1.0 
-0.30873985025006956 0.0 68:1.0 140:1.0 
-55.76247762384878 1.4986644151440165 19:1.0 151:1.0 
-0.6759573788411137 0.0 241:1.0 
-1.3984289830797674 1.5702040430096067 210:1.0 289:1.0 
-1.3133814039700529 13.082783137810296 6:1.0 88:1.0 192:1.0 269:1.0 
-1.3997451684783482 11.481237208325764 61:1.0 139:1.0 234:1.0 
-1.2264664235791183 100.0 257:1.0 265:1.0 
-0.5743733754401077 100.0 137:1.0 
-1.3332909828524793 6.017033495617663 62:1.0 
-1.3736985311973389 0.0 219:1.0 
-0.7933869789099112 0.0 239:1.0 
-0.004261002247420293 0.0 247:1.0 
-1.2637730534148575 100.0 184:1.0 203:1.0 252:1.0 
-0.7195060543882565 0.0 259:1.0 
-0.48534104772880626 4.148294218599623 38:1.0 73:1.0 
-1.3356448900523459 99.58103814374492 193:1.0 
-55.10070456666846 0.0 117:1.0 
-7.8399889358468675 1.5006327570066609 226:1.0 
-15.641663868635552 0.0 168:1.0 
-0.7615867565290715 1.452693565757682 20:1.0 122:1.0 273:1.0 280:1.0 
-1.3345189483847475 100.0 2:1.0 
-0.05488933715161938 100.0 267:1.0 
-1.2594058448206595 11.48142609847105 140:1.0 223:1.0 
-1.3346227897831913 100.0 16:1.0 
-7.919893261326872 3.2657645528414694 64:1.0 103:1.0 130:1.0 189:1.0 282:1.0 297:1.0 
-100.0 100.0 87:1.0 
-0.6847359913483929 100.0 196:1.0 
-0.0198926432941103 0.0 33:1.0 
-1.4131475587507285 1.4980796490057284 143:1.0 267:1.0 
-11.320680024320769 0.0 21:1.0 78:1.0 
-1.8884489316929722 4.175858160673337 27:1.0 50:1.0 182:1.0 299:1.0 304:1.0 
-9.127305412453726 1.496729729746818 150:1.0 218:1.0 
-0.0 100.0 73:1.0 
-0.6814607669102205 0.1486337553770341 244:1.0 
-0.02075374126892973 0.0 108:1.0 
-100.0 1.5001448536391007 125:1.0 
-100.0 53.703848507820645 182:1.0 
-100.0 24.008923891959487 30:1.0 230:1.0 
-0.7245900648346008 100.0 129:1.0 
-0.2367969709126114 1.0050337974948351 29:1.0 91:1.0 120:1.0 185:1.0 216:1.0 235:1.0 253:1.0 263:1.0 285:1.0 291:1.0 294:1.0 296:1.0 301:1.0 309:1.0 312:1.0 
-0.0 100.0 157:1.0 
-1.677469279351499 0.0 144:1.0 
-100.0 53.83243618722018 143:1.0 
-0.01302753934752795 8.888825474972366 164:1.0 
-1.3362716392249092 1.5004030319989021 141:1.0 165:1.0 
-0.0828664507791393 0.0 44:1.0 100:1.0 124:1.0 295:1.0 308:1.0 
-10.349167403918127 7.78807717174531 15:1.0 34:1.0 175:1.0 
-0.0 3.526175837211156 21:1.0 
-0.4696872867009053 1.3684630042958161 5:1.0 101:1.0 
-0.5135901974355996 0.0 107:1.0 
-0.01075078745036876 0.0 39:1.0 
-0.7659941306281907 3.016654612213903 121:1.0 198:1.0 
-0.0 2.025273874017251 133:1.0 
-5.9166211230378405 100.0 28:1.0 
-1.0239630672833506 19.032007629513693 118:1.0 
-0.0048740784473907985 0.0 188:1.0 
-0.4034128937666844 0.6938933890787512 49:1.0 122:1.0 
-0.16336013856487447 0.0 94:1.0 116:1.0 
-0.5343025760448299 6.773668118955435 73:1.0 149:1.0 228:1.0 284:1.0 
-2.901161186973004 0.0 67:1.0 114:1.0 
-100.0 1.768271361624793 204:1.0 
-0.6871267177034727 0.0 199:1.0 
-0.6763023238759548 100.0 20:1.0 129:1.0 
-1.3341802673429497 1.5000400864037207 214:1.0 
-100.0 1.499801084195068 246:1.0 
-0.6878568314279587 0.3643538632412178 152:1.0 
-0.029890989376275677 0.0 237:1.0 
-100.0 0.0 141:1.0 
-0.11045207864109763 0.0 248:1.0 
-0.08992742657338423 0.0 128:1.0 
-0.677840215900412 8.244909397992963 51:1.0 65:1.0 199:1.0 
-0.0 100.0 231:1.0 
-0.8731352119123375 1.5010543771502938 38:1.0 49:1.0 73:1.0 236:1.0 
-100.0 1.7766172160678855 86:1.0 109:1.0 242:1.0 300:1.0 305:1.0 
-0.6806921526124715 100.0 85:1.0 
-99.06690107912631 100.0 184:1.0 
-0.5881985781858813 11.479214552075895 155:1.0 270:1.0 
-0.3628296578904749 0.0 192:1.0 
-2.1676529141742327 0.03703542993572215 4:1.0 175:1.0 240:1.0 
-0.0 17.14532418394723 66:1.0 106:1.0 157:1.0 
-100.0 1.5007324210349244 159:1.0 
-0.6621467896397555 0.0 275:1.0 
-1.3983124248885745 45.33347276322934 26:1.0 69:1.0 
-0.727242511644468 0.8089767786764447 40:1.0 241:1.0 
-3.325925300865089 0.0 90:1.0 
-0.0 99.8058016925684 255:1.0 
-100.0 100.0 260:1.0 
-0.0 60.134319268088305 
-100.0 0.0 117:1.0 
-0.1253976667384447 0.0 183:1.0 
-1.59981109442639 1.0053897059767882 29:1.0 91:1.0 120:1.0 131:1.0 167:1.0 185:1.0 216:1.0 235:1.0 253:1.0 285:1.0 291:1.0 294:1.0 301:1.0 309:1.0 312:1.0 
-0.0 100.0 
-0.0 100.0 
-0.0 100.0 
-0.0 100.0 
-0.0 97.97402372558541 21:1.0 
-0.0 100.0 
-0.0 100.0 
-0.0 100.0 
-6.366272570605465 8.919492747760588 179:1.0 227:1.0 243:1.0 
-0.5838403435592097 0.0 127:1.0 172:1.0 238:1.0 
-0.38116239432376253 0.8231708685671189 238:1.0 
-0.00447209678903627 0.0 81:1.0 
-100.0 0.8088794031499487 145:1.0 
-0.0 100.0 
-0.10020777438705879 0.0 155:1.0 199:1.0 
-0.0 100.0 
-0.0 100.0 
-0.0 100.0 
-1.0931509761723972 95.54090776769826 255:1.0 
-0.0 100.0 
-0.0 100.0 
-0.0 100.0 
-0.0 100.0 
-0.0 100.0 
-0.0 100.0 
-0.0 100.0 
-0.0 100.0 
-0.07124691874023568 0.0 176:1.0 
-0.0 100.0 
-0.0 45.83674682407833 269:1.0 
-0.0 100.0 
-0.0 100.0 
-0.9156357503921945 0.0 143:1.0 215:1.0 
-0.6831278033847842 26.607514933215025 138:1.0 184:1.0 
-0.0 100.0 
-0.0 22.17030297156677 59:1.0 73:1.0 
-0.7173640022322425 22.835997301914038 95:1.0 173:1.0 250:1.0 
-0.0 100.0 
-0.0 100.0 
-100.0 2.5859995777106777 90:1.0 
-1.3350794580503937 99.4725605026205 133:1.0 
-1.3348900757401108 12.412607778520085 37:1.0 
-0.6531310748799987 100.0 122:1.0 273:1.0 280:1.0 
-0.0 100.0 
-0.0 100.0 
-0.0 100.0 
-0.0 100.0 
-0.5780577271940969 0.8266723405374792 134:1.0 172:1.0 238:1.0 
-1.232399519536074 5.370743670175779 249:1.0 
-0.0 100.0 
-100.0 100.0 139:1.0 
-0.6855783410798246 0.3645506371090605 161:1.0 
-0.0 100.0 
-1.335566175267149 0.0 126:1.0 
-0.0 100.0 
-5.323028421755113 3.0744738090721357 46:1.0 64:1.0 104:1.0 166:1.0 182:1.0 225:1.0 261:1.0 283:1.0 290:1.0 292:1.0 
-0.0 100.0 
-0.2371259595263119 0.7798390563877154 108:1.0 269:1.0 
-100.0 1.500299883409446 271:1.0 
-0.0 100.0 
-0.0 100.0 
-0.0 100.0 
-0.0 100.0 
-0.0 100.0 
-0.0 100.0 
-0.40672380668335806 80.92727583074083 51:1.0 68:1.0 
-9.13214064096096 0.0 18:1.0 67:1.0 123:1.0 
-0.0 100.0 
-0.0 100.0 
-0.0 100.0 
-0.0 100.0 
-0.0 100.0 
-0.11163562304661155 55.834074229556656 249:1.0 265:1.0 
-0.8740552587272317 1.53094022051011 11:1.0 152:1.0 161:1.0 170:1.0 
-11.315816687775731 28.705423566693693 25:1.0 197:1.0 
-61.91429655846748 100.0 
-100.0 100.0 
-100.0 100.0 
-100.0 100.0 
-0.0 100.0 269:1.0 
-100.0 100.0 
-100.0 100.0 
-100.0 100.0 
-100.0 100.0 
-100.0 100.0 
-100.0 100.0 
-100.0 100.0 
-100.0 100.0 
-99.9612612842869 1.4977557327774362 219:1.0 
-100.0 100.0 
-100.0 100.0 
-0.5068213260174181 0.3026823105876073 29:1.0 91:1.0 120:1.0 131:1.0 167:1.0 185:1.0 216:1.0 253:1.0 263:1.0 285:1.0 294:1.0 296:1.0 312:1.0 
-1.3365995094814394 100.0 254:1.0 
-100.0 100.0 
-100.0 100.0 
-100.0 100.0 
-0.6962914714155845 6.325593409667058 106:1.0 111:1.0 
-0.7227270564858028 11.480856469394022 41:1.0 148:1.0 
-100.0 100.0 
-100.0 100.0 
-100.0 100.0 
-100.0 100.0 
-100.0 100.0 
-100.0 100.0 
-0.6507065368662677 0.0 212:1.0 
-100.0 100.0 
-100.0 100.0 
-0.0 2.266020410574456 200:1.0 
-100.0 100.0 
-0.7539181578870608 24.44532815576053 68:1.0 212:1.0 
-100.0 100.0 
-0.3001637954602579 0.0 252:1.0 
-100.0 100.0 
-0.8593150856198669 0.8245980711878187 134:1.0 
-100.0 100.0 
-100.0 100.0 
-0.6754585043894793 0.0 40:1.0 
-100.0 100.0 
-0.6963291665882241 6.299642665074332 111:1.0 201:1.0 
-1.2394252962331256 11.48086684737062 58:1.0 116:1.0 
-100.0 100.0 
-100.0 100.0 
-0.3306007671466972 5.508130856293917 67:1.0 75:1.0 91:1.0 265:1.0 
-100.0 100.0 
-100.0 100.0 
-100.0 100.0 
-100.0 100.0 
-1.161334274224459 1.5014654589212715 57:1.0 
-100.0 100.0 
-0.6825556008131441 94.0830966508925 213:1.0 
-100.0 100.0 
-100.0 100.0 
-0.0340739602880531 0.0 76:1.0 112:1.0 311:1.0 
-1.3341536834661036 99.23528795766177 200:1.0 
-0.00647616117586291 1.9727797267976974 55:1.0 135:1.0 181:1.0 187:1.0 277:1.0 288:1.0 303:1.0 
-100.0 100.0 
-100.0 100.0 
-100.0 100.0 
-100.0 100.0 
-99.25277564077193 100.0 
-100.0 100.0 
-0.2946329505646164 2.273494485093085 276:1.0 
-100.0 100.0 
-100.0 100.0 
-100.0 100.0 99:1.0 
-100.0 100.0 
-100.0 100.0 
-100.0 100.0 
-100.0 100.0 
-100.0 100.0 
-100.0 100.0 
-100.0 100.0 
-0.678499523560732 14.200872501260354 146:1.0 168:1.0 
-0.6665937892791823 0.0 11:1.0 180:1.0 
-100.0 100.0 
-100.0 100.0 
-2.008911933774935 0.0 66:1.0 110:1.0 
-0.0 100.0 51:1.0 
-1.3339938014384523 100.0 80:1.0 
-100.0 100.0 
-100.0 100.0 
-5.850452156263403 72.10005313780486 176:1.0 
-100.0 100.0 
-0.019874793469019967 0.0 188:1.0 
-100.0 100.0 
-100.0 100.0 
-100.0 100.0 
-100.0 100.0 
-0.4937616220362209 55.84438844931099 247:1.0 
-2.0206425976414675 9.437427748524826 33:1.0 
-100.0 100.0 
-100.0 100.0 
-100.0 100.0 
-100.0 100.0 
-99.76457680072045 0.0 67:1.0 
-0.9438902356583926 4.921974821407807 7:1.0 119:1.0 270:1.0 310:1.0 
-100.0 100.0 
-100.0 100.0 
-0.12487783034233345 100.0 165:1.0 
-100.0 100.0 
-100.0 100.0 
-0.18866504749694668 0.0 234:1.0 
-97.50451203857739 100.0 
-100.0 100.0 
-100.0 100.0 143:1.0 
-100.0 100.0 
-0.721681419171666 11.478430080990947 85:1.0 117:1.0 
-100.0 100.0 
-50.88250537479772 64.91915279409432 102:1.0 
-100.0 100.0 
-100.0 100.0 
-100.0 100.0 
-100.0 100.0 
-12.026059561010557 6.017586079751691 115:1.0 
-100.0 100.0 
-100.0 100.0 
-100.0 63.761036870651225 141:1.0 
-0.7326637865133184 6.533562342606776 127:1.0 215:1.0 232:1.0 
-100.0 100.0 
-0.29284613839135354 0.0 250:1.0 
-100.0 100.0 
-100.0 100.0 
-100.0 100.0 
-100.0 100.0 
-1.3332407259927146 100.0 268:1.0 
-100.0 100.0 
-100.0 100.0 
-100.0 100.0 
-100.0 100.0 
-1.1742861715341435 0.7753400691456712 207:1.0 272:1.0 
-100.0 100.0 
-100.0 100.0 
-1.0655531960706828 100.0 93:1.0 
-100.0 100.0 
-100.0 100.0 
-100.0 100.0 
-100.0 100.0 
-100.0 0.7978081373646227 207:1.0 
-100.0 100.0 
-100.0 100.0 
-100.0 100.0 
-1.3192066863602008 97.16492933001557 164:1.0 
-0.7204183561303157 1.4985073057952716 31:1.0 244:1.0 
-100.0 100.0 
-100.0 100.0 
-100.0 100.0 
-100.0 100.0 
-100.0 100.0 
-0.0 29.559199905602313 59:1.0 
-100.0 100.0 
-100.0 100.0 
-100.0 100.0 
-100.0 100.0 
-100.0 100.0 
-100.0 100.0 
-100.0 100.0 
-0.7242712737109452 28.81112516230083 17:1.0 220:1.0 
-100.0 100.0 
-100.0 100.0 
-0.3146423555657488 0.3533106958142256 100:1.0 
-0.3835532249262406 0.8220009443326993 172:1.0 
-100.0 100.0 
-100.0 100.0 
-100.0 100.0 
-1.0396176644249449 99.22747782179178 276:1.0 
-100.0 100.0 
-0.7455234304880213 2.008151102515456 95:1.0 
-100.0 100.0 178:1.0 
-100.0 100.0 
-0.001666950971482404 5.9203518833290945 4:1.0 52:1.0 255:1.0 
-100.0 100.0 
-100.0 100.0 
-0.0 98.97143615614576 269:1.0 
-100.0 100.0 
-100.0 100.0 
-100.0 100.0 
-100.0 100.0 
-11.320268486627903 100.0 56:1.0 157:1.0 
-100.0 100.0 
-100.0 100.0 
-100.0 100.0 
-1.6940817935019774 99.93375352132483 55:1.0 135:1.0 181:1.0 187:1.0 277:1.0 288:1.0 303:1.0 
-100.0 100.0 
-100.0 100.0 
-1.4272550819742997 1.6400452009368327 76:1.0 112:1.0 311:1.0 
-100.0 100.0 
-1.3098690028738353 1.5007239477287848 188:1.0 
-100.0 100.0 
-100.0 100.0 
-100.0 100.0 
-0.0 3.722428489480663 39:1.0 
-100.0 100.0 
-100.0 100.0 
-100.0 100.0 
-100.0 100.0 
-100.0 100.0 
-100.0 100.0 
-100.0 100.0 
-14.774209790230582 6.534541301921797 9:1.0 42:1.0 78:1.0 
-100.0 100.0 
-100.0 100.0 
-100.0 100.0 
-100.0 100.0 
-100.0 100.0 
-1.108536962860207 4.92266816783385 107:1.0 114:1.0 180:1.0 231:1.0 
-100.0 100.0 
-100.0 100.0 
-100.0 100.0 
-0.6133627909948097 0.0 36:1.0 169:1.0 250:1.0 293:1.0 
-0.7504169880646848 57.94038691491292 41:1.0 236:1.0 
-0.6854379846666675 100.0 170:1.0 
-100.0 100.0 
-0.5495491940527879 0.8252631629896063 59:1.0 143:1.0 272:1.0 
-100.0 100.0 
-100.0 100.0 
-55.75522781397907 4.258431528536346 105:1.0 
-0.0 100.0 162:1.0 
-0.0 3.9736701857936465 250:1.0 
-100.0 100.0 
-0.6833681490294229 8.779952675643996 162:1.0 168:1.0 
-100.0 1.5017001495278337 126:1.0 
-100.0 100.0 
-100.0 100.0 
-0.581260542233253 14.193436366539435 1:1.0 51:1.0 98:1.0 
-100.0 100.0 176:1.0 
-0.06567678669956593 5.662774141047851 35:1.0 46:1.0 88:1.0 186:1.0 286:1.0 
-0.24414350318252076 99.9602122468044 156:1.0 
-100.0 100.0 
-100.0 100.0 
-1.3136588657863393 1.499915356011609 262:1.0 
-100.0 100.0 
-2.2618524469899732 0.0 132:1.0 
-3.448694065848161 0.0 50:1.0 182:1.0 304:1.0 
-100.0 100.0 
-100.0 99.99452341850156 244:1.0 
-0.7433470061109496 11.480172510147634 17:1.0 275:1.0 
-3.5341927460007874 100.0 162:1.0 
-100.0 100.0 
-0.5121622955172969 100.0 35:1.0 
-100.0 100.0 
-0.0 99.51973203757215 189:1.0 
-100.0 100.0 
-100.0 100.0 
-100.0 100.0 
-0.0 0.7656873391654294 241:1.0 
-11.321999031856338 19.931102185373444 48:1.0 264:1.0 
-100.0 100.0 
-100.0 100.0 
-100.0 100.0 
-1.2238521466487922 6.014453280295872 248:1.0 
-100.0 100.0 
-100.0 100.0 
-100.0 100.0 
-100.0 100.0 
-100.0 100.0 
-100.0 100.0 
-0.0 0.04017512968639315 29:1.0 91:1.0 120:1.0 185:1.0 216:1.0 235:1.0 253:1.0 285:1.0 291:1.0 294:1.0 301:1.0 309:1.0 312:1.0 
-100.0 100.0 
-100.0 100.0 
-100.0 100.0 
-100.0 100.0 
-100.0 100.0 
-1.1001866451036113 9.823889341059274 108:1.0 
-100.0 100.0 
-0.29942475799698576 0.0 91:1.0 93:1.0 
-100.0 100.0 
-100.0 19.71987461599672 142:1.0 
-100.0 100.0 
-100.0 100.0 
-0.0 14.920177391666966 88:1.0 123:1.0 141:1.0 274:1.0 
-100.0 100.0 
-100.0 100.0 
-100.0 100.0 
-1.4409016489486137 1.7083796898699812 44:1.0 100:1.0 124:1.0 295:1.0 308:1.0 
-94.12697274571197 100.0 231:1.0 
-100.0 100.0 
-100.0 100.0 
-100.0 98.915073581153 90:1.0 
-100.0 100.0 
-100.0 100.0 
-100.0 100.0 
-100.0 100.0 
-100.0 100.0 
-100.0 100.0 
-100.0 100.0 
-100.0 100.0 
-100.0 100.0 
-100.0 100.0 
-0.0 0.123710666945684 272:1.0 
-1.3383214423889316 0.7656521135604474 33:1.0 145:1.0 
-0.9155813869891004 0.0 149:1.0 228:1.0 284:1.0 
-100.0 0.7657493246675259 40:1.0 
-100.0 100.0 
-0.718789186149567 8.197971714762478 196:1.0 213:1.0 
-1.302653179130019 19.717823290027244 237:1.0 
-100.0 100.0 
-100.0 100.0 
-100.0 100.0 
-100.0 100.0 
-55.75935275822016 40.429967350050575 45:1.0 102:1.0 
-100.0 100.0 
-100.0 100.0 
-0.16045838885759378 0.4221934338632861 20:1.0 
-1.3299877756499296 1.5018275956640281 81:1.0 
-1.1467779123102155 4.255016405279345 36:1.0 169:1.0 173:1.0 202:1.0 293:1.0 
-100.0 0.0 168:1.0 
-100.0 100.0 
-0.6326270025695709 0.46229591074879733 5:1.0 121:1.0 198:1.0 
-100.0 100.0 
-0.38617205323642867 0.0 148:1.0 
-100.0 100.0 
-58.746647923123135 100.0 231:1.0 
-100.0 100.0 
-100.0 100.0 
-100.0 100.0 
-100.0 100.0 
-0.0 55.837913608748 218:1.0 221:1.0 
-100.0 100.0 
-100.0 100.0 
-0.718430123260934 0.0 138:1.0 
-100.0 100.0 
-0.3408904332285288 0.7592531978616816 59:1.0 118:1.0 
-100.0 100.0 
-100.0 100.0 
-100.0 100.0 
-0.46213996512338695 0.0 7:1.0 119:1.0 310:1.0 
-100.0 100.0 
-100.0 100.0 
-100.0 100.0 
-100.0 100.0 
-1.3359011252000361 74.2097387486707 14:1.0 
-100.0 100.0 
-100.0 100.0 
-0.19005408017459313 0.0 57:1.0 116:1.0 
-0.48576965815510004 0.0 119:1.0 143:1.0 
-100.0 100.0 
-100.0 100.0 
-100.0 100.0 
-100.0 100.0 
-100.0 100.0 
-100.0 100.0 
-100.0 100.0 
-100.0 100.0 
-1.2423572054160084 1.4987949843117556 128:1.0 
-100.0 100.0 
-100.0 100.0 
-100.0 100.0 
-0.18841691402028218 19.846426627616477 149:1.0 
-100.0 100.0 
-100.0 100.0 
-100.0 100.0 
-100.0 100.0 
-100.0 100.0 
-100.0 100.0 
-100.0 100.0 
-100.0 100.0 
-100.0 100.0 
-100.0 100.0 
-100.0 100.0 
-100.0 100.0 
-0.7230609375735486 55.83129554522362 59:1.0 232:1.0 
-100.0 100.0 
-100.0 100.0 
-0.9113778221593332 100.0 101:1.0 
-100.0 100.0 
-100.0 100.0 
-1.1877405435353554 100.0 94:1.0 
-100.0 100.0 
-100.0 1.4997510499931694 77:1.0 
-100.0 100.0 
-0.0 49.623464810372425 218:1.0 
-100.0 100.0 
-0.25474685202678127 0.0 127:1.0 
-100.0 100.0 
-100.0 100.0 
-100.0 100.0 
-0.6811399974528116 0.0 220:1.0 
-100.0 100.0 
-0.6806303936183736 100.0 31:1.0 
-55.7656855025576 14.790989934762873 208:1.0 231:1.0 
-100.0 100.0 
-100.0 100.0 
-100.0 100.0 
-100.0 100.0 
-100.0 100.0 
-100.0 100.0 
-100.0 100.0 
-0.0 1.853935831749808 190:1.0 
-0.8999132835752222 1.473191478348537 63:1.0 
-100.0 100.0 
-100.0 100.0 
-100.0 100.0 
-100.0 100.0 
-0.8376446288526979 1.2053036187211856 65:1.0 137:1.0 
-100.0 100.0 
-100.0 100.0 
-100.0 100.0 
-96.86969010342577 0.0 151:1.0 
-100.0 100.0 
-100.0 100.0 
-100.0 100.0 
-99.07343439080907 1.4986551203057734 132:1.0 
-100.0 100.0 
-100.0 100.0 
-0.0 95.12257800883994 34:1.0 
-0.0 100.0 122:1.0 273:1.0 280:1.0 
-0.26331690377461403 0.7577179892055158 255:1.0 269:1.0 
-100.0 100.0 
-100.0 100.0 
-1.3342047699580513 99.6469933730174 190:1.0 
-100.0 100.0 
-10.593281537374192 1.5001200970267643 239:1.0 
-100.0 100.0 
-0.0 94.19505588754146 179:1.0 
-1.2865256685953466 0.0 75:1.0 114:1.0 
-0.0 100.0 85:1.0 
-100.0 100.0 
-0.3234940936547457 0.0 91:1.0 148:1.0 
-1.3215438199383351 97.7774952460629 39:1.0 
-100.0 100.0 
-100.0 100.0 
-100.0 100.0 
-100.0 100.0 
-100.0 100.0 205:1.0 
-2.0468280832220707 1.1916843136024833 29:1.0 120:1.0 131:1.0 167:1.0 185:1.0 263:1.0 296:1.0 312:1.0 
-1.3323979396673515 55.86134115329084 82:1.0 
-0.7226688240215295 6.652299176674385 146:1.0 
-1.0512378392654131 0.0 35:1.0 111:1.0 186:1.0 286:1.0 
-1.1296185107458032 0.0 77:1.0 155:1.0 156:1.0 247:1.0 
-100.0 100.0 
-99.659031575475 1.499757265771199 144:1.0 
-100.0 100.0 
-54.008692416320656 0.14518125078370733 151:1.0 
-100.0 100.0 
-100.0 100.0 
-1.8344720025627215 2.7621132896606477 46:1.0 103:1.0 130:1.0 297:1.0 
-100.0 100.0 
-0.30907101000449605 1.8786796128858299 49:1.0 75:1.0 156:1.0 
-0.8733207742070394 0.0 1:1.0 98:1.0 
-100.0 100.0 
-100.0 100.0 
-100.0 100.0 
-0.0 29.30526760897431 71:1.0 197:1.0 270:1.0 
-0.0 -100.0 
-0.0 -100.0 
-0.0 -100.0 
-0.0 -100.0 
-6.184271189638464 -9.533178386614539 23:1.0 
-0.0 -100.0 
-0.0 -100.0 
-0.02799987036612665 -19.91860692098658 85:1.0 
-100.0 -5.0150912217485395 18:1.0 
-0.0 -100.0 
-0.0 -100.0 
-0.0 -100.0 
-0.0 -100.0 
-0.0 -100.0 
-0.0 -100.0 
-0.0 -100.0 
-100.0 -100.0 56:1.0 
-0.0 -100.0 
-100.0 -100.0 205:1.0 
-0.0 -100.0 
-0.0 -100.0 
-0.0 -100.0 
-0.1697638396553081 -100.0 129:1.0 
-0.5370828774905513 -10.902127860190886 265:1.0 
-100.0 -9.533507108497274 24:1.0 
-0.0 -100.0 
-0.03587633919211691 -100.0 51:1.0 
-0.0 -100.0 
-0.0 -100.0 
-0.0 -100.0 
-0.0 -100.0 
-0.0 -100.0 
-0.0 -100.0 
-0.0 -100.0 
-100.0 -100.0 139:1.0 
-0.0 -100.0 
-0.0 -100.0 
-0.0 -100.0 
-0.0 -100.0 
-0.0 -100.0 
-1.7877737579812347 -100.0 276:1.0 
-11.774278497441447 -60.080171294773706 82:1.0 143:1.0 
-0.0 -100.0 
-0.15209070978914108 -1.2080201031903968 223:1.0 
-0.0 -100.0 
-0.0 -100.0 
-0.0 -100.0 
-0.1738546069460209 -0.8441088944558972 217:1.0 
-0.0 -100.0 
-100.0 -100.0 102:1.0 
-0.0 -100.0 
-0.0 -100.0 
-100.0 -35.50507304147573 25:1.0 
-0.0 -100.0 
-28.710031247129628 -4.9934135021822925 115:1.0 258:1.0 
-0.0 -100.0 
-43.43719702992137 -100.0 
-100.0 -100.0 
-100.0 -100.0 
-0.01999100037133956 -15.120333776918548 232:1.0 
-100.0 -100.0 
-1.8720552976869544 -5.029989905023205 52:1.0 229:1.0 
-100.0 -100.0 
-100.0 -100.0 
-100.0 -100.0 
-0.4097424808776745 -0.0 154:1.0 265:1.0 
-100.0 -100.0 
-100.0 -100.0 
-100.0 -100.0 
-100.0 -100.0 
-1.7898511467079798 -9.938980532827514 61:1.0 139:1.0 
-100.0 -100.0 
-100.0 -100.0 
-100.0 -100.0 
-1.7866252346468043 -100.0 267:1.0 
-100.0 -100.0 
-100.0 -100.0 
-100.0 -100.0 
-0.26371644984757625 -9.540987445708959 16:1.0 
-1.6902201208897616 -4.990541608063321 154:1.0 248:1.0 
-0.004923798432243727 -0.02450129301007985 257:1.0 
-100.0 -100.0 
-100.0 -100.0 
-100.0 -100.0 
-100.0 -100.0 
-0.0 -100.0 255:1.0 
-1.7860817713519552 -100.0 200:1.0 
-100.0 -100.0 
-100.0 -100.0 
-100.0 -100.0 
-0.0 -100.0 162:1.0 
-100.0 -100.0 
-11.774037624001918 -15.302811603563239 14:1.0 15:1.0 
-1.7871590901707586 -100.0 34:1.0 
-0.960299051668774 -8.187432487449211 80:1.0 196:1.0 
-1.7877532480765568 -10.78516221275749 166:1.0 
-100.0 -100.0 
-100.0 -100.0 
-0.0 -11.575412983245712 201:1.0 
-0.0 -17.99553282163335 26:1.0 73:1.0 149:1.0 
-100.0 -100.0 
-1.7859224888493874 -100.0 190:1.0 
-100.0 -100.0 
-100.0 -100.0 
-1.7868145147153858 -100.0 68:1.0 
-100.0 -100.0 
-100.0 -100.0 
-100.0 -100.0 
-100.0 -100.0 
-100.0 -100.0 
-1.7852759226040211 -100.0 31:1.0 
-5.403567865657943 -21.985706729050303 73:1.0 146:1.0 168:1.0 
-100.0 -100.0 
-100.0 -100.0 
-100.0 -100.0 
-100.0 -100.0 
-1.7898895474009195 -6.649975046135082 65:1.0 157:1.0 
-0.0 -52.38562029937745 184:1.0 
-1.786572201772979 -100.0 255:1.0 
-0.9704100785379445 -0.0 110:1.0 265:1.0 
-1.7860258981009245 -100.0 39:1.0 
-100.0 -100.0 
-11.772285295275873 -27.543846605392616 141:1.0 274:1.0 
-100.0 -100.0 
-100.0 -100.0 
-100.0 -100.0 
-100.0 -100.0 
-100.0 -100.0 
-100.0 -100.0 
-6.154080913881977 -100.0 99:1.0 
-100.0 -100.0 
-100.0 -100.0 
-100.0 -100.0 
-100.0 -100.0 
-100.0 -100.0 
-0.0 -100.0 162:1.0 
-100.0 -100.0 
-100.0 -100.0 
-100.0 -100.0 
-100.0 -100.0 
-5.242085582040561 -3.703204313181211 35:1.0 186:1.0 258:1.0 286:1.0 
-100.0 -100.0 
-100.0 -100.0 
-100.0 -100.0 260:1.0 
-100.0 -100.0 
-100.0 -100.0 
-0.0 -100.0 35:1.0 
-100.0 -100.0 
-1.7856567030893342 -2.3653985448402732 121:1.0 184:1.0 
-100.0 -100.0 
-0.9427889386608218 -48.58595870064118 69:1.0 
-0.03930609928612603 -0.32001042756625486 163:1.0 
-100.0 -100.0 
-1.7868665694781918 -100.0 179:1.0 
-100.0 -100.0 
-100.0 -100.0 
-100.0 -100.0 
-100.0 -100.0 
-100.0 -100.0 
-100.0 -100.0 
-1.7873352494504902 -100.0 198:1.0 
-0.9160070992037477 -100.0 164:1.0 
-85.27881061045343 -100.0 
-1.1557362186928124 -12.385581348996977 202:1.0 
-100.0 -100.0 
-100.0 -100.0 
-11.772103276818564 -47.55548417536046 45:1.0 197:1.0 
-11.771660305694104 -18.046455254938554 26:1.0 243:1.0 
-100.0 -100.0 
-100.0 -100.0 
-0.0 -0.8615454642472767 27:1.0 182:1.0 299:1.0 
-1.7874539462762964 -100.0 137:1.0 
-0.04391404740575805 -1.2068028670211273 231:1.0 
-100.0 -100.0 
-100.0 -100.0 
-1.7855946195206456 -9.535006069229414 245:1.0 
-100.0 -100.0 
-0.0 -60.06209186634689 14:1.0 247:1.0 
-100.0 -100.0 
-1.7818907162831354 -99.99426498898517 257:1.0 
-100.0 -0.19517689114829634 171:1.0 
-0.049127198307554173 -0.6199429291819561 58:1.0 
-1.9806621515750058 -0.0 106:1.0 177:1.0 
-100.0 -100.0 
-0.0 -25.356058227075916 231:1.0 
-100.0 -100.0 
-100.0 -100.0 178:1.0 
-100.0 -100.0 
-100.0 -100.0 
-100.0 -100.0 
-0.0 -0.3444686150006651 232:1.0 
-0.05501837620052972 -9.535594349599686 2:1.0 
-100.0 -100.0 
-100.0 -100.0 
-0.04013292425261363 -0.7336612321411886 222:1.0 
-100.0 -100.0 
-100.0 -100.0 
-100.0 -100.0 
-0.034109294091842476 -100.0 122:1.0 273:1.0 280:1.0 
-7.136170950939288 -12.607990383416627 162:1.0 171:1.0 259:1.0 264:1.0 
-0.0 -100.0 85:1.0 
-100.0 -100.0 
-100.0 -100.0 
-1.7855946195206445 -100.0 59:1.0 
-100.0 -100.0 
-4.28436911904154 -20.048713879412222 98:1.0 176:1.0 
-100.0 -100.0 
-100.0 -100.0 
-0.16689450479018614 -8.035531000569463 157:1.0 
-100.0 -100.0 
-100.0 -100.0 
-100.0 -9.532696116659626 153:1.0 
-100.0 -100.0 
-100.0 -0.0 147:1.0 211:1.0 298:1.0 
-0.0 -5.0198130667960195 154:1.0 
-0.8503121105859428 -0.0 16:1.0 202:1.0 269:1.0 270:1.0 
-2.1621228252449605 -1.1538809512590955 224:1.0 
-100.0 -100.0 
-100.0 -100.0 
-1.8731414961970898 -9.534923431770883 53:1.0 194:1.0 
-100.0 -100.0 
-100.0 -100.0 
-100.0 -100.0 
-100.0 -100.0 
-100.0 -100.0 
-100.0 -100.0 
-100.0 -100.0 
-100.0 -100.0 
-100.0 -100.0 
-100.0 -5.015551367576709 70:1.0 
-0.903321161458705 -9.532504071080991 10:1.0 
-100.0 -100.0 
-100.0 -100.0 
-3.5794120746891678 -100.0 189:1.0 
-100.0 -100.0 
-100.0 -100.0 
-100.0 -100.0 
-100.0 -100.0 
-0.9622676829999051 -5.031832564032462 164:1.0 221:1.0 
-0.0 -4.991001295706878 97:1.0 108:1.0 
-100.0 -100.0 
-100.0 -100.0 
-100.0 -100.0 
-100.0 -100.0 
-100.0 -100.0 
-100.0 -100.0 
-100.0 -100.0 
-100.0 -100.0 
-0.9169265461490247 -100.0 196:1.0 
-1.2370838263530577 -0.0 150:1.0 162:1.0 270:1.0 
-100.0 -100.0 
-100.0 -100.0 
-100.0 -100.0 
-100.0 -100.0 
-100.0 -100.0 
-3.9052185196382325 -0.0 56:1.0 73:1.0 177:1.0 
-0.0 -0.47328609114734876 265:1.0 
-100.0 -100.0 176:1.0 
-100.0 -100.0 
-98.5583648776817 -100.0 184:1.0 
-100.0 -100.0 
-100.0 -100.0 
-100.0 -100.0 
-13.127107056238158 -4.466133400020383 84:1.0 201:1.0 208:1.0 
-100.0 -100.0 
-0.8928959233851039 -99.99159238933457 16:1.0 
-100.0 -100.0 
-1.7885105799261698 -100.0 165:1.0 
-0.0 -21.168580008690775 203:1.0 220:1.0 
-100.0 -100.0 
-10.148829236088543 -14.883457630691774 9:1.0 
-100.0 -100.0 
-100.0 -100.0 
-100.0 -100.0 
-100.0 -100.0 
-100.0 -100.0 
-100.0 -100.0 
-100.0 -100.0 
-100.0 -100.0 
-0.9040858517676948 -33.524520108801205 71:1.0 
-100.0 -100.0 
-100.0 -4.98213901010929 229:1.0 
-100.0 -100.0 
-1.7364709550584303 -19.30190908480681 58:1.0 
-100.0 -100.0 
-0.0 -1.107828882533492 206:1.0 
-100.0 -100.0 
-1.5594464920276732 -60.110074153005776 249:1.0 269:1.0 
-100.0 -100.0 
-100.0 -100.0 
-100.0 -100.0 
-19.50018127497482 -2.6788219616920133 13:1.0 84:1.0 
-100.0 -100.0 
-100.0 -100.0 
-1.7869152654734084 -100.0 21:1.0 
-2.1218954038452305 -1.387752850853469 43:1.0 158:1.0 160:1.0 281:1.0 302:1.0 
-100.0 -100.0 
-1.87370829326287 -4.99378013448222 18:1.0 62:1.0 
-0.0 -100.0 269:1.0 
-100.0 -100.0 
-100.0 -100.0 
-100.0 -100.0 
-100.0 -100.0 
-100.0 -100.0 
-100.0 -100.0 
-100.0 -5.01934647781441 97:1.0 
-100.0 -100.0 
-100.0 -100.0 
-100.0 -100.0 
-100.0 -4.753981743181101 191:1.0 
-100.0 -100.0 244:1.0 
-1.758813529250673 -100.0 85:1.0 
-100.0 -100.0 
-4.2838227340210455 -57.97809812543615 176:1.0 236:1.0 
-1.6253734968142468 -3.755943581982242 32:1.0 113:1.0 149:1.0 228:1.0 284:1.0 313:1.0 
-0.0 -29.29461859520416 106:1.0 
-1.7870083456800356 -45.98916306451295 17:1.0 
-100.0 -100.0 
-100.0 -100.0 
-100.0 -100.0 
-100.0 -100.0 
-100.0 -100.0 
-1.7672982767553456 -49.93428659513317 232:1.0 
-0.9750057951627616 -0.0 10:1.0 71:1.0 
-1.7885388409027674 -100.0 20:1.0 129:1.0 
-100.0 -100.0 
-1.787753248076562 -34.072507323141224 88:1.0 
-1.7877580860872664 -9.532079794863947 79:1.0 
-100.0 -100.0 
-100.0 -100.0 
-100.0 -100.0 
-100.0 -100.0 
-0.0 -90.9095508503525 184:1.0 203:1.0 252:1.0 
-1.7855981533659846 -100.0 170:1.0 
-100.0 -100.0 
-100.0 -100.0 
-100.0 -100.0 
-1.785293327515456 -100.0 101:1.0 
-100.0 -100.0 
-100.0 -100.0 
-100.0 -100.0 
-100.0 -100.0 
-100.0 -100.0 
-100.0 -100.0 
-100.0 -100.0 
-1.78700968473986 -100.0 156:1.0 
-1.7868665694781873 -100.0 93:1.0 
-1.634493350848804 -18.714634514801325 223:1.0 
-6.601473097342351 -6.207875988838735 27:1.0 182:1.0 299:1.0 
-1.7855598538751147 -72.34686150542407 41:1.0 
-100.0 -100.0 
-100.0 -100.0 
-99.62479244022845 -8.381211850536046 224:1.0 
-100.0 -2.273974612815964 258:1.0 
-1.9232997609435603 -100.0 122:1.0 273:1.0 280:1.0 
-0.0 -8.42378851908768 206:1.0 
-100.0 -100.0 
-100.0 -100.0 
-100.0 -100.0 
-100.0 -100.0 
-100.0 -100.0 
-100.0 -100.0 
-5.593491114598809 -100.0 231:1.0 
-57.69610235243023 -0.3256428330306973 191:1.0 204:1.0 266:1.0 
-100.0 -100.0 
-100.0 -9.532841898812748 47:1.0 
-0.057929466545173405 -2.7457666600420607 6:1.0 
-0.0 -4.993980764154362 14:1.0 70:1.0 
-0.0 -8.574618125896707 4:1.0 26:1.0 37:1.0 149:1.0 
-100.0 -100.0 
-11.774302258746987 -4.989722491105862 108:1.0 191:1.0 
-100.0 -100.0 99:1.0 
-100.0 -100.0 
-1.7857825802322622 -5.038762013142712 37:1.0 184:1.0 
-100.0 -100.0 
-100.0 -100.0 
-100.0 -100.0 
-100.0 -100.0 
-0.9187279804312979 -100.0 80:1.0 
-100.0 -100.0 
-100.0 -100.0 
-100.0 -100.0 
-6.488519472128833 -55.00561409975802 182:1.0 268:1.0 
-100.0 -100.0 
-100.0 -100.0 
-100.0 -100.0 
-100.0 -100.0 
-100.0 -100.0 
-100.0 -100.0 
-100.0 -100.0 
-100.0 -100.0 
-100.0 -100.0 
-100.0 -100.0 
-100.0 -100.0 
-100.0 -100.0 
-11.773500953563003 -18.477612076323187 103:1.0 138:1.0 
-100.0 -100.0 
-0.9082745532320473 -9.53525500409248 110:1.0 
-11.77325689079568 -0.0 74:1.0 203:1.0 
-100.0 -100.0 
-1.7857943311233668 -100.0 213:1.0 
-1.8344889862939509 -25.922487099845398 95:1.0 173:1.0 212:1.0 250:1.0 
-100.0 -100.0 
-100.0 -100.0 
-100.0 -100.0 
-100.0 -100.0 
-11.774682027212693 -0.0 12:1.0 206:1.0 
-100.0 -100.0 
-100.0 -100.0 
-0.19986637466390647 -1.788717720350408 48:1.0 
-6.153283034872588 -100.0 28:1.0 
-100.0 -100.0 
-100.0 -100.0 
-100.0 -100.0 
-100.0 -100.0 
-2.4192930840130646 -0.0 222:1.0 
-1.7060737593739796 -3.371275516778163 75:1.0 105:1.0 217:1.0 
-100.0 -100.0 
-100.0 -100.0 
-100.0 -100.0 
-100.0 -100.0 
-100.0 -100.0 
-1.7463868575481443 -9.214808032676471 163:1.0 
-100.0 -100.0 
-100.0 -100.0 
-6.458411949786945 -54.982196092246355 141:1.0 268:1.0 
-100.0 -100.0 
-0.9159621153833112 -55.505000985274194 221:1.0 
-100.0 -100.0 
-100.0 -100.0 
-100.0 -100.0 
-100.0 -100.0 231:1.0 
-100.0 -100.0 
-100.0 -100.0 
-100.0 -100.0 
-100.0 -100.0 
-100.0 -100.0 
-100.0 -100.0 
-11.777462390383382 -15.304274297373558 30:1.0 209:1.0 
-1.7864466939205772 -100.0 218:1.0 
-0.16666322572830813 -9.942142626330545 61:1.0 
-99.330766539823 -8.799324758521745 222:1.0 
-100.0 -100.0 
-100.0 -100.0 
-100.0 -100.0 
-100.0 -100.0 
-100.0 -100.0 
-100.0 -100.0 
-100.0 -100.0 
-100.0 -100.0 
-0.0 -100.0 157:1.0 
-100.0 -100.0 
-0.0 -100.0 254:1.0 
-100.0 -100.0 
-100.0 -100.0 
-100.0 -100.0 143:1.0 
-100.0 -100.0 
-0.14617511323678417 -47.55805990184507 270:1.0 
-100.0 -100.0 
-100.0 -100.0 
-100.0 -100.0 
-100.0 -100.0 
-1.7942640745885623 -0.0 32:1.0 113:1.0 174:1.0 251:1.0 279:1.0 287:1.0 313:1.0 
-100.0 -100.0 
-99.86708047844714 -100.0 231:1.0 
-100.0 -100.0 
-100.0 -100.0 
-33.39265151205853 -100.0 83:1.0 
-100.0 -100.0 
-100.0 -100.0 
-100.0 -100.0 
-1.7900411937212373 -100.0 133:1.0 
-1.7858931371611024 -100.0 193:1.0 
-100.0 -100.0 
-100.0 -100.0 
-100.0 -100.0 
-100.0 -100.0 
-100.0 -100.0 
-100.0 -100.0 
-100.0 -100.0 
-100.0 -100.0 
-100.0 -100.0 
-100.0 -100.0 
-1.7510365386161215 -100.0 51:1.0 
-100.0 -100.0 
-100.0 -100.0 
-0.21903236606046445 -5.931078033429335 217:1.0 
-100.0 -100.0 
-6.841545474852685 -22.251349696862444 118:1.0 142:1.0 237:1.0 
-100.0 -100.0 
-0.0 -100.0 157:1.0 
-100.0 -100.0 
-3.9542644693268696 -9.536857592391096 33:1.0 254:1.0 
-100.0 -100.0 
-1.585738548758851 -25.77889144154066 48:1.0 
-100.0 -100.0 
-100.0 -100.0 
-100.0 -100.0 
-0.0 -100.0 73:1.0 
-6.195900320269331 -9.532348448977734 147:1.0 
-100.0 -100.0 
-100.0 -100.0 
-100.0 -100.0 87:1.0 
-100.0 -100.0 
-0.0 -43.241970862295574 265:1.0 
-100.0 -100.0 
-0.0 -100.0 269:1.0 
-0.0 -100.0 265:1.0 
-100.0 -1.5442548587145088 27:1.0 64:1.0 104:1.0 182:1.0 261:1.0 283:1.0 290:1.0 292:1.0 299:1.0 
-100.0 -100.0 
-1.138412058194079 -2.654073779654336 49:1.0 69:1.0 75:1.0 250:1.0 
-100.0 -31.25734232283394 230:1.0 
-100.0 -100.0 
-100.0 -100.0 
-100.0 -100.0 
-100.0 -100.0 
-100.0 -100.0 90:1.0 
-1.7315538255724432 -100.0 2:1.0 
-1.785604923422766 -19.921111869844243 136:1.0 
-100.0 -100.0 
-1.7853285793368103 -100.0 94:1.0 
-2.278283012033512 -100.0 55:1.0 135:1.0 181:1.0 187:1.0 277:1.0 288:1.0 303:1.0 
-100.0 -100.0 
-100.0 -100.0 
-1.7273991127916328 -16.48032633667884 6:1.0 
-98.55499332532807 -100.0 
