svm_type c_svc
kernel_type rbf
gamma 0.01
nr_class 3
total_sv 1614
rho -3.880718964550431 -5.299077878627487 4.1285092915206585
label 2 0 1
nr_sv 417 663 534
SV
10.0 10.0 
10.0 10.0 271:1.0 
10.0 10.0 
10.0 10.0 
10.0 10.0 99:1.0 204:1.0 
10.0 10.0 
10.0 10.0 
10.0 10.0 
10.0 10.0 
10.0 10.0 
10.0 10.0 
10.0 10.0 
10.0 10.0 
10.0 10.0 
10.0 10.0 33:1.0 115:1.0 226:1.0 258:1.0 
10.0 10.0 243:1.0 
10.0 10.0 
10.0 10.0 
10.0 10.0 
10.0 10.0 
10.0 10.0 
10.0 10.0 151:1.0 
10.0 10.0 
10.0 10.0 
10.0 10.0 47:1.0 
10.0 10.0 
10.0 10.0 
10.0 10.0 205:1.0 
10.0 10.0 
10.0 10.0 
10.0 10.0 
10.0 10.0 
10.0 10.0 
10.0 10.0 
10.0 10.0 159:1.0 177:1.0 
10.0 10.0 
10.0 10.0 77:1.0 
10.0 10.0 
10.0 10.0 
10.0 10.0 13:1.0 23:1.0 54:1.0 
10.0 10.0 
7.701309637069358 1.039143029530815 64:1.0 125:1.0 182:1.0 261:1.0 283:1.0 292:1.0 
10.0 10.0 
10.0 10.0 
10.0 10.0 
10.0 10.0 
10.0 10.0 
10.0 10.0 
10.0 10.0 
10.0 10.0 
10.0 10.0 
10.0 10.0 204:1.0 
10.0 10.0 
10.0 10.0 
10.0 10.0 
10.0 10.0 40:1.0 
10.0 10.0 
10.0 10.0 
10.0 10.0 
10.0 10.0 90:1.0 
10.0 10.0 
10.0 10.0 
10.0 10.0 
10.0 10.0 74:1.0 96:1.0 
10.0 10.0 141:1.0 
10.0 10.0 99:1.0 
10.0 10.0 
10.0 10.0 
0.0 2.9236194267573805 27:1.0 64:1.0 104:1.0 182:1.0 225:1.0 261:1.0 283:1.0 290:1.0 292:1.0 299:1.0 
10.0 10.0 15:1.0 125:1.0 
10.0 10.0 
10.0 10.0 
10.0 10.0 
10.0 10.0 15:1.0 19:1.0 
10.0 10.0 
10.0 10.0 139:1.0 
10.0 10.0 
10.0 10.0 
10.0 10.0 
10.0 10.0 
10.0 10.0 
10.0 10.0 
10.0 10.0 
10.0 10.0 
10.0 10.0 
10.0 10.0 
10.0 10.0 
10.0 10.0 230:1.0 
8.849892501582977 10.0 74:1.0 258:1.0 
10.0 10.0 266:1.0 
8.095040623473272 10.0 27:1.0 64:1.0 104:1.0 182:1.0 261:1.0 283:1.0 290:1.0 292:1.0 299:1.0 
10.0 10.0 
10.0 10.0 266:1.0 
10.0 10.0 
10.0 10.0 
10.0 10.0 13:1.0 103:1.0 
10.0 10.0 12:1.0 
10.0 10.0 19:1.0 
10.0 10.0 
10.0 10.0 219:1.0 
10.0 10.0 
10.0 10.0 74:1.0 
10.0 10.0 
10.0 10.0 
10.0 10.0 
10.0 10.0 90:1.0 
10.0 10.0 
10.0 10.0 
10.0 10.0 
10.0 10.0 
10.0 10.0 
10.0 10.0 
10.0 10.0 
10.0 10.0 150:1.0 168:1.0 
10.0 10.0 64:1.0 
10.0 10.0 
10.0 10.0 
10.0 10.0 
10.0 10.0 
10.0 10.0 125:1.0 
10.0 10.0 
10.0 10.0 
10.0 10.0 
10.0 10.0 22:1.0 60:1.0 
10.0 10.0 
10.0 10.0 
10.0 10.0 
10.0 10.0 224:1.0 
10.0 10.0 
10.0 10.0 
10.0 10.0 45:1.0 
10.0 10.0 
10.0 10.0 
10.0 10.0 25:1.0 
10.0 10.0 
10.0 10.0 
10.0 10.0 
10.0 10.0 
10.0 10.0 
10.0 10.0 
10.0 7.921843592728243 86:1.0 109:1.0 242:1.0 300:1.0 305:1.0 
10.0 10.0 244:1.0 
10.0 10.0 
10.0 10.0 
10.0 10.0 
10.0 10.0 
10.0 10.0 
10.0 10.0 
10.0 10.0 
10.0 10.0 
10.0 10.0 
10.0 10.0 
10.0 10.0 66:1.0 258:1.0 
10.0 10.0 
10.0 10.0 
10.0 10.0 
10.0 10.0 
10.0 10.0 8:1.0 9:1.0 
10.0 10.0 231:1.0 
10.0 10.0 8:1.0 9:1.0 189:1.0 
10.0 10.0 191:1.0 
10.0 10.0 
10.0 10.0 15:1.0 
10.0 10.0 70:1.0 
10.0 10.0 83:1.0 84:1.0 
10.0 10.0 147:1.0 211:1.0 298:1.0 
10.0 10.0 105:1.0 117:1.0 
10.0 10.0 191:1.0 
10.0 10.0 89:1.0 162:1.0 231:1.0 
10.0 10.0 
10.0 10.0 
10.0 10.0 184:1.0 
10.0 10.0 159:1.0 
10.0 10.0 264:1.0 
10.0 10.0 151:1.0 
10.0 10.0 89:1.0 
10.0 10.0 
10.0 10.0 
10.0 10.0 
10.0 10.0 30:1.0 89:1.0 
10.0 10.0 
10.0 10.0 
10.0 10.0 
10.0 10.0 
10.0 10.0 143:1.0 182:1.0 225:1.0 261:1.0 283:1.0 
10.0 10.0 132:1.0 
10.0 10.0 
10.0 10.0 153:1.0 
10.0 10.0 
10.0 10.0 
10.0 10.0 
10.0 10.0 
10.0 10.0 
10.0 10.0 
10.0 10.0 171:1.0 
10.0 10.0 
10.0 10.0 229:1.0 
10.0 10.0 
10.0 10.0 
10.0 10.0 143:1.0 
10.0 10.0 
10.0 10.0 
10.0 10.0 
10.0 10.0 246:1.0 
10.0 10.0 
10.0 10.0 
10.0 10.0 
10.0 10.0 97:1.0 
10.0 10.0 258:1.0 
10.0 10.0 22:1.0 115:1.0 
10.0 10.0 
10.0 10.0 182:1.0 
10.0 10.0 
10.0 10.0 74:1.0 
10.0 10.0 
10.0 10.0 
10.0 10.0 145:1.0 
10.0 10.0 
10.0 10.0 143:1.0 
10.0 10.0 
10.0 10.0 
10.0 10.0 204:1.0 
10.0 10.0 
10.0 10.0 260:1.0 
10.0 10.0 
10.0 10.0 211:1.0 
10.0 10.0 
10.0 10.0 56:1.0 
10.0 10.0 
10.0 10.0 
10.0 10.0 131:1.0 239:1.0 
10.0 10.0 
10.0 10.0 
10.0 10.0 96:1.0 171:1.0 
10.0 10.0 141:1.0 
10.0 10.0 
10.0 6.136384589299286 64:1.0 103:1.0 104:1.0 130:1.0 282:1.0 290:1.0 297:1.0 
10.0 10.0 
10.0 10.0 
5.330433644970102 4.224324459645923 13:1.0 23:1.0 54:1.0 64:1.0 130:1.0 282:1.0 
10.0 10.0 56:1.0 176:1.0 
10.0 10.0 
10.0 10.0 
10.0 10.0 
10.0 10.0 175:1.0 182:1.0 
10.0 10.0 
10.0 10.0 176:1.0 
10.0 10.0 260:1.0 
10.0 10.0 
10.0 10.0 
10.0 10.0 
10.0 10.0 
10.0 10.0 
10.0 10.0 231:1.0 
10.0 10.0 
10.0 10.0 
10.0 10.0 
10.0 10.0 
10.0 10.0 
10.0 9.873345773960052 86:1.0 109:1.0 242:1.0 300:1.0 305:1.0 
10.0 10.0 
10.0 10.0 103:1.0 
10.0 10.0 
10.0 10.0 
10.0 10.0 208:1.0 
10.0 10.0 
10.0 10.0 
10.0 10.0 
10.0 10.0 
10.0 10.0 168:1.0 
10.0 10.0 24:1.0 60:1.0 
10.0 10.0 
10.0 10.0 
10.0 10.0 24:1.0 
10.0 10.0 24:1.0 
10.0 10.0 
10.0 10.0 
10.0 10.0 
10.0 10.0 
10.0 10.0 
10.0 10.0 
10.0 10.0 
10.0 10.0 260:1.0 
10.0 10.0 
10.0 10.0 
10.0 10.0 
10.0 10.0 
10.0 10.0 60:1.0 114:1.0 
10.0 10.0 
10.0 10.0 
10.0 10.0 
10.0 10.0 
10.0 10.0 
10.0 10.0 
10.0 10.0 264:1.0 
10.0 10.0 260:1.0 
10.0 10.0 126:1.0 
10.0 10.0 
10.0 10.0 28:1.0 258:1.0 
10.0 10.0 
10.0 10.0 
10.0 10.0 78:1.0 
10.0 10.0 
10.0 10.0 
10.0 10.0 22:1.0 90:1.0 115:1.0 
10.0 10.0 
10.0 10.0 
10.0 10.0 
10.0 10.0 
10.0 10.0 144:1.0 
10.0 10.0 
10.0 10.0 
10.0 10.0 
10.0 10.0 
10.0 10.0 
10.0 10.0 
10.0 10.0 204:1.0 226:1.0 
10.0 10.0 
10.0 10.0 
10.0 10.0 60:1.0 233:1.0 
10.0 10.0 256:1.0 307:1.0 
10.0 10.0 
10.0 10.0 246:1.0 
10.0 10.0 
10.0 10.0 
10.0 10.0 
10.0 10.0 207:1.0 
10.0 10.0 
8.607768009258955 7.907137551419265 72:1.0 92:1.0 195:1.0 278:1.0 306:1.0 
10.0 10.0 18:1.0 
10.0 10.0 178:1.0 
10.0 10.0 117:1.0 
10.0 10.0 
10.0 10.0 
10.0 10.0 
10.0 10.0 
10.0 10.0 96:1.0 
10.0 10.0 
10.0 10.0 258:1.0 
10.0 10.0 
10.0 10.0 
10.0 10.0 
10.0 10.0 
10.0 10.0 
10.0 10.0 
10.0 10.0 
10.0 10.0 
10.0 10.0 
10.0 10.0 
10.0 10.0 
10.0 10.0 
9.914706535030499 9.887957125210773 72:1.0 92:1.0 195:1.0 278:1.0 306:1.0 
10.0 10.0 
10.0 10.0 
10.0 10.0 
10.0 10.0 
10.0 10.0 
10.0 10.0 
10.0 10.0 
10.0 10.0 
10.0 10.0 
10.0 10.0 
10.0 10.0 
10.0 10.0 54:1.0 
10.0 10.0 3:1.0 
10.0 10.0 
10.0 10.0 
10.0 10.0 30:1.0 
10.0 10.0 
10.0 10.0 
10.0 10.0 
10.0 10.0 
10.0 10.0 
10.0 10.0 
10.0 10.0 
10.0 10.0 
10.0 10.0 67:1.0 147:1.0 
10.0 10.0 
10.0 10.0 
10.0 10.0 271:1.0 
10.0 10.0 47:1.0 
10.0 10.0 
10.0 10.0 142:1.0 
10.0 10.0 
10.0 10.0 
10.0 10.0 
10.0 10.0 
10.0 10.0 
10.0 10.0 
10.0 10.0 
10.0 10.0 
10.0 10.0 
10.0 10.0 
10.0 10.0 67:1.0 
10.0 10.0 
10.0 10.0 
10.0 10.0 
10.0 10.0 87:1.0 
10.0 10.0 
10.0 10.0 
10.0 10.0 102:1.0 
10.0 10.0 
10.0 10.0 147:1.0 211:1.0 298:1.0 
10.0 10.0 
10.0 10.0 
10.0 10.0 
10.0 10.0 
10.0 10.0 222:1.0 
10.0 10.0 
10.0 10.0 
10.0 10.0 
10.0 10.0 
10.0 10.0 3:1.0 
10.0 10.0 
10.0 10.0 
10.0 10.0 
10.0 10.0 
-0.026112005629455357 0.0 5:1.0 63:1.0 
-10.0 10.0 83:1.0 
-2.468661698013745 10.0 184:1.0 259:1.0 
-0.0 0.07386549981226441 269:1.0 
-2.248277548034978 2.6996663813243282 52:1.0 
-10.0 10.0 99:1.0 
-0.0 1.1343725025930556 198:1.0 
-2.427671282940065 10.0 194:1.0 
-0.0 2.7258607829483648 62:1.0 
-2.4558449616964966 7.593752046392962 136:1.0 183:1.0 
-0.0 3.2813515684306056 193:1.0 
-10.0 2.589840007316858 233:1.0 
-10.0 2.592608698229992 8:1.0 
-0.09211261588924452 0.0 68:1.0 140:1.0 
-10.0 2.604825207129699 19:1.0 151:1.0 
-2.453906935928924 2.5915581080189853 210:1.0 289:1.0 
-2.4399012809862897 10.0 6:1.0 88:1.0 192:1.0 269:1.0 
-2.4681364846660636 10.0 61:1.0 139:1.0 234:1.0 
-2.37924219326387 10.0 257:1.0 265:1.0 
-0.44668231415740584 2.9870581564379517 137:1.0 
-2.421930130553989 9.783095644523462 62:1.0 
-2.8271149200147496 0.0 219:1.0 
-0.05376238368185414 2.558783805573503 247:1.0 
-2.4766880703832888 10.0 184:1.0 203:1.0 252:1.0 
-0.0 2.3963967213101696 259:1.0 
-0.2536707740420239 5.312944544341955 38:1.0 73:1.0 
-2.4270495445259748 9.310669644083045 193:1.0 
-0.9592806549625023 10.0 27:1.0 50:1.0 182:1.0 299:1.0 304:1.0 
-10.0 0.0 117:1.0 
-10.0 2.600398688939825 226:1.0 
-10.0 0.0 168:1.0 
-1.8814375344364465 2.418668360053668 20:1.0 122:1.0 273:1.0 280:1.0 
-2.421833910333834 10.0 2:1.0 
-0.0 10.0 267:1.0 
-2.408903076102281 10.0 140:1.0 223:1.0 
-2.42931067105433 10.0 16:1.0 
-10.0 4.602863236757572 64:1.0 103:1.0 130:1.0 189:1.0 282:1.0 297:1.0 
-10.0 10.0 87:1.0 
-0.0 10.0 196:1.0 
-1.7666204504050522 0.12585805521394436 33:1.0 
-3.757448059447491 2.577577946605813 143:1.0 267:1.0 
-2.5555076152486085 0.0 21:1.0 78:1.0 
-8.977700272005421 8.43553072696958 27:1.0 50:1.0 182:1.0 299:1.0 304:1.0 
-7.404965966493921 7.552736746856848 150:1.0 218:1.0 
-0.0 10.0 73:1.0 
-0.0 0.01902286125051552 244:1.0 
-0.060183030940740824 0.13037762926711205 108:1.0 
-10.0 2.590112765255859 125:1.0 
-10.0 10.0 182:1.0 
-10.0 10.0 30:1.0 230:1.0 
-1.8172775194988837 10.0 129:1.0 
-0.0 0.812690851653652 29:1.0 91:1.0 120:1.0 185:1.0 216:1.0 235:1.0 253:1.0 263:1.0 285:1.0 291:1.0 294:1.0 296:1.0 301:1.0 309:1.0 312:1.0 
-0.0 10.0 157:1.0 
-2.6323090405012346 0.0 144:1.0 
-10.0 10.0 143:1.0 
-0.0 10.0 164:1.0 
-2.455499737705546 2.569963442338793 141:1.0 165:1.0 
-10.0 7.41389042036385 15:1.0 34:1.0 175:1.0 
-0.0 3.5358853956643443 21:1.0 
-0.5462785962958951 1.8184156869771098 5:1.0 101:1.0 
-0.08046419241016156 0.0 107:1.0 
-0.5410552308995223 10.0 121:1.0 198:1.0 
-0.0 3.5501038885207956 133:1.0 
-10.0 10.0 28:1.0 
-2.421833910333848 10.0 118:1.0 
-0.11620075920032902 0.5381652619072271 49:1.0 122:1.0 
-0.2539393177784989 10.0 73:1.0 149:1.0 228:1.0 284:1.0 
-7.810265610411153 0.0 67:1.0 114:1.0 
-10.0 10.0 204:1.0 
-1.951174390959019 0.0 199:1.0 
-0.6324414832420354 10.0 20:1.0 129:1.0 
-0.0 7.214132927523245 
-0.0 10.0 
-0.0 10.0 
-0.0 10.0 
-0.0 10.0 
-2.421946937116978 2.5973525562007187 214:1.0 
-0.0 10.0 
-0.0 10.0 
-10.0 2.5899522830354886 246:1.0 
-0.0 10.0 
-0.12018762088186205 0.10571662841092702 152:1.0 
-0.027749458032655067 2.5319818262610116 237:1.0 
-10.0 10.0 141:1.0 
-0.0 2.8330872928674204 248:1.0 
-0.0 10.0 
-0.0 10.0 
-0.0 10.0 
-0.0 10.0 
-0.0 10.0 
-0.0 10.0 
-0.0 10.0 
-0.0 10.0 
-0.0 10.0 
-0.0 10.0 
-0.0 10.0 
-0.0 10.0 
-0.0 10.0 
-0.0 10.0 
-0.0 10.0 
-0.5102115347994617 2.773622309193568 51:1.0 65:1.0 199:1.0 
-0.05245152024120016 10.0 231:1.0 
-0.0 10.0 
-2.1144161242150483 3.048511723451868 38:1.0 49:1.0 73:1.0 236:1.0 
-0.0 10.0 
-10.0 2.6346674989682355 86:1.0 109:1.0 242:1.0 300:1.0 305:1.0 
-0.023676947343596513 0.0 134:1.0 
-0.0 10.0 
-0.03475766443520686 10.0 85:1.0 
-6.372064562802724 10.0 184:1.0 
-0.0 10.0 
-0.0 10.0 
-0.0 10.0 
-0.0 10.0 
-0.4324559343800382 9.979782895284492 155:1.0 270:1.0 
-0.0 10.0 
-0.0 10.0 
-0.0 10.0 
-0.0 10.0 
-0.0 10.0 
-0.0 10.0 
-2.447716604735716 0.15622746670459106 4:1.0 175:1.0 240:1.0 
-0.0 10.0 66:1.0 106:1.0 157:1.0 
-0.0 10.0 
-0.0 10.0 
-10.0 2.605303669731106 159:1.0 
-0.056856193357870885 0.0 275:1.0 
-0.0 10.0 
-0.0 10.0 
-2.452646159405004 10.0 26:1.0 69:1.0 
-2.446635271142871 2.5414656024550233 40:1.0 241:1.0 
-10.0 0.0 90:1.0 
-0.0 10.0 
-10.0 10.0 
-0.0 10.0 255:1.0 
-10.0 10.0 
-10.0 10.0 260:1.0 
-10.0 10.0 
-10.0 10.0 
-10.0 0.0 117:1.0 
-2.310331055985481 0.8166468805891984 29:1.0 91:1.0 120:1.0 131:1.0 167:1.0 185:1.0 216:1.0 235:1.0 253:1.0 285:1.0 291:1.0 294:1.0 301:1.0 309:1.0 312:1.0 
-0.0 5.205482936978528 138:1.0 227:1.0 232:1.0 
-10.0 10.0 
-10.0 10.0 
-10.0 10.0 
-10.0 10.0 
-0.0 9.065072508921904 21:1.0 
-10.0 10.0 
-10.0 10.0 
-10.0 10.0 
-5.801288470995991 4.957916163959565 179:1.0 227:1.0 243:1.0 
-1.39837787165549 0.0 127:1.0 172:1.0 238:1.0 
-0.0 0.6643458707501424 238:1.0 
-0.03473084508367415 0.0 81:1.0 
-9.217016862096983 0.23543805861755018 145:1.0 
-10.0 10.0 
-10.0 10.0 
-10.0 10.0 
-10.0 10.0 
-2.244527462006975 2.652126253725342 255:1.0 
-10.0 10.0 
-10.0 10.0 
-10.0 10.0 
-10.0 10.0 
-10.0 10.0 
-10.0 10.0 
-10.0 10.0 
-10.0 10.0 
-2.54456590877514 10.0 176:1.0 
-10.0 10.0 
-0.0 10.0 269:1.0 
-10.0 10.0 
-10.0 10.0 
-3.7599427425169565 0.0 143:1.0 215:1.0 
-0.0 3.878264113432848 75:1.0 
-1.1854039718429719 10.0 138:1.0 184:1.0 
-10.0 10.0 
-0.0 8.392161060579078 59:1.0 73:1.0 
-0.4254330756806896 5.619124157234589 95:1.0 173:1.0 250:1.0 
-10.0 10.0 
-10.0 10.0 
-10.0 4.950257517059941 90:1.0 
-2.421974646267225 9.042431717719372 133:1.0 
-2.4222695627671027 10.0 37:1.0 
-0.29708828435883694 10.0 122:1.0 273:1.0 280:1.0 
-10.0 10.0 
-10.0 10.0 
-10.0 10.0 
-10.0 10.0 
-1.094537546881639 1.9496329055466899 134:1.0 172:1.0 238:1.0 
-2.434592051684591 2.6049352454557253 249:1.0 
-10.0 10.0 
-10.0 10.0 139:1.0 
-0.11809534545658244 0.11739157338088496 161:1.0 
-6.394204729317261 10.0 
-2.534364399891522 0.0 126:1.0 
-10.0 10.0 
-10.0 10.0 46:1.0 64:1.0 104:1.0 166:1.0 182:1.0 225:1.0 261:1.0 283:1.0 290:1.0 292:1.0 
-10.0 10.0 
-0.12020974229767982 2.28320692256837 108:1.0 269:1.0 
-10.0 2.60431247328355 271:1.0 
-10.0 10.0 
-10.0 10.0 
-10.0 10.0 
-10.0 10.0 
-10.0 10.0 
-10.0 10.0 
-0.03949176743057638 6.653211990620693 51:1.0 68:1.0 
-7.415061146106172 4.861302226071142 18:1.0 67:1.0 123:1.0 
-10.0 10.0 
-10.0 10.0 
-10.0 10.0 
-10.0 10.0 
-10.0 10.0 
-0.0 10.0 249:1.0 265:1.0 
-2.3645472641492824 2.563995259146014 11:1.0 152:1.0 161:1.0 170:1.0 
-7.443802714235018 7.639914807138629 25:1.0 197:1.0 
-10.0 10.0 
-10.0 10.0 
-10.0 10.0 
-10.0 10.0 
-0.0 10.0 269:1.0 
-10.0 10.0 
-10.0 10.0 
-10.0 10.0 
-10.0 10.0 
-10.0 10.0 
-10.0 10.0 
-10.0 10.0 
-10.0 10.0 
-9.608215278155837 2.584455948103616 219:1.0 
-10.0 10.0 
-10.0 10.0 
-0.2825396653272706 0.0 29:1.0 91:1.0 120:1.0 131:1.0 167:1.0 185:1.0 216:1.0 253:1.0 263:1.0 285:1.0 294:1.0 296:1.0 312:1.0 
-2.434193235322617 10.0 254:1.0 
-10.0 10.0 
-10.0 10.0 
-10.0 10.0 
-1.0717712604693816 0.14464809549506077 106:1.0 111:1.0 
-2.0952511490384387 2.791385086511845 41:1.0 148:1.0 
-10.0 10.0 
-10.0 10.0 
-10.0 10.0 
-10.0 10.0 
-10.0 10.0 
-10.0 10.0 
-0.10723284335436793 6.360844920794975 212:1.0 
-10.0 10.0 
-10.0 10.0 
-0.0 5.0 200:1.0 
-10.0 10.0 
-2.3385825381910825 5.983667124207112 68:1.0 212:1.0 
-10.0 10.0 
-0.0 2.5901808757114666 252:1.0 
-10.0 10.0 
-1.3390550418541467 0.6727218468290113 134:1.0 
-10.0 10.0 
-10.0 10.0 
-10.0 10.0 
-1.0476453041240819 9.751524448174521 111:1.0 201:1.0 
-2.3693162714736293 10.0 58:1.0 116:1.0 
-10.0 10.0 
-10.0 10.0 
-0.14364353914045483 10.0 67:1.0 75:1.0 91:1.0 265:1.0 
-10.0 10.0 
-10.0 10.0 
-10.0 10.0 
-10.0 10.0 
-2.273021726515419 2.591904305236342 57:1.0 
-10.0 10.0 
-0.0 2.6875651829281795 213:1.0 
-10.0 10.0 
-10.0 10.0 
-2.422088004212595 7.5895317683154895 200:1.0 
-0.0 9.782690160049265 55:1.0 135:1.0 181:1.0 187:1.0 277:1.0 288:1.0 303:1.0 
-10.0 10.0 
-10.0 10.0 
-0.013018009417838126 0.0 36:1.0 169:1.0 173:1.0 202:1.0 293:1.0 
-10.0 10.0 
-10.0 10.0 
-10.0 10.0 
-10.0 10.0 
-0.0 3.7231600409458787 276:1.0 
-10.0 10.0 
-10.0 10.0 
-10.0 10.0 99:1.0 
-10.0 10.0 
-10.0 10.0 
-10.0 10.0 
-10.0 10.0 
-10.0 10.0 
-10.0 10.0 
-10.0 10.0 
-1.8242067983686479 2.6509804304551974 146:1.0 168:1.0 
-0.11782710849697242 0.0 11:1.0 180:1.0 
-10.0 10.0 
-10.0 10.0 
-7.413721685155099 7.648437080340537 66:1.0 110:1.0 
-0.0 10.0 51:1.0 
-2.42895948414152 10.0 80:1.0 
-10.0 10.0 
-10.0 10.0 
-10.0 10.0 176:1.0 
-10.0 10.0 
-10.0 10.0 
-10.0 10.0 
-10.0 10.0 
-10.0 10.0 
-0.19991928812745394 9.931568166935886 247:1.0 
-7.1727578080342935 10.0 33:1.0 
-10.0 10.0 
-10.0 10.0 
-10.0 10.0 
-10.0 10.0 
-7.195253640733974 0.0 67:1.0 
-1.902472427484529 5.081468098353307 7:1.0 119:1.0 270:1.0 310:1.0 
-10.0 10.0 
-10.0 10.0 
-0.0 10.0 165:1.0 
-10.0 10.0 
-10.0 10.0 
-10.0 10.0 
-10.0 10.0 
-10.0 9.937022153595457 143:1.0 
-10.0 10.0 
-2.339881601870047 7.603700845505155 85:1.0 117:1.0 
-10.0 10.0 
-2.514142276942298 2.6937931375612014 102:1.0 
-10.0 10.0 
-10.0 10.0 
-10.0 10.0 
-10.0 10.0 
-10.0 10.0 115:1.0 
-10.0 10.0 
-10.0 10.0 
-10.0 6.3898202392564025 141:1.0 
-0.0 7.611057010457096 127:1.0 215:1.0 232:1.0 
-10.0 10.0 
-0.07529182311987889 6.4904131229425674 250:1.0 
-10.0 10.0 
-10.0 10.0 
-10.0 10.0 
-10.0 10.0 
-2.421974646267197 10.0 268:1.0 
-10.0 10.0 
-10.0 10.0 
-10.0 10.0 
-10.0 10.0 
-1.7664853181135227 2.555821853770209 207:1.0 272:1.0 
-10.0 10.0 
-10.0 10.0 
-2.4209554109926064 10.0 93:1.0 
-10.0 10.0 
-10.0 10.0 
-10.0 10.0 
-10.0 10.0 
-10.0 0.05504342602484047 207:1.0 
-10.0 10.0 
-10.0 10.0 
-10.0 10.0 
-2.422269562766973 10.0 164:1.0 
-2.456398426124008 2.5971807818330994 31:1.0 244:1.0 
-10.0 10.0 
-10.0 10.0 
-10.0 10.0 
-10.0 10.0 
-10.0 10.0 
-10.0 10.0 
-10.0 10.0 
-10.0 10.0 
-10.0 10.0 
-10.0 10.0 
-10.0 10.0 
-10.0 10.0 
-0.5939131733842863 9.737162240552461 17:1.0 220:1.0 
-10.0 10.0 
-10.0 10.0 
-0.05438135937615003 0.06484410574346446 100:1.0 
-0.0 0.6647526755625645 172:1.0 
-10.0 10.0 
-10.0 10.0 
-10.0 10.0 
-2.422088004212623 8.869572058566366 276:1.0 
-10.0 10.0 
-2.0097600768225266 6.775806865984788 95:1.0 
-10.0 10.0 178:1.0 
-10.0 10.0 
-0.1773606329917253 10.0 4:1.0 52:1.0 255:1.0 
-10.0 10.0 
-10.0 10.0 
-0.0 10.0 269:1.0 
-10.0 10.0 
-10.0 10.0 
-10.0 10.0 
-10.0 10.0 
-10.0 10.0 56:1.0 157:1.0 
-10.0 10.0 
-10.0 10.0 
-10.0 10.0 
-2.5233608537104897 2.8758019023607955 55:1.0 135:1.0 181:1.0 187:1.0 277:1.0 288:1.0 303:1.0 
-10.0 10.0 
-10.0 10.0 
-2.4641102081219906 2.6094838844386423 76:1.0 112:1.0 311:1.0 
-10.0 10.0 
-2.4169892813057388 2.582868653664699 188:1.0 
-10.0 10.0 
-10.0 10.0 
-10.0 10.0 
-0.0 4.102363749009407 39:1.0 
-0.0 10.0 108:1.0 
-10.0 10.0 
-10.0 10.0 
-10.0 10.0 
-10.0 10.0 
-10.0 10.0 
-10.0 10.0 
-10.0 10.0 
-10.0 5.95090677305463 9:1.0 42:1.0 78:1.0 
-10.0 10.0 
-10.0 10.0 
-10.0 10.0 
-10.0 10.0 
-2.700065289747798 0.0 239:1.0 
-10.0 10.0 
-2.427388602058611 5.150481242138438 107:1.0 114:1.0 180:1.0 231:1.0 
-10.0 10.0 
-10.0 10.0 
-10.0 10.0 
-0.3259430886536444 0.0 36:1.0 169:1.0 250:1.0 293:1.0 
-0.3783877714565715 9.688499346375117 41:1.0 236:1.0 
-0.1404120809977726 10.0 170:1.0 
-10.0 10.0 
-1.3839638621330792 0.0 59:1.0 143:1.0 272:1.0 
-10.0 10.0 
-10.0 10.0 
-10.0 10.0 105:1.0 
-0.0 10.0 162:1.0 
-1.6168587482249632 10.0 250:1.0 
-10.0 10.0 
-2.248268671258524 10.0 162:1.0 168:1.0 
-9.887582537225475 2.592565831306766 126:1.0 
-10.0 10.0 
-10.0 10.0 
-1.9552274935140563 3.289914337972794 1:1.0 51:1.0 98:1.0 
-9.78654804995819 10.0 176:1.0 
-0.0 2.8337709042184724 35:1.0 46:1.0 88:1.0 186:1.0 286:1.0 
-0.0 4.055908720242073 156:1.0 
-10.0 10.0 
-10.0 10.0 
-2.4292721609155588 2.5838229484880326 262:1.0 
-10.0 10.0 
-2.937402895321441 0.0 132:1.0 
-1.1145433155146205 0.0 50:1.0 182:1.0 304:1.0 
-10.0 10.0 
-10.0 10.0 244:1.0 
-1.8807167750846174 2.776029479925714 17:1.0 275:1.0 
-10.0 10.0 162:1.0 
-10.0 10.0 
-0.7047779115888971 10.0 35:1.0 
-10.0 10.0 
-2.7119515285636338 8.219924102349502 189:1.0 
-10.0 10.0 
-10.0 10.0 
-10.0 10.0 
-0.0 0.06094950750250083 241:1.0 
-10.0 10.0 48:1.0 264:1.0 
-10.0 10.0 
-10.0 10.0 
-10.0 10.0 
-2.421930130553867 9.662129203464158 248:1.0 
-10.0 10.0 
-10.0 10.0 
-10.0 10.0 
-10.0 10.0 
-10.0 10.0 
-10.0 10.0 
-10.0 10.0 
-10.0 10.0 
-10.0 10.0 
-10.0 10.0 
-10.0 10.0 
-2.248573622820954 10.0 108:1.0 
-0.051789816432601846 0.0 146:1.0 
-0.0 3.5543476294600125 82:1.0 
-10.0 10.0 
-0.5098854606531437 0.0 275:1.0 
-10.0 10.0 
-10.0 10.0 142:1.0 
-10.0 10.0 
-10.0 10.0 
-0.0 3.563771816645159 88:1.0 123:1.0 141:1.0 274:1.0 
-10.0 10.0 
-10.0 10.0 
-10.0 10.0 
-2.4846535519109243 2.6198304776898977 44:1.0 100:1.0 124:1.0 295:1.0 308:1.0 
-10.0 10.0 231:1.0 
-10.0 10.0 
-10.0 10.0 
-10.0 7.635989410750367 90:1.0 
-10.0 10.0 
-10.0 10.0 
-10.0 10.0 
-10.0 10.0 
-10.0 10.0 
-10.0 10.0 
-10.0 10.0 
-10.0 10.0 
-10.0 10.0 
-10.0 10.0 
-0.0 0.0519309118693922 272:1.0 
-3.2280421274129747 2.3753527998456176 33:1.0 145:1.0 
-2.2031693455914927 5.5808641770947816 149:1.0 228:1.0 284:1.0 
-10.0 0.07393092467550805 40:1.0 
-10.0 10.0 
-2.4559803509129554 10.0 196:1.0 213:1.0 
-2.405347059906972 9.86223121170581 237:1.0 
-10.0 10.0 
-10.0 10.0 
-10.0 10.0 
-10.0 10.0 
-10.0 10.0 45:1.0 102:1.0 
-10.0 10.0 
-10.0 10.0 
-0.0 0.2508614884639434 20:1.0 
-2.395064702202182 2.5899109965344986 81:1.0 
-2.2023123433555902 7.412163740868196 36:1.0 169:1.0 173:1.0 202:1.0 293:1.0 
-8.299850854031687 0.0 168:1.0 
-10.0 10.0 
-1.9278048022266527 1.5978740355166314 5:1.0 121:1.0 198:1.0 
-10.0 10.0 
-0.2779534946916533 0.0 148:1.0 
-10.0 10.0 
-9.912964104213408 10.0 231:1.0 
-10.0 10.0 
-10.0 10.0 
-10.0 10.0 
-10.0 10.0 
-0.0 10.0 218:1.0 221:1.0 
-10.0 10.0 
-10.0 10.0 
-1.2789579918870329 0.0 138:1.0 
-10.0 10.0 
-10.0 10.0 
-0.05475762491653074 0.0 192:1.0 
-10.0 10.0 
-10.0 10.0 
-10.0 10.0 
-10.0 10.0 
-10.0 10.0 
-10.0 10.0 
-2.422089945583364 10.0 14:1.0 
-10.0 10.0 
-10.0 10.0 
-0.1459887930080922 0.0 57:1.0 116:1.0 
-1.9381761512886522 0.0 119:1.0 143:1.0 
-10.0 10.0 
-10.0 10.0 
-10.0 10.0 
-10.0 10.0 
-10.0 10.0 
-10.0 10.0 
-10.0 10.0 
-10.0 10.0 
-2.4158281406748143 2.577705360410002 128:1.0 
-10.0 10.0 
-10.0 10.0 
-10.0 10.0 
-0.026480642315158308 0.0 151:1.0 
-0.027412787066942456 10.0 149:1.0 
-10.0 10.0 
-10.0 10.0 
-10.0 10.0 
-10.0 10.0 
-10.0 10.0 
-10.0 10.0 
-10.0 10.0 
-10.0 10.0 
-10.0 10.0 
-10.0 10.0 
-10.0 10.0 
-10.0 10.0 
-1.771446882613126 10.0 59:1.0 232:1.0 
-10.0 10.0 
-10.0 10.0 
-1.881773627581525 10.0 101:1.0 
-10.0 10.0 
-10.0 10.0 
-2.4244551124697513 10.0 94:1.0 
-10.0 10.0 
-10.0 2.5924415186529783 77:1.0 
-10.0 10.0 
-10.0 10.0 
-1.0602958743039066 0.0 127:1.0 
-10.0 10.0 
-10.0 10.0 
-10.0 10.0 
-1.8354651843838152 2.8614817719942653 220:1.0 
-10.0 10.0 
-0.0 10.0 31:1.0 
-10.0 10.0 208:1.0 231:1.0 
-10.0 10.0 
-10.0 10.0 
-10.0 10.0 
-10.0 10.0 
-10.0 10.0 
-10.0 10.0 
-10.0 10.0 
-0.0 6.0102874531970505 190:1.0 
-2.410118952155601 2.5926612703483505 63:1.0 
-10.0 10.0 
-10.0 10.0 
-10.0 10.0 
-10.0 10.0 
-1.9875541824527647 9.698404145986482 65:1.0 137:1.0 
-10.0 10.0 
-10.0 10.0 
-10.0 10.0 
-10.0 0.0 151:1.0 
-10.0 10.0 
-10.0 10.0 
-10.0 10.0 
-9.490422754097592 2.5978204944938996 132:1.0 
-10.0 10.0 
-9.573059373174205 10.0 
-0.0 5.327783913955833 34:1.0 
-0.26349594651046626 10.0 122:1.0 273:1.0 280:1.0 
-0.0 0.15148710545790484 255:1.0 269:1.0 
-0.0 10.0 
-0.0 10.0 
-2.422256124136917 6.581748765040493 190:1.0 
-0.0 10.0 
-9.630300800479773 2.582185983774089 239:1.0 
-0.0 10.0 
-0.0 7.7364675107448555 179:1.0 
-2.159323018542442 0.0 75:1.0 114:1.0 
-0.07846140446481432 10.0 85:1.0 
-0.0 10.0 
-0.07772054278352146 0.0 91:1.0 148:1.0 
-2.4220899455834006 8.488339298368118 39:1.0 
-0.0 10.0 
-0.0 10.0 
-0.0 10.0 
-0.0 10.0 
-10.0 10.0 205:1.0 
-1.9200932803430462 1.5562402346729811 29:1.0 120:1.0 131:1.0 167:1.0 185:1.0 263:1.0 296:1.0 312:1.0 
-2.4256920499322003 8.92912110016988 82:1.0 
-0.577983865253636 9.779348762509267 146:1.0 
-1.7883501061813762 5.515656112134378 35:1.0 111:1.0 186:1.0 286:1.0 
-2.2486520498884794 0.0 77:1.0 155:1.0 156:1.0 247:1.0 
-0.0 10.0 
-9.78057744396108 2.5945558644928877 144:1.0 
-0.0 10.0 
-2.5110445435902626 0.0 151:1.0 
-0.0 10.0 
-0.0 10.0 
-6.3681129514003665 0.0 46:1.0 103:1.0 130:1.0 297:1.0 
-0.0 10.0 
-0.2549186539994368 8.698656680799816 49:1.0 75:1.0 156:1.0 
-0.5067807165155985 4.289426975739186 1:1.0 98:1.0 
-0.0 10.0 
-0.0 10.0 
-0.0 10.0 
-0.0 10.0 71:1.0 197:1.0 270:1.0 
-10.0 -10.0 
-10.0 -10.0 
-10.0 -10.0 
-10.0 -10.0 
-10.0 -10.0 23:1.0 
-10.0 -10.0 
-10.0 -10.0 
-0.0 -10.0 85:1.0 
-10.0 -10.0 18:1.0 
-10.0 -10.0 
-10.0 -10.0 
-10.0 -10.0 
-10.0 -10.0 
-10.0 -10.0 
-10.0 -10.0 
-10.0 -10.0 
-10.0 -10.0 56:1.0 
-10.0 -10.0 
-10.0 -10.0 205:1.0 
-10.0 -10.0 
-10.0 -10.0 
-10.0 -10.0 
-0.0 -10.0 129:1.0 
-0.0 -10.0 265:1.0 
-10.0 -10.0 24:1.0 
-10.0 -10.0 
-0.0 -10.0 51:1.0 
-10.0 -10.0 
-10.0 -10.0 
-10.0 -10.0 
-10.0 -10.0 
-10.0 -10.0 
-10.0 -10.0 
-10.0 -10.0 
-10.0 -10.0 139:1.0 
-10.0 -10.0 
-10.0 -10.0 
-10.0 -10.0 
-10.0 -10.0 
-10.0 -10.0 
-3.1361817350490933 -10.0 276:1.0 
-10.0 -10.0 82:1.0 143:1.0 
-10.0 -10.0 
-0.0 -10.0 203:1.0 
-0.0 -10.0 223:1.0 
-10.0 -10.0 
-10.0 -10.0 
-10.0 -10.0 
-0.0 -10.0 217:1.0 
-10.0 -10.0 
-10.0 -10.0 102:1.0 
-10.0 -10.0 
-10.0 -10.0 
-10.0 -10.0 25:1.0 
-10.0 -10.0 
-10.0 -10.0 115:1.0 258:1.0 
-10.0 -10.0 
-10.0 -10.0 
-10.0 -10.0 
-10.0 -10.0 
-0.0 -10.0 232:1.0 
-10.0 -10.0 
-3.160668100785593 -10.0 52:1.0 229:1.0 
-10.0 -10.0 
-10.0 -10.0 
-10.0 -10.0 
-0.12263955625676136 -10.0 154:1.0 265:1.0 
-10.0 -10.0 
-10.0 -10.0 
-10.0 -10.0 
-10.0 -10.0 
-3.1712711249010326 -10.0 61:1.0 139:1.0 
-10.0 -10.0 
-10.0 -10.0 
-10.0 -10.0 
-3.145669557418154 -10.0 267:1.0 
-10.0 -10.0 
-10.0 -10.0 
-10.0 -10.0 
-0.0 -10.0 16:1.0 
-3.1123967777597286 -10.0 154:1.0 248:1.0 
-0.0 -10.0 53:1.0 194:1.0 
-0.0 -10.0 257:1.0 
-10.0 -10.0 
-10.0 -10.0 
-10.0 -10.0 
-10.0 -10.0 
-0.0 -10.0 255:1.0 
-3.126644560080221 -10.0 200:1.0 
-10.0 -10.0 
-10.0 -10.0 
-10.0 -10.0 
-0.0 -10.0 162:1.0 
-10.0 -10.0 
-10.0 -10.0 14:1.0 15:1.0 
-3.1383639277623128 -10.0 34:1.0 
-3.160668100785546 -10.0 80:1.0 196:1.0 
-3.1260086076312215 -10.0 166:1.0 
-10.0 -10.0 
-10.0 -10.0 
-0.0 -10.0 201:1.0 
-0.0 -10.0 26:1.0 73:1.0 149:1.0 
-10.0 -10.0 
-3.1289021477586347 -10.0 190:1.0 
-10.0 -10.0 
-10.0 -10.0 
-3.149060856437283 -10.0 68:1.0 
-10.0 -10.0 
-10.0 -10.0 
-10.0 -10.0 
-10.0 -10.0 
-10.0 -10.0 
-3.1266445600802504 -10.0 31:1.0 
-8.072442565519264 -10.0 73:1.0 146:1.0 168:1.0 
-10.0 -10.0 
-10.0 -10.0 
-10.0 -10.0 
-10.0 -10.0 
-3.16375284968807 -10.0 65:1.0 157:1.0 
-0.0 -10.0 184:1.0 
-3.1339342441857245 -10.0 255:1.0 
-0.5330254342242051 -10.0 110:1.0 265:1.0 
-3.1275479250044933 -10.0 39:1.0 
-10.0 -10.0 
-10.0 -10.0 141:1.0 274:1.0 
-10.0 -10.0 
-10.0 -10.0 
-10.0 -10.0 
-10.0 -10.0 
-10.0 -10.0 
-10.0 -10.0 
-10.0 -10.0 99:1.0 
-10.0 -10.0 
-10.0 -10.0 
-10.0 -10.0 
-10.0 -10.0 
-10.0 -10.0 
-0.0 -10.0 162:1.0 
-10.0 -10.0 
-10.0 -10.0 
-10.0 -10.0 
-10.0 -10.0 
-10.0 -10.0 35:1.0 186:1.0 258:1.0 286:1.0 
-10.0 -10.0 
-10.0 -10.0 
-10.0 -10.0 260:1.0 
-10.0 -10.0 
-10.0 -10.0 
-0.0 -10.0 35:1.0 
-10.0 -10.0 
-3.1543543688342544 -10.0 121:1.0 184:1.0 
-10.0 -10.0 
-3.0471380966976542 -10.0 69:1.0 
-0.0 -10.0 163:1.0 
-10.0 -10.0 
-3.126180379572531 -10.0 179:1.0 
-10.0 -10.0 
-10.0 -10.0 
-10.0 -10.0 
-10.0 -10.0 
-10.0 -10.0 
-10.0 -10.0 
-3.165310814089068 -10.0 198:1.0 
-2.371903069234387 -10.0 164:1.0 
-10.0 -10.0 
-3.1396793270907972 -10.0 202:1.0 
-10.0 -10.0 
-10.0 -10.0 
-8.171348234965398 -10.0 45:1.0 197:1.0 
-8.17248954763651 -10.0 26:1.0 243:1.0 
-10.0 -10.0 
-10.0 -10.0 
-2.8565451168411826 -10.0 27:1.0 182:1.0 299:1.0 
-3.136181735049107 -10.0 137:1.0 
-0.0 -10.0 231:1.0 
-10.0 -10.0 
-10.0 -10.0 
-3.1483686753814983 -10.0 245:1.0 
-10.0 -10.0 
-0.0 -10.0 14:1.0 247:1.0 
-10.0 -10.0 
-3.145223439268606 -10.0 257:1.0 
-10.0 -10.0 171:1.0 
-0.0 -10.0 58:1.0 
-5.492376741953338 -10.0 106:1.0 177:1.0 
-10.0 -10.0 
-2.981125349373869 -10.0 231:1.0 
-10.0 -10.0 
-10.0 -10.0 178:1.0 
-10.0 -10.0 
-10.0 -10.0 
-10.0 -10.0 
-0.0 -10.0 232:1.0 
-0.0 -10.0 2:1.0 
-10.0 -10.0 
-10.0 -10.0 
-0.0 -10.0 222:1.0 
-10.0 -10.0 
-10.0 -10.0 
-10.0 -10.0 
-0.0 -10.0 122:1.0 273:1.0 280:1.0 
-10.0 -10.0 162:1.0 171:1.0 259:1.0 264:1.0 
-0.0 -10.0 85:1.0 
-10.0 -10.0 
-10.0 -10.0 
-3.140812287453273 -10.0 59:1.0 
-10.0 -10.0 
-5.429017066592757 -10.0 98:1.0 176:1.0 
-10.0 -10.0 
-10.0 -10.0 
-0.0 -10.0 157:1.0 
-10.0 -10.0 
-10.0 -10.0 
-10.0 -10.0 153:1.0 
-10.0 -10.0 
-10.0 -10.0 147:1.0 211:1.0 298:1.0 
-0.0 -10.0 154:1.0 
-0.0 -10.0 16:1.0 202:1.0 269:1.0 270:1.0 
-3.278381699556258 -10.0 224:1.0 
-10.0 -10.0 
-10.0 -10.0 
-3.1729880468553584 -10.0 53:1.0 194:1.0 
-10.0 -10.0 
-10.0 -10.0 
-10.0 -10.0 
-10.0 -10.0 
-10.0 -10.0 
-10.0 -10.0 
-10.0 -10.0 
-10.0 -10.0 
-10.0 -10.0 
-10.0 -10.0 70:1.0 
-0.04012528074702739 -10.0 10:1.0 
-10.0 -10.0 
-10.0 -10.0 
-10.0 -10.0 189:1.0 
-10.0 -10.0 
-10.0 -10.0 
-10.0 -10.0 
-10.0 -10.0 
-0.7881380985213464 -10.0 164:1.0 221:1.0 
-2.0512455206163214 -10.0 97:1.0 108:1.0 
-10.0 -10.0 
-10.0 -10.0 
-10.0 -10.0 
-10.0 -10.0 
-10.0 -10.0 
-10.0 -10.0 
-10.0 -10.0 
-10.0 -10.0 
-0.0 -10.0 196:1.0 
-6.51256221788835 -10.0 150:1.0 162:1.0 270:1.0 
-10.0 -10.0 
-10.0 -10.0 
-10.0 -10.0 
-10.0 -10.0 
-10.0 -10.0 
-5.3387385876710765 -10.0 56:1.0 73:1.0 177:1.0 
-0.0 -10.0 265:1.0 
-10.0 -10.0 176:1.0 
-10.0 -10.0 
-6.904622785357289 -10.0 184:1.0 
-10.0 -10.0 
-10.0 -10.0 
-10.0 -10.0 
-6.519785262498926 -10.0 84:1.0 201:1.0 208:1.0 
-10.0 -10.0 
-3.1396793270908283 -10.0 16:1.0 
-10.0 -10.0 
-3.145669557418137 -10.0 165:1.0 
-0.0 -10.0 203:1.0 220:1.0 
-10.0 -10.0 
-10.0 -10.0 9:1.0 
-10.0 -10.0 
-10.0 -10.0 
-10.0 -10.0 
-10.0 -10.0 
-10.0 -10.0 
-10.0 -10.0 
-10.0 -10.0 
-10.0 -10.0 
-0.023686540553924863 -10.0 71:1.0 
-10.0 -10.0 
-10.0 -10.0 229:1.0 
-0.0 -8.402493224883296 43:1.0 158:1.0 160:1.0 281:1.0 302:1.0 
-10.0 -10.0 
-3.127547925004512 -10.0 58:1.0 
-10.0 -10.0 
-0.0 -10.0 206:1.0 
-10.0 -10.0 
-3.1677657025935675 -10.0 249:1.0 269:1.0 
-10.0 -10.0 
-10.0 -10.0 
-10.0 -10.0 
-10.0 -10.0 13:1.0 84:1.0 
-10.0 -10.0 
-10.0 -10.0 
-3.1353486119263265 -10.0 21:1.0 
-3.221249227776901 -9.980142273883104 43:1.0 158:1.0 160:1.0 281:1.0 302:1.0 
-10.0 -10.0 
-3.162965949830626 -10.0 18:1.0 62:1.0 
-0.0 -10.0 269:1.0 
-10.0 -10.0 
-10.0 -10.0 
-10.0 -10.0 
-10.0 -10.0 
-10.0 -10.0 
-10.0 -10.0 
-10.0 -10.0 97:1.0 
-10.0 -10.0 
-10.0 -10.0 
-10.0 -10.0 
-0.0 -10.0 265:1.0 
-10.0 -10.0 191:1.0 
-10.0 -10.0 244:1.0 
-3.1416550050136305 -10.0 85:1.0 
-10.0 -10.0 
-5.4425663875742245 -10.0 176:1.0 236:1.0 
-2.0933782439881985 -10.0 32:1.0 113:1.0 149:1.0 228:1.0 284:1.0 313:1.0 
-0.0 -10.0 106:1.0 
-3.1423266191427475 -10.0 17:1.0 
-10.0 -10.0 
-10.0 -10.0 
-10.0 -10.0 
-10.0 -10.0 
-10.0 -10.0 
-3.1651152871658215 -10.0 232:1.0 
-3.1385324092556623 -10.0 10:1.0 71:1.0 
-3.1647548403439547 -10.0 20:1.0 129:1.0 
-10.0 -10.0 
-3.144035162192793 -10.0 88:1.0 
-3.1340770280901364 -10.0 79:1.0 
-10.0 -10.0 
-10.0 -10.0 
-10.0 -10.0 
-0.0 -10.0 203:1.0 
-10.0 -10.0 
-0.0 -10.0 184:1.0 203:1.0 252:1.0 
-3.1261803795725656 -10.0 170:1.0 
-10.0 -10.0 
-10.0 -10.0 
-10.0 -10.0 
-3.13309602107891 -10.0 101:1.0 
-10.0 -10.0 
-10.0 -10.0 
-10.0 -10.0 
-10.0 -10.0 
-10.0 -10.0 
-10.0 -10.0 
-10.0 -10.0 
-3.1408762468971685 -10.0 156:1.0 
-3.144005964720394 -10.0 93:1.0 
-3.12741154981117 -10.0 223:1.0 
-9.918274291751445 -10.0 27:1.0 182:1.0 299:1.0 
-3.141655005013602 -10.0 41:1.0 
-10.0 -10.0 
-10.0 -10.0 
-9.86682580167867 -10.0 224:1.0 
-10.0 -10.0 258:1.0 
-3.1932941863866495 -10.0 122:1.0 273:1.0 280:1.0 
-0.0 -10.0 206:1.0 
-10.0 -10.0 
-10.0 -10.0 
-10.0 -10.0 
-10.0 -10.0 
-10.0 -10.0 
-10.0 -10.0 
-10.0 -10.0 231:1.0 
-10.0 -10.0 191:1.0 204:1.0 266:1.0 
-10.0 -10.0 
-10.0 -10.0 47:1.0 
-0.0 -10.0 6:1.0 
-0.0 -10.0 14:1.0 70:1.0 
-0.0 -10.0 4:1.0 26:1.0 37:1.0 149:1.0 
-10.0 -10.0 
-2.25659364648086 -10.0 108:1.0 191:1.0 
-10.0 -10.0 99:1.0 
-10.0 -10.0 
-3.147500486557331 -10.0 37:1.0 184:1.0 
-10.0 -10.0 
-10.0 -10.0 
-10.0 -10.0 
-0.0 -10.0 209:1.0 
-10.0 -10.0 
-0.0 -10.0 80:1.0 
-10.0 -10.0 
-10.0 -10.0 
-10.0 -10.0 
-10.0 -10.0 182:1.0 268:1.0 
-10.0 -10.0 
-10.0 -10.0 
-10.0 -10.0 
-10.0 -10.0 
-10.0 -10.0 
-10.0 -10.0 
-10.0 -10.0 
-10.0 -10.0 
-10.0 -10.0 
-10.0 -10.0 
-10.0 -10.0 
-10.0 -10.0 
-10.0 -10.0 103:1.0 138:1.0 
-10.0 -10.0 
-2.6374935724286037 -10.0 110:1.0 
-0.0 -10.0 265:1.0 
-10.0 -10.0 74:1.0 203:1.0 
-10.0 -10.0 
-3.1467584665544672 -10.0 213:1.0 
-3.1790834412845905 -10.0 95:1.0 173:1.0 212:1.0 250:1.0 
-10.0 -10.0 
-10.0 -10.0 
-10.0 -10.0 
-10.0 -10.0 
-8.165173139583485 -10.0 12:1.0 206:1.0 
-10.0 -10.0 
-10.0 -10.0 
-0.0 -10.0 48:1.0 
-10.0 -10.0 28:1.0 
-10.0 -10.0 
-10.0 -10.0 
-10.0 -10.0 
-10.0 -10.0 
-5.0 -10.0 222:1.0 
-6.457423345008813 -10.0 75:1.0 105:1.0 217:1.0 
-10.0 -10.0 
-0.0 -10.0 48:1.0 
-10.0 -10.0 
-10.0 -10.0 
-10.0 -10.0 
-10.0 -10.0 
-3.1393422049125554 -10.0 163:1.0 
-10.0 -10.0 
-10.0 -10.0 
-3.2635378606407808 -10.0 141:1.0 268:1.0 
-10.0 -10.0 
-2.3794456547347154 -10.0 221:1.0 
-10.0 -10.0 
-10.0 -10.0 
-10.0 -10.0 
-10.0 -10.0 231:1.0 
-10.0 -10.0 
-10.0 -10.0 
-10.0 -10.0 
-10.0 -10.0 
-10.0 -10.0 
-10.0 -10.0 
-10.0 -10.0 30:1.0 209:1.0 
-3.139062920085903 -10.0 218:1.0 
-0.0 -10.0 61:1.0 
-8.144035162192765 -10.0 222:1.0 
-10.0 -10.0 
-10.0 -10.0 
-10.0 -10.0 
-10.0 -10.0 
-10.0 -10.0 
-10.0 -10.0 
-10.0 -10.0 
-10.0 -10.0 
-0.0 -10.0 157:1.0 
-10.0 -10.0 
-0.0 -10.0 254:1.0 
-10.0 -10.0 
-10.0 -10.0 
-10.0 -10.0 143:1.0 
-10.0 -10.0 
-0.0 -10.0 270:1.0 
-10.0 -10.0 
-10.0 -10.0 
-10.0 -10.0 
-10.0 -10.0 
-2.38499429684433 -8.494275734482393 32:1.0 113:1.0 174:1.0 251:1.0 279:1.0 287:1.0 313:1.0 
-10.0 -10.0 
-9.949856809933541 -10.0 231:1.0 
-10.0 -10.0 
-10.0 -10.0 
-10.0 -10.0 83:1.0 
-10.0 -10.0 
-10.0 -10.0 
-10.0 -10.0 
-3.1414467562940396 -10.0 133:1.0 
-3.133934244185715 -10.0 193:1.0 
-10.0 -10.0 
-10.0 -10.0 
-10.0 -10.0 
-10.0 -10.0 
-10.0 -10.0 
-10.0 -10.0 
-10.0 -10.0 
-10.0 -10.0 
-10.0 -10.0 
-10.0 -10.0 
-3.148185052145143 -10.0 51:1.0 
-10.0 -10.0 
-10.0 -10.0 
-0.0 -10.0 217:1.0 
-10.0 -10.0 
-6.528479768866628 -10.0 118:1.0 142:1.0 237:1.0 
-10.0 -10.0 
-0.0 -10.0 157:1.0 
-10.0 -10.0 
-8.016521911229606 -10.0 33:1.0 254:1.0 
-10.0 -10.0 
-3.142973541934787 -10.0 48:1.0 
-10.0 -10.0 
-10.0 -10.0 
-10.0 -10.0 
-0.0 -10.0 73:1.0 
-10.0 -10.0 147:1.0 
-10.0 -10.0 
-10.0 -10.0 
-10.0 -10.0 87:1.0 
-10.0 -10.0 
-0.0 -10.0 265:1.0 
-10.0 -10.0 
-0.0 -10.0 269:1.0 
-2.5 -10.0 265:1.0 
-10.0 -10.0 27:1.0 64:1.0 104:1.0 182:1.0 261:1.0 283:1.0 290:1.0 292:1.0 299:1.0 
-10.0 -10.0 
-0.09041142370589819 -10.0 49:1.0 69:1.0 75:1.0 250:1.0 
-10.0 -10.0 230:1.0 
-10.0 -10.0 
-10.0 -10.0 
-10.0 -10.0 
-10.0 -10.0 
-10.0 -10.0 90:1.0 
-3.147080507349763 -10.0 2:1.0 
-3.1390629200859226 -10.0 136:1.0 
-10.0 -10.0 
-3.1383639277623154 -10.0 94:1.0 
-3.2575300688470543 -10.0 55:1.0 135:1.0 181:1.0 187:1.0 277:1.0 288:1.0 303:1.0 
-10.0 -10.0 
-10.0 -10.0 
-3.1273437256466514 -10.0 6:1.0 
-0.4096830403091277 -10.0 
