svm_type c_svc
kernel_type rbf
gamma 0.1
nr_class 3
total_sv 1569
rho 0.9888616827868701 0.9827137761760698 -0.9892278885670025
label 2 0 1
nr_sv 419 613 537
SV
0.01 0.01 
0.01 0.01 271:1.0 
0.01 0.01 
0.01 0.01 64:1.0 125:1.0 182:1.0 261:1.0 283:1.0 292:1.0 
0.01 0.01 
0.01 0.01 99:1.0 204:1.0 
0.01 0.01 
0.01 0.01 
0.01 0.01 
0.01 0.01 
0.01 0.01 
0.01 0.01 
0.01 0.01 
0.01 0.01 
0.01 0.01 
0.01 0.01 33:1.0 115:1.0 226:1.0 258:1.0 
0.01 0.01 243:1.0 
0.01 0.01 
0.01 0.01 
0.01 0.01 
0.01 0.01 
0.01 0.01 
0.01 0.01 151:1.0 
0.01 0.01 
0.01 0.01 
0.01 0.01 47:1.0 
0.01 0.01 
0.01 0.01 
0.01 0.01 205:1.0 
0.01 0.01 
0.01 0.01 
0.01 0.01 
0.01 0.01 
0.01 0.01 
0.01 0.01 
0.01 0.01 159:1.0 177:1.0 
0.01 0.01 
0.01 0.01 77:1.0 
0.01 0.01 
0.01 0.01 
0.01 0.01 13:1.0 23:1.0 54:1.0 
0.01 0.01 
0.01 0.01 64:1.0 125:1.0 182:1.0 261:1.0 283:1.0 292:1.0 
0.01 0.01 
0.01 0.01 
0.01 0.01 
0.01 0.01 
0.01 0.01 
0.01 0.01 
0.01 0.01 
0.01 0.01 
0.01 0.01 
0.01 0.01 204:1.0 
0.01 0.01 
0.01 0.01 
0.01 0.01 
0.01 0.01 40:1.0 
0.01 0.01 
0.01 0.01 
0.01 0.01 
0.01 0.01 90:1.0 
0.01 0.01 72:1.0 92:1.0 195:1.0 278:1.0 306:1.0 
0.01 0.01 
0.01 0.01 
0.01 0.01 
0.01 0.01 74:1.0 96:1.0 
0.01 0.01 141:1.0 
0.01 0.01 99:1.0 
0.01 0.01 
0.01 0.01 
0.01 0.01 27:1.0 64:1.0 104:1.0 182:1.0 225:1.0 261:1.0 283:1.0 290:1.0 292:1.0 299:1.0 
0.01 0.01 15:1.0 125:1.0 
0.01 0.01 
0.01 0.01 
0.01 0.01 
0.01 0.01 15:1.0 19:1.0 
0.01 0.01 
0.01 0.01 139:1.0 
0.01 0.01 
0.01 0.01 
0.01 0.01 
0.01 0.01 
0.01 0.01 
0.01 0.01 
0.01 0.01 
0.01 0.01 
0.01 0.01 
0.01 0.01 
0.01 0.01 
0.01 0.01 230:1.0 
0.01 0.01 74:1.0 258:1.0 
0.01 0.01 266:1.0 
0.01 0.01 27:1.0 64:1.0 104:1.0 182:1.0 261:1.0 283:1.0 290:1.0 292:1.0 299:1.0 
0.01 0.01 
0.01 0.01 266:1.0 
0.01 0.01 
0.01 0.01 
0.01 0.01 13:1.0 103:1.0 
0.01 0.01 12:1.0 
0.01 0.01 19:1.0 
0.01 0.01 
0.01 0.01 219:1.0 
0.01 0.01 
0.01 0.01 74:1.0 
0.01 0.01 
0.01 0.01 
0.01 0.01 
0.01 0.01 90:1.0 
0.01 0.01 
0.01 0.01 
0.01 0.01 
0.01 0.01 
0.01 0.01 
0.01 0.01 
0.01 0.01 
0.01 0.01 150:1.0 168:1.0 
0.01 0.01 64:1.0 
0.01 0.01 
0.01 0.01 
0.01 0.01 
0.01 0.01 
0.01 0.01 125:1.0 
0.01 0.01 
0.01 0.01 
0.01 0.01 
0.01 0.01 22:1.0 60:1.0 
0.01 0.01 
0.01 0.01 
0.01 0.01 
0.01 0.01 224:1.0 
0.01 0.01 
0.01 0.01 
0.01 0.01 45:1.0 
0.01 0.01 
0.01 0.01 
0.01 0.01 25:1.0 
0.01 0.01 
0.01 0.01 
0.01 0.01 
0.01 0.01 
0.01 0.01 
0.01 0.01 
0.01 0.01 86:1.0 109:1.0 242:1.0 300:1.0 305:1.0 
0.01 0.01 244:1.0 
0.01 0.01 
0.01 0.01 
0.01 0.01 
0.01 0.01 
0.01 0.01 
0.01 0.01 
0.01 0.01 
0.01 0.01 
0.01 0.01 
0.01 0.01 
0.01 0.01 66:1.0 258:1.0 
0.01 0.01 
0.01 0.01 
0.01 0.01 
0.01 0.01 
0.01 0.01 8:1.0 9:1.0 
0.01 0.01 231:1.0 
0.01 0.01 8:1.0 9:1.0 189:1.0 
0.01 0.01 191:1.0 
0.01 0.01 
0.01 0.01 15:1.0 
0.01 0.01 70:1.0 
0.01 0.01 83:1.0 84:1.0 
0.01 0.01 147:1.0 211:1.0 298:1.0 
0.01 0.01 105:1.0 117:1.0 
0.01 0.01 191:1.0 
0.01 0.01 89:1.0 162:1.0 231:1.0 
0.01 0.01 
0.01 0.01 
0.01 0.01 184:1.0 
0.01 0.01 159:1.0 
0.01 0.01 264:1.0 
0.01 0.01 151:1.0 
0.01 0.01 89:1.0 
0.01 0.01 
0.01 0.01 
0.01 0.01 
0.01 0.01 30:1.0 89:1.0 
0.01 0.01 
0.01 0.01 
0.01 0.01 
0.01 0.01 
0.01 0.01 143:1.0 182:1.0 225:1.0 261:1.0 283:1.0 
0.01 0.01 132:1.0 
0.01 0.01 
0.01 0.01 153:1.0 
0.01 0.01 
0.01 0.01 
0.01 0.01 
0.01 0.01 
0.01 0.01 
0.01 0.01 
0.01 0.01 171:1.0 
0.01 0.01 
0.01 0.01 229:1.0 
0.01 0.01 
0.01 0.01 
0.01 0.01 143:1.0 
0.01 0.01 
0.01 0.01 
0.01 0.01 
0.01 0.01 246:1.0 
0.01 0.01 
0.01 0.01 
0.01 0.01 
0.01 0.01 97:1.0 
0.01 0.01 258:1.0 
0.01 0.01 22:1.0 115:1.0 
0.01 0.01 
0.01 0.01 182:1.0 
0.01 0.01 
0.01 0.01 74:1.0 
0.01 0.01 
0.01 0.01 
0.01 0.01 145:1.0 
0.01 0.01 
0.01 0.01 143:1.0 
0.01 0.01 
0.01 0.01 
0.01 0.01 204:1.0 
0.01 0.01 
0.01 0.01 260:1.0 
0.01 0.01 
0.01 0.01 211:1.0 
0.01 0.01 
0.01 0.01 56:1.0 
0.01 0.01 
0.01 0.01 
0.01 0.01 131:1.0 239:1.0 
0.01 0.01 
0.01 0.01 
0.01 0.01 96:1.0 171:1.0 
0.01 0.01 141:1.0 
0.01 0.01 
0.01 0.01 64:1.0 103:1.0 104:1.0 130:1.0 282:1.0 290:1.0 297:1.0 
0.01 0.01 
0.01 0.01 
0.01 0.01 13:1.0 23:1.0 54:1.0 64:1.0 130:1.0 282:1.0 
0.01 0.01 56:1.0 176:1.0 
0.01 0.01 
0.01 0.01 
0.01 0.01 
0.01 0.01 175:1.0 182:1.0 
0.01 0.01 
0.01 0.01 176:1.0 
0.01 0.01 260:1.0 
0.01 0.01 
0.01 0.01 
0.01 0.01 
0.01 0.01 
0.01 0.01 
0.01 0.01 231:1.0 
0.01 0.01 
0.01 0.01 
0.01 0.01 
0.01 0.01 
0.01 0.01 
0.01 0.01 86:1.0 109:1.0 242:1.0 300:1.0 305:1.0 
0.01 0.01 
0.01 0.01 103:1.0 
0.01 0.01 
0.01 0.01 
0.01 0.01 208:1.0 
0.01 0.01 
0.01 0.01 
0.01 0.01 
0.01 0.01 
0.01 0.01 168:1.0 
0.01 0.01 24:1.0 60:1.0 
0.01 0.01 
0.01 0.01 
0.01 0.01 24:1.0 
0.01 0.01 24:1.0 
0.01 0.01 
0.01 0.01 
0.01 0.01 
0.01 0.01 
0.01 0.01 
0.01 0.01 
0.01 0.01 
0.01 0.01 260:1.0 
0.01 0.01 
0.01 0.01 
0.01 0.01 
0.01 0.01 
0.01 0.01 60:1.0 114:1.0 
0.01 0.01 
0.01 0.01 
0.01 0.01 
0.01 0.01 
0.01 0.01 
0.01 0.01 
0.01 0.01 264:1.0 
0.01 0.01 260:1.0 
0.01 0.01 126:1.0 
0.01 0.01 
0.01 0.01 28:1.0 258:1.0 
0.01 0.01 
0.01 0.01 
0.01 0.01 78:1.0 
0.01 0.01 
0.01 0.01 
0.01 0.01 22:1.0 90:1.0 115:1.0 
0.01 0.01 
0.01 0.01 
0.01 0.01 
0.01 0.01 
0.01 0.01 144:1.0 
0.01 0.01 
0.01 0.01 
0.01 0.01 
0.01 0.01 
0.01 0.01 
0.01 0.01 
0.01 0.01 204:1.0 226:1.0 
0.01 0.01 
0.01 0.01 
0.01 0.01 60:1.0 233:1.0 
0.01 0.01 256:1.0 307:1.0 
0.01 0.01 
0.01 0.01 246:1.0 
0.01 0.01 
0.01 0.01 
0.01 0.01 
0.01 0.01 207:1.0 
0.01 0.01 
0.01 0.01 72:1.0 92:1.0 195:1.0 278:1.0 306:1.0 
0.01 0.01 18:1.0 
0.01 0.01 178:1.0 
0.01 0.01 117:1.0 
0.01 0.01 
0.01 0.01 
0.01 0.01 
0.01 0.01 
0.01 0.01 96:1.0 
0.01 0.01 
0.01 0.01 258:1.0 
0.01 0.01 
0.01 0.01 
0.01 0.01 
0.01 0.01 
0.01 0.01 
0.01 0.01 
0.01 0.01 
0.01 0.01 
0.01 0.01 
0.01 0.01 
0.01 0.01 
0.01 0.01 
0.01 0.01 72:1.0 92:1.0 195:1.0 278:1.0 306:1.0 
0.01 0.01 
0.01 0.01 
0.01 0.01 
0.01 0.01 
0.01 0.01 
0.01 0.01 
0.01 0.01 
0.01 0.01 
0.01 0.01 
0.01 0.01 
0.01 0.01 
0.01 0.01 54:1.0 
0.01 0.01 3:1.0 
0.01 0.01 
0.01 0.01 
0.01 0.01 30:1.0 
0.01 0.01 
0.01 0.01 
0.01 0.01 
0.01 0.01 
0.01 0.01 
0.01 0.01 
0.01 0.01 
0.01 0.01 
0.01 0.01 67:1.0 147:1.0 
0.01 0.01 
0.01 0.01 
0.01 0.01 271:1.0 
0.01 0.01 47:1.0 
0.01 0.01 
0.01 0.01 142:1.0 
0.01 0.01 
0.01 0.01 
0.01 0.01 
0.01 0.01 
0.01 0.01 
0.01 0.01 
0.01 0.01 
0.01 0.01 
0.01 0.01 
0.01 0.01 
0.01 0.01 67:1.0 
0.01 0.01 
0.01 0.01 
0.01 0.01 
0.01 0.01 87:1.0 
0.01 0.01 
0.01 0.01 
0.01 0.01 102:1.0 
0.01 0.01 
0.01 0.01 147:1.0 211:1.0 298:1.0 
0.01 0.01 
0.01 0.01 
0.01 0.01 
0.01 0.01 
0.01 0.01 222:1.0 
0.01 0.01 
0.01 0.01 
0.01 0.01 
0.01 0.01 
0.01 0.01 3:1.0 
0.01 0.01 
0.01 0.01 
0.01 0.01 
0.01 0.01 
-0.0 0.004125958203600977 5:1.0 63:1.0 
-0.01 0.01 83:1.0 
-0.0061643317952437505 0.01 184:1.0 259:1.0 
-0.0 0.005430533346617631 52:1.0 
-0.0 0.0017500106611042093 50:1.0 274:1.0 
-0.01 0.01 99:1.0 
-0.0 0.005475811630501069 198:1.0 
-0.0 0.0016482618195416295 75:1.0 255:1.0 
-0.0022698586004659934 0.01 194:1.0 
-0.0 0.0022032638900441673 62:1.0 
-0.0036351349591976457 0.01 136:1.0 183:1.0 
-0.0 0.0042306996739913776 193:1.0 
-0.01 0.004347878172603296 233:1.0 
-0.01 0.003923260099980997 8:1.0 
-0.01 0.0044436745521117815 19:1.0 151:1.0 
-0.005952504169347746 0.005737419578762053 210:1.0 289:1.0 
-0.004770785820125037 0.01 6:1.0 88:1.0 192:1.0 269:1.0 
-0.006039032669966284 0.01 61:1.0 139:1.0 234:1.0 
-0.001537971471842651 0.01 257:1.0 265:1.0 
-0.0 0.005475811630501069 137:1.0 
-0.0018918251251819045 0.01 62:1.0 
-0.006173869562437223 0.0 219:1.0 
-0.0059845111467252896 0.01 184:1.0 203:1.0 252:1.0 
-0.0 0.003986284342049368 259:1.0 
-0.0 0.005953116475233942 38:1.0 73:1.0 
-0.0014147138641086852 0.01 193:1.0 
-0.01 0.01 27:1.0 50:1.0 182:1.0 299:1.0 304:1.0 
-0.008176635665808712 0.0 117:1.0 
-0.01 0.0056521218273967045 226:1.0 
-0.01 0.0 168:1.0 
-0.005277219446127972 0.006051747945434282 20:1.0 122:1.0 273:1.0 280:1.0 
-0.0038478191132419494 0.01 2:1.0 
-0.0 0.01 267:1.0 
-0.004530489484323644 0.01 140:1.0 223:1.0 
-0.004666644625032299 0.01 16:1.0 
-0.01 0.007340044752670463 64:1.0 103:1.0 130:1.0 189:1.0 282:1.0 297:1.0 
-0.01 0.01 87:1.0 
-0.0 0.01 196:1.0 
-0.0030714681684097032 0.005294163286548686 143:1.0 267:1.0 
-0.006583885070612958 0.0 21:1.0 78:1.0 
-0.005028714073216204 0.01 27:1.0 50:1.0 182:1.0 299:1.0 304:1.0 
-0.01 0.01 150:1.0 218:1.0 
-0.0 0.01 73:1.0 
-0.01 0.0029538600398046557 125:1.0 
-0.01 0.01 182:1.0 
-0.01 0.01 30:1.0 230:1.0 
-0.0 0.01 129:1.0 
-0.003194921739597822 0.0037273904591487573 29:1.0 91:1.0 120:1.0 185:1.0 216:1.0 235:1.0 253:1.0 263:1.0 285:1.0 291:1.0 294:1.0 296:1.0 301:1.0 309:1.0 312:1.0 
-0.0 0.01 157:1.0 
-0.006152180886758051 0.0 144:1.0 
-0.01 0.01 143:1.0 
-0.0 0.01 164:1.0 
-0.004015488853274711 0.0062785268891506025 141:1.0 165:1.0 
-0.01 0.01 15:1.0 34:1.0 175:1.0 
-0.0 0.005864302852179036 21:1.0 
-0.003632311645575417 0.0033883018499549097 5:1.0 101:1.0 
-0.0 0.01 121:1.0 198:1.0 
-0.0 0.004114310335643733 133:1.0 
-0.01 0.01 28:1.0 
-0.0 0.01 118:1.0 
-0.002756295704265783 0.01 73:1.0 149:1.0 228:1.0 284:1.0 
-0.004770562280251581 0.0 67:1.0 114:1.0 
-0.01 0.01 204:1.0 
-0.0033537639163508407 0.01 20:1.0 129:1.0 
-0.003253938099490373 0.004093655022880738 214:1.0 
-0.01 0.004093655022881044 246:1.0 
-0.0 0.0014187494571531222 237:1.0 
-0.01 0.01 141:1.0 
-0.0 0.00459496620079751 248:1.0 
-0.0 0.01 
-0.0 0.01 
-0.0 0.01 
-0.0 0.01 
-0.0 0.01 
-0.0 0.01 
-0.0 0.01 
-0.0 0.01 
-0.0 0.01 
-0.0 0.01 
-0.0 0.01 
-0.0 0.01 
-0.0 0.01 
-0.0 0.01 
-0.0 0.01 
-0.0030580461038802256 0.00634671841040072 51:1.0 65:1.0 199:1.0 
-0.0 0.01 231:1.0 
-0.0 0.01 
-0.0056495959329214175 0.005556325447888219 38:1.0 49:1.0 73:1.0 236:1.0 
-0.0 0.01 
-0.01 0.006997958700615545 86:1.0 109:1.0 242:1.0 300:1.0 305:1.0 
-0.0 0.01 
-0.0 0.01 85:1.0 
-0.0038356682047562497 0.01 184:1.0 
-0.0 0.01 
-0.0 0.01 
-0.0 0.01 
-0.0 0.01 
-0.0 0.01 155:1.0 270:1.0 
-0.0 0.01 
-0.0 0.01 
-0.0 0.01 
-0.01 0.01 
-0.01 0.01 
-0.01 0.01 
-0.0051938109371136645 0.0033172761266629055 4:1.0 175:1.0 240:1.0 
-0.0030029968867478617 0.01 66:1.0 106:1.0 157:1.0 
-0.01 0.01 
-0.01 0.01 
-0.01 0.005885689664356267 159:1.0 
-0.01 0.01 
-0.01 0.01 
-0.00404670446796465 0.01 26:1.0 69:1.0 
-0.004078162746658021 0.004900279125951885 40:1.0 241:1.0 
-0.01 0.0 90:1.0 
-0.01 0.01 
-0.01 0.01 
-0.0 0.01 255:1.0 
-0.01 0.01 
-0.01 0.01 260:1.0 
-0.01 0.01 
-0.01 0.01 
-0.01 0.0 117:1.0 
-0.005078485482056248 0.004471477666155495 29:1.0 91:1.0 120:1.0 131:1.0 167:1.0 185:1.0 216:1.0 235:1.0 253:1.0 285:1.0 291:1.0 294:1.0 301:1.0 309:1.0 312:1.0 
-0.0 0.008719882088752767 138:1.0 227:1.0 232:1.0 
-0.01 0.01 
-0.01 0.01 
-0.01 0.01 
-0.01 0.01 
-0.0 0.01 21:1.0 
-0.01 0.01 
-0.01 0.01 
-0.01 0.01 
-0.01 0.00662800412148897 179:1.0 227:1.0 243:1.0 
-0.01 0.0 145:1.0 
-0.01 0.01 
-0.01 0.01 
-0.01 0.01 
-0.01 0.01 
-0.0 0.005906344977119262 255:1.0 
-0.01 0.01 
-0.01 0.01 
-0.01 0.01 
-0.01 0.01 
-0.01 0.01 
-0.01 0.01 
-0.01 0.01 
-0.01 0.01 
-0.001514279540856868 0.01 176:1.0 
-0.01 0.01 
-0.0 0.01 269:1.0 
-0.01 0.01 
-0.01 0.01 
-0.0 0.0036532815895992804 75:1.0 
-0.0017906706216492306 0.01 138:1.0 184:1.0 
-0.01 0.01 
-0.0 0.009897016224592273 59:1.0 73:1.0 
-0.004350404067078583 0.01 95:1.0 173:1.0 250:1.0 
-0.01 0.01 
-0.01 0.01 
-0.01 0.004112004269981598 90:1.0 
-0.003470092709647439 0.01 133:1.0 
-0.003565368114203109 0.01 37:1.0 
-0.0 0.01 122:1.0 273:1.0 280:1.0 
-0.01 0.01 
-0.01 0.01 
-0.01 0.01 
-0.01 0.01 
-0.005375615503949618 0.005296129299091136 134:1.0 172:1.0 238:1.0 
-0.0 0.004705836713451314 249:1.0 
-0.01 0.01 
-0.01 0.01 139:1.0 
-0.01 0.01 
-0.0013715549277328969 0.0 126:1.0 
-0.01 0.01 
-0.01 0.01 46:1.0 64:1.0 104:1.0 166:1.0 182:1.0 225:1.0 261:1.0 283:1.0 290:1.0 292:1.0 
-0.01 0.01 
-0.002837194404879776 0.0038262291808727478 108:1.0 269:1.0 
-0.01 0.004024271284183039 271:1.0 
-0.01 0.01 
-0.01 0.01 
-0.01 0.01 
-0.01 0.01 
-0.01 0.01 
-0.01 0.01 
-0.0 0.008109103594074052 51:1.0 68:1.0 
-0.01 0.007841941687860624 18:1.0 67:1.0 123:1.0 
-0.01 0.01 
-0.01 0.01 
-0.01 0.01 
-0.01 0.01 
-0.01 0.01 
-0.00360217456136431 0.01 249:1.0 265:1.0 
-0.006941953896119775 0.006682723873337095 11:1.0 152:1.0 161:1.0 170:1.0 
-0.01 0.01 25:1.0 197:1.0 
-0.01 0.01 
-0.01 0.01 
-0.01 0.01 
-0.01 0.01 
-0.0 0.01 269:1.0 
-0.01 0.01 
-0.01 0.01 
-0.01 0.01 
-0.01 0.01 
-0.01 0.01 
-0.01 0.01 
-0.01 0.01 
-0.01 0.01 
-0.01 0.0058879957300184025 219:1.0 
-0.01 0.01 
-0.01 0.01 
-0.00220034583232133 0.0018967004047091745 29:1.0 91:1.0 120:1.0 131:1.0 167:1.0 185:1.0 216:1.0 253:1.0 263:1.0 285:1.0 294:1.0 296:1.0 312:1.0 
-0.0036853994168062772 0.01 254:1.0 
-0.01 0.01 
-0.01 0.01 
-0.01 0.01 
-0.0 0.004770948989675172 106:1.0 111:1.0 
-0.0049066711179341325 0.005995757239377223 41:1.0 148:1.0 
-0.01 0.01 
-0.01 0.01 
-0.01 0.01 
-0.01 0.01 
-0.01 0.01 
-0.01 0.01 
-0.0 0.0021580583121393756 212:1.0 
-0.01 0.01 
-0.01 0.01 
-0.0 0.0036361915397604685 200:1.0 
-0.01 0.01 
-0.005415572925581719 0.01 68:1.0 212:1.0 
-0.01 0.01 
-0.0 0.006363808460239532 252:1.0 
-0.01 0.01 
-0.01 0.01 
-0.01 0.01 
-0.01 0.01 
-0.0033879881365172057 0.01 111:1.0 201:1.0 
-0.001764618763615403 0.01 58:1.0 116:1.0 
-0.01 0.01 
-0.01 0.01 
-0.0016609128879872808 0.01 67:1.0 75:1.0 91:1.0 265:1.0 
-0.01 0.01 
-0.01 0.01 
-0.01 0.01 
-0.01 0.01 
-0.0 0.004392271820613112 57:1.0 
-0.01 0.01 
-0.0 0.005475811630502906 213:1.0 
-0.01 0.01 
-0.01 0.01 
-0.005967932809987792 0.01 200:1.0 
-0.0 0.01 55:1.0 135:1.0 181:1.0 187:1.0 277:1.0 288:1.0 303:1.0 
-0.01 0.01 
-0.01 0.01 
-0.01 0.01 
-0.01 0.01 
-0.01 0.01 
-0.01 0.01 
-0.0 0.003670974537767359 276:1.0 
-0.01 0.01 
-0.01 0.01 
-0.01 0.01 99:1.0 
-0.01 0.01 
-0.01 0.01 
-0.01 0.01 
-0.01 0.01 
-0.01 0.01 
-0.01 0.01 
-0.01 0.01 
-0.0032312362191359075 0.0066684118265305636 146:1.0 168:1.0 
-0.01 0.01 
-0.01 0.01 
-0.007730141399534007 0.01 66:1.0 110:1.0 
-0.0 0.01 51:1.0 
-0.00349212380101921 0.01 80:1.0 
-0.01 0.01 
-0.01 0.01 
-0.01 0.01 176:1.0 
-0.01 0.01 
-0.01 0.01 
-0.01 0.01 
-0.01 0.01 
-0.01 0.01 
-0.0 0.01 247:1.0 
-0.006575239458355564 0.01 33:1.0 
-0.01 0.01 
-0.01 0.01 
-0.01 0.01 
-0.01 0.01 
-0.01 0.0 67:1.0 
-0.00492993988030719 0.007796736109955833 7:1.0 119:1.0 270:1.0 310:1.0 
-0.01 0.01 
-0.01 0.01 
-0.0 0.01 165:1.0 
-0.01 0.01 
-0.01 0.01 
-0.01 0.01 
-0.01 0.01 
-0.01 0.01 143:1.0 
-0.01 0.01 
-0.005366635300985375 0.01 85:1.0 117:1.0 
-0.01 0.01 
-0.004824755774506718 0.005475811630502293 102:1.0 
-0.01 0.01 
-0.01 0.01 
-0.01 0.01 
-0.01 0.01 
-0.01 0.01 115:1.0 
-0.01 0.01 
-0.01 0.01 
-0.01 0.0037214731108493977 141:1.0 
-0.005953295532035351 0.01 127:1.0 215:1.0 232:1.0 
-0.01 0.01 
-0.01 0.01 
-0.01 0.01 
-0.01 0.01 
-0.01 0.01 
-0.003380452416116706 0.01 268:1.0 
-0.01 0.01 
-0.01 0.01 
-0.01 0.01 
-0.01 0.01 
-0.0025175534499822932 0.005174544450313749 207:1.0 272:1.0 
-0.01 0.01 
-0.01 0.01 
-0.002749232468990614 0.01 93:1.0 
-0.01 0.01 
-0.01 0.01 
-0.01 0.01 
-0.01 0.01 
-0.01 0.0 207:1.0 
-0.01 0.01 
-0.01 0.01 
-0.01 0.01 
-0.0017197836671241668 0.01 164:1.0 
-0.00619368738836245 0.005151839609478173 31:1.0 244:1.0 
-0.01 0.01 
-0.01 0.01 
-0.01 0.01 
-0.01 0.01 
-0.01 0.01 
-0.01 0.01 
-0.01 0.01 
-0.01 0.01 
-0.01 0.01 
-0.01 0.01 
-0.01 0.01 
-0.01 0.01 
-0.003586423300211417 0.01 17:1.0 220:1.0 
-0.01 0.01 
-0.01 0.01 
-0.01 0.01 
-0.01 0.01 
-0.01 0.01 
-0.0032539380994904173 0.01 276:1.0 
-0.01 0.01 
-0.0 0.004238680923228691 95:1.0 
-0.01 0.01 178:1.0 
-0.01 0.01 
-0.004806189062886336 0.01 4:1.0 52:1.0 255:1.0 
-0.01 0.01 
-0.01 0.01 
-0.0 0.01 269:1.0 
-0.01 0.01 
-0.01 0.01 
-0.01 0.01 
-0.01 0.01 
-0.01 0.01 56:1.0 157:1.0 
-0.01 0.01 
-0.01 0.01 
-0.01 0.01 
-0.0069715483969284755 0.007498624585312837 55:1.0 135:1.0 181:1.0 187:1.0 277:1.0 288:1.0 303:1.0 
-0.01 0.01 
-0.01 0.01 
-0.0059218372533419794 0.005954656644891848 76:1.0 112:1.0 311:1.0 
-0.01 0.01 
-0.0034247605416444366 0.0045241883694970945 188:1.0 
-0.01 0.01 
-0.01 0.01 
-0.01 0.01 
-0.0 0.004524188369497707 39:1.0 
-0.0 0.01 108:1.0 
-0.01 0.01 
-0.01 0.01 
-0.01 0.01 
-0.01 0.01 
-0.01 0.01 
-0.01 0.01 
-0.01 0.01 
-0.01 0.01 9:1.0 42:1.0 78:1.0 
-0.01 0.01 
-0.01 0.01 
-0.01 0.01 
-0.01 0.01 
-0.0051400119730995765 0.0 239:1.0 
-0.01 0.01 
-0.005927773882986371 0.008635683963146498 107:1.0 114:1.0 180:1.0 231:1.0 
-0.01 0.01 
-0.01 0.01 
-0.01 0.01 
-0.00277135233585142 0.0 36:1.0 169:1.0 250:1.0 293:1.0 
-0.0 0.01 41:1.0 236:1.0 
-0.0 0.01 170:1.0 
-0.01 0.01 
-0.004597910746544642 0.0 59:1.0 143:1.0 272:1.0 
-0.01 0.01 
-0.01 0.01 
-0.01 0.01 105:1.0 
-0.0 0.01 162:1.0 
-0.0 0.01 250:1.0 
-0.01 0.01 
-0.0019477283071484375 0.01 162:1.0 168:1.0 
-0.01 0.004524188369498932 126:1.0 
-0.01 0.01 
-0.01 0.01 
-0.004475662159225201 0.0033675562170013278 1:1.0 51:1.0 98:1.0 
-0.01 0.01 176:1.0 
-7.940610095814415E-5 0.0083499102982967 35:1.0 46:1.0 88:1.0 186:1.0 286:1.0 
-0.0 0.005874041796399023 156:1.0 
-0.01 0.01 
-0.01 0.01 
-0.002427104828823308 0.004524188369498932 262:1.0 
-0.01 0.01 
-0.003239095167766478 0.0 132:1.0 
-0.0036242903696720456 0.0 50:1.0 182:1.0 304:1.0 
-0.01 0.01 
-0.01 0.01 244:1.0 
-0.004010058299917931 0.005937651540881644 17:1.0 275:1.0 
-0.01 0.01 162:1.0 
-0.01 0.01 
-0.0 0.01 35:1.0 
-0.01 0.01 
-0.006367688354424583 0.01 189:1.0 
-0.01 0.01 
-0.01 0.01 
-0.01 0.01 
-0.01 0.01 48:1.0 264:1.0 
-0.01 0.01 
-0.01 0.01 
-0.01 0.01 
-0.0034666835296758196 0.01 248:1.0 
-0.01 0.01 
-0.01 0.01 
-0.01 0.01 
-0.01 0.01 
-0.01 0.01 
-0.01 0.01 
-0.01 0.01 
-0.01 0.01 
-0.01 0.01 
-0.01 0.01 
-0.01 0.01 
-0.0 0.01 108:1.0 
-0.0 0.0027342971737970936 82:1.0 
-0.01 0.01 
-0.0010346241926254662 0.0 91:1.0 93:1.0 
-0.01 0.01 
-0.01 0.01 142:1.0 
-0.01 0.01 
-0.01 0.01 
-0.0021301393571352056 0.006310181885260467 88:1.0 123:1.0 141:1.0 274:1.0 
-0.01 0.01 
-0.01 0.01 
-0.01 0.01 
-0.006232767641344606 0.007397784644927578 44:1.0 100:1.0 124:1.0 295:1.0 308:1.0 
-0.01 0.01 231:1.0 
-0.01 0.01 
-0.01 0.01 
-0.01 0.01 90:1.0 
-0.01 0.01 
-0.01 0.01 
-0.01 0.01 
-0.01 0.01 
-0.01 0.01 
-0.01 0.01 
-0.01 0.01 
-0.01 0.01 
-0.01 0.01 
-0.01 0.01 
-0.004705487843840322 0.0039482520545657184 33:1.0 145:1.0 
-0.003197127510877171 0.0061737708191272524 149:1.0 228:1.0 284:1.0 
-0.01 0.0 40:1.0 
-0.01 0.01 
-0.004041231698562209 0.01 196:1.0 213:1.0 
-0.0033804524161168163 0.01 237:1.0 
-0.01 0.01 
-0.01 0.01 
-0.01 0.01 
-0.01 0.01 
-0.01 0.01 45:1.0 102:1.0 
-0.01 0.01 
-0.01 0.01 
-0.003066632940648386 0.004569466653382369 81:1.0 
-0.004875727924545608 0.01 36:1.0 169:1.0 173:1.0 202:1.0 293:1.0 
-0.01 0.0 168:1.0 
-0.01 0.01 
-0.004066943176255887 0.0018407491603699183 5:1.0 121:1.0 198:1.0 
-0.01 0.01 
-0.01 0.01 
-0.01 0.01 231:1.0 
-0.01 0.01 
-0.01 0.01 
-0.01 0.01 
-0.01 0.01 
-0.0 0.01 218:1.0 221:1.0 
-0.01 0.01 
-0.01 0.01 
-0.01 0.01 
-0.0031590434680906325 0.0 59:1.0 118:1.0 
-0.01 0.01 
-0.01 0.01 
-0.01 0.01 
-0.01 0.01 
-0.01 0.01 
-0.01 0.01 
-0.01 0.01 
-0.0034666835296757945 0.01 14:1.0 
-0.01 0.01 
-0.01 0.01 
-0.005229437719748419 0.0 57:1.0 116:1.0 
-0.004072226117013629 0.0 119:1.0 143:1.0 
-0.01 0.01 
-0.01 0.01 
-0.01 0.01 
-0.01 0.01 
-0.01 0.01 
-0.01 0.01 
-0.01 0.01 
-0.01 0.01 
-0.00266088160793779 0.006329025462232641 128:1.0 
-0.01 0.01 
-0.01 0.01 
-0.01 0.01 
-0.0 0.01 149:1.0 
-0.01 0.01 
-0.01 0.01 
-0.01 0.01 
-0.01 0.01 
-0.01 0.01 
-0.01 0.01 
-0.01 0.01 
-0.01 0.01 
-0.01 0.01 
-0.01 0.01 
-0.01 0.01 
-0.01 0.01 
-0.0 0.01 59:1.0 232:1.0 
-0.01 0.01 
-0.01 0.01 
-0.0 0.01 101:1.0 
-0.01 0.01 
-0.01 0.01 
-0.004180074923971578 0.01 94:1.0 
-0.01 0.01 
-0.01 0.0036512847479503127 77:1.0 
-0.01 0.01 
-0.0053790627471239595 0.01 
-0.0 0.01 
-0.0 0.01 
-0.0 0.01 
-0.0 0.0036429259106386547 220:1.0 
-0.0 0.01 
-0.0 0.01 31:1.0 
-0.01 0.01 208:1.0 231:1.0 
-0.0 0.01 
-0.0 0.01 
-0.0 0.01 
-0.0 0.01 
-0.0 0.01 
-0.0 0.01 
-0.0 0.01 
-0.0 0.0030020412993844547 190:1.0 
-0.00234835899669022 0.0 63:1.0 
-0.0 0.01 
-0.0 0.01 
-0.0 0.01 
-0.0 0.01 
-0.004046576784857046 0.01 65:1.0 137:1.0 
-0.0 0.01 
-0.0 0.01 
-0.0 0.01 
-0.01 0.0 151:1.0 
-0.0 0.01 
-0.0 0.01 
-0.0 0.01 
-0.01 0.0063570740893613455 132:1.0 
-0.0 0.01 
-0.0 0.01 
-0.0 0.005906344977118956 34:1.0 
-0.0 0.01 122:1.0 273:1.0 280:1.0 
-0.0 0.01 
-0.0 0.01 
-0.004222296654270293 0.01 190:1.0 
-0.0 0.01 
-0.01 0.004004242760622777 239:1.0 
-0.0 0.01 
-0.0 0.01 179:1.0 
-0.0044987015143371275 0.0 75:1.0 114:1.0 
-0.0 0.01 85:1.0 
-0.0 0.01 
-0.0024001264236233394 0.01 39:1.0 
-0.0 0.006348715252049688 
-0.01 0.01 205:1.0 
-0.004828104964202964 0.004375909136142068 29:1.0 120:1.0 131:1.0 167:1.0 185:1.0 263:1.0 296:1.0 312:1.0 
-0.00424610966002582 0.01 82:1.0 
-0.0 0.006076739900019003 146:1.0 
-0.005501298485662873 0.004969936025986766 35:1.0 111:1.0 186:1.0 286:1.0 
-0.006768763780864093 0.002602215355072422 77:1.0 155:1.0 156:1.0 247:1.0 
-0.01 0.0040623484591183565 144:1.0 
-0.004423479153064696 0.0 151:1.0 
-0.01 0.0023970815355665222 46:1.0 103:1.0 130:1.0 297:1.0 
-0.0 0.01 49:1.0 75:1.0 156:1.0 
-0.0 0.006632443782998673 1:1.0 98:1.0 
-0.0012350003425241772 0.01 71:1.0 197:1.0 270:1.0 
-0.01 -0.01 
-0.01 -0.01 
-0.01 -0.01 
-0.01 -0.01 
-0.01 -0.01 23:1.0 
-0.01 -0.01 
-0.01 -0.01 
-0.0 -0.01 85:1.0 
-0.01 -0.01 18:1.0 
-0.01 -0.01 
-0.01 -0.01 
-0.01 -0.01 
-0.01 -0.01 
-0.01 -0.01 
-0.01 -0.01 
-0.01 -0.01 
-0.01 -0.01 56:1.0 
-0.01 -0.01 
-0.01 -0.01 205:1.0 
-0.01 -0.01 
-0.01 -0.01 
-0.01 -0.01 
-0.0 -0.01 129:1.0 
-0.0 -0.01 265:1.0 
-0.01 -0.01 24:1.0 
-0.01 -0.01 
-0.0 -0.01 51:1.0 
-0.01 -0.01 
-0.01 -0.01 
-0.0 -0.01 43:1.0 158:1.0 160:1.0 281:1.0 302:1.0 
-0.01 -0.01 
-0.01 -0.01 
-0.01 -0.01 
-0.01 -0.01 
-0.01 -0.01 
-0.01 -0.01 139:1.0 
-0.01 -0.01 
-0.01 -0.01 
-0.01 -0.01 
-0.01 -0.01 
-0.01 -0.01 
-0.004999999999999951 -0.01 276:1.0 
-0.01 -0.01 82:1.0 143:1.0 
-0.01 -0.01 
-0.0 -0.01 203:1.0 
-0.0 -0.01 223:1.0 
-0.01 -0.01 
-0.01 -0.01 
-0.01 -0.01 
-0.0 -0.01 217:1.0 
-0.01 -0.01 
-0.01 -0.01 102:1.0 
-0.01 -0.01 
-0.01 -0.01 
-0.01 -0.01 25:1.0 
-0.01 -0.01 
-0.01 -0.01 115:1.0 258:1.0 
-0.01 -0.01 
-0.01 -0.01 
-0.01 -0.01 
-0.01 -0.01 
-0.0 -0.01 232:1.0 
-0.01 -0.01 
-0.01 -0.01 52:1.0 229:1.0 
-0.01 -0.01 
-0.01 -0.01 
-0.01 -0.01 
-0.0 -0.01 154:1.0 265:1.0 
-0.01 -0.01 
-0.01 -0.01 
-0.01 -0.01 
-0.01 -0.01 
-0.006381130392499903 -0.01 61:1.0 139:1.0 
-0.01 -0.01 
-0.01 -0.01 
-0.01 -0.01 
-0.004999999999999951 -0.01 267:1.0 
-0.01 -0.01 
-0.01 -0.01 
-0.01 -0.01 
-0.0 -0.01 16:1.0 
-0.01 -0.01 154:1.0 248:1.0 
-0.0 -0.01 53:1.0 194:1.0 
-0.0 -0.01 257:1.0 
-0.01 -0.01 
-0.01 -0.01 
-0.01 -0.01 
-0.01 -0.01 
-0.0 -0.01 255:1.0 
-0.004999999999999951 -0.01 200:1.0 
-0.01 -0.01 
-0.01 -0.01 
-0.01 -0.01 
-0.0 -0.01 162:1.0 
-0.01 -0.01 
-0.01 -0.01 14:1.0 15:1.0 
-0.004999999999999951 -0.01 34:1.0 
-0.0 -0.01 80:1.0 196:1.0 
-0.004999999999999951 -0.01 166:1.0 
-0.01 -0.01 
-0.01 -0.01 
-0.0 -0.01 201:1.0 
-0.0 -0.01 26:1.0 73:1.0 149:1.0 
-0.01 -0.01 
-0.004999999999999951 -0.01 190:1.0 
-0.01 -0.01 
-0.01 -0.01 
-0.004999999999999951 -0.01 68:1.0 
-0.01 -0.01 
-0.01 -0.01 
-0.01 -0.01 
-0.01 -0.01 
-0.01 -0.01 
-0.004999999999999951 -0.01 31:1.0 
-0.01 -0.01 73:1.0 146:1.0 168:1.0 
-0.01 -0.01 
-0.01 -0.01 
-0.01 -0.01 
-0.01 -0.01 
-0.01 -0.01 65:1.0 157:1.0 
-0.0 -0.01 184:1.0 
-0.005000000000000257 -0.01 255:1.0 
-0.0030041354129339798 -0.01 110:1.0 265:1.0 
-0.005000000000000257 -0.01 39:1.0 
-0.01 -0.01 
-0.01 -0.01 141:1.0 274:1.0 
-0.01 -0.01 
-0.01 -0.01 
-0.01 -0.01 
-0.01 -0.01 
-0.01 -0.01 
-0.01 -0.01 
-0.01 -0.01 99:1.0 
-0.01 -0.01 
-0.01 -0.01 
-0.01 -0.01 
-0.01 -0.01 
-0.01 -0.01 
-0.0 -0.01 162:1.0 
-0.01 -0.01 
-0.01 -0.01 
-0.01 -0.01 
-0.01 -0.01 
-0.01 -0.01 35:1.0 186:1.0 258:1.0 286:1.0 
-0.01 -0.01 
-0.01 -0.01 
-0.01 -0.01 260:1.0 
-0.01 -0.01 
-0.01 -0.01 
-0.0 -0.01 35:1.0 
-0.01 -0.01 
-0.0 -0.01 32:1.0 113:1.0 174:1.0 251:1.0 279:1.0 287:1.0 313:1.0 
-0.006613364841638473 -0.01 121:1.0 184:1.0 
-0.01 -0.01 
-0.0 -0.01 69:1.0 
-0.0 -0.01 163:1.0 
-0.01 -0.01 
-0.005000000000000257 -0.01 179:1.0 
-0.01 -0.01 
-0.01 -0.01 
-0.01 -0.01 
-0.01 -0.01 
-0.01 -0.01 
-0.01 -0.01 
-0.005000000000000257 -0.01 198:1.0 
-0.0 -0.01 164:1.0 
-0.01 -0.01 
-0.0 -0.01 202:1.0 
-0.01 -0.01 
-0.01 -0.01 
-0.01 -0.01 45:1.0 197:1.0 
-0.01 -0.01 26:1.0 243:1.0 
-0.01 -0.01 
-0.01 -0.01 
-0.01 -0.01 27:1.0 182:1.0 299:1.0 
-0.005000000000000257 -0.01 137:1.0 
-0.0 -0.01 231:1.0 
-0.01 -0.01 
-0.01 -0.01 
-0.006233384502225773 -0.01 245:1.0 
-0.01 -0.01 
-0.002579835098241606 -0.01 14:1.0 247:1.0 
-0.01 -0.01 
-0.009540223120340323 -0.01 257:1.0 
-0.01 -0.01 171:1.0 
-0.0 -0.01 58:1.0 
-0.01 -0.01 106:1.0 177:1.0 
-0.01 -0.01 
-0.004093655022881044 -0.01 231:1.0 
-0.01 -0.01 
-0.01 -0.01 178:1.0 
-0.01 -0.01 
-0.01 -0.01 
-0.01 -0.01 
-0.0 -0.01 232:1.0 
-0.0 -0.01 2:1.0 
-0.01 -0.01 
-0.01 -0.01 
-0.0 -0.01 222:1.0 
-0.01 -0.01 
-0.01 -0.01 
-0.01 -0.01 
-0.0 -0.01 122:1.0 273:1.0 280:1.0 
-0.01 -0.01 162:1.0 171:1.0 259:1.0 264:1.0 
-0.0 -0.01 85:1.0 
-0.01 -0.01 
-0.01 -0.01 
-0.00506785107572837 -0.01 59:1.0 
-0.01 -0.01 
-0.01 -0.01 98:1.0 176:1.0 
-0.01 -0.01 
-0.01 -0.01 
-0.0 -0.01 157:1.0 
-0.01 -0.01 
-0.01 -0.01 
-0.01 -0.01 153:1.0 
-0.01 -0.01 
-0.01 -0.01 147:1.0 211:1.0 298:1.0 
-0.0 -0.01 154:1.0 
-0.007335139972532646 -0.01 16:1.0 202:1.0 269:1.0 270:1.0 
-0.00676221889023391 -0.01 224:1.0 
-0.01 -0.01 
-0.01 -0.01 
-0.01 -0.01 53:1.0 194:1.0 
-0.01 -0.01 
-0.01 -0.01 
-0.01 -0.01 
-0.01 -0.01 
-0.01 -0.01 
-0.01 -0.01 
-0.01 -0.01 
-0.01 -0.01 
-0.01 -0.01 
-0.01 -0.01 70:1.0 
-0.0 -0.01 10:1.0 
-0.01 -0.01 
-0.01 -0.01 
-0.01 -0.01 189:1.0 
-0.01 -0.01 
-0.01 -0.01 
-0.01 -0.01 
-0.01 -0.01 
-0.01 -0.01 164:1.0 221:1.0 
-0.004246379427526394 -0.01 97:1.0 108:1.0 
-0.01 -0.01 
-0.01 -0.01 
-0.01 -0.01 
-0.01 -0.01 
-0.01 -0.01 
-0.01 -0.01 
-0.01 -0.01 
-0.01 -0.01 
-0.0074321489242713 -0.01 196:1.0 
-0.01 -0.01 150:1.0 162:1.0 270:1.0 
-0.01 -0.01 
-0.01 -0.01 
-0.01 -0.01 
-0.01 -0.01 
-0.01 -0.01 
-0.01 -0.01 56:1.0 73:1.0 177:1.0 
-0.0 -0.01 265:1.0 
-0.01 -0.01 176:1.0 
-0.01 -0.01 
-0.005363174032285892 -0.01 184:1.0 
-0.01 -0.01 
-0.01 -0.01 
-0.01 -0.01 
-0.01 -0.01 84:1.0 201:1.0 208:1.0 
-0.01 -0.01 
-0.0 -0.01 16:1.0 
-0.01 -0.01 
-0.004999999999999743 -0.01 165:1.0 
-0.0015820979496518925 -0.01 203:1.0 220:1.0 
-0.01 -0.01 
-0.01 -0.01 9:1.0 
-0.01 -0.01 
-0.01 -0.01 
-0.01 -0.01 
-0.01 -0.01 
-0.01 -0.01 
-0.01 -0.01 
-0.01 -0.01 
-0.01 -0.01 
-0.0 -0.01 71:1.0 
-0.01 -0.01 
-0.01 -0.01 229:1.0 
-0.0 -0.01 43:1.0 158:1.0 160:1.0 281:1.0 302:1.0 
-0.01 -0.01 
-0.006097782242885675 -0.01 58:1.0 
-0.01 -0.01 
-0.0 -0.01 206:1.0 
-0.01 -0.01 
-0.004859348030616369 -0.01 249:1.0 269:1.0 
-0.01 -0.01 
-0.01 -0.01 
-0.01 -0.01 
-0.01 -0.01 13:1.0 84:1.0 
-0.01 -0.01 
-0.01 -0.01 
-0.004999999999999743 -0.01 21:1.0 
-0.01 -0.01 43:1.0 158:1.0 160:1.0 281:1.0 302:1.0 
-0.01 -0.01 
-0.01 -0.01 18:1.0 62:1.0 
-0.0 -0.01 269:1.0 
-0.01 -0.01 
-0.01 -0.01 
-0.01 -0.01 
-0.01 -0.01 
-0.01 -0.01 
-0.01 -0.01 
-0.01 -0.01 97:1.0 
-0.01 -0.01 
-0.01 -0.01 
-0.01 -0.01 
-0.0 -0.01 265:1.0 
-0.01 -0.01 191:1.0 
-0.01 -0.01 244:1.0 
-0.006205632874260911 -0.01 85:1.0 
-0.01 -0.01 
-0.01 -0.01 176:1.0 236:1.0 
-0.0078044355142286945 -0.01 32:1.0 113:1.0 149:1.0 228:1.0 284:1.0 313:1.0 
-0.0 -0.01 106:1.0 
-0.004999999999999743 -0.01 17:1.0 
-0.01 -0.01 
-0.01 -0.01 
-0.01 -0.01 
-0.01 -0.01 
-0.01 -0.01 
-0.006419811302479541 -0.01 232:1.0 
-0.008756180080466733 -0.01 10:1.0 71:1.0 
-0.008353580839052566 -0.01 20:1.0 129:1.0 
-0.01 -0.01 
-0.004999999999999743 -0.01 88:1.0 
-0.004999999999999743 -0.01 79:1.0 
-0.01 -0.01 
-0.01 -0.01 
-0.01 -0.01 
-0.0 -0.01 203:1.0 
-0.01 -0.01 
-0.004147175171933566 -0.01 184:1.0 203:1.0 252:1.0 
-0.005334462906496911 -0.01 170:1.0 
-0.01 -0.01 
-0.01 -0.01 
-0.01 -0.01 
-0.007500000000000025 -0.01 101:1.0 
-0.01 -0.01 
-0.01 -0.01 
-0.01 -0.01 
-0.01 -0.01 
-0.01 -0.01 
-0.01 -0.01 
-0.01 -0.01 
-0.007858361314751029 -0.01 156:1.0 
-0.007420164901758394 -0.01 93:1.0 
-0.006762218890234196 -0.01 223:1.0 
-0.01 -0.01 27:1.0 182:1.0 299:1.0 
-0.00641981130247936 -0.01 41:1.0 
-0.01 -0.01 
-0.01 -0.01 
-0.01 -0.01 224:1.0 
-0.01 -0.01 258:1.0 
-0.01 -0.01 122:1.0 273:1.0 280:1.0 
-0.0 -0.01 206:1.0 
-0.01 -0.01 
-0.01 -0.01 
-0.01 -0.01 
-0.01 -0.01 
-0.01 -0.01 
-0.01 -0.01 
-0.01 -0.01 231:1.0 
-0.01 -0.01 191:1.0 204:1.0 266:1.0 
-0.01 -0.01 
-0.01 -0.01 47:1.0 
-0.0 -0.01 6:1.0 
-0.003979470273021813 -0.01 14:1.0 70:1.0 
-0.005578279445389207 -0.01 4:1.0 26:1.0 37:1.0 149:1.0 
-0.01 -0.01 
-0.006475562219531895 -0.01 108:1.0 191:1.0 
-0.01 -0.01 99:1.0 
-0.01 -0.01 
-0.004636825967714108 -0.01 37:1.0 184:1.0 
-0.01 -0.01 
-0.01 -0.01 
-0.01 -0.01 
-0.0 -0.01 209:1.0 
-0.01 -0.01 
-0.00699586458706602 -0.01 80:1.0 
-0.01 -0.01 
-0.01 -0.01 
-0.01 -0.01 
-0.01 -0.01 182:1.0 268:1.0 
-0.01 -0.01 
-0.01 -0.01 
-0.01 -0.01 
-0.01 -0.01 
-0.01 -0.01 
-0.01 -0.01 
-0.01 -0.01 
-0.01 -0.01 
-0.01 -0.01 
-0.01 -0.01 
-0.01 -0.01 
-0.01 -0.01 
-0.01 -0.01 103:1.0 138:1.0 
-0.01 -0.01 
-0.006233384502225917 -0.01 110:1.0 
-0.0 -0.01 265:1.0 
-0.01 -0.01 74:1.0 203:1.0 
-0.01 -0.01 
-0.006097782242885631 -0.01 213:1.0 
-0.008777050915081578 -0.01 95:1.0 173:1.0 212:1.0 250:1.0 
-0.01 -0.01 
-0.01 -0.01 
-0.01 -0.01 
-0.01 -0.01 
-0.01 -0.01 12:1.0 206:1.0 
-0.01 -0.01 
-0.01 -0.01 
-0.0 -0.01 48:1.0 
-0.01 -0.01 28:1.0 
-0.01 -0.01 
-0.01 -0.01 
-0.01 -0.01 
-0.01 -0.01 
-0.01 -0.01 222:1.0 
-0.01 -0.01 75:1.0 105:1.0 217:1.0 
-0.01 -0.01 
-0.0 -0.01 48:1.0 
-0.01 -0.01 
-0.01 -0.01 
-0.01 -0.01 
-0.01 -0.01 
-0.005906344977118956 -0.01 163:1.0 
-0.01 -0.01 
-0.01 -0.01 
-0.01 -0.01 141:1.0 268:1.0 
-0.01 -0.01 
-0.0 -0.01 221:1.0 
-0.01 -0.01 
-0.01 -0.01 
-0.01 -0.01 
-0.01 -0.01 231:1.0 
-0.01 -0.01 
-0.01 -0.01 
-0.01 -0.01 
-0.01 -0.01 
-0.01 -0.01 
-0.01 -0.01 
-0.01 -0.01 30:1.0 209:1.0 
-0.006283729634967452 -0.01 218:1.0 
-0.003794367125739089 -0.01 61:1.0 
-0.005334462906497218 -0.01 222:1.0 
-0.01 -0.01 
-0.01 -0.01 
-0.01 -0.01 
-0.01 -0.01 
-0.01 -0.01 
-0.01 -0.01 
-0.01 -0.01 
-0.01 -0.01 
-0.0 -0.01 157:1.0 
-0.01 -0.01 
-0.0 -0.01 254:1.0 
-0.01 -0.01 
-0.01 -0.01 
-0.01 -0.01 143:1.0 
-0.01 -0.01 
-0.0 -0.01 270:1.0 
-0.01 -0.01 
-0.0 -0.01 32:1.0 113:1.0 174:1.0 251:1.0 279:1.0 287:1.0 313:1.0 
-0.01 -0.01 
-0.01 -0.01 
-0.01 -0.01 
-0.008754654454889889 -0.01 32:1.0 113:1.0 174:1.0 251:1.0 279:1.0 287:1.0 313:1.0 
-0.01 -0.01 
-0.01 -0.01 231:1.0 
-0.01 -0.01 
-0.01 -0.01 
-0.01 -0.01 83:1.0 
-0.01 -0.01 
-0.01 -0.01 
-0.01 -0.01 
-0.005067851075728739 -0.01 133:1.0 
-0.0050000000000000495 -0.01 193:1.0 
-0.01 -0.01 
-0.01 -0.01 
-0.01 -0.01 
-0.0056290461489145694 -0.01 
-0.0 -0.01 
-0.0 -0.01 
-0.0 -0.01 
-0.0 -0.01 
-0.0 -0.01 
-0.0 -0.01 
-0.0066464191609474825 -0.01 51:1.0 
-0.0 -0.01 
-0.0 -0.01 
-0.0 -0.01 217:1.0 
-0.0 -0.01 
-0.01 -0.01 118:1.0 142:1.0 237:1.0 
-0.0 -0.01 
-0.0 -0.01 157:1.0 
-0.0 -0.01 
-0.01 -0.01 33:1.0 254:1.0 
-0.0 -0.01 
-0.009370953851085481 -0.01 48:1.0 
-0.0 -0.01 
-0.0 -0.01 
-0.0 -0.01 
-0.0 -0.01 73:1.0 
-0.01 -0.01 147:1.0 
-0.0 -0.01 
-0.0 -0.01 
-0.01 -0.01 87:1.0 
-0.0 -0.01 
-0.0 -0.01 265:1.0 
-0.0 -0.01 
-0.0 -0.01 269:1.0 
-0.0050000000000000495 -0.01 265:1.0 
-0.01 -0.01 27:1.0 64:1.0 104:1.0 182:1.0 261:1.0 283:1.0 290:1.0 292:1.0 299:1.0 
-0.0 -0.01 
-0.006998966117583718 -0.01 49:1.0 69:1.0 75:1.0 250:1.0 
-0.01 -0.01 230:1.0 
-0.0 -0.01 
-0.0 -0.01 
-0.0 -0.01 
-0.0 -0.01 
-0.01 -0.01 90:1.0 
-0.0054597768796597265 -0.01 2:1.0 
-0.007432148924271641 -0.01 136:1.0 
-0.0 -0.01 
-0.007500000000000025 -0.01 94:1.0 
-0.01 -0.01 55:1.0 135:1.0 181:1.0 187:1.0 277:1.0 288:1.0 303:1.0 
-0.0 -0.01 
-0.0 -0.01 
-0.006873354555044671 -0.01 6:1.0 
-0.0 -0.01 
