svm_type c_svc
kernel_type rbf
gamma 1.0
nr_class 3
total_sv 1594
rho 0.9487673324005074 0.9087720844941992 -0.9272626208747637
label 2 0 1
nr_sv 419 638 537
SV
0.1 0.1 
0.1 0.1 271:1.0 
0.1 0.1 
0.1 0.1 64:1.0 125:1.0 182:1.0 261:1.0 283:1.0 292:1.0 
0.1 0.1 
0.1 0.1 99:1.0 204:1.0 
0.1 0.1 
0.1 0.1 
0.1 0.1 
0.1 0.1 
0.1 0.1 
0.1 0.1 
0.1 0.1 
0.1 0.1 
0.1 0.1 
0.1 0.1 33:1.0 115:1.0 226:1.0 258:1.0 
0.1 0.1 243:1.0 
0.1 0.1 
0.1 0.1 
0.1 0.1 
0.1 0.1 
0.1 0.1 
0.1 0.1 151:1.0 
0.1 0.1 
0.1 0.1 
0.1 0.1 47:1.0 
0.1 0.1 
0.1 0.1 
0.1 0.1 205:1.0 
0.1 0.1 
0.1 0.1 
0.1 0.1 
0.1 0.1 
0.1 0.1 
0.1 0.1 
0.1 0.1 159:1.0 177:1.0 
0.1 0.1 
0.1 0.1 77:1.0 
0.1 0.1 
0.1 0.1 
0.1 0.1 13:1.0 23:1.0 54:1.0 
0.1 0.1 
0.1 0.1 64:1.0 125:1.0 182:1.0 261:1.0 283:1.0 292:1.0 
0.1 0.1 
0.1 0.1 
0.1 0.1 
0.1 0.1 
0.1 0.1 
0.1 0.1 
0.1 0.1 
0.1 0.1 
0.1 0.1 
0.1 0.1 204:1.0 
0.1 0.1 
0.1 0.1 
0.1 0.1 
0.1 0.1 40:1.0 
0.1 0.1 
0.1 0.1 
0.1 0.1 
0.1 0.1 90:1.0 
0.1 0.1 72:1.0 92:1.0 195:1.0 278:1.0 306:1.0 
0.1 0.1 
0.1 0.1 
0.1 0.1 
0.1 0.1 74:1.0 96:1.0 
0.1 0.1 141:1.0 
0.1 0.1 99:1.0 
0.1 0.1 
0.1 0.1 
0.1 0.1 27:1.0 64:1.0 104:1.0 182:1.0 225:1.0 261:1.0 283:1.0 290:1.0 292:1.0 299:1.0 
0.1 0.1 15:1.0 125:1.0 
0.1 0.1 
0.1 0.1 
0.1 0.1 
0.1 0.1 15:1.0 19:1.0 
0.1 0.1 
0.1 0.1 139:1.0 
0.1 0.1 
0.1 0.1 
0.1 0.1 
0.1 0.1 
0.1 0.1 
0.1 0.1 
0.1 0.1 
0.1 0.1 
0.1 0.1 
0.1 0.1 
0.1 0.1 
0.1 0.1 230:1.0 
0.1 0.1 74:1.0 258:1.0 
0.1 0.1 266:1.0 
0.1 0.1 27:1.0 64:1.0 104:1.0 182:1.0 261:1.0 283:1.0 290:1.0 292:1.0 299:1.0 
0.1 0.1 
0.1 0.1 266:1.0 
0.1 0.1 
0.1 0.1 
0.1 0.1 13:1.0 103:1.0 
0.1 0.1 12:1.0 
0.1 0.1 19:1.0 
0.1 0.1 
0.1 0.1 219:1.0 
0.1 0.1 
0.1 0.1 74:1.0 
0.1 0.1 
0.1 0.1 
0.1 0.1 
0.1 0.1 90:1.0 
0.1 0.1 
0.1 0.1 
0.1 0.1 
0.1 0.1 
0.1 0.1 
0.1 0.1 
0.1 0.1 
0.1 0.1 150:1.0 168:1.0 
0.1 0.1 64:1.0 
0.1 0.1 
0.1 0.1 
0.1 0.1 
0.1 0.1 
0.1 0.1 125:1.0 
0.1 0.1 
0.1 0.1 
0.1 0.1 
0.1 0.1 22:1.0 60:1.0 
0.1 0.1 
0.1 0.1 
0.1 0.1 
0.1 0.1 224:1.0 
0.1 0.1 
0.1 0.1 
0.1 0.1 45:1.0 
0.1 0.1 
0.1 0.1 
0.1 0.1 25:1.0 
0.1 0.1 
0.1 0.1 
0.1 0.1 
0.1 0.1 
0.1 0.1 
0.1 0.1 
0.1 0.1 86:1.0 109:1.0 242:1.0 300:1.0 305:1.0 
0.1 0.1 244:1.0 
0.1 0.1 
0.1 0.1 
0.1 0.1 
0.1 0.1 
0.1 0.1 
0.1 0.1 
0.1 0.1 
0.1 0.1 
0.1 0.1 
0.1 0.1 
0.1 0.1 66:1.0 258:1.0 
0.1 0.1 
0.1 0.1 
0.1 0.1 
0.1 0.1 
0.1 0.1 8:1.0 9:1.0 
0.1 0.1 231:1.0 
0.1 0.1 8:1.0 9:1.0 189:1.0 
0.1 0.1 191:1.0 
0.1 0.1 
0.1 0.1 15:1.0 
0.1 0.1 70:1.0 
0.1 0.1 83:1.0 84:1.0 
0.1 0.1 147:1.0 211:1.0 298:1.0 
0.1 0.1 105:1.0 117:1.0 
0.1 0.1 191:1.0 
0.1 0.1 89:1.0 162:1.0 231:1.0 
0.1 0.1 
0.1 0.1 
0.1 0.1 184:1.0 
0.1 0.1 159:1.0 
0.1 0.1 264:1.0 
0.1 0.1 151:1.0 
0.1 0.1 89:1.0 
0.1 0.1 
0.1 0.1 
0.1 0.1 
0.1 0.1 30:1.0 89:1.0 
0.1 0.1 
0.1 0.1 
0.1 0.1 
0.1 0.1 
0.1 0.1 143:1.0 182:1.0 225:1.0 261:1.0 283:1.0 
0.1 0.1 132:1.0 
0.1 0.1 
0.1 0.1 153:1.0 
0.1 0.1 
0.1 0.1 
0.1 0.1 
0.1 0.1 
0.1 0.1 
0.1 0.1 
0.1 0.1 171:1.0 
0.1 0.1 
0.1 0.1 229:1.0 
0.1 0.1 
0.1 0.1 
0.1 0.1 143:1.0 
0.1 0.1 
0.1 0.1 
0.1 0.1 
0.1 0.1 246:1.0 
0.1 0.1 
0.1 0.1 
0.1 0.1 
0.1 0.1 97:1.0 
0.1 0.1 258:1.0 
0.1 0.1 22:1.0 115:1.0 
0.1 0.1 
0.1 0.1 182:1.0 
0.1 0.1 
0.1 0.1 74:1.0 
0.1 0.1 
0.1 0.1 
0.1 0.1 145:1.0 
0.1 0.1 
0.1 0.1 143:1.0 
0.1 0.1 
0.1 0.1 
0.1 0.1 204:1.0 
0.1 0.1 
0.1 0.1 260:1.0 
0.1 0.1 
0.1 0.1 211:1.0 
0.1 0.1 
0.1 0.1 56:1.0 
0.1 0.1 
0.1 0.1 
0.1 0.1 131:1.0 239:1.0 
0.1 0.1 
0.1 0.1 
0.1 0.1 96:1.0 171:1.0 
0.1 0.1 141:1.0 
0.1 0.1 
0.1 0.1 64:1.0 103:1.0 104:1.0 130:1.0 282:1.0 290:1.0 297:1.0 
0.1 0.1 
0.1 0.1 
0.1 0.1 13:1.0 23:1.0 54:1.0 64:1.0 130:1.0 282:1.0 
0.1 0.1 56:1.0 176:1.0 
0.1 0.1 
0.1 0.1 
0.1 0.1 
0.1 0.1 175:1.0 182:1.0 
0.1 0.1 
0.1 0.1 176:1.0 
0.1 0.1 260:1.0 
0.1 0.1 
0.1 0.1 
0.1 0.1 
0.1 0.1 
0.1 0.1 
0.1 0.1 231:1.0 
0.1 0.1 
0.1 0.1 
0.1 0.1 
0.1 0.1 
0.1 0.1 
0.1 0.1 86:1.0 109:1.0 242:1.0 300:1.0 305:1.0 
0.1 0.1 
0.1 0.1 103:1.0 
0.1 0.1 
0.1 0.1 
0.1 0.1 208:1.0 
0.1 0.1 
0.1 0.1 
0.1 0.1 
0.1 0.1 
0.1 0.1 168:1.0 
0.1 0.1 24:1.0 60:1.0 
0.1 0.1 
0.1 0.1 
0.1 0.1 24:1.0 
0.1 0.1 24:1.0 
0.1 0.1 
0.1 0.1 
0.1 0.1 
0.1 0.1 
0.1 0.1 
0.1 0.1 
0.1 0.1 
0.1 0.1 260:1.0 
0.1 0.1 
0.1 0.1 
0.1 0.1 
0.1 0.1 
0.1 0.1 60:1.0 114:1.0 
0.1 0.1 
0.1 0.1 
0.1 0.1 
0.1 0.1 
0.1 0.1 
0.1 0.1 
0.1 0.1 264:1.0 
0.1 0.1 260:1.0 
0.1 0.1 126:1.0 
0.1 0.1 
0.1 0.1 28:1.0 258:1.0 
0.1 0.1 
0.1 0.1 
0.1 0.1 78:1.0 
0.1 0.1 
0.1 0.1 
0.1 0.1 22:1.0 90:1.0 115:1.0 
0.1 0.1 
0.1 0.1 
0.1 0.1 
0.1 0.1 
0.1 0.1 144:1.0 
0.1 0.1 
0.1 0.1 
0.1 0.1 
0.1 0.1 
0.1 0.1 
0.1 0.1 
0.1 0.1 204:1.0 226:1.0 
0.1 0.1 
0.1 0.1 
0.1 0.1 60:1.0 233:1.0 
0.1 0.1 256:1.0 307:1.0 
0.1 0.1 
0.1 0.1 246:1.0 
0.1 0.1 
0.1 0.1 
0.1 0.1 
0.1 0.1 207:1.0 
0.1 0.1 
0.1 0.1 72:1.0 92:1.0 195:1.0 278:1.0 306:1.0 
0.1 0.1 18:1.0 
0.1 0.1 178:1.0 
0.1 0.1 117:1.0 
0.1 0.1 
0.1 0.1 
0.1 0.1 
0.1 0.1 
0.1 0.1 96:1.0 
0.1 0.1 
0.1 0.1 258:1.0 
0.1 0.1 
0.1 0.1 
0.1 0.1 
0.1 0.1 
0.1 0.1 
0.1 0.1 
0.1 0.1 
0.1 0.1 
0.1 0.1 
0.1 0.1 
0.1 0.1 
0.1 0.1 
0.1 0.1 72:1.0 92:1.0 195:1.0 278:1.0 306:1.0 
0.1 0.1 
0.1 0.1 
0.1 0.1 
0.1 0.1 
0.1 0.1 
0.1 0.1 
0.1 0.1 
0.1 0.1 
0.1 0.1 
0.1 0.1 
0.1 0.1 
0.1 0.1 54:1.0 
0.1 0.1 3:1.0 
0.1 0.1 
0.1 0.1 
0.1 0.1 30:1.0 
0.1 0.1 
0.1 0.1 
0.1 0.1 
0.1 0.1 
0.1 0.1 
0.1 0.1 
0.1 0.1 
0.1 0.1 
0.1 0.1 67:1.0 147:1.0 
0.1 0.1 
0.1 0.1 
0.1 0.1 271:1.0 
0.1 0.1 47:1.0 
0.1 0.1 
0.1 0.1 142:1.0 
0.1 0.1 
0.1 0.1 
0.1 0.1 
0.1 0.1 
0.1 0.1 
0.1 0.1 
0.1 0.1 
0.1 0.1 
0.1 0.1 
0.1 0.1 
0.1 0.1 67:1.0 
0.1 0.1 
0.1 0.1 
0.1 0.1 
0.1 0.1 87:1.0 
0.1 0.1 
0.1 0.1 
0.1 0.1 102:1.0 
0.1 0.1 
0.1 0.1 147:1.0 211:1.0 298:1.0 
0.1 0.1 
0.1 0.1 
0.1 0.1 
0.1 0.1 
0.1 0.1 222:1.0 
0.1 0.1 
0.1 0.1 
0.1 0.1 
0.1 0.1 
0.1 0.1 3:1.0 
0.1 0.1 
0.1 0.1 
0.1 0.1 
0.1 0.1 
-0.03195366731783709 0.04306530168235204 5:1.0 63:1.0 
-0.07388087560610847 0.1 83:1.0 
-0.031028721116407375 0.1 184:1.0 259:1.0 
-0.03140873905904123 0.08197993726760448 52:1.0 
-0.041773933704526714 0.07213744136079378 50:1.0 274:1.0 
-0.1 0.1 99:1.0 
-0.02329561808364768 0.1 198:1.0 
-0.027494065101929335 0.044826090336166996 75:1.0 255:1.0 
-0.021141854708544627 0.027011184505362194 215:1.0 
-0.03708992979691431 0.1 194:1.0 
-0.03771432039690657 0.09020691386865813 136:1.0 183:1.0 
-0.0 0.0526406585856877 193:1.0 
-0.07428873881020645 0.053036036703493404 233:1.0 
-0.0873692476251386 0.05268476784284521 8:1.0 
-0.029503621651797145 0.06075192520426921 68:1.0 140:1.0 
-0.08823556703000454 0.05309742567227909 19:1.0 151:1.0 
-0.04498006985319221 0.06410198401190546 210:1.0 289:1.0 
-0.04726688735260078 0.08005231048643313 6:1.0 88:1.0 192:1.0 269:1.0 
-0.04474724490071274 0.1 61:1.0 139:1.0 234:1.0 
-0.04049492399540658 0.1 257:1.0 265:1.0 
-0.024025074501129215 0.1 137:1.0 
-0.037053259318120216 0.08948893965159098 62:1.0 
-0.04407546936672517 0.0 219:1.0 
-0.04265565103779166 0.1 184:1.0 203:1.0 252:1.0 
-0.026012440283678648 0.021195324374083297 259:1.0 
-0.018166309519411165 0.04209857076722054 38:1.0 73:1.0 
-0.03744748857615923 0.1 193:1.0 
-0.06410412841178673 0.0 117:1.0 
-0.07893750884955868 0.05329148435560384 226:1.0 
-0.1 0.0 168:1.0 
-0.03565996089258985 0.06733083286564034 20:1.0 122:1.0 273:1.0 280:1.0 
-0.037188505667964236 0.1 2:1.0 
-0.02670275164726839 0.1 267:1.0 
-0.03801754609641454 0.1 140:1.0 223:1.0 
-0.03712759434038489 0.1 16:1.0 
-0.05664626883051055 0.07129964568897199 64:1.0 103:1.0 130:1.0 189:1.0 282:1.0 297:1.0 
-0.1 0.1 87:1.0 
-0.0 0.05249343771148356 189:1.0 
-0.026646774623158405 0.1 196:1.0 
-0.028265871565412853 0.05346871783041542 143:1.0 267:1.0 
-0.07132654090501064 0.0494704185577555 21:1.0 78:1.0 
-0.045361308388985555 0.0911037625132378 27:1.0 50:1.0 182:1.0 299:1.0 304:1.0 
-0.05142643071238915 0.05844838357105537 150:1.0 218:1.0 
-0.013300356738854225 0.1 73:1.0 
-0.027244657131070143 0.033418191264024545 244:1.0 
-0.1 0.05310860263244412 125:1.0 
-0.1 0.1 182:1.0 
-0.1 0.1 30:1.0 230:1.0 
-0.026819227964941943 0.1 129:1.0 
-0.04548769909869061 0.06421036562560965 29:1.0 91:1.0 120:1.0 185:1.0 216:1.0 235:1.0 253:1.0 263:1.0 285:1.0 291:1.0 294:1.0 296:1.0 301:1.0 309:1.0 312:1.0 
-0.0 0.1 157:1.0 
-0.03716052746736161 0.0 144:1.0 
-0.1 0.1 143:1.0 
-0.0 0.1 164:1.0 
-0.03674665186873793 0.05387169572595603 141:1.0 165:1.0 
-0.06928318692721365 0.07256804761684857 15:1.0 34:1.0 175:1.0 
-0.0 0.018508137132542252 21:1.0 
-0.03147432483742463 0.05694142284649342 5:1.0 101:1.0 
-0.034917290934819885 0.049616789228009314 107:1.0 
-0.02531033729435278 0.058164721525118264 121:1.0 198:1.0 
-0.0 0.054302506334479306 133:1.0 
-0.07398503583177232 0.1 28:1.0 
-0.028920147286011597 0.052206278495022525 118:1.0 
-0.025590808289345193 0.027964703457377282 111:1.0 269:1.0 
-0.03457388085287883 0.05100433715338661 49:1.0 122:1.0 
-0.027845355416445217 0.04824467702408904 94:1.0 116:1.0 
-0.035519524831266136 0.05729163552234805 73:1.0 149:1.0 228:1.0 284:1.0 
-0.05969018864562339 0.045918423033167066 67:1.0 114:1.0 
-0.1 0.06646806324802305 204:1.0 
-0.02097181619766883 0.029824423649712845 199:1.0 
-0.02806971901938005 0.1 20:1.0 129:1.0 
-0.037571669570831454 0.05274621385593985 214:1.0 
-0.1 0.052985611084585285 246:1.0 
-0.03498859263169511 0.04953913367557418 152:1.0 
-0.1 0.0022796747698091853 141:1.0 
-0.0 0.04399436394299067 179:1.0 
-0.04012569844095837 0.07176655386963206 51:1.0 65:1.0 199:1.0 
-0.020698833183232596 0.1 231:1.0 
-0.04378494970185762 0.06301703101293284 38:1.0 49:1.0 73:1.0 236:1.0 
-0.1 0.07216518995903304 86:1.0 109:1.0 242:1.0 300:1.0 305:1.0 
-0.0 0.1 85:1.0 
-0.1 0.1 184:1.0 
-0.035840277618994804 0.08781526623809387 155:1.0 270:1.0 
-0.02608966041718581 0.03163784545149489 140:1.0 269:1.0 
-0.0 0.1 
-0.0 0.1 
-0.0 0.1 
-0.051517528028865216 0.06771318079325274 4:1.0 175:1.0 240:1.0 
-0.04551319705027344 0.1 66:1.0 106:1.0 157:1.0 
-0.0 0.1 
-0.0 0.1 
-0.1 0.05297925699898088 159:1.0 
-0.0 0.1 
-0.0 0.1 
-0.04536581939350676 0.1 26:1.0 69:1.0 
-0.028042370044152536 0.03904726631547099 40:1.0 241:1.0 
-0.05119232665145065 0.0 90:1.0 
-0.0 0.1 
-0.0 0.1 
-0.0 0.1 255:1.0 
-0.0 0.1 
-0.1 0.1 260:1.0 
-0.0 0.1 
-0.0 0.1 
-0.1 0.02047963476313058 117:1.0 
-0.045321360955733615 0.06417625772138288 29:1.0 91:1.0 120:1.0 131:1.0 167:1.0 185:1.0 216:1.0 235:1.0 253:1.0 285:1.0 291:1.0 294:1.0 301:1.0 309:1.0 312:1.0 
-0.04174434528443838 0.09245165973064491 138:1.0 227:1.0 232:1.0 
-0.0 0.1 
-0.0 0.1 
-0.0 0.1 
-0.0 0.1 
-0.0 0.1 21:1.0 
-0.0 0.1 
-0.0 0.1 
-0.0 0.1 
-0.05596522529576047 0.06644072951737436 179:1.0 227:1.0 243:1.0 
-0.033850685589972646 0.048207968058547615 127:1.0 172:1.0 238:1.0 
-0.0 0.028179397459891994 213:1.0 
-0.02754477619024591 0.03992910059625275 238:1.0 
-0.1 0.0379058641039002 145:1.0 
-0.0 0.1 
-0.028700018385187348 0.03589789606497781 155:1.0 199:1.0 
-0.0 0.1 
-0.0 0.1 
-0.0 0.1 
-0.012601169976922755 0.1 255:1.0 
-0.0 0.1 
-0.0 0.1 
-0.0 0.1 
-0.0 0.1 
-0.0 0.1 
-0.0 0.1 
-0.0 0.1 
-0.0 0.1 
-0.0 0.026224141539029716 176:1.0 
-0.0 0.1 
-0.0 0.1 269:1.0 
-0.0 0.1 
-0.0 0.1 
-0.028521043197049727 0.03910383023361534 143:1.0 215:1.0 
-0.003828228878636101 0.02489482215729133 75:1.0 
-0.03163033020428024 0.1 138:1.0 184:1.0 
-0.0 0.1 
-0.022441148035710786 0.05750165828595411 59:1.0 73:1.0 
-0.03769413718680349 0.08995610186034796 95:1.0 173:1.0 250:1.0 
-0.0 0.1 
-0.0 0.1 
-0.1 0.054404949341323824 90:1.0 
-0.03726857656976285 0.09880249119889832 133:1.0 
-0.037176708741522874 0.09471778666578254 37:1.0 
-0.0 0.1 122:1.0 273:1.0 280:1.0 
-0.0 0.1 
-0.0 0.1 
-0.0 0.1 
-0.1 0.1 
-0.03426098665447291 0.04783120751544972 134:1.0 172:1.0 238:1.0 
-0.02540920253455476 0.0530529022758304 249:1.0 
-0.1 0.1 
-0.1 0.1 139:1.0 
-0.034847538946026047 0.04976829047969068 161:1.0 
-0.1 0.1 
-0.03719776607376995 0.0 126:1.0 
-0.1 0.1 
-0.0544615881024516 0.07375054990518237 46:1.0 64:1.0 104:1.0 166:1.0 182:1.0 225:1.0 261:1.0 283:1.0 290:1.0 292:1.0 
-0.01311004067953588 0.028110582724656368 102:1.0 
-0.1 0.1 
-0.026174257416111978 0.03909793979187792 108:1.0 269:1.0 
-0.1 0.05294476561534734 271:1.0 
-0.1 0.1 
-0.1 0.1 
-0.1 0.1 
-0.1 0.1 
-0.1 0.1 
-0.1 0.1 
-0.030043953822093142 0.1 51:1.0 68:1.0 
-0.05868438923858701 0.07567266292455416 18:1.0 67:1.0 123:1.0 
-0.1 0.1 
-0.1 0.1 
-0.1 0.1 
-0.1 0.1 
-0.1 0.1 
-0.03170069780099033 0.1 249:1.0 265:1.0 
-0.04532955546760611 0.066238359278266 11:1.0 152:1.0 161:1.0 170:1.0 
-0.07532462226201418 0.1 25:1.0 197:1.0 
-0.1 0.1 
-0.1 0.1 
-0.1 0.1 
-0.1 0.1 
-0.0 0.1 269:1.0 
-0.1 0.1 
-0.1 0.1 
-0.1 0.1 
-0.1 0.1 
-0.1 0.1 
-0.1 0.1 
-0.1 0.1 
-0.1 0.1 
-0.09336508032586702 0.05270942358055036 219:1.0 
-0.1 0.1 
-0.1 0.1 
-0.05077387994298092 0.07206385073810749 29:1.0 91:1.0 120:1.0 131:1.0 167:1.0 185:1.0 216:1.0 253:1.0 263:1.0 285:1.0 294:1.0 296:1.0 312:1.0 
-0.03726219671014886 0.1 254:1.0 
-0.1 0.1 
-0.1 0.1 
-0.1 0.1 
-0.03513817499684084 0.08932102985608063 106:1.0 111:1.0 
-0.032403127816939256 0.07675127812296748 41:1.0 148:1.0 
-0.1 0.1 
-0.1 0.1 
-0.1 0.1 
-0.1 0.1 
-0.1 0.1 
-0.1 0.1 
-0.027058428457278808 0.0331431455688346 212:1.0 
-0.1 0.1 
-0.1 0.1 
-0.0 0.05295388031236488 200:1.0 
-0.1 0.1 
-0.02885091641261291 0.06780667954162312 68:1.0 212:1.0 
-0.1 0.1 
-0.031436816800895 0.052717160118929324 252:1.0 
-0.1 0.1 
-0.03261959516151998 0.046619576149505515 134:1.0 
-0.1 0.1 
-0.1 0.1 
-0.026512273538672793 0.0 40:1.0 
-0.1 0.1 
-0.03712190604103197 0.08544260825118634 111:1.0 201:1.0 
-0.037619452606335646 0.1 58:1.0 116:1.0 
-0.1 0.1 
-0.1 0.1 
-0.046612744326327345 0.09098008984365585 67:1.0 75:1.0 91:1.0 265:1.0 
-0.1 0.1 
-0.1 0.1 
-0.1 0.1 
-0.1 0.1 
-0.02714842530508373 0.040638251813616716 57:1.0 
-0.1 0.1 
-0.02657823279151894 0.1 213:1.0 
-0.1 0.1 
-0.1 0.1 
-0.0371757900772172 0.1 200:1.0 
-0.0 0.1 55:1.0 135:1.0 181:1.0 187:1.0 277:1.0 288:1.0 303:1.0 
-0.1 0.1 
-0.1 0.1 
-0.1 0.1 
-0.1 0.1 
-0.03119339386295991 0.04434517781149722 173:1.0 
-0.1 0.1 
-0.1 0.1 
-0.0 0.05246930645898784 276:1.0 
-0.1 0.1 
-0.1 0.1 
-0.07403501040533587 0.1 99:1.0 
-0.1 0.1 
-0.1 0.1 
-0.1 0.1 
-0.1 0.1 
-0.1 0.1 
-0.1 0.1 
-0.1 0.1 
-0.027529185079997874 0.07590700358344192 146:1.0 168:1.0 
-0.04351237488795163 0.062019843319921615 11:1.0 180:1.0 
-0.1 0.1 
-0.1 0.1 
-0.055036248117588595 0.1 66:1.0 110:1.0 
-0.016367876255530635 0.1 51:1.0 
-0.03721990784723539 0.1 80:1.0 
-0.1 0.1 
-0.1 0.1 
-0.1 0.1 176:1.0 
-0.1 0.1 
-0.1 0.1 
-0.1 0.1 
-0.1 0.1 
-0.1 0.1 
-0.034970284804014796 0.08643756252556908 247:1.0 
-0.028383846225514524 0.07508154144106538 33:1.0 
-0.1 0.1 
-0.1 0.1 
-0.1 0.1 
-0.1 0.1 
-0.1 0.021293136969079855 67:1.0 
-0.03618908048637114 0.0568653693322098 7:1.0 119:1.0 270:1.0 310:1.0 
-0.1 0.1 
-0.1 0.1 
-0.023742331775928036 0.1 165:1.0 
-0.1 0.1 
-0.1 0.1 
-0.031174211523550422 0.03916809397695802 234:1.0 
-0.030637524856050848 0.04408636559864707 21:1.0 119:1.0 
-0.1 0.1 
-0.1 0.1 
-0.1 0.03234776658514778 143:1.0 
-0.1 0.1 
-0.03575326293907188 0.050709279482088324 38:1.0 73:1.0 227:1.0 
-0.02773604321201101 0.08976651558108079 85:1.0 117:1.0 
-0.1 0.1 
-0.09682677270521779 0.1 102:1.0 
-0.1 0.1 
-0.1 0.1 
-0.1 0.1 
-0.1 0.1 
-0.09250925016901086 0.08947271311635198 115:1.0 
-0.1 0.1 
-0.1 0.1 
-0.1 0.1 141:1.0 
-0.03946173091076574 0.08903990479252041 127:1.0 215:1.0 232:1.0 
-0.1 0.1 
-0.1 0.1 
-0.1 0.1 
-0.1 0.1 
-0.1 0.1 
-0.037606126941877566 0.1 268:1.0 
-0.1 0.1 
-0.1 0.1 
-0.1 0.1 
-0.1 0.1 
-0.037356454431074056 0.03903364300449436 207:1.0 272:1.0 
-0.1 0.1 
-0.1 0.1 
-0.027231364237650813 0.1 93:1.0 
-0.1 0.1 
-0.1 0.1 
-0.1 0.1 
-0.1 0.1 
-0.1 0.03861168703812925 207:1.0 
-0.1 0.1 
-0.1 0.1 
-0.1 0.1 
-0.036961677883909104 0.08963128084105167 164:1.0 
-0.02776929981018595 0.053326831095394246 31:1.0 244:1.0 
-0.1 0.1 
-0.1 0.1 
-0.1 0.1 
-0.1 0.1 
-0.1 0.1 
-0.0 0.046276882200515825 59:1.0 
-0.1 0.1 
-0.1 0.1 
-0.1 0.1 
-0.1 0.1 
-0.1 0.1 
-0.1 0.1 
-0.1 0.1 
-0.03295683613238262 0.07943415570139267 17:1.0 220:1.0 
-0.1 0.1 
-0.1 0.1 
-0.03608441966745962 0.05138127006332972 100:1.0 
-0.02791780920482161 0.039623475240742514 172:1.0 
-0.1 0.1 
-0.1 0.1 
-0.1 0.1 
-0.03680364771341575 0.1 276:1.0 
-0.1 0.1 
-0.032056541181463075 0.04593472780952085 95:1.0 
-0.1 0.1 178:1.0 
-0.1 0.1 
-0.04087385009390006 0.05953139458317771 4:1.0 52:1.0 255:1.0 
-0.1 0.1 
-0.1 0.1 
-0.0 0.038267042435134915 269:1.0 
-0.1 0.1 
-0.1 0.1 
-0.1 0.1 
-0.1 0.1 
-0.0873141460252451 0.1 56:1.0 157:1.0 
-0.1 0.1 
-0.0143428902225822 0.014171214388363395 91:1.0 
-0.1 0.1 
-0.1 0.1 
-0.05105411405501871 0.07273693390121538 55:1.0 135:1.0 181:1.0 187:1.0 277:1.0 288:1.0 303:1.0 
-0.1 0.1 
-0.1 0.1 
-0.048828137988296424 0.06929360060528295 76:1.0 112:1.0 311:1.0 
-0.1 0.1 
-0.03716831575244671 0.053160002657737467 188:1.0 
-0.1 0.1 
-0.1 0.1 
-0.1 0.1 
-0.0 0.05378294220678838 39:1.0 
-0.0 0.012107931787530017 108:1.0 
-0.1 0.1 
-0.1 0.1 
-0.1 0.1 
-0.1 0.1 
-0.1 0.1 
-0.1 0.1 
-0.1 0.1 
-0.06008271944908371 0.07384105022111015 9:1.0 42:1.0 78:1.0 
-0.1 0.1 
-0.1 0.1 
-0.1 0.1 
-0.1 0.1 
-0.1 0.1 
-0.046761688385344856 0.07379697638262832 107:1.0 114:1.0 180:1.0 231:1.0 
-0.1 0.1 
-0.1 0.1 
-0.1 0.1 
-0.046482866498103216 0.06616909898754082 36:1.0 169:1.0 250:1.0 293:1.0 
-0.04061614683240691 0.09820559546288632 41:1.0 236:1.0 
-0.03493274326128362 0.1 170:1.0 
-0.1 0.1 
-0.03621986438119305 0.0532305423714345 59:1.0 143:1.0 272:1.0 
-0.1 0.1 
-0.1 0.1 
-0.07390412954091814 0.06648865158550954 105:1.0 
-0.0 0.1 162:1.0 
-0.029670853273938758 0.047314076095959993 250:1.0 
-0.1 0.1 
-0.027941191412661506 0.06000835417596653 162:1.0 168:1.0 
-0.1 0.05298520285782813 126:1.0 
-0.1 0.1 
-0.1 0.1 
-0.032988464527813004 0.05999982575490202 1:1.0 51:1.0 98:1.0 
-0.07426701370490459 0.1 176:1.0 
-0.04836382807551044 0.07484534566601382 35:1.0 46:1.0 88:1.0 186:1.0 286:1.0 
-0.029502587677469695 0.1 156:1.0 
-0.1 0.1 
-0.1 0.1 
-0.03705898698715168 0.052700994378084176 262:1.0 
-0.1 0.1 
-0.04736495476808457 0.0 132:1.0 
-0.04524517117877826 0.049726845336470836 50:1.0 182:1.0 304:1.0 
-0.02309159782289078 0.03513434978704158 59:1.0 155:1.0 
-0.1 0.1 
-0.1 0.1 244:1.0 
-0.03341786445080404 0.07971994510047042 17:1.0 275:1.0 
-0.04040711902259572 0.1 162:1.0 
-0.1 0.1 
-0.03360920172665572 0.1 35:1.0 
-0.1 0.1 
-0.05038511279582951 0.1 189:1.0 
-0.1 0.1 
-0.1 0.1 
-0.1 0.1 
-0.027144637053654445 0.0385922785193099 241:1.0 
-0.1 0.1 48:1.0 264:1.0 
-0.1 0.1 
-0.1 0.1 
-0.1 0.1 
-0.037684142156135116 0.08925725173249445 248:1.0 
-0.1 0.1 
-0.1 0.1 
-0.1 0.1 
-0.1 0.1 
-0.1 0.1 
-0.1 0.1 
-0.03847563822347632 0.055394732042642635 29:1.0 91:1.0 120:1.0 185:1.0 216:1.0 235:1.0 253:1.0 285:1.0 291:1.0 294:1.0 301:1.0 309:1.0 312:1.0 
-0.1 0.1 
-0.1 0.1 
-0.1 0.1 
-0.1 0.1 
-0.1 0.1 
-0.0275162978574218 0.1 108:1.0 
-0.1 0.1 
-0.02492135992379566 0.02385202683040054 275:1.0 
-0.027740486805276604 0.05340623076711594 91:1.0 93:1.0 
-0.018516298262537915 0.031074058859547594 122:1.0 
-0.1 0.1 
-0.1 0.0666516160178318 142:1.0 
-0.1 0.1 
-0.1 0.1 
-0.04768914988518548 0.0822721536528499 88:1.0 123:1.0 141:1.0 274:1.0 
-0.1 0.1 
-0.1 0.1 
-0.1 0.1 
-0.04985350279001437 0.07180169720802076 44:1.0 100:1.0 124:1.0 295:1.0 308:1.0 
-0.1 0.1 231:1.0 
-0.1 0.1 
-0.1 0.1 
-0.1 0.09858025351650415 90:1.0 
-0.1 0.1 
-0.1 0.1 
-0.1 0.1 
-0.1 0.1 
-0.1 0.1 
-0.1 0.1 
-0.1 0.1 
-0.1 0.1 
-0.1 0.1 
-0.1 0.1 
-0.018750156747482632 0.031134611465129237 272:1.0 
-0.03760236245214814 0.03983800107758589 33:1.0 145:1.0 
-0.032077743227327364 0.048170249978729804 149:1.0 228:1.0 284:1.0 
-0.1 0.03840096497258875 40:1.0 
-0.1 0.1 
-0.02793074645229577 0.06674463239291377 196:1.0 213:1.0 
-0.03720759031106813 0.06636034072098419 237:1.0 
-0.020288793220992304 0.028568868284085346 42:1.0 
-0.1 0.1 
-0.1 0.1 
-0.1 0.1 
-0.1 0.1 
-0.07420182882491916 0.06676332522534968 45:1.0 102:1.0 
-0.1 0.1 
-0.1 0.1 
-0.02526238747158499 0.049596973545700924 20:1.0 
-0.03721495777287186 0.05288891629550014 81:1.0 
-0.048277024998453925 0.07018159184323218 36:1.0 169:1.0 173:1.0 202:1.0 293:1.0 
-0.053895377612142616 0.016384594749669096 168:1.0 
-0.1 0.1 
-0.0026542541403266904 0.0 140:1.0 
-0.03428613537897384 0.04797421734264167 5:1.0 121:1.0 198:1.0 
-0.1 0.1 
-0.015110064693189986 0.010052107643173314 148:1.0 
-0.1 0.1 
-0.1 0.1 231:1.0 
-0.1 0.1 
-0.1 0.1 
-0.1 0.1 
-0.1 0.1 
-0.037521921027326086 0.1 218:1.0 221:1.0 
-0.1 0.1 
-0.1 0.1 
-0.019553412782451304 0.040328870139770386 138:1.0 
-0.1 0.1 
-0.022350871854933653 0.03898624748664848 59:1.0 118:1.0 
-0.1 0.1 
-0.03480391679913395 0.04892868328064631 192:1.0 
-0.1 0.1 
-0.1 0.1 
-0.023173450762230624 0.019285076892233837 183:1.0 
-0.1 0.1 
-0.1 0.1 
-0.1 0.1 
-0.1 0.1 
-0.037227893649422125 0.1 14:1.0 
-0.1 0.1 
-0.1 0.1 
-0.02739256295936637 0.038828154724784486 123:1.0 
-0.027770060444498746 0.03340998343159479 57:1.0 116:1.0 
-0.031471378842651956 0.04444504826436409 119:1.0 143:1.0 
-0.1 0.1 
-0.1 0.1 
-0.032805625785257066 0.04484830791626028 7:1.0 119:1.0 310:1.0 
-0.1 0.1 
-0.1 0.1 
-0.1 0.1 
-0.1 0.1 
-0.022663462645769822 0.03910799559785452 42:1.0 59:1.0 
-0.1 0.1 
-0.1 0.1 
-0.03703924244720517 0.05293891553278442 128:1.0 
-0.1 0.1 
-0.1 0.1 
-0.1 0.1 
-0.0046475203185702505 0.0 151:1.0 
-0.030734003901981267 0.06273770857978331 149:1.0 
-0.1 0.1 
-0.1 0.1 
-0.1 0.1 
-0.1 0.1 
-0.1 0.1 
-0.1 0.1 
-0.1 0.1 
-0.1 0.1 
-0.1 0.1 
-0.1 0.1 
-0.1 0.1 
-0.1 0.1 
-0.02934992623198896 0.1 59:1.0 232:1.0 
-0.1 0.1 
-0.1 0.1 
-0.025263797916015886 0.1 101:1.0 
-0.1 0.1 
-0.1 0.1 
-0.026504540285766317 0.1 94:1.0 
-0.1 0.1 
-0.1 0.04994103091533135 77:1.0 
-0.1 0.1 
-0.004186647543879355 0.09509893354752104 218:1.0 
-0.1 0.1 
-0.027158886521346164 0.03397142460652728 127:1.0 
-0.1 0.1 
-0.1 0.1 
-0.1 0.1 
-0.025109751217188586 0.06053124087223855 220:1.0 
-0.1 0.1 
-0.026996769098248264 0.1 31:1.0 
-0.074516260565862 0.1 208:1.0 231:1.0 
-0.1 0.1 
-0.1 0.1 
-0.1 0.1 
-0.1 0.1 
-0.1 0.1 
-0.1 0.1 
-0.1 0.1 
-0.0 0.052614722462916264 190:1.0 
-0.025499870999402277 0.03711022656043804 63:1.0 
-0.1 0.1 
-0.1 0.1 
-0.1 0.1 
-0.1 0.1 
-0.03579191897602718 0.07286004291646843 65:1.0 137:1.0 
-0.1 0.1 
-0.1 0.1 
-0.1 0.1 
-0.1 0.0 151:1.0 
-0.1 0.1 
-0.1 0.1 
-0.1 0.1 
-0.08952129501179407 0.05312912228876596 132:1.0 
-0.0027859543385636938 0.0 116:1.0 
-0.1 0.1 
-0.1 0.1 
-0.027771511034588216 0.1 34:1.0 
-0.031797383896405566 0.1 122:1.0 273:1.0 280:1.0 
-0.025769551658061975 0.043991081573946815 255:1.0 269:1.0 
-0.04542836384941752 0.1 
-0.0 0.1 
-0.037044691002388004 0.1 190:1.0 
-0.0 0.1 
-0.0740434928860378 0.05299615492862831 239:1.0 
-0.0 0.1 
-0.029659194851216042 0.1 179:1.0 
-0.042508327398303826 0.04512309505640257 75:1.0 114:1.0 
-0.02661334115758642 0.1 85:1.0 
-0.0 0.1 
-0.027560686131930627 0.03940822873807032 91:1.0 148:1.0 
-0.03701139909492588 0.09916625333322206 39:1.0 
-0.0 0.1 
-0.0 0.1 
-0.0 0.1 
-0.0 0.1 
-0.1 0.1 205:1.0 
-0.051223905590622905 0.07213564645024642 29:1.0 120:1.0 131:1.0 167:1.0 185:1.0 263:1.0 296:1.0 312:1.0 
-0.03747419538207885 0.0894973688540578 82:1.0 
-0.027118421147857084 0.0383571229030925 146:1.0 
-0.04499986683004858 0.07788356580660866 35:1.0 111:1.0 186:1.0 286:1.0 
-0.045822126428706436 0.06414828038682009 77:1.0 155:1.0 156:1.0 247:1.0 
-0.0 0.05850122728543034 
-0.1 0.05327288160761826 144:1.0 
-0.1 0.03346917421662994 151:1.0 
-0.05582602404810735 0.07167379141846277 46:1.0 103:1.0 130:1.0 297:1.0 
-0.03946677659311171 0.06549622141501107 49:1.0 75:1.0 156:1.0 
-0.03323763905557055 0.05393586374421661 1:1.0 98:1.0 
-0.04389718578187284 0.0949295326784116 71:1.0 197:1.0 270:1.0 
-0.0 -0.1 
-0.0 -0.1 
-0.0 -0.1 
-0.0 -0.1 
-0.08043277003213838 -0.1 23:1.0 
-0.0 -0.1 
-0.0 -0.1 
-0.0 -0.1 85:1.0 
-0.1 -0.1 18:1.0 
-0.0 -0.1 
-0.0 -0.1 
-0.0 -0.1 
-0.0 -0.1 
-0.0 -0.1 
-0.0 -0.1 
-0.0 -0.1 
-0.1 -0.1 56:1.0 
-0.0 -0.1 
-0.1 -0.1 205:1.0 
-0.0 -0.1 
-0.0 -0.1 
-0.0 -0.1 
-0.041874836268268274 -0.1 129:1.0 
-0.0 -0.1 265:1.0 
-0.1 -0.1 24:1.0 
-0.0 -0.1 
-0.0 -0.1 51:1.0 
-0.0 -0.1 
-0.0 -0.1 
-0.08826533773422071 -0.1 43:1.0 158:1.0 160:1.0 281:1.0 302:1.0 
-0.0 -0.1 
-0.1 -0.1 
-0.1 -0.1 
-0.1 -0.1 
-0.1 -0.1 
-0.1 -0.1 139:1.0 
-0.1 -0.1 
-0.1 -0.1 
-0.1 -0.1 
-0.1 -0.1 
-0.1 -0.1 
-0.06635674075785439 -0.1 276:1.0 
-0.1 -0.1 82:1.0 143:1.0 
-0.1 -0.1 
-0.0 -0.1 203:1.0 
-0.0 -0.1 223:1.0 
-0.1 -0.1 
-0.1 -0.1 
-0.1 -0.1 
-0.0 -0.1 217:1.0 
-0.1 -0.1 
-0.1 -0.1 102:1.0 
-0.1 -0.1 
-0.1 -0.1 
-0.1 -0.1 25:1.0 
-0.1 -0.1 
-0.1 -0.1 115:1.0 258:1.0 
-0.1 -0.1 
-0.1 -0.1 
-0.1 -0.1 
-0.1 -0.1 
-0.0 -0.1 232:1.0 
-0.1 -0.1 
-0.0805600969968377 -0.1 52:1.0 229:1.0 
-0.1 -0.1 
-0.1 -0.1 
-0.1 -0.1 
-0.04886876864143525 -0.1 154:1.0 265:1.0 
-0.1 -0.1 
-0.1 -0.1 
-0.1 -0.1 
-0.1 -0.1 
-0.06667225851803622 -0.1 61:1.0 139:1.0 
-0.1 -0.1 
-0.1 -0.1 
-0.1 -0.1 
-0.06607189799627144 -0.1 267:1.0 
-0.1 -0.1 
-0.1 -0.1 
-0.1 -0.1 
-0.0 -0.1 16:1.0 
-0.06665715233460867 -0.1 154:1.0 248:1.0 
-0.08064562428115249 -0.1 53:1.0 194:1.0 
-0.0 -0.1 257:1.0 
-0.1 -0.1 
-0.1 -0.1 
-0.1 -0.1 
-0.1 -0.1 
-0.0 -0.1 255:1.0 
-0.06660029706540645 -0.1 200:1.0 
-0.1 -0.1 
-0.1 -0.1 
-0.1 -0.1 
-0.0 -0.1 162:1.0 
-0.1 -0.1 
-0.1 -0.1 14:1.0 15:1.0 
-0.06616810060805575 -0.1 34:1.0 
-0.04908534099182517 -0.1 80:1.0 196:1.0 
-0.06654606640786223 -0.1 166:1.0 
-0.1 -0.1 
-0.1 -0.1 
-0.054042080239432216 -0.1 201:1.0 
-0.07200436500401194 -0.1 26:1.0 73:1.0 149:1.0 
-0.1 -0.1 
-0.06604665663548134 -0.1 190:1.0 
-0.1 -0.1 
-0.1 -0.1 
-0.06604665663548126 -0.1 68:1.0 
-0.1 -0.1 
-0.1 -0.1 
-0.1 -0.1 
-0.1 -0.1 
-0.1 -0.1 
-0.06654701123044146 -0.1 31:1.0 
-0.09681215349527805 -0.1 73:1.0 146:1.0 168:1.0 
-0.1 -0.1 
-0.1 -0.1 
-0.1 -0.1 
-0.1 -0.1 
-0.06667590486070364 -0.1 65:1.0 157:1.0 
-0.007681540456810729 -0.1 184:1.0 
-0.06618979315872872 -0.1 255:1.0 
-0.04899099375484784 -0.1 110:1.0 265:1.0 
-0.0665925871638045 -0.1 39:1.0 
-0.1 -0.1 
-0.1 -0.1 141:1.0 274:1.0 
-0.1 -0.1 
-0.1 -0.1 
-0.1 -0.1 
-0.1 -0.1 
-0.1 -0.1 
-0.1 -0.1 
-0.1 -0.1 99:1.0 
-0.1 -0.1 
-0.1 -0.1 
-0.1 -0.1 
-0.1 -0.1 
-0.1 -0.1 
-0.06471355064344138 -0.1 162:1.0 
-0.1 -0.1 
-0.1 -0.1 
-0.1 -0.1 
-0.1 -0.1 
-0.09480585010375929 -0.1 35:1.0 186:1.0 258:1.0 286:1.0 
-0.1 -0.1 
-0.1 -0.1 
-0.1 -0.1 260:1.0 
-0.1 -0.1 
-0.1 -0.1 
-0.062245114051712534 -0.1 35:1.0 
-0.1 -0.1 
-0.08993848967103951 -0.1 32:1.0 113:1.0 174:1.0 251:1.0 279:1.0 287:1.0 313:1.0 
-0.0672243980419192 -0.1 121:1.0 184:1.0 
-0.1 -0.1 
-0.06176687206401367 -0.1 69:1.0 
-0.0 -0.1 163:1.0 
-0.1 -0.1 
-0.06624557560283705 -0.1 179:1.0 
-0.1 -0.1 
-0.1 -0.1 
-0.1 -0.1 
-0.1 -0.1 
-0.1 -0.1 
-0.1 -0.1 
-0.06697375595921484 -0.1 198:1.0 
-0.048072401735321235 -0.1 164:1.0 
-0.1 -0.1 
-0.06259258916102489 -0.1 202:1.0 
-0.1 -0.1 
-0.1 -0.1 
-0.1 -0.1 45:1.0 197:1.0 
-0.1 -0.1 26:1.0 243:1.0 
-0.1 -0.1 
-0.1 -0.1 
-0.09929099821807924 -0.1 27:1.0 182:1.0 299:1.0 
-0.06658062172844541 -0.1 137:1.0 
-0.0 -0.1 231:1.0 
-0.1 -0.1 
-0.1 -0.1 
-0.0665751609070856 -0.1 245:1.0 
-0.1 -0.1 
-0.061134320298128875 -0.1 14:1.0 247:1.0 
-0.1 -0.1 
-0.06624557560283711 -0.1 257:1.0 
-0.1 -0.1 171:1.0 
-0.0 -0.1 58:1.0 
-0.07582587483164621 -0.1 106:1.0 177:1.0 
-0.1 -0.1 
-0.0 -0.1 231:1.0 
-0.1 -0.1 
-0.1 -0.1 178:1.0 
-0.1 -0.1 
-0.1 -0.1 
-0.1 -0.1 
-0.0 -0.1 232:1.0 
-0.0 -0.1 2:1.0 
-0.1 -0.1 
-0.1 -0.1 
-0.0 -0.1 222:1.0 
-0.1 -0.1 
-0.1 -0.1 
-0.1 -0.1 
-0.0871979127907263 -0.1 122:1.0 273:1.0 280:1.0 
-0.09701442893407354 -0.1 162:1.0 171:1.0 259:1.0 264:1.0 
-0.0 -0.1 85:1.0 
-0.1 -0.1 
-0.1 -0.1 
-0.06695317558280381 -0.1 59:1.0 
-0.1 -0.1 
-0.08185394969965144 -0.1 98:1.0 176:1.0 
-0.1 -0.1 
-0.1 -0.1 
-0.0 -0.1 157:1.0 
-0.1 -0.1 
-0.1 -0.1 
-0.1 -0.1 153:1.0 
-0.1 -0.1 
-0.1 -0.1 147:1.0 211:1.0 298:1.0 
-0.02387417874442488 -0.1 154:1.0 
-0.07885584615865841 -0.1 16:1.0 202:1.0 269:1.0 270:1.0 
-0.07925287038761424 -0.1 224:1.0 
-0.1 -0.1 
-0.1 -0.1 
-0.0 -0.1 53:1.0 194:1.0 
-0.1 -0.1 
-0.1 -0.1 
-0.1 -0.1 
-0.1 -0.1 
-0.1 -0.1 
-0.1 -0.1 
-0.1 -0.1 
-0.1 -0.1 
-0.1 -0.1 
-0.1 -0.1 70:1.0 
-0.04795826951133563 -0.1 10:1.0 
-0.1 -0.1 
-0.1 -0.1 
-0.07977910364434952 -0.1 189:1.0 
-0.1 -0.1 
-0.1 -0.1 
-0.1 -0.1 
-0.1 -0.1 
-0.049154345554719085 -0.1 164:1.0 221:1.0 
-0.06849478720740808 -0.1 97:1.0 108:1.0 
-0.1 -0.1 
-0.1 -0.1 
-0.1 -0.1 
-0.1 -0.1 
-0.1 -0.1 
-0.1 -0.1 
-0.1 -0.1 
-0.1 -0.1 
-0.04850672501981214 -0.1 196:1.0 
-0.078065929620791 -0.1 150:1.0 162:1.0 270:1.0 
-0.1 -0.1 
-0.1 -0.1 
-0.1 -0.1 
-0.1 -0.1 
-0.1 -0.1 
-0.08590104664357083 -0.1 56:1.0 73:1.0 177:1.0 
-0.0 -0.1 265:1.0 
-0.1 -0.1 176:1.0 
-0.1 -0.1 
-0.1 -0.1 184:1.0 
-0.1 -0.1 
-0.1 -0.1 
-0.1 -0.1 
-0.09213014411616292 -0.1 84:1.0 201:1.0 208:1.0 
-0.1 -0.1 
-0.06262006514778501 -0.1 16:1.0 
-0.1 -0.1 
-0.06630347202179084 -0.1 165:1.0 
-0.06533574880946882 -0.1 203:1.0 220:1.0 
-0.1 -0.1 
-0.1 -0.1 9:1.0 
-0.1 -0.1 
-0.1 -0.1 
-0.1 -0.1 
-0.1 -0.1 
-0.1 -0.1 
-0.1 -0.1 
-0.1 -0.1 
-0.1 -0.1 
-0.04859757515598583 -0.1 71:1.0 
-0.1 -0.1 
-0.1 -0.1 229:1.0 
-0.0 -0.1 43:1.0 158:1.0 160:1.0 281:1.0 302:1.0 
-0.1 -0.1 
-0.0665050338114905 -0.1 58:1.0 
-0.1 -0.1 
-0.0 -0.1 206:1.0 
-0.1 -0.1 
-0.06688684323217373 -0.1 249:1.0 269:1.0 
-0.1 -0.1 
-0.1 -0.1 
-0.1 -0.1 
-0.1 -0.1 13:1.0 84:1.0 
-0.1 -0.1 
-0.1 -0.1 
-0.06640268671298093 -0.1 21:1.0 
-0.0025079911126596093 -0.1 43:1.0 158:1.0 160:1.0 281:1.0 302:1.0 
-0.1 -0.1 
-0.08058801725520165 -0.1 18:1.0 62:1.0 
-0.0 -0.1 269:1.0 
-0.1 -0.1 
-0.1 -0.1 
-0.1 -0.1 
-0.1 -0.1 
-0.1 -0.1 
-0.1 -0.1 
-0.1 -0.1 97:1.0 
-0.1 -0.1 
-0.1 -0.1 
-0.1 -0.1 
-0.0 -0.1 265:1.0 
-0.1 -0.1 191:1.0 
-0.1 -0.1 244:1.0 
-0.06622912478012155 -0.1 85:1.0 
-0.1 -0.1 
-0.08256912798912308 -0.1 176:1.0 236:1.0 
-0.09081068759124422 -0.1 32:1.0 113:1.0 149:1.0 228:1.0 284:1.0 313:1.0 
-0.03858654792894768 -0.1 106:1.0 
-0.06611146541312685 -0.1 17:1.0 
-0.1 -0.1 
-0.1 -0.1 
-0.1 -0.1 
-0.1 -0.1 
-0.1 -0.1 
-0.0665806217284454 -0.1 232:1.0 
-0.04911589597996966 -0.1 10:1.0 71:1.0 
-0.06692239948974105 -0.1 20:1.0 129:1.0 
-0.1 -0.1 
-0.06618979315872878 -0.1 88:1.0 
-0.06666360708828115 -0.1 79:1.0 
-0.1 -0.1 
-0.1 -0.1 
-0.1 -0.1 
-0.0 -0.1 203:1.0 
-0.1 -0.1 
-0.07306603623262953 -0.1 184:1.0 203:1.0 252:1.0 
-0.0664066144081135 -0.1 170:1.0 
-0.1 -0.1 
-0.1 -0.1 
-0.1 -0.1 
-0.06650985741377098 -0.1 101:1.0 
-0.1 -0.1 
-0.1 -0.1 
-0.1 -0.1 
-0.1 -0.1 
-0.1 -0.1 
-0.1 -0.1 
-0.1 -0.1 
-0.06648326179091041 -0.1 156:1.0 
-0.06640661440811338 -0.1 93:1.0 
-0.06621803602462639 -0.1 223:1.0 
-0.0 -0.1 27:1.0 182:1.0 299:1.0 
-0.06656421340119892 -0.1 41:1.0 
-0.1 -0.1 
-0.1 -0.1 
-0.0869927052152227 -0.1 224:1.0 
-0.1 -0.1 258:1.0 
-0.0 -0.1 122:1.0 273:1.0 280:1.0 
-0.02982629457326479 -0.1 206:1.0 
-0.1 -0.1 
-0.1 -0.1 
-0.1 -0.1 
-0.1 -0.1 
-0.1 -0.1 
-0.1 -0.1 
-0.1 -0.1 231:1.0 
-0.1 -0.1 191:1.0 204:1.0 266:1.0 
-0.1 -0.1 
-0.1 -0.1 47:1.0 
-0.0 -0.1 6:1.0 
-0.06118683532760185 -0.1 14:1.0 70:1.0 
-0.0834997981864545 -0.1 4:1.0 26:1.0 37:1.0 149:1.0 
-0.1 -0.1 
-0.1 -0.1 108:1.0 191:1.0 
-0.1 -0.1 99:1.0 
-0.1 -0.1 
-0.06523325938416914 -0.1 37:1.0 184:1.0 
-0.1 -0.1 
-0.1 -0.1 
-0.1 -0.1 
-0.02938015533454895 -0.1 209:1.0 
-0.1 -0.1 
-0.04893376765363002 -0.1 80:1.0 
-0.1 -0.1 
-0.1 -0.1 
-0.1 -0.1 
-0.1 -0.1 182:1.0 268:1.0 
-0.1 -0.1 
-0.1 -0.1 
-0.1 -0.1 
-0.1 -0.1 
-0.1 -0.1 
-0.1 -0.1 
-0.1 -0.1 
-0.1 -0.1 
-0.1 -0.1 
-0.1 -0.1 
-0.1 -0.1 
-0.1 -0.1 
-0.1 -0.1 103:1.0 138:1.0 
-0.1 -0.1 
-0.04876643372928553 -0.1 110:1.0 
-0.0 -0.1 265:1.0 
-0.1 -0.1 74:1.0 203:1.0 
-0.1 -0.1 
-0.06616751601969502 -0.1 213:1.0 
-0.08944912001927212 -0.1 95:1.0 173:1.0 212:1.0 250:1.0 
-0.1 -0.1 
-0.1 -0.1 
-0.1 -0.1 
-0.1 -0.1 
-0.1 -0.1 12:1.0 206:1.0 
-0.1 -0.1 
-0.1 -0.1 
-0.0 -0.1 48:1.0 
-0.1 -0.1 28:1.0 
-0.1 -0.1 
-0.1 -0.1 
-0.1 -0.1 
-0.1 -0.1 
-0.1 -0.1 222:1.0 
-0.08437440496532093 -0.1 75:1.0 105:1.0 217:1.0 
-0.1 -0.1 
-0.0 -0.1 48:1.0 
-0.1 -0.1 
-0.1 -0.1 
-0.1 -0.1 
-0.1 -0.1 
-0.06642225682038849 -0.1 163:1.0 
-0.1 -0.1 
-0.1 -0.1 
-0.1 -0.1 141:1.0 268:1.0 
-0.1 -0.1 
-0.04822171343550249 -0.1 221:1.0 
-0.1 -0.1 
-0.1 -0.1 
-0.1 -0.1 
-0.1 -0.1 231:1.0 
-0.1 -0.1 
-0.1 -0.1 
-0.1 -0.1 
-0.1 -0.1 
-0.1 -0.1 
-0.1 -0.1 
-0.1 -0.1 30:1.0 209:1.0 
-0.0664627126945926 -0.1 218:1.0 
-0.04190047535811072 -0.1 61:1.0 
-0.06650953430240351 -0.1 222:1.0 
-0.1 -0.1 
-0.1 -0.1 
-0.1 -0.1 
-0.1 -0.1 
-0.1 -0.1 
-0.1 -0.1 
-0.1 -0.1 
-0.1 -0.1 
-0.0 -0.1 157:1.0 
-0.1 -0.1 
-0.04127922437244943 -0.1 254:1.0 
-0.1 -0.1 
-0.1 -0.1 
-0.1 -0.1 143:1.0 
-0.1 -0.1 
-0.052304347326791005 -0.1 270:1.0 
-0.1 -0.1 
-0.0 -0.1 32:1.0 113:1.0 174:1.0 251:1.0 279:1.0 287:1.0 313:1.0 
-0.1 -0.1 
-0.1 -0.1 
-0.1 -0.1 
-0.0013732545087098275 -0.1 32:1.0 113:1.0 174:1.0 251:1.0 279:1.0 287:1.0 313:1.0 
-0.1 -0.1 
-0.08014088785016267 -0.1 231:1.0 
-0.1 -0.1 
-0.1 -0.1 
-0.1 -0.1 83:1.0 
-0.1 -0.1 
-0.1 -0.1 
-0.1 -0.1 
-0.06636902130120234 -0.1 133:1.0 
-0.06624323964212059 -0.1 193:1.0 
-0.1 -0.1 
-0.1 -0.1 
-0.1 -0.1 
-0.1 -0.1 
-0.1 -0.1 
-0.1 -0.1 
-0.1 -0.1 
-0.1 -0.1 
-0.1 -0.1 
-0.1 -0.1 
-0.06686534136759698 -0.1 51:1.0 
-0.1 -0.1 
-0.1 -0.1 
-0.054628290944532906 -0.1 217:1.0 
-0.1 -0.1 
-0.09877824188922704 -0.1 118:1.0 142:1.0 237:1.0 
-0.012892777126130088 -0.1 
-0.0417249388319566 -0.1 157:1.0 
-0.0 -0.1 
-0.06867829873043921 -0.1 33:1.0 254:1.0 
-0.0 -0.1 
-0.06607298085116728 -0.1 48:1.0 
-0.0 -0.1 
-0.0 -0.1 
-0.0 -0.1 
-0.03212031405853825 -0.1 73:1.0 
-0.1 -0.1 147:1.0 
-0.0 -0.1 
-0.0 -0.1 
-0.1 -0.1 87:1.0 
-0.0 -0.1 
-0.0 -0.1 265:1.0 
-0.0 -0.1 
-0.03842096520573904 -0.1 269:1.0 
-0.030557855998239087 -0.1 265:1.0 
-0.1 -0.1 27:1.0 64:1.0 104:1.0 182:1.0 261:1.0 283:1.0 290:1.0 292:1.0 299:1.0 
-0.0 -0.1 
-0.08643308836984158 -0.1 49:1.0 69:1.0 75:1.0 250:1.0 
-0.1 -0.1 230:1.0 
-0.0 -0.1 
-0.0 -0.1 
-0.0 -0.1 
-0.0 -0.1 
-0.1 -0.1 90:1.0 
-0.06684200260013776 -0.1 2:1.0 
-0.06621803602462649 -0.1 136:1.0 
-0.0 -0.1 
-0.06624248187983656 -0.1 94:1.0 
-0.09085325720465591 -0.1 55:1.0 135:1.0 181:1.0 187:1.0 277:1.0 288:1.0 303:1.0 
-0.0 -0.1 
-0.0 -0.1 
-0.06679393930420424 -0.1 6:1.0 
-0.0 -0.1 
