svm_type c_svc
kernel_type rbf
gamma 1.0
nr_class 3
total_sv 1585
rho 0.3855155301562524 0.08592227220002756 -0.18190067901924503
label 2 0 1
nr_sv 410 649 526
SV
10.0 10.0 
1.9094590555730284 0.0 271:1.0 
10.0 10.0 
10.0 10.0 
1.3622251985226743 1.2020847701533646 99:1.0 204:1.0 
10.0 10.0 
10.0 10.0 
10.0 10.0 
10.0 10.0 
10.0 10.0 
10.0 10.0 
10.0 10.0 
10.0 10.0 
10.0 10.0 
1.386323215179395 1.2306418162471753 33:1.0 115:1.0 226:1.0 258:1.0 
1.9670687133270626 2.1852877761429865 243:1.0 
10.0 10.0 
10.0 10.0 
10.0 10.0 
10.0 10.0 
10.0 10.0 
10.0 0.0 151:1.0 
10.0 10.0 
10.0 10.0 
0.0 1.7388653693557312 47:1.0 
10.0 10.0 
10.0 10.0 
10.0 10.0 205:1.0 
10.0 10.0 
10.0 10.0 
10.0 10.0 
10.0 10.0 
10.0 10.0 
10.0 10.0 
1.496122325625524 0.9390483158056616 159:1.0 177:1.0 
10.0 10.0 
10.0 1.645358046997711 77:1.0 
10.0 10.0 
10.0 10.0 
1.1133750480622966 1.0122390641199555 13:1.0 23:1.0 54:1.0 
10.0 10.0 
1.3541313090584033 1.0501623896703804 64:1.0 125:1.0 182:1.0 261:1.0 283:1.0 292:1.0 
10.0 10.0 
10.0 10.0 
10.0 10.0 
10.0 10.0 
10.0 10.0 
10.0 10.0 
10.0 10.0 
10.0 10.0 
10.0 10.0 
1.5085318043109768 0.0 204:1.0 
10.0 10.0 
10.0 10.0 
10.0 10.0 
10.0 1.644905801878316 40:1.0 
10.0 10.0 
10.0 10.0 
10.0 10.0 
10.0 1.6912552452462866 90:1.0 
10.0 10.0 
10.0 10.0 
10.0 10.0 
0.37840558315688333 0.2180607873020865 74:1.0 96:1.0 
10.0 0.0 141:1.0 
10.0 10.0 99:1.0 
10.0 10.0 
10.0 10.0 
1.0232753187724946 1.0830728828916742 27:1.0 64:1.0 104:1.0 182:1.0 225:1.0 261:1.0 283:1.0 290:1.0 292:1.0 299:1.0 
1.0095171632183804 0.21765917218480774 15:1.0 125:1.0 
10.0 10.0 
10.0 10.0 
10.0 10.0 
0.37798044047695606 0.21752141995136567 15:1.0 19:1.0 
10.0 10.0 
10.0 10.0 139:1.0 
10.0 10.0 
10.0 10.0 
10.0 10.0 
10.0 10.0 
10.0 10.0 
10.0 10.0 
10.0 10.0 
10.0 10.0 
10.0 10.0 
10.0 10.0 
10.0 10.0 
2.7090990863062756 10.0 230:1.0 
0.3782009508121879 0.21766801629709814 74:1.0 258:1.0 
1.0037339087981094 10.0 27:1.0 64:1.0 104:1.0 182:1.0 261:1.0 283:1.0 290:1.0 292:1.0 299:1.0 
10.0 10.0 
1.8641695969791343 1.8509436148392007 266:1.0 
10.0 10.0 
10.0 10.0 
0.9535486968140192 0.893623148162285 13:1.0 103:1.0 
1.8641792294058275 2.187053765809685 12:1.0 
2.208327713556538 1.5650641887142782 19:1.0 
10.0 10.0 
10.0 1.644909208941874 219:1.0 
10.0 10.0 
10.0 10.0 
10.0 10.0 
10.0 10.0 
10.0 9.874973095737946 90:1.0 
10.0 10.0 
10.0 10.0 
10.0 10.0 
10.0 10.0 
10.0 10.0 
10.0 10.0 
10.0 10.0 
1.9600539956571834 0.8320164131074397 150:1.0 168:1.0 
1.8463683925021985 1.627741606259856 64:1.0 
10.0 10.0 
10.0 10.0 
10.0 10.0 
10.0 10.0 
10.0 1.557895247812778 125:1.0 
10.0 10.0 
10.0 10.0 
10.0 10.0 
0.8922403336923123 0.7902747606654109 22:1.0 60:1.0 
10.0 10.0 
10.0 10.0 
10.0 10.0 
1.863706305762801 10.0 224:1.0 
10.0 10.0 
10.0 10.0 
2.346952236296538 2.203237222737842 45:1.0 
10.0 10.0 
10.0 10.0 
2.333484923954764 10.0 25:1.0 
10.0 10.0 
10.0 10.0 
10.0 10.0 
10.0 10.0 
10.0 10.0 
10.0 10.0 
1.389526974200776 0.0 86:1.0 109:1.0 242:1.0 300:1.0 305:1.0 
10.0 10.0 244:1.0 
10.0 10.0 
10.0 10.0 
10.0 10.0 
10.0 10.0 
10.0 10.0 
10.0 10.0 
10.0 10.0 
10.0 10.0 
10.0 10.0 
10.0 10.0 
1.1273586465416745 0.7934016159771058 66:1.0 258:1.0 
10.0 10.0 
10.0 10.0 
10.0 10.0 
10.0 10.0 
1.5044790390286533 1.3132848264321362 8:1.0 9:1.0 
10.0 10.0 231:1.0 
1.0933128658105356 0.9006454356483721 8:1.0 9:1.0 189:1.0 
0.0 2.4634337735384317 191:1.0 
10.0 10.0 
1.4666750950859173 1.9871597867751156 15:1.0 
1.8643816021378077 10.0 70:1.0 
1.8637013593527259 1.8501329564089664 83:1.0 84:1.0 
0.0 1.053064967918628 147:1.0 211:1.0 298:1.0 
2.3461684150836546 0.835283712889755 105:1.0 117:1.0 
1.864123522051631 9.914993235714473 191:1.0 
1.3716196582023608 1.1530870784767122 89:1.0 162:1.0 231:1.0 
10.0 10.0 
10.0 10.0 
10.0 10.0 184:1.0 
10.0 1.2995676394286015 159:1.0 
10.0 1.6445215004602942 151:1.0 
1.5392877805482548 1.408747218092406 89:1.0 
10.0 10.0 
10.0 10.0 
10.0 10.0 
0.3787702884965734 0.2178554943671424 30:1.0 89:1.0 
10.0 10.0 
10.0 10.0 
10.0 10.0 
10.0 10.0 
1.3791888939417893 1.0323199218068297 143:1.0 182:1.0 225:1.0 261:1.0 283:1.0 
10.0 1.6452955280179897 132:1.0 
10.0 10.0 
1.8639900810895524 10.0 153:1.0 
10.0 10.0 
10.0 10.0 
10.0 10.0 
10.0 10.0 
10.0 10.0 
10.0 10.0 
1.7241043537432408 10.0 171:1.0 
10.0 10.0 
1.8641788340007792 10.0 229:1.0 
10.0 10.0 
10.0 10.0 
10.0 2.3117210231949867 143:1.0 
10.0 10.0 
10.0 10.0 
10.0 10.0 
1.918399826054919 0.0 246:1.0 
10.0 10.0 
10.0 10.0 
10.0 10.0 
1.8636847377305754 10.0 97:1.0 
0.0 1.7625860527336803 258:1.0 
1.3411641581662068 1.1267385470419793 22:1.0 115:1.0 
10.0 10.0 
10.0 1.9656219071211536 182:1.0 
10.0 10.0 
1.585472509437739 2.000647793671295 74:1.0 
10.0 10.0 
10.0 10.0 
10.0 1.6445343798177363 145:1.0 
10.0 10.0 
10.0 9.873459742351994 143:1.0 
10.0 10.0 
10.0 10.0 
9.353539236764068 1.1254037654720357 204:1.0 
10.0 10.0 
10.0 10.0 
1.7079692606127828 1.5028996247824298 211:1.0 
10.0 10.0 
1.8319365241131926 10.0 56:1.0 
10.0 10.0 
10.0 10.0 
1.8635111265303692 1.2318032084192425 131:1.0 239:1.0 
10.0 10.0 
10.0 10.0 
0.37894695286306435 0.8115576447508356 96:1.0 171:1.0 
10.0 2.695945246415513 141:1.0 
10.0 10.0 
1.4157333673794357 1.0785931903390105 64:1.0 103:1.0 104:1.0 130:1.0 282:1.0 290:1.0 297:1.0 
10.0 10.0 
10.0 10.0 
1.3096094420447928 1.0240062498765472 13:1.0 23:1.0 54:1.0 64:1.0 130:1.0 282:1.0 
1.3622292715685744 1.479417963232016 56:1.0 176:1.0 
10.0 10.0 
10.0 10.0 
10.0 10.0 
1.5770507853609557 0.7935820541973906 175:1.0 182:1.0 
10.0 10.0 
10.0 10.0 176:1.0 
10.0 10.0 
10.0 10.0 
10.0 10.0 
10.0 10.0 
10.0 10.0 
10.0 10.0 231:1.0 
10.0 10.0 
10.0 10.0 
10.0 10.0 
10.0 10.0 
10.0 10.0 
10.0 1.0920361623127455 86:1.0 109:1.0 242:1.0 300:1.0 305:1.0 
10.0 10.0 
1.5485680079985364 1.8726333994827828 103:1.0 
10.0 10.0 
10.0 10.0 
2.3472040807996817 1.7873884599349659 208:1.0 
10.0 10.0 
10.0 10.0 
10.0 10.0 
10.0 10.0 
10.0 1.4762725106683614 168:1.0 
0.5115382887526884 0.42385154287122867 24:1.0 60:1.0 
10.0 10.0 
10.0 10.0 
0.0 1.4889763531273037 24:1.0 
1.6759495629228507 10.0 24:1.0 
10.0 10.0 
10.0 10.0 
10.0 10.0 
10.0 10.0 
10.0 10.0 
10.0 10.0 
10.0 10.0 
1.8721024547038334 1.7714639565021888 260:1.0 
10.0 10.0 
10.0 10.0 
10.0 10.0 
10.0 10.0 
1.3127032781472785 0.9716396554748488 60:1.0 114:1.0 
10.0 10.0 
10.0 10.0 
10.0 10.0 
10.0 10.0 
10.0 10.0 
10.0 10.0 
2.34214646308411 1.6925792855529023 264:1.0 
9.99208770393858 9.873747990243055 260:1.0 
10.0 1.645322829554338 126:1.0 
10.0 10.0 
1.3620392223966253 1.202053074195881 28:1.0 258:1.0 
10.0 10.0 
10.0 10.0 
2.442665247016517 1.6448913070731461 78:1.0 
10.0 10.0 
10.0 10.0 
1.0931273150168503 0.5817538711873397 22:1.0 90:1.0 115:1.0 
10.0 10.0 
10.0 10.0 
10.0 10.0 
10.0 10.0 
10.0 1.645337145399479 144:1.0 
10.0 10.0 
10.0 10.0 
10.0 10.0 
10.0 10.0 
10.0 10.0 
10.0 10.0 
1.3622387107587939 0.7708718360230267 204:1.0 226:1.0 
10.0 10.0 
10.0 10.0 
1.4965773307845973 0.9716725852783203 60:1.0 233:1.0 
1.4961408820695525 1.23218465152733 256:1.0 307:1.0 
10.0 10.0 
9.945832878524248 1.6444032522372023 246:1.0 
10.0 10.0 
10.0 10.0 
10.0 10.0 
10.0 1.6453617253270325 207:1.0 
10.0 10.0 
1.973279200174527 10.0 18:1.0 
10.0 10.0 178:1.0 
10.0 1.338172826892175 117:1.0 
10.0 10.0 
10.0 10.0 
10.0 10.0 
10.0 10.0 
1.585250564439561 1.266159004402965 96:1.0 
10.0 10.0 
0.7405765805452552 9.74139453742698 258:1.0 
10.0 10.0 
10.0 10.0 
10.0 10.0 
10.0 10.0 
10.0 10.0 
10.0 10.0 
10.0 10.0 
10.0 10.0 
10.0 10.0 
10.0 10.0 
10.0 10.0 
10.0 10.0 
1.3897254933582972 1.092430185328018 72:1.0 92:1.0 195:1.0 278:1.0 306:1.0 
10.0 10.0 
10.0 10.0 
10.0 10.0 
10.0 10.0 
10.0 10.0 
10.0 10.0 
10.0 10.0 
10.0 10.0 
10.0 10.0 
10.0 10.0 
10.0 10.0 
1.7039713168891748 1.5014418718205655 54:1.0 
10.0 10.0 
10.0 10.0 
2.569811520315268 2.106767888231569 30:1.0 
10.0 10.0 
10.0 10.0 
10.0 10.0 
10.0 10.0 
10.0 10.0 
10.0 10.0 
10.0 10.0 
10.0 10.0 
1.582161603676263 1.2021448324937574 67:1.0 147:1.0 
10.0 10.0 
10.0 10.0 
9.954719244912733 1.6453371453994794 271:1.0 
1.8642228138181363 9.906515015606457 47:1.0 
10.0 10.0 
10.0 1.790925039547301 142:1.0 
10.0 10.0 
10.0 10.0 
10.0 10.0 
10.0 10.0 
10.0 10.0 
10.0 10.0 
10.0 10.0 
10.0 10.0 
10.0 10.0 
10.0 10.0 
10.0 1.2031497016021628 67:1.0 
10.0 10.0 
10.0 10.0 
10.0 10.0 
10.0 10.0 87:1.0 
10.0 10.0 
10.0 10.0 
10.0 10.0 102:1.0 
10.0 10.0 
1.1508217825677731 10.0 147:1.0 211:1.0 298:1.0 
10.0 10.0 
10.0 10.0 
10.0 10.0 
10.0 10.0 
1.8640692832695336 10.0 222:1.0 
10.0 10.0 
10.0 10.0 
10.0 10.0 
10.0 10.0 
1.8639926889365666 1.6449439820748 3:1.0 
10.0 10.0 
10.0 10.0 
10.0 10.0 
10.0 10.0 
-0.006273594439169946 0.0 262:1.0 
-0.37741275847921607 0.4840633235445928 5:1.0 63:1.0 
-1.1343640022097226 10.0 83:1.0 
-0.3738015128497658 1.4217939471898438 184:1.0 259:1.0 
-0.383201992060682 0.9677510180500111 52:1.0 
-0.5041127147665487 0.910093927390891 50:1.0 274:1.0 
-0.9505051513620787 10.0 99:1.0 
-0.28348753099369084 10.0 198:1.0 
-0.32920502052892153 0.49767191170471514 75:1.0 255:1.0 
-0.260574427509536 0.3174853859970444 215:1.0 
-0.4487880714652478 1.2285294510749294 194:1.0 
-0.4493710621386901 1.421542539214834 136:1.0 183:1.0 
-0.0 0.597818279514343 193:1.0 
-0.9995552352112866 0.5977021727636154 233:1.0 
-1.150511341348009 0.5976989702695583 8:1.0 
-0.35382696346405307 1.2451057579978055 68:1.0 140:1.0 
-1.3125898386597998 0.5981821496576106 19:1.0 151:1.0 
-9.97972181510606E-4 0.0 241:1.0 
-0.5410158704021111 0.7201995179030957 210:1.0 289:1.0 
-0.5639736245483395 0.9072871752107039 6:1.0 88:1.0 192:1.0 269:1.0 
-0.5414771068894431 1.3932920661108061 61:1.0 139:1.0 234:1.0 
-0.487593605209279 2.4052746933099054 257:1.0 265:1.0 
-0.2926294070636456 10.0 137:1.0 
-0.44860127187520876 1.0589380843503176 62:1.0 
-0.5072361643214686 0.0 219:1.0 
-0.004372752014535781 0.0 239:1.0 
-0.5084009923289647 10.0 184:1.0 203:1.0 252:1.0 
-0.3115203336995247 0.13365472797987413 259:1.0 
-0.22146716140427292 0.5035307810105452 38:1.0 73:1.0 
-0.44883666575693765 10.0 193:1.0 
-1.3512773659048603 0.0 117:1.0 
-1.0190402147405604 0.597841897732154 226:1.0 
-1.3724253112243223 0.0 168:1.0 
-0.4284464887569644 0.7552741948841518 20:1.0 122:1.0 273:1.0 280:1.0 
-0.448667319879886 10.0 2:1.0 
-0.32464692986569005 10.0 267:1.0 
-0.44930033908493794 1.2452658087971475 140:1.0 223:1.0 
-0.448813046894191 10.0 16:1.0 
-0.6936751460473762 0.8010406638250678 64:1.0 103:1.0 130:1.0 189:1.0 282:1.0 297:1.0 
-0.033155275716339534 0.0 42:1.0 
-10.0 10.0 87:1.0 
-0.017412154714878128 0.5923832373711019 189:1.0 
-0.3282491613849205 10.0 196:1.0 
-0.33866843312533046 0.5981157467817074 143:1.0 267:1.0 
-1.2570313867664187 0.5521593958481953 21:1.0 78:1.0 
-0.542069131257083 0.9153713156702005 27:1.0 50:1.0 182:1.0 299:1.0 304:1.0 
-0.7148476937277889 0.6523309337071773 150:1.0 218:1.0 
-0.16296136155584462 10.0 73:1.0 
-0.3278916609625435 0.37798608953655255 244:1.0 
-0.03261618963497135 0.0 108:1.0 
-10.0 0.5977882687410617 125:1.0 
-10.0 1.523619742607705 182:1.0 
-2.2972652874550303 1.5950599574967306 30:1.0 230:1.0 
-0.3275323808979319 10.0 129:1.0 
-0.5396824830801419 0.71865636483283 29:1.0 91:1.0 120:1.0 185:1.0 216:1.0 235:1.0 253:1.0 263:1.0 285:1.0 291:1.0 294:1.0 296:1.0 301:1.0 309:1.0 312:1.0 
-0.0 10.0 157:1.0 
-0.449002521228925 0.0 144:1.0 
-10.0 1.270470536566397 143:1.0 
-0.0014774387065463093 1.0633308714330054 164:1.0 
-0.43929761565088543 0.59840583618951 141:1.0 165:1.0 
-0.835930525474806 0.8428874092521902 15:1.0 34:1.0 175:1.0 
-0.0 0.21286662189499417 21:1.0 
-0.37765941493535166 0.6390926816579322 5:1.0 101:1.0 
-0.4215814161463747 0.5566374707527473 107:1.0 
-0.013516745026843533 0.0 39:1.0 
-0.29822966340916807 0.6375374964504754 121:1.0 198:1.0 
-0.0 0.5991744289467634 133:1.0 
-0.9500573963780026 10.0 28:1.0 
-0.34999293395915076 0.6411554284761096 118:1.0 
-0.3083622588101961 0.24834478306083663 111:1.0 269:1.0 
-0.41622768957229517 0.5707538199787542 49:1.0 122:1.0 
-0.3288974682324794 0.5207160297575276 94:1.0 116:1.0 
-0.4279880183860101 0.6555365587285856 73:1.0 149:1.0 228:1.0 284:1.0 
-0.7713662160173308 0.5135082554239871 67:1.0 114:1.0 
-10.0 0.7507649154594958 204:1.0 
-0.2579960584417958 0.3384424236665371 199:1.0 
-0.3289654460782541 10.0 20:1.0 129:1.0 
-0.4487016748928073 0.5977227252315342 214:1.0 
-10.0 0.5981809318599497 246:1.0 
-0.42183500081594844 0.5611158253524832 152:1.0 
-0.001331937058635235 0.0 237:1.0 
-10.0 0.0 141:1.0 
-5.561210725585038E-4 0.0 248:1.0 
-0.004940662531148138 0.0 128:1.0 
-0.01789254085333736 0.49445092541008984 179:1.0 
-0.4768223859058173 0.949592398002231 51:1.0 65:1.0 199:1.0 
-0.12364679626431266 10.0 231:1.0 
-0.5237649152858928 0.7137987994228328 38:1.0 49:1.0 73:1.0 236:1.0 
-10.0 0.8131292681896963 86:1.0 109:1.0 242:1.0 300:1.0 305:1.0 
-8.337887563152614E-4 10.0 85:1.0 
-10.0 10.0 184:1.0 
-0.428153883493111 1.3403008525673141 155:1.0 270:1.0 
-0.015767403294853894 0.0 192:1.0 
-0.3129987545656167 0.26149790615875396 140:1.0 269:1.0 
-0.6324764677610107 0.762557537866201 4:1.0 175:1.0 240:1.0 
-0.5326965261060016 1.1587371079523876 66:1.0 106:1.0 157:1.0 
-10.0 0.5977674995058976 159:1.0 
-0.541165518315855 1.737346253965322 26:1.0 69:1.0 
-0.32864279257974366 0.43801757277187736 40:1.0 241:1.0 
-0.6865414297877663 0.0 90:1.0 
-0.0 10.0 255:1.0 
-10.0 10.0 260:1.0 
-9.839743992889636 0.07459998322019755 117:1.0 
-0.5397249114872551 0.7185377354774828 29:1.0 91:1.0 120:1.0 131:1.0 167:1.0 185:1.0 216:1.0 235:1.0 253:1.0 285:1.0 291:1.0 294:1.0 301:1.0 309:1.0 312:1.0 
-0.49918189306062455 0.9185717351624978 138:1.0 227:1.0 232:1.0 
-0.0 10.0 
-0.0 10.0 21:1.0 
-0.0 10.0 
-0.0 10.0 
-0.0 10.0 
-0.7609187080448668 0.7614090209798631 179:1.0 227:1.0 243:1.0 
-0.4054732505038421 0.5399235504741409 127:1.0 172:1.0 238:1.0 
-0.0 0.3075033286884923 213:1.0 
-0.33880505817667794 0.4521418797553932 238:1.0 
-0.00488674687232507 0.0 81:1.0 
-10.0 0.4368446595963834 145:1.0 
-0.0 10.0 
-0.3430626137868821 0.35557893398473484 155:1.0 199:1.0 
-0.0 10.0 
-0.0 10.0 
-0.0 10.0 
-0.14683174395550927 10.0 255:1.0 
-0.0 10.0 
-0.0 10.0 
-0.0 10.0 
-0.0 10.0 
-0.0 10.0 
-0.0 10.0 
-0.0 10.0 
-0.0 10.0 
-0.0 10.0 
-0.0 1.343547741525662 269:1.0 
-0.0 10.0 
-0.0 10.0 
-0.33862549093389427 0.4376167706881319 143:1.0 215:1.0 
-0.04700452700933939 0.31194214362361405 75:1.0 
-0.37352530687060714 1.42216306426304 138:1.0 184:1.0 
-0.0 10.0 
-0.26935309827078635 0.6804675968468822 59:1.0 73:1.0 
-0.44883841455569046 1.241292743291845 95:1.0 173:1.0 250:1.0 
-0.0 10.0 
-0.0 10.0 
-9.999174344756376 0.5984864554257177 90:1.0 
-0.4496372542505228 9.998742753696545 133:1.0 
-0.44942239424444097 1.1190573637372456 37:1.0 
-0.003583897944557338 10.0 122:1.0 273:1.0 280:1.0 
-0.0 10.0 
-0.0 10.0 
-0.0 10.0 
-0.0 10.0 
-0.4056032038622909 0.5397547821189881 134:1.0 172:1.0 238:1.0 
-0.3112518634460944 0.8981414930497882 249:1.0 
-0.0 10.0 
-10.0 10.0 139:1.0 
-0.4218153971810039 0.560933970392623 161:1.0 
-0.0 10.0 
-0.44871023355622497 0.0 126:1.0 
-0.0 10.0 
-0.6453254523948978 0.8260695474385116 46:1.0 64:1.0 104:1.0 166:1.0 182:1.0 225:1.0 261:1.0 283:1.0 290:1.0 292:1.0 
-0.0 0.294930534149408 102:1.0 
-0.0 10.0 
-0.3129070013034487 0.43752736869093173 108:1.0 269:1.0 
-10.0 0.5977146624036429 271:1.0 
-0.0 10.0 
-0.0 10.0 
-0.0 10.0 
-0.0 10.0 
-0.0 10.0 
-0.0 10.0 
-0.35381960758462444 2.405834146072959 51:1.0 68:1.0 
-0.8086501068953414 0.8827485321654732 18:1.0 67:1.0 123:1.0 
-0.0 10.0 
-0.0 10.0 
-0.0 10.0 
-0.0 10.0 
-0.0 10.0 
-0.3733333756335566 1.4213344957179535 249:1.0 265:1.0 
-0.5409157192875198 0.7444218102169002 11:1.0 152:1.0 161:1.0 170:1.0 
-1.2754044677819039 1.6130019383552945 25:1.0 197:1.0 
-0.0 10.0 
-0.0 10.0 
-5.226607447603785 10.0 
-10.0 10.0 
-0.0 10.0 269:1.0 
-10.0 10.0 
-10.0 10.0 
-10.0 10.0 
-10.0 10.0 
-10.0 10.0 
-10.0 10.0 
-10.0 10.0 
-10.0 10.0 
-9.941620003210366 0.5976129583781161 219:1.0 
-10.0 10.0 
-10.0 10.0 
-0.6075677527945642 0.8091367252941675 29:1.0 91:1.0 120:1.0 131:1.0 167:1.0 185:1.0 216:1.0 253:1.0 263:1.0 285:1.0 294:1.0 296:1.0 312:1.0 
-0.44896153428910796 10.0 254:1.0 
-10.0 10.0 
-10.0 10.0 
-10.0 10.0 
-0.4192091916187293 1.232458101738725 106:1.0 111:1.0 
-0.3837084820135936 1.3936615917674398 41:1.0 148:1.0 
-10.0 10.0 
-10.0 10.0 
-10.0 10.0 
-10.0 10.0 
-10.0 10.0 
-10.0 10.0 
-0.3193311802416768 0.16184116741297616 212:1.0 
-10.0 10.0 
-10.0 10.0 
-0.0 0.5977262233568653 200:1.0 
-10.0 10.0 
-0.3532536322382074 1.421474622653902 68:1.0 212:1.0 
-10.0 10.0 
-0.37992190553375665 0.5977597739938335 252:1.0 
-10.0 10.0 
-0.393942877041525 0.5245696716228153 134:1.0 
-10.0 10.0 
-10.0 10.0 
-0.3281958941059989 0.0 40:1.0 
-10.0 10.0 
-0.44589223763249564 1.2319095844516477 111:1.0 201:1.0 
-0.4497924784829146 1.3318529253502716 58:1.0 116:1.0 
-10.0 10.0 
-10.0 10.0 
-0.5618751841118326 0.8064870689709013 67:1.0 75:1.0 91:1.0 265:1.0 
-10.0 10.0 
-10.0 10.0 
-10.0 10.0 
-10.0 10.0 
-0.32780120023573767 0.47021966661259523 57:1.0 
-10.0 10.0 
-0.3279499194467532 10.0 213:1.0 
-10.0 10.0 
-10.0 10.0 
-0.44876339436712553 10.0 200:1.0 
-0.0 1.042884777010239 55:1.0 135:1.0 181:1.0 187:1.0 277:1.0 288:1.0 303:1.0 
-10.0 10.0 
-10.0 10.0 
-0.0015724411906145647 0.0 36:1.0 169:1.0 173:1.0 202:1.0 293:1.0 
-10.0 10.0 
-10.0 10.0 
-0.37775107022058896 0.5021235292288636 173:1.0 
-10.0 10.0 
-10.0 10.0 
-0.004918901829312881 0.601724081782081 276:1.0 
-10.0 10.0 
-10.0 10.0 
-10.0 10.0 99:1.0 
-10.0 10.0 
-10.0 10.0 
-10.0 10.0 
-10.0 10.0 
-10.0 10.0 
-10.0 10.0 
-10.0 10.0 
-0.32873065748615465 1.0818175304289612 146:1.0 168:1.0 
-0.5234516681331426 0.6951244574792492 11:1.0 180:1.0 
-10.0 10.0 
-10.0 10.0 
-0.6517852834266413 1.3911763459281106 66:1.0 110:1.0 
-0.200974520860894 10.0 51:1.0 
-0.4487470437935884 10.0 80:1.0 
-10.0 10.0 
-0.010479653875055414 0.0 140:1.0 
-10.0 10.0 
-0.949953363900006 1.9957331810264514 176:1.0 
-10.0 10.0 
-0.009877296428478273 0.0 188:1.0 
-10.0 10.0 
-10.0 10.0 
-10.0 10.0 
-10.0 10.0 
-0.4219123034143996 1.385129485983178 247:1.0 
-0.35302464751217866 1.0677122642872745 33:1.0 
-10.0 10.0 
-10.0 10.0 
-10.0 10.0 
-10.0 10.0 
-10.0 0.24909676228951322 67:1.0 
-0.438285641465564 0.6851472292322796 7:1.0 119:1.0 270:1.0 310:1.0 
-10.0 10.0 
-10.0 10.0 
-0.28733795382561683 10.0 165:1.0 
-10.0 10.0 
-10.0 10.0 
-0.3762395068193969 0.40990167536695116 234:1.0 
-0.32087435435558526 0.49462604128330445 21:1.0 119:1.0 
-10.0 10.0 
-10.0 10.0 
-10.0 9.506253536101347 143:1.0 
-10.0 10.0 
-0.42625462271003906 0.5670046818519002 38:1.0 73:1.0 227:1.0 
-0.32859874664140637 1.4221375086412886 85:1.0 117:1.0 
-10.0 10.0 
-9.96624681618653 10.0 102:1.0 
-0.006878191485842494 0.0 275:1.0 
-10.0 10.0 
-10.0 10.0 
-10.0 10.0 
-10.0 10.0 
-1.1591110969454503 1.0589867513028663 115:1.0 
-10.0 10.0 
-9.466886447095265 10.0 
-10.0 1.876791923780679 141:1.0 
-0.47227957970414525 0.8827175953072515 127:1.0 215:1.0 232:1.0 
-10.0 10.0 
-0.0076932691099314875 0.0 250:1.0 
-10.0 10.0 
-10.0 10.0 
-10.0 10.0 
-10.0 10.0 
-0.4488556140258669 2.2438989077023628 268:1.0 
-10.0 10.0 
-10.0 10.0 
-10.0 10.0 
-10.0 10.0 
-0.4494310013747459 0.43790837774051017 207:1.0 272:1.0 
-10.0 10.0 
-10.0 10.0 
-0.3275756156360044 10.0 93:1.0 
-10.0 10.0 
-10.0 10.0 
-10.0 10.0 
-10.0 10.0 
-10.0 0.4365997855994188 207:1.0 
-10.0 10.0 
-0.0014997744076699281 0.0 149:1.0 228:1.0 284:1.0 
-10.0 10.0 
-10.0 10.0 
-0.012654542645605508 0.0 82:1.0 
-0.4474002734594709 9.99616433898127 164:1.0 
-0.3292113391195409 0.5982233262159238 31:1.0 244:1.0 
-10.0 10.0 
-10.0 10.0 
-10.0 10.0 
-10.0 10.0 
-10.0 10.0 
-0.0 9.291712946093105 59:1.0 
-10.0 10.0 
-10.0 10.0 
-10.0 10.0 
-10.0 10.0 
-10.0 10.0 
-10.0 10.0 
-10.0 10.0 
-0.395679575156101 1.422250852194988 17:1.0 220:1.0 
-10.0 10.0 
-10.0 10.0 
-0.4378368814854315 0.5833347320288821 100:1.0 
-0.3393998547564967 0.4513543671935327 172:1.0 
-10.0 10.0 
-10.0 10.0 
-10.0 10.0 
-0.4440685718816697 9.995702945655575 276:1.0 
-10.0 10.0 
-0.38824380101600825 0.516898606257616 95:1.0 
-10.0 10.0 178:1.0 
-10.0 10.0 
-0.4857195086863884 0.672178387072591 4:1.0 52:1.0 255:1.0 
-10.0 10.0 
-10.0 10.0 
-0.0 9.551185240125653 269:1.0 
-10.0 10.0 
-10.0 10.0 
-10.0 10.0 
-10.0 10.0 
-1.2742728889107315 2.405341609157611 56:1.0 157:1.0 
-10.0 10.0 
-0.17877417125665215 0.1868158034466662 91:1.0 
-10.0 10.0 
-10.0 10.0 
-0.6140745434069959 9.774474104862836 55:1.0 135:1.0 181:1.0 187:1.0 277:1.0 288:1.0 303:1.0 
-10.0 10.0 
-10.0 10.0 
-0.5853699799750983 0.7788393432376178 76:1.0 112:1.0 311:1.0 
-10.0 10.0 
-0.43895866629031965 0.5978386050956331 188:1.0 
-10.0 10.0 
-10.0 10.0 
-10.0 10.0 
-0.0 0.6171623384962837 39:1.0 
-10.0 10.0 
-10.0 10.0 
-10.0 10.0 
-10.0 10.0 
-10.0 10.0 
-10.0 10.0 
-10.0 10.0 
-0.8613059995048108 0.9156392816325514 9:1.0 42:1.0 78:1.0 
-10.0 10.0 
-10.0 10.0 
-10.0 10.0 
-10.0 10.0 
-10.0 10.0 
-0.5595782870758781 0.8275143465541259 107:1.0 114:1.0 180:1.0 231:1.0 
-10.0 10.0 
-10.0 10.0 
-10.0 10.0 
-0.5568778627934988 0.7397067437489602 36:1.0 169:1.0 250:1.0 293:1.0 
-0.4870053792153443 1.700837736147646 41:1.0 236:1.0 
-0.4218187204266882 10.0 170:1.0 
-10.0 10.0 
-0.43434337151584984 0.5979274361141839 59:1.0 143:1.0 272:1.0 
-10.0 10.0 
-10.0 10.0 
-1.3121390793745846 0.7631608257736049 105:1.0 
-0.008377138160214615 10.0 162:1.0 
-0.35263751562443146 0.5410483800856 250:1.0 
-10.0 10.0 
-0.3289824338752312 0.6738673489418637 162:1.0 168:1.0 
-10.0 0.5978529154573695 126:1.0 
-10.0 10.0 
-10.0 10.0 
-0.3957887267977509 0.8456100995726381 1:1.0 51:1.0 98:1.0 
-10.0 10.0 176:1.0 
-0.5760775208749217 0.8591855019546829 35:1.0 46:1.0 88:1.0 186:1.0 286:1.0 
-0.35734300385387074 10.0 156:1.0 
-10.0 10.0 
-10.0 10.0 
-0.44265014103459754 0.598122575076864 262:1.0 
-10.0 10.0 
-0.44883930225169394 0.0 132:1.0 
-0.5624902391636915 0.5568651260326392 50:1.0 182:1.0 304:1.0 
-0.2831198525750587 0.3551786276860813 59:1.0 155:1.0 
-10.0 10.0 
-10.0 10.0 244:1.0 
-0.3955285023970179 1.421427126103269 17:1.0 275:1.0 
-0.505067993691193 10.0 162:1.0 
-10.0 10.0 
-0.4113467777870899 10.0 35:1.0 
-10.0 10.0 
-0.5748787285488691 10.0 189:1.0 
-10.0 10.0 
-10.0 10.0 
-10.0 10.0 
-0.3267245882970103 0.4369259679470744 241:1.0 
-1.299773485407028 1.4703610027827994 48:1.0 264:1.0 
-10.0 10.0 
-10.0 10.0 
-10.0 10.0 
-0.44843385018620685 1.058556546927357 248:1.0 
-10.0 10.0 
-10.0 10.0 
-10.0 10.0 
-10.0 10.0 
-10.0 10.0 
-10.0 10.0 
-0.46796289576398464 0.6231350898213084 29:1.0 91:1.0 120:1.0 185:1.0 216:1.0 235:1.0 253:1.0 285:1.0 291:1.0 294:1.0 301:1.0 309:1.0 312:1.0 
-10.0 10.0 
-10.0 10.0 
-10.0 10.0 
-10.0 10.0 
-10.0 10.0 
-0.30096310128379566 1.358742258901442 108:1.0 
-0.004463638572613935 0.0 146:1.0 
-10.0 10.0 
-0.29683086981484896 0.07470836747141531 275:1.0 
-0.3292942563818657 0.598066142918525 91:1.0 93:1.0 
-0.22315430169658904 0.35031774565122054 122:1.0 
-10.0 10.0 
-10.0 0.8017208888854442 142:1.0 
-10.0 10.0 
-10.0 10.0 
-0.5690232192282295 1.0503039545054602 88:1.0 123:1.0 141:1.0 274:1.0 
-10.0 10.0 
-10.0 10.0 
-10.0 10.0 
-0.6034958356390837 0.8033287092386002 44:1.0 100:1.0 124:1.0 295:1.0 308:1.0 
-10.0 10.0 231:1.0 
-10.0 10.0 
-10.0 10.0 
-9.91122394350389 10.0 90:1.0 
-10.0 10.0 
-10.0 10.0 
-10.0 10.0 
-10.0 10.0 
-10.0 10.0 
-10.0 10.0 
-10.0 10.0 
-10.0 10.0 
-10.0 10.0 
-10.0 10.0 
-0.011201698216917489 0.0 63:1.0 
-0.22481373050349046 0.3554106452239542 272:1.0 
-0.44924531915315336 0.4375594175736383 33:1.0 145:1.0 
-0.3820946703399805 0.5404188204241962 149:1.0 228:1.0 284:1.0 
-10.0 0.43657222681830743 40:1.0 
-10.0 10.0 
-0.32903513756980607 0.7892127456326613 196:1.0 213:1.0 
-0.4474060444369253 0.8016037824392032 237:1.0 
-0.20067980907744865 0.3127966899140713 42:1.0 
-10.0 10.0 
-10.0 10.0 
-10.0 10.0 
-10.0 10.0 
-1.3126094565939126 0.8231312200979648 45:1.0 102:1.0 
-10.0 10.0 
-10.0 10.0 
-0.30627660951773117 0.5600447119678292 20:1.0 
-0.4440298178682007 0.5983318770802425 81:1.0 
-0.5746582420168002 0.794439640757017 36:1.0 169:1.0 173:1.0 202:1.0 293:1.0 
-9.555488659051525 0.1885088847731452 168:1.0 
-10.0 10.0 
-0.027880366816358228 0.0 140:1.0 
-0.4116868084923817 0.5423503273695063 5:1.0 121:1.0 198:1.0 
-10.0 10.0 
-0.18663582363014913 0.0 148:1.0 
-10.0 10.0 
-10.0 10.0 231:1.0 
-10.0 10.0 
-10.0 10.0 
-10.0 10.0 
-10.0 10.0 
-0.4493392024081068 1.4212885463526594 218:1.0 221:1.0 
-10.0 10.0 
-10.0 10.0 
-0.24360496104898346 0.5872043198319504 138:1.0 
-10.0 10.0 
-0.2690372843877345 0.4375336838246592 59:1.0 118:1.0 
-10.0 10.0 
-0.4051896438794738 0.5531613328108204 192:1.0 
-10.0 10.0 
-10.0 10.0 
-0.008646810345225693 0.0 7:1.0 119:1.0 310:1.0 
-0.2839498731524947 0.07461411176792941 183:1.0 
-10.0 10.0 
-10.0 10.0 
-10.0 10.0 
-10.0 10.0 
-0.4489081531183956 2.5281755529455205 14:1.0 
-10.0 10.0 
-10.0 10.0 
-0.31120878586801837 0.42597057731725857 123:1.0 
-0.3293773666482572 0.34743502829712986 57:1.0 116:1.0 
-0.387037819074361 0.49438783222291754 119:1.0 143:1.0 
-10.0 10.0 
-10.0 10.0 
-0.3845193168248776 0.4846431818521491 7:1.0 119:1.0 310:1.0 
-10.0 10.0 
-10.0 10.0 
-10.0 10.0 
-10.0 10.0 
-0.2689418626895499 0.4369278713527783 42:1.0 59:1.0 
-10.0 10.0 
-10.0 10.0 
-0.4439163178135401 0.5975556295745028 128:1.0 
-10.0 10.0 
-10.0 10.0 
-10.0 10.0 
-0.024745146076181775 0.0 151:1.0 
-0.3757799013477889 0.7399950839368962 149:1.0 
-10.0 10.0 
-10.0 10.0 
-10.0 10.0 
-10.0 10.0 
-10.0 10.0 
-10.0 10.0 
-10.0 10.0 
-10.0 10.0 
-10.0 10.0 
-10.0 10.0 
-10.0 10.0 
-10.0 10.0 
-0.34939272925624665 1.42167337534995 59:1.0 232:1.0 
-10.0 10.0 
-10.0 10.0 
-0.3100826899858957 10.0 101:1.0 
-10.0 10.0 
-10.0 10.0 
-0.3275577442153636 10.0 94:1.0 
-10.0 10.0 
-10.0 0.5619534790452209 77:1.0 
-10.0 10.0 
-0.020731479035312014 9.835291318039578 218:1.0 
-10.0 10.0 
-0.3299341894835564 0.40529622729445275 127:1.0 
-10.0 10.0 
-10.0 10.0 
-10.0 10.0 
-0.3035657298339938 0.5358249034506711 220:1.0 
-10.0 10.0 
-0.3278707391315056 10.0 31:1.0 
-1.3128639747946491 1.501249491283875 208:1.0 231:1.0 
-10.0 10.0 
-10.0 10.0 
-10.0 10.0 
-10.0 10.0 
-10.0 10.0 
-10.0 10.0 
-10.0 10.0 
-0.0074034970281664685 0.6689726752038677 190:1.0 
-0.29949170730002433 0.42025621950251635 63:1.0 
-10.0 10.0 
-10.0 10.0 
-10.0 10.0 
-10.0 10.0 
-0.42555362984969103 0.8009903707898941 65:1.0 137:1.0 
-10.0 10.0 
-10.0 10.0 
-10.0 10.0 
-10.0 0.0 151:1.0 
-10.0 10.0 
-10.0 10.0 
-10.0 10.0 
-10.0 0.5977507363201536 132:1.0 
-0.040927639211026476 0.0 116:1.0 
-10.0 10.0 
-10.0 10.0 
-0.3355501692515486 10.0 34:1.0 
-0.3795090891974272 10.0 122:1.0 273:1.0 280:1.0 
-0.3126020367999996 0.4972247080624168 255:1.0 269:1.0 
-10.0 10.0 
-10.0 10.0 
-0.44147715773958873 9.928747828139986 190:1.0 
-10.0 10.0 
-1.1300190839922049 0.5979499636729759 239:1.0 
-10.0 10.0 
-0.32786823992785963 10.0 179:1.0 
-0.5123771990719829 0.5136283576121751 75:1.0 114:1.0 
-0.32738288962658535 10.0 85:1.0 
-10.0 10.0 
-0.3292313849504613 0.40986243967711056 91:1.0 148:1.0 
-0.4355307129050404 9.981069702631917 39:1.0 
-10.0 10.0 
-10.0 10.0 
-10.0 10.0 
-10.0 10.0 
-10.0 10.0 205:1.0 
-0.6106262953470868 0.8120806517508755 29:1.0 120:1.0 131:1.0 167:1.0 185:1.0 263:1.0 296:1.0 312:1.0 
-0.43610312925826356 1.4208711950497606 82:1.0 
-0.3232847913620407 0.4369829452692612 146:1.0 
-0.5382363392990375 0.8921452378815179 35:1.0 111:1.0 186:1.0 286:1.0 
-0.5505113433614761 0.7184975021110186 77:1.0 155:1.0 156:1.0 247:1.0 
-10.0 10.0 
-10.0 0.5976894767122569 144:1.0 
-10.0 10.0 
-9.94155830352591 0.37735319632473746 151:1.0 
-10.0 10.0 
-10.0 10.0 
-0.6820160237287388 0.8157208590707974 46:1.0 103:1.0 130:1.0 297:1.0 
-10.0 10.0 
-0.47401766716634797 0.7407543016183754 49:1.0 75:1.0 156:1.0 
-0.39527614915295944 0.6290318884290649 1:1.0 98:1.0 
-10.0 10.0 
-10.0 10.0 
-2.9152034974048244 4.803306592293381 
-0.5093638140320339 1.2227450032582161 71:1.0 197:1.0 270:1.0 
-0.0 -10.0 
-0.0 -10.0 
-0.0 -10.0 
-0.0 -10.0 
-0.8115709610829239 -1.7146154291972187 23:1.0 
-0.0 -10.0 
-0.0 -10.0 
-0.0 -2.260112649357686 85:1.0 
-10.0 -1.3737587079799685 18:1.0 
-0.0 -10.0 
-0.0 -10.0 
-0.0 -10.0 
-0.0 -10.0 
-0.0 -10.0 
-0.0 -10.0 
-0.0 -10.0 
-10.0 -2.4614044883781423 56:1.0 
-0.0 -10.0 
-10.0 -10.0 205:1.0 
-0.0 -10.0 
-0.0 -10.0 
-0.0 -10.0 
-0.42174674634622045 -10.0 129:1.0 
-0.023750536697150187 -0.0 265:1.0 
-10.0 -1.715272125427 24:1.0 
-0.0 -10.0 
-0.009716168718771873 -2.843262985269045 51:1.0 
-0.0 -10.0 
-0.0 -10.0 
-0.0 -0.004093346679036784 43:1.0 158:1.0 160:1.0 281:1.0 302:1.0 
-0.0 -10.0 
-0.0 -10.0 
-0.0 -10.0 
-0.0 -10.0 
-0.0 -10.0 
-10.0 -10.0 139:1.0 
-0.0 -10.0 
-0.0 -10.0 
-0.0 -10.0 
-0.0 -10.0 
-0.0 -10.0 
-0.668000625927071 -10.0 276:1.0 
-1.519414104370856 -2.237238873604077 82:1.0 143:1.0 
-0.0 -10.0 
-0.0015993853145828386 -0.0 223:1.0 
-0.0 -10.0 
-0.0 -10.0 
-0.0 -10.0 
-0.01279287673783751 -0.0 217:1.0 
-0.0 -10.0 
-10.0 -10.0 102:1.0 
-0.0 -10.0 
-0.0 -10.0 
-10.0 -2.3089143807626957 25:1.0 
-0.0 -10.0 
-1.8673014884015064 -1.2533703425038218 115:1.0 258:1.0 
-0.0 -10.0 
-0.0 -10.0 
-0.0 -10.0 
-8.430178693670438 -10.0 
-10.0 -10.0 
-0.805407223703461 -1.253411031374634 52:1.0 229:1.0 
-10.0 -10.0 
-10.0 -10.0 
-10.0 -10.0 
-0.48886550989690086 -0.26960798615357984 154:1.0 265:1.0 
-10.0 -10.0 
-10.0 -10.0 
-10.0 -10.0 
-10.0 -10.0 
-0.6687371355538361 -1.3763740747254105 61:1.0 139:1.0 
-10.0 -10.0 
-10.0 -10.0 
-10.0 -10.0 
-0.6677125482841486 -10.0 267:1.0 
-10.0 -10.0 
-10.0 -10.0 
-10.0 -10.0 
-0.0147167550284799 -1.687914020337805 16:1.0 
-0.6684613136966037 -1.2534318168439953 154:1.0 248:1.0 
-0.001555729071401602 -0.0 53:1.0 194:1.0 
-0.0 -0.0031927903553860206 257:1.0 
-10.0 -10.0 
-10.0 -10.0 
-10.0 -10.0 
-10.0 -10.0 
-0.0 -10.0 255:1.0 
-0.6680283111411426 -10.0 200:1.0 
-10.0 -10.0 
-10.0 -10.0 
-10.0 -10.0 
-0.0 -10.0 162:1.0 
-10.0 -10.0 
-1.3642376419236093 -1.757040852281654 14:1.0 15:1.0 
-0.6680918877291886 -10.0 34:1.0 
-0.4887266208458984 -1.4109555429915193 80:1.0 196:1.0 
-0.6680157784667197 -1.7153349004263536 166:1.0 
-10.0 -10.0 
-10.0 -10.0 
-0.5260477253317803 -2.0258316021102356 201:1.0 
-0.6987270082412989 -1.323995727877544 26:1.0 73:1.0 149:1.0 
-10.0 -10.0 
-0.6677124512761115 -10.0 190:1.0 
-10.0 -10.0 
-10.0 -10.0 
-0.6677712128336577 -3.5816266413722597 68:1.0 
-10.0 -10.0 
-10.0 -10.0 
-10.0 -10.0 
-10.0 -10.0 
-10.0 -10.0 
-0.667662016211719 -10.0 31:1.0 
-1.0178469928143759 -1.7504736835634447 73:1.0 146:1.0 168:1.0 
-10.0 -10.0 
-10.0 -10.0 
-10.0 -10.0 
-10.0 -10.0 
-0.6685613580543638 -1.0197598079414587 65:1.0 157:1.0 
-0.08445378050217386 -1.9716116782132465 184:1.0 
-0.6684119140139066 -10.0 255:1.0 
-0.48875416147899553 -0.2699811650417471 110:1.0 265:1.0 
-0.668130649265324 -10.0 39:1.0 
-10.0 -10.0 
-1.5194180759758615 -1.9799503710002375 141:1.0 274:1.0 
-10.0 -10.0 
-10.0 -10.0 
-10.0 -10.0 
-10.0 -10.0 
-10.0 -10.0 
-10.0 -10.0 
-1.110771820805574 -10.0 99:1.0 
-10.0 -10.0 
-10.0 -10.0 
-10.0 -10.0 
-10.0 -10.0 
-10.0 -10.0 
-0.6717243998274021 -10.0 162:1.0 
-10.0 -10.0 
-10.0 -10.0 
-10.0 -10.0 
-10.0 -10.0 
-0.9442364531770036 -1.2894803279492126 35:1.0 186:1.0 258:1.0 286:1.0 
-10.0 -10.0 
-10.0 -10.0 
-10.0 -10.0 260:1.0 
-10.0 -10.0 
-10.0 -10.0 
-0.6207098207158175 -10.0 35:1.0 
-10.0 -10.0 
-0.6684410520293038 -0.976828838412074 121:1.0 184:1.0 
-10.0 -10.0 
-0.6245779837106434 -2.2932017253675445 69:1.0 
-10.0 -10.0 
-0.6675878878489833 -10.0 179:1.0 
-10.0 -10.0 
-10.0 -10.0 
-10.0 -10.0 
-10.0 -10.0 
-10.0 -10.0 
-10.0 -10.0 
-0.667865700186235 -10.0 198:1.0 
-0.488172788882239 -10.0 164:1.0 
-10.0 -10.0 
-0.6288055704930368 -1.6795217890246645 202:1.0 
-10.0 -10.0 
-10.0 -10.0 
-1.5188795189730129 -1.6607409607485941 45:1.0 197:1.0 
-1.4689104548979324 -1.479659264775238 26:1.0 243:1.0 
-10.0 -10.0 
-10.0 -10.0 
-0.0 -0.0021954399298432163 27:1.0 182:1.0 299:1.0 
-0.667696351025271 -10.0 137:1.0 
-10.0 -10.0 
-10.0 -10.0 
-0.6680110608914743 -1.7153260467365752 245:1.0 
-10.0 -10.0 
-0.574273412103876 -2.2373097520749967 14:1.0 247:1.0 
-10.0 -10.0 
-0.6675957020717763 -2.5967654851066113 257:1.0 
-10.0 -1.6564209863904222 171:1.0 
-0.01325560741000454 -0.0 58:1.0 
-0.7517969856457981 -0.8133318444075568 106:1.0 177:1.0 
-10.0 -10.0 
-0.008085993992434544 -2.3088481684782796 231:1.0 
-10.0 -10.0 
-10.0 -10.0 178:1.0 
-10.0 -10.0 
-10.0 -10.0 
-10.0 -10.0 
-0.0023578084198717423 -0.0 232:1.0 
-0.016569984820985366 -1.8161034192857641 2:1.0 
-10.0 -10.0 
-9.732041947526726 -10.0 
-0.002215225750096063 -6.242699470297192E-4 222:1.0 
-10.0 -10.0 
-10.0 -10.0 
-10.0 -10.0 
-0.0 -10.0 122:1.0 273:1.0 280:1.0 
-0.9566629283617845 -1.1815503700602883 162:1.0 171:1.0 259:1.0 264:1.0 
-0.004052066266080386 -9.997597813316602 85:1.0 
-10.0 -10.0 
-10.0 -10.0 
-0.6684285166971118 -10.0 59:1.0 
-10.0 -10.0 
-0.8769416313791202 -1.8417954934115854 98:1.0 176:1.0 
-10.0 -10.0 
-10.0 -10.0 
-0.002972147028731725 -0.0 157:1.0 
-10.0 -10.0 
-10.0 -10.0 
-10.0 -1.7152137344715082 153:1.0 
-10.0 -10.0 
-10.0 -1.040958269049388 147:1.0 211:1.0 298:1.0 
-0.24195303668706436 -1.1552778567890356 154:1.0 
-0.789416629721212 -1.0099257729539173 16:1.0 202:1.0 269:1.0 270:1.0 
-0.6675768460994486 -0.0 224:1.0 
-10.0 -10.0 
-10.0 -10.0 
-0.8036907441194503 -1.7144866976524484 53:1.0 194:1.0 
-10.0 -10.0 
-10.0 -10.0 
-10.0 -10.0 
-10.0 -10.0 
-10.0 -10.0 
-10.0 -10.0 
-10.0 -10.0 
-10.0 -10.0 
-10.0 -10.0 
-10.0 -1.254012638583096 70:1.0 
-0.48838798958767454 -1.6164362676730297 10:1.0 
-10.0 -10.0 
-10.0 -10.0 
-0.7902101759649 -10.0 189:1.0 
-10.0 -10.0 
-10.0 -10.0 
-10.0 -10.0 
-10.0 -10.0 
-0.48900079643950234 -1.2533818290100025 164:1.0 221:1.0 
-0.634459055741387 -1.2528681704507678 97:1.0 108:1.0 
-10.0 -10.0 
-10.0 -10.0 
-10.0 -10.0 
-10.0 -10.0 
-10.0 -10.0 
-10.0 -10.0 
-10.0 -10.0 
-10.0 -10.0 
-0.4883381674514763 -10.0 196:1.0 
-0.7745622130009331 -1.0916593337550407 150:1.0 162:1.0 270:1.0 
-10.0 -10.0 
-10.0 -10.0 
-10.0 -10.0 
-10.0 -10.0 
-10.0 -10.0 
-0.8783254465372903 -1.0249794638737093 56:1.0 73:1.0 177:1.0 
-0.0 -0.0027647394000767296 265:1.0 
-10.0 -10.0 176:1.0 
-10.0 -10.0 
-10.0 -9.969486468207224 184:1.0 
-10.0 -10.0 
-10.0 -10.0 
-10.0 -10.0 
-1.0496908058045735 -1.0507503632628963 84:1.0 201:1.0 208:1.0 
-10.0 -10.0 
-0.6141140329802437 -9.977401205575848 16:1.0 
-10.0 -10.0 
-0.6678259932616682 -10.0 165:1.0 
-0.6070209486040191 -1.253559913756641 203:1.0 220:1.0 
-10.0 -10.0 
-1.2730973890018604 -1.8392013243887675 9:1.0 
-10.0 -10.0 
-10.0 -10.0 
-10.0 -10.0 
-10.0 -10.0 
-10.0 -10.0 
-10.0 -10.0 
-10.0 -10.0 
-10.0 -10.0 
-0.48811580741016936 -1.7818273246164444 71:1.0 
-10.0 -10.0 
-10.0 -1.2543590764328594 229:1.0 
-10.0 -10.0 
-0.6544235089169094 -2.204803471530448 58:1.0 
-10.0 -10.0 
-0.01823608271396952 -0.0 206:1.0 
-10.0 -10.0 
-0.6683674074615056 -2.2379398823143406 249:1.0 269:1.0 
-10.0 -10.0 
-10.0 -10.0 
-10.0 -10.0 
-1.132393033094233 -1.270868178063243 13:1.0 84:1.0 
-10.0 -10.0 
-10.0 -10.0 
-0.6684412760360854 -10.0 21:1.0 
-0.9080112524397671 -1.1834874301852643 43:1.0 158:1.0 160:1.0 281:1.0 302:1.0 
-10.0 -10.0 
-0.8051324423492124 -1.2534832293437772 18:1.0 62:1.0 
-0.007769725399672916 -10.0 269:1.0 
-10.0 -10.0 
-10.0 -10.0 
-10.0 -10.0 
-10.0 -10.0 
-10.0 -10.0 
-10.0 -10.0 
-10.0 -1.2543059575980158 97:1.0 
-10.0 -10.0 
-10.0 -10.0 
-10.0 -10.0 
-10.0 -1.1014223170025357 191:1.0 
-10.0 -10.0 244:1.0 
-0.6636347427244862 -9.980988234802231 85:1.0 
-10.0 -10.0 
-0.8768997469741664 -1.9582723448272348 176:1.0 236:1.0 
-0.910288652572157 -1.2247560560805542 32:1.0 113:1.0 149:1.0 228:1.0 284:1.0 313:1.0 
-0.39158000464326176 -2.026104965491213 106:1.0 
-0.6675775877514464 -2.761773582281519 17:1.0 
-10.0 -10.0 
-10.0 -10.0 
-10.0 -10.0 
-10.0 -10.0 
-10.0 -10.0 
-0.6657748456508925 -2.481734575750102 232:1.0 
-0.4890957986439865 -0.2688403486992497 10:1.0 71:1.0 
-0.6685134713348729 -10.0 20:1.0 129:1.0 
-10.0 -10.0 
-0.6678259932616679 -1.8286325975583841 88:1.0 
-0.6684442679572562 -1.715269926865859 79:1.0 
-10.0 -10.0 
-10.0 -10.0 
-10.0 -10.0 
-0.0 -0.9366610200907872 203:1.0 
-10.0 -10.0 
-0.7171898021843593 -10.0 184:1.0 203:1.0 252:1.0 
-0.6677318407824381 -10.0 170:1.0 
-10.0 -10.0 
-10.0 -10.0 
-10.0 -10.0 
-0.6677205838433218 -10.0 101:1.0 
-10.0 -10.0 
-10.0 -10.0 
-10.0 -10.0 
-10.0 -10.0 
-10.0 -10.0 
-10.0 -10.0 
-10.0 -10.0 
-0.6680769738995398 -10.0 156:1.0 
-0.6685016139309171 -10.0 93:1.0 
-0.6660133094756403 -2.17363061049578 223:1.0 
-1.081964227088399 -1.4352400773260385 27:1.0 182:1.0 299:1.0 
-0.6676800884217611 -2.853895906995207 41:1.0 
-10.0 -10.0 
-10.0 -10.0 
-10.0 -1.7151855937641227 224:1.0 
-10.0 -1.1894545735720825 258:1.0 
-0.8708790249957313 -10.0 122:1.0 273:1.0 280:1.0 
-0.1080413943770256 -1.3972502940107006 206:1.0 
-10.0 -10.0 
-10.0 -10.0 
-10.0 -10.0 
-10.0 -10.0 
-10.0 -10.0 
-10.0 -10.0 
-1.166740841644037 -10.0 231:1.0 
-1.5222657259906096 -1.1305943934646003 191:1.0 204:1.0 266:1.0 
-10.0 -10.0 
-10.0 -1.7152093678872071 47:1.0 
-0.004196655366317922 -0.0 6:1.0 
-0.573802385251655 -1.2532903866859129 14:1.0 70:1.0 
-0.8295722153406491 -1.2095235581259933 4:1.0 26:1.0 37:1.0 149:1.0 
-10.0 -10.0 
-1.4337150958789264 -1.253381272305213 108:1.0 191:1.0 
-10.0 -10.0 99:1.0 
-10.0 -10.0 
-0.6532636254026695 -1.2529664642287797 37:1.0 184:1.0 
-10.0 -10.0 
-10.0 -10.0 
-10.0 -10.0 
-0.1257945725512193 -1.3178641279177785 209:1.0 
-10.0 -10.0 
-0.48833317680022176 -10.0 80:1.0 
-10.0 -10.0 
-10.0 -10.0 
-10.0 -10.0 
-1.3383513219679724 -2.237110541937305 182:1.0 268:1.0 
-10.0 -10.0 
-10.0 -10.0 
-10.0 -10.0 
-10.0 -10.0 
-10.0 -10.0 
-10.0 -10.0 
-10.0 -10.0 
-10.0 -10.0 
-10.0 -10.0 
-10.0 -10.0 
-10.0 -10.0 
-10.0 -10.0 
-1.519392894513158 -1.7317997014733835 103:1.0 138:1.0 
-10.0 -10.0 
-0.48803313517917946 -2.1275057095229313 110:1.0 
-1.4019376224463873 -0.8637762327947986 74:1.0 203:1.0 
-10.0 -10.0 
-0.667910933209114 -10.0 213:1.0 
-0.8957721540685458 -1.749253972388655 95:1.0 173:1.0 212:1.0 250:1.0 
-10.0 -10.0 
-10.0 -10.0 
-10.0 -10.0 
-10.0 -10.0 
-1.4727787642128336 -0.8638780087760464 12:1.0 206:1.0 
-10.0 -10.0 
-10.0 -10.0 
-0.009567699335225405 -0.0 48:1.0 
-1.1104246263479824 -10.0 28:1.0 
-10.0 -10.0 
-10.0 -10.0 
-10.0 -10.0 
-10.0 -10.0 
-0.6653698325327382 -0.0 222:1.0 
-0.8368002606298153 -1.223039263723707 75:1.0 105:1.0 217:1.0 
-10.0 -10.0 
-10.0 -10.0 
-10.0 -10.0 
-10.0 -10.0 
-10.0 -10.0 
-0.6677007203725593 -1.715140044812032 163:1.0 
-10.0 -10.0 
-10.0 -10.0 
-1.3380166436721899 -2.2376297860053063 141:1.0 268:1.0 
-10.0 -10.0 
-0.4882801145601503 -1.7767570761349578 221:1.0 
-10.0 -10.0 
-10.0 -10.0 
-10.0 -10.0 
-10.0 -10.0 231:1.0 
-10.0 -10.0 
-10.0 -10.0 
-10.0 -10.0 
-10.0 -10.0 
-10.0 -10.0 
-10.0 -10.0 
-1.473269214702666 -1.0798037938152882 30:1.0 209:1.0 
-0.6675838729946252 -10.0 218:1.0 
-0.422109537752827 -1.3974185068333718 61:1.0 
-10.0 -1.7144725734896684 222:1.0 
-10.0 -10.0 
-10.0 -10.0 
-10.0 -10.0 
-10.0 -10.0 
-10.0 -10.0 
-10.0 -10.0 
-10.0 -10.0 
-10.0 -10.0 
-0.0 -2.3819814434345137 157:1.0 
-10.0 -10.0 
-0.41356600056155857 -10.0 254:1.0 
-10.0 -10.0 
-10.0 -10.0 
-10.0 -10.0 143:1.0 
-10.0 -10.0 
-0.5237582396300509 -2.2100842930316063 270:1.0 
-10.0 -10.0 
-10.0 -10.0 
-10.0 -10.0 
-10.0 -10.0 
-0.9120181190425726 -1.1815816332679385 32:1.0 113:1.0 174:1.0 251:1.0 279:1.0 287:1.0 313:1.0 
-10.0 -10.0 
-9.649366990697587 -10.0 231:1.0 
-10.0 -10.0 
-10.0 -10.0 
-1.3488264854407148 -10.0 83:1.0 
-10.0 -10.0 
-10.0 -10.0 
-10.0 -10.0 
-0.667773343745984 -10.0 133:1.0 
-0.6681228812306045 -10.0 193:1.0 
-10.0 -10.0 
-10.0 -10.0 
-10.0 -10.0 
-10.0 -10.0 
-10.0 -10.0 
-10.0 -10.0 
-10.0 -10.0 
-10.0 -10.0 
-10.0 -10.0 
-10.0 -10.0 
-0.6580261156072591 -10.0 51:1.0 
-10.0 -10.0 
-10.0 -10.0 
-0.5415252912529979 -1.5496783603134636 217:1.0 
-10.0 -10.0 
-1.080853463724677 -1.5078405648838629 118:1.0 142:1.0 237:1.0 
-10.0 -10.0 
-0.4191813636332357 -10.0 157:1.0 
-10.0 -10.0 
-0.6913639112954472 -1.7152221008979889 33:1.0 254:1.0 
-10.0 -10.0 
-0.6585177368167566 -2.2561278410327525 48:1.0 
-10.0 -10.0 
-10.0 -10.0 
-10.0 -10.0 
-0.31652500063500383 -10.0 73:1.0 
-1.252657780246572 -1.5744363982443554 147:1.0 
-10.0 -10.0 
-10.0 -10.0 
-10.0 -10.0 87:1.0 
-10.0 -10.0 
-10.0 -10.0 
-0.37486861563832746 -10.0 269:1.0 
-0.28460477383463123 -2.9612686205514898 265:1.0 
-10.0 -1.1845856211356027 27:1.0 64:1.0 104:1.0 182:1.0 261:1.0 283:1.0 290:1.0 292:1.0 299:1.0 
-10.0 -10.0 
-0.8638290022295313 -1.225062549358542 49:1.0 69:1.0 75:1.0 250:1.0 
-10.0 -2.3015277880755436 230:1.0 
-10.0 -10.0 
-10.0 -10.0 
-10.0 -10.0 
-10.0 -10.0 
-10.0 -10.0 90:1.0 
-0.651217040602061 -9.899176832689596 2:1.0 
-0.6676701472957144 -2.2381205106140194 136:1.0 
-10.0 -10.0 
-0.6677355409583818 -10.0 94:1.0 
-0.9133854287426014 -10.0 55:1.0 135:1.0 181:1.0 187:1.0 277:1.0 288:1.0 303:1.0 
-10.0 -10.0 
-10.0 -10.0 
-0.663884925957283 -1.7606806206536818 6:1.0 
-0.9486770287756885 -10.0 
