svm_type c_svc
kernel_type rbf
gamma 10.0
nr_class 3
total_sv 1585
rho 0.9961934944824676 0.992825863861747 -0.9936657988198647
label 2 0 1
nr_sv 419 629 537
SV
0.01 0.01 
0.01 0.01 271:1.0 
0.01 0.01 
0.01 0.01 64:1.0 125:1.0 182:1.0 261:1.0 283:1.0 292:1.0 
0.01 0.01 
0.01 0.01 99:1.0 204:1.0 
0.01 0.01 
0.01 0.01 
0.01 0.01 
0.01 0.01 
0.01 0.01 
0.01 0.01 
0.01 0.01 
0.01 0.01 
0.01 0.01 
0.01 0.01 33:1.0 115:1.0 226:1.0 258:1.0 
0.01 0.01 243:1.0 
0.01 0.01 
0.01 0.01 
0.01 0.01 
0.01 0.01 
0.01 0.01 
0.01 0.01 151:1.0 
0.01 0.01 
0.01 0.01 
0.01 0.01 47:1.0 
0.01 0.01 
0.01 0.01 
0.01 0.01 205:1.0 
0.01 0.01 
0.01 0.01 
0.01 0.01 
0.01 0.01 
0.01 0.01 
0.01 0.01 
0.01 0.01 159:1.0 177:1.0 
0.01 0.01 
0.01 0.01 77:1.0 
0.01 0.01 
0.01 0.01 
0.01 0.01 13:1.0 23:1.0 54:1.0 
0.01 0.01 
0.01 0.01 64:1.0 125:1.0 182:1.0 261:1.0 283:1.0 292:1.0 
0.01 0.01 
0.01 0.01 
0.01 0.01 
0.01 0.01 
0.01 0.01 
0.01 0.01 
0.01 0.01 
0.01 0.01 
0.01 0.01 
0.01 0.01 204:1.0 
0.01 0.01 
0.01 0.01 
0.01 0.01 
0.01 0.01 40:1.0 
0.01 0.01 
0.01 0.01 
0.01 0.01 
0.01 0.01 90:1.0 
0.01 0.01 72:1.0 92:1.0 195:1.0 278:1.0 306:1.0 
0.01 0.01 
0.01 0.01 
0.01 0.01 
0.01 0.01 74:1.0 96:1.0 
0.01 0.01 141:1.0 
0.01 0.01 99:1.0 
0.01 0.01 
0.01 0.01 
0.01 0.01 27:1.0 64:1.0 104:1.0 182:1.0 225:1.0 261:1.0 283:1.0 290:1.0 292:1.0 299:1.0 
0.01 0.01 15:1.0 125:1.0 
0.01 0.01 
0.01 0.01 
0.01 0.01 
0.01 0.01 15:1.0 19:1.0 
0.01 0.01 
0.01 0.01 139:1.0 
0.01 0.01 
0.01 0.01 
0.01 0.01 
0.01 0.01 
0.01 0.01 
0.01 0.01 
0.01 0.01 
0.01 0.01 
0.01 0.01 
0.01 0.01 
0.01 0.01 
0.01 0.01 230:1.0 
0.01 0.01 74:1.0 258:1.0 
0.01 0.01 266:1.0 
0.01 0.01 27:1.0 64:1.0 104:1.0 182:1.0 261:1.0 283:1.0 290:1.0 292:1.0 299:1.0 
0.01 0.01 
0.01 0.01 266:1.0 
0.01 0.01 
0.01 0.01 
0.01 0.01 13:1.0 103:1.0 
0.01 0.01 12:1.0 
0.01 0.01 19:1.0 
0.01 0.01 
0.01 0.01 219:1.0 
0.01 0.01 
0.01 0.01 74:1.0 
0.01 0.01 
0.01 0.01 
0.01 0.01 
0.01 0.01 90:1.0 
0.01 0.01 
0.01 0.01 
0.01 0.01 
0.01 0.01 
0.01 0.01 
0.01 0.01 
0.01 0.01 
0.01 0.01 150:1.0 168:1.0 
0.01 0.01 64:1.0 
0.01 0.01 
0.01 0.01 
0.01 0.01 
0.01 0.01 
0.01 0.01 125:1.0 
0.01 0.01 
0.01 0.01 
0.01 0.01 
0.01 0.01 22:1.0 60:1.0 
0.01 0.01 
0.01 0.01 
0.01 0.01 
0.01 0.01 224:1.0 
0.01 0.01 
0.01 0.01 
0.01 0.01 45:1.0 
0.01 0.01 
0.01 0.01 
0.01 0.01 25:1.0 
0.01 0.01 
0.01 0.01 
0.01 0.01 
0.01 0.01 
0.01 0.01 
0.01 0.01 
0.01 0.01 86:1.0 109:1.0 242:1.0 300:1.0 305:1.0 
0.01 0.01 244:1.0 
0.01 0.01 
0.01 0.01 
0.01 0.01 
0.01 0.01 
0.01 0.01 
0.01 0.01 
0.01 0.01 
0.01 0.01 
0.01 0.01 
0.01 0.01 
0.01 0.01 66:1.0 258:1.0 
0.01 0.01 
0.01 0.01 
0.01 0.01 
0.01 0.01 
0.01 0.01 8:1.0 9:1.0 
0.01 0.01 231:1.0 
0.01 0.01 8:1.0 9:1.0 189:1.0 
0.01 0.01 191:1.0 
0.01 0.01 
0.01 0.01 15:1.0 
0.01 0.01 70:1.0 
0.01 0.01 83:1.0 84:1.0 
0.01 0.01 147:1.0 211:1.0 298:1.0 
0.01 0.01 105:1.0 117:1.0 
0.01 0.01 191:1.0 
0.01 0.01 89:1.0 162:1.0 231:1.0 
0.01 0.01 
0.01 0.01 
0.01 0.01 184:1.0 
0.01 0.01 159:1.0 
0.01 0.01 264:1.0 
0.01 0.01 151:1.0 
0.01 0.01 89:1.0 
0.01 0.01 
0.01 0.01 
0.01 0.01 
0.01 0.01 30:1.0 89:1.0 
0.01 0.01 
0.01 0.01 
0.01 0.01 
0.01 0.01 
0.01 0.01 143:1.0 182:1.0 225:1.0 261:1.0 283:1.0 
0.01 0.01 132:1.0 
0.01 0.01 
0.01 0.01 153:1.0 
0.01 0.01 
0.01 0.01 
0.01 0.01 
0.01 0.01 
0.01 0.01 
0.01 0.01 
0.01 0.01 171:1.0 
0.01 0.01 
0.01 0.01 229:1.0 
0.01 0.01 
0.01 0.01 
0.01 0.01 143:1.0 
0.01 0.01 
0.01 0.01 
0.01 0.01 
0.01 0.01 246:1.0 
0.01 0.01 
0.01 0.01 
0.01 0.01 
0.01 0.01 97:1.0 
0.01 0.01 258:1.0 
0.01 0.01 22:1.0 115:1.0 
0.01 0.01 
0.01 0.01 182:1.0 
0.01 0.01 
0.01 0.01 74:1.0 
0.01 0.01 
0.01 0.01 
0.01 0.01 145:1.0 
0.01 0.01 
0.01 0.01 143:1.0 
0.01 0.01 
0.01 0.01 
0.01 0.01 204:1.0 
0.01 0.01 
0.01 0.01 260:1.0 
0.01 0.01 
0.01 0.01 211:1.0 
0.01 0.01 
0.01 0.01 56:1.0 
0.01 0.01 
0.01 0.01 
0.01 0.01 131:1.0 239:1.0 
0.01 0.01 
0.01 0.01 
0.01 0.01 96:1.0 171:1.0 
0.01 0.01 141:1.0 
0.01 0.01 
0.01 0.01 64:1.0 103:1.0 104:1.0 130:1.0 282:1.0 290:1.0 297:1.0 
0.01 0.01 
0.01 0.01 
0.01 0.01 13:1.0 23:1.0 54:1.0 64:1.0 130:1.0 282:1.0 
0.01 0.01 56:1.0 176:1.0 
0.01 0.01 
0.01 0.01 
0.01 0.01 
0.01 0.01 175:1.0 182:1.0 
0.01 0.01 
0.01 0.01 176:1.0 
0.01 0.01 260:1.0 
0.01 0.01 
0.01 0.01 
0.01 0.01 
0.01 0.01 
0.01 0.01 
0.01 0.01 231:1.0 
0.01 0.01 
0.01 0.01 
0.01 0.01 
0.01 0.01 
0.01 0.01 
0.01 0.01 86:1.0 109:1.0 242:1.0 300:1.0 305:1.0 
0.01 0.01 
0.01 0.01 103:1.0 
0.01 0.01 
0.01 0.01 
0.01 0.01 208:1.0 
0.01 0.01 
0.01 0.01 
0.01 0.01 
0.01 0.01 
0.01 0.01 168:1.0 
0.01 0.01 24:1.0 60:1.0 
0.01 0.01 
0.01 0.01 
0.01 0.01 24:1.0 
0.01 0.01 24:1.0 
0.01 0.01 
0.01 0.01 
0.01 0.01 
0.01 0.01 
0.01 0.01 
0.01 0.01 
0.01 0.01 
0.01 0.01 260:1.0 
0.01 0.01 
0.01 0.01 
0.01 0.01 
0.01 0.01 
0.01 0.01 60:1.0 114:1.0 
0.01 0.01 
0.01 0.01 
0.01 0.01 
0.01 0.01 
0.01 0.01 
0.01 0.01 
0.01 0.01 264:1.0 
0.01 0.01 260:1.0 
0.01 0.01 126:1.0 
0.01 0.01 
0.01 0.01 28:1.0 258:1.0 
0.01 0.01 
0.01 0.01 
0.01 0.01 78:1.0 
0.01 0.01 
0.01 0.01 
0.01 0.01 22:1.0 90:1.0 115:1.0 
0.01 0.01 
0.01 0.01 
0.01 0.01 
0.01 0.01 
0.01 0.01 144:1.0 
0.01 0.01 
0.01 0.01 
0.01 0.01 
0.01 0.01 
0.01 0.01 
0.01 0.01 
0.01 0.01 204:1.0 226:1.0 
0.01 0.01 
0.01 0.01 
0.01 0.01 60:1.0 233:1.0 
0.01 0.01 256:1.0 307:1.0 
0.01 0.01 
0.01 0.01 246:1.0 
0.01 0.01 
0.01 0.01 
0.01 0.01 
0.01 0.01 207:1.0 
0.01 0.01 
0.01 0.01 72:1.0 92:1.0 195:1.0 278:1.0 306:1.0 
0.01 0.01 18:1.0 
0.01 0.01 178:1.0 
0.01 0.01 117:1.0 
0.01 0.01 
0.01 0.01 
0.01 0.01 
0.01 0.01 
0.01 0.01 96:1.0 
0.01 0.01 
0.01 0.01 258:1.0 
0.01 0.01 
0.01 0.01 
0.01 0.01 
0.01 0.01 
0.01 0.01 
0.01 0.01 
0.01 0.01 
0.01 0.01 
0.01 0.01 
0.01 0.01 
0.01 0.01 
0.01 0.01 
0.01 0.01 72:1.0 92:1.0 195:1.0 278:1.0 306:1.0 
0.01 0.01 
0.01 0.01 
0.01 0.01 
0.01 0.01 
0.01 0.01 
0.01 0.01 
0.01 0.01 
0.01 0.01 
0.01 0.01 
0.01 0.01 
0.01 0.01 
0.01 0.01 54:1.0 
0.01 0.01 3:1.0 
0.01 0.01 
0.01 0.01 
0.01 0.01 30:1.0 
0.01 0.01 
0.01 0.01 
0.01 0.01 
0.01 0.01 
0.01 0.01 
0.01 0.01 
0.01 0.01 
0.01 0.01 
0.01 0.01 67:1.0 147:1.0 
0.01 0.01 
0.01 0.01 
0.01 0.01 271:1.0 
0.01 0.01 47:1.0 
0.01 0.01 
0.01 0.01 142:1.0 
0.01 0.01 
0.01 0.01 
0.01 0.01 
0.01 0.01 
0.01 0.01 
0.01 0.01 
0.01 0.01 
0.01 0.01 
0.01 0.01 
0.01 0.01 
0.01 0.01 67:1.0 
0.01 0.01 
0.01 0.01 
0.01 0.01 
0.01 0.01 87:1.0 
0.01 0.01 
0.01 0.01 
0.01 0.01 102:1.0 
0.01 0.01 
0.01 0.01 147:1.0 211:1.0 298:1.0 
0.01 0.01 
0.01 0.01 
0.01 0.01 
0.01 0.01 
0.01 0.01 222:1.0 
0.01 0.01 
0.01 0.01 
0.01 0.01 
0.01 0.01 
0.01 0.01 3:1.0 
0.01 0.01 
0.01 0.01 
0.01 0.01 
0.01 0.01 
-0.003750000079857923 0.006249942870057558 5:1.0 63:1.0 
-0.003750482314369138 0.01 83:1.0 
-0.0037500000180276044 0.006874730464298735 184:1.0 259:1.0 
-0.004374730582822252 0.006250283897735456 52:1.0 
-0.0037501419701070756 0.0062502268489258725 50:1.0 274:1.0 
-0.01 0.01 99:1.0 
-0.003749857899801318 0.01 198:1.0 
-0.00374985821280937 0.006249914855799817 75:1.0 255:1.0 
-0.0037498579487486644 0.006249574615273564 215:1.0 
-0.0037500850817127444 0.006250851443864983 194:1.0 
-0.0037500000218918935 0.006874886615450968 136:1.0 183:1.0 
-0.0 0.007499432962039178 193:1.0 
-0.0037504823040618272 0.006249943435591411 233:1.0 
-0.0037506242323021542 0.006249886464112798 8:1.0 
-0.0037500284058711803 0.006250425605022404 68:1.0 140:1.0 
-0.0037504823600858113 0.006249971460160065 19:1.0 151:1.0 
-0.0037501136041622604 0.006250198606654673 210:1.0 289:1.0 
-0.0037501136711421326 0.006250198577018409 6:1.0 88:1.0 192:1.0 269:1.0 
-0.003750113608021124 0.0062506524127356935 61:1.0 139:1.0 234:1.0 
-0.0037501417891092747 0.006877880044570385 257:1.0 265:1.0 
-0.0037498579713027896 0.01 137:1.0 
-0.0037500850772130105 0.006250283853909367 62:1.0 
-0.004999773000345142 0.0 219:1.0 
-0.0037501417917025683 0.01 184:1.0 203:1.0 252:1.0 
-0.003749857971946053 0.00687412058309773 259:1.0 
-0.0037498864576572992 0.006249886484716301 38:1.0 73:1.0 
-0.0037500850759175468 0.008750510465824804 193:1.0 
-0.01 0.0 117:1.0 
-0.0037505674604851845 0.006249886467988093 226:1.0 
-0.01 0.0 168:1.0 
-0.003749971596695545 0.006250198403759169 20:1.0 122:1.0 273:1.0 280:1.0 
-0.0037499999768479046 0.01 2:1.0 
-0.0037498579861192827 0.01 267:1.0 
-0.0037500000077225057 0.006250879380836341 140:1.0 223:1.0 
-0.003749999943322202 0.01 16:1.0 
-0.003750113694329418 0.00625028380880587 64:1.0 103:1.0 130:1.0 189:1.0 282:1.0 297:1.0 
-0.01 0.01 87:1.0 
-0.0 0.006249886470553757 189:1.0 
-0.003749886391978547 0.01 196:1.0 
-0.0037499999690773717 0.006249999811903405 143:1.0 267:1.0 
-0.0037504823581581866 0.0062499428810104075 21:1.0 78:1.0 
-0.004374914990097114 0.0062502268643789185 27:1.0 50:1.0 182:1.0 299:1.0 304:1.0 
-0.003750000097895819 0.006250226811572907 150:1.0 218:1.0 
-0.0037496880255493753 0.01 73:1.0 
-0.0037498863765284057 0.006249602979924668 244:1.0 
-0.01 0.006249886474421663 125:1.0 
-0.01 0.006250284008488939 182:1.0 
-0.004375837050266086 0.006250652421756422 30:1.0 230:1.0 
-0.0037498863713673674 0.01 129:1.0 
-0.00375014196494855 0.006250198390877695 29:1.0 91:1.0 120:1.0 185:1.0 216:1.0 235:1.0 253:1.0 263:1.0 285:1.0 291:1.0 294:1.0 296:1.0 301:1.0 309:1.0 312:1.0 
-0.0037498012722538394 0.01 157:1.0 
-0.004999773211614489 0.0 144:1.0 
-0.01 0.01 143:1.0 
-0.0 0.01 164:1.0 
-0.0037500000721338153 0.006874517573569065 141:1.0 165:1.0 
-0.0037501137033488143 0.006250255320473843 15:1.0 34:1.0 175:1.0 
-0.0 0.006249375957077737 21:1.0 
-0.0037499999935500733 0.006250226815436095 5:1.0 101:1.0 
-0.003751134957390943 0.006249858225721689 107:1.0 
-0.0037498864705410428 0.006249914772079416 121:1.0 198:1.0 
-0.0 0.006249886475710077 133:1.0 
-0.0037504539941690907 0.01 28:1.0 
-0.0037498863842511726 0.006249602992815769 118:1.0 
-0.0037499432024264917 0.006249716274880474 111:1.0 269:1.0 
-0.0037500001210815587 0.006249914894447808 49:1.0 122:1.0 
-0.0037499149601535825 0.006249971454987043 94:1.0 116:1.0 
-0.003749999971655197 0.006249886489230095 73:1.0 149:1.0 228:1.0 284:1.0 
-0.003750113730394928 0.006249886379063903 67:1.0 114:1.0 
-0.01 0.006249886497615416 204:1.0 
-0.0037499146864217797 0.006872673113355544 199:1.0 
-0.0037498298262563087 0.01 20:1.0 129:1.0 
-0.003749999944611282 0.006872956870649979 214:1.0 
-0.01 0.006249829854599706 246:1.0 
-0.00375014183421998 0.006249858245036794 152:1.0 
-0.01 0.0 141:1.0 
-0.0 0.007499659858654195 179:1.0 
-0.004374900873787937 0.006250226846346565 51:1.0 65:1.0 199:1.0 
-0.003749801319276991 0.01 231:1.0 
-0.0037501417929859306 0.006250198399894649 38:1.0 49:1.0 73:1.0 236:1.0 
-0.01 0.006250226922340276 86:1.0 109:1.0 242:1.0 300:1.0 305:1.0 
-0.0 0.01 85:1.0 
-0.01 0.01 184:1.0 
-0.003750141782669636 0.006250680873990312 155:1.0 270:1.0 
-0.0037499433286663436 0.006249716274877865 140:1.0 269:1.0 
-0.0037501136788717273 0.006250198397962694 4:1.0 175:1.0 240:1.0 
-0.0043749008802287295 0.006250170391413503 66:1.0 106:1.0 157:1.0 
-0.01 0.006249829854606978 159:1.0 
-0.003750141795552322 0.006250652414672533 26:1.0 69:1.0 
-0.003749829824967062 0.006249772990024301 40:1.0 241:1.0 
-0.004999773361042625 0.0 90:1.0 
-0.0 0.01 255:1.0 
-0.01 0.01 260:1.0 
-0.00375031212839789 0.006874205730510631 117:1.0 
-0.0037501419630074917 0.0062501984140550994 29:1.0 91:1.0 120:1.0 131:1.0 167:1.0 185:1.0 216:1.0 235:1.0 253:1.0 285:1.0 291:1.0 294:1.0 301:1.0 309:1.0 312:1.0 
-0.0037501417929855976 0.0062501703708075975 138:1.0 227:1.0 232:1.0 
-0.0037496877260592815 0.01 21:1.0 
-0.0 0.01 
-0.0 0.01 
-0.0 0.01 
-0.003750113696905968 0.006250226618342727 179:1.0 227:1.0 243:1.0 
-0.004374914936318197 0.006250170217516506 127:1.0 172:1.0 238:1.0 
-0.0 0.006249602969605187 213:1.0 
-0.0037499999433290914 0.006249829952502948 238:1.0 
-0.01 0.006249631110120131 145:1.0 
-0.0 0.01 
-0.003749971705547633 0.006249886412574986 155:1.0 199:1.0 
-0.0 0.01 
-0.0 0.01 
-0.0 0.01 
-0.003749772900528321 0.01 255:1.0 
-0.0 0.01 
-0.0 0.01 
-0.0 0.01 
-0.0 0.01 
-0.0 0.01 
-0.0 0.01 
-0.0 0.01 
-0.0 0.01 
-0.0 0.01 
-0.0 0.01 269:1.0 
-0.0 0.01 
-0.0 0.01 
-0.003750000104334233 0.006249772755576977 143:1.0 215:1.0 
-0.003749716119053243 0.006249375966108014 75:1.0 
-0.003750000065685038 0.006875028417779421 138:1.0 184:1.0 
-0.0 0.01 
-0.003749914942107074 0.006249999640599159 59:1.0 73:1.0 
-0.003750113577110461 0.006250709167821325 95:1.0 173:1.0 250:1.0 
-0.0 0.01 
-0.0 0.01 
-0.01 0.006249829855898889 90:1.0 
-0.003749999948470829 0.01 133:1.0 
-0.0037499999510565386 0.006250283857780919 37:1.0 
-0.0 0.01 122:1.0 273:1.0 280:1.0 
-0.0 0.01 
-0.0 0.01 
-0.0 0.01 
-0.0 0.01 
-0.0043749290065624915 0.0062501985306482235 134:1.0 172:1.0 238:1.0 
-0.00374985797452227 0.00687399276858384 249:1.0 
-0.0 0.01 
-0.01 0.01 139:1.0 
-0.003750056676485907 0.006249858252763169 161:1.0 
-0.0 0.01 
-0.004999773242529537 0.0 126:1.0 
-0.0 0.01 
-0.0037501136531091685 0.00625022691590015 46:1.0 64:1.0 104:1.0 166:1.0 182:1.0 225:1.0 261:1.0 283:1.0 290:1.0 292:1.0 
-0.003749801279983101 0.0062496029412764595 102:1.0 
-0.0 0.01 
-0.003749829835915681 0.006249744629253873 108:1.0 269:1.0 
-0.01 0.006249829857175091 271:1.0 
-0.0 0.01 
-0.0 0.01 
-0.0 0.01 
-0.0 0.01 
-0.0 0.01 
-0.0 0.01 
-0.0037499999768085763 0.00625121996595094 51:1.0 68:1.0 
-0.0037501136956177208 0.00625028380623093 18:1.0 67:1.0 123:1.0 
-0.0 0.01 
-0.0 0.01 
-0.0 0.01 
-0.0 0.01 
-0.0 0.01 
-0.0037500000128777586 0.006876972155448392 249:1.0 265:1.0 
-0.0037501136376509783 0.00625017029866958 11:1.0 152:1.0 161:1.0 170:1.0 
-0.003750595870217494 0.006250652426255157 25:1.0 197:1.0 
-0.0 0.01 
-0.0 0.01 
-0.0 0.01 
-0.01 0.01 
-0.0 0.01 269:1.0 
-0.01 0.01 
-0.01 0.01 
-0.01 0.01 
-0.01 0.01 
-0.01 0.01 
-0.01 0.01 
-0.01 0.01 
-0.01 0.01 
-0.008750312071705055 0.006249829858470277 219:1.0 
-0.01 0.01 
-0.01 0.01 
-0.0037501136569734663 0.006250198428236145 29:1.0 91:1.0 120:1.0 131:1.0 167:1.0 185:1.0 216:1.0 253:1.0 263:1.0 285:1.0 294:1.0 296:1.0 312:1.0 
-0.0037499999536287354 0.01 254:1.0 
-0.01 0.01 
-0.01 0.01 
-0.01 0.01 
-0.003750000065052334 0.006250397362724842 106:1.0 111:1.0 
-0.0037500001197894256 0.006250340566454237 41:1.0 148:1.0 
-0.01 0.01 
-0.01 0.01 
-0.01 0.01 
-0.01 0.01 
-0.01 0.01 
-0.01 0.01 
-0.003749886425473432 0.00687383682644699 212:1.0 
-0.01 0.01 
-0.01 0.01 
-0.0 0.006249829935765004 200:1.0 
-0.01 0.01 
-0.003749971705543683 0.006874389924875864 68:1.0 212:1.0 
-0.01 0.01 
-0.004373155533549898 0.006249829937053251 252:1.0 
-0.01 0.01 
-0.0037501701949867287 0.006249829964097208 134:1.0 
-0.01 0.01 
-0.01 0.01 
-0.0 0.006248496243290553 59:1.0 
-0.003749886373941031 0.0 40:1.0 
-0.01 0.01 
-0.0037500000309114443 0.006250425766025343 111:1.0 201:1.0 
-0.0037500283659337936 0.006250879492242219 58:1.0 116:1.0 
-0.01 0.01 
-0.01 0.01 
-0.003750113641515942 0.006250198578311319 67:1.0 75:1.0 91:1.0 265:1.0 
-0.01 0.01 
-0.01 0.01 
-0.01 0.01 
-0.01 0.01 
-0.0037498863842481195 0.006249602977344694 57:1.0 
-0.01 0.01 
-0.0037498863932651227 0.01 213:1.0 
-0.01 0.01 
-0.01 0.01 
-0.0037499999549172602 0.01 200:1.0 
-0.0 0.01 55:1.0 135:1.0 181:1.0 187:1.0 277:1.0 288:1.0 303:1.0 
-0.01 0.01 
-0.01 0.01 
-0.01 0.01 
-0.01 0.01 
-0.004374631197367885 0.006249829964096042 173:1.0 
-0.01 0.01 
-0.01 0.01 
-0.0 0.00624982993705636 276:1.0 
-0.01 0.01 
-0.01 0.01 
-0.003750453981929437 0.01 99:1.0 
-0.01 0.01 
-0.01 0.01 
-0.01 0.01 
-0.01 0.01 
-0.01 0.01 
-0.01 0.01 
-0.01 0.01 
-0.0037498299370332224 0.006250113515259766 146:1.0 168:1.0 
-0.003750141795552433 0.006250170333466406 11:1.0 180:1.0 
-0.01 0.01 
-0.01 0.01 
-0.0037501137084965004 0.00625065243270039 66:1.0 110:1.0 
-0.0037498295486753158 0.01 51:1.0 
-0.0037499999549178153 0.01 80:1.0 
-0.01 0.01 
-0.01 0.01 
-0.01 0.01 176:1.0 
-0.01 0.01 
-0.01 0.01 
-0.01 0.01 
-0.01 0.01 
-0.01 0.01 
-0.003750056672621443 0.006250283905467265 247:1.0 
-0.0037498579049497554 0.0068746597903876425 33:1.0 
-0.01 0.01 
-0.01 0.01 
-0.01 0.01 
-0.01 0.01 
-0.01 0.006874177187469531 67:1.0 
-0.003749999971655823 0.0062499715168298775 7:1.0 119:1.0 270:1.0 310:1.0 
-0.01 0.01 
-0.01 0.01 
-0.0037498579654959346 0.01 165:1.0 
-0.01 0.01 
-0.01 0.01 
-0.004374631203811617 0.006874120576018759 234:1.0 
-0.0037500283794644146 0.0062499150142389355 21:1.0 119:1.0 
-0.01 0.01 
-0.01 0.01 
-0.01 0.006249546195870234 143:1.0 
-0.01 0.01 
-0.0037499999626466616 0.006249886525933608 38:1.0 73:1.0 227:1.0 
-0.004374574467097328 0.0068749292384308915 85:1.0 117:1.0 
-0.01 0.01 
-0.01 0.01 102:1.0 
-0.01 0.01 
-0.01 0.01 
-0.01 0.01 
-0.01 0.01 
-0.003750595857343716 0.00687400669106147 115:1.0 
-0.01 0.01 
-0.01 0.01 
-0.01 0.006250510718340982 141:1.0 
-0.0037501135223621997 0.006250170360502341 127:1.0 215:1.0 232:1.0 
-0.01 0.01 
-0.01 0.01 
-0.01 0.01 
-0.01 0.01 
-0.01 0.01 
-0.0037499999562061737 0.006250851090290262 268:1.0 
-0.01 0.01 
-0.01 0.01 
-0.01 0.01 
-0.01 0.01 
-0.0037500000463724864 0.006249687910260362 207:1.0 272:1.0 
-0.01 0.01 
-0.01 0.01 
-0.0037498863945567185 0.01 93:1.0 
-0.01 0.01 
-0.01 0.01 
-0.01 0.01 
-0.01 0.01 
-0.01 0.006249602924517673 207:1.0 
-0.01 0.01 
-0.01 0.01 
-0.01 0.01 
-0.0037499999574943654 0.006250283855208544 164:1.0 
-0.0037498298223931767 0.006249971378346676 31:1.0 244:1.0 
-0.01 0.01 
-0.01 0.01 
-0.01 0.01 
-0.01 0.01 
-0.01 0.01 
-0.0037492905893691014 0.01 59:1.0 
-0.01 0.01 
-0.01 0.01 
-0.01 0.01 
-0.01 0.01 
-0.01 0.01 
-0.01 0.01 
-0.01 0.01 
-0.00375000010691317 0.006875000046993849 17:1.0 220:1.0 
-0.01 0.01 
-0.01 0.01 
-0.0037499999587826682 0.0062498299409178264 100:1.0 
-0.00374999994205561 0.006249829909999876 172:1.0 
-0.01 0.01 
-0.01 0.01 
-0.01 0.01 
-0.0037499999600709155 0.01 276:1.0 
-0.01 0.01 
-0.004374744697840961 0.006249858045374461 95:1.0 
-0.01 0.01 178:1.0 
-0.01 0.01 
-0.0037501703328179283 0.0062501985615568325 4:1.0 52:1.0 255:1.0 
-0.01 0.01 
-0.01 0.01 
-0.0037494891998996385 0.006249319232924118 269:1.0 
-0.01 0.01 
-0.01 0.01 
-0.01 0.01 
-0.01 0.01 
-0.0037504823703914565 0.006876177588391687 56:1.0 157:1.0 
-0.01 0.01 
-0.00374977291275826 0.006249375958383415 91:1.0 
-0.01 0.01 
-0.01 0.01 
-0.003750113660837764 0.00625019842693785 55:1.0 135:1.0 181:1.0 187:1.0 277:1.0 288:1.0 303:1.0 
-0.01 0.01 
-0.01 0.01 
-0.003750113631211185 0.006250311816655021 76:1.0 112:1.0 311:1.0 
-0.01 0.01 
-0.003749999961359274 0.006249858166452106 188:1.0 
-0.01 0.01 
-0.01 0.01 
-0.01 0.01 
-0.0 0.01 39:1.0 
-0.01 0.01 
-0.01 0.01 
-0.01 0.01 
-0.01 0.01 
-0.01 0.01 
-0.01 0.01 
-0.01 0.01 
-0.003750113681448444 0.006250226848919007 9:1.0 42:1.0 78:1.0 
-0.01 0.01 
-0.01 0.01 
-0.01 0.01 
-0.01 0.01 
-0.01 0.01 
-0.0037501136453800734 0.006250312008555683 107:1.0 114:1.0 180:1.0 231:1.0 
-0.01 0.01 
-0.01 0.01 
-0.01 0.01 
-0.0037501136234866974 0.006250311818590251 36:1.0 169:1.0 250:1.0 293:1.0 
-0.003750113588702127 0.006250680913922814 41:1.0 236:1.0 
-0.0037500566674696194 0.01 170:1.0 
-0.01 0.01 
-0.004374900877975254 0.00625019836446771 59:1.0 143:1.0 272:1.0 
-0.01 0.01 
-0.01 0.01 
-0.0037505390668546267 0.006249886500185188 105:1.0 
-0.0 0.01 162:1.0 
-0.0037499999600751404 0.006249858201251796 250:1.0 
-0.01 0.01 
-0.003749829942186045 0.006249942882943972 162:1.0 168:1.0 
-0.008750226709819888 0.006249858178046221 126:1.0 
-0.01 0.01 
-0.01 0.01 
-0.003749999967798307 0.006249971539364653 1:1.0 51:1.0 98:1.0 
-0.0037505107112170725 0.006250851094803263 176:1.0 
-0.003750113627355769 0.0062501984217912445 35:1.0 46:1.0 88:1.0 186:1.0 286:1.0 
-0.00437474465887424 0.01 156:1.0 
-0.01 0.01 
-0.01 0.01 
-0.003749999962647632 0.006249858181902253 262:1.0 
-0.01 0.01 
-0.004999773294056542 0.0 132:1.0 
-0.0037501418387089758 0.0062502268141325125 50:1.0 182:1.0 304:1.0 
-0.003750028368514396 0.006249999719182354 59:1.0 155:1.0 
-0.01 0.01 
-0.01 0.01 244:1.0 
-0.0037499999896963695 0.006874957466525417 17:1.0 275:1.0 
-0.003749829772166413 0.01 162:1.0 
-0.01 0.01 
-0.003750056653300398 0.01 35:1.0 
-0.01 0.01 
-0.003749999996151104 0.01 189:1.0 
-0.01 0.01 
-0.01 0.01 
-0.01 0.01 
-0.0037498864306237567 0.0062496029760601484 241:1.0 
-0.004375837028366326 0.006876177520124681 48:1.0 264:1.0 
-0.01 0.01 
-0.01 0.01 
-0.01 0.01 
-0.0037499999652240157 0.006250283853916744 248:1.0 
-0.01 0.01 
-0.01 0.01 
-0.01 0.01 
-0.01 0.01 
-0.01 0.01 
-0.01 0.01 
-0.004373325814220277 0.006250226808980899 29:1.0 91:1.0 120:1.0 185:1.0 216:1.0 235:1.0 253:1.0 285:1.0 291:1.0 294:1.0 301:1.0 309:1.0 312:1.0 
-0.01 0.01 
-0.01 0.01 
-0.01 0.01 
-0.01 0.01 
-0.01 0.01 
-0.003749886390691743 0.006875113753611075 108:1.0 
-0.01 0.01 
-0.003749857987397082 0.006874205764021047 275:1.0 
-0.003749858210877027 0.006249914882846071 91:1.0 93:1.0 
-0.003749829553812256 0.006249602982477477 122:1.0 
-0.01 0.01 
-0.01 0.0062498865014741015 142:1.0 
-0.01 0.01 
-0.003749517502714461 0.006249006937718577 111:1.0 
-0.01 0.01 
-0.0037501136492447042 0.006250226860513122 88:1.0 123:1.0 141:1.0 274:1.0 
-0.01 0.01 
-0.01 0.01 
-0.01 0.01 
-0.0037501136647021174 0.006250198417291677 44:1.0 100:1.0 124:1.0 295:1.0 308:1.0 
-0.01 0.01 231:1.0 
-0.01 0.01 
-0.01 0.01 
-0.008750226628667965 0.01 90:1.0 
-0.01 0.01 
-0.01 0.01 
-0.01 0.01 
-0.01 0.01 
-0.01 0.01 
-0.01 0.01 
-0.01 0.01 
-0.01 0.01 
-0.01 0.01 
-0.01 0.01 
-0.0037498297193751004 0.006249602979913122 272:1.0 
-0.003750000124954341 0.006249687876111741 33:1.0 145:1.0 
-0.003749999961350391 0.006249971558037894 149:1.0 228:1.0 284:1.0 
-0.01 0.006249602972193069 40:1.0 
-0.01 0.01 
-0.0037498298107982294 0.0062499149227722055 196:1.0 213:1.0 
-0.0037499999652247373 0.006249886502767517 237:1.0 
-0.0037499430890840573 0.006249659611343389 42:1.0 
-0.01 0.01 
-0.01 0.01 
-0.01 0.01 
-0.01 0.01 
-0.003750482344625567 0.0062499149176229556 45:1.0 102:1.0 
-0.01 0.01 
-0.01 0.01 
-0.0037498864241736767 0.006249858382875313 20:1.0 
-0.0037499999665127626 0.006249858183198821 81:1.0 
-0.003750113611889863 0.006250198405696452 36:1.0 169:1.0 173:1.0 202:1.0 293:1.0 
-0.0037501135101283708 0.0062493474932519 168:1.0 
-0.01 0.01 
-0.00374954587446737 0.00687362386421537 140:1.0 
-0.0037499999703734313 0.0062499998402354975 5:1.0 121:1.0 198:1.0 
-0.01 0.01 
-0.0037497444083441534 0.006249319155659564 148:1.0 
-0.01 0.01 
-0.01 0.01 231:1.0 
-0.01 0.01 
-0.01 0.01 
-0.01 0.01 
-0.01 0.01 
-0.0037500283826786213 0.006250680681438961 218:1.0 221:1.0 
-0.01 0.01 
-0.01 0.01 
-0.0037498295576757212 0.006250085155780367 138:1.0 
-0.01 0.01 
-0.0037498582044294066 0.006249772720157117 59:1.0 118:1.0 
-0.01 0.01 
-0.003750028316347336 0.006249858456929333 192:1.0 
-0.01 0.01 
-0.01 0.01 
-0.0037498013740136565 0.006874205671894334 183:1.0 
-0.01 0.01 
-0.01 0.01 
-0.01 0.01 
-0.01 0.01 
-0.003749999967801121 0.006875879757970763 14:1.0 
-0.01 0.01 
-0.01 0.01 
-0.003749999960079526 0.00624982993060989 123:1.0 
-0.003749886589058467 0.006249744341333653 57:1.0 116:1.0 
-0.004374801471589794 0.006249943217235376 119:1.0 143:1.0 
-0.01 0.01 
-0.01 0.01 
-0.003749999971654744 0.006249914770130696 7:1.0 119:1.0 310:1.0 
-0.01 0.01 
-0.01 0.01 
-0.01 0.01 
-0.01 0.01 
-0.0037499149388908687 0.006249772718222886 42:1.0 59:1.0 
-0.01 0.01 
-0.01 0.01 
-0.003749999969089368 0.0062498581870656725 128:1.0 
-0.01 0.01 
-0.01 0.01 
-0.01 0.01 
-0.0037498012851324702 0.0 151:1.0 
-0.00437474466596235 0.006873850991064997 149:1.0 
-0.01 0.01 
-0.01 0.01 
-0.01 0.01 
-0.01 0.01 
-0.01 0.01 
-0.01 0.01 
-0.01 0.01 
-0.01 0.01 
-0.01 0.01 
-0.01 0.01 
-0.01 0.01 
-0.01 0.01 
-0.0037500283917014593 0.006251418825109462 59:1.0 232:1.0 
-0.01 0.01 
-0.01 0.01 
-0.003749801310897594 0.01 101:1.0 
-0.01 0.01 
-0.01 0.01 
-0.003749886402278863 0.01 94:1.0 
-0.01 0.01 
-0.01 0.006249886373935586 77:1.0 
-0.01 0.01 
-0.00374968774797026 0.01 218:1.0 
-0.01 0.01 
-0.0037499999446233894 0.006249829911288123 127:1.0 
-0.01 0.01 
-0.01 0.01 
-0.01 0.01 
-0.0037498578985111835 0.006250170329628519 220:1.0 
-0.01 0.01 
-0.0037498863778114904 0.01 31:1.0 
-0.003750482335610445 0.006251220128285191 208:1.0 231:1.0 
-0.01 0.01 
-0.01 0.01 
-0.01 0.01 
-0.01 0.01 
-0.01 0.01 
-0.01 0.01 
-0.01 0.01 
-0.0 0.01 190:1.0 
-0.0037498578997973214 0.006249602974772173 63:1.0 
-0.01 0.01 
-0.01 0.01 
-0.01 0.01 
-0.01 0.01 
-0.003750028376880473 0.006250226846349612 65:1.0 137:1.0 
-0.01 0.01 
-0.01 0.01 
-0.01 0.01 
-0.01 0.0 151:1.0 
-0.01 0.01 
-0.01 0.01 
-0.01 0.01 
-0.008750226669879449 0.006249886451225407 132:1.0 
-0.0037496308730948624 0.006249007176053338 116:1.0 
-0.01 0.01 
-0.01 0.01 
-0.004374730589586119 0.01 34:1.0 
-0.003750000021893898 0.01 122:1.0 273:1.0 280:1.0 
-0.0037499433215750283 0.006249999799019885 255:1.0 269:1.0 
-0.01 0.01 
-0.01 0.01 
-0.003749999970377782 0.006249886456384947 190:1.0 
-0.01 0.01 
-0.0037505106880339444 0.0062498864576797505 239:1.0 
-0.01 0.01 
-0.004374730582820975 0.008750170062943657 179:1.0 
-0.0037500284329148167 0.006249942932552178 75:1.0 114:1.0 
-0.0037498582933318037 0.01 85:1.0 
-0.01 0.01 
-0.0037498582102338104 0.006249744335541786 91:1.0 148:1.0 
-0.0037499999742419687 0.006249886462832351 39:1.0 
-0.01 0.01 
-0.01 0.01 
-0.01 0.01 
-0.01 0.01 
-0.01 0.01 205:1.0 
-0.0037501136350758715 0.006250198412777233 29:1.0 120:1.0 131:1.0 167:1.0 185:1.0 263:1.0 296:1.0 312:1.0 
-0.003749999972954887 0.006250283899010498 82:1.0 
-0.003749829751554623 0.006874163231851592 146:1.0 
-0.003750141800714637 0.006250226863089006 35:1.0 111:1.0 186:1.0 286:1.0 
-0.0037501136080340027 0.00625022662993834 77:1.0 155:1.0 156:1.0 247:1.0 
-0.01 0.01 
-0.008750226731717428 0.00624988646412454 144:1.0 
-0.01 0.01 
-0.01 0.006249602974777563 151:1.0 
-0.01 0.01 
-0.01 0.01 
-0.0037501136750076516 0.006250198410206844 46:1.0 103:1.0 130:1.0 297:1.0 
-0.01 0.01 
-0.004374929020734211 0.0062502266151269106 49:1.0 75:1.0 156:1.0 
-0.0037499999677906033 0.006249886507276449 1:1.0 98:1.0 
-0.01 0.01 
-0.01 0.01 
-0.0037522137071728176 0.006880136817381595 
-0.00437480149477786 0.006250170373380595 71:1.0 197:1.0 270:1.0 
-0.0 -0.01 
-0.0 -0.01 
-0.0 -0.01 
-0.0 -0.01 
-0.006875085065621187 -0.01 23:1.0 
-0.0 -0.01 
-0.0 -0.01 
-0.0 -0.01 85:1.0 
-0.01 -0.01 18:1.0 
-0.0 -0.01 
-0.0 -0.01 
-0.0 -0.01 
-0.0 -0.01 
-0.0 -0.01 
-0.0 -0.01 
-0.0 -0.01 
-0.01 -0.01 56:1.0 
-0.0 -0.01 
-0.01 -0.01 205:1.0 
-0.0 -0.01 
-0.0 -0.01 
-0.0 -0.01 
-0.007499375511454335 -0.01 129:1.0 
-0.0 -0.01 265:1.0 
-0.01 -0.01 24:1.0 
-0.0 -0.01 
-0.0 -0.01 51:1.0 
-0.0 -0.01 
-0.0 -0.01 
-0.0 -0.01 43:1.0 158:1.0 160:1.0 281:1.0 302:1.0 
-0.0 -0.01 
-0.0 -0.01 
-0.0 -0.01 
-0.0 -0.01 
-0.0 -0.01 
-0.01 -0.01 139:1.0 
-0.0 -0.01 
-0.0 -0.01 
-0.0 -0.01 
-0.0 -0.01 
-0.0 -0.01 
-0.007499773095676855 -0.01 276:1.0 
-0.00750051071571587 -0.01 82:1.0 143:1.0 
-0.0 -0.01 
-0.0 -0.01 203:1.0 
-0.0 -0.01 223:1.0 
-0.0 -0.01 
-0.0 -0.01 
-0.0 -0.01 
-0.0 -0.01 217:1.0 
-0.0 -0.01 
-0.01 -0.01 102:1.0 
-0.0 -0.01 
-0.0 -0.01 
-0.01 -0.01 25:1.0 
-0.0 -0.01 
-0.00750051078012879 -0.01 115:1.0 258:1.0 
-0.0 -0.01 
-0.0 -0.01 
-0.0 -0.01 
-0.0 -0.01 
-0.0 -0.01 232:1.0 
-0.01 -0.01 
-0.006875368777820558 -0.01 52:1.0 229:1.0 
-0.01 -0.01 
-0.01 -0.01 
-0.01 -0.01 
-0.006874744691078986 -0.01 154:1.0 265:1.0 
-0.01 -0.01 
-0.01 -0.01 
-0.01 -0.01 
-0.01 -0.01 
-0.006875028311830928 -0.01 61:1.0 139:1.0 
-0.01 -0.01 
-0.01 -0.01 
-0.01 -0.01 
-0.007499773098254404 -0.01 267:1.0 
-0.01 -0.01 
-0.01 -0.01 
-0.01 -0.01 
-0.0 -0.01 16:1.0 
-0.006875014133046948 -0.01 154:1.0 248:1.0 
-0.0 -0.01 53:1.0 194:1.0 
-0.0 -0.01 257:1.0 
-0.01 -0.01 
-0.01 -0.01 
-0.01 -0.01 
-0.01 -0.01 
-0.0 -0.01 255:1.0 
-0.007499773103402187 -0.01 200:1.0 
-0.01 -0.01 
-0.01 -0.01 
-0.01 -0.01 
-0.0 -0.01 162:1.0 
-0.01 -0.01 
-0.007500510728592903 -0.01 14:1.0 15:1.0 
-0.007499773108554399 -0.01 34:1.0 
-0.006874687958551199 -0.01 80:1.0 196:1.0 
-0.007499773111130394 -0.01 166:1.0 
-0.01 -0.01 
-0.01 -0.01 
-0.007499773041574504 -0.01 201:1.0 
-0.006875354603545205 -0.01 26:1.0 73:1.0 149:1.0 
-0.01 -0.01 
-0.007499773113706389 -0.01 190:1.0 
-0.01 -0.01 
-0.01 -0.01 
-0.007499773116282384 -0.01 68:1.0 
-0.01 -0.01 
-0.01 -0.01 
-0.01 -0.01 
-0.01 -0.01 
-0.01 -0.01 
-0.007499773121439913 -0.01 31:1.0 
-0.006875397141836206 -0.01 73:1.0 146:1.0 168:1.0 
-0.01 -0.01 
-0.01 -0.01 
-0.01 -0.01 
-0.01 -0.01 
-0.006875028313115956 -0.01 65:1.0 157:1.0 
-0.006874446613951509 -0.01 184:1.0 
-0.0074997731343163475 -0.01 255:1.0 
-0.006874787146601258 -0.01 110:1.0 265:1.0 
-0.007499773144621882 -0.01 39:1.0 
-0.01 -0.01 
-0.0075007377346983165 -0.01 141:1.0 274:1.0 
-0.01 -0.01 
-0.01 -0.01 
-0.01 -0.01 
-0.01 -0.01 
-0.01 -0.01 
-0.01 -0.01 
-0.01 -0.01 99:1.0 
-0.01 -0.01 
-0.01 -0.01 
-0.01 -0.01 
-0.01 -0.01 
-0.01 -0.01 
-0.0074997731240144475 -0.01 162:1.0 
-0.01 -0.01 
-0.01 -0.01 
-0.01 -0.01 
-0.01 -0.01 
-0.006875340447308245 -0.01 35:1.0 186:1.0 258:1.0 286:1.0 
-0.01 -0.01 
-0.01 -0.01 
-0.01 -0.01 260:1.0 
-0.01 -0.01 
-0.01 -0.01 
-0.007499773067337357 -0.01 35:1.0 
-0.01 -0.01 
-0.0 -0.01 32:1.0 113:1.0 174:1.0 251:1.0 279:1.0 287:1.0 313:1.0 
-0.006875028349829477 -0.01 121:1.0 184:1.0 
-0.01 -0.01 
-0.007499773077642682 -0.01 69:1.0 
-0.0 -0.01 163:1.0 
-0.01 -0.01 
-0.007499773149774094 -0.01 179:1.0 
-0.01 -0.01 
-0.01 -0.01 
-0.01 -0.01 
-0.01 -0.01 
-0.01 -0.01 
-0.01 -0.01 
-0.006875056659100665 -0.01 198:1.0 
-0.0074994326219621 -0.01 164:1.0 
-0.01 -0.01 
-0.007499773082795215 -0.01 202:1.0 
-0.01 -0.01 
-0.01 -0.01 
-0.0075005107131398754 -0.01 45:1.0 197:1.0 
-0.007500510710563825 -0.01 26:1.0 243:1.0 
-0.01 -0.01 
-0.01 -0.01 
-0.0 -0.01 27:1.0 182:1.0 299:1.0 
-0.006875070830799643 -0.01 137:1.0 
-0.0 -0.01 231:1.0 
-0.01 -0.01 
-0.01 -0.01 
-0.006875070831439631 -0.01 245:1.0 
-0.01 -0.01 
-0.006875368799072 -0.01 14:1.0 247:1.0 
-0.01 -0.01 
-0.00687507083015588 -0.01 257:1.0 
-0.01 -0.01 171:1.0 
-0.0 -0.01 58:1.0 
-0.006875014155589194 -0.01 106:1.0 177:1.0 
-0.01 -0.01 
-0.0 -0.01 231:1.0 
-0.01 -0.01 
-0.01 -0.01 178:1.0 
-0.01 -0.01 
-0.01 -0.01 
-0.01 -0.01 
-0.0 -0.01 232:1.0 
-0.0 -0.01 2:1.0 
-0.01 -0.01 
-0.01 -0.01 
-0.0 -0.01 222:1.0 
-0.01 -0.01 
-0.01 -0.01 
-0.01 -0.01 
-0.0 -0.01 122:1.0 273:1.0 280:1.0 
-0.006875425655262826 -0.01 162:1.0 171:1.0 259:1.0 264:1.0 
-0.0 -0.01 85:1.0 
-0.01 -0.01 
-0.01 -0.01 
-0.006875070830151939 -0.01 59:1.0 
-0.01 -0.01 
-0.006875368836429728 -0.01 98:1.0 176:1.0 
-0.01 -0.01 
-0.01 -0.01 
-0.0 -0.01 157:1.0 
-0.01 -0.01 
-0.01 -0.01 
-0.01 -0.01 153:1.0 
-0.01 -0.01 
-0.01 -0.01 147:1.0 211:1.0 298:1.0 
-0.007499035261791718 -0.01 154:1.0 
-0.006875354620934783 -0.01 16:1.0 202:1.0 269:1.0 270:1.0 
-0.01 -0.01 224:1.0 
-0.01 -0.01 
-0.01 -0.01 
-0.006875368830633254 -0.01 53:1.0 194:1.0 
-0.01 -0.01 
-0.01 -0.01 
-0.01 -0.01 
-0.01 -0.01 
-0.01 -0.01 
-0.01 -0.01 
-0.01 -0.01 
-0.01 -0.01 
-0.01 -0.01 
-0.01 -0.01 70:1.0 
-0.007499432611654845 -0.01 10:1.0 
-0.01 -0.01 
-0.01 -0.01 
-0.006875085066266726 -0.01 189:1.0 
-0.01 -0.01 
-0.01 -0.01 
-0.01 -0.01 
-0.01 -0.01 
-0.0068747161699133875 -0.01 164:1.0 221:1.0 
-0.006875382911213178 -0.01 97:1.0 108:1.0 
-0.01 -0.01 
-0.01 -0.01 
-0.01 -0.01 
-0.01 -0.01 
-0.01 -0.01 
-0.01 -0.01 
-0.01 -0.01 
-0.01 -0.01 
-0.007499546044500027 -0.01 196:1.0 
-0.006875368761074927 -0.01 150:1.0 162:1.0 270:1.0 
-0.01 -0.01 
-0.01 -0.01 
-0.01 -0.01 
-0.01 -0.01 
-0.01 -0.01 
-0.006875354599035146 -0.01 56:1.0 73:1.0 177:1.0 
-0.0 -0.01 265:1.0 
-0.01 -0.01 176:1.0 
-0.01 -0.01 
-0.01 -0.01 184:1.0 
-0.01 -0.01 
-0.01 -0.01 
-0.01 -0.01 
-0.0068752979296341585 -0.01 84:1.0 201:1.0 208:1.0 
-0.01 -0.01 
-0.007499773085371999 -0.01 16:1.0 
-0.01 -0.01 
-0.0068750708269361225 -0.01 165:1.0 
-0.006875042548577548 -0.01 203:1.0 220:1.0 
-0.01 -0.01 
-0.007500227025419257 -0.01 9:1.0 
-0.01 -0.01 
-0.01 -0.01 
-0.01 -0.01 
-0.01 -0.01 
-0.01 -0.01 
-0.01 -0.01 
-0.01 -0.01 
-0.01 -0.01 
-0.007499546036771265 -0.01 71:1.0 
-0.01 -0.01 
-0.01 -0.01 229:1.0 
-0.0 -0.01 43:1.0 158:1.0 160:1.0 281:1.0 302:1.0 
-0.01 -0.01 
-0.006875099139761795 -0.01 58:1.0 
-0.01 -0.01 
-0.0 -0.01 206:1.0 
-0.01 -0.01 
-0.006875014136910635 -0.01 249:1.0 269:1.0 
-0.01 -0.01 
-0.01 -0.01 
-0.01 -0.01 
-0.0068753404704927955 -0.01 13:1.0 84:1.0 
-0.01 -0.01 
-0.01 -0.01 
-0.006875056662966958 -0.01 21:1.0 
-0.006875340447951897 -0.01 43:1.0 158:1.0 160:1.0 281:1.0 302:1.0 
-0.01 -0.01 
-0.006875368830633032 -0.01 18:1.0 62:1.0 
-0.0 -0.01 269:1.0 
-0.01 -0.01 
-0.01 -0.01 
-0.01 -0.01 
-0.01 -0.01 
-0.01 -0.01 
-0.01 -0.01 
-0.01 -0.01 97:1.0 
-0.01 -0.01 
-0.01 -0.01 
-0.01 -0.01 
-0.0 -0.01 265:1.0 
-0.01 -0.01 191:1.0 
-0.01 -0.01 244:1.0 
-0.006875056662322862 -0.01 85:1.0 
-0.01 -0.01 
-0.0068753971289482255 -0.01 176:1.0 236:1.0 
-0.006875340474998317 -0.01 32:1.0 113:1.0 149:1.0 228:1.0 284:1.0 313:1.0 
-0.007499262284629271 -0.01 106:1.0 
-0.007499489264956541 -0.01 17:1.0 
-0.01 -0.01 
-0.01 -0.01 
-0.01 -0.01 
-0.01 -0.01 
-0.01 -0.01 
-0.007499489277837515 -0.01 232:1.0 
-0.006874687958550589 -0.01 10:1.0 71:1.0 
-0.006875014130478392 -0.01 20:1.0 129:1.0 
-0.01 -0.01 
-0.0074996027390205194 -0.01 88:1.0 
-0.007499773005497996 -0.01 79:1.0 
-0.01 -0.01 
-0.01 -0.01 
-0.01 -0.01 
-0.006874404029292484 -0.01 203:1.0 
-0.01 -0.01 
-0.006875354591951868 -0.01 184:1.0 203:1.0 252:1.0 
-0.007499773005498218 -0.01 170:1.0 
-0.01 -0.01 
-0.01 -0.01 
-0.01 -0.01 
-0.007499773005497996 -0.01 101:1.0 
-0.01 -0.01 
-0.01 -0.01 
-0.01 -0.01 
-0.01 -0.01 
-0.01 -0.01 
-0.01 -0.01 
-0.01 -0.01 
-0.007499773041573723 -0.01 156:1.0 
-0.00749977306991443 -0.01 93:1.0 
-0.007499773072490647 -0.01 223:1.0 
-0.006875425678449279 -0.01 27:1.0 182:1.0 299:1.0 
-0.007499773075066864 -0.01 41:1.0 
-0.01 -0.01 
-0.01 -0.01 
-0.007499773080219631 -0.01 224:1.0 
-0.01 -0.01 258:1.0 
-0.00687535462093263 -0.01 122:1.0 273:1.0 280:1.0 
-0.007499262264015816 -0.01 206:1.0 
-0.01 -0.01 
-0.01 -0.01 
-0.01 -0.01 
-0.01 -0.01 
-0.01 -0.01 
-0.01 -0.01 
-0.01 -0.01 231:1.0 
-0.00687535472527955 -0.01 191:1.0 204:1.0 266:1.0 
-0.01 -0.01 
-0.01 -0.01 47:1.0 
-0.0 -0.01 6:1.0 
-0.006875397094165937 -0.01 14:1.0 70:1.0 
-0.006875354614495724 -0.01 4:1.0 26:1.0 37:1.0 149:1.0 
-0.01 -0.01 
-0.007500510697682851 -0.01 108:1.0 191:1.0 
-0.00750022700738485 -0.01 99:1.0 
-0.01 -0.01 
-0.00687504248996998 -0.01 37:1.0 184:1.0 
-0.01 -0.01 
-0.01 -0.01 
-0.01 -0.01 
-0.007499262220216352 -0.01 209:1.0 
-0.01 -0.01 
-0.007499546054804784 -0.01 80:1.0 
-0.01 -0.01 
-0.01 -0.01 
-0.01 -0.01 
-0.0075005107079881075 -0.01 182:1.0 268:1.0 
-0.01 -0.01 
-0.01 -0.01 
-0.01 -0.01 
-0.01 -0.01 
-0.01 -0.01 
-0.01 -0.01 
-0.01 -0.01 
-0.01 -0.01 
-0.01 -0.01 
-0.01 -0.01 
-0.01 -0.01 
-0.01 -0.01 
-0.007500510736329326 -0.01 103:1.0 138:1.0 
-0.01 -0.01 
-0.007499545982665767 -0.01 110:1.0 
-0.0 -0.01 265:1.0 
-0.007500624260634282 -0.01 74:1.0 203:1.0 
-0.01 -0.01 
-0.007499773093100716 -0.01 213:1.0 
-0.006875340485949502 -0.01 95:1.0 173:1.0 212:1.0 250:1.0 
-0.01 -0.01 
-0.01 -0.01 
-0.01 -0.01 
-0.01 -0.01 
-0.006875482447685192 -0.01 12:1.0 206:1.0 
-0.01 -0.01 
-0.01 -0.01 
-0.0 -0.01 48:1.0 
-0.0075002270048079665 -0.01 28:1.0 
-0.01 -0.01 
-0.01 -0.01 
-0.01 -0.01 
-0.01 -0.01 
-0.01 -0.01 222:1.0 
-0.006875354600968877 -0.01 75:1.0 105:1.0 217:1.0 
-0.01 -0.01 
-0.0 -0.01 48:1.0 
-0.01 -0.01 
-0.01 -0.01 
-0.01 -0.01 
-0.01 -0.01 
-0.007499886616107667 -0.01 163:1.0 
-0.01 -0.01 
-0.01 -0.01 
-0.007500737721817287 -0.01 141:1.0 268:1.0 
-0.01 -0.01 
-0.007499546034194937 -0.01 221:1.0 
-0.01 -0.01 
-0.01 -0.01 
-0.01 -0.01 
-0.01 -0.01 231:1.0 
-0.01 -0.01 
-0.01 -0.01 
-0.01 -0.01 
-0.01 -0.01 
-0.01 -0.01 
-0.01 -0.01 
-0.00687548247216178 -0.01 30:1.0 209:1.0 
-0.0074998866289890855 -0.01 218:1.0 
-0.007499262289781372 -0.01 61:1.0 
-0.006875368844122214 -0.01 222:1.0 
-0.01 -0.01 
-0.01 -0.01 
-0.01 -0.01 
-0.01 -0.01 
-0.01 -0.01 
-0.01 -0.01 
-0.01 -0.01 
-0.01 -0.01 
-0.0 -0.01 157:1.0 
-0.01 -0.01 
-0.007499262302662291 -0.01 254:1.0 
-0.01 -0.01 
-0.01 -0.01 
-0.01 -0.01 143:1.0 
-0.01 -0.01 
-0.007499773049302506 -0.01 270:1.0 
-0.01 -0.01 
-0.0 -0.01 32:1.0 113:1.0 174:1.0 251:1.0 279:1.0 287:1.0 313:1.0 
-0.01 -0.01 
-0.01 -0.01 
-0.01 -0.01 
-0.0068753546157848035 -0.01 32:1.0 113:1.0 174:1.0 251:1.0 279:1.0 287:1.0 313:1.0 
-0.01 -0.01 
-0.006875085068196904 -0.01 231:1.0 
-0.01 -0.01 
-0.01 -0.01 
-0.007500227004807744 -0.01 83:1.0 
-0.01 -0.01 
-0.01 -0.01 
-0.01 -0.01 
-0.0068751418683431955 -0.01 133:1.0 
-0.006875141863191758 -0.01 193:1.0 
-0.01 -0.01 
-0.01 -0.01 
-0.01 -0.01 
-0.01 -0.01 
-0.01 -0.01 
-0.01 -0.01 
-0.01 -0.01 
-0.01 -0.01 
-0.01 -0.01 
-0.01 -0.01 
-0.006875141861903791 -0.01 51:1.0 
-0.01 -0.01 
-0.01 -0.01 
-0.007499773051879389 -0.01 217:1.0 
-0.01 -0.01 
-0.006875326325199818 -0.01 118:1.0 142:1.0 237:1.0 
-0.01 -0.01 
-0.0074992622923570895 -0.01 157:1.0 
-0.01 -0.01 
-0.006875014135621999 -0.01 33:1.0 254:1.0 
-0.01 -0.01 
-0.006875085129384217 -0.01 48:1.0 
-0.01 -0.01 
-0.01 -0.01 
-0.01 -0.01 
-0.0074997729616978984 -0.01 73:1.0 
-0.007500227025412873 -0.01 147:1.0 
-0.01 -0.01 
-0.01 -0.01 
-0.01 -0.01 87:1.0 
-0.01 -0.01 
-0.0 -0.01 265:1.0 
-0.01 -0.01 
-0.007499262287204822 -0.01 269:1.0 
-0.006874531737212244 -0.01 265:1.0 
-0.01 -0.01 27:1.0 64:1.0 104:1.0 182:1.0 261:1.0 283:1.0 290:1.0 292:1.0 299:1.0 
-0.01 -0.01 
-0.006875354613851782 -0.01 49:1.0 69:1.0 75:1.0 250:1.0 
-0.01 -0.01 230:1.0 
-0.01 -0.01 
-0.01 -0.01 
-0.01 -0.01 
-0.01 -0.01 
-0.01 -0.01 90:1.0 
-0.006875085131316727 -0.01 2:1.0 
-0.006875085131960268 -0.01 136:1.0 
-0.01 -0.01 
-0.006875085132604697 -0.01 94:1.0 
-0.006875354614496889 -0.01 55:1.0 135:1.0 181:1.0 187:1.0 277:1.0 288:1.0 303:1.0 
-0.01 -0.01 
-0.01 -0.01 
-0.00687508504951718 -0.01 6:1.0 
-0.0068748872452771125 -0.01 
