svm_type c_svc
kernel_type rbf
gamma 0.01
nr_class 3
total_sv 1599
rho 0.3918414984229868 0.19021720650205476 -0.3927397751611564
label 2 0 1
nr_sv 419 643 537
SV
1.0 1.0 
1.0 1.0 271:1.0 
1.0 1.0 
1.0 1.0 64:1.0 125:1.0 182:1.0 261:1.0 283:1.0 292:1.0 
1.0 1.0 
1.0 1.0 99:1.0 204:1.0 
1.0 1.0 
1.0 1.0 
1.0 1.0 
1.0 1.0 
1.0 1.0 
1.0 1.0 
1.0 1.0 
1.0 1.0 
1.0 1.0 
1.0 1.0 33:1.0 115:1.0 226:1.0 258:1.0 
1.0 1.0 243:1.0 
1.0 1.0 
1.0 1.0 
1.0 1.0 
1.0 1.0 
1.0 1.0 
1.0 1.0 151:1.0 
1.0 1.0 
1.0 1.0 
1.0 1.0 47:1.0 
1.0 1.0 
1.0 1.0 
1.0 1.0 205:1.0 
1.0 1.0 
1.0 1.0 
1.0 1.0 
1.0 1.0 
1.0 1.0 
1.0 1.0 
1.0 1.0 159:1.0 177:1.0 
1.0 1.0 
1.0 1.0 77:1.0 
1.0 1.0 
1.0 1.0 
1.0 1.0 13:1.0 23:1.0 54:1.0 
1.0 1.0 
1.0 1.0 64:1.0 125:1.0 182:1.0 261:1.0 283:1.0 292:1.0 
1.0 1.0 
1.0 1.0 
1.0 1.0 
1.0 1.0 
1.0 1.0 
1.0 1.0 
1.0 1.0 
1.0 1.0 
1.0 1.0 
1.0 1.0 204:1.0 
1.0 1.0 
1.0 1.0 
1.0 1.0 
1.0 1.0 40:1.0 
1.0 1.0 
1.0 1.0 
1.0 1.0 
1.0 1.0 90:1.0 
1.0 1.0 72:1.0 92:1.0 195:1.0 278:1.0 306:1.0 
1.0 1.0 
1.0 1.0 
1.0 1.0 
1.0 1.0 74:1.0 96:1.0 
1.0 1.0 141:1.0 
1.0 1.0 99:1.0 
1.0 1.0 
1.0 1.0 
1.0 1.0 27:1.0 64:1.0 104:1.0 182:1.0 225:1.0 261:1.0 283:1.0 290:1.0 292:1.0 299:1.0 
1.0 1.0 15:1.0 125:1.0 
1.0 1.0 
1.0 1.0 
1.0 1.0 
1.0 1.0 15:1.0 19:1.0 
1.0 1.0 
1.0 1.0 139:1.0 
1.0 1.0 
1.0 1.0 
1.0 1.0 
1.0 1.0 
1.0 1.0 
1.0 1.0 
1.0 1.0 
1.0 1.0 
1.0 1.0 
1.0 1.0 
1.0 1.0 
1.0 1.0 230:1.0 
1.0 1.0 74:1.0 258:1.0 
1.0 1.0 266:1.0 
1.0 1.0 27:1.0 64:1.0 104:1.0 182:1.0 261:1.0 283:1.0 290:1.0 292:1.0 299:1.0 
1.0 1.0 
1.0 1.0 266:1.0 
1.0 1.0 
1.0 1.0 
1.0 1.0 13:1.0 103:1.0 
1.0 1.0 12:1.0 
1.0 1.0 19:1.0 
1.0 1.0 
1.0 1.0 219:1.0 
1.0 1.0 
1.0 1.0 74:1.0 
1.0 1.0 
1.0 1.0 
1.0 1.0 
1.0 1.0 90:1.0 
1.0 1.0 
1.0 1.0 
1.0 1.0 
1.0 1.0 
1.0 1.0 
1.0 1.0 
1.0 1.0 
1.0 1.0 150:1.0 168:1.0 
1.0 1.0 64:1.0 
1.0 1.0 
1.0 1.0 
1.0 1.0 
1.0 1.0 
1.0 1.0 125:1.0 
1.0 1.0 
1.0 1.0 
1.0 1.0 
1.0 1.0 22:1.0 60:1.0 
1.0 1.0 
1.0 1.0 
1.0 1.0 
1.0 1.0 224:1.0 
1.0 1.0 
1.0 1.0 
1.0 1.0 45:1.0 
1.0 1.0 
1.0 1.0 
1.0 1.0 25:1.0 
1.0 1.0 
1.0 1.0 
1.0 1.0 
1.0 1.0 
1.0 1.0 
1.0 1.0 
1.0 1.0 86:1.0 109:1.0 242:1.0 300:1.0 305:1.0 
1.0 1.0 244:1.0 
1.0 1.0 
1.0 1.0 
1.0 1.0 
1.0 1.0 
1.0 1.0 
1.0 1.0 
1.0 1.0 
1.0 1.0 
1.0 1.0 
1.0 1.0 
1.0 1.0 66:1.0 258:1.0 
1.0 1.0 
1.0 1.0 
1.0 1.0 
1.0 1.0 
1.0 1.0 8:1.0 9:1.0 
1.0 1.0 231:1.0 
1.0 1.0 8:1.0 9:1.0 189:1.0 
1.0 1.0 191:1.0 
1.0 1.0 
1.0 1.0 15:1.0 
1.0 1.0 70:1.0 
1.0 1.0 83:1.0 84:1.0 
1.0 1.0 147:1.0 211:1.0 298:1.0 
1.0 1.0 105:1.0 117:1.0 
1.0 1.0 191:1.0 
1.0 1.0 89:1.0 162:1.0 231:1.0 
1.0 1.0 
1.0 1.0 
1.0 1.0 184:1.0 
1.0 1.0 159:1.0 
1.0 1.0 264:1.0 
1.0 1.0 151:1.0 
1.0 1.0 89:1.0 
1.0 1.0 
1.0 1.0 
1.0 1.0 
1.0 1.0 30:1.0 89:1.0 
1.0 1.0 
1.0 1.0 
1.0 1.0 
1.0 1.0 
1.0 1.0 143:1.0 182:1.0 225:1.0 261:1.0 283:1.0 
1.0 1.0 132:1.0 
1.0 1.0 
1.0 1.0 153:1.0 
1.0 1.0 
1.0 1.0 
1.0 1.0 
1.0 1.0 
1.0 1.0 
1.0 1.0 
1.0 1.0 171:1.0 
1.0 1.0 
1.0 1.0 229:1.0 
1.0 1.0 
1.0 1.0 
1.0 1.0 143:1.0 
1.0 1.0 
1.0 1.0 
1.0 1.0 
1.0 1.0 246:1.0 
1.0 1.0 
1.0 1.0 
1.0 1.0 
1.0 1.0 97:1.0 
1.0 1.0 258:1.0 
1.0 1.0 22:1.0 115:1.0 
1.0 1.0 
1.0 1.0 182:1.0 
1.0 1.0 
1.0 1.0 74:1.0 
1.0 1.0 
1.0 1.0 
1.0 1.0 145:1.0 
1.0 1.0 
1.0 1.0 143:1.0 
1.0 1.0 
1.0 1.0 
1.0 1.0 204:1.0 
1.0 1.0 
1.0 1.0 260:1.0 
1.0 1.0 
1.0 1.0 211:1.0 
1.0 1.0 
1.0 1.0 56:1.0 
1.0 1.0 
1.0 1.0 
1.0 1.0 131:1.0 239:1.0 
1.0 1.0 
1.0 1.0 
1.0 1.0 96:1.0 171:1.0 
1.0 1.0 141:1.0 
1.0 1.0 
1.0 1.0 64:1.0 103:1.0 104:1.0 130:1.0 282:1.0 290:1.0 297:1.0 
1.0 1.0 
1.0 1.0 
1.0 1.0 13:1.0 23:1.0 54:1.0 64:1.0 130:1.0 282:1.0 
1.0 1.0 56:1.0 176:1.0 
1.0 1.0 
1.0 1.0 
1.0 1.0 
1.0 1.0 175:1.0 182:1.0 
1.0 1.0 
1.0 1.0 176:1.0 
1.0 1.0 260:1.0 
1.0 1.0 
1.0 1.0 
1.0 1.0 
1.0 1.0 
1.0 1.0 
1.0 1.0 231:1.0 
1.0 1.0 
1.0 1.0 
1.0 1.0 
1.0 1.0 
1.0 1.0 
1.0 1.0 86:1.0 109:1.0 242:1.0 300:1.0 305:1.0 
1.0 1.0 
1.0 1.0 103:1.0 
1.0 1.0 
1.0 1.0 
1.0 1.0 208:1.0 
1.0 1.0 
1.0 1.0 
1.0 1.0 
1.0 1.0 
1.0 1.0 168:1.0 
1.0 1.0 24:1.0 60:1.0 
1.0 1.0 
1.0 1.0 
1.0 1.0 24:1.0 
1.0 1.0 24:1.0 
1.0 1.0 
1.0 1.0 
1.0 1.0 
1.0 1.0 
1.0 1.0 
1.0 1.0 
1.0 1.0 
1.0 1.0 260:1.0 
1.0 1.0 
1.0 1.0 
1.0 1.0 
1.0 1.0 
1.0 1.0 60:1.0 114:1.0 
1.0 1.0 
1.0 1.0 
1.0 1.0 
1.0 1.0 
1.0 1.0 
1.0 1.0 
1.0 1.0 264:1.0 
1.0 1.0 260:1.0 
1.0 1.0 126:1.0 
1.0 1.0 
1.0 1.0 28:1.0 258:1.0 
1.0 1.0 
1.0 1.0 
1.0 1.0 78:1.0 
1.0 1.0 
1.0 1.0 
1.0 1.0 22:1.0 90:1.0 115:1.0 
1.0 1.0 
1.0 1.0 
1.0 1.0 
1.0 1.0 
1.0 1.0 144:1.0 
1.0 1.0 
1.0 1.0 
1.0 1.0 
1.0 1.0 
1.0 1.0 
1.0 1.0 
1.0 1.0 204:1.0 226:1.0 
1.0 1.0 
1.0 1.0 
1.0 1.0 60:1.0 233:1.0 
1.0 1.0 256:1.0 307:1.0 
1.0 1.0 
1.0 1.0 246:1.0 
1.0 1.0 
1.0 1.0 
1.0 1.0 
1.0 1.0 207:1.0 
1.0 1.0 
1.0 1.0 72:1.0 92:1.0 195:1.0 278:1.0 306:1.0 
1.0 1.0 18:1.0 
1.0 1.0 178:1.0 
1.0 1.0 117:1.0 
1.0 1.0 
1.0 1.0 
1.0 1.0 
1.0 1.0 
1.0 1.0 96:1.0 
1.0 1.0 
1.0 1.0 258:1.0 
1.0 1.0 
1.0 1.0 
1.0 1.0 
1.0 1.0 
1.0 1.0 
1.0 1.0 
1.0 1.0 
1.0 1.0 
1.0 1.0 
1.0 1.0 
1.0 1.0 
1.0 1.0 
1.0 1.0 72:1.0 92:1.0 195:1.0 278:1.0 306:1.0 
1.0 1.0 
1.0 1.0 
1.0 1.0 
1.0 1.0 
1.0 1.0 
1.0 1.0 
1.0 1.0 
1.0 1.0 
1.0 1.0 
1.0 1.0 
1.0 1.0 
1.0 1.0 54:1.0 
1.0 1.0 3:1.0 
1.0 1.0 
1.0 1.0 
1.0 1.0 30:1.0 
1.0 1.0 
1.0 1.0 
1.0 1.0 
1.0 1.0 
1.0 1.0 
1.0 1.0 
1.0 1.0 
1.0 1.0 
1.0 1.0 67:1.0 147:1.0 
1.0 1.0 
1.0 1.0 
1.0 1.0 271:1.0 
1.0 1.0 47:1.0 
1.0 1.0 
1.0 1.0 142:1.0 
1.0 1.0 
1.0 1.0 
1.0 1.0 
1.0 1.0 
1.0 1.0 
1.0 1.0 
1.0 1.0 
1.0 1.0 
1.0 1.0 
1.0 1.0 
1.0 1.0 67:1.0 
1.0 1.0 
1.0 1.0 
1.0 1.0 
1.0 1.0 87:1.0 
1.0 1.0 
1.0 1.0 
1.0 1.0 102:1.0 
1.0 1.0 
1.0 1.0 147:1.0 211:1.0 298:1.0 
1.0 1.0 
1.0 1.0 
1.0 1.0 
1.0 1.0 
1.0 1.0 222:1.0 
1.0 1.0 
1.0 1.0 
1.0 1.0 
1.0 1.0 
1.0 1.0 3:1.0 
1.0 1.0 
1.0 1.0 
1.0 1.0 
1.0 1.0 
-1.0 1.0 83:1.0 
-0.28284542261767637 1.0 184:1.0 259:1.0 
-0.0 0.028329126979324677 269:1.0 
-0.21941205683334478 0.34431226071236 52:1.0 
-1.0 1.0 99:1.0 
-0.0 0.13360928667321076 198:1.0 
-0.2173106021070823 0.0 75:1.0 255:1.0 
-0.28032683269237657 1.0 194:1.0 
-0.0 0.30031682697523626 62:1.0 
-0.29898311199355215 0.8158900648118537 136:1.0 183:1.0 
-0.0 0.30718229888431103 193:1.0 
-1.0 0.30857838739657206 233:1.0 
-1.0 0.3253040172323553 8:1.0 
-1.0 0.31485454478622865 19:1.0 151:1.0 
-0.29589725696601604 0.3166639832282961 210:1.0 289:1.0 
-0.2978139422090919 1.0 6:1.0 88:1.0 192:1.0 269:1.0 
-0.2939818434199694 1.0 61:1.0 139:1.0 234:1.0 
-0.25207072345313325 1.0 257:1.0 265:1.0 
-0.18397766944765237 0.3822166823315397 137:1.0 
-0.28061765364539915 1.0 62:1.0 
-0.3371549710058532 0.0 219:1.0 
-0.0 0.3009232739682837 247:1.0 
-0.30239510122832897 1.0 184:1.0 203:1.0 252:1.0 
-0.0 0.29158367851514133 259:1.0 
-0.0 0.5498383866619655 38:1.0 73:1.0 
-0.2994654997816715 1.0 193:1.0 
-1.0 1.0 27:1.0 50:1.0 182:1.0 299:1.0 304:1.0 
-1.0 0.0 117:1.0 
-1.0 0.32294689582138897 226:1.0 
-1.0 0.0 168:1.0 
-0.2890482110039557 0.27999665691922326 20:1.0 122:1.0 273:1.0 280:1.0 
-0.2838393291728584 1.0 2:1.0 
-0.0 1.0 267:1.0 
-0.28592805530261267 1.0 140:1.0 223:1.0 
-0.28374634761313283 1.0 16:1.0 
-1.0 0.5118290523164374 64:1.0 103:1.0 130:1.0 189:1.0 282:1.0 297:1.0 
-1.0 1.0 87:1.0 
-0.0 1.0 196:1.0 
-0.4197091712240881 0.30853419074190236 143:1.0 267:1.0 
-0.29434963496011846 0.0 21:1.0 78:1.0 
-1.0 0.8938924550980185 27:1.0 50:1.0 182:1.0 299:1.0 304:1.0 
-0.7926454812159686 0.8161292631270746 150:1.0 218:1.0 
-0.0 1.0 73:1.0 
-0.0 0.055320196045897725 244:1.0 
-1.0 0.3225552854059879 125:1.0 
-1.0 1.0 182:1.0 
-1.0 1.0 30:1.0 230:1.0 
-0.25646071766801937 1.0 129:1.0 
-0.0 0.10315249028332865 29:1.0 91:1.0 120:1.0 185:1.0 216:1.0 235:1.0 253:1.0 263:1.0 285:1.0 291:1.0 294:1.0 296:1.0 301:1.0 309:1.0 312:1.0 
-0.0 1.0 157:1.0 
-0.3112312047192065 0.0 144:1.0 
-1.0 1.0 143:1.0 
-0.0 1.0 164:1.0 
-0.2987998586361528 0.30265051532910314 141:1.0 165:1.0 
-1.0 0.770544710425881 15:1.0 34:1.0 175:1.0 
-0.0 0.32961347693802523 21:1.0 
-0.09137249943229084 0.22738015333376965 5:1.0 101:1.0 
-0.07210072532388576 1.0 121:1.0 198:1.0 
-0.0 0.34662060792374827 133:1.0 
-1.0 1.0 28:1.0 
-0.28354053181332634 1.0 118:1.0 
-0.0 0.09468457371902321 49:1.0 122:1.0 
-0.0729634879703509 1.0 73:1.0 149:1.0 228:1.0 284:1.0 
-1.0 0.0 67:1.0 114:1.0 
-1.0 1.0 204:1.0 
-0.05258765357057219 0.0 199:1.0 
-0.028043856787352113 1.0 20:1.0 129:1.0 
-0.0 0.5992641046274223 
-0.0 1.0 
-0.0 1.0 
-0.29177426904938547 0.31200405419431326 214:1.0 
-0.0 1.0 
-0.0 1.0 
-1.0 0.3376314980471751 246:1.0 
-0.0 1.0 
-0.0 0.025592657309396076 152:1.0 
-0.0 0.3380435587899565 237:1.0 
-1.0 1.0 141:1.0 
-0.0 0.3013876886171548 248:1.0 
-0.0 1.0 
-0.0 1.0 
-0.0 1.0 
-0.0 1.0 
-0.0 1.0 
-0.0 1.0 
-0.0 1.0 
-0.0 1.0 
-0.0 1.0 
-0.0 1.0 
-0.0 1.0 
-0.0 1.0 
-0.0 1.0 
-0.0 1.0 
-0.0 1.0 
-0.20062660727723003 0.33661486340274493 51:1.0 65:1.0 199:1.0 
-0.0 1.0 231:1.0 
-0.0 1.0 
-0.2606827440360344 0.32816375253142877 38:1.0 49:1.0 73:1.0 236:1.0 
-0.0 1.0 
-1.0 0.3162801174124151 86:1.0 109:1.0 242:1.0 300:1.0 305:1.0 
-0.0 1.0 
-0.0 1.0 85:1.0 
-0.43970553650766736 1.0 184:1.0 
-0.0 1.0 
-0.0 1.0 
-0.0 1.0 
-0.0 1.0 
-0.02167686291990889 1.0 155:1.0 270:1.0 
-0.0 1.0 
-0.0 1.0 
-1.0 1.0 
-1.0 1.0 
-1.0 1.0 
-1.0 1.0 
-0.2774465795368114 0.06425920296169124 4:1.0 175:1.0 240:1.0 
-0.010059564677035013 1.0 66:1.0 106:1.0 157:1.0 
-1.0 1.0 
-1.0 1.0 
-1.0 0.3215755094631744 159:1.0 
-1.0 1.0 
-1.0 1.0 
-0.2939865739142872 1.0 26:1.0 69:1.0 
-0.2994364594477689 0.2717733976930599 40:1.0 241:1.0 
-1.0 0.0 90:1.0 
-1.0 1.0 
-1.0 1.0 
-0.0 1.0 255:1.0 
-1.0 1.0 
-1.0 1.0 260:1.0 
-1.0 1.0 
-1.0 1.0 
-1.0 0.0 117:1.0 
-0.27856366872616395 0.1083313474362505 29:1.0 91:1.0 120:1.0 131:1.0 167:1.0 185:1.0 216:1.0 235:1.0 253:1.0 285:1.0 291:1.0 294:1.0 301:1.0 309:1.0 312:1.0 
-0.0 0.5430758827443446 138:1.0 227:1.0 232:1.0 
-1.0 1.0 
-1.0 1.0 
-1.0 1.0 
-1.0 1.0 
-0.0 1.0 21:1.0 
-1.0 1.0 
-1.0 1.0 
-1.0 1.0 
-0.6329059104624981 0.531005345316151 179:1.0 227:1.0 243:1.0 
-0.07270707848953523 0.0 127:1.0 172:1.0 238:1.0 
-0.0 0.10719488829367395 238:1.0 
-1.0 0.0 145:1.0 
-1.0 1.0 
-0.027800902540633183 0.0 155:1.0 199:1.0 
-1.0 1.0 
-1.0 1.0 
-1.0 1.0 
-0.0 0.34482864214440506 255:1.0 
-1.0 1.0 
-1.0 1.0 
-1.0 1.0 
-1.0 1.0 
-1.0 1.0 
-1.0 1.0 
-1.0 1.0 
-1.0 1.0 
-0.3054469791526812 1.0 176:1.0 
-1.0 1.0 
-0.0 1.0 269:1.0 
-1.0 1.0 
-1.0 1.0 
-0.348130546763043 0.0 143:1.0 215:1.0 
-0.0 0.4950257517059955 75:1.0 
-0.2862446650545843 1.0 138:1.0 184:1.0 
-1.0 1.0 
-0.0 0.8771353484025853 59:1.0 73:1.0 
-0.1285003572705406 0.5724526814118494 95:1.0 173:1.0 250:1.0 
-1.0 1.0 
-1.0 1.0 
-1.0 0.4950257517059955 90:1.0 
-0.283225800762922 0.9784073653686304 133:1.0 
-0.2804845622513536 1.0 37:1.0 
-0.0 1.0 122:1.0 273:1.0 280:1.0 
-1.0 1.0 
-1.0 1.0 
-1.0 1.0 
-1.0 1.0 
-0.23806775093788407 0.20734653754358578 134:1.0 172:1.0 238:1.0 
-0.25011960351322604 0.3313084666189498 249:1.0 
-1.0 1.0 
-1.0 1.0 139:1.0 
-0.0 0.036572666228185946 161:1.0 
-1.0 1.0 
-0.32397958332421983 0.0 126:1.0 
-1.0 1.0 
-1.0 1.0 46:1.0 64:1.0 104:1.0 166:1.0 182:1.0 225:1.0 261:1.0 283:1.0 290:1.0 292:1.0 
-1.0 1.0 
-0.03711579296072532 0.2941639663104706 108:1.0 269:1.0 
-1.0 0.322946895821389 271:1.0 
-1.0 1.0 
-1.0 1.0 
-1.0 1.0 
-1.0 1.0 
-1.0 1.0 
-1.0 1.0 
-0.0 0.3957839822997625 51:1.0 68:1.0 
-0.7945157638308707 0.5320581444046085 18:1.0 67:1.0 123:1.0 
-1.0 1.0 
-1.0 1.0 
-1.0 1.0 
-1.0 1.0 
-1.0 1.0 
-0.03301148770082901 1.0 249:1.0 265:1.0 
-0.3009020729954143 0.3010765175322006 11:1.0 152:1.0 161:1.0 170:1.0 
-0.7855782344520478 0.8259826630212659 25:1.0 197:1.0 
-1.0 1.0 
-1.0 1.0 
-1.0 1.0 
-1.0 1.0 
-0.0 1.0 269:1.0 
-1.0 1.0 
-1.0 1.0 
-1.0 1.0 
-1.0 1.0 
-1.0 1.0 
-1.0 1.0 
-1.0 1.0 
-1.0 1.0 
-0.9451117844717859 0.3334430340788388 219:1.0 
-1.0 1.0 
-1.0 1.0 
-0.0422957671893369 0.0 29:1.0 91:1.0 120:1.0 131:1.0 167:1.0 185:1.0 216:1.0 253:1.0 263:1.0 285:1.0 294:1.0 296:1.0 312:1.0 
-0.2803397855407506 1.0 254:1.0 
-1.0 1.0 
-1.0 1.0 
-1.0 1.0 
-0.11340368367871113 0.05483510321938634 106:1.0 111:1.0 
-0.2592304683230931 0.32259471718009364 41:1.0 148:1.0 
-1.0 1.0 
-1.0 1.0 
-1.0 1.0 
-1.0 1.0 
-1.0 1.0 
-1.0 1.0 
-0.0 0.3579731638818925 212:1.0 
-1.0 1.0 
-1.0 1.0 
-0.0 0.4950257517059955 200:1.0 
-1.0 1.0 
-0.2992365630347785 0.9326007377342915 68:1.0 212:1.0 
-1.0 1.0 
-0.0 0.32944965224353145 252:1.0 
-1.0 1.0 
-0.05332105625118878 0.10719488829367675 134:1.0 
-1.0 1.0 
-1.0 1.0 
-1.0 1.0 
-0.12699370529188647 1.0 111:1.0 201:1.0 
-0.2662401769483487 1.0 58:1.0 116:1.0 
-1.0 1.0 
-1.0 1.0 
-0.03847202427424347 1.0 67:1.0 75:1.0 91:1.0 265:1.0 
-1.0 1.0 
-1.0 1.0 
-1.0 1.0 
-1.0 1.0 
-0.21602003135011238 0.3047929412859313 57:1.0 
-1.0 1.0 
-0.0 0.3324680053182719 213:1.0 
-1.0 1.0 
-1.0 1.0 
-0.2859381563175235 0.8262755591729242 200:1.0 
-0.0 1.0 55:1.0 135:1.0 181:1.0 187:1.0 277:1.0 288:1.0 303:1.0 
-1.0 1.0 
-1.0 1.0 
-1.0 1.0 
-1.0 1.0 
-1.0 1.0 
-1.0 1.0 
-0.0 0.5 276:1.0 
-1.0 1.0 
-1.0 1.0 
-1.0 1.0 99:1.0 
-1.0 1.0 
-1.0 1.0 
-1.0 1.0 
-1.0 1.0 
-1.0 1.0 
-1.0 1.0 
-1.0 1.0 
-0.2494715286185436 0.30868965227828904 146:1.0 168:1.0 
-1.0 1.0 
-1.0 1.0 
-0.7817554509181399 0.8208121282502161 66:1.0 110:1.0 
-0.0 1.0 51:1.0 
-0.2821250828383951 1.0 80:1.0 
-1.0 1.0 
-1.0 1.0 
-1.0 1.0 176:1.0 
-1.0 1.0 
-1.0 1.0 
-1.0 1.0 
-1.0 1.0 
-1.0 1.0 
-0.0 1.0 247:1.0 
-1.0 1.0 33:1.0 
-1.0 1.0 
-1.0 1.0 
-1.0 1.0 
-1.0 1.0 
-0.4564489187398028 0.0 67:1.0 
-0.24908776474704583 0.5603016116350886 7:1.0 119:1.0 270:1.0 310:1.0 
-1.0 1.0 
-1.0 1.0 
-0.0 1.0 165:1.0 
-1.0 1.0 
-1.0 1.0 
-1.0 1.0 
-1.0 1.0 
-1.0 1.0 143:1.0 
-1.0 1.0 
-0.280930576737805 0.8167973901385163 85:1.0 117:1.0 
-1.0 1.0 
-0.2836863161799271 0.3293863577691022 102:1.0 
-1.0 1.0 
-1.0 1.0 
-1.0 1.0 
-1.0 1.0 
-1.0 1.0 115:1.0 
-1.0 1.0 
-1.0 1.0 
-1.0 0.638558442680305 141:1.0 
-0.06299681541228952 0.8072119465288604 127:1.0 215:1.0 232:1.0 
-1.0 1.0 
-0.0 0.6883215232181914 250:1.0 
-1.0 1.0 
-1.0 1.0 
-1.0 1.0 
-1.0 1.0 
-0.2817486308524269 1.0 268:1.0 
-1.0 1.0 
-1.0 1.0 
-1.0 1.0 
-1.0 1.0 
-0.20507270687648585 0.3138952129584777 207:1.0 272:1.0 
-1.0 1.0 
-1.0 1.0 
-0.280433766907193 1.0 93:1.0 
-1.0 1.0 
-1.0 1.0 
-1.0 1.0 
-1.0 1.0 
-1.0 0.0 207:1.0 
-1.0 1.0 
-1.0 1.0 
-1.0 1.0 
-0.2804337669071965 1.0 164:1.0 
-0.2914119380462058 0.3107366723145678 31:1.0 244:1.0 
-1.0 1.0 
-1.0 1.0 
-1.0 1.0 
-1.0 1.0 
-1.0 1.0 
-1.0 1.0 
-1.0 1.0 
-1.0 1.0 
-1.0 1.0 
-1.0 1.0 
-1.0 1.0 
-1.0 1.0 
-0.15245658514345176 0.9639609896091581 17:1.0 220:1.0 
-1.0 1.0 
-1.0 1.0 
-0.0 0.10719488829367675 172:1.0 
-1.0 1.0 
-1.0 1.0 
-1.0 1.0 
-0.2803397855407567 0.8301989029407189 276:1.0 
-1.0 1.0 
-0.1614527983243645 0.7204966192149505 95:1.0 
-1.0 1.0 178:1.0 
-1.0 1.0 
-0.06644881640076397 1.0 4:1.0 52:1.0 255:1.0 
-1.0 1.0 
-1.0 1.0 
-0.0 1.0 269:1.0 
-1.0 1.0 
-1.0 1.0 
-1.0 1.0 
-1.0 1.0 
-1.0 1.0 56:1.0 157:1.0 
-1.0 1.0 
-1.0 1.0 
-1.0 1.0 
-0.31153604100905274 0.3163954374372105 55:1.0 135:1.0 181:1.0 187:1.0 277:1.0 288:1.0 303:1.0 
-1.0 1.0 
-1.0 1.0 
-0.2958773105336828 0.3117322947612081 76:1.0 112:1.0 311:1.0 
-1.0 1.0 
-0.27274629520530463 0.3309238878191185 188:1.0 
-1.0 1.0 
-1.0 1.0 
-1.0 1.0 
-0.0 0.37584629464287933 39:1.0 
-0.0 1.0 108:1.0 
-1.0 1.0 
-1.0 1.0 
-1.0 1.0 
-1.0 1.0 
-1.0 1.0 
-1.0 1.0 
-1.0 1.0 
-1.0 0.6458308987708737 9:1.0 42:1.0 78:1.0 
-1.0 1.0 
-1.0 1.0 
-1.0 1.0 
-1.0 1.0 
-0.33511966840678487 0.0 239:1.0 
-1.0 1.0 
-0.2949674672216826 0.5676474599199248 107:1.0 114:1.0 180:1.0 231:1.0 
-1.0 1.0 
-1.0 1.0 
-1.0 1.0 
-0.09981831674945149 0.0 36:1.0 169:1.0 250:1.0 293:1.0 
-0.043096280702755944 1.0 41:1.0 236:1.0 
-0.0 1.0 170:1.0 
-1.0 1.0 
-0.18564664136170003 0.0 59:1.0 143:1.0 272:1.0 
-1.0 1.0 
-1.0 1.0 
-1.0 1.0 105:1.0 
-0.0 1.0 162:1.0 
-0.05503182058936549 1.0 250:1.0 
-1.0 1.0 
-0.3083802206336202 1.0 162:1.0 168:1.0 
-0.9566380703211783 0.3319861703299867 126:1.0 
-1.0 1.0 
-1.0 1.0 
-0.1246482720181406 0.5941555698918894 1:1.0 51:1.0 98:1.0 
-0.9643685517280275 1.0 176:1.0 
-0.0 0.32436694459202764 35:1.0 46:1.0 88:1.0 186:1.0 286:1.0 
-0.0 0.5099003344260109 156:1.0 
-1.0 1.0 
-1.0 1.0 
-0.28042335685130054 0.3254152380715528 262:1.0 
-1.0 1.0 
-0.3627200822173066 0.0 132:1.0 
-1.0 1.0 
-1.0 0.9550357364514839 244:1.0 
-0.1527412981171533 0.34695125517534653 17:1.0 275:1.0 
-0.9553715923384991 1.0 162:1.0 
-1.0 1.0 
-0.055136432323866294 1.0 35:1.0 
-1.0 1.0 
-0.3162337189928649 0.8260537585120086 189:1.0 
-1.0 1.0 
-1.0 1.0 
-1.0 1.0 
-0.0 0.04629579560047575 241:1.0 
-1.0 1.0 48:1.0 264:1.0 
-1.0 1.0 
-1.0 1.0 
-1.0 1.0 
-0.28042335685130043 1.0 248:1.0 
-1.0 1.0 
-1.0 1.0 
-1.0 1.0 
-1.0 1.0 
-1.0 1.0 
-1.0 1.0 
-1.0 1.0 
-1.0 1.0 
-1.0 1.0 
-1.0 1.0 
-1.0 1.0 
-0.23478482813118937 1.0 108:1.0 
-0.0 0.36296245046014197 82:1.0 
-1.0 1.0 
-0.13857379298731112 0.0 275:1.0 
-1.0 1.0 
-1.0 1.0 142:1.0 
-1.0 1.0 
-1.0 1.0 
-0.0 0.37737804719150037 88:1.0 123:1.0 141:1.0 274:1.0 
-1.0 1.0 
-1.0 1.0 
-1.0 1.0 
-0.3049868775187633 0.32141888082412823 44:1.0 100:1.0 124:1.0 295:1.0 308:1.0 
-1.0 1.0 231:1.0 
-1.0 1.0 
-1.0 1.0 
-1.0 0.842632787976264 90:1.0 
-1.0 1.0 
-1.0 1.0 
-1.0 1.0 
-1.0 1.0 
-1.0 1.0 
-1.0 1.0 
-1.0 1.0 
-1.0 1.0 
-1.0 1.0 
-1.0 1.0 
-0.27449578131386443 0.3115650624244925 33:1.0 145:1.0 
-0.22056354246323062 0.6179491649434733 149:1.0 228:1.0 284:1.0 
-1.0 0.04090923721358957 40:1.0 
-1.0 1.0 
-0.29355654750403465 1.0 196:1.0 213:1.0 
-0.2880671948280914 0.9716708730206753 237:1.0 
-1.0 1.0 
-1.0 1.0 
-1.0 1.0 
-1.0 1.0 
-1.0 1.0 45:1.0 102:1.0 
-1.0 1.0 
-1.0 1.0 
-0.0 0.03833869983677264 20:1.0 
-0.279878056465102 0.3269194002867323 81:1.0 
-0.22221670568942978 0.7900575196385154 36:1.0 169:1.0 173:1.0 202:1.0 293:1.0 
-0.7423835941649684 0.0 168:1.0 
-1.0 1.0 
-0.22853064262400213 0.1937196087051527 5:1.0 121:1.0 198:1.0 
-1.0 1.0 
-0.03716093951666752 0.0 148:1.0 
-1.0 1.0 
-1.0 1.0 231:1.0 
-1.0 1.0 
-1.0 1.0 
-1.0 1.0 
-1.0 1.0 
-0.0 1.0 218:1.0 221:1.0 
-1.0 1.0 
-1.0 1.0 
-1.0 1.0 
-1.0 1.0 
-1.0 1.0 
-1.0 1.0 
-1.0 1.0 
-1.0 1.0 
-1.0 1.0 
-1.0 1.0 
-0.2821094797793887 1.0 14:1.0 
-1.0 1.0 
-1.0 1.0 
-0.06559301877038037 0.0 57:1.0 116:1.0 
-0.1875972767357028 0.0 119:1.0 143:1.0 
-1.0 1.0 
-1.0 1.0 
-1.0 1.0 
-1.0 1.0 
-1.0 1.0 
-1.0 1.0 
-1.0 1.0 
-1.0 1.0 
-0.28959720515473053 0.32541523807155875 128:1.0 
-1.0 1.0 
-1.0 1.0 
-1.0 1.0 
-0.0 1.0 149:1.0 
-1.0 1.0 
-1.0 1.0 
-1.0 1.0 
-1.0 1.0 
-1.0 1.0 
-1.0 1.0 
-1.0 1.0 
-1.0 1.0 
-1.0 1.0 
-1.0 1.0 
-1.0 1.0 
-1.0 1.0 
-0.16507018860683878 1.0 59:1.0 232:1.0 
-1.0 1.0 
-1.0 1.0 
-0.1847897234280302 1.0 101:1.0 
-1.0 1.0 
-1.0 1.0 
-0.28347697719571635 1.0 94:1.0 
-1.0 1.0 
-1.0 0.321575509463164 77:1.0 
-1.0 1.0 
-1.0 1.0 
-0.15372635880519464 0.0 127:1.0 
-1.0 1.0 
-1.0 1.0 
-1.0 1.0 
-0.1356739560380718 0.35250685314263835 220:1.0 
-1.0 1.0 
-0.0 1.0 31:1.0 
-1.0 1.0 208:1.0 231:1.0 
-1.0 1.0 
-1.0 1.0 
-1.0 1.0 
-1.0 1.0 
-1.0 1.0 
-1.0 1.0 
-1.0 1.0 
-0.0 0.5813824029358101 190:1.0 
-0.2809552409655655 0.3253040172323543 63:1.0 
-1.0 1.0 
-1.0 1.0 
-0.17410073983308494 1.0 
-0.0 1.0 
-0.09924752029202435 0.9590029712189255 65:1.0 137:1.0 
-0.0 1.0 
-0.0 1.0 
-0.0 1.0 
-1.0 0.0 151:1.0 
-0.0 1.0 
-0.0 1.0 
-0.0 1.0 
-0.9176067504750772 0.3145998849785585 132:1.0 
-0.0 1.0 
-0.0 1.0 
-0.0 0.5594459251945882 34:1.0 
-0.01555210836944783 1.0 122:1.0 273:1.0 280:1.0 
-0.0 1.0 
-0.0 1.0 
-0.3058224098209116 0.7394563052169464 190:1.0 
-0.0 1.0 
-0.9370413147845893 0.32130131087891933 239:1.0 
-0.0 1.0 
-0.0 0.8031563627084851 179:1.0 
-0.0 1.0 85:1.0 
-0.0 1.0 
-0.2816185868558703 0.9290973875135108 39:1.0 
-0.0 1.0 
-0.0 1.0 
-0.0 1.0 
-0.0 1.0 
-1.0 1.0 205:1.0 
-0.20299787098576103 0.17656316175729023 29:1.0 120:1.0 131:1.0 167:1.0 185:1.0 263:1.0 296:1.0 312:1.0 
-0.2770606500877899 0.963427333771814 82:1.0 
-0.03663571842725864 1.0 146:1.0 
-0.23243798798217885 0.5594459440628263 35:1.0 111:1.0 186:1.0 286:1.0 
-0.2821961194549849 0.0 77:1.0 155:1.0 156:1.0 247:1.0 
-0.0 1.0 
-0.9724847531545354 0.33170093157221886 144:1.0 
-0.0 1.0 
-0.2802118820756552 0.011048842266503073 151:1.0 
-0.0 1.0 
-0.0 1.0 
-0.8032263880305155 0.0 46:1.0 103:1.0 130:1.0 297:1.0 
-0.0 1.0 
-0.03803770362692711 0.8282552607631397 49:1.0 75:1.0 156:1.0 
-0.16478890865118076 0.22227306443663977 1:1.0 98:1.0 
-0.0 1.0 
-0.0 1.0 
-0.0 1.0 
-0.0 1.0 71:1.0 197:1.0 270:1.0 
-1.0 -1.0 
-1.0 -1.0 
-1.0 -1.0 
-1.0 -1.0 
-1.0 -1.0 23:1.0 
-1.0 -1.0 
-1.0 -1.0 
-0.0 -1.0 85:1.0 
-1.0 -1.0 18:1.0 
-1.0 -1.0 
-1.0 -1.0 
-1.0 -1.0 
-1.0 -1.0 
-1.0 -1.0 
-1.0 -1.0 
-1.0 -1.0 
-1.0 -1.0 56:1.0 
-1.0 -1.0 
-1.0 -1.0 205:1.0 
-1.0 -1.0 
-1.0 -1.0 
-1.0 -1.0 
-0.0 -1.0 129:1.0 
-0.0 -1.0 265:1.0 
-1.0 -1.0 24:1.0 
-1.0 -1.0 
-0.0 -1.0 51:1.0 
-1.0 -1.0 
-1.0 -1.0 
-0.0 -1.0 43:1.0 158:1.0 160:1.0 281:1.0 302:1.0 
-1.0 -1.0 
-1.0 -1.0 
-1.0 -1.0 
-1.0 -1.0 
-1.0 -1.0 
-1.0 -1.0 139:1.0 
-1.0 -1.0 
-1.0 -1.0 
-1.0 -1.0 
-1.0 -1.0 
-1.0 -1.0 
-0.37496489560483764 -1.0 276:1.0 
-1.0 -1.0 82:1.0 143:1.0 
-1.0 -1.0 
-0.0 -1.0 203:1.0 
-0.0 -1.0 223:1.0 
-1.0 -1.0 
-1.0 -1.0 
-1.0 -1.0 
-0.0 -1.0 217:1.0 
-1.0 -1.0 
-1.0 -1.0 102:1.0 
-1.0 -1.0 
-1.0 -1.0 
-1.0 -1.0 25:1.0 
-1.0 -1.0 
-1.0 -1.0 115:1.0 258:1.0 
-1.0 -1.0 
-1.0 -1.0 
-1.0 -1.0 
-1.0 -1.0 
-0.0 -1.0 232:1.0 
-1.0 -1.0 
-0.38954991114516285 -1.0 52:1.0 229:1.0 
-1.0 -1.0 
-1.0 -1.0 
-1.0 -1.0 
-0.01989714380943587 -1.0 154:1.0 265:1.0 
-1.0 -1.0 
-1.0 -1.0 
-1.0 -1.0 
-1.0 -1.0 
-0.39734844800343144 -1.0 61:1.0 139:1.0 
-1.0 -1.0 
-1.0 -1.0 
-1.0 -1.0 
-0.3788100325481048 -1.0 267:1.0 
-1.0 -1.0 
-1.0 -1.0 
-1.0 -1.0 
-0.0 -1.0 16:1.0 
-0.39152015817969693 -1.0 154:1.0 248:1.0 
-0.0 -1.0 53:1.0 194:1.0 
-0.0 -1.0 257:1.0 
-1.0 -1.0 
-1.0 -1.0 
-1.0 -1.0 
-1.0 -1.0 
-0.0 -1.0 255:1.0 
-0.39038025143688476 -1.0 200:1.0 
-1.0 -1.0 
-1.0 -1.0 
-1.0 -1.0 
-0.0 -1.0 162:1.0 
-1.0 -1.0 
-1.0 -1.0 14:1.0 15:1.0 
-0.38888734861099306 -1.0 34:1.0 
-0.0 -1.0 80:1.0 196:1.0 
-0.39385927354554234 -1.0 166:1.0 
-1.0 -1.0 
-1.0 -1.0 
-0.0 -1.0 201:1.0 
-0.0 -1.0 26:1.0 73:1.0 149:1.0 
-1.0 -1.0 
-0.3766608277132438 -1.0 190:1.0 
-1.0 -1.0 
-1.0 -1.0 
-0.3938589464377766 -1.0 68:1.0 
-1.0 -1.0 
-1.0 -1.0 
-1.0 -1.0 
-1.0 -1.0 
-1.0 -1.0 
-0.3895037323601736 -1.0 31:1.0 
-0.8768618676112078 -1.0 73:1.0 146:1.0 168:1.0 
-1.0 -1.0 
-1.0 -1.0 
-1.0 -1.0 
-1.0 -1.0 
-0.4014949092064929 -1.0 65:1.0 157:1.0 
-0.0 -1.0 184:1.0 
-0.37666082771324344 -1.0 255:1.0 
-0.14456275751709582 -1.0 110:1.0 265:1.0 
-0.38950129833124636 -1.0 39:1.0 
-1.0 -1.0 
-1.0 -1.0 141:1.0 274:1.0 
-1.0 -1.0 
-1.0 -1.0 
-1.0 -1.0 
-1.0 -1.0 
-1.0 -1.0 
-1.0 -1.0 
-1.0 -1.0 99:1.0 
-1.0 -1.0 
-1.0 -1.0 
-1.0 -1.0 
-1.0 -1.0 
-1.0 -1.0 
-0.0 -1.0 162:1.0 
-1.0 -1.0 
-1.0 -1.0 
-1.0 -1.0 
-1.0 -1.0 
-1.0 -1.0 35:1.0 186:1.0 258:1.0 286:1.0 
-1.0 -1.0 
-1.0 -1.0 
-1.0 -1.0 260:1.0 
-1.0 -1.0 
-1.0 -1.0 
-0.0 -1.0 35:1.0 
-1.0 -1.0 
-0.0 -1.0 32:1.0 113:1.0 174:1.0 251:1.0 279:1.0 287:1.0 313:1.0 
-0.3922902072450363 -1.0 121:1.0 184:1.0 
-1.0 -1.0 
-0.32733649585960223 -1.0 69:1.0 
-0.0 -1.0 163:1.0 
-1.0 -1.0 
-0.3747895610460454 -1.0 179:1.0 
-1.0 -1.0 
-1.0 -1.0 
-1.0 -1.0 
-1.0 -1.0 
-1.0 -1.0 
-1.0 -1.0 
-0.37480634379744343 -1.0 198:1.0 
-0.14302882330032385 -1.0 164:1.0 
-1.0 -1.0 
-0.38389904114429274 -1.0 202:1.0 
-1.0 -1.0 
-1.0 -1.0 
-0.8912664578565981 -1.0 45:1.0 197:1.0 
-0.8773868794277058 -1.0 26:1.0 243:1.0 
-1.0 -1.0 
-1.0 -1.0 
-1.0 -1.0 27:1.0 182:1.0 299:1.0 
-0.38015932836020455 -1.0 137:1.0 
-0.0 -1.0 231:1.0 
-1.0 -1.0 
-1.0 -1.0 
-0.3873604952373306 -1.0 245:1.0 
-1.0 -1.0 
-0.0 -1.0 14:1.0 247:1.0 
-1.0 -1.0 
-0.3946267888656115 -1.0 257:1.0 
-1.0 -1.0 171:1.0 
-0.0 -1.0 58:1.0 
-0.6084820624698091 -1.0 106:1.0 177:1.0 
-1.0 -1.0 
-0.39084318593535605 -1.0 231:1.0 
-1.0 -1.0 
-1.0 -1.0 178:1.0 
-1.0 -1.0 
-1.0 -1.0 
-1.0 -1.0 
-0.0 -1.0 232:1.0 
-0.0 -1.0 2:1.0 
-1.0 -1.0 
-1.0 -1.0 
-0.0 -1.0 222:1.0 
-1.0 -1.0 
-1.0 -1.0 
-1.0 -1.0 
-0.0 -1.0 122:1.0 273:1.0 280:1.0 
-1.0 -1.0 162:1.0 171:1.0 259:1.0 264:1.0 
-0.0 -1.0 85:1.0 
-1.0 -1.0 
-1.0 -1.0 
-0.39211861873694615 -1.0 59:1.0 
-1.0 -1.0 
-0.5945463114353546 -1.0 98:1.0 176:1.0 
-1.0 -1.0 
-1.0 -1.0 
-0.0 -1.0 157:1.0 
-1.0 -1.0 
-1.0 -1.0 
-1.0 -1.0 153:1.0 
-1.0 -1.0 
-1.0 -1.0 147:1.0 211:1.0 298:1.0 
-0.0 -1.0 154:1.0 
-0.0 -1.0 16:1.0 202:1.0 269:1.0 270:1.0 
-0.4997433545984817 -1.0 224:1.0 
-1.0 -1.0 
-1.0 -1.0 
-0.39029358836148104 -1.0 53:1.0 194:1.0 
-1.0 -1.0 
-1.0 -1.0 
-1.0 -1.0 
-1.0 -1.0 
-1.0 -1.0 
-1.0 -1.0 
-1.0 -1.0 
-1.0 -1.0 
-1.0 -1.0 
-1.0 -1.0 70:1.0 
-0.0 -1.0 10:1.0 
-1.0 -1.0 
-1.0 -1.0 
-1.0 -1.0 189:1.0 
-1.0 -1.0 
-1.0 -1.0 
-1.0 -1.0 
-1.0 -1.0 
-0.25713697697122007 -1.0 164:1.0 221:1.0 
-0.24549546145130216 -1.0 97:1.0 108:1.0 
-1.0 -1.0 
-1.0 -1.0 
-1.0 -1.0 
-1.0 -1.0 
-1.0 -1.0 
-1.0 -1.0 
-1.0 -1.0 
-1.0 -1.0 
-0.39468429725084997 -1.0 196:1.0 
-0.7405745735986597 -1.0 150:1.0 162:1.0 270:1.0 
-1.0 -1.0 
-1.0 -1.0 
-1.0 -1.0 
-1.0 -1.0 
-1.0 -1.0 
-0.5733030357352737 -1.0 56:1.0 73:1.0 177:1.0 
-0.0 -1.0 265:1.0 
-1.0 -1.0 176:1.0 
-1.0 -1.0 
-0.6764588704683271 -1.0 184:1.0 
-1.0 -1.0 
-1.0 -1.0 
-1.0 -1.0 
-0.7349253879546457 -1.0 84:1.0 201:1.0 208:1.0 
-1.0 -1.0 
-0.3944971246450259 -1.0 16:1.0 
-1.0 -1.0 
-0.3943090449270947 -1.0 165:1.0 
-0.0 -1.0 203:1.0 220:1.0 
-1.0 -1.0 
-1.0 -1.0 9:1.0 
-1.0 -1.0 
-1.0 -1.0 
-1.0 -1.0 
-1.0 -1.0 
-1.0 -1.0 
-1.0 -1.0 
-1.0 -1.0 
-1.0 -1.0 
-0.0 -1.0 71:1.0 
-1.0 -1.0 
-1.0 -1.0 229:1.0 
-0.0 -1.0 43:1.0 158:1.0 160:1.0 281:1.0 302:1.0 
-1.0 -1.0 
-0.39353426938082803 -1.0 58:1.0 
-1.0 -1.0 
-0.0 -1.0 206:1.0 
-1.0 -1.0 
-0.39037307811006 -1.0 249:1.0 269:1.0 
-1.0 -1.0 
-1.0 -1.0 
-1.0 -1.0 
-1.0 -1.0 13:1.0 84:1.0 
-1.0 -1.0 
-1.0 -1.0 
-0.3926255474619599 -1.0 21:1.0 
-0.40876215451957176 -1.0 43:1.0 158:1.0 160:1.0 281:1.0 302:1.0 
-1.0 -1.0 
-0.389941689501791 -1.0 18:1.0 62:1.0 
-0.0 -1.0 269:1.0 
-1.0 -1.0 
-1.0 -1.0 
-1.0 -1.0 
-1.0 -1.0 
-1.0 -1.0 
-1.0 -1.0 
-1.0 -1.0 97:1.0 
-1.0 -1.0 
-1.0 -1.0 
-1.0 -1.0 
-0.0 -1.0 265:1.0 
-1.0 -1.0 191:1.0 
-1.0 -1.0 244:1.0 
-0.38877445428123725 -1.0 85:1.0 
-1.0 -1.0 
-0.6018855924716257 -1.0 176:1.0 236:1.0 
-0.2545461163035897 -1.0 32:1.0 113:1.0 149:1.0 228:1.0 284:1.0 313:1.0 
-0.0 -1.0 106:1.0 
-0.4024726633303487 -1.0 17:1.0 
-1.0 -1.0 
-1.0 -1.0 
-1.0 -1.0 
-1.0 -1.0 
-1.0 -1.0 
-0.38603092126364813 -1.0 232:1.0 
-0.38958111618309005 -1.0 10:1.0 71:1.0 
-0.3896009277693187 -1.0 20:1.0 129:1.0 
-1.0 -1.0 
-0.38223996959757733 -1.0 88:1.0 
-0.39044717314085464 -1.0 79:1.0 
-1.0 -1.0 
-1.0 -1.0 
-1.0 -1.0 
-0.0 -1.0 203:1.0 
-1.0 -1.0 
-0.0 -1.0 184:1.0 203:1.0 252:1.0 
-0.37728314689185727 -1.0 170:1.0 
-1.0 -1.0 
-1.0 -1.0 
-1.0 -1.0 
-0.3773197497036219 -1.0 101:1.0 
-1.0 -1.0 
-1.0 -1.0 
-1.0 -1.0 
-1.0 -1.0 
-1.0 -1.0 
-1.0 -1.0 
-1.0 -1.0 
-0.39392024784750196 -1.0 156:1.0 
-0.3887770401518247 -1.0 93:1.0 
-0.3748063437974427 -1.0 223:1.0 
-1.0 -1.0 27:1.0 182:1.0 299:1.0 
-0.40708792702860735 -1.0 41:1.0 
-1.0 -1.0 
-1.0 -1.0 
-0.8949565415576429 -1.0 224:1.0 
-1.0 -1.0 258:1.0 
-0.3976677988706052 -1.0 122:1.0 273:1.0 280:1.0 
-0.0 -1.0 206:1.0 
-1.0 -1.0 
-1.0 -1.0 
-1.0 -1.0 
-1.0 -1.0 
-1.0 -1.0 
-1.0 -1.0 
-1.0 -1.0 231:1.0 
-1.0 -1.0 191:1.0 204:1.0 266:1.0 
-1.0 -1.0 
-1.0 -1.0 47:1.0 
-0.0 -1.0 6:1.0 
-0.0 -1.0 14:1.0 70:1.0 
-0.05172096368514802 -1.0 4:1.0 26:1.0 37:1.0 149:1.0 
-1.0 -1.0 
-0.2908871465810714 -1.0 108:1.0 191:1.0 
-1.0 -1.0 99:1.0 
-1.0 -1.0 
-0.3323805547371522 -1.0 37:1.0 184:1.0 
-1.0 -1.0 
-1.0 -1.0 
-1.0 -1.0 
-0.0 -1.0 209:1.0 
-1.0 -1.0 
-0.38348470679628993 -1.0 80:1.0 
-1.0 -1.0 
-1.0 -1.0 
-1.0 -1.0 
-1.0 -1.0 182:1.0 268:1.0 
-1.0 -1.0 
-1.0 -1.0 
-1.0 -1.0 
-1.0 -1.0 
-1.0 -1.0 
-1.0 -1.0 
-1.0 -1.0 
-1.0 -1.0 
-1.0 -1.0 
-1.0 -1.0 
-1.0 -1.0 
-1.0 -1.0 
-1.0 -1.0 103:1.0 138:1.0 
-1.0 -1.0 
-0.25666380199167427 -1.0 110:1.0 
-0.0 -1.0 265:1.0 
-1.0 -1.0 74:1.0 203:1.0 
-1.0 -1.0 
-0.38389904114429285 -1.0 213:1.0 
-0.3878369215884309 -1.0 95:1.0 173:1.0 212:1.0 250:1.0 
-1.0 -1.0 
-1.0 -1.0 
-1.0 -1.0 
-1.0 -1.0 
-0.9012445084542756 -1.0 12:1.0 206:1.0 
-1.0 -1.0 
-1.0 -1.0 
-0.0 -1.0 48:1.0 
-1.0 -1.0 28:1.0 
-1.0 -1.0 
-1.0 -1.0 
-1.0 -1.0 
-1.0 -1.0 
-1.0 -1.0 222:1.0 
-0.715904178764927 -1.0 75:1.0 105:1.0 217:1.0 
-1.0 -1.0 
-0.0 -1.0 48:1.0 
-1.0 -1.0 
-1.0 -1.0 
-1.0 -1.0 
-1.0 -1.0 
-0.38736049523732835 -1.0 163:1.0 
-1.0 -1.0 
-1.0 -1.0 
-0.4190004883816867 -1.0 141:1.0 268:1.0 
-1.0 -1.0 
-0.141765206102314 -1.0 221:1.0 
-1.0 -1.0 
-1.0 -1.0 
-1.0 -1.0 
-1.0 -1.0 231:1.0 
-1.0 -1.0 
-1.0 -1.0 
-1.0 -1.0 
-1.0 -1.0 
-1.0 -1.0 
-1.0 -1.0 
-1.0 -1.0 30:1.0 209:1.0 
-0.38015932836020516 -1.0 218:1.0 
-0.0 -1.0 61:1.0 
-0.37599331747175757 -1.0 222:1.0 
-1.0 -1.0 
-1.0 -1.0 
-1.0 -1.0 
-1.0 -1.0 
-1.0 -1.0 
-1.0 -1.0 
-1.0 -1.0 
-1.0 -1.0 
-0.0 -1.0 157:1.0 
-1.0 -1.0 
-0.0 -1.0 254:1.0 
-1.0 -1.0 
-1.0 -1.0 
-1.0 -1.0 143:1.0 
-1.0 -1.0 
-0.0 -1.0 270:1.0 
-1.0 -1.0 
-0.0 -1.0 32:1.0 113:1.0 174:1.0 251:1.0 279:1.0 287:1.0 313:1.0 
-1.0 -1.0 
-1.0 -1.0 
-1.0 -1.0 
-0.3109429499815144 -1.0 32:1.0 113:1.0 174:1.0 251:1.0 279:1.0 287:1.0 313:1.0 
-1.0 -1.0 
-0.9666392921044753 -1.0 231:1.0 
-1.0 -1.0 
-1.0 -1.0 
-1.0 -1.0 83:1.0 
-1.0 -1.0 
-1.0 -1.0 
-1.0 -1.0 
-0.37561300006355036 -1.0 133:1.0 
-0.3760583607267914 -1.0 193:1.0 
-1.0 -1.0 
-1.0 -1.0 
-1.0 -1.0 
-1.0 -1.0 
-1.0 -1.0 
-1.0 -1.0 
-1.0 -1.0 
-1.0 -1.0 
-1.0 -1.0 
-1.0 -1.0 
-0.3760583607267911 -1.0 51:1.0 
-1.0 -1.0 
-1.0 -1.0 
-0.0 -1.0 217:1.0 
-1.0 -1.0 
-0.7384177232053448 -1.0 118:1.0 142:1.0 237:1.0 
-1.0 -1.0 
-0.0 -1.0 157:1.0 
-1.0 -1.0 
-0.8834703927683812 -1.0 33:1.0 254:1.0 
-1.0 -1.0 
-0.37599331747175285 -1.0 48:1.0 
-1.0 -1.0 
-1.0 -1.0 
-1.0 -1.0 
-0.0 -1.0 73:1.0 
-1.0 -1.0 147:1.0 
-1.0 -1.0 
-1.0 -1.0 
-1.0 -1.0 87:1.0 
-1.0 -1.0 
-0.0 -1.0 265:1.0 
-1.0 -1.0 
-0.0 -1.0 269:1.0 
-0.2396155728480817 -1.0 265:1.0 
-1.0 -1.0 27:1.0 64:1.0 104:1.0 182:1.0 261:1.0 283:1.0 290:1.0 292:1.0 299:1.0 
-1.0 -1.0 
-0.05905718523577365 -1.0 49:1.0 69:1.0 75:1.0 250:1.0 
-1.0 -1.0 230:1.0 
-1.0 -1.0 
-1.0 -1.0 
-1.0 -1.0 
-1.0 -1.0 
-1.0 -1.0 90:1.0 
-0.39160458656489994 -1.0 2:1.0 
-0.37731974970362275 -1.0 136:1.0 
-1.0 -1.0 
-0.3887770914004197 -1.0 94:1.0 
-0.4148978114183119 -1.0 55:1.0 135:1.0 181:1.0 187:1.0 277:1.0 288:1.0 303:1.0 
-0.06687479128377036 -1.0 
-0.0 -1.0 
-0.38903973958076804 -1.0 6:1.0 
-0.0 -1.0 
