svm_type c_svc
kernel_type rbf
gamma 100.0
nr_class 3
total_sv 1592
rho 0.6454303609913793 0.3576210423519737 -0.4541623740842491
label 2 0 1
nr_sv 417 647 528
SV
1.0 1.0 
1.0 0.357421875 271:1.0 
1.0 1.0 
0.64453125 0.357421875 64:1.0 125:1.0 182:1.0 261:1.0 283:1.0 292:1.0 
1.0 1.0 
1.0 1.0 99:1.0 204:1.0 
1.0 1.0 
1.0 1.0 
1.0 1.0 
1.0 1.0 
1.0 1.0 
1.0 1.0 
1.0 1.0 
1.0 1.0 
1.0 1.0 
1.0 1.0 33:1.0 115:1.0 226:1.0 258:1.0 
1.0 1.0 243:1.0 
1.0 1.0 
1.0 1.0 
1.0 1.0 
1.0 1.0 
1.0 1.0 
1.0 0.357421875 151:1.0 
1.0 1.0 
1.0 1.0 
0.64453125 1.0 47:1.0 
1.0 1.0 
1.0 1.0 
1.0 1.0 205:1.0 
1.0 1.0 
1.0 1.0 
1.0 1.0 
1.0 1.0 
1.0 1.0 
1.0 1.0 
1.0 1.0 159:1.0 177:1.0 
1.0 1.0 
1.0 1.0 77:1.0 
1.0 1.0 
1.0 1.0 
1.0 1.0 13:1.0 23:1.0 54:1.0 
1.0 1.0 
1.0 1.0 64:1.0 125:1.0 182:1.0 261:1.0 283:1.0 292:1.0 
1.0 1.0 
1.0 1.0 
1.0 1.0 
1.0 1.0 
1.0 1.0 
1.0 1.0 
1.0 1.0 
1.0 1.0 
1.0 1.0 
1.0 0.357421875 204:1.0 
1.0 1.0 
1.0 1.0 
1.0 1.0 
1.0 1.0 40:1.0 
1.0 1.0 
1.0 1.0 
1.0 1.0 
1.0 1.0 90:1.0 
1.0 1.0 
1.0 1.0 
1.0 1.0 
1.0 1.0 74:1.0 96:1.0 
1.0 0.5 141:1.0 
1.0 1.0 99:1.0 
1.0 1.0 
1.0 1.0 
1.0 1.0 27:1.0 64:1.0 104:1.0 182:1.0 225:1.0 261:1.0 283:1.0 290:1.0 292:1.0 299:1.0 
1.0 1.0 15:1.0 125:1.0 
1.0 1.0 
1.0 1.0 
1.0 1.0 
1.0 1.0 15:1.0 19:1.0 
1.0 1.0 
1.0 1.0 139:1.0 
1.0 1.0 
1.0 1.0 
1.0 1.0 
1.0 1.0 
1.0 1.0 
1.0 1.0 
1.0 1.0 
1.0 1.0 
1.0 1.0 
1.0 1.0 
1.0 1.0 
1.0 1.0 230:1.0 
1.0 1.0 74:1.0 258:1.0 
0.6455078125 0.357421875 266:1.0 
1.0 1.0 27:1.0 64:1.0 104:1.0 182:1.0 261:1.0 283:1.0 290:1.0 292:1.0 299:1.0 
1.0 1.0 
1.0 1.0 266:1.0 
1.0 1.0 
1.0 1.0 
1.0 1.0 13:1.0 103:1.0 
1.0 1.0 12:1.0 
1.0 1.0 19:1.0 
1.0 1.0 
1.0 1.0 219:1.0 
1.0 1.0 
0.6455078125 0.357421875 74:1.0 
1.0 1.0 
1.0 1.0 
1.0 1.0 
1.0 1.0 90:1.0 
1.0 1.0 
1.0 1.0 
1.0 1.0 
1.0 1.0 
1.0 1.0 
1.0 1.0 
1.0 1.0 
1.0 1.0 150:1.0 168:1.0 
1.0 1.0 64:1.0 
1.0 1.0 
1.0 1.0 
1.0 1.0 
1.0 1.0 
1.0 1.0 125:1.0 
1.0 1.0 
1.0 1.0 
1.0 1.0 
1.0 1.0 22:1.0 60:1.0 
1.0 1.0 
1.0 1.0 
1.0 1.0 
1.0 1.0 224:1.0 
1.0 1.0 
1.0 1.0 
1.0 1.0 45:1.0 
1.0 1.0 
1.0 1.0 
1.0 1.0 25:1.0 
1.0 1.0 
1.0 1.0 
1.0 1.0 
1.0 1.0 
1.0 1.0 
1.0 1.0 
1.0 0.357421875 86:1.0 109:1.0 242:1.0 300:1.0 305:1.0 
1.0 1.0 244:1.0 
1.0 1.0 
1.0 1.0 
1.0 1.0 
1.0 1.0 
1.0 1.0 
1.0 1.0 
1.0 1.0 
1.0 1.0 
1.0 1.0 
1.0 1.0 
1.0 1.0 66:1.0 258:1.0 
1.0 1.0 
1.0 1.0 
1.0 1.0 
1.0 1.0 
1.0 1.0 8:1.0 9:1.0 
1.0 1.0 231:1.0 
1.0 1.0 8:1.0 9:1.0 189:1.0 
0.6455078125 1.0 191:1.0 
1.0 1.0 
1.0 1.0 15:1.0 
1.0 1.0 70:1.0 
1.0 1.0 83:1.0 84:1.0 
0.6455078125 1.0 147:1.0 211:1.0 298:1.0 
1.0 1.0 105:1.0 117:1.0 
1.0 1.0 191:1.0 
1.0 1.0 89:1.0 162:1.0 231:1.0 
1.0 1.0 
1.0 1.0 
1.0 1.0 184:1.0 
1.0 1.0 159:1.0 
0.6455078125 0.357421875 264:1.0 
1.0 1.0 151:1.0 
1.0 1.0 89:1.0 
1.0 1.0 
1.0 1.0 
1.0 1.0 
1.0 1.0 30:1.0 89:1.0 
1.0 1.0 
1.0 1.0 
1.0 1.0 
1.0 1.0 
1.0 1.0 143:1.0 182:1.0 225:1.0 261:1.0 283:1.0 
1.0 1.0 132:1.0 
1.0 1.0 
1.0 1.0 153:1.0 
1.0 1.0 
1.0 1.0 
1.0 1.0 
1.0 1.0 
1.0 1.0 
1.0 1.0 
1.0 1.0 171:1.0 
1.0 1.0 
1.0 1.0 229:1.0 
1.0 1.0 
1.0 1.0 
1.0 1.0 143:1.0 
1.0 1.0 
1.0 1.0 
1.0 1.0 
1.0 0.357421875 246:1.0 
1.0 1.0 
1.0 1.0 
1.0 1.0 
1.0 1.0 97:1.0 
0.6455078125 1.0 258:1.0 
1.0 1.0 22:1.0 115:1.0 
1.0 1.0 
1.0 1.0 182:1.0 
1.0 1.0 
1.0 1.0 74:1.0 
1.0 1.0 
1.0 1.0 
1.0 1.0 145:1.0 
1.0 1.0 
1.0 1.0 143:1.0 
1.0 1.0 
1.0 1.0 
1.0 1.0 204:1.0 
1.0 1.0 
1.0 1.0 
1.0 1.0 211:1.0 
1.0 1.0 
1.0 1.0 56:1.0 
1.0 1.0 
1.0 1.0 
1.0 1.0 131:1.0 239:1.0 
1.0 1.0 
1.0 1.0 
1.0 1.0 96:1.0 171:1.0 
1.0 0.8583984375 141:1.0 
1.0 1.0 
1.0 1.0 64:1.0 103:1.0 104:1.0 130:1.0 282:1.0 290:1.0 297:1.0 
1.0 1.0 
1.0 1.0 
1.0 1.0 13:1.0 23:1.0 54:1.0 64:1.0 130:1.0 282:1.0 
1.0 1.0 56:1.0 176:1.0 
1.0 1.0 
1.0 1.0 
1.0 1.0 
1.0 1.0 175:1.0 182:1.0 
1.0 1.0 
1.0 1.0 176:1.0 
0.6455078125 0.357421875 260:1.0 
1.0 1.0 
1.0 1.0 
1.0 1.0 
1.0 1.0 
1.0 1.0 
1.0 1.0 231:1.0 
1.0 1.0 
1.0 1.0 
1.0 1.0 
1.0 1.0 
1.0 1.0 
1.0 1.0 86:1.0 109:1.0 242:1.0 300:1.0 305:1.0 
1.0 1.0 
1.0 1.0 103:1.0 
1.0 1.0 
1.0 1.0 
1.0 1.0 208:1.0 
1.0 1.0 
1.0 1.0 
1.0 1.0 
1.0 1.0 
1.0 1.0 168:1.0 
1.0 1.0 24:1.0 60:1.0 
1.0 1.0 
1.0 1.0 
0.6455078125 1.0 24:1.0 
1.0 1.0 24:1.0 
1.0 1.0 
1.0 1.0 
1.0 1.0 
1.0 1.0 
1.0 1.0 
1.0 1.0 
1.0 1.0 
1.0 1.0 260:1.0 
1.0 1.0 
1.0 1.0 
1.0 1.0 
1.0 1.0 
1.0 1.0 60:1.0 114:1.0 
1.0 1.0 
1.0 1.0 
1.0 1.0 
1.0 1.0 
1.0 1.0 
1.0 1.0 
1.0 1.0 264:1.0 
1.0 1.0 260:1.0 
1.0 1.0 126:1.0 
1.0 1.0 
1.0 1.0 28:1.0 258:1.0 
1.0 1.0 
1.0 1.0 
1.0 1.0 78:1.0 
1.0 1.0 
1.0 1.0 
1.0 1.0 22:1.0 90:1.0 115:1.0 
1.0 1.0 
1.0 1.0 
1.0 1.0 
1.0 1.0 
1.0 1.0 144:1.0 
1.0 1.0 
1.0 1.0 
1.0 1.0 
1.0 1.0 
1.0 1.0 
1.0 1.0 
1.0 1.0 204:1.0 226:1.0 
1.0 1.0 
1.0 1.0 
1.0 1.0 60:1.0 233:1.0 
1.0 1.0 256:1.0 307:1.0 
1.0 1.0 
1.0 1.0 246:1.0 
1.0 1.0 
1.0 1.0 
1.0 1.0 
1.0 1.0 207:1.0 
1.0 1.0 
0.6455078125 0.357421875 72:1.0 92:1.0 195:1.0 278:1.0 306:1.0 
1.0 1.0 18:1.0 
1.0 1.0 178:1.0 
1.0 1.0 117:1.0 
1.0 1.0 
1.0 1.0 
1.0 1.0 
1.0 1.0 
1.0 1.0 96:1.0 
1.0 1.0 
1.0 1.0 258:1.0 
1.0 1.0 
1.0 1.0 
1.0 1.0 
1.0 1.0 
1.0 1.0 
1.0 1.0 
1.0 1.0 
1.0 1.0 
1.0 1.0 
1.0 1.0 
1.0 1.0 
1.0 1.0 
1.0 1.0 72:1.0 92:1.0 195:1.0 278:1.0 306:1.0 
1.0 1.0 
1.0 1.0 
1.0 1.0 
1.0 1.0 
1.0 1.0 
1.0 1.0 
1.0 1.0 
1.0 1.0 
1.0 1.0 
1.0 1.0 
1.0 1.0 
1.0 1.0 54:1.0 
0.6455078125 0.357421875 3:1.0 
1.0 1.0 
1.0 1.0 
1.0 1.0 30:1.0 
1.0 1.0 
1.0 1.0 
1.0 1.0 
1.0 1.0 
1.0 1.0 
1.0 1.0 
1.0 1.0 
1.0 1.0 
1.0 1.0 67:1.0 147:1.0 
1.0 1.0 
1.0 1.0 
1.0 1.0 271:1.0 
1.0 1.0 47:1.0 
1.0 1.0 
1.0 1.0 142:1.0 
1.0 1.0 
1.0 1.0 
1.0 1.0 
1.0 1.0 
1.0 1.0 
1.0 1.0 
1.0 1.0 
1.0 1.0 
1.0 1.0 
1.0 1.0 
1.0 1.0 67:1.0 
1.0 1.0 
1.0 1.0 
1.0 1.0 
1.0 1.0 87:1.0 
1.0 1.0 
1.0 1.0 
1.0 1.0 102:1.0 
1.0 1.0 
1.0 1.0 147:1.0 211:1.0 298:1.0 
1.0 1.0 
1.0 1.0 
1.0 1.0 
1.0 1.0 
1.0 1.0 222:1.0 
1.0 1.0 
1.0 1.0 
1.0 1.0 
1.0 1.0 
1.0 1.0 3:1.0 
1.0 1.0 
1.0 1.0 
1.0 1.0 
1.0 1.0 
-0.3544921875 0.544921875 5:1.0 63:1.0 
-0.3544921875 1.0 83:1.0 
-0.3544921875 0.544921875 184:1.0 259:1.0 
-0.3544921875 0.544921875 52:1.0 
-0.3544921875 0.544921875 50:1.0 274:1.0 
-0.3544921875 1.0 99:1.0 
-0.3544921875 1.0 198:1.0 
-0.3544921875 0.544921875 75:1.0 255:1.0 
-0.3544921875 0.544921875 215:1.0 
-0.3544921875 0.544921875 194:1.0 
-0.3544921875 0.544921875 136:1.0 183:1.0 
-0.0 0.544921875 193:1.0 
-0.3544921875 0.544921875 233:1.0 
-0.3544921875 0.544921875 8:1.0 
-0.3544921875 0.544921875 68:1.0 140:1.0 
-0.3544921875 0.544921875 19:1.0 151:1.0 
-0.0029296875 0.0 241:1.0 
-0.3544921875 0.544921875 210:1.0 289:1.0 
-0.3544921875 0.544921875 6:1.0 88:1.0 192:1.0 269:1.0 
-0.3544921875 0.5458984375 61:1.0 139:1.0 234:1.0 
-0.3544921875 0.5458984375 257:1.0 265:1.0 
-0.3544921875 1.0 137:1.0 
-0.3544921875 0.5458984375 62:1.0 
-0.35546875 0.0 219:1.0 
-0.3544921875 1.0 184:1.0 203:1.0 252:1.0 
-0.3544921875 0.5458984375 259:1.0 
-0.3544921875 0.5458984375 38:1.0 73:1.0 
-0.3544921875 1.0 193:1.0 
-0.35546875 0.0 117:1.0 
-0.3544921875 0.5458984375 226:1.0 
-0.3544921875 0.0 168:1.0 
-0.3544921875 0.5458984375 20:1.0 122:1.0 273:1.0 280:1.0 
-0.3544921875 1.0 2:1.0 
-0.3544921875 1.0 267:1.0 
-0.3544921875 0.5458984375 140:1.0 223:1.0 
-0.3544921875 1.0 16:1.0 
-0.3544921875 0.5458984375 64:1.0 103:1.0 130:1.0 189:1.0 282:1.0 297:1.0 
-0.0029296875 0.0 42:1.0 
-1.0 1.0 87:1.0 
-0.0029296875 0.546875 189:1.0 
-0.3544921875 1.0 196:1.0 
-0.3544921875 0.5458984375 143:1.0 267:1.0 
-0.3544921875 0.5458984375 21:1.0 78:1.0 
-0.3544921875 0.5458984375 27:1.0 50:1.0 182:1.0 299:1.0 304:1.0 
-0.3544921875 0.5458984375 150:1.0 218:1.0 
-0.3544921875 1.0 73:1.0 
-0.3740234375 0.546875 244:1.0 
-0.0029296875 0.0 108:1.0 
-1.0 0.5458984375 125:1.0 
-1.0 0.5458984375 182:1.0 
-0.3544921875 0.5458984375 30:1.0 230:1.0 
-0.3544921875 1.0 129:1.0 
-0.3544921875 0.5458984375 29:1.0 91:1.0 120:1.0 185:1.0 216:1.0 235:1.0 253:1.0 263:1.0 285:1.0 291:1.0 294:1.0 296:1.0 301:1.0 309:1.0 312:1.0 
-0.3544921875 1.0 157:1.0 
-0.9990234375 0.0 144:1.0 
-1.0 0.546875 143:1.0 
-0.0029296875 0.546875 164:1.0 
-0.3544921875 0.5458984375 141:1.0 165:1.0 
-0.0029296875 0.0 44:1.0 100:1.0 124:1.0 295:1.0 308:1.0 
-0.3544921875 0.5458984375 15:1.0 34:1.0 175:1.0 
-0.0 0.546875 21:1.0 
-0.3544921875 0.5458984375 5:1.0 101:1.0 
-0.3544921875 0.5458984375 107:1.0 
-0.3544921875 0.5458984375 121:1.0 198:1.0 
-0.0029296875 0.0 138:1.0 
-0.0 0.546875 133:1.0 
-0.3544921875 1.0 28:1.0 
-0.3544921875 0.5458984375 118:1.0 
-0.3544921875 0.5458984375 111:1.0 269:1.0 
-0.0029296875 0.0 188:1.0 
-0.3544921875 0.5458984375 49:1.0 122:1.0 
-0.3544921875 0.5458984375 94:1.0 116:1.0 
-0.3544921875 0.5458984375 73:1.0 149:1.0 228:1.0 284:1.0 
-0.3544921875 0.5458984375 67:1.0 114:1.0 
-1.0 0.5458984375 204:1.0 
-0.3544921875 0.5458984375 199:1.0 
-0.3544921875 1.0 20:1.0 129:1.0 
-0.3544921875 0.5458984375 214:1.0 
-1.0 0.5458984375 246:1.0 
-0.3544921875 0.5458984375 152:1.0 
-0.0029296875 0.0 237:1.0 
-1.0 0.0 141:1.0 
-0.0029296875 0.0 248:1.0 
-0.0 0.546875 179:1.0 
-0.3544921875 0.5458984375 51:1.0 65:1.0 199:1.0 
-0.3779296875 1.0 231:1.0 
-0.3544921875 0.5458984375 38:1.0 49:1.0 73:1.0 236:1.0 
-1.0 0.5458984375 86:1.0 109:1.0 242:1.0 300:1.0 305:1.0 
-0.0 1.0 85:1.0 
-1.0 1.0 184:1.0 
-0.3544921875 0.5458984375 155:1.0 270:1.0 
-0.0029296875 0.0 192:1.0 
-0.0029296875 0.0 111:1.0 
-0.3544921875 0.5458984375 140:1.0 269:1.0 
-0.3544921875 0.5458984375 4:1.0 175:1.0 240:1.0 
-0.3544921875 0.5458984375 66:1.0 106:1.0 157:1.0 
-1.0 0.5458984375 159:1.0 
-0.0029296875 0.0 275:1.0 
-0.3544921875 0.5458984375 26:1.0 69:1.0 
-0.3544921875 0.5458984375 40:1.0 241:1.0 
-0.37890625 0.0 90:1.0 
-0.0 1.0 255:1.0 
-1.0 1.0 260:1.0 
-0.9990234375 0.5458984375 117:1.0 
-0.0029296875 0.0 183:1.0 
-0.3544921875 0.5458984375 29:1.0 91:1.0 120:1.0 131:1.0 167:1.0 185:1.0 216:1.0 235:1.0 253:1.0 285:1.0 291:1.0 294:1.0 301:1.0 309:1.0 312:1.0 
-0.3544921875 0.5458984375 138:1.0 227:1.0 232:1.0 
-0.3544921875 0.9990234375 21:1.0 
-0.0 0.5625 
-0.0 1.0 
-0.0 1.0 
-0.3544921875 0.5458984375 179:1.0 227:1.0 243:1.0 
-0.3544921875 0.5458984375 127:1.0 172:1.0 238:1.0 
-0.0 0.5625 213:1.0 
-0.3544921875 0.5458984375 238:1.0 
-0.0029296875 0.0 81:1.0 
-1.0 0.5458984375 145:1.0 
-0.0 1.0 
-0.3544921875 0.5458984375 155:1.0 199:1.0 
-0.0 1.0 
-0.0 1.0 
-0.0 1.0 
-0.3544921875 1.0 255:1.0 
-0.0 1.0 
-0.0 1.0 
-0.0 1.0 
-0.0 1.0 
-0.0 1.0 
-0.0 1.0 
-0.0029296875 0.0 140:1.0 
-0.0 1.0 
-0.0 1.0 
-0.0 1.0 
-0.0 0.5625 269:1.0 
-0.0 1.0 
-0.0 1.0 
-0.3544921875 0.5458984375 143:1.0 215:1.0 
-0.3544921875 0.5458984375 75:1.0 
-0.3544921875 0.5458984375 138:1.0 184:1.0 
-0.0 1.0 
-0.3544921875 0.5458984375 59:1.0 73:1.0 
-0.3544921875 0.5458984375 95:1.0 173:1.0 250:1.0 
-0.0 1.0 
-0.0 1.0 
-0.9990234375 0.5625 90:1.0 
-0.3544921875 0.9990234375 133:1.0 
-0.3544921875 0.5458984375 37:1.0 
-0.0 1.0 122:1.0 273:1.0 280:1.0 
-0.0 1.0 
-0.0 1.0 
-0.0 1.0 
-0.0 1.0 
-0.3544921875 0.5458984375 134:1.0 172:1.0 238:1.0 
-0.3544921875 0.5458984375 249:1.0 
-0.0 1.0 
-1.0 1.0 139:1.0 
-0.3544921875 0.5458984375 161:1.0 
-0.0 1.0 
-0.4990234375 0.0 126:1.0 
-0.0 1.0 
-0.3544921875 0.5458984375 46:1.0 64:1.0 104:1.0 166:1.0 182:1.0 225:1.0 261:1.0 283:1.0 290:1.0 292:1.0 
-0.5029296875 0.5625 102:1.0 
-0.0 1.0 
-0.3544921875 0.5458984375 108:1.0 269:1.0 
-1.0 0.5458984375 271:1.0 
-0.0 1.0 
-0.0 1.0 
-0.0 1.0 
-0.0 1.0 
-0.0 1.0 
-0.0 1.0 
-0.3544921875 0.5458984375 51:1.0 68:1.0 
-0.3544921875 0.5458984375 18:1.0 67:1.0 123:1.0 
-0.0 1.0 
-0.0 1.0 
-0.0 1.0 
-0.0 1.0 
-0.0 1.0 
-0.3544921875 0.5458984375 249:1.0 265:1.0 
-0.3544921875 0.5458984375 11:1.0 152:1.0 161:1.0 170:1.0 
-0.3544921875 0.5458984375 25:1.0 197:1.0 
-0.0 1.0 
-0.0 1.0 
-0.0 1.0 
-0.5 1.0 
-0.0029296875 1.0 269:1.0 
-1.0 1.0 
-1.0 1.0 
-1.0 1.0 
-1.0 1.0 
-1.0 1.0 
-1.0 1.0 
-1.0 1.0 
-1.0 1.0 
-0.9990234375 0.5458984375 219:1.0 
-1.0 1.0 
-1.0 1.0 
-0.3544921875 0.5458984375 29:1.0 91:1.0 120:1.0 131:1.0 167:1.0 185:1.0 216:1.0 253:1.0 263:1.0 285:1.0 294:1.0 296:1.0 312:1.0 
-0.3544921875 1.0 254:1.0 
-1.0 1.0 
-1.0 1.0 
-1.0 1.0 
-0.3544921875 0.5458984375 106:1.0 111:1.0 
-0.3544921875 0.5458984375 41:1.0 148:1.0 
-1.0 1.0 
-1.0 1.0 
-1.0 1.0 
-1.0 1.0 
-1.0 1.0 
-1.0 1.0 
-0.3544921875 0.5458984375 212:1.0 
-1.0 1.0 
-1.0 1.0 
-0.0 0.5625 200:1.0 
-1.0 1.0 
-0.3544921875 0.5458984375 68:1.0 212:1.0 
-1.0 1.0 
-0.3544921875 0.5458984375 252:1.0 
-1.0 1.0 
-0.3544921875 0.5458984375 134:1.0 
-1.0 1.0 
-1.0 1.0 
-0.0029296875 0.5625 59:1.0 
-1.0 0.0 40:1.0 
-1.0 1.0 
-0.3544921875 0.5458984375 111:1.0 201:1.0 
-0.3544921875 0.5458984375 58:1.0 116:1.0 
-1.0 1.0 
-1.0 1.0 
-0.3544921875 0.5458984375 67:1.0 75:1.0 91:1.0 265:1.0 
-1.0 1.0 
-1.0 1.0 
-1.0 1.0 
-1.0 1.0 
-0.3544921875 0.5458984375 57:1.0 
-1.0 1.0 
-0.3544921875 0.9833984375 213:1.0 
-1.0 1.0 
-1.0 1.0 
-0.0029296875 0.0 76:1.0 112:1.0 311:1.0 
-0.3544921875 0.9833984375 200:1.0 
-0.0029296875 1.0 55:1.0 135:1.0 181:1.0 187:1.0 277:1.0 288:1.0 303:1.0 
-1.0 1.0 
-1.0 1.0 
-0.0029296875 0.0 36:1.0 169:1.0 173:1.0 202:1.0 293:1.0 
-1.0 1.0 
-1.0 1.0 
-0.3544921875 0.5458984375 173:1.0 
-0.9990234375 1.0 
-1.0 1.0 
-0.0029296875 1.0 276:1.0 
-1.0 1.0 
-1.0 1.0 
-1.0 1.0 99:1.0 
-1.0 1.0 
-1.0 1.0 
-1.0 1.0 
-1.0 1.0 
-1.0 1.0 
-1.0 1.0 
-1.0 1.0 
-0.3544921875 0.5458984375 146:1.0 168:1.0 
-0.3544921875 0.5458984375 11:1.0 180:1.0 
-1.0 1.0 
-1.0 1.0 
-0.3544921875 0.5458984375 66:1.0 110:1.0 
-0.3544921875 1.0 51:1.0 
-0.3544921875 1.0 80:1.0 
-1.0 1.0 
-1.0 1.0 
-0.4990234375 1.0 176:1.0 
-1.0 1.0 
-1.0 1.0 
-1.0 1.0 
-1.0 1.0 
-1.0 1.0 
-0.3544921875 0.5458984375 247:1.0 
-0.3544921875 0.5458984375 33:1.0 
-1.0 1.0 
-1.0 1.0 
-1.0 1.0 
-1.0 1.0 
-1.0 0.5458984375 67:1.0 
-0.3544921875 0.5458984375 7:1.0 119:1.0 270:1.0 310:1.0 
-1.0 1.0 
-1.0 1.0 
-0.3544921875 1.0 165:1.0 
-1.0 1.0 
-1.0 1.0 
-0.3544921875 0.5458984375 234:1.0 
-0.3544921875 0.5458984375 21:1.0 119:1.0 
-1.0 1.0 
-1.0 1.0 
-1.0 0.9990234375 143:1.0 
-1.0 1.0 
-0.3544921875 0.5458984375 38:1.0 73:1.0 227:1.0 
-0.3544921875 0.5458984375 85:1.0 117:1.0 
-1.0 1.0 
-0.8515625 0.9833984375 102:1.0 
-1.0 1.0 
-1.0 1.0 
-1.0 1.0 
-1.0 1.0 
-0.3544921875 0.5458984375 115:1.0 
-1.0 1.0 
-1.0 1.0 
-1.0 0.5458984375 141:1.0 
-0.3544921875 0.5458984375 127:1.0 215:1.0 232:1.0 
-1.0 1.0 
-0.0029296875 0.0 250:1.0 
-1.0 1.0 
-1.0 1.0 
-1.0 1.0 
-1.0 1.0 
-0.3544921875 0.5458984375 268:1.0 
-1.0 1.0 
-1.0 1.0 
-1.0 1.0 
-1.0 1.0 
-0.3544921875 0.5458984375 207:1.0 272:1.0 
-1.0 1.0 
-1.0 1.0 
-0.3544921875 1.0 93:1.0 
-1.0 1.0 
-1.0 1.0 
-1.0 1.0 
-1.0 1.0 
-1.0 0.5458984375 207:1.0 
-1.0 1.0 
-0.0029296875 0.0 149:1.0 228:1.0 284:1.0 
-1.0 1.0 
-1.0 1.0 
-0.3515625 0.9990234375 164:1.0 
-0.3544921875 0.5458984375 31:1.0 244:1.0 
-1.0 1.0 
-1.0 1.0 
-1.0 1.0 
-1.0 1.0 
-1.0 1.0 
-0.3515625 0.9833984375 59:1.0 
-1.0 1.0 
-1.0 1.0 
-1.0 1.0 
-1.0 1.0 
-1.0 1.0 
-1.0 1.0 
-1.0 1.0 
-0.3544921875 0.5458984375 17:1.0 220:1.0 
-1.0 1.0 
-1.0 1.0 
-0.3544921875 0.5458984375 100:1.0 
-0.3544921875 0.5458984375 172:1.0 
-1.0 1.0 
-1.0 1.0 
-1.0 1.0 
-0.3515625 0.5458984375 276:1.0 
-1.0 1.0 
-0.3544921875 0.5458984375 95:1.0 
-1.0 1.0 178:1.0 
-1.0 1.0 
-0.3544921875 0.5458984375 4:1.0 52:1.0 255:1.0 
-1.0 1.0 
-1.0 1.0 
-0.3515625 0.9833984375 269:1.0 
-1.0 1.0 
-1.0 1.0 
-1.0 1.0 
-1.0 1.0 
-0.3544921875 0.5458984375 56:1.0 157:1.0 
-1.0 1.0 
-0.3544921875 0.5458984375 91:1.0 
-1.0 1.0 
-1.0 1.0 
-0.3515625 0.5458984375 55:1.0 135:1.0 181:1.0 187:1.0 277:1.0 288:1.0 303:1.0 
-1.0 1.0 
-1.0 1.0 
-0.3515625 0.5458984375 76:1.0 112:1.0 311:1.0 
-1.0 1.0 
-0.3515625 0.5458984375 188:1.0 
-1.0 1.0 
-1.0 1.0 
-1.0 1.0 
-0.0 1.0 39:1.0 
-1.0 1.0 
-1.0 1.0 
-1.0 1.0 
-1.0 1.0 
-1.0 1.0 
-1.0 1.0 
-1.0 1.0 
-0.3544921875 0.5458984375 9:1.0 42:1.0 78:1.0 
-1.0 1.0 
-1.0 1.0 
-1.0 1.0 
-1.0 1.0 
-1.0 1.0 
-0.3544921875 0.5458984375 107:1.0 114:1.0 180:1.0 231:1.0 
-1.0 1.0 
-1.0 1.0 
-1.0 1.0 
-0.3544921875 0.5458984375 36:1.0 169:1.0 250:1.0 293:1.0 
-0.3544921875 0.5458984375 41:1.0 236:1.0 
-0.3544921875 1.0 170:1.0 
-1.0 1.0 
-0.3544921875 0.5458984375 59:1.0 143:1.0 272:1.0 
-1.0 1.0 
-1.0 1.0 
-0.3544921875 0.5458984375 105:1.0 
-0.0029296875 1.0 162:1.0 
-0.3515625 0.5458984375 250:1.0 
-1.0 1.0 
-0.3544921875 0.5458984375 162:1.0 168:1.0 
-0.85546875 0.5458984375 126:1.0 
-1.0 1.0 
-1.0 1.0 
-0.3544921875 0.5458984375 1:1.0 51:1.0 98:1.0 
-0.85546875 0.5458984375 176:1.0 
-0.3544921875 0.5458984375 35:1.0 46:1.0 88:1.0 186:1.0 286:1.0 
-0.3544921875 1.0 156:1.0 
-1.0 1.0 
-1.0 1.0 
-0.3544921875 0.5458984375 262:1.0 
-1.0 1.0 
-0.9990234375 0.0 132:1.0 
-0.3544921875 0.5458984375 50:1.0 182:1.0 304:1.0 
-0.3544921875 0.5458984375 59:1.0 155:1.0 
-1.0 1.0 
-0.98046875 0.9990234375 244:1.0 
-0.3544921875 0.5458984375 17:1.0 275:1.0 
-0.3515625 1.0 162:1.0 
-1.0 1.0 
-0.3544921875 1.0 35:1.0 
-1.0 1.0 
-0.3515625 0.9990234375 189:1.0 
-1.0 1.0 
-1.0 1.0 
-1.0 1.0 
-0.3515625 0.5458984375 241:1.0 
-0.3544921875 0.5458984375 48:1.0 264:1.0 
-1.0 1.0 
-1.0 1.0 
-1.0 1.0 
-0.3515625 0.5458984375 248:1.0 
-1.0 1.0 
-1.0 1.0 
-1.0 1.0 
-1.0 1.0 
-1.0 1.0 
-1.0 1.0 
-0.3544921875 0.5458984375 29:1.0 91:1.0 120:1.0 185:1.0 216:1.0 235:1.0 253:1.0 285:1.0 291:1.0 294:1.0 301:1.0 309:1.0 312:1.0 
-1.0 1.0 
-1.0 1.0 
-1.0 1.0 
-1.0 1.0 
-1.0 1.0 
-0.3515625 0.5458984375 108:1.0 
-1.0 1.0 
-0.3515625 0.5458984375 275:1.0 
-0.3544921875 0.5458984375 91:1.0 93:1.0 
-0.3544921875 0.5458984375 122:1.0 
-1.0 1.0 
-1.0 0.5458984375 142:1.0 
-1.0 1.0 
-0.3515625 0.5458984375 111:1.0 
-1.0 1.0 
-0.3544921875 0.5458984375 88:1.0 123:1.0 141:1.0 274:1.0 
-1.0 1.0 
-1.0 1.0 
-1.0 1.0 
-0.3515625 0.5458984375 44:1.0 100:1.0 124:1.0 295:1.0 308:1.0 
-1.0 1.0 231:1.0 
-1.0 1.0 
-1.0 1.0 
-0.9765625 0.9833984375 90:1.0 
-1.0 1.0 
-1.0 1.0 
-1.0 1.0 
-1.0 1.0 
-1.0 1.0 
-1.0 1.0 
-1.0 1.0 
-1.0 1.0 
-1.0 1.0 
-1.0 1.0 
-0.3544921875 0.5458984375 272:1.0 
-0.3544921875 0.5458984375 33:1.0 145:1.0 
-0.3515625 0.5458984375 149:1.0 228:1.0 284:1.0 
-0.3544921875 0.5458984375 40:1.0 
-1.0 1.0 
-0.3544921875 0.5458984375 196:1.0 213:1.0 
-0.3515625 0.5458984375 237:1.0 
-0.3515625 0.5458984375 42:1.0 
-1.0 1.0 
-1.0 1.0 
-1.0 1.0 
-1.0 1.0 
-0.3544921875 0.5458984375 45:1.0 102:1.0 
-1.0 1.0 
-1.0 1.0 
-0.3544921875 0.5458984375 20:1.0 
-0.3515625 0.5458984375 81:1.0 
-0.3515625 0.5458984375 36:1.0 169:1.0 173:1.0 202:1.0 293:1.0 
-1.0 0.5458984375 168:1.0 
-1.0 1.0 
-0.3515625 0.5458984375 140:1.0 
-0.3544921875 0.5458984375 5:1.0 121:1.0 198:1.0 
-1.0 1.0 
-0.3544921875 0.5458984375 148:1.0 
-1.0 1.0 
-0.9765625 1.0 231:1.0 
-1.0 1.0 
-1.0 1.0 
-1.0 1.0 
-1.0 1.0 
-0.3544921875 0.5458984375 218:1.0 221:1.0 
-1.0 1.0 
-1.0 1.0 
-0.3515625 0.5458984375 138:1.0 
-1.0 1.0 
-0.3544921875 0.5458984375 59:1.0 118:1.0 
-1.0 1.0 
-0.3515625 0.5458984375 192:1.0 
-1.0 1.0 
-1.0 1.0 
-0.3515625 0.5458984375 183:1.0 
-1.0 1.0 
-1.0 1.0 
-1.0 1.0 
-1.0 1.0 
-0.3544921875 0.5458984375 14:1.0 
-1.0 1.0 
-1.0 1.0 
-0.3544921875 0.5458984375 123:1.0 
-0.3544921875 0.5458984375 57:1.0 116:1.0 
-0.3544921875 0.5458984375 119:1.0 143:1.0 
-1.0 1.0 
-1.0 1.0 
-0.3544921875 0.5458984375 7:1.0 119:1.0 310:1.0 
-1.0 1.0 
-1.0 1.0 
-1.0 1.0 
-1.0 1.0 
-0.3544921875 0.5458984375 42:1.0 59:1.0 
-1.0 1.0 
-1.0 1.0 
-0.3544921875 0.5458984375 128:1.0 
-1.0 1.0 
-1.0 1.0 
-1.0 1.0 
-0.9990234375 0.0 151:1.0 
-0.3544921875 0.5458984375 149:1.0 
-1.0 1.0 
-1.0 1.0 
-1.0 1.0 
-1.0 1.0 
-1.0 1.0 
-1.0 1.0 
-1.0 1.0 
-1.0 1.0 
-1.0 1.0 
-1.0 1.0 
-1.0 1.0 
-1.0 1.0 
-0.3544921875 0.5458984375 59:1.0 232:1.0 
-1.0 1.0 
-1.0 1.0 
-0.3544921875 1.0 101:1.0 
-1.0 1.0 
-1.0 1.0 
-0.3544921875 1.0 94:1.0 
-1.0 1.0 
-1.0 0.5458984375 77:1.0 
-1.0 1.0 
-0.3544921875 1.0 218:1.0 
-1.0 1.0 
-0.3544921875 0.5458984375 127:1.0 
-1.0 1.0 
-1.0 1.0 
-1.0 1.0 
-0.3544921875 0.5458984375 220:1.0 
-1.0 1.0 
-0.3544921875 1.0 31:1.0 
-0.3544921875 0.5458984375 208:1.0 231:1.0 
-1.0 1.0 
-1.0 1.0 
-1.0 1.0 
-1.0 1.0 
-1.0 1.0 
-1.0 1.0 
-1.0 1.0 
-0.0 1.0 190:1.0 
-0.3544921875 0.5458984375 63:1.0 
-1.0 1.0 
-1.0 1.0 
-1.0 1.0 
-1.0 1.0 
-0.35546875 0.5458984375 65:1.0 137:1.0 
-1.0 1.0 
-1.0 1.0 
-1.0 1.0 
-1.0 0.0 151:1.0 
-1.0 1.0 
-1.0 1.0 
-1.0 1.0 
-0.35546875 0.5458984375 132:1.0 
-0.35546875 0.5458984375 116:1.0 
-1.0 1.0 
-1.0 1.0 
-0.35546875 1.0 34:1.0 
-0.35546875 1.0 122:1.0 273:1.0 280:1.0 
-0.35546875 0.5458984375 255:1.0 269:1.0 
-1.0 1.0 
-1.0 1.0 
-0.35546875 0.5458984375 190:1.0 
-1.0 1.0 
-0.35546875 0.5458984375 239:1.0 
-1.0 1.0 
-0.35546875 0.9990234375 179:1.0 
-0.35546875 0.5458984375 75:1.0 114:1.0 
-0.35546875 1.0 85:1.0 
-1.0 1.0 
-0.35546875 0.5458984375 91:1.0 148:1.0 
-0.35546875 0.5458984375 39:1.0 
-1.0 1.0 
-1.0 1.0 
-1.0 1.0 
-1.0 1.0 
-1.0 1.0 205:1.0 
-0.35546875 0.5458984375 29:1.0 120:1.0 131:1.0 167:1.0 185:1.0 263:1.0 296:1.0 312:1.0 
-0.35546875 0.5458984375 82:1.0 
-0.35546875 0.5458984375 146:1.0 
-0.35546875 0.5458984375 35:1.0 111:1.0 186:1.0 286:1.0 
-0.35546875 0.5458984375 77:1.0 155:1.0 156:1.0 247:1.0 
-1.0 1.0 
-0.35546875 0.5458984375 144:1.0 
-1.0 1.0 
-0.35546875 0.5458984375 151:1.0 
-1.0 1.0 
-1.0 1.0 
-0.35546875 0.5458984375 46:1.0 103:1.0 130:1.0 297:1.0 
-1.0 1.0 
-0.35546875 0.5458984375 49:1.0 75:1.0 156:1.0 
-0.35546875 0.5458984375 1:1.0 98:1.0 
-1.0 1.0 
-1.0 1.0 
-0.85546875 0.9833984375 
-0.35546875 0.5458984375 71:1.0 197:1.0 270:1.0 
-0.0 -1.0 
-0.0 -1.0 
-0.0 -1.0 
-0.0 -1.0 
-0.6416015625 -1.0 23:1.0 
-0.0 -1.0 
-0.0 -1.0 
-0.0 -1.0 85:1.0 
-1.0 -1.0 18:1.0 
-0.0 -1.0 
-0.0 -1.0 
-0.0 -1.0 
-0.0 -1.0 
-0.0 -1.0 
-0.0 -1.0 
-0.0 -1.0 
-1.0 -1.0 56:1.0 
-0.0 -1.0 
-1.0 -1.0 205:1.0 
-0.0 -1.0 
-0.0 -1.0 
-0.0 -1.0 
-0.6416015625 -1.0 129:1.0 
-1.0 -1.0 24:1.0 
-0.0 -1.0 
-0.0 -1.0 51:1.0 
-0.0 -1.0 
-0.0 -1.0 
-0.0 -1.0 
-0.0 -1.0 
-0.0 -1.0 
-0.0 -1.0 
-0.0 -1.0 
-1.0 -1.0 139:1.0 
-0.0 -1.0 
-0.0 -1.0 
-0.0 -1.0 
-0.0 -1.0 
-0.0 -1.0 
-0.6416015625 -1.0 276:1.0 
-0.6416015625 -1.0 82:1.0 143:1.0 
-0.0 -1.0 
-0.0 -0.4970703125 203:1.0 
-0.0 -0.4970703125 223:1.0 
-0.0 -1.0 
-0.0 -1.0 
-0.0 -1.0 
-0.0 -0.4970703125 217:1.0 
-0.0 -1.0 
-1.0 -1.0 102:1.0 
-0.0 -1.0 
-0.0 -1.0 
-1.0 -1.0 25:1.0 
-0.0 -1.0 
-0.6416015625 -1.0 115:1.0 258:1.0 
-0.0 -1.0 
-0.0 -1.0 
-0.0 -1.0 
-0.0 -1.0 
-0.6416015625 -1.0 
-0.6416015625 -1.0 52:1.0 229:1.0 
-1.0 -1.0 
-1.0 -1.0 
-1.0 -1.0 
-0.6416015625 -1.0 154:1.0 265:1.0 
-1.0 -1.0 
-1.0 -1.0 
-1.0 -1.0 
-1.0 -1.0 
-0.6416015625 -1.0 61:1.0 139:1.0 
-1.0 -1.0 
-1.0 -1.0 
-1.0 -1.0 
-0.6416015625 -1.0 267:1.0 
-1.0 -1.0 
-1.0 -1.0 
-1.0 -1.0 
-0.0 -1.0 16:1.0 
-0.6416015625 -1.0 154:1.0 248:1.0 
-0.0 -0.4970703125 53:1.0 194:1.0 
-0.0 -0.4970703125 257:1.0 
-1.0 -1.0 
-1.0 -1.0 
-1.0 -1.0 
-1.0 -1.0 
-0.0 -1.0 255:1.0 
-0.6416015625 -1.0 200:1.0 
-1.0 -1.0 
-1.0 -1.0 
-1.0 -1.0 
-0.0 -1.0 162:1.0 
-1.0 -1.0 
-0.6416015625 -1.0 14:1.0 15:1.0 
-0.6416015625 -1.0 34:1.0 
-0.642578125 -1.0 80:1.0 196:1.0 
-0.642578125 -1.0 166:1.0 
-1.0 -1.0 
-1.0 -1.0 
-0.642578125 -1.0 201:1.0 
-0.642578125 -1.0 26:1.0 73:1.0 149:1.0 
-1.0 -1.0 
-0.642578125 -1.0 190:1.0 
-1.0 -1.0 
-1.0 -1.0 
-0.642578125 -1.0 68:1.0 
-1.0 -1.0 
-1.0 -1.0 
-1.0 -1.0 
-1.0 -1.0 
-1.0 -1.0 
-0.642578125 -1.0 31:1.0 
-0.642578125 -1.0 73:1.0 146:1.0 168:1.0 
-1.0 -1.0 
-1.0 -1.0 
-1.0 -1.0 
-1.0 -1.0 
-0.642578125 -1.0 65:1.0 157:1.0 
-0.642578125 -1.0 184:1.0 
-0.642578125 -1.0 255:1.0 
-0.642578125 -1.0 110:1.0 265:1.0 
-0.642578125 -1.0 39:1.0 
-1.0 -1.0 
-0.642578125 -1.0 141:1.0 274:1.0 
-1.0 -1.0 
-1.0 -1.0 
-1.0 -1.0 
-1.0 -1.0 
-1.0 -1.0 
-1.0 -1.0 
-1.0 -1.0 99:1.0 
-1.0 -1.0 
-1.0 -1.0 
-1.0 -1.0 
-1.0 -1.0 
-1.0 -1.0 
-0.642578125 -1.0 162:1.0 
-1.0 -1.0 
-1.0 -1.0 
-1.0 -1.0 
-1.0 -1.0 
-0.642578125 -1.0 35:1.0 186:1.0 258:1.0 286:1.0 
-1.0 -1.0 
-1.0 -1.0 
-1.0 -1.0 260:1.0 
-1.0 -1.0 
-1.0 -1.0 
-0.642578125 -1.0 35:1.0 
-1.0 -1.0 
-0.642578125 -1.0 121:1.0 184:1.0 
-1.0 -1.0 
-0.642578125 -1.0 69:1.0 
-0.0 -0.4970703125 163:1.0 
-1.0 -1.0 
-0.642578125 -1.0 179:1.0 
-1.0 -1.0 
-1.0 -1.0 
-1.0 -1.0 
-1.0 -1.0 
-1.0 -1.0 
-1.0 -1.0 
-0.642578125 -1.0 198:1.0 
-0.642578125 -1.0 164:1.0 
-1.0 -1.0 
-0.642578125 -1.0 202:1.0 
-1.0 -1.0 
-1.0 -1.0 
-0.642578125 -1.0 45:1.0 197:1.0 
-0.642578125 -1.0 26:1.0 243:1.0 
-1.0 -1.0 
-1.0 -1.0 
-0.0 -0.4970703125 27:1.0 182:1.0 299:1.0 
-0.642578125 -1.0 137:1.0 
-0.0 -0.4970703125 231:1.0 
-1.0 -1.0 
-1.0 -1.0 
-0.642578125 -1.0 245:1.0 
-1.0 -1.0 
-0.642578125 -1.0 14:1.0 247:1.0 
-1.0 -1.0 
-0.642578125 -0.95703125 257:1.0 
-1.0 -1.0 171:1.0 
-0.0 -0.4970703125 58:1.0 
-0.642578125 -1.0 106:1.0 177:1.0 
-1.0 -1.0 
-0.0 -1.0 231:1.0 
-1.0 -1.0 
-1.0 -1.0 178:1.0 
-1.0 -1.0 
-1.0 -1.0 
-1.0 -1.0 
-0.0 -0.4970703125 232:1.0 
-0.0 -1.0 2:1.0 
-1.0 -1.0 
-1.0 -1.0 
-1.0 -1.0 
-1.0 -1.0 
-1.0 -1.0 
-0.0 -1.0 122:1.0 273:1.0 280:1.0 
-0.642578125 -1.0 162:1.0 171:1.0 259:1.0 264:1.0 
-0.0 -1.0 85:1.0 
-1.0 -1.0 
-1.0 -1.0 
-0.642578125 -1.0 59:1.0 
-1.0 -1.0 
-0.642578125 -1.0 98:1.0 176:1.0 
-1.0 -1.0 
-1.0 -1.0 
-0.0 -0.4990234375 157:1.0 
-1.0 -1.0 
-1.0 -1.0 
-1.0 -1.0 153:1.0 
-1.0 -1.0 
-1.0 -1.0 147:1.0 211:1.0 298:1.0 
-0.642578125 -1.0 154:1.0 
-0.642578125 -1.0 16:1.0 202:1.0 269:1.0 270:1.0 
-1.0 -0.4970703125 224:1.0 
-1.0 -1.0 
-1.0 -1.0 
-0.642578125 -0.95703125 53:1.0 194:1.0 
-1.0 -1.0 
-1.0 -1.0 
-1.0 -1.0 
-1.0 -1.0 
-1.0 -1.0 
-1.0 -1.0 
-1.0 -1.0 
-1.0 -1.0 
-1.0 -1.0 
-1.0 -1.0 70:1.0 
-0.642578125 -1.0 10:1.0 
-1.0 -1.0 
-1.0 -1.0 
-0.642578125 -1.0 189:1.0 
-1.0 -1.0 
-1.0 -1.0 
-1.0 -1.0 
-1.0 -1.0 
-0.642578125 -1.0 164:1.0 221:1.0 
-0.642578125 -1.0 97:1.0 108:1.0 
-1.0 -1.0 
-1.0 -1.0 
-1.0 -1.0 
-1.0 -1.0 
-1.0 -1.0 
-1.0 -1.0 
-1.0 -1.0 
-1.0 -1.0 
-0.642578125 -1.0 196:1.0 
-0.642578125 -1.0 150:1.0 162:1.0 270:1.0 
-1.0 -1.0 
-1.0 -1.0 
-1.0 -1.0 
-1.0 -1.0 
-1.0 -1.0 
-0.642578125 -1.0 56:1.0 73:1.0 177:1.0 
-1.0 -1.0 176:1.0 
-1.0 -1.0 
-1.0 -1.0 184:1.0 
-1.0 -1.0 
-1.0 -1.0 
-1.0 -1.0 
-0.642578125 -1.0 84:1.0 201:1.0 208:1.0 
-1.0 -1.0 
-0.642578125 -1.0 16:1.0 
-1.0 -1.0 
-0.642578125 -1.0 165:1.0 
-0.642578125 -1.0 203:1.0 220:1.0 
-1.0 -1.0 
-0.642578125 -1.0 9:1.0 
-1.0 -1.0 
-1.0 -1.0 
-1.0 -1.0 
-1.0 -1.0 
-1.0 -1.0 
-1.0 -1.0 
-1.0 -1.0 
-1.0 -1.0 
-0.642578125 -1.0 71:1.0 
-1.0 -1.0 
-1.0 -1.0 229:1.0 
-0.0 -0.4970703125 43:1.0 158:1.0 160:1.0 281:1.0 302:1.0 
-1.0 -1.0 
-0.642578125 -0.95703125 58:1.0 
-1.0 -1.0 
-0.0 -0.4970703125 206:1.0 
-1.0 -1.0 
-0.642578125 -1.0 249:1.0 269:1.0 
-1.0 -1.0 
-1.0 -1.0 
-1.0 -1.0 
-0.642578125 -1.0 13:1.0 84:1.0 
-1.0 -1.0 
-1.0 -1.0 
-0.642578125 -1.0 21:1.0 
-0.642578125 -0.95703125 43:1.0 158:1.0 160:1.0 281:1.0 302:1.0 
-1.0 -1.0 
-0.642578125 -1.0 18:1.0 62:1.0 
-0.0 -1.0 269:1.0 
-1.0 -1.0 
-1.0 -1.0 
-1.0 -1.0 
-1.0 -1.0 
-1.0 -1.0 
-1.0 -1.0 
-1.0 -1.0 97:1.0 
-1.0 -1.0 
-1.0 -1.0 
-1.0 -1.0 
-1.0 -1.0 191:1.0 
-1.0 -1.0 244:1.0 
-0.642578125 -1.0 85:1.0 
-1.0 -1.0 
-0.642578125 -1.0 176:1.0 236:1.0 
-0.642578125 -1.0 32:1.0 113:1.0 149:1.0 228:1.0 284:1.0 313:1.0 
-0.642578125 -1.0 106:1.0 
-0.642578125 -1.0 17:1.0 
-1.0 -1.0 
-1.0 -1.0 
-1.0 -1.0 
-1.0 -1.0 
-1.0 -1.0 
-0.642578125 -0.95703125 232:1.0 
-0.642578125 -1.0 10:1.0 71:1.0 
-0.642578125 -1.0 20:1.0 129:1.0 
-1.0 -1.0 
-0.642578125 -1.0 88:1.0 
-0.642578125 -1.0 79:1.0 
-1.0 -1.0 
-1.0 -1.0 
-1.0 -1.0 
-0.642578125 -0.95703125 203:1.0 
-1.0 -1.0 
-0.642578125 -1.0 184:1.0 203:1.0 252:1.0 
-0.642578125 -1.0 170:1.0 
-1.0 -1.0 
-1.0 -1.0 
-1.0 -1.0 
-0.642578125 -1.0 101:1.0 
-1.0 -1.0 
-1.0 -1.0 
-1.0 -1.0 
-1.0 -1.0 
-1.0 -1.0 
-1.0 -1.0 
-1.0 -1.0 
-0.642578125 -1.0 156:1.0 
-0.642578125 -1.0 93:1.0 
-0.642578125 -0.95703125 223:1.0 
-0.642578125 -0.95703125 27:1.0 182:1.0 299:1.0 
-0.642578125 -1.0 41:1.0 
-1.0 -1.0 
-1.0 -1.0 
-0.642578125 -0.95703125 224:1.0 
-1.0 -1.0 258:1.0 
-0.642578125 -1.0 122:1.0 273:1.0 280:1.0 
-0.642578125 -0.95703125 206:1.0 
-1.0 -1.0 
-1.0 -1.0 
-1.0 -1.0 
-1.0 -1.0 
-1.0 -1.0 
-1.0 -1.0 
-1.0 -1.0 231:1.0 
-0.642578125 -1.0 191:1.0 204:1.0 266:1.0 
-1.0 -1.0 
-1.0 -1.0 47:1.0 
-0.0 -0.4990234375 6:1.0 
-0.642578125 -1.0 14:1.0 70:1.0 
-0.642578125 -1.0 4:1.0 26:1.0 37:1.0 149:1.0 
-1.0 -1.0 
-0.642578125 -1.0 108:1.0 191:1.0 
-0.642578125 -1.0 99:1.0 
-1.0 -1.0 
-0.642578125 -1.0 37:1.0 184:1.0 
-1.0 -1.0 
-1.0 -1.0 
-1.0 -1.0 
-0.642578125 -1.0 209:1.0 
-1.0 -1.0 
-0.642578125 -1.0 80:1.0 
-1.0 -1.0 
-1.0 -1.0 
-1.0 -1.0 
-0.642578125 -1.0 182:1.0 268:1.0 
-1.0 -1.0 
-1.0 -1.0 
-1.0 -1.0 
-1.0 -1.0 
-1.0 -1.0 
-1.0 -1.0 
-1.0 -1.0 
-1.0 -1.0 
-1.0 -1.0 
-1.0 -1.0 
-1.0 -1.0 
-1.0 -1.0 
-0.642578125 -1.0 103:1.0 138:1.0 
-1.0 -1.0 
-0.642578125 -1.0 110:1.0 
-0.642578125 -1.0 74:1.0 203:1.0 
-1.0 -1.0 
-0.642578125 -1.0 213:1.0 
-0.642578125 -1.0 95:1.0 173:1.0 212:1.0 250:1.0 
-1.0 -1.0 
-1.0 -1.0 
-1.0 -1.0 
-1.0 -1.0 
-0.642578125 -1.0 12:1.0 206:1.0 
-1.0 -1.0 
-1.0 -1.0 
-0.642578125 -1.0 28:1.0 
-1.0 -1.0 
-1.0 -1.0 
-1.0 -1.0 
-1.0 -1.0 
-1.0 -0.4970703125 222:1.0 
-0.642578125 -1.0 75:1.0 105:1.0 217:1.0 
-1.0 -1.0 
-0.0 -0.4990234375 48:1.0 
-1.0 -1.0 
-1.0 -1.0 
-1.0 -1.0 
-1.0 -1.0 
-0.642578125 -0.95703125 163:1.0 
-1.0 -1.0 
-1.0 -1.0 
-0.642578125 -1.0 141:1.0 268:1.0 
-1.0 -1.0 
-0.642578125 -1.0 221:1.0 
-1.0 -1.0 
-1.0 -1.0 
-1.0 -1.0 
-1.0 -1.0 231:1.0 
-1.0 -1.0 
-1.0 -1.0 
-1.0 -1.0 
-1.0 -1.0 
-1.0 -1.0 
-1.0 -1.0 
-0.642578125 -1.0 30:1.0 209:1.0 
-0.642578125 -1.0 218:1.0 
-0.642578125 -1.0 61:1.0 
-0.642578125 -0.95703125 222:1.0 
-1.0 -1.0 
-1.0 -1.0 
-1.0 -1.0 
-1.0 -1.0 
-1.0 -1.0 
-1.0 -1.0 
-1.0 -1.0 
-1.0 -1.0 
-0.0 -1.0 157:1.0 
-1.0 -1.0 
-0.642578125 -1.0 254:1.0 
-1.0 -1.0 
-1.0 -1.0 
-1.0 -1.0 143:1.0 
-1.0 -1.0 
-0.642578125 -1.0 270:1.0 
-1.0 -1.0 
-0.0 -0.4970703125 32:1.0 113:1.0 174:1.0 251:1.0 279:1.0 287:1.0 313:1.0 
-1.0 -1.0 
-1.0 -1.0 
-1.0 -1.0 
-0.642578125 -0.95703125 32:1.0 113:1.0 174:1.0 251:1.0 279:1.0 287:1.0 313:1.0 
-1.0 -1.0 
-0.642578125 -0.95703125 231:1.0 
-1.0 -1.0 
-1.0 -1.0 
-0.642578125 -1.0 83:1.0 
-1.0 -1.0 
-1.0 -1.0 
-1.0 -1.0 
-0.642578125 -1.0 133:1.0 
-0.642578125 -1.0 193:1.0 
-1.0 -1.0 
-1.0 -1.0 
-1.0 -1.0 
-1.0 -1.0 
-1.0 -1.0 
-1.0 -1.0 
-1.0 -1.0 
-1.0 -1.0 
-1.0 -1.0 
-1.0 -1.0 
-0.642578125 -1.0 51:1.0 
-1.0 -1.0 
-1.0 -1.0 
-0.6416015625 -0.95703125 217:1.0 
-1.0 -1.0 
-0.6416015625 -1.0 118:1.0 142:1.0 237:1.0 
-1.0 -1.0 
-0.6416015625 -0.955078125 157:1.0 
-1.0 -1.0 
-0.6416015625 -1.0 33:1.0 254:1.0 
-1.0 -1.0 
-0.6416015625 -0.955078125 48:1.0 
-1.0 -1.0 
-1.0 -1.0 
-1.0 -1.0 
-0.6416015625 -1.0 73:1.0 
-0.6416015625 -1.0 147:1.0 
-1.0 -1.0 
-1.0 -1.0 
-1.0 -1.0 87:1.0 
-1.0 -1.0 
-0.0 -0.5 265:1.0 
-1.0 -1.0 
-0.6416015625 -1.0 269:1.0 
-0.6416015625 -0.955078125 265:1.0 
-1.0 -1.0 27:1.0 64:1.0 104:1.0 182:1.0 261:1.0 283:1.0 290:1.0 292:1.0 299:1.0 
-1.0 -1.0 
-0.6416015625 -1.0 49:1.0 69:1.0 75:1.0 250:1.0 
-1.0 -1.0 230:1.0 
-1.0 -1.0 
-1.0 -1.0 
-1.0 -1.0 
-1.0 -1.0 
-1.0 -1.0 90:1.0 
-0.6416015625 -1.0 2:1.0 
-0.6416015625 -1.0 136:1.0 
-1.0 -1.0 
-0.6416015625 -1.0 94:1.0 
-0.6416015625 -1.0 55:1.0 135:1.0 181:1.0 187:1.0 277:1.0 288:1.0 303:1.0 
-1.0 -1.0 
-1.0 -1.0 
-0.6416015625 -0.955078125 6:1.0 
-1.0 -1.0 
