svm_type c_svc
kernel_type rbf
gamma 10.0
nr_class 3
total_sv 1590
rho 0.512644840444114 0.24324437320824668 -0.3273121160815419
label 2 0 1
nr_sv 410 650 530
SV
10.0 10.0 
1.513678751812214 0.0 271:1.0 
10.0 10.0 
10.0 10.0 
1.512637906158473 1.2431300133692127 99:1.0 204:1.0 
10.0 10.0 
10.0 10.0 
10.0 10.0 
10.0 10.0 
10.0 10.0 
10.0 10.0 
10.0 10.0 
10.0 10.0 
10.0 10.0 
1.5126842743949387 1.2431520901892055 33:1.0 115:1.0 226:1.0 258:1.0 
1.5127075475776173 1.2432208261821749 243:1.0 
10.0 10.0 
10.0 10.0 
10.0 10.0 
10.0 10.0 
10.0 10.0 
10.0 0.0 151:1.0 
10.0 10.0 
10.0 10.0 
0.0 1.500011329887265 47:1.0 
10.0 10.0 
10.0 10.0 
10.0 10.0 205:1.0 
10.0 10.0 
10.0 10.0 
10.0 10.0 
10.0 10.0 
10.0 10.0 
10.0 10.0 
1.5126842756427004 1.243095647894553 159:1.0 177:1.0 
10.0 10.0 
10.0 1.2441572627172792 77:1.0 
10.0 10.0 
10.0 10.0 
1.5126843357146365 1.2431520882475382 13:1.0 23:1.0 54:1.0 
10.0 10.0 
1.5126843803176742 1.2431521738370968 64:1.0 125:1.0 182:1.0 261:1.0 283:1.0 292:1.0 
10.0 10.0 
10.0 10.0 
10.0 10.0 
10.0 10.0 
10.0 10.0 
10.0 10.0 
10.0 10.0 
10.0 10.0 
10.0 10.0 
1.5116014413792083 0.0 204:1.0 
10.0 10.0 
10.0 10.0 
10.0 10.0 
10.0 1.2431871000079142 40:1.0 
10.0 10.0 
10.0 10.0 
10.0 10.0 
10.0 1.5000113304024951 90:1.0 
10.0 10.0 
10.0 10.0 
10.0 10.0 
1.512547875989367 1.243039110063784 74:1.0 96:1.0 
10.0 0.0 141:1.0 
10.0 10.0 99:1.0 
10.0 10.0 
10.0 10.0 
1.5126166837952022 1.2431522380000677 27:1.0 64:1.0 104:1.0 182:1.0 225:1.0 261:1.0 283:1.0 290:1.0 292:1.0 299:1.0 
1.512614603330992 1.2430395010104225 15:1.0 125:1.0 
10.0 10.0 
10.0 10.0 
10.0 10.0 
1.5125471697153885 1.2430395755349735 15:1.0 19:1.0 
10.0 10.0 
10.0 10.0 139:1.0 
10.0 10.0 
10.0 10.0 
10.0 10.0 
10.0 10.0 
10.0 10.0 
10.0 10.0 
10.0 10.0 
10.0 10.0 
10.0 10.0 
10.0 10.0 
10.0 10.0 
1.512728789951992 10.0 230:1.0 
1.5125478799996062 1.2430399419556293 74:1.0 258:1.0 
1.5126158602382036 10.0 27:1.0 64:1.0 104:1.0 182:1.0 261:1.0 283:1.0 290:1.0 292:1.0 299:1.0 
10.0 10.0 
1.5127065507379844 1.2441573496255742 266:1.0 
10.0 10.0 
10.0 10.0 
1.512616535075675 1.243095785153573 13:1.0 103:1.0 
1.5127065529252999 1.2432208848607569 12:1.0 
1.5126608984355514 1.2431301539073392 19:1.0 
10.0 10.0 
10.0 1.2431869451059614 219:1.0 
10.0 10.0 
10.0 10.0 
10.0 10.0 
10.0 10.0 
10.0 9.74317565517796 90:1.0 
10.0 10.0 
10.0 10.0 
10.0 10.0 
10.0 10.0 
10.0 10.0 
10.0 10.0 
10.0 10.0 
1.512706466763428 1.2430962761081867 150:1.0 168:1.0 
1.5127065752595885 1.2431865663976447 64:1.0 
10.0 10.0 
10.0 10.0 
10.0 10.0 
10.0 10.0 
10.0 1.243130155858737 125:1.0 
10.0 10.0 
10.0 10.0 
10.0 10.0 
1.512684369682128 1.243151906955022 22:1.0 60:1.0 
10.0 10.0 
10.0 10.0 
10.0 10.0 
1.5127065569189284 10.0 224:1.0 
10.0 10.0 
10.0 10.0 
1.5127286373507742 1.2432208860695573 45:1.0 
10.0 10.0 
10.0 10.0 
1.5127275250536882 10.0 25:1.0 
10.0 10.0 
10.0 10.0 
10.0 10.0 
10.0 10.0 
10.0 10.0 
10.0 10.0 
1.531215968603327 0.0 86:1.0 109:1.0 242:1.0 300:1.0 305:1.0 
10.0 10.0 244:1.0 
10.0 10.0 
10.0 10.0 
10.0 10.0 
10.0 10.0 
10.0 10.0 
10.0 10.0 
10.0 10.0 
10.0 10.0 
10.0 10.0 
10.0 10.0 
1.5126157134428748 1.2430955890418496 66:1.0 258:1.0 
10.0 10.0 
10.0 10.0 
10.0 10.0 
10.0 10.0 
1.5126387468954083 1.2431298455743056 8:1.0 9:1.0 
10.0 10.0 231:1.0 
1.5126164418159507 1.244066633944326 8:1.0 9:1.0 189:1.0 
0.0 1.5000567468215462 191:1.0 
10.0 10.0 
1.5125700987213881 1.2431081234737187 15:1.0 
1.5127075277704205 10.0 70:1.0 
1.5127053819994911 1.243186856370251 83:1.0 84:1.0 
0.0 1.249971643466953 147:1.0 211:1.0 298:1.0 
1.5127287076188378 1.243096336529587 105:1.0 117:1.0 
1.5127065507379835 9.743164094604055 191:1.0 
1.5126852937374693 1.2431526673606148 89:1.0 162:1.0 231:1.0 
10.0 10.0 
10.0 10.0 
10.0 10.0 184:1.0 
10.0 1.2431301083226287 159:1.0 
10.0 1.243186263430888 151:1.0 
1.5126379881150118 1.2431301092974087 89:1.0 
10.0 10.0 
10.0 10.0 
10.0 10.0 
1.5125470874361822 1.2430392622836157 30:1.0 89:1.0 
10.0 10.0 
10.0 10.0 
10.0 10.0 
10.0 10.0 
1.5126843384952848 1.243152238127217 143:1.0 182:1.0 225:1.0 261:1.0 283:1.0 
10.0 1.244112572893599 132:1.0 
10.0 10.0 
1.512706536941646 10.0 153:1.0 
10.0 10.0 
10.0 10.0 
10.0 10.0 
10.0 10.0 
10.0 10.0 
10.0 10.0 
1.5126379913544614 10.0 171:1.0 
10.0 10.0 
1.512706550302466 10.0 229:1.0 
10.0 10.0 
10.0 10.0 
10.0 1.5000567406376757 143:1.0 
10.0 10.0 
10.0 10.0 
10.0 10.0 
1.5156299595062421 0.0 246:1.0 
10.0 10.0 
10.0 10.0 
10.0 10.0 
1.5127073103258377 10.0 97:1.0 
0.0 1.2440247502214452 258:1.0 
1.5126387472832483 1.2430959750809403 22:1.0 115:1.0 
10.0 10.0 
10.0 1.2431640786098366 182:1.0 
10.0 10.0 
1.5125705016944124 1.2431082172426373 74:1.0 
10.0 10.0 
10.0 10.0 
10.0 1.2431866335821264 145:1.0 
10.0 10.0 
10.0 9.7431641459817 143:1.0 
10.0 10.0 
10.0 10.0 
10.0 1.2430739213827955 204:1.0 
10.0 10.0 
10.0 10.0 
1.5127074625117372 1.2441120420595617 211:1.0 
10.0 10.0 
1.5126600286325884 10.0 56:1.0 
10.0 10.0 
10.0 10.0 
1.5127065338787433 1.2431521756394759 131:1.0 239:1.0 
10.0 10.0 
10.0 10.0 
1.5125471062917408 1.2430956963091129 96:1.0 171:1.0 
10.0 1.2432551819013467 141:1.0 
10.0 10.0 
1.5126853349279985 1.2431523088039633 64:1.0 103:1.0 104:1.0 130:1.0 282:1.0 290:1.0 297:1.0 
10.0 10.0 
10.0 10.0 
1.5126851624802955 1.2431523122484895 13:1.0 23:1.0 54:1.0 64:1.0 130:1.0 282:1.0 
1.5126378839170684 1.2431521775275496 56:1.0 176:1.0 
10.0 10.0 
10.0 10.0 
10.0 10.0 
1.5126843438624133 1.24309583199174 175:1.0 182:1.0 
10.0 10.0 
10.0 10.0 176:1.0 
10.0 10.0 
10.0 10.0 
10.0 10.0 
10.0 10.0 
10.0 10.0 
10.0 10.0 231:1.0 
10.0 10.0 
10.0 10.0 
10.0 10.0 
10.0 10.0 
10.0 10.0 
9.980505974861346 1.2431522381681537 86:1.0 109:1.0 242:1.0 300:1.0 305:1.0 
10.0 10.0 
1.5126395031192879 1.2431644492012062 103:1.0 
10.0 10.0 
10.0 10.0 
1.5127301454363755 1.2431864597056497 208:1.0 
10.0 10.0 
10.0 10.0 
10.0 10.0 
10.0 10.0 
10.0 1.243130153976669 168:1.0 
1.5126165434068928 1.2430957366160036 24:1.0 60:1.0 
10.0 10.0 
10.0 10.0 
0.0 1.249954616428688 24:1.0 
1.5126396329690772 9.99317544919814 24:1.0 
10.0 10.0 
10.0 10.0 
10.0 10.0 
10.0 10.0 
10.0 10.0 
10.0 10.0 
10.0 10.0 
1.5156253621908864 1.4999999930437808 260:1.0 
10.0 10.0 
10.0 10.0 
10.0 10.0 
10.0 10.0 
1.5126860206816013 1.2431521673627863 60:1.0 114:1.0 
10.0 10.0 
10.0 10.0 
10.0 10.0 
10.0 10.0 
10.0 10.0 
10.0 10.0 
1.5127274864888425 1.243186589178202 264:1.0 
9.997082276001857 9.743186247942173 260:1.0 
10.0 1.2431870339205844 126:1.0 
10.0 10.0 
1.5126379078505352 1.2431300371684904 28:1.0 258:1.0 
10.0 10.0 
10.0 10.0 
1.5117662852792069 1.243186236979669 78:1.0 
10.0 10.0 
10.0 10.0 
1.512615862524009 1.2430957804101272 22:1.0 90:1.0 115:1.0 
10.0 10.0 
10.0 10.0 
10.0 10.0 
10.0 10.0 
10.0 1.2431862382725796 144:1.0 
10.0 10.0 
10.0 10.0 
10.0 10.0 
10.0 10.0 
10.0 10.0 
10.0 10.0 
1.5126379070783433 1.2430957400300018 204:1.0 226:1.0 
10.0 10.0 
10.0 10.0 
1.5127072797895331 1.2431520346884104 60:1.0 233:1.0 
1.5126843429392254 1.2431521756394757 256:1.0 307:1.0 
10.0 10.0 
9.997076581595342 1.2431865397244921 246:1.0 
10.0 10.0 
10.0 10.0 
10.0 10.0 
10.0 1.2431865230055081 207:1.0 
10.0 10.0 
1.5127075067174265 10.0 18:1.0 
10.0 10.0 178:1.0 
10.0 1.243130131123598 117:1.0 
10.0 10.0 
10.0 10.0 
10.0 10.0 
10.0 10.0 
1.5125703631129785 1.2430738507864443 96:1.0 
10.0 10.0 
1.5115385822505534 9.999026630265353 258:1.0 
10.0 10.0 
10.0 10.0 
10.0 10.0 
10.0 10.0 
10.0 10.0 
10.0 10.0 
10.0 10.0 
10.0 10.0 
10.0 10.0 
10.0 10.0 
10.0 10.0 
10.0 10.0 
1.5126843400418668 1.2431523088329242 72:1.0 92:1.0 195:1.0 278:1.0 306:1.0 
10.0 10.0 
10.0 10.0 
10.0 10.0 
10.0 10.0 
10.0 10.0 
10.0 10.0 
10.0 10.0 
10.0 10.0 
10.0 10.0 
10.0 10.0 
10.0 10.0 
1.5127075437233606 1.243186383294821 54:1.0 
10.0 10.0 
10.0 10.0 
1.5116922518035665 1.2431644076903139 30:1.0 
10.0 10.0 
10.0 10.0 
10.0 10.0 
10.0 10.0 
10.0 10.0 
10.0 10.0 
10.0 10.0 
10.0 10.0 
1.5126842763326311 1.2431308844493363 67:1.0 147:1.0 
10.0 10.0 
10.0 10.0 
9.999027780502075 1.2431864551309137 271:1.0 
1.5127075291467622 9.743175770120649 47:1.0 
10.0 10.0 
10.0 1.2431864552352667 142:1.0 
10.0 10.0 
10.0 10.0 
10.0 10.0 
10.0 10.0 
10.0 10.0 
10.0 10.0 
10.0 10.0 
10.0 10.0 
10.0 10.0 
10.0 10.0 
10.0 1.2431301301308053 67:1.0 
10.0 10.0 
10.0 10.0 
10.0 10.0 
10.0 10.0 87:1.0 
10.0 10.0 
10.0 10.0 
10.0 10.0 102:1.0 
10.0 10.0 
1.5126842711998756 9.993180396343915 147:1.0 211:1.0 298:1.0 
10.0 10.0 
10.0 10.0 
10.0 10.0 
10.0 10.0 
1.512707526710081 10.0 222:1.0 
10.0 10.0 
10.0 10.0 
10.0 10.0 
10.0 10.0 
1.512706539454705 1.2431862372815394 3:1.0 
10.0 10.0 
10.0 10.0 
10.0 10.0 
10.0 10.0 
-0.002923765431029536 0.0 262:1.0 
-0.48729459977849127 0.6728328080853432 5:1.0 63:1.0 
-0.48736214741093153 10.0 83:1.0 
-0.4872934619214198 0.672893063474044 184:1.0 259:1.0 
-0.48729346674477175 0.6728893100459533 52:1.0 
-0.4873157243572568 0.6728634250373278 50:1.0 274:1.0 
-1.0000000262817923 10.0 99:1.0 
-0.48726986227318014 10.0 198:1.0 
-0.48726972792206297 0.6718590298196083 75:1.0 255:1.0 
-0.48727124049449017 0.6728006472093749 215:1.0 
-0.4872925818254804 0.6728928409827337 194:1.0 
-0.4882553013533957 0.6728932826558927 136:1.0 183:1.0 
-0.0 0.7499546212002696 193:1.0 
-0.4873610427356426 0.6728291042789425 233:1.0 
-0.48736093306860534 0.6728293687176641 8:1.0 
-0.48729234021757845 0.6728931314453377 68:1.0 140:1.0 
-0.48736054977036375 0.6728329421940565 19:1.0 151:1.0 
-0.4873155710781106 0.6728616946635095 210:1.0 289:1.0 
-0.48731561958999114 0.6728632001212702 6:1.0 88:1.0 192:1.0 269:1.0 
-0.48731562869907835 0.6729234960710024 61:1.0 139:1.0 234:1.0 
-0.4873156592596299 0.6729836204538858 257:1.0 265:1.0 
-0.4872698622279773 10.0 137:1.0 
-0.4872925429605936 0.6728930386708921 62:1.0 
-0.4999773216779498 0.0 219:1.0 
-0.4873156604981877 10.0 184:1.0 203:1.0 252:1.0 
-0.4872703518860149 0.6728021093658336 259:1.0 
-0.4872713442983255 0.6728326949289427 38:1.0 73:1.0 
-0.4872924756722967 9.922874748076607 193:1.0 
-1.000000034524793 0.0 117:1.0 
-0.48736201462220746 0.6728293687176639 226:1.0 
-1.0029402700728534 0.0 168:1.0 
-0.48729183299751383 0.6728620939822242 20:1.0 122:1.0 273:1.0 280:1.0 
-0.4872925385950346 10.0 2:1.0 
-0.48727024063520635 10.0 267:1.0 
-0.48729364523328617 0.6728930449281467 140:1.0 223:1.0 
-0.48729230190596107 10.0 16:1.0 
-0.4873155917335374 0.6728634255903344 64:1.0 103:1.0 130:1.0 189:1.0 282:1.0 297:1.0 
-10.0 10.0 87:1.0 
-0.0029177653086066525 0.7499432812606414 189:1.0 
-0.48727252348697997 10.0 196:1.0 
-0.4872945984925988 0.6718590463823134 143:1.0 267:1.0 
-0.4873612154587713 0.671858687171114 21:1.0 78:1.0 
-0.48731495309928363 0.6728634249586494 27:1.0 50:1.0 182:1.0 299:1.0 304:1.0 
-0.4872925668132823 0.6728634474744654 150:1.0 218:1.0 
-0.4872484256971064 10.0 73:1.0 
-0.48727252324527337 0.7499432748234264 244:1.0 
-10.0 0.6728290390388045 125:1.0 
-10.0 0.6728918485530905 182:1.0 
-0.48745292127925927 0.6729198373559341 30:1.0 230:1.0 
-0.48727147965987905 10.0 129:1.0 
-0.48731388625651373 0.6728631795942441 29:1.0 91:1.0 120:1.0 185:1.0 216:1.0 235:1.0 253:1.0 263:1.0 285:1.0 291:1.0 294:1.0 296:1.0 301:1.0 309:1.0 312:1.0 
-0.48726959353967203 10.0 157:1.0 
-0.48729226689235977 0.0 144:1.0 
-10.0 1.000000047405857 143:1.0 
-0.0029237691747509274 0.9999773448650043 164:1.0 
-0.4872928074991893 0.6728328627273872 141:1.0 165:1.0 
-0.0029197395464486964 0.0 44:1.0 100:1.0 124:1.0 295:1.0 308:1.0 
-0.4873155121184166 0.6728634882159443 15:1.0 34:1.0 175:1.0 
-0.0 0.6737428308896786 21:1.0 
-0.48729462452282707 0.6728633527128961 5:1.0 101:1.0 
-0.4872925225863546 0.6728290609338337 107:1.0 
-0.002917878327179736 0.0 39:1.0 
-0.487270462156007 0.6728328090443402 121:1.0 198:1.0 
-0.0 0.749943275076903 133:1.0 
-0.4873620983802372 10.0 28:1.0 
-0.48726995044119453 0.6728022467677504 118:1.0 
-0.48726968597109405 0.6718292394239453 111:1.0 269:1.0 
-0.487293472432353 0.6728328753303019 49:1.0 122:1.0 
-0.48727053247243046 0.6718586813102037 94:1.0 116:1.0 
-0.4872924073531409 0.6728327407211566 73:1.0 149:1.0 228:1.0 284:1.0 
-0.48827814980694006 0.6718590374685443 67:1.0 114:1.0 
-10.0 0.6728311520237154 204:1.0 
-0.48727134727231125 0.6728023497714382 199:1.0 
-0.48727061757434587 10.0 20:1.0 129:1.0 
-0.4872921632894001 0.6728291262537498 214:1.0 
-10.0 0.6718583324814918 246:1.0 
-0.4872934659887267 0.672831079022303 152:1.0 
-0.002923412215664334 0.0 237:1.0 
-10.0 0.0 141:1.0 
-0.002923412447436716 0.0 248:1.0 
-0.002917833132584393 0.0 128:1.0 
-0.002923066445788246 0.7499602934820959 179:1.0 
-0.48731570072391556 0.6728634878234 51:1.0 65:1.0 199:1.0 
-0.48727136826374257 10.0 231:1.0 
-0.48731561836075576 0.6728634447485673 38:1.0 49:1.0 73:1.0 236:1.0 
-10.0 0.6728633770397838 86:1.0 109:1.0 242:1.0 300:1.0 305:1.0 
-0.018529473687161045 10.0 85:1.0 
-10.0 10.0 184:1.0 
-0.48731569686769405 0.6729234504891957 155:1.0 270:1.0 
-0.002923744368232419 0.0 192:1.0 
-0.01852170586586141 0.0 111:1.0 
-0.48727061527574644 0.6718288922072708 140:1.0 269:1.0 
-0.4873157041254597 0.6728634238216993 4:1.0 175:1.0 240:1.0 
-0.48731568610953724 0.6728627409686173 66:1.0 106:1.0 157:1.0 
-10.0 0.6718586762577893 159:1.0 
-0.4873156602957219 0.6729237255625904 26:1.0 69:1.0 
-0.48727252381683717 0.6728023340537495 40:1.0 241:1.0 
-0.5029063838926657 0.0 90:1.0 
-0.0 10.0 255:1.0 
-10.0 10.0 260:1.0 
-9.487338819769494 0.6728022660888997 117:1.0 
-0.002921204580738519 0.0 183:1.0 
-0.48731572460262823 0.6728632208991894 29:1.0 91:1.0 120:1.0 131:1.0 167:1.0 185:1.0 216:1.0 235:1.0 253:1.0 285:1.0 291:1.0 294:1.0 301:1.0 309:1.0 312:1.0 
-0.4873156862210625 0.672863473249036 138:1.0 227:1.0 232:1.0 
-0.4872482245116263 9.999027243440626 21:1.0 
-0.0 1.0000681029883236 
-0.0 10.0 
-0.0 10.0 
-0.4873157277585307 0.6728634428071499 179:1.0 227:1.0 243:1.0 
-0.4873146202062264 0.6728632601192426 127:1.0 172:1.0 238:1.0 
-0.0 0.6874418328209522 213:1.0 
-0.4872924957078531 0.6728328349740738 238:1.0 
-0.0029234118790726574 0.0 81:1.0 
-10.0 0.6728023160489824 145:1.0 
-0.0 10.0 
-0.48729462332308604 0.6728290580998553 155:1.0 199:1.0 
-0.0 10.0 
-0.0 10.0 
-0.0 10.0 
-0.48724827507512447 10.0 255:1.0 
-0.0 10.0 
-0.0 10.0 
-0.0 10.0 
-0.0 10.0 
-0.0 10.0 
-0.0 10.0 
-0.0 10.0 
-0.0 10.0 
-0.0 10.0 
-0.0 1.0000000571955887 269:1.0 
-0.0 10.0 
-0.0 10.0 
-0.4872925179286671 0.6718278331968464 143:1.0 215:1.0 
-0.48724758734428075 0.6727683654023919 75:1.0 
-0.4872934618242689 0.6728930656185028 138:1.0 184:1.0 
-0.0 10.0 
-0.4872713753754155 0.6728326557380625 59:1.0 73:1.0 
-0.48731474546299736 0.6719494756265713 95:1.0 173:1.0 250:1.0 
-0.0 10.0 
-0.0 10.0 
-10.0 0.7499546003312715 90:1.0 
-0.4872922562561828 9.922889532629647 133:1.0 
-0.4872917205902094 0.6728931299289453 37:1.0 
-0.018530095505259025 10.0 122:1.0 273:1.0 280:1.0 
-0.0 10.0 
-0.0 10.0 
-0.0 10.0 
-0.0 10.0 
-0.4873156830982807 0.6728620671403855 134:1.0 172:1.0 238:1.0 
-0.4872705477306696 0.6728625682004157 249:1.0 
-0.0 10.0 
-10.0 10.0 139:1.0 
-0.48729349008139683 0.6728325217315634 161:1.0 
-0.0 10.0 
-0.48729457876090204 0.0 126:1.0 
-0.0 10.0 
-0.48731485909767963 0.672862072819572 46:1.0 64:1.0 104:1.0 166:1.0 182:1.0 225:1.0 261:1.0 283:1.0 290:1.0 292:1.0 
-0.4999319001057633 0.6874418334662075 102:1.0 
-0.0 10.0 
-0.4872704191653447 0.672798888943263 108:1.0 269:1.0 
-10.0 0.6718583344626767 271:1.0 
-0.0 10.0 
-0.0 10.0 
-0.0 10.0 
-0.0 10.0 
-0.0 10.0 
-0.0 10.0 
-0.48729348756254554 0.6720133297792399 51:1.0 68:1.0 
-0.4873155097258092 0.672863485545783 18:1.0 67:1.0 123:1.0 
-0.0 10.0 
-0.0 10.0 
-0.0 10.0 
-0.0 10.0 
-0.0 10.0 
-0.4872946655323075 0.6728930636188342 249:1.0 265:1.0 
-0.48731565793368004 0.6728633184424945 11:1.0 152:1.0 161:1.0 170:1.0 
-0.4873843788575188 0.6729235082958966 25:1.0 197:1.0 
-0.0 10.0 
-0.0 10.0 
-0.0 10.0 
-1.0234789803679845 10.0 
-0.01852294583257751 10.0 269:1.0 
-10.0 10.0 
-10.0 10.0 
-10.0 10.0 
-10.0 10.0 
-10.0 10.0 
-10.0 10.0 
-10.0 10.0 
-10.0 10.0 
-9.987315132785888 0.6718583332630491 219:1.0 
-10.0 10.0 
-10.0 10.0 
-0.4873157027367884 0.6728634249404621 29:1.0 91:1.0 120:1.0 131:1.0 167:1.0 185:1.0 216:1.0 253:1.0 263:1.0 285:1.0 294:1.0 296:1.0 312:1.0 
-0.4872946226264837 10.0 254:1.0 
-10.0 10.0 
-10.0 10.0 
-10.0 10.0 
-0.4872925173469372 0.6728931961721096 106:1.0 111:1.0 
-0.4872927367099536 0.6728930884383846 41:1.0 148:1.0 
-10.0 10.0 
-10.0 10.0 
-10.0 10.0 
-10.0 10.0 
-10.0 10.0 
-10.0 10.0 
-0.48726994939058393 0.6728006444076978 212:1.0 
-10.0 10.0 
-10.0 10.0 
-0.0 0.6874787248065642 200:1.0 
-10.0 10.0 
-0.4872935802738657 0.671920766601705 68:1.0 212:1.0 
-10.0 10.0 
-0.4872934510467041 0.6718583339705892 252:1.0 
-10.0 10.0 
-0.48729349035792385 0.6728328331440583 134:1.0 
-10.0 10.0 
-10.0 10.0 
-0.01852272166728147 0.6717097192207978 59:1.0 
-0.4872704421307423 0.0 40:1.0 
-10.0 10.0 
-0.48729256597860465 0.6719189821281868 111:1.0 201:1.0 
-0.487294600289707 0.6719186303366572 58:1.0 116:1.0 
-10.0 10.0 
-10.0 10.0 
-0.48731561925411493 0.6728620948398842 67:1.0 75:1.0 91:1.0 265:1.0 
-10.0 10.0 
-10.0 10.0 
-10.0 10.0 
-10.0 10.0 
-0.48727141650938505 0.6728020232198576 57:1.0 
-10.0 10.0 
-0.48727252295559753 9.985360321700654 213:1.0 
-10.0 10.0 
-10.0 10.0 
-0.018531587692987794 0.0 76:1.0 112:1.0 311:1.0 
-0.48729458825636723 9.984379608056402 200:1.0 
-0.01851453466759151 1.0000226551347606 55:1.0 135:1.0 181:1.0 187:1.0 277:1.0 288:1.0 303:1.0 
-10.0 10.0 
-10.0 10.0 
-0.0029197849551454436 0.0 36:1.0 169:1.0 173:1.0 202:1.0 293:1.0 
-10.0 10.0 
-10.0 10.0 
-0.487293489436881 0.6728293673327969 173:1.0 
-10.0 10.0 
-10.0 10.0 
-0.0029237678373942875 0.749943272634818 276:1.0 
-10.0 10.0 
-10.0 10.0 
-9.4873620724438 10.0 99:1.0 
-10.0 10.0 
-10.0 10.0 
-10.0 10.0 
-10.0 10.0 
-10.0 10.0 
-10.0 10.0 
-10.0 10.0 
-0.48726961982247946 0.6718884795984036 146:1.0 168:1.0 
-0.48731486175415745 0.6728634844827237 11:1.0 180:1.0 
-10.0 10.0 
-10.0 10.0 
-0.4873156605205205 0.6729236707242525 66:1.0 110:1.0 
-0.48727134670850336 10.0 51:1.0 
-0.48729349170240643 10.0 80:1.0 
-10.0 10.0 
-0.018522543154657248 0.0 140:1.0 
-10.0 10.0 
-0.987339331187936 1.000045458159638 176:1.0 
-10.0 10.0 
-0.0029237672227995217 0.0 188:1.0 
-10.0 10.0 
-10.0 10.0 
-10.0 10.0 
-10.0 10.0 
-0.48729269472703846 0.6728918688802508 247:1.0 
-0.48726986176368464 0.6728625868291722 33:1.0 
-10.0 10.0 
-10.0 10.0 
-10.0 10.0 
-10.0 10.0 
-10.0 0.6728023543242001 67:1.0 
-0.4872918089086559 0.6728326101436549 7:1.0 119:1.0 270:1.0 310:1.0 
-10.0 10.0 
-10.0 10.0 
-0.48727129861282453 10.0 165:1.0 
-10.0 10.0 
-10.0 10.0 
-0.4872934516619358 0.6728327449309478 234:1.0 
-0.4872925414827817 0.6718590401584932 21:1.0 119:1.0 
-10.0 10.0 
-10.0 10.0 
-10.0 9.67280159826099 143:1.0 
-10.0 10.0 
-0.4872936453804238 0.6728328534061359 38:1.0 73:1.0 227:1.0 
-0.4872724348492649 0.6728917809438679 85:1.0 117:1.0 
-10.0 10.0 
-9.98733945049527 9.985360341715698 102:1.0 
-0.0029212938910071506 0.0 275:1.0 
-10.0 10.0 
-10.0 10.0 
-10.0 10.0 
-10.0 10.0 
-0.487360959458817 0.672893039176256 115:1.0 
-10.0 10.0 
-10.0 10.0 
-10.0 0.6729228386276871 141:1.0 
-0.4873156324178718 0.6728620940589268 127:1.0 215:1.0 232:1.0 
-10.0 10.0 
-0.002923088087571359 0.0 250:1.0 
-10.0 10.0 
-10.0 10.0 
-10.0 10.0 
-9.996117924824128 10.0 
-0.48729345256340234 0.6729534302802143 268:1.0 
-10.0 10.0 
-10.0 10.0 
-10.0 10.0 
-10.0 10.0 
-0.48729353265854375 0.6728023324022322 207:1.0 272:1.0 
-10.0 10.0 
-10.0 10.0 
-0.487270263798953 10.0 93:1.0 
-10.0 10.0 
-10.0 10.0 
-10.0 10.0 
-10.0 10.0 
-10.0 0.671828180845591 207:1.0 
-10.0 10.0 
-0.018530094468485747 0.0 149:1.0 228:1.0 284:1.0 
-10.0 10.0 
-10.0 10.0 
-0.0029177245790812 0.0 82:1.0 
-0.48436968464666713 9.672915694225809 164:1.0 
-0.48727126525654063 0.6718586845270129 31:1.0 244:1.0 
-10.0 10.0 
-10.0 10.0 
-10.0 10.0 
-10.0 10.0 
-10.0 10.0 
-0.4686591826872457 10.0 59:1.0 
-10.0 10.0 
-10.0 10.0 
-10.0 10.0 
-10.0 10.0 
-10.0 10.0 
-10.0 10.0 
-10.0 10.0 
-0.4872934653911185 0.6728930634196479 17:1.0 220:1.0 
-10.0 10.0 
-10.0 10.0 
-0.48729345296422133 0.6728327463014897 100:1.0 
-0.48729346971503223 0.6728328053024427 172:1.0 
-10.0 10.0 
-10.0 10.0 
-10.0 10.0 
-0.48436968508993883 9.922889513236797 276:1.0 
-10.0 10.0 
-0.48729349022455604 0.6718583308375823 95:1.0 
-10.0 10.0 178:1.0 
-10.0 10.0 
-0.48731565477545663 0.6728632440042935 4:1.0 52:1.0 255:1.0 
-10.0 10.0 
-10.0 10.0 
-0.46868188638822483 9.671796938016994 269:1.0 
-10.0 10.0 
-10.0 10.0 
-10.0 10.0 
-10.0 10.0 
-0.48832434795954677 0.6729837957241214 56:1.0 157:1.0 
-10.0 10.0 
-0.4872480198535311 0.6717973265281899 91:1.0 
-10.0 10.0 
-10.0 10.0 
-0.46879963831716165 9.672840721470795 55:1.0 135:1.0 181:1.0 187:1.0 277:1.0 288:1.0 303:1.0 
-10.0 10.0 
-10.0 10.0 
-0.46878403104289496 0.6728634230863553 76:1.0 112:1.0 311:1.0 
-10.0 10.0 
-0.48436968558027865 0.6718583337139004 188:1.0 
-10.0 10.0 
-10.0 10.0 
-10.0 10.0 
-0.0 0.7499375977717049 39:1.0 
-10.0 10.0 
-10.0 10.0 
-10.0 10.0 
-10.0 10.0 
-10.0 10.0 
-10.0 10.0 
-10.0 10.0 
-0.4873146260694613 0.6728634473434683 9:1.0 42:1.0 78:1.0 
-10.0 10.0 
-10.0 10.0 
-10.0 10.0 
-10.0 10.0 
-10.0 10.0 
-0.4873149048245138 0.6728631597448855 107:1.0 114:1.0 180:1.0 231:1.0 
-10.0 10.0 
-10.0 10.0 
-10.0 10.0 
-0.48731386513522434 0.6728633364583136 36:1.0 169:1.0 250:1.0 293:1.0 
-0.48731672684788047 0.6729201712924326 41:1.0 236:1.0 
-0.4872925850004358 10.0 170:1.0 
-10.0 10.0 
-0.487315655899579 0.6728632400085166 59:1.0 143:1.0 272:1.0 
-10.0 10.0 
-10.0 10.0 
-0.48736115345119513 0.6728328604348999 105:1.0 
-0.00291656747395457 10.0 162:1.0 
-0.4843703768947229 0.672832743524891 250:1.0 
-10.0 10.0 
-0.48727079717291083 0.6728291262005998 162:1.0 168:1.0 
-10.0 0.671858334099173 126:1.0 
-10.0 10.0 
-10.0 10.0 
-0.48729346628747156 0.6728329082039817 1:1.0 51:1.0 98:1.0 
-9.500022686310153 9.672904505485441 176:1.0 
-0.4873148375164527 0.6728634860405502 35:1.0 46:1.0 88:1.0 186:1.0 286:1.0 
-0.4872934667494897 10.0 156:1.0 
-10.0 10.0 
-10.0 10.0 
-0.48436968576597794 0.6728327647486831 262:1.0 
-10.0 10.0 
-0.4872924769720663 0.0 132:1.0 
-0.4873156186589043 0.6728616933090721 50:1.0 182:1.0 304:1.0 
-0.4882561530483716 0.6718586753453143 59:1.0 155:1.0 
-10.0 10.0 
-10.0 9.92285905769909 244:1.0 
-0.4872936014973165 0.6728928678756108 17:1.0 275:1.0 
-0.4843530118163587 10.0 162:1.0 
-10.0 10.0 
-0.48729254164878283 10.0 35:1.0 
-10.0 10.0 
-0.48437464525054524 9.922889505049222 189:1.0 
-10.0 10.0 
-10.0 10.0 
-10.0 10.0 
-0.48726964319967675 0.6728022892294205 241:1.0 
-0.48738438011094576 0.672923632115876 48:1.0 264:1.0 
-10.0 10.0 
-10.0 10.0 
-10.0 10.0 
-0.48437004054208116 0.6728930394235308 248:1.0 
-10.0 10.0 
-10.0 10.0 
-10.0 10.0 
-10.0 10.0 
-10.0 10.0 
-10.0 10.0 
-0.4873156174529629 0.6728631956542532 29:1.0 91:1.0 120:1.0 185:1.0 216:1.0 235:1.0 253:1.0 285:1.0 291:1.0 294:1.0 301:1.0 309:1.0 312:1.0 
-10.0 10.0 
-10.0 10.0 
-10.0 10.0 
-10.0 10.0 
-10.0 10.0 
-0.48727243739573134 0.6729211308739061 108:1.0 
-0.0029219753590123995 0.0 146:1.0 
-10.0 10.0 
-0.484351230685159 0.6728020607346327 275:1.0 
-0.48727026336372375 0.6718586823578041 91:1.0 93:1.0 
-0.48727128393488184 0.6728022845943533 122:1.0 
-10.0 10.0 
-10.0 0.6728293712536253 142:1.0 
-10.0 10.0 
-0.46870457636850416 0.6727412538260302 111:1.0 
-10.0 10.0 
-0.48731559883669073 0.672863410277339 88:1.0 123:1.0 141:1.0 274:1.0 
-10.0 10.0 
-10.0 10.0 
-10.0 10.0 
-0.4843959190430501 0.6728620508647547 44:1.0 100:1.0 124:1.0 295:1.0 308:1.0 
-10.0 10.0 231:1.0 
-10.0 10.0 
-10.0 10.0 
-9.984385985474175 9.922878164930246 90:1.0 
-10.0 10.0 
-10.0 10.0 
-10.0 10.0 
-10.0 10.0 
-10.0 10.0 
-10.0 10.0 
-10.0 10.0 
-10.0 10.0 
-10.0 10.0 
-10.0 10.0 
-0.002920941479771578 0.0 63:1.0 
-0.4872713009794819 0.6718285396215576 272:1.0 
-0.4872935809466983 0.6718281748506714 33:1.0 145:1.0 
-0.46876346243636025 0.6728328326090482 149:1.0 228:1.0 284:1.0 
-10.0 0.6718281795757223 40:1.0 
-10.0 10.0 
-0.48727137425224243 0.6728329449536526 196:1.0 213:1.0 
-0.48437004075080625 0.6718604716681179 237:1.0 
-0.48727141560226417 0.6718278249968946 42:1.0 
-10.0 10.0 
-10.0 10.0 
-10.0 10.0 
-10.0 10.0 
-0.48832469955788327 0.672832877512775 45:1.0 102:1.0 
-10.0 10.0 
-10.0 10.0 
-0.4872714096978945 0.6728315474533708 20:1.0 
-0.4843700409605064 0.6728310865287606 81:1.0 
-0.4843959191701726 0.6728632877431503 36:1.0 169:1.0 173:1.0 202:1.0 293:1.0 
-9.484376401234869 0.6727717409213685 168:1.0 
-10.0 10.0 
-0.4687045763043869 0.6727410550504052 140:1.0 
-0.4872925205929801 0.6728327191014589 5:1.0 121:1.0 198:1.0 
-10.0 10.0 
-0.48724802178646953 0.6717976722334207 148:1.0 
-10.0 10.0 
-10.0 10.0 231:1.0 
-10.0 10.0 
-10.0 10.0 
-10.0 10.0 
-10.0 10.0 
-0.4872934528452988 0.6729234971382897 218:1.0 221:1.0 
-10.0 10.0 
-10.0 10.0 
-0.4872713080860382 0.6728625138127511 138:1.0 
-10.0 10.0 
-0.4872704390398312 0.6727985596894424 59:1.0 118:1.0 
-10.0 10.0 
-0.48436968035536376 0.6718583394784818 192:1.0 
-10.0 10.0 
-10.0 10.0 
-0.018530113565017714 0.0 7:1.0 119:1.0 310:1.0 
-0.4843512307672818 0.672802112199933 183:1.0 
-10.0 10.0 
-10.0 10.0 
-10.0 10.0 
-10.0 10.0 
-0.4872934520326014 0.6730135463115026 14:1.0 
-10.0 10.0 
-10.0 10.0 
-0.4872934692013759 0.6728327633315927 123:1.0 
-0.48727134624269924 0.6728021083996534 57:1.0 116:1.0 
-0.4873155877001468 0.6718586853633594 119:1.0 143:1.0 
-10.0 10.0 
-10.0 10.0 
-0.46876346225841425 0.6718586892142887 7:1.0 119:1.0 310:1.0 
-10.0 10.0 
-10.0 10.0 
-10.0 10.0 
-10.0 10.0 
-0.4872714334941889 0.672800692367249 42:1.0 59:1.0 
-10.0 10.0 
-10.0 10.0 
-0.48437464297815663 0.6728293687176643 128:1.0 
-10.0 10.0 
-10.0 10.0 
-10.0 10.0 
-0.5028833557300504 0.0 151:1.0 
-0.4872934866692136 0.6728327290392813 149:1.0 
-10.0 10.0 
-10.0 10.0 
-10.0 10.0 
-10.0 10.0 
-10.0 10.0 
-10.0 10.0 
-10.0 10.0 
-10.0 10.0 
-10.0 10.0 
-10.0 10.0 
-10.0 10.0 
-10.0 10.0 
-0.48729355238539823 0.6728930836914984 59:1.0 232:1.0 
-10.0 10.0 
-10.0 10.0 
-0.48726988317370074 10.0 101:1.0 
-10.0 10.0 
-10.0 10.0 
-0.48727033241530043 10.0 94:1.0 
-10.0 10.0 
-10.0 0.6728327653004099 77:1.0 
-10.0 10.0 
-0.48821155569004265 10.0 218:1.0 
-10.0 10.0 
-0.4872934637702332 0.672832764204628 127:1.0 
-10.0 10.0 
-10.0 10.0 
-10.0 10.0 
-0.4872702843517282 0.6728625522351364 220:1.0 
-10.0 10.0 
-0.48727147951644245 10.0 31:1.0 
-0.487361369835996 0.6729218566934109 208:1.0 231:1.0 
-10.0 10.0 
-10.0 10.0 
-10.0 10.0 
-10.0 10.0 
-10.0 10.0 
-10.0 10.0 
-10.0 10.0 
-0.0029178339810399453 0.7499149073345825 190:1.0 
-0.48434945796543766 0.6728022416096373 63:1.0 
-10.0 10.0 
-10.0 10.0 
-10.0 10.0 
-10.0 10.0 
-0.4872935808673448 0.6728634435233276 65:1.0 137:1.0 
-10.0 10.0 
-10.0 10.0 
-10.0 10.0 
-10.0 0.0 151:1.0 
-10.0 10.0 
-10.0 10.0 
-10.0 10.0 
-10.0 0.6728328537839067 132:1.0 
-0.4872262145799297 0.6727410580914477 116:1.0 
-10.0 10.0 
-10.0 10.0 
-0.4872934496718045 10.0 34:1.0 
-0.4687634626128233 10.0 122:1.0 273:1.0 280:1.0 
-0.48727056916538714 0.6728329029410316 255:1.0 269:1.0 
-10.0 10.0 
-10.0 10.0 
-0.4843746428973828 9.922917793975369 190:1.0 
-10.0 10.0 
-0.4873610427533203 0.6728328557715482 239:1.0 
-10.0 10.0 
-0.4843703797531577 9.922872541040185 179:1.0 
-0.4872935829444033 0.671858684623546 75:1.0 114:1.0 
-0.4687407704270423 10.0 85:1.0 
-10.0 10.0 
-0.4872705488896408 0.6728021563488606 91:1.0 148:1.0 
-0.48437464404135666 9.922891770801826 39:1.0 
-10.0 10.0 
-10.0 10.0 
-10.0 10.0 
-10.0 10.0 
-10.0 10.0 205:1.0 
-0.48731562048659766 0.6728634461374506 29:1.0 120:1.0 131:1.0 167:1.0 185:1.0 263:1.0 296:1.0 312:1.0 
-0.48437464140202546 0.6728930441398115 82:1.0 
-0.48434839718889855 0.6727988675651043 146:1.0 
-0.48731565679983685 0.6728632023481914 35:1.0 111:1.0 186:1.0 286:1.0 
-0.4873156187193061 0.6728632452278654 77:1.0 155:1.0 156:1.0 247:1.0 
-10.0 10.0 
-10.0 0.6728328386154239 144:1.0 
-10.0 10.0 
-9.984386738047784 0.6728021547408234 151:1.0 
-10.0 10.0 
-10.0 10.0 
-0.4873167681529628 0.672863134228983 46:1.0 103:1.0 130:1.0 297:1.0 
-10.0 10.0 
-0.48731485636526756 0.6728633346197732 49:1.0 75:1.0 156:1.0 
-0.4872925199828232 0.6718590407367783 1:1.0 98:1.0 
-10.0 10.0 
-10.0 10.0 
-9.468631000623363 9.673084142087946 
-0.48731675498111127 0.6728632038359664 71:1.0 197:1.0 270:1.0 
-0.0 -10.0 
-0.0 -10.0 
-0.0 -10.0 
-0.0 -10.0 
-0.756813482623874 -1.3271706354782136 23:1.0 
-0.0 -10.0 
-0.0 -10.0 
-0.0 -1.500045386790506 85:1.0 
-10.0 -1.327106941109658 18:1.0 
-0.0 -10.0 
-0.0 -10.0 
-0.0 -10.0 
-0.0 -10.0 
-0.0 -10.0 
-0.0 -10.0 
-0.0 -10.0 
-10.0 -1.3271977820434058 56:1.0 
-0.0 -10.0 
-10.0 -10.0 205:1.0 
-0.0 -10.0 
-0.0 -10.0 
-0.0 -10.0 
-0.7567793627184731 -10.0 129:1.0 
-0.005836606469573703 -0.0 265:1.0 
-10.0 -1.3271709437139054 24:1.0 
-0.0 -10.0 
-0.0 -1.5146975192370213 51:1.0 
-0.0 -10.0 
-0.0 -10.0 
-0.006819596977706732 -0.0 43:1.0 158:1.0 160:1.0 281:1.0 302:1.0 
-0.0 -10.0 
-0.0 -10.0 
-0.0 -10.0 
-0.0 -10.0 
-0.0 -10.0 
-10.0 -10.0 139:1.0 
-0.0 -10.0 
-0.0 -10.0 
-0.0 -10.0 
-0.0 -10.0 
-0.0 -10.0 
-0.7568137207812419 -10.0 276:1.0 
-0.7569045256910802 -1.3281711213568101 82:1.0 143:1.0 
-0.0 -10.0 
-0.0 -0.07707536048597635 203:1.0 
-0.0 -0.01464893721314419 223:1.0 
-0.0 -10.0 
-0.0 -10.0 
-0.0 -10.0 
-0.00585972851476901 -0.014648263811560017 217:1.0 
-0.0 -10.0 
-10.0 -10.0 102:1.0 
-0.0 -10.0 
-0.0 -10.0 
-10.0 -1.3271977666062464 25:1.0 
-0.0 -10.0 
-0.7569039556406716 -1.327106922213023 115:1.0 258:1.0 
-0.0 -10.0 
-0.0 -10.0 
-0.0 -10.0 
-0.0 -10.0 
-1.0057470082298496 -10.0 
-0.7568478250970301 -1.327107036172334 52:1.0 229:1.0 
-10.0 -10.0 
-10.0 -10.0 
-10.0 -10.0 
-0.7567789602099213 -1.3270161168716839 154:1.0 265:1.0 
-10.0 -10.0 
-10.0 -10.0 
-10.0 -10.0 
-10.0 -10.0 
-0.7568128683885892 -1.3271068085934146 61:1.0 139:1.0 
-10.0 -10.0 
-10.0 -10.0 
-10.0 -10.0 
-0.7568134796841655 -10.0 267:1.0 
-10.0 -10.0 
-10.0 -10.0 
-10.0 -10.0 
-0.005904994515924855 -1.5156430496754159 16:1.0 
-0.7568133731650865 -1.3271103637275588 154:1.0 248:1.0 
-0.006819468550136529 -0.0 53:1.0 194:1.0 
-0.0 -0.014642493032030987 257:1.0 
-10.0 -10.0 
-10.0 -10.0 
-10.0 -10.0 
-10.0 -10.0 
-0.0 -10.0 255:1.0 
-0.7568132098199105 -10.0 200:1.0 
-10.0 -10.0 
-10.0 -10.0 
-10.0 -10.0 
-0.0 -10.0 162:1.0 
-10.0 -10.0 
-0.7569039489190906 -1.327167352258496 14:1.0 15:1.0 
-0.7568136189334741 -10.0 34:1.0 
-0.7567792820819499 -1.327136577556616 80:1.0 196:1.0 
-0.756813509457918 -1.328141326390864 166:1.0 
-10.0 -10.0 
-10.0 -10.0 
-0.7568136179353213 -1.3271976986878542 201:1.0 
-0.7568479353014057 -1.3271367519664985 26:1.0 73:1.0 149:1.0 
-10.0 -10.0 
-0.7568137676869674 -10.0 190:1.0 
-10.0 -10.0 
-10.0 -10.0 
-0.7558427414050266 -1.3272600635973686 68:1.0 
-10.0 -10.0 
-10.0 -10.0 
-10.0 -10.0 
-10.0 -10.0 
-10.0 -10.0 
-0.7568133739848213 -10.0 31:1.0 
-0.7568472910756638 -1.328141328869142 73:1.0 146:1.0 168:1.0 
-10.0 -10.0 
-10.0 -10.0 
-10.0 -10.0 
-10.0 -10.0 
-0.7568128678383405 -1.3270763339688971 65:1.0 157:1.0 
-0.7567449091127825 -1.3271079044919964 184:1.0 
-0.7568130590163445 -10.0 255:1.0 
-0.7567792783020962 -1.3270161594568357 110:1.0 265:1.0 
-0.7558426974143364 -10.0 39:1.0 
-10.0 -10.0 
-0.7569042161422034 -1.3271671974647699 141:1.0 274:1.0 
-10.0 -10.0 
-10.0 -10.0 
-10.0 -10.0 
-10.0 -10.0 
-10.0 -10.0 
-10.0 -10.0 
-0.9912239319395236 -10.0 99:1.0 
-10.0 -10.0 
-10.0 -10.0 
-10.0 -10.0 
-10.0 -10.0 
-10.0 -10.0 
-0.7568136195575925 -10.0 162:1.0 
-10.0 -10.0 
-10.0 -10.0 
-10.0 -10.0 
-10.0 -10.0 
-0.7568479586128563 -1.327136516156257 35:1.0 186:1.0 258:1.0 286:1.0 
-10.0 -10.0 
-10.0 -10.0 
-10.0 -10.0 260:1.0 
-10.0 -10.0 
-10.0 -10.0 
-0.7568135903145874 -10.0 35:1.0 
-10.0 -10.0 
-0.006808032433246833 -0.0 32:1.0 113:1.0 174:1.0 251:1.0 279:1.0 287:1.0 313:1.0 
-0.7558425720606479 -1.3280505227280563 121:1.0 184:1.0 
-10.0 -10.0 
-0.7568134254458975 -1.3271977170690643 69:1.0 
-0.0 -0.015620386315861792 163:1.0 
-10.0 -10.0 
-0.7558426561434947 -10.0 179:1.0 
-10.0 -10.0 
-10.0 -10.0 
-10.0 -10.0 
-10.0 -10.0 
-10.0 -10.0 
-10.0 -10.0 
-0.7568134812407021 -10.0 198:1.0 
-0.7567788365055105 -10.0 164:1.0 
-10.0 -10.0 
-0.7558428272854398 -1.3271684565519812 202:1.0 
-10.0 -10.0 
-10.0 -10.0 
-0.7569044433608701 -1.3271365169808584 45:1.0 197:1.0 
-0.756904108461287 -1.3281108260401984 26:1.0 243:1.0 
-10.0 -10.0 
-10.0 -10.0 
-0.006819573271993118 -0.01464356685137469 27:1.0 182:1.0 299:1.0 
-0.7568134806145307 -10.0 137:1.0 
-0.0 -0.014642358499890294 231:1.0 
-10.0 -10.0 
-10.0 -10.0 
-0.7568135276590268 -1.3271671454839504 245:1.0 
-10.0 -10.0 
-0.7568476866346677 -1.3281721834239175 14:1.0 247:1.0 
-10.0 -10.0 
-0.7568132768364673 -1.3125553440138613 257:1.0 
-10.0 -1.327167216941233 171:1.0 
-0.005859819983580162 -0.014645172789748263 58:1.0 
-0.7568128268480018 -1.327076369535539 106:1.0 177:1.0 
-10.0 -10.0 
-9.726429160086905E-4 -1.5000453950354597 231:1.0 
-10.0 -10.0 
-10.0 -10.0 178:1.0 
-10.0 -10.0 
-10.0 -10.0 
-10.0 -10.0 
-0.00683066767827714 -0.015622180886992493 232:1.0 
-9.727330306279619E-4 -1.3281416703622837 2:1.0 
-10.0 -10.0 
-10.0 -10.0 
-0.0 -0.014643208979021475 222:1.0 
-10.0 -10.0 
-10.0 -10.0 
-10.0 -10.0 
-0.006819575999967686 -10.0 122:1.0 273:1.0 280:1.0 
-0.756847732157455 -1.3271365141283347 162:1.0 171:1.0 259:1.0 264:1.0 
-0.0019441333279853915 -9.999024535893602 85:1.0 
-10.0 -10.0 
-10.0 -10.0 
-0.7568134162722118 -10.0 59:1.0 
-10.0 -10.0 
-0.7568472264508108 -1.3281406250888408 98:1.0 176:1.0 
-10.0 -10.0 
-10.0 -10.0 
-0.006819076055064939 -0.0771090296357662 157:1.0 
-10.0 -10.0 
-10.0 -10.0 
-10.0 -1.327167101957051 153:1.0 
-10.0 -10.0 
-10.0 -1.3271365740964278 147:1.0 211:1.0 298:1.0 
-0.7567441871568482 -1.3270468116915786 154:1.0 
-0.7568477324539045 -1.32713830236703 16:1.0 202:1.0 269:1.0 270:1.0 
-0.7568129728520041 -0.014644513681867675 224:1.0 
-10.0 -10.0 
-10.0 -10.0 
-0.7500283546018414 -1.3281409573780196 53:1.0 194:1.0 
-10.0 -10.0 
-10.0 -10.0 
-10.0 -10.0 
-10.0 -10.0 
-10.0 -10.0 
-10.0 -10.0 
-10.0 -10.0 
-10.0 -10.0 
-10.0 -10.0 
-10.0 -1.3271070515066175 70:1.0 
-0.7567784600021948 -1.327107211538391 10:1.0 
-10.0 -10.0 
-10.0 -10.0 
-0.7568134822483783 -10.0 189:1.0 
-10.0 -10.0 
-10.0 -10.0 
-10.0 -10.0 
-10.0 -10.0 
-0.7567791529177391 -1.327106892300168 164:1.0 221:1.0 
-0.7568478227526069 -1.3271069416116974 97:1.0 108:1.0 
-10.0 -10.0 
-10.0 -10.0 
-10.0 -10.0 
-10.0 -10.0 
-10.0 -10.0 
-10.0 -10.0 
-10.0 -10.0 
-10.0 -10.0 
-0.7567791235135369 -10.0 196:1.0 
-0.7568472240062388 -1.3271383642250651 150:1.0 162:1.0 270:1.0 
-10.0 -10.0 
-10.0 -10.0 
-10.0 -10.0 
-10.0 -10.0 
-10.0 -10.0 
-0.7568476896072576 -1.3271365741861645 56:1.0 73:1.0 177:1.0 
-0.0 -0.07709648754796931 265:1.0 
-10.0 -10.0 176:1.0 
-10.0 -10.0 
-10.0 -10.0 184:1.0 
-10.0 -10.0 
-10.0 -10.0 
-10.0 -10.0 
-0.7568478271653672 -1.327138320068826 84:1.0 201:1.0 208:1.0 
-10.0 -10.0 
-0.7499829649824148 -9.81249862070232 16:1.0 
-10.0 -10.0 
-0.7568129728370052 -10.0 165:1.0 
-0.7568133742336729 -1.3271071436780906 203:1.0 220:1.0 
-10.0 -10.0 
-0.7568694344027008 -1.3271706362323041 9:1.0 
-10.0 -10.0 
-10.0 -10.0 
-10.0 -10.0 
-10.0 -10.0 
-10.0 -10.0 
-10.0 -10.0 
-10.0 -10.0 
-10.0 -10.0 
-0.7567784100536189 -1.3271069756249818 71:1.0 
-10.0 -10.0 
-10.0 -1.327106987554743 229:1.0 
-10.0 -10.0 
-0.7499829634331441 -1.3125524786905163 58:1.0 
-10.0 -10.0 
-0.006824260355990182 -0.014639652491950013 206:1.0 
-10.0 -10.0 
-0.756813446808944 -1.327201140685682 249:1.0 269:1.0 
-10.0 -10.0 
-10.0 -10.0 
-10.0 -10.0 
-0.7568479402630814 -1.3271368449532925 13:1.0 84:1.0 
-10.0 -10.0 
-10.0 -10.0 
-0.7568135093092356 -10.0 21:1.0 
-0.7500283643895505 -1.3271365140607294 43:1.0 158:1.0 160:1.0 281:1.0 302:1.0 
-10.0 -10.0 
-0.7568479345846176 -1.3271071005101174 18:1.0 62:1.0 
-0.006818853768500469 -10.0 269:1.0 
-10.0 -10.0 
-10.0 -10.0 
-10.0 -10.0 
-10.0 -10.0 
-10.0 -10.0 
-10.0 -10.0 
-10.0 -1.3271106931503673 97:1.0 
-10.0 -10.0 
-10.0 -10.0 
-10.0 -10.0 
-10.0 -1.3271071381950181 191:1.0 
-10.0 -10.0 244:1.0 
-0.7538986939575254 -9.8281278589229 85:1.0 
-10.0 -10.0 
-0.7568478872873831 -1.3281409685403558 176:1.0 236:1.0 
-0.7568480840620144 -1.3271368875345995 32:1.0 113:1.0 149:1.0 228:1.0 284:1.0 313:1.0 
-0.7567790413117546 -1.3281115432882864 106:1.0 
-0.7568135684675135 -1.3272283127365507 17:1.0 
-10.0 -10.0 
-10.0 -10.0 
-10.0 -10.0 
-10.0 -10.0 
-10.0 -10.0 
-0.7499829616295213 -1.3125496481517132 232:1.0 
-0.7567791954233054 -1.3270178968497057 10:1.0 71:1.0 
-0.756813528554283 -10.0 20:1.0 129:1.0 
-10.0 -10.0 
-0.7568137641528969 -1.3271709219363992 88:1.0 
-0.7568137237174613 -1.327167482409129 79:1.0 
-10.0 -10.0 
-10.0 -10.0 
-10.0 -10.0 
-0.7567441832059422 -1.2499716008241415 203:1.0 
-10.0 -10.0 
-0.7568478240266595 -10.0 184:1.0 203:1.0 252:1.0 
-0.7568127683033016 -10.0 170:1.0 
-10.0 -10.0 
-10.0 -10.0 
-10.0 -10.0 
-0.7568135854902942 -10.0 101:1.0 
-10.0 -10.0 
-10.0 -10.0 
-10.0 -10.0 
-10.0 -10.0 
-10.0 -10.0 
-10.0 -10.0 
-10.0 -10.0 
-0.7568133741056061 -10.0 156:1.0 
-0.7568132829872751 -10.0 93:1.0 
-0.7568134151653841 -1.3125525119280095 223:1.0 
-0.7500283649055102 -1.3124943194365795 27:1.0 182:1.0 299:1.0 
-0.7568134817533496 -1.3272283780557077 41:1.0 
-10.0 -10.0 
-10.0 -10.0 
-10.0 -1.3125227040853669 224:1.0 
-10.0 -1.3271069647402878 258:1.0 
-0.7500283597544672 -10.0 122:1.0 273:1.0 280:1.0 
-0.7499545691555349 -1.3124673800064874 206:1.0 
-10.0 -10.0 
-10.0 -10.0 
-10.0 -10.0 
-10.0 -10.0 
-10.0 -10.0 
-10.0 -10.0 
-0.9902296030535452 -10.0 231:1.0 
-0.7568472353476793 -1.3271368861881796 191:1.0 204:1.0 266:1.0 
-10.0 -10.0 
-10.0 -1.3271688530045247 47:1.0 
-0.0 -0.015620398276970454 6:1.0 
-0.7568479698210342 -1.3271069922675671 14:1.0 70:1.0 
-0.7568477829615755 -1.3271365144180365 4:1.0 26:1.0 37:1.0 149:1.0 
-10.0 -10.0 
-0.7569043303164548 -1.3271069618065927 108:1.0 191:1.0 
-9.765645895355842 -10.0 99:1.0 
-10.0 -10.0 
-0.7568133833705638 -1.3271070142605692 37:1.0 184:1.0 
-10.0 -10.0 
-10.0 -10.0 
-10.0 -10.0 
-0.7567793572041338 -1.327106945917783 209:1.0 
-10.0 -10.0 
-0.7567791240261845 -10.0 80:1.0 
-10.0 -10.0 
-10.0 -10.0 
-10.0 -10.0 
-0.7569041725224899 -1.328171479725706 182:1.0 268:1.0 
-10.0 -10.0 
-10.0 -10.0 
-10.0 -10.0 
-10.0 -10.0 
-10.0 -10.0 
-10.0 -10.0 
-10.0 -10.0 
-10.0 -10.0 
-10.0 -10.0 
-10.0 -10.0 
-10.0 -10.0 
-10.0 -10.0 
-0.7569037516367587 -1.328141314481695 103:1.0 138:1.0 
-10.0 -10.0 
-0.7567784105763079 -1.327137366634066 110:1.0 
-0.755899011048948 -1.3270765524502326 74:1.0 203:1.0 
-10.0 -10.0 
-0.7568135898448686 -10.0 213:1.0 
-0.7568480849042021 -1.3271671708083868 95:1.0 173:1.0 212:1.0 250:1.0 
-10.0 -10.0 
-10.0 -10.0 
-10.0 -10.0 
-10.0 -10.0 
-0.7568702091972352 -1.3270762193838643 12:1.0 206:1.0 
-10.0 -10.0 
-10.0 -10.0 
-0.0 -0.014644725449475352 48:1.0 
-0.7568700310306626 -10.0 28:1.0 
-10.0 -10.0 
-10.0 -10.0 
-10.0 -10.0 
-10.0 -10.0 
-0.9911782781257082 -0.0 222:1.0 
-0.7568472884983819 -1.327136686837047 75:1.0 105:1.0 217:1.0 
-10.0 -10.0 
-10.0 -10.0 
-10.0 -10.0 
-10.0 -10.0 
-10.0 -10.0 
-0.7568134809161456 -1.3125212793472214 163:1.0 
-10.0 -10.0 
-10.0 -10.0 
-0.7569039494136234 -1.3271977446564986 141:1.0 268:1.0 
-10.0 -10.0 
-0.7567783866331258 -1.3271374982585822 221:1.0 
-10.0 -10.0 
-10.0 -10.0 
-10.0 -10.0 
-10.0 -10.0 231:1.0 
-10.0 -10.0 
-10.0 -10.0 
-10.0 -10.0 
-10.0 -10.0 
-10.0 -10.0 
-10.0 -10.0 
-0.7568691444333724 -1.327076353777811 30:1.0 209:1.0 
-0.7568137661705194 -10.0 218:1.0 
-0.7567789473089314 -1.3271069035107934 61:1.0 
-9.765635270180393 -1.3125241133327892 222:1.0 
-10.0 -10.0 
-10.0 -10.0 
-10.0 -10.0 
-10.0 -10.0 
-10.0 -10.0 
-10.0 -10.0 
-10.0 -10.0 
-10.0 -10.0 
-0.0 -1.25002838435838 157:1.0 
-10.0 -10.0 
-0.7567790362489242 -10.0 254:1.0 
-10.0 -10.0 
-10.0 -10.0 
-10.0 -10.0 143:1.0 
-10.0 -10.0 
-0.7568136136270486 -1.3271977652386988 270:1.0 
-10.0 -10.0 
-10.0 -10.0 
-10.0 -10.0 
-10.0 -10.0 
-0.7500396999473724 -1.3271365752057167 32:1.0 113:1.0 174:1.0 251:1.0 279:1.0 287:1.0 313:1.0 
-10.0 -10.0 
-9.76561114587335 -9.812509940216854 231:1.0 
-10.0 -10.0 
-10.0 -10.0 
-0.7568698779126765 -10.0 83:1.0 
-10.0 -10.0 
-10.0 -10.0 
-10.0 -10.0 
-0.7568136982063843 -10.0 133:1.0 
-0.7568136184039579 -10.0 193:1.0 
-10.0 -10.0 
-10.0 -10.0 
-10.0 -10.0 
-10.0 -10.0 
-10.0 -10.0 
-10.0 -10.0 
-10.0 -10.0 
-10.0 -10.0 
-10.0 -10.0 
-10.0 -10.0 
-0.7568136196563255 -9.8125014708549 51:1.0 
-10.0 -10.0 
-10.0 -10.0 
-0.7499829670424635 -1.3125227029257485 217:1.0 
-10.0 -10.0 
-0.7568479127722986 -1.3271366053584082 118:1.0 142:1.0 237:1.0 
-10.0 -10.0 
-0.7499602612807017 -10.0 157:1.0 
-10.0 -10.0 
-0.7568131511165639 -1.3271671455966783 33:1.0 254:1.0 
-10.0 -10.0 
-0.7568134657604556 -1.3125567471732427 48:1.0 
-10.0 -10.0 
-10.0 -10.0 
-10.0 -10.0 
-0.7568136784096626 -10.0 73:1.0 
-0.7568698558676238 -1.3281416687164 147:1.0 
-10.0 -10.0 
-10.0 -10.0 
-10.0 -10.0 87:1.0 
-10.0 -10.0 
-10.0 -10.0 
-0.749960275837175 -10.0 269:1.0 
-0.7499375498505474 -1.2500113439236116 265:1.0 
-10.0 -1.3271365748551085 27:1.0 64:1.0 104:1.0 182:1.0 261:1.0 283:1.0 290:1.0 292:1.0 299:1.0 
-10.0 -10.0 
-0.7568478655012063 -1.3271368000392418 49:1.0 69:1.0 75:1.0 250:1.0 
-10.0 -1.3272014715274207 230:1.0 
-10.0 -10.0 
-10.0 -10.0 
-10.0 -10.0 
-10.0 -10.0 
-10.0 -10.0 90:1.0 
-0.7558407117661086 -10.0 2:1.0 
-0.7568134446306556 -1.3281721823620374 136:1.0 
-10.0 -10.0 
-0.7568134593430758 -10.0 94:1.0 
-0.7558769284170386 -10.0 55:1.0 135:1.0 181:1.0 187:1.0 277:1.0 288:1.0 303:1.0 
-10.0 -10.0 
-10.0 -10.0 
-0.7568129041442981 -1.3125212719720125 6:1.0 
-9.750000084213495 -10.0 
