svm_type c_svc
kernel_type rbf
gamma 0.01
nr_class 3
total_sv 1524
rho 0.9886159801483159 0.990027554929256 -0.9963692861866251
label 2 0 1
nr_sv 419 568 537
SV
0.01 0.01 
0.01 0.01 271:1.0 
0.01 0.01 
0.01 0.01 64:1.0 125:1.0 182:1.0 261:1.0 283:1.0 292:1.0 
0.01 0.01 
0.01 0.01 99:1.0 204:1.0 
0.01 0.01 
0.01 0.01 
0.01 0.01 
0.01 0.01 
0.01 0.01 
0.01 0.01 
0.01 0.01 
0.01 0.01 
0.01 0.01 
0.01 0.01 33:1.0 115:1.0 226:1.0 258:1.0 
0.01 0.01 243:1.0 
0.01 0.01 
0.01 0.01 
0.01 0.01 
0.01 0.01 
0.01 0.01 
0.01 0.01 151:1.0 
0.01 0.01 
0.01 0.01 
0.01 0.01 47:1.0 
0.01 0.01 
0.01 0.01 
0.01 0.01 205:1.0 
0.01 0.01 
0.01 0.01 
0.01 0.01 
0.01 0.01 
0.01 0.01 
0.01 0.01 
0.01 0.01 159:1.0 177:1.0 
0.01 0.01 
0.01 0.01 77:1.0 
0.01 0.01 
0.01 0.01 
0.01 0.01 13:1.0 23:1.0 54:1.0 
0.01 0.01 
0.01 0.01 64:1.0 125:1.0 182:1.0 261:1.0 283:1.0 292:1.0 
0.01 0.01 
0.01 0.01 
0.01 0.01 
0.01 0.01 
0.01 0.01 
0.01 0.01 
0.01 0.01 
0.01 0.01 
0.01 0.01 
0.01 0.01 204:1.0 
0.01 0.01 
0.01 0.01 
0.01 0.01 
0.01 0.01 40:1.0 
0.01 0.01 
0.01 0.01 
0.01 0.01 
0.01 0.01 90:1.0 
0.01 0.01 72:1.0 92:1.0 195:1.0 278:1.0 306:1.0 
0.01 0.01 
0.01 0.01 
0.01 0.01 
0.01 0.01 74:1.0 96:1.0 
0.01 0.01 141:1.0 
0.01 0.01 99:1.0 
0.01 0.01 
0.01 0.01 
0.01 0.01 27:1.0 64:1.0 104:1.0 182:1.0 225:1.0 261:1.0 283:1.0 290:1.0 292:1.0 299:1.0 
0.01 0.01 15:1.0 125:1.0 
0.01 0.01 
0.01 0.01 
0.01 0.01 
0.01 0.01 15:1.0 19:1.0 
0.01 0.01 
0.01 0.01 139:1.0 
0.01 0.01 
0.01 0.01 
0.01 0.01 
0.01 0.01 
0.01 0.01 
0.01 0.01 
0.01 0.01 
0.01 0.01 
0.01 0.01 
0.01 0.01 
0.01 0.01 
0.01 0.01 230:1.0 
0.01 0.01 74:1.0 258:1.0 
0.01 0.01 266:1.0 
0.01 0.01 27:1.0 64:1.0 104:1.0 182:1.0 261:1.0 283:1.0 290:1.0 292:1.0 299:1.0 
0.01 0.01 
0.01 0.01 266:1.0 
0.01 0.01 
0.01 0.01 
0.01 0.01 13:1.0 103:1.0 
0.01 0.01 12:1.0 
0.01 0.01 19:1.0 
0.01 0.01 
0.01 0.01 219:1.0 
0.01 0.01 
0.01 0.01 74:1.0 
0.01 0.01 
0.01 0.01 
0.01 0.01 
0.01 0.01 90:1.0 
0.01 0.01 
0.01 0.01 
0.01 0.01 
0.01 0.01 
0.01 0.01 
0.01 0.01 
0.01 0.01 
0.01 0.01 150:1.0 168:1.0 
0.01 0.01 64:1.0 
0.01 0.01 
0.01 0.01 
0.01 0.01 
0.01 0.01 
0.01 0.01 125:1.0 
0.01 0.01 
0.01 0.01 
0.01 0.01 
0.01 0.01 22:1.0 60:1.0 
0.01 0.01 
0.01 0.01 
0.01 0.01 
0.01 0.01 224:1.0 
0.01 0.01 
0.01 0.01 
0.01 0.01 45:1.0 
0.01 0.01 
0.01 0.01 
0.01 0.01 25:1.0 
0.01 0.01 
0.01 0.01 
0.01 0.01 
0.01 0.01 
0.01 0.01 
0.01 0.01 
0.01 0.01 86:1.0 109:1.0 242:1.0 300:1.0 305:1.0 
0.01 0.01 244:1.0 
0.01 0.01 
0.01 0.01 
0.01 0.01 
0.01 0.01 
0.01 0.01 
0.01 0.01 
0.01 0.01 
0.01 0.01 
0.01 0.01 
0.01 0.01 
0.01 0.01 66:1.0 258:1.0 
0.01 0.01 
0.01 0.01 
0.01 0.01 
0.01 0.01 
0.01 0.01 8:1.0 9:1.0 
0.01 0.01 231:1.0 
0.01 0.01 8:1.0 9:1.0 189:1.0 
0.01 0.01 191:1.0 
0.01 0.01 
0.01 0.01 15:1.0 
0.01 0.01 70:1.0 
0.01 0.01 83:1.0 84:1.0 
0.01 0.01 147:1.0 211:1.0 298:1.0 
0.01 0.01 105:1.0 117:1.0 
0.01 0.01 191:1.0 
0.01 0.01 89:1.0 162:1.0 231:1.0 
0.01 0.01 
0.01 0.01 
0.01 0.01 184:1.0 
0.01 0.01 159:1.0 
0.01 0.01 264:1.0 
0.01 0.01 151:1.0 
0.01 0.01 89:1.0 
0.01 0.01 
0.01 0.01 
0.01 0.01 
0.01 0.01 30:1.0 89:1.0 
0.01 0.01 
0.01 0.01 
0.01 0.01 
0.01 0.01 
0.01 0.01 143:1.0 182:1.0 225:1.0 261:1.0 283:1.0 
0.01 0.01 132:1.0 
0.01 0.01 
0.01 0.01 153:1.0 
0.01 0.01 
0.01 0.01 
0.01 0.01 
0.01 0.01 
0.01 0.01 
0.01 0.01 
0.01 0.01 171:1.0 
0.01 0.01 
0.01 0.01 229:1.0 
0.01 0.01 
0.01 0.01 
0.01 0.01 143:1.0 
0.01 0.01 
0.01 0.01 
0.01 0.01 
0.01 0.01 246:1.0 
0.01 0.01 
0.01 0.01 
0.01 0.01 
0.01 0.01 97:1.0 
0.01 0.01 258:1.0 
0.01 0.01 22:1.0 115:1.0 
0.01 0.01 
0.01 0.01 182:1.0 
0.01 0.01 
0.01 0.01 74:1.0 
0.01 0.01 
0.01 0.01 
0.01 0.01 145:1.0 
0.01 0.01 
0.01 0.01 143:1.0 
0.01 0.01 
0.01 0.01 
0.01 0.01 204:1.0 
0.01 0.01 
0.01 0.01 260:1.0 
0.01 0.01 
0.01 0.01 211:1.0 
0.01 0.01 
0.01 0.01 56:1.0 
0.01 0.01 
0.01 0.01 
0.01 0.01 131:1.0 239:1.0 
0.01 0.01 
0.01 0.01 
0.01 0.01 96:1.0 171:1.0 
0.01 0.01 141:1.0 
0.01 0.01 
0.01 0.01 64:1.0 103:1.0 104:1.0 130:1.0 282:1.0 290:1.0 297:1.0 
0.01 0.01 
0.01 0.01 
0.01 0.01 13:1.0 23:1.0 54:1.0 64:1.0 130:1.0 282:1.0 
0.01 0.01 56:1.0 176:1.0 
0.01 0.01 
0.01 0.01 
0.01 0.01 
0.01 0.01 175:1.0 182:1.0 
0.01 0.01 
0.01 0.01 176:1.0 
0.01 0.01 260:1.0 
0.01 0.01 
0.01 0.01 
0.01 0.01 
0.01 0.01 
0.01 0.01 
0.01 0.01 231:1.0 
0.01 0.01 
0.01 0.01 
0.01 0.01 
0.01 0.01 
0.01 0.01 
0.01 0.01 86:1.0 109:1.0 242:1.0 300:1.0 305:1.0 
0.01 0.01 
0.01 0.01 103:1.0 
0.01 0.01 
0.01 0.01 
0.01 0.01 208:1.0 
0.01 0.01 
0.01 0.01 
0.01 0.01 
0.01 0.01 
0.01 0.01 168:1.0 
0.01 0.01 24:1.0 60:1.0 
0.01 0.01 
0.01 0.01 
0.01 0.01 24:1.0 
0.01 0.01 24:1.0 
0.01 0.01 
0.01 0.01 
0.01 0.01 
0.01 0.01 
0.01 0.01 
0.01 0.01 
0.01 0.01 
0.01 0.01 260:1.0 
0.01 0.01 
0.01 0.01 
0.01 0.01 
0.01 0.01 
0.01 0.01 60:1.0 114:1.0 
0.01 0.01 
0.01 0.01 
0.01 0.01 
0.01 0.01 
0.01 0.01 
0.01 0.01 
0.01 0.01 264:1.0 
0.01 0.01 260:1.0 
0.01 0.01 126:1.0 
0.01 0.01 
0.01 0.01 28:1.0 258:1.0 
0.01 0.01 
0.01 0.01 
0.01 0.01 78:1.0 
0.01 0.01 
0.01 0.01 
0.01 0.01 22:1.0 90:1.0 115:1.0 
0.01 0.01 
0.01 0.01 
0.01 0.01 
0.01 0.01 
0.01 0.01 144:1.0 
0.01 0.01 
0.01 0.01 
0.01 0.01 
0.01 0.01 
0.01 0.01 
0.01 0.01 
0.01 0.01 204:1.0 226:1.0 
0.01 0.01 
0.01 0.01 
0.01 0.01 60:1.0 233:1.0 
0.01 0.01 256:1.0 307:1.0 
0.01 0.01 
0.01 0.01 246:1.0 
0.01 0.01 
0.01 0.01 
0.01 0.01 
0.01 0.01 207:1.0 
0.01 0.01 
0.01 0.01 72:1.0 92:1.0 195:1.0 278:1.0 306:1.0 
0.01 0.01 18:1.0 
0.01 0.01 178:1.0 
0.01 0.01 117:1.0 
0.01 0.01 
0.01 0.01 
0.01 0.01 
0.01 0.01 
0.01 0.01 96:1.0 
0.01 0.01 
0.01 0.01 258:1.0 
0.01 0.01 
0.01 0.01 
0.01 0.01 
0.01 0.01 
0.01 0.01 
0.01 0.01 
0.01 0.01 
0.01 0.01 
0.01 0.01 
0.01 0.01 
0.01 0.01 
0.01 0.01 
0.01 0.01 72:1.0 92:1.0 195:1.0 278:1.0 306:1.0 
0.01 0.01 
0.01 0.01 
0.01 0.01 
0.01 0.01 
0.01 0.01 
0.01 0.01 
0.01 0.01 
0.01 0.01 
0.01 0.01 
0.01 0.01 
0.01 0.01 
0.01 0.01 54:1.0 
0.01 0.01 3:1.0 
0.01 0.01 
0.01 0.01 
0.01 0.01 30:1.0 
0.01 0.01 
0.01 0.01 
0.01 0.01 
0.01 0.01 
0.01 0.01 
0.01 0.01 
0.01 0.01 
0.01 0.01 
0.01 0.01 67:1.0 147:1.0 
0.01 0.01 
0.01 0.01 
0.01 0.01 271:1.0 
0.01 0.01 47:1.0 
0.01 0.01 
0.01 0.01 142:1.0 
0.01 0.01 
0.01 0.01 
0.01 0.01 
0.01 0.01 
0.01 0.01 
0.01 0.01 
0.01 0.01 
0.01 0.01 
0.01 0.01 
0.01 0.01 
0.01 0.01 67:1.0 
0.01 0.01 
0.01 0.01 
0.01 0.01 
0.01 0.01 87:1.0 
0.01 0.01 
0.01 0.01 
0.01 0.01 102:1.0 
0.01 0.01 
0.01 0.01 147:1.0 211:1.0 298:1.0 
0.01 0.01 
0.01 0.01 
0.01 0.01 
0.01 0.01 
0.01 0.01 222:1.0 
0.01 0.01 
0.01 0.01 
0.01 0.01 
0.01 0.01 
0.01 0.01 3:1.0 
0.01 0.01 
0.01 0.01 
0.01 0.01 
0.01 0.01 
-0.01 0.01 83:1.0 
-0.0 0.01 184:1.0 259:1.0 
-0.0 0.01 52:1.0 
-0.0 0.01 50:1.0 274:1.0 
-0.01 0.01 99:1.0 
-0.0 0.01 198:1.0 
-0.0 0.01 194:1.0 
-0.0 0.01 136:1.0 183:1.0 
-0.01 0.0 233:1.0 
-0.01 0.0 8:1.0 
-0.01 0.0 19:1.0 151:1.0 
-0.0 0.01 6:1.0 88:1.0 192:1.0 269:1.0 
-0.0 0.01 61:1.0 139:1.0 234:1.0 
-0.0 0.01 257:1.0 265:1.0 
-0.0 0.01 137:1.0 
-0.0 0.01 62:1.0 
-0.0 0.01 184:1.0 203:1.0 252:1.0 
-0.0 0.01 38:1.0 73:1.0 
-0.0 0.01 193:1.0 
-0.01 0.01 27:1.0 50:1.0 182:1.0 299:1.0 304:1.0 
-0.01 0.0 226:1.0 
-0.01 0.0 168:1.0 
-0.0 0.01 20:1.0 122:1.0 273:1.0 280:1.0 
-0.0 0.01 2:1.0 
-0.0 0.01 267:1.0 
-0.0 0.01 140:1.0 223:1.0 
-0.0 0.01 16:1.0 
-0.01 0.0 64:1.0 103:1.0 130:1.0 189:1.0 282:1.0 297:1.0 
-0.01 0.01 87:1.0 
-0.0 0.01 196:1.0 
-0.01 0.0 21:1.0 78:1.0 
-0.01 0.01 27:1.0 50:1.0 182:1.0 299:1.0 304:1.0 
-0.0 0.01 73:1.0 
-0.01 0.0 125:1.0 
-0.01 0.01 182:1.0 
-0.01 0.01 30:1.0 230:1.0 
-0.0 0.01 129:1.0 
-0.0 0.01 157:1.0 
-0.01 0.01 143:1.0 
-0.0 0.01 164:1.0 
-0.01 0.01 15:1.0 34:1.0 175:1.0 
-0.0 0.01 121:1.0 198:1.0 
-0.01 0.01 28:1.0 
-0.0 0.01 118:1.0 
-0.0 0.01 73:1.0 149:1.0 228:1.0 284:1.0 
-0.01 0.0 67:1.0 114:1.0 
-0.01 0.01 204:1.0 
-0.0 0.01 20:1.0 129:1.0 
-0.0 0.01 
-0.01 0.0 246:1.0 
-0.0 0.01 
-0.01 0.01 141:1.0 
-0.0 0.01 
-0.0 0.01 
-0.0 0.01 
-0.0 0.01 
-0.0 0.01 
-0.0 0.01 
-0.0 0.01 
-0.0 0.01 
-0.0 0.01 
-0.0 0.01 
-0.0 0.01 
-0.0 0.01 
-0.0 0.01 
-0.0 0.01 
-0.0 0.01 
-0.0 0.01 231:1.0 
-0.0 0.01 
-0.0 0.01 38:1.0 49:1.0 73:1.0 236:1.0 
-0.0 0.01 
-0.01 0.01 86:1.0 109:1.0 242:1.0 300:1.0 305:1.0 
-0.0 0.01 
-0.0 0.01 85:1.0 
-0.01 0.01 184:1.0 
-0.0 0.01 
-0.0 0.01 
-0.0 0.01 
-0.0 0.01 
-0.0 0.01 155:1.0 270:1.0 
-0.0 0.01 
-0.0 0.01 
-0.01 0.01 
-0.01 0.01 
-0.01 0.01 
-0.01 0.01 
-0.0 0.01 66:1.0 106:1.0 157:1.0 
-0.01 0.01 
-0.01 0.01 
-0.01 0.0 159:1.0 
-0.01 0.01 
-0.01 0.01 
-0.0 0.01 26:1.0 69:1.0 
-0.01 0.0 90:1.0 
-0.01 0.01 
-0.01 0.01 
-0.0 0.01 255:1.0 
-0.01 0.01 
-0.01 0.01 260:1.0 
-0.01 0.01 
-0.01 0.01 
-0.01 0.0 117:1.0 
-0.006613966047149121 0.0 29:1.0 91:1.0 120:1.0 131:1.0 167:1.0 185:1.0 216:1.0 235:1.0 253:1.0 285:1.0 291:1.0 294:1.0 301:1.0 309:1.0 312:1.0 
-0.0 0.01 138:1.0 227:1.0 232:1.0 
-0.01 0.01 
-0.01 0.01 
-0.01 0.01 
-0.01 0.01 
-0.0 0.01 21:1.0 
-0.01 0.01 
-0.01 0.01 
-0.01 0.01 
-0.0 0.01 179:1.0 227:1.0 243:1.0 
-0.01 0.0 145:1.0 
-0.01 0.01 
-0.01 0.01 
-0.01 0.01 
-0.01 0.01 
-0.0 0.01 255:1.0 
-0.01 0.01 
-0.01 0.01 
-0.01 0.01 
-0.01 0.01 
-0.01 0.01 
-0.01 0.01 
-0.01 0.01 
-0.01 0.01 
-0.0 0.01 176:1.0 
-0.01 0.01 
-0.0 0.01 269:1.0 
-0.01 0.01 
-0.01 0.01 
-0.0 0.01 138:1.0 184:1.0 
-0.01 0.01 
-0.0 0.01 95:1.0 173:1.0 250:1.0 
-0.01 0.01 
-0.01 0.01 
-0.01 0.0 90:1.0 
-0.0 0.01 133:1.0 
-0.0 0.01 37:1.0 
-0.0 0.01 122:1.0 273:1.0 280:1.0 
-0.01 0.01 
-0.01 0.01 
-0.01 0.01 
-0.01 0.01 
-0.0 0.00623936503776029 134:1.0 172:1.0 238:1.0 
-0.0 0.01 249:1.0 
-0.01 0.01 
-0.01 0.01 139:1.0 
-0.01 0.01 
-0.01 0.01 
-0.01 0.01 46:1.0 64:1.0 104:1.0 166:1.0 182:1.0 225:1.0 261:1.0 283:1.0 290:1.0 292:1.0 
-0.01 0.01 
-0.01 0.0 271:1.0 
-0.01 0.01 
-0.01 0.01 
-0.01 0.01 
-0.01 0.01 
-0.01 0.01 
-0.01 0.01 
-0.0 0.01 51:1.0 68:1.0 
-0.0 0.01 18:1.0 67:1.0 123:1.0 
-0.01 0.01 
-0.01 0.01 
-0.01 0.01 
-0.01 0.01 
-0.01 0.01 
-0.0 0.01 249:1.0 265:1.0 
-0.0 0.01 11:1.0 152:1.0 161:1.0 170:1.0 
-0.01 0.01 25:1.0 197:1.0 
-0.01 0.01 
-0.01 0.01 
-0.01 0.01 
-0.01 0.01 
-0.0 0.01 269:1.0 
-0.01 0.01 
-0.01 0.01 
-0.01 0.01 
-0.01 0.01 
-0.01 0.01 
-0.01 0.01 
-0.01 0.01 
-0.01 0.01 
-0.01 0.0 219:1.0 
-0.01 0.01 
-0.01 0.01 
-0.0 0.01 254:1.0 
-0.01 0.01 
-0.01 0.01 
-0.01 0.01 
-0.0 0.01 106:1.0 111:1.0 
-0.0 0.01 41:1.0 148:1.0 
-0.01 0.01 
-0.01 0.01 
-0.01 0.01 
-0.01 0.01 
-0.01 0.01 
-0.01 0.01 
-0.01 0.01 
-0.01 0.01 
-0.01 0.01 
-0.0 0.01 68:1.0 212:1.0 
-0.01 0.01 
-0.01 0.01 
-0.01 0.01 
-0.01 0.01 
-0.01 0.01 
-0.0 0.01 111:1.0 201:1.0 
-0.0 0.01 58:1.0 116:1.0 
-0.01 0.01 
-0.01 0.01 
-0.0 0.01 67:1.0 75:1.0 91:1.0 265:1.0 
-0.01 0.01 
-0.01 0.01 
-0.01 0.01 
-0.01 0.01 
-0.01 0.01 
-0.0 0.01 213:1.0 
-0.01 0.01 
-0.01 0.01 
-0.0 0.01 200:1.0 
-0.0 0.01 55:1.0 135:1.0 181:1.0 187:1.0 277:1.0 288:1.0 303:1.0 
-0.01 0.01 
-0.01 0.01 
-0.01 0.01 
-0.01 0.01 
-0.01 0.01 
-0.01 0.01 
-0.01 0.01 
-0.01 0.01 
-0.01 0.01 99:1.0 
-0.01 0.01 
-0.01 0.01 
-0.01 0.01 
-0.01 0.01 
-0.01 0.01 
-0.01 0.01 
-0.01 0.01 
-0.01 0.01 
-0.01 0.01 
-0.01 0.01 66:1.0 110:1.0 
-0.0 0.01 51:1.0 
-0.0 0.01 80:1.0 
-0.01 0.01 
-0.01 0.01 
-0.01 0.01 176:1.0 
-0.01 0.01 
-0.01 0.01 
-0.01 0.01 
-0.01 0.01 
-0.01 0.01 
-0.0 0.01 247:1.0 
-0.01 0.01 33:1.0 
-0.01 0.01 
-0.01 0.01 
-0.01 0.01 
-0.01 0.01 
-0.01 0.0 67:1.0 
-0.0 0.01 7:1.0 119:1.0 270:1.0 310:1.0 
-0.01 0.01 
-0.01 0.01 
-0.0 0.01 165:1.0 
-0.01 0.01 
-0.01 0.01 
-0.01 0.01 
-0.01 0.01 
-0.01 0.01 143:1.0 
-0.01 0.01 
-0.0 0.01 85:1.0 117:1.0 
-0.01 0.01 
-0.003386033952850879 0.01 102:1.0 
-0.01 0.01 
-0.01 0.01 
-0.01 0.01 
-0.01 0.01 
-0.01 0.01 115:1.0 
-0.01 0.01 
-0.01 0.01 
-0.01 0.01 141:1.0 
-0.0 0.01 127:1.0 215:1.0 232:1.0 
-0.01 0.01 
-0.01 0.01 
-0.01 0.01 
-0.01 0.01 
-0.01 0.01 
-0.0 0.01 268:1.0 
-0.01 0.01 
-0.01 0.01 
-0.01 0.01 
-0.01 0.01 
-0.01 0.01 
-0.01 0.01 
-0.0 0.01 93:1.0 
-0.01 0.01 
-0.01 0.01 
-0.01 0.01 
-0.01 0.01 
-0.01 0.0 207:1.0 
-0.01 0.01 
-0.01 0.01 
-0.01 0.01 
-0.0 0.01 164:1.0 
-0.01 0.01 
-0.01 0.01 
-0.01 0.01 
-0.01 0.01 
-0.01 0.01 
-0.0 0.01 59:1.0 
-0.01 0.01 
-0.01 0.01 
-0.01 0.01 
-0.01 0.01 
-0.01 0.01 
-0.01 0.01 
-0.01 0.01 
-0.0 0.01 17:1.0 220:1.0 
-0.01 0.01 
-0.01 0.01 
-0.01 0.01 
-0.01 0.01 
-0.01 0.01 
-0.0 0.01 276:1.0 
-0.01 0.01 
-0.01 0.01 178:1.0 
-0.01 0.01 
-0.0 0.01 4:1.0 52:1.0 255:1.0 
-0.01 0.01 
-0.01 0.01 
-0.0 0.01 269:1.0 
-0.01 0.01 
-0.01 0.01 
-0.01 0.01 
-0.01 0.01 
-0.01 0.01 56:1.0 157:1.0 
-0.01 0.01 
-0.01 0.01 
-0.01 0.01 
-0.0 0.0037606349622397103 55:1.0 135:1.0 181:1.0 187:1.0 277:1.0 288:1.0 303:1.0 
-0.01 0.01 
-0.01 0.01 
-0.0 0.006456438010041329 76:1.0 112:1.0 311:1.0 
-0.01 0.01 
-0.01 0.01 
-0.01 0.01 
-0.01 0.01 
-0.0 0.01 108:1.0 
-0.01 0.01 
-0.01 0.01 
-0.01 0.01 
-0.01 0.01 
-0.01 0.01 
-0.01 0.01 
-0.01 0.01 
-0.0 0.01 9:1.0 42:1.0 78:1.0 
-0.01 0.01 
-0.01 0.01 
-0.01 0.01 
-0.01 0.01 
-0.01 0.01 
-0.0 0.01 107:1.0 114:1.0 180:1.0 231:1.0 
-0.01 0.01 
-0.01 0.01 
-0.01 0.01 
-0.0 0.01 41:1.0 236:1.0 
-0.0 0.01 170:1.0 
-0.01 0.01 
-0.01 0.01 
-0.01 0.01 
-0.01 0.01 105:1.0 
-0.0 0.01 162:1.0 
-0.0 0.01 250:1.0 
-0.01 0.01 
-0.0 0.01 162:1.0 168:1.0 
-0.01 0.0 126:1.0 
-0.01 0.01 
-0.01 0.01 
-0.0 0.01 1:1.0 51:1.0 98:1.0 
-0.01 0.01 176:1.0 
-0.0 0.01 156:1.0 
-0.01 0.01 
-0.01 0.01 
-0.01 0.01 
-0.01 0.01 
-0.01 0.01 244:1.0 
-0.0 0.01 17:1.0 275:1.0 
-0.01 0.01 162:1.0 
-0.01 0.01 
-0.0 0.01 35:1.0 
-0.01 0.01 
-0.01 0.01 189:1.0 
-0.01 0.01 
-0.01 0.01 
-0.01 0.01 
-0.01 0.01 48:1.0 264:1.0 
-0.01 0.01 
-0.01 0.01 
-0.01 0.01 
-0.0 0.01 248:1.0 
-0.01 0.01 
-0.01 0.01 
-0.01 0.01 
-0.01 0.01 
-0.01 0.01 
-0.01 0.01 
-0.01 0.01 
-0.01 0.01 
-0.01 0.01 
-0.01 0.01 
-0.01 0.01 
-0.0 0.01 108:1.0 
-0.01 0.01 
-0.01 0.01 
-0.01 0.01 142:1.0 
-0.01 0.01 
-0.01 0.01 
-0.0 0.01 88:1.0 123:1.0 141:1.0 274:1.0 
-0.01 0.01 
-0.01 0.01 
-0.01 0.01 
-0.0 0.01 44:1.0 100:1.0 124:1.0 295:1.0 308:1.0 
-0.01 0.01 231:1.0 
-0.01 0.01 
-0.01 0.01 
-0.01 0.01 90:1.0 
-0.01 0.01 
-0.01 0.01 
-0.01 0.01 
-0.01 0.01 
-0.01 0.01 
-0.01 0.01 
-0.01 0.01 
-0.01 0.01 
-0.01 0.01 
-0.01 0.01 
-0.0 0.01 149:1.0 228:1.0 284:1.0 
-0.01 0.0 40:1.0 
-0.01 0.01 
-0.0 0.01 196:1.0 213:1.0 
-0.0 0.01 237:1.0 
-0.01 0.01 
-0.01 0.01 
-0.01 0.01 
-0.01 0.01 
-0.01 0.01 45:1.0 102:1.0 
-0.01 0.01 
-0.01 0.01 
-0.0 0.01 36:1.0 169:1.0 173:1.0 202:1.0 293:1.0 
-0.01 0.0 168:1.0 
-0.01 0.01 
-0.01 0.01 
-0.01 0.01 
-0.01 0.01 231:1.0 
-0.01 0.01 
-0.01 0.01 
-0.01 0.01 
-0.01 0.01 
-0.0 0.01 218:1.0 221:1.0 
-0.01 0.01 
-0.01 0.01 
-0.01 0.01 
-0.01 0.01 
-0.01 0.01 
-0.01 0.01 
-0.01 0.01 
-0.01 0.01 
-0.01 0.01 
-0.01 0.01 
-0.0 0.01 14:1.0 
-0.01 0.01 
-0.01 0.01 
-0.01 0.0 119:1.0 143:1.0 
-0.01 0.01 
-0.01 0.01 
-0.01 0.01 
-0.01 0.01 
-0.01 0.01 
-0.01 0.01 
-0.01 0.01 
-0.01 0.01 
-0.01 0.01 
-0.01 0.01 
-0.01 0.01 
-0.0 0.01 149:1.0 
-0.01 0.01 
-0.01 0.01 
-0.01 0.01 
-0.01 0.01 
-0.01 0.01 
-0.01 0.01 
-0.01 0.01 
-0.01 0.01 
-0.01 0.01 
-0.01 0.01 
-0.01 0.01 
-0.01 0.01 
-0.0 0.01 59:1.0 232:1.0 
-0.01 0.01 
-0.01 0.01 
-0.0 0.01 101:1.0 
-0.01 0.01 
-0.01 0.01 
-0.0 0.01 94:1.0 
-0.01 0.01 
-0.01 0.0 77:1.0 
-0.01 0.01 
-0.0 0.01 218:1.0 
-0.01 0.01 
-0.01 0.01 
-0.01 0.01 
-0.01 0.01 
-0.01 0.01 
-0.0 0.01 31:1.0 
-0.01 0.01 208:1.0 231:1.0 
-0.01 0.01 
-0.01 0.01 
-0.01 0.01 
-0.01 0.01 
-0.01 0.01 
-0.01 0.01 
-0.01 0.01 
-0.01 0.01 
-0.01 0.01 
-0.01 0.01 
-0.01 0.01 
-0.0 0.01 65:1.0 137:1.0 
-0.01 0.01 
-0.01 0.01 
-0.01 0.01 
-0.01 0.0 151:1.0 
-0.01 0.01 
-0.01 0.01 
-0.01 0.01 
-0.01 0.0 132:1.0 
-0.01 0.01 
-0.01 0.01 
-0.0 0.01 34:1.0 
-0.0 0.01 122:1.0 273:1.0 280:1.0 
-0.01 0.01 
-0.01 0.01 
-0.0 0.01 190:1.0 
-0.01 0.01 
-0.01 0.0 239:1.0 
-0.01 0.01 
-0.0 0.01 179:1.0 
-0.0 0.01 85:1.0 
-0.01 0.01 
-0.0 0.01 39:1.0 
-0.01 0.01 
-0.01 0.01 
-0.01 0.01 
-0.01 0.01 
-0.01 0.01 205:1.0 
-0.0 0.0035435619899586712 29:1.0 120:1.0 131:1.0 167:1.0 185:1.0 263:1.0 296:1.0 312:1.0 
-0.0 0.01 82:1.0 
-0.0 0.01 146:1.0 
-0.0 0.01 35:1.0 111:1.0 186:1.0 286:1.0 
-0.01 0.01 
-0.01 0.0 144:1.0 
-0.01 0.01 
-0.01 0.01 
-0.01 0.01 
-0.0 0.01 46:1.0 103:1.0 130:1.0 297:1.0 
-0.01 0.01 
-0.0 0.01 49:1.0 75:1.0 156:1.0 
-0.01 0.01 
-0.01 0.01 
-0.01 0.01 
-0.0 0.01 71:1.0 197:1.0 270:1.0 
-0.01 -0.01 
-0.01 -0.01 
-0.01 -0.01 
-0.01 -0.01 
-0.01 -0.01 23:1.0 
-0.01 -0.01 
-0.01 -0.01 
-0.0 -0.01 85:1.0 
-0.01 -0.01 18:1.0 
-0.01 -0.01 
-0.01 -0.01 
-0.01 -0.01 
-0.01 -0.01 
-0.01 -0.01 
-0.01 -0.01 
-0.01 -0.01 
-0.01 -0.01 56:1.0 
-0.01 -0.01 
-0.01 -0.01 205:1.0 
-0.01 -0.01 
-0.01 -0.01 
-0.01 -0.01 
-0.0 -0.01 129:1.0 
-0.0 -0.01 265:1.0 
-0.01 -0.01 24:1.0 
-0.01 -0.01 
-0.0 -0.01 51:1.0 
-0.01 -0.01 
-0.01 -0.01 
-0.0 -0.01 43:1.0 158:1.0 160:1.0 281:1.0 302:1.0 
-0.01 -0.01 
-0.01 -0.01 
-0.01 -0.01 
-0.01 -0.01 
-0.01 -0.01 
-0.01 -0.01 139:1.0 
-0.01 -0.01 
-0.01 -0.01 
-0.01 -0.01 
-0.01 -0.01 
-0.01 -0.01 
-0.0 -0.01 276:1.0 
-0.01 -0.01 82:1.0 143:1.0 
-0.01 -0.01 
-0.0 -0.01 203:1.0 
-0.0 -0.01 223:1.0 
-0.01 -0.01 
-0.01 -0.01 
-0.01 -0.01 
-0.0 -0.01 217:1.0 
-0.01 -0.01 
-0.01 -0.01 102:1.0 
-0.01 -0.01 
-0.01 -0.01 
-0.01 -0.01 25:1.0 
-0.01 -0.01 
-0.01 -0.01 115:1.0 258:1.0 
-0.01 -0.01 
-0.01 -0.01 
-0.01 -0.01 
-0.01 -0.01 
-0.0 -0.01 232:1.0 
-0.01 -0.01 
-0.0 -0.01 52:1.0 229:1.0 
-0.01 -0.01 
-0.01 -0.01 
-0.01 -0.01 
-0.0 -0.01 154:1.0 265:1.0 
-0.01 -0.01 
-0.01 -0.01 
-0.01 -0.01 
-0.01 -0.01 
-0.0 -0.01 61:1.0 139:1.0 
-0.01 -0.01 
-0.01 -0.01 
-0.01 -0.01 
-0.0 -0.01 267:1.0 
-0.01 -0.01 
-0.01 -0.01 
-0.01 -0.01 
-0.0 -0.01 16:1.0 
-0.0 -0.01 154:1.0 248:1.0 
-0.0 -0.01 53:1.0 194:1.0 
-0.0 -0.01 257:1.0 
-0.01 -0.01 
-0.01 -0.01 
-0.01 -0.01 
-0.01 -0.01 
-0.0 -0.01 255:1.0 
-0.0 -0.01 200:1.0 
-0.01 -0.01 
-0.01 -0.01 
-0.01 -0.01 
-0.0 -0.01 162:1.0 
-0.01 -0.01 
-0.01 -0.01 14:1.0 15:1.0 
-0.0 -0.01 34:1.0 
-0.0 -0.01 80:1.0 196:1.0 
-0.0 -0.01 166:1.0 
-0.01 -0.01 
-0.01 -0.01 
-0.0 -0.01 201:1.0 
-0.0 -0.01 26:1.0 73:1.0 149:1.0 
-0.01 -0.01 
-0.0 -0.01 190:1.0 
-0.01 -0.01 
-0.01 -0.01 
-0.0 -0.01 68:1.0 
-0.01 -0.01 
-0.01 -0.01 
-0.01 -0.01 
-0.01 -0.01 
-0.01 -0.01 
-0.0 -0.01 31:1.0 
-0.0 -0.01 73:1.0 146:1.0 168:1.0 
-0.01 -0.01 
-0.01 -0.01 
-0.01 -0.01 
-0.01 -0.01 
-0.0 -0.01 65:1.0 157:1.0 
-0.0 -0.01 184:1.0 
-0.0 -0.01 255:1.0 
-0.0 -0.01 110:1.0 265:1.0 
-0.0 -0.01 39:1.0 
-0.01 -0.01 
-0.01 -0.01 141:1.0 274:1.0 
-0.01 -0.01 
-0.01 -0.01 
-0.01 -0.01 
-0.01 -0.01 
-0.01 -0.01 
-0.01 -0.01 
-0.01 -0.01 99:1.0 
-0.01 -0.01 
-0.01 -0.01 
-0.01 -0.01 
-0.01 -0.01 
-0.01 -0.01 
-0.0 -0.01 162:1.0 
-0.01 -0.01 
-0.01 -0.01 
-0.01 -0.01 
-0.01 -0.01 
-0.01 -0.01 35:1.0 186:1.0 258:1.0 286:1.0 
-0.01 -0.01 
-0.01 -0.01 
-0.01 -0.01 260:1.0 
-0.01 -0.01 
-0.01 -0.01 
-0.0 -0.01 35:1.0 
-0.01 -0.01 
-0.0 -0.01 32:1.0 113:1.0 174:1.0 251:1.0 279:1.0 287:1.0 313:1.0 
-0.0 -0.01 121:1.0 184:1.0 
-0.01 -0.01 
-0.0 -0.01 69:1.0 
-0.0 -0.01 163:1.0 
-0.01 -0.01 
-0.0 -0.01 179:1.0 
-0.01 -0.01 
-0.01 -0.01 
-0.01 -0.01 
-0.01 -0.01 
-0.01 -0.01 
-0.01 -0.01 
-0.0 -0.01 198:1.0 
-0.0 -0.01 164:1.0 
-0.01 -0.01 
-0.0 -0.01 202:1.0 
-0.01 -0.01 
-0.01 -0.01 
-0.01 -0.01 45:1.0 197:1.0 
-0.01 -0.01 26:1.0 243:1.0 
-0.01 -0.01 
-0.01 -0.01 
-0.01 -0.01 27:1.0 182:1.0 299:1.0 
-0.0 -0.01 137:1.0 
-0.0 -0.01 231:1.0 
-0.01 -0.01 
-0.01 -0.01 
-0.0 -0.01 245:1.0 
-0.01 -0.01 
-0.0 -0.01 14:1.0 247:1.0 
-0.01 -0.01 
-0.0 -0.01 257:1.0 
-0.01 -0.01 171:1.0 
-0.0 -0.01 58:1.0 
-0.01 -0.01 106:1.0 177:1.0 
-0.01 -0.01 
-0.0 -0.01 231:1.0 
-0.01 -0.01 
-0.01 -0.01 178:1.0 
-0.01 -0.01 
-0.01 -0.01 
-0.01 -0.01 
-0.0 -0.01 232:1.0 
-0.0 -0.01 2:1.0 
-0.01 -0.01 
-0.01 -0.01 
-0.0 -0.01 222:1.0 
-0.01 -0.01 
-0.01 -0.01 
-0.01 -0.01 
-0.0 -0.01 122:1.0 273:1.0 280:1.0 
-0.009994867091975735 -0.01 162:1.0 171:1.0 259:1.0 264:1.0 
-0.0 -0.01 85:1.0 
-0.01 -0.01 
-0.01 -0.01 
-0.0 -0.01 59:1.0 
-0.01 -0.01 
-0.0 -0.01 98:1.0 176:1.0 
-0.01 -0.01 
-0.01 -0.01 
-0.0 -0.01 157:1.0 
-0.01 -0.01 
-0.01 -0.01 
-0.01 -0.01 153:1.0 
-0.01 -0.01 
-0.01 -0.01 147:1.0 211:1.0 298:1.0 
-0.0 -0.01 154:1.0 
-0.0 -0.01 16:1.0 202:1.0 269:1.0 270:1.0 
-0.0 -0.01 224:1.0 
-0.01 -0.01 
-0.01 -0.01 
-0.0 -0.01 53:1.0 194:1.0 
-0.01 -0.01 
-0.01 -0.01 
-0.01 -0.01 
-0.01 -0.01 
-0.01 -0.01 
-0.01 -0.01 
-0.01 -0.01 
-0.01 -0.01 
-0.01 -0.01 
-0.01 -0.01 70:1.0 
-0.0 -0.01 10:1.0 
-0.01 -0.01 
-0.01 -0.01 
-0.01 -0.01 189:1.0 
-0.01 -0.01 
-0.01 -0.01 
-0.01 -0.01 
-0.01 -0.01 
-0.0 -0.01 164:1.0 221:1.0 
-0.0 -0.01 97:1.0 108:1.0 
-0.01 -0.01 
-0.01 -0.01 
-0.01 -0.01 
-0.01 -0.01 
-0.01 -0.01 
-0.01 -0.01 
-0.01 -0.01 
-0.01 -0.01 
-0.0 -0.01 196:1.0 
-0.01 -0.01 150:1.0 162:1.0 270:1.0 
-0.01 -0.01 
-0.01 -0.01 
-0.01 -0.01 
-0.01 -0.01 
-0.01 -0.01 
-0.0 -0.01 56:1.0 73:1.0 177:1.0 
-0.0 -0.01 265:1.0 
-0.01 -0.01 176:1.0 
-0.01 -0.01 
-0.01 -0.01 184:1.0 
-0.01 -0.01 
-0.01 -0.01 
-0.01 -0.01 
-0.0 -0.01 84:1.0 201:1.0 208:1.0 
-0.01 -0.01 
-0.0 -0.01 16:1.0 
-0.01 -0.01 
-0.0 -0.01 165:1.0 
-0.0 -0.01 203:1.0 220:1.0 
-0.01 -0.01 
-0.01 -0.01 9:1.0 
-0.01 -0.01 
-0.01 -0.01 
-0.01 -0.01 
-0.01 -0.01 
-0.01 -0.01 
-0.01 -0.01 
-0.01 -0.01 
-0.01 -0.01 
-0.0 -0.01 71:1.0 
-0.01 -0.01 
-0.01 -0.01 229:1.0 
-0.0 -0.01 43:1.0 158:1.0 160:1.0 281:1.0 302:1.0 
-0.01 -0.01 
-0.0 -0.01 58:1.0 
-0.01 -0.01 
-0.0 -0.01 206:1.0 
-0.01 -0.01 
-0.0 -0.01 249:1.0 269:1.0 
-0.01 -0.01 
-0.01 -0.01 
-0.01 -0.01 
-0.01 -0.01 13:1.0 84:1.0 
-0.01 -0.01 
-0.01 -0.01 
-0.0 -0.01 21:1.0 
-0.0 -0.01 43:1.0 158:1.0 160:1.0 281:1.0 302:1.0 
-0.01 -0.01 
-0.0 -0.01 18:1.0 62:1.0 
-0.0 -0.01 269:1.0 
-0.01 -0.01 
-0.01 -0.01 
-0.01 -0.01 
-0.01 -0.01 
-0.01 -0.01 
-0.01 -0.01 
-0.01 -0.01 97:1.0 
-0.01 -0.01 
-0.01 -0.01 
-0.01 -0.01 
-0.0 -0.01 265:1.0 
-0.01 -0.01 191:1.0 
-0.01 -0.01 244:1.0 
-0.0 -0.01 85:1.0 
-0.01 -0.01 
-0.01 -0.01 176:1.0 236:1.0 
-0.0 -0.01 32:1.0 113:1.0 149:1.0 228:1.0 284:1.0 313:1.0 
-0.0 -0.01 106:1.0 
-0.0 -0.01 17:1.0 
-0.01 -0.01 
-0.01 -0.01 
-0.01 -0.01 
-0.01 -0.01 
-0.01 -0.01 
-0.0 -0.01 232:1.0 
-0.0 -0.01 10:1.0 71:1.0 
-0.0 -0.01 20:1.0 129:1.0 
-0.01 -0.01 
-0.0 -0.01 88:1.0 
-0.0 -0.01 79:1.0 
-0.01 -0.01 
-0.01 -0.01 
-0.01 -0.01 
-0.0 -0.01 203:1.0 
-0.01 -0.01 
-0.0 -0.01 184:1.0 203:1.0 252:1.0 
-0.0 -0.01 170:1.0 
-0.01 -0.01 
-0.01 -0.01 
-0.01 -0.01 
-0.01 -0.01 101:1.0 
-0.01 -0.01 
-0.01 -0.01 
-0.01 -0.01 
-0.01 -0.01 
-0.01 -0.01 
-0.01 -0.01 
-0.01 -0.01 
-0.01 -0.01 156:1.0 
-0.01 -0.01 93:1.0 
-0.01 -0.01 223:1.0 
-0.01 -0.01 27:1.0 182:1.0 299:1.0 
-0.01 -0.01 41:1.0 
-0.01 -0.01 
-0.01 -0.01 
-0.01 -0.01 224:1.0 
-0.01 -0.01 258:1.0 
-0.0 -0.01 122:1.0 273:1.0 280:1.0 
-0.0 -0.01 206:1.0 
-0.01 -0.01 
-0.01 -0.01 
-0.01 -0.01 
-0.01 -0.01 
-0.01 -0.01 
-0.01 -0.01 
-0.01 -0.01 231:1.0 
-0.01 -0.01 191:1.0 204:1.0 266:1.0 
-0.01 -0.01 
-0.01 -0.01 47:1.0 
-0.0 -0.01 6:1.0 
-0.0 -0.01 14:1.0 70:1.0 
-0.0 -0.01 4:1.0 26:1.0 37:1.0 149:1.0 
-0.01 -0.01 
-5.1329080242648595E-6 -0.01 108:1.0 191:1.0 
-0.01 -0.01 99:1.0 
-0.01 -0.01 
-0.0 -0.01 37:1.0 184:1.0 
-0.01 -0.01 
-0.01 -0.01 
-0.01 -0.01 
-0.0 -0.01 209:1.0 
-0.01 -0.01 
-0.01 -0.01 80:1.0 
-0.01 -0.01 
-0.01 -0.01 
-0.01 -0.01 
-0.01 -0.01 182:1.0 268:1.0 
-0.01 -0.01 
-0.01 -0.01 
-0.01 -0.01 
-0.01 -0.01 
-0.01 -0.01 
-0.01 -0.01 
-0.01 -0.01 
-0.01 -0.01 
-0.01 -0.01 
-0.01 -0.01 
-0.01 -0.01 
-0.01 -0.01 
-0.01 -0.01 103:1.0 138:1.0 
-0.01 -0.01 
-0.01 -0.01 110:1.0 
-0.0 -0.01 265:1.0 
-0.01 -0.01 74:1.0 203:1.0 
-0.01 -0.01 
-0.01 -0.01 213:1.0 
-0.0 -0.01 95:1.0 173:1.0 212:1.0 250:1.0 
-0.01 -0.01 
-0.01 -0.01 
-0.01 -0.01 
-0.01 -0.01 
-0.01 -0.01 12:1.0 206:1.0 
-0.01 -0.01 
-0.01 -0.01 
-0.0 -0.01 48:1.0 
-0.01 -0.01 28:1.0 
-0.01 -0.01 
-0.01 -0.01 
-0.01 -0.01 
-0.01 -0.01 
-0.01 -0.01 222:1.0 
-0.01 -0.01 75:1.0 105:1.0 217:1.0 
-0.01 -0.01 
-0.0 -0.01 48:1.0 
-0.01 -0.01 
-0.01 -0.01 
-0.01 -0.01 
-0.01 -0.01 
-0.01 -0.01 163:1.0 
-0.01 -0.01 
-0.01 -0.01 
-0.01 -0.01 141:1.0 268:1.0 
-0.01 -0.01 
-0.01 -0.01 221:1.0 
-0.01 -0.01 
-0.01 -0.01 
-0.01 -0.01 
-0.01 -0.01 231:1.0 
-0.01 -0.01 
-0.01 -0.01 
-0.01 -0.01 
-0.01 -0.01 
-0.01 -0.01 
-0.01 -0.01 
-0.01 -0.01 30:1.0 209:1.0 
-0.01 -0.01 218:1.0 
-0.01 -0.01 61:1.0 
-0.01 -0.01 222:1.0 
-0.01 -0.01 
-0.01 -0.01 
-0.01 -0.01 
-0.01 -0.01 
-0.01 -0.01 
-0.01 -0.01 
-0.01 -0.01 
-0.01 -0.01 
-0.0 -0.01 157:1.0 
-0.01 -0.01 
-0.0 -0.01 254:1.0 
-0.01 -0.01 
-0.01 -0.01 
-0.01 -0.01 143:1.0 
-0.01 -0.01 
-0.0 -0.01 270:1.0 
-0.01 -0.01 
-0.0 -0.01 32:1.0 113:1.0 174:1.0 251:1.0 279:1.0 287:1.0 313:1.0 
-0.01 -0.01 
-0.01 -0.01 
-0.01 -0.01 
-0.0 -0.01 32:1.0 113:1.0 174:1.0 251:1.0 279:1.0 287:1.0 313:1.0 
-0.01 -0.01 
-0.01 -0.01 231:1.0 
-0.01 -0.01 
-0.01 -0.01 
-0.01 -0.01 83:1.0 
-0.01 -0.01 
-0.01 -0.01 
-0.01 -0.01 
-0.01 -0.01 133:1.0 
-0.01 -0.01 193:1.0 
-0.01 -0.01 
-0.01 -0.01 
-0.01 -0.01 
-0.01 -0.01 
-0.01 -0.01 
-0.01 -0.01 
-0.01 -0.01 
-0.01 -0.01 
-0.01 -0.01 
-0.01 -0.01 
-0.01 -0.01 51:1.0 
-0.01 -0.01 
-0.01 -0.01 
-0.0 -0.01 217:1.0 
-0.01 -0.01 
-0.0 -0.01 118:1.0 142:1.0 237:1.0 
-0.01 -0.01 
-0.01 -0.01 157:1.0 
-0.01 -0.01 
-0.01 -0.01 33:1.0 254:1.0 
-0.01 -0.01 
-0.01 -0.01 48:1.0 
-0.01 -0.01 
-0.01 -0.01 
-0.01 -0.01 
-0.01 -0.01 73:1.0 
-0.01 -0.01 147:1.0 
-0.01 -0.01 
-0.01 -0.01 
-0.01 -0.01 87:1.0 
-0.01 -0.01 
-0.0 -0.01 265:1.0 
-0.01 -0.01 
-0.01 -0.01 269:1.0 
-0.01 -0.01 265:1.0 
-0.01 -0.01 27:1.0 64:1.0 104:1.0 182:1.0 261:1.0 283:1.0 290:1.0 292:1.0 299:1.0 
-0.01 -0.01 
-0.0 -0.01 49:1.0 69:1.0 75:1.0 250:1.0 
-0.01 -0.01 230:1.0 
-0.01 -0.01 
-0.01 -0.01 
-0.01 -0.01 
-0.01 -0.01 
-0.01 -0.01 90:1.0 
-0.01 -0.01 2:1.0 
-0.01 -0.01 136:1.0 
-0.01 -0.01 
-0.01 -0.01 94:1.0 
-0.0 -0.01 55:1.0 135:1.0 181:1.0 187:1.0 277:1.0 288:1.0 303:1.0 
-0.01 -0.01 
-0.01 -0.01 
-0.01 -0.01 6:1.0 
-0.01 -0.01 
