svm_type c_svc
kernel_type rbf
gamma 1.0
nr_class 3
total_sv 1948
rho 0.3616831214686557 0.0665306478065941 -0.20972224937999692
label 2 0 1
nr_sv 498 780 670
SV
10.0 10.0 
10.0 10.0 
10.0 10.0 
10.0 10.0 
1.3492727641120426 1.1914022244483802 100:1.0 142:1.0 
10.0 10.0 
10.0 10.0 
10.0 10.0 
10.0 10.0 
10.0 10.0 
10.0 10.0 
10.0 10.0 
10.0 10.0 
10.0 10.0 
1.1960017211244702 1.436094177196253 42:1.0 164:1.0 168:1.0 
1.9482183393133692 2.162717328267204 138:1.0 
10.0 10.0 
10.0 10.0 
10.0 10.0 
10.0 10.0 
10.0 10.0 
10.0 1.7629240774699861 32:1.0 
10.0 10.0 
10.0 10.0 
1.915496673687331 1.6977255498019432 60:1.0 
10.0 10.0 
10.0 10.0 
10.0 2.5391000071228684 103:1.0 
10.0 10.0 
10.0 10.0 
10.0 10.0 
10.0 10.0 
10.0 10.0 
10.0 10.0 
1.8460026669792675 10.0 71:1.0 
10.0 10.0 
10.0 10.0 
10.0 10.0 
10.0 10.0 
0.7890709230818135 0.7648536706282464 12:1.0 28:1.0 73:1.0 
10.0 10.0 
1.3338241518650755 1.037624678929138 76:1.0 94:1.0 167:1.0 181:1.0 197:1.0 207:1.0 220:1.0 
10.0 10.0 
10.0 10.0 
10.0 10.0 
10.0 10.0 
10.0 10.0 
10.0 10.0 
10.0 10.0 
10.0 10.0 
10.0 10.0 
10.0 10.0 
10.0 10.0 
10.0 1.6302897666847356 50:1.0 
10.0 10.0 
10.0 10.0 
10.0 10.0 
10.0 1.7710031837239821 133:1.0 
10.0 10.0 
10.0 10.0 
10.0 10.0 
10.0 10.0 
10.0 0.0 16:1.0 
10.0 10.0 142:1.0 
10.0 10.0 
10.0 10.0 
0.0 1.0636313131082704 34:1.0 76:1.0 94:1.0 148:1.0 167:1.0 193:1.0 197:1.0 204:1.0 207:1.0 218:1.0 220:1.0 
0.9942181294785407 0.20791795360334867 14:1.0 181:1.0 
10.0 10.0 
10.0 10.0 
10.0 10.0 
10.0 10.0 
10.0 10.0 11:1.0 
10.0 10.0 
10.0 10.0 
10.0 10.0 
10.0 10.0 
10.0 10.0 
10.0 10.0 
10.0 10.0 
10.0 10.0 
10.0 10.0 
10.0 10.0 
10.0 10.0 
10.0 10.0 
0.3653500096739746 0.20744381147674598 114:1.0 164:1.0 
1.393058724230834 10.0 34:1.0 76:1.0 94:1.0 148:1.0 167:1.0 193:1.0 197:1.0 204:1.0 207:1.0 218:1.0 220:1.0 
10.0 10.0 
1.8465943599878265 1.8386592858390258 174:1.0 
10.0 10.0 
10.0 10.0 
0.9479948585707197 1.1913180926782185 12:1.0 147:1.0 
10.0 10.0 
10.0 10.0 
10.0 10.0 
10.0 10.0 
10.0 10.0 
10.0 10.0 
10.0 10.0 
10.0 10.0 
10.0 9.783381359477168 133:1.0 
10.0 10.0 
10.0 10.0 
10.0 10.0 
10.0 10.0 
10.0 10.0 
10.0 10.0 
10.0 10.0 
10.0 0.0 55:1.0 
1.8298478702147545 1.5926717832303994 94:1.0 
10.0 10.0 
10.0 10.0 
10.0 10.0 
10.0 10.0 
10.0 1.5517677606684295 181:1.0 
10.0 10.0 
10.0 10.0 
10.0 10.0 
0.708718675376312 0.657940585297235 1:1.0 84:1.0 
10.0 10.0 
10.0 10.0 
10.0 10.0 
10.0 10.0 
10.0 10.0 
10.0 10.0 
10.0 10.0 59:1.0 
10.0 10.0 
10.0 10.0 
10.0 10.0 
10.0 10.0 
10.0 10.0 
10.0 10.0 
10.0 10.0 
10.0 10.0 
10.0 10.0 
10.0 10.0 139:1.0 
10.0 10.0 
10.0 10.0 
10.0 10.0 
10.0 10.0 
10.0 10.0 
10.0 10.0 
10.0 10.0 
10.0 10.0 
10.0 10.0 
10.0 10.0 
1.3492450044776527 0.8876716325354097 99:1.0 164:1.0 
10.0 10.0 
10.0 10.0 
10.0 10.0 
10.0 10.0 
1.5483902187790546 1.874415120981642 4:1.0 6:1.0 
10.0 10.0 124:1.0 
1.0780982834411277 0.8183790025250991 4:1.0 6:1.0 85:1.0 
0.0 2.2353541464538167 87:1.0 
10.0 10.0 
1.5824775804318612 2.086228278446302 14:1.0 
10.0 10.0 
10.0 10.0 121:1.0 
0.0 0.6394796849701163 27:1.0 108:1.0 
10.0 0.0 170:1.0 
2.0122526846273496 9.711348232079418 87:1.0 
2.333533147968435 2.1759121832654174 47:1.0 124:1.0 
10.0 10.0 
10.0 10.0 
10.0 10.0 78:1.0 
10.0 10.0 
0.9719050055660846 0.8538516978868387 53:1.0 64:1.0 172:1.0 
10.0 9.868439562456258 32:1.0 
10.0 10.0 
10.0 10.0 
10.0 10.0 
10.0 10.0 
10.0 10.0 
10.0 10.0 
10.0 10.0 
10.0 10.0 
1.0213439899918961 0.7934490998711515 23:1.0 76:1.0 167:1.0 197:1.0 
10.0 10.0 
10.0 10.0 
10.0 10.0 
10.0 10.0 
10.0 10.0 
10.0 10.0 
10.0 10.0 
10.0 10.0 
10.0 10.0 
10.0 10.0 
10.0 10.0 
10.0 10.0 
10.0 10.0 
10.0 10.0 23:1.0 
10.0 10.0 
10.0 10.0 
10.0 10.0 
10.0 10.0 
10.0 10.0 
10.0 10.0 
10.0 10.0 
10.0 10.0 
10.0 2.4621607457354338 168:1.0 
10.0 10.0 
10.0 1.8627730125129145 76:1.0 
10.0 10.0 
1.7120762140876937 2.0949950608285444 114:1.0 
10.0 10.0 
10.0 10.0 
10.0 10.0 25:1.0 
10.0 10.0 
10.0 10.0 23:1.0 
10.0 10.0 
10.0 10.0 
10.0 10.0 
10.0 10.0 
1.7123280916208539 1.3958351371640665 108:1.0 
10.0 10.0 
1.8263364566029503 10.0 79:1.0 
10.0 10.0 
10.0 10.0 
1.8477516234591045 1.6304876588117625 134:1.0 190:1.0 
10.0 10.0 
10.0 10.0 
0.0 1.846920988007919 58:1.0 
10.0 2.6919289966036395 16:1.0 
10.0 10.0 
1.3946218323523087 1.0196084437599802 94:1.0 147:1.0 148:1.0 189:1.0 204:1.0 
10.0 10.0 
10.0 10.0 
1.178424868218594 0.9111452973202753 12:1.0 28:1.0 73:1.0 94:1.0 189:1.0 
1.3492129334464043 1.673557392195784 70:1.0 79:1.0 
10.0 10.0 
10.0 10.0 
10.0 10.0 
2.333235231369204 0.779194183256108 67:1.0 76:1.0 
10.0 10.0 
10.0 10.0 70:1.0 
2.7715011940682963 0.0 166:1.0 
10.0 10.0 
10.0 10.0 
10.0 10.0 
10.0 10.0 
10.0 10.0 
10.0 10.0 124:1.0 
10.0 10.0 
10.0 10.0 
10.0 10.0 
10.0 10.0 
10.0 10.0 
10.0 10.0 
1.9853524761400514 1.308836518112447 147:1.0 
10.0 10.0 
10.0 10.0 
2.334096344625057 10.0 105:1.0 
10.0 10.0 
10.0 10.0 
10.0 10.0 
10.0 10.0 
10.0 1.771011558338306 55:1.0 
0.51601891819281 0.9177718782042765 31:1.0 84:1.0 
10.0 10.0 
10.0 10.0 
0.0 10.0 31:1.0 
1.6568255377543273 10.0 31:1.0 
10.0 10.0 
10.0 10.0 
10.0 10.0 
10.0 10.0 
10.0 10.0 
10.0 10.0 
10.0 10.0 
10.0 1.8053154956832544 166:1.0 
10.0 10.0 
10.0 10.0 
10.0 10.0 
10.0 10.0 
1.3326048439235947 0.9173912042445165 84:1.0 165:1.0 
10.0 10.0 
10.0 10.0 
10.0 10.0 
10.0 10.0 
10.0 10.0 
10.0 10.0 
2.2030361172372896 1.6847238399800988 172:1.0 
9.999088242677018 9.82551450631356 166:1.0 
10.0 10.0 
10.0 10.0 
10.0 10.0 
10.0 10.0 
10.0 10.0 
10.0 10.0 
10.0 10.0 
1.7873206438404303 0.20765195773298395 133:1.0 168:1.0 
10.0 10.0 
10.0 10.0 
10.0 10.0 
10.0 10.0 
10.0 1.6311169979497486 24:1.0 
10.0 10.0 
10.0 10.0 
10.0 10.0 
10.0 10.0 
10.0 10.0 
10.0 10.0 
10.0 10.0 
10.0 10.0 
1.5002847063427742 0.9181596960354101 84:1.0 127:1.0 
1.846974001409991 1.6307971793545537 161:1.0 
10.0 10.0 
10.0 10.0 
10.0 10.0 
10.0 10.0 
10.0 10.0 
10.0 10.0 
10.0 10.0 
10.0 10.0 
2.3344127479169328 10.0 19:1.0 
10.0 10.0 
10.0 1.631097870257806 170:1.0 
10.0 10.0 
10.0 10.0 
10.0 10.0 
10.0 10.0 
10.0 10.0 
10.0 10.0 
0.0 2.695595920875799 164:1.0 
10.0 10.0 
10.0 10.0 
10.0 10.0 
10.0 10.0 
10.0 10.0 
10.0 10.0 
10.0 10.0 
10.0 10.0 
10.0 10.0 
10.0 10.0 
10.0 10.0 
10.0 10.0 
10.0 10.0 
10.0 10.0 
10.0 10.0 
10.0 10.0 
10.0 10.0 
10.0 10.0 
10.0 10.0 
10.0 10.0 
10.0 10.0 
10.0 10.0 
10.0 10.0 
10.0 10.0 
1.5245565550643163 1.1918875037858851 73:1.0 
10.0 10.0 
10.0 10.0 
10.0 10.0 
1.8852918613006535 0.0 40:1.0 
10.0 10.0 
10.0 10.0 
10.0 10.0 
10.0 10.0 
10.0 10.0 
10.0 10.0 
10.0 10.0 
10.0 10.0 
1.349618437302541 1.0326418360901353 27:1.0 101:1.0 
10.0 10.0 
10.0 10.0 
10.0 10.0 
9.930765291668505 9.932789824912787 60:1.0 
10.0 10.0 
1.65393886450766 2.0177928675870787 46:1.0 
10.0 10.0 
10.0 10.0 
10.0 10.0 
10.0 10.0 
10.0 10.0 
10.0 10.0 
10.0 10.0 
10.0 10.0 
10.0 10.0 
10.0 10.0 
10.0 10.0 
10.0 10.0 
10.0 10.0 
10.0 10.0 
10.0 10.0 
10.0 10.0 
10.0 10.0 145:1.0 
10.0 10.0 
0.3656056672560132 10.0 27:1.0 108:1.0 
10.0 10.0 
10.0 10.0 
10.0 10.0 
10.0 10.0 
1.846582747977567 10.0 119:1.0 
10.0 10.0 
10.0 10.0 
10.0 10.0 
10.0 10.0 
10.0 10.0 
10.0 10.0 
10.0 10.0 
10.0 10.0 
10.0 10.0 
10.0 10.0 
10.0 10.0 
10.0 10.0 
0.876196170320975 1.191252685421344 28:1.0 87:1.0 
10.0 10.0 
10.0 10.0 
10.0 10.0 
10.0 10.0 
10.0 10.0 
2.3338580629463266 1.6303678032763462 159:1.0 169:1.0 
10.0 10.0 
10.0 10.0 
10.0 10.0 
10.0 10.0 
10.0 10.0 
1.3307360686832228 1.0714926914323215 8:1.0 46:1.0 61:1.0 64:1.0 162:1.0 
1.2157187971618717 10.0 27:1.0 
1.8470508402212111 10.0 182:1.0 
10.0 10.0 
10.0 10.0 
10.0 10.0 
10.0 10.0 
1.244390205514931 1.0222113584285963 22:1.0 46:1.0 64:1.0 
10.0 10.0 
10.0 10.0 
10.0 10.0 
10.0 10.0 
10.0 10.0 
10.0 10.0 
10.0 1.6308654449486255 171:1.0 
10.0 10.0 
1.5417528414752242 1.030497278996536 1:1.0 29:1.0 
10.0 10.0 
10.0 10.0 
2.7966171058997347 2.1769093921152267 141:1.0 
10.0 10.0 85:1.0 
10.0 10.0 
10.0 10.0 
10.0 10.0 
1.8492542805047743 1.0688535496289497 128:1.0 137:1.0 154:1.0 194:1.0 202:1.0 221:1.0 
0.5277804265841223 0.8649559885201072 28:1.0 73:1.0 
10.0 10.0 
10.0 10.0 
10.0 10.0 
10.0 10.0 
10.0 10.0 
10.0 10.0 
10.0 10.0 
10.0 0.0 42:1.0 
1.8499426801282481 1.6310712641279113 7:1.0 
10.0 10.0 
1.541633128999366 0.8908256503831951 1:1.0 101:1.0 
10.0 10.0 
10.0 10.0 
10.0 10.0 
10.0 10.0 
10.0 10.0 
10.0 10.0 
10.0 10.0 
10.0 10.0 
10.0 10.0 
10.0 10.0 
10.0 10.0 
10.0 10.0 
1.822794460281105 2.423505712405006 53:1.0 
10.0 10.0 
10.0 10.0 
10.0 10.0 
10.0 10.0 
1.3699371416271091 0.0 100:1.0 
10.0 10.0 
10.0 10.0 
10.0 10.0 
1.0544434565706717 9.986292063103933 164:1.0 
10.0 10.0 
10.0 10.0 
10.0 10.0 
1.3612478929626235 1.0652658987774855 67:1.0 94:1.0 124:1.0 148:1.0 167:1.0 187:1.0 204:1.0 207:1.0 218:1.0 
10.0 10.0 
9.980809441438975 1.400703223458292 100:1.0 
10.0 10.0 
10.0 10.0 
10.0 10.0 
10.0 10.0 
10.0 10.0 
9.961535012525738 2.1764378776015745 40:1.0 
1.8463012730786463 9.953328981636746 58:1.0 
10.0 10.0 
10.0 10.0 
10.0 10.0 
10.0 1.9824840288789767 42:1.0 
10.0 10.0 
10.0 10.0 23:1.0 
1.0752582621444335 0.6281337250989723 76:1.0 167:1.0 197:1.0 
10.0 10.0 
10.0 10.0 118:1.0 
-0.34158898134311594 0.4227014788970095 2:1.0 91:1.0 
-0.4863907547870248 0.5775735972399025 121:1.0 
-0.0 10.0 78:1.0 
-0.49177748189554565 0.8615149164587583 66:1.0 187:1.0 
-0.8373035553393319 10.0 142:1.0 
-0.0 0.42194151582345063 93:1.0 
-0.3416091120950545 0.42279802879181533 116:1.0 159:1.0 
-0.47620294030438043 0.7105130315991085 8:1.0 77:1.0 
-0.0 10.0 90:1.0 
-0.6586360125264078 0.0 42:1.0 
-1.1815442220670058 10.0 4:1.0 
-0.34153372835989454 0.4494788053196951 15:1.0 102:1.0 
-0.0 0.42192076730034944 136:1.0 
-0.5621536167190774 0.695995880937717 107:1.0 203:1.0 
-0.4479751979539187 0.8622347469136185 89:1.0 129:1.0 178:1.0 
-0.46691615150072063 10.0 11:1.0 
-0.46480641402172385 2.3907091782372554 162:1.0 173:1.0 
-0.4663712978709339 1.043777158220161 88:1.0 
-0.4673441760108923 10.0 78:1.0 98:1.0 
-0.0 0.5880283815996836 113:1.0 
-0.4662416748667468 10.0 90:1.0 
-10.0 0.0 170:1.0 
-0.2150168154242567 0.0 55:1.0 
-0.4449750582398732 0.7295554160859209 20:1.0 179:1.0 186:1.0 196:1.0 
-0.4660834005966699 10.0 17:1.0 
-0.6916870934416098 0.6721477807991122 85:1.0 94:1.0 147:1.0 189:1.0 
-0.0014751902502780178 0.0 51:1.0 
-1.2049972841066334 1.3845302711808236 85:1.0 
-0.3414849675140197 10.0 92:1.0 
-10.0 0.0 42:1.0 
-0.5623899102840675 1.3752347359376385 34:1.0 66:1.0 76:1.0 193:1.0 
-0.24436920988894792 0.41004114441827405 22:1.0 82:1.0 
-0.001567735429296373 0.2730294052759421 112:1.0 
-0.08883566381839947 10.0 113:1.0 
-10.0 0.5774406081186396 181:1.0 
-1.3770218500795968 0.0 76:1.0 
-10.0 1.0443247007942753 40:1.0 
-0.34084122496678537 10.0 185:1.0 
-0.0 10.0 38:1.0 
-0.3315425898992021 1.1734007022590502 23:1.0 
-0.45299800373857296 0.0 16:1.0 
-0.7509878611841874 0.8262502227285985 14:1.0 43:1.0 67:1.0 
-0.0 0.626252502254377 21:1.0 
-0.0012810511707843997 0.0 2:1.0 
-0.3410045459314421 10.0 93:1.0 
-0.0 0.10385653438598015 10:1.0 
-0.2022184966046126 0.3379350127918998 155:1.0 178:1.0 
-0.3901516291584407 0.4886744553483619 65:1.0 179:1.0 
-0.5474855202086528 0.6916569086993076 30:1.0 95:1.0 113:1.0 123:1.0 199:1.0 
-0.5092406517282353 0.18645362357906575 101:1.0 165:1.0 
-10.0 0.7334037030068343 100:1.0 
-0.34120595821356053 10.0 20:1.0 185:1.0 
-0.0 1.2154407929587543 131:1.0 
-10.0 0.0 16:1.0 
-0.46611836149180413 10.0 153:1.0 
-7.974972221599213E-4 0.48284409943868095 72:1.0 
-0.0 10.0 68:1.0 
-0.0018736846947441804 10.0 124:1.0 
-0.38999200692860186 0.4881876878861609 65:1.0 113:1.0 
-1.321944600832614 0.7891513278774152 7:1.0 128:1.0 137:1.0 154:1.0 194:1.0 202:1.0 221:1.0 
-0.0 10.0 125:1.0 
-0.016508523893608733 10.0 78:1.0 
-0.3415888373452918 0.755914184457388 36:1.0 180:1.0 
-0.0 0.4604834711233614 89:1.0 
-0.20199701720074184 0.42252995537561744 15:1.0 178:1.0 
-1.2235848517250048 0.4658042407803005 67:1.0 
-0.48606221502892566 1.1470704560401868 38:1.0 99:1.0 149:1.0 
-0.5149420104498894 1.8596074921927492 33:1.0 104:1.0 
-0.3413267507791091 0.4228596750534005 50:1.0 136:1.0 
-1.3958647463197331 0.0 133:1.0 
-10.0 0.2662154461175381 166:1.0 
-10.0 0.059817471041788806 170:1.0 
-0.4550182060368025 0.563936330443294 39:1.0 54:1.0 80:1.0 110:1.0 130:1.0 135:1.0 157:1.0 176:1.0 190:1.0 195:1.0 200:1.0 205:1.0 206:1.0 210:1.0 212:1.0 213:1.0 214:1.0 215:1.0 219:1.0 222:1.0 
-0.4662488434846504 0.8621477711597378 10:1.0 122:1.0 126:1.0 
-0.3402337324941348 9.79728820096872 21:1.0 
-0.7509797017214999 0.6993035740453207 72:1.0 122:1.0 138:1.0 
-0.0 0.05967275197825409 109:1.0 
-10.0 10.0 25:1.0 
-0.17959465785242204 0.027449070815743635 36:1.0 
-0.0 9.748851073542319 159:1.0 
-0.0 10.0 70:1.0 
-10.0 10.0 23:1.0 
-0.060875582970268884 1.4799588906367203 116:1.0 
-0.34155730905479964 1.4066523431498104 10:1.0 78:1.0 
-0.2672304324000619 0.42297716562477256 82:1.0 113:1.0 
-0.4219829476963636 10.0 63:1.0 140:1.0 151:1.0 
-9.999056325513806 0.5772897126656916 133:1.0 
-0.0 10.0 179:1.0 186:1.0 196:1.0 
-0.0015633212078372417 0.0 150:1.0 
-10.0 10.0 11:1.0 
-0.7198421169600878 0.8527720939939744 52:1.0 76:1.0 94:1.0 148:1.0 167:1.0 197:1.0 204:1.0 207:1.0 218:1.0 220:1.0 
-0.29424182716004393 10.0 145:1.0 
-0.20217945565919798 0.4225597555410219 152:1.0 178:1.0 
-0.2940653822838186 0.5011826960134682 68:1.0 102:1.0 
-1.3255965928186724 1.2235895813744189 19:1.0 101:1.0 
-0.0 0.577489688023783 62:1.0 
-0.39385427068692413 1.4073143386202198 150:1.0 173:1.0 
-0.0 0.5777795985058314 57:1.0 
-0.0 4.738689796352802 
-0.0 10.0 
-0.0 10.0 
-0.0 10.0 
-0.0 10.0 
-0.0 10.0 
-0.0 10.0 
-0.0 10.0 
-0.0 10.0 
-0.6365020019847775 0.7881410281894679 39:1.0 54:1.0 80:1.0 110:1.0 135:1.0 157:1.0 176:1.0 190:1.0 200:1.0 210:1.0 212:1.0 214:1.0 
-7.170146244969681E-4 1.4060995553316988 158:1.0 
-0.0 10.0 
-0.0 10.0 
-0.4013905702918326 0.4888181580589951 132:1.0 
-0.4426374077421418 1.3215271586774153 149:1.0 155:1.0 
-0.001198480090727755 0.0 29:1.0 
-0.0 10.0 
-0.0 10.0 
-0.46814207932586155 0.577965077428897 118:1.0 
-0.0 10.0 
-0.0 10.0 
-0.0 10.0 
-0.0 10.0 
-0.0 10.0 
-0.0 10.0 
-0.0 10.0 96:1.0 
-0.0 10.0 
-0.10639939748628402 10.0 102:1.0 
-0.0 10.0 
-0.0 10.0 
-0.0 10.0 
-0.4661020917959856 1.4057379594351724 3:1.0 
-0.0 10.0 
-0.0 10.0 
-6.901811652230455E-4 0.0 50:1.0 
-0.0 10.0 
-6.406529660065621E-4 0.0 155:1.0 
-0.0 10.0 
-0.0 10.0 
-0.5566371943357497 0.7641775727554598 101:1.0 116:1.0 135:1.0 173:1.0 
-0.0 10.0 
-0.0 10.0 
-0.0 10.0 
-0.0 10.0 
-0.0 10.0 
-0.0 10.0 
-0.0 10.0 109:1.0 
-0.0 10.0 
-0.0 10.0 
-0.46620134783932493 10.0 96:1.0 
-0.0 10.0 
-0.0 10.0 
-0.3086499168126465 0.3836886584088358 45:1.0 56:1.0 63:1.0 97:1.0 132:1.0 208:1.0 
-0.0 10.0 
-0.0 10.0 
-0.33590188790450537 0.47843043966028964 63:1.0 
-0.0 10.0 
-0.0 10.0 
-0.0 10.0 
-0.0 10.0 
-10.0 10.0 142:1.0 
-0.0 10.0 
-0.0 10.0 
-0.0 10.0 
-0.0 10.0 
-0.0 10.0 
-0.0 10.0 
-0.0 10.0 
-0.3418392711534497 1.1023815562728243 26:1.0 55:1.0 
-0.0 10.0 
-0.0 10.0 
-0.0 10.0 
-0.8970140130363338 1.0762842191001127 99:1.0 
-0.0 10.0 68:1.0 
-0.0 10.0 
-0.0 10.0 
-0.0 10.0 
-1.205212269191395 10.0 70:1.0 
-0.0 10.0 
-0.0 10.0 
-0.0 10.0 
-0.0 10.0 
-0.0 10.0 
-0.40301872158523183 1.0405344771140674 144:1.0 
-9.806356211977036 1.2036164030544712 42:1.0 
-0.0 10.0 
-0.0 10.0 
-0.0 10.0 
-0.0 10.0 
-0.7017566441498366 0.0 101:1.0 
-0.34165276543423173 0.7524668277292156 175:1.0 180:1.0 
-0.0 10.0 
-0.0 10.0 
-0.0 10.0 
-0.0 10.0 
-0.0 10.0 
-0.0 10.0 
-0.3416272636944094 0.4191283928082243 21:1.0 175:1.0 
-0.0 10.0 
-0.0 10.0 
-10.0 10.0 23:1.0 
-0.0 10.0 
-0.3419016294724273 0.4229203013585665 113:1.0 122:1.0 
-0.4667774280300366 1.4067802095542647 125:1.0 170:1.0 
-0.0 10.0 
-10.0 10.0 145:1.0 
-0.0024091664033161677 0.0 188:1.0 
-0.0 10.0 
-0.0 10.0 
-0.0 10.0 
-0.0 10.0 
-10.0 1.044216124562926 168:1.0 
-0.0 10.0 
-0.0 10.0 
-9.94351073535323 2.0870645470203484 16:1.0 
-0.30503724096788337 10.0 126:1.0 
-0.0 10.0 
-0.0 10.0 
-0.0 10.0 
-0.0 10.0 
-0.0 10.0 
-6.223841099191379E-4 0.0 177:1.0 
-0.0 10.0 
-0.0 10.0 
-0.0 10.0 
-0.0 10.0 
-0.0 10.0 
-0.0 10.0 
-0.0 10.0 
-0.0 10.0 
-0.0 10.0 
-0.0 10.0 
-0.0 10.0 
-9.89717957444964 10.0 
-10.0 10.0 
-10.0 10.0 
-10.0 10.0 
-0.0 1.3961173792290673 49:1.0 
-10.0 10.0 
-10.0 10.0 
-10.0 10.0 
-10.0 10.0 
-10.0 10.0 
-10.0 10.0 
-10.0 10.0 
-10.0 10.0 
-10.0 10.0 
-10.0 10.0 
-10.0 10.0 
-10.0 10.0 
-0.23301652016084692 10.0 18:1.0 
-10.0 10.0 
-10.0 10.0 
-0.0011362164026617859 0.0 143:1.0 
-10.0 10.0 
-10.0 10.0 
-10.0 10.0 
-10.0 10.0 
-6.513203591887037E-4 0.5789735429612856 191:1.0 
-10.0 10.0 
-0.3534335968684228 0.5004417338766922 140:1.0 
-10.0 10.0 
-10.0 10.0 
-0.6371947986065823 10.0 159:1.0 
-10.0 10.0 
-10.0 10.0 
-0.0 0.5977637456046245 178:1.0 
-10.0 10.0 
-10.0 10.0 
-0.0017298172031501502 0.5710932696607384 95:1.0 
-10.0 10.0 
-1.2934680179778326 2.391244599078156 38:1.0 79:1.0 
-10.0 10.0 
-0.0010707027208641637 0.0 135:1.0 
-10.0 10.0 
-10.0 10.0 
-0.0 1.0884291677480953 5:1.0 74:1.0 75:1.0 81:1.0 192:1.0 198:1.0 201:1.0 216:1.0 217:1.0 
-10.0 10.0 
-10.0 10.0 
-10.0 10.0 
-0.46643821115735845 0.5772403884197481 83:1.0 
-10.0 10.0 
-10.0 10.0 
-10.0 10.0 
-0.0 0.5777840466345129 48:1.0 
-0.0 0.9171679274761817 152:1.0 
-10.0 10.0 
-10.0 10.0 
-10.0 10.0 
-10.0 10.0 
-10.0 10.0 
-10.0 10.0 
-10.0 10.0 
-0.7300243558635943 1.3760357219884283 6:1.0 51:1.0 
-10.0 10.0 
-10.0 10.0 
-0.4662075625938347 0.0 171:1.0 
-10.0 10.0 
-10.0 10.0 
-10.0 10.0 
-0.5095643336977862 1.3541109592059875 124:1.0 165:1.0 
-10.0 10.0 
-10.0 10.0 
-10.0 10.0 
-0.5606221626784136 0.6925449002413306 45:1.0 56:1.0 151:1.0 208:1.0 
-10.0 10.0 
-0.46627064821764114 10.0 57:1.0 
-10.0 10.0 
-0.4449224840510487 0.5771899462503731 23:1.0 82:1.0 183:1.0 
-10.0 10.0 
-10.0 10.0 
-10.0 10.0 
-0.0 1.2931088841071738 47:1.0 
-0.3812719917773182 0.6059627913815224 151:1.0 
-10.0 10.0 
-0.34166332226918017 0.42283496480894933 47:1.0 55:1.0 
-10.0 10.0 
-10.0 10.0 
-10.0 10.0 
-1.2781236774954818 0.7361742069605826 68:1.0 141:1.0 
-9.757590994192386 10.0 70:1.0 
-0.41889325940573585 1.5229789801036828 44:1.0 129:1.0 
-0.3382142257684211 10.0 37:1.0 
-10.0 10.0 
-10.0 10.0 
-10.0 0.5776039010247176 171:1.0 
-10.0 10.0 
-10.0 10.0 
-0.3244956148558784 0.27482702688448357 66:1.0 76:1.0 
-0.2673330093851487 0.4223480367250481 36:1.0 82:1.0 
-10.0 10.0 
-0.34968980485970647 0.41207634849256475 139:1.0 
-0.3412807122526955 0.5267085454737088 18:1.0 188:1.0 
-0.001043525481159413 10.0 47:1.0 
-10.0 10.0 
-0.18611665827149715 10.0 44:1.0 
-10.0 10.0 
-9.372892234144144 9.988460127123659 85:1.0 
-10.0 10.0 
-10.0 10.0 
-10.0 10.0 
-0.3410122088890574 10.0 136:1.0 
-1.3264960136005126 1.4898505024626592 61:1.0 172:1.0 
-10.0 10.0 
-10.0 10.0 
-9.974262677149639 10.0 
-10.0 10.0 
-10.0 10.0 
-7.641929625741424E-4 0.0 15:1.0 
-0.0 0.5775381044384916 184:1.0 
-10.0 10.0 
-10.0 10.0 
-10.0 10.0 
-10.0 10.0 
-0.4554155924859077 0.5638653703919697 39:1.0 80:1.0 110:1.0 130:1.0 135:1.0 157:1.0 176:1.0 195:1.0 200:1.0 205:1.0 206:1.0 210:1.0 212:1.0 213:1.0 214:1.0 215:1.0 219:1.0 222:1.0 
-10.0 10.0 
-10.0 10.0 
-10.0 10.0 
-10.0 10.0 
-10.0 10.0 
-0.3917897548596395 9.971364590003343 152:1.0 
-0.0019874752513052395 0.0 26:1.0 
-10.0 10.0 
-0.3385882297987494 0.3835946336615212 188:1.0 
-0.3123128145025091 0.38424796449278664 135:1.0 
-0.2468329438237997 0.36175928499052434 179:1.0 
-10.0 10.0 
-10.0 10.0 
-10.0 10.0 
-0.10276187969989864 0.0 155:1.0 
-10.0 10.0 
-0.5149548764233641 1.6948266806484913 16:1.0 129:1.0 187:1.0 
-10.0 10.0 
-10.0 10.0 
-10.0 10.0 
-0.4650042113249382 0.577634955132939 143:1.0 
-1.0985585398706712 10.0 124:1.0 
-10.0 10.0 
-10.0 10.0 
-9.729021037560846 10.0 133:1.0 
-10.0 10.0 
-10.0 10.0 
-10.0 10.0 
-10.0 10.0 
-10.0 10.0 
-10.0 10.0 
-10.0 10.0 
-10.0 10.0 
-10.0 10.0 
-10.0 10.0 
-0.002119127915603933 0.0 91:1.0 
-0.4444573176088176 0.5503440078233838 25:1.0 42:1.0 
-0.48852915935322044 0.6618066060468268 30:1.0 123:1.0 199:1.0 
-0.34018364139694235 0.0 50:1.0 
-10.0 10.0 
-0.340820903405083 1.4073549820900486 92:1.0 109:1.0 
-0.46627188423609023 10.0 131:1.0 
-0.0977157741559178 0.0 51:1.0 
-10.0 10.0 
-10.0 10.0 
-10.0 10.0 
-10.0 10.0 
-0.46733326526827207 0.6959775990440012 59:1.0 145:1.0 
-10.0 10.0 
-10.0 10.0 
-0.31872988044398154 0.5415094792714066 20:1.0 
-10.0 10.0 
-0.4291113235836225 0.5596213568531082 45:1.0 56:1.0 63:1.0 97:1.0 208:1.0 
-10.0 0.0 55:1.0 
-10.0 10.0 
-0.3412279696044417 0.42261779819759226 2:1.0 93:1.0 
-10.0 10.0 
-0.9066313847783729 0.4218031619818552 29:1.0 
-10.0 10.0 
-10.0 10.0 124:1.0 
-10.0 10.0 
-10.0 10.0 
-10.0 10.0 
-10.0 10.0 
-0.34172208157366246 0.828291777659754 112:1.0 115:1.0 
-10.0 10.0 
-10.0 10.0 
-0.2772973685313927 10.0 10:1.0 
-10.0 10.0 
-10.0 10.0 
-0.40613801748140144 10.0 89:1.0 
-10.0 10.0 
-10.0 10.0 
-8.764083576461874E-4 0.0 175:1.0 
-0.2908752613426567 0.31574343784002545 77:1.0 
-10.0 10.0 
-10.0 10.0 
-10.0 10.0 
-10.0 10.0 
-0.46645146169097823 10.0 13:1.0 
-10.0 10.0 
-10.0 10.0 
-10.0 10.0 
-0.3419337135865595 0.41909173475434053 23:1.0 175:1.0 
-10.0 10.0 
-10.0 10.0 
-10.0 10.0 
-10.0 10.0 
-10.0 10.0 
-10.0 10.0 
-0.2668443241441448 0.3913699576326572 51:1.0 82:1.0 
-10.0 10.0 
-10.0 10.0 
-0.4665843407847548 10.0 184:1.0 
-10.0 10.0 
-10.0 10.0 
-10.0 10.0 
-0.46613441250382953 0.0 32:1.0 
-0.3903086836329207 1.145420340816301 30:1.0 
-10.0 10.0 
-10.0 10.0 
-10.0 10.0 
-10.0 10.0 
-10.0 10.0 
-10.0 10.0 
-10.0 10.0 
-10.0 10.0 
-10.0 10.0 
-10.0 10.0 
-10.0 10.0 
-10.0 10.0 
-0.2672104446148117 1.4062697377021613 82:1.0 126:1.0 
-10.0 10.0 
-10.0 10.0 
-10.0 10.0 
-10.0 10.0 
-10.0 10.0 
-10.0 10.0 
-10.0 10.0 
-10.0 10.0 
-10.0 10.0 
-0.33913801911629504 10.0 112:1.0 
-10.0 10.0 
-10.0 10.0 
-10.0 10.0 
-10.0 10.0 
-10.0 10.0 
-10.0 10.0 
-10.0 10.0 
-10.0 10.0 
-1.3255253441576413 2.391436557276982 105:1.0 124:1.0 
-10.0 10.0 
-10.0 10.0 
-10.0 10.0 
-10.0 10.0 
-10.0 10.0 
-10.0 10.0 
-10.0 10.0 
-6.916873078615262E-4 0.0 86:1.0 
-10.0 10.0 
-10.0 10.0 
-10.0 10.0 
-10.0 10.0 
-10.0 10.0 
-10.0 10.0 
-10.0 10.0 
-10.0 10.0 
-10.0 0.5775251201799728 32:1.0 
-10.0 10.0 
-10.0 10.0 
-10.0 10.0 
-10.0 10.0 
-1.3253246746553933 0.577763121184034 169:1.0 
-10.0 10.0 
-10.0 10.0 
-0.3647230479157195 10.0 43:1.0 
-0.39845924545155886 10.0 179:1.0 186:1.0 196:1.0 
-0.2018456659358647 0.42274400902784887 159:1.0 178:1.0 
-10.0 10.0 
-10.0 10.0 
-0.0 0.5774885583864012 86:1.0 
-10.0 10.0 
-1.1458830403161135 0.5775903140575417 134:1.0 
-10.0 10.0 
-0.0 10.0 72:1.0 
-0.5095378462694165 0.36964965851550424 116:1.0 165:1.0 
-0.29424058583913987 10.0 125:1.0 
-10.0 10.0 
-0.3415903471150151 0.4224979901342039 29:1.0 135:1.0 
-0.46592661681962666 10.0 48:1.0 
-10.0 10.0 
-10.0 10.0 
-10.0 10.0 
-10.0 10.0 
-0.46908734746919545 0.0 103:1.0 
-0.6390846973130406 0.7970108108325589 39:1.0 54:1.0 80:1.0 176:1.0 190:1.0 210:1.0 
-0.36795882639876554 2.0788876126832556 120:1.0 
-0.3386728396396092 0.4218950946021844 26:1.0 
-0.34197352261063974 0.453699621314926 44:1.0 155:1.0 
-0.4661288320194391 0.862053534833533 36:1.0 37:1.0 144:1.0 
-10.0 10.0 
-9.978747892600433 0.4217240801359351 24:1.0 
-10.0 10.0 
-10.0 10.0 32:1.0 
-10.0 10.0 
-10.0 10.0 
-1.30094382323103 0.657032955186296 147:1.0 189:1.0 
-10.0 10.0 
-0.4803031373268302 0.9308291366611605 37:1.0 65:1.0 116:1.0 
-1.30338016913583 0.671764416639127 22:1.0 141:1.0 
-10.0 10.0 
-10.0 10.0 
-10.0 10.0 
-0.21507710825199083 10.0 180:1.0 
-10.0 10.0 
-10.0 10.0 
-10.0 10.0 
-10.0 10.0 
-0.34891423444219183 10.0 163:1.0 
-10.0 10.0 
-10.0 10.0 
-1.018475866912153 0.5777138246734157 127:1.0 
-10.0 10.0 
-10.0 10.0 
-0.0020156810041692605 0.0 69:1.0 
-10.0 10.0 
-10.0 10.0 
-0.465749620886592 10.0 86:1.0 
-10.0 10.0 
-10.0 10.0 
-0.3414092679279445 10.0 109:1.0 
-10.0 10.0 
-10.0 0.26609091166813365 55:1.0 
-10.0 10.0 
-9.990975944010234 10.0 139:1.0 
-10.0 10.0 
-10.0 10.0 
-10.0 10.0 
-10.0 10.0 
-10.0 10.0 
-1.3260252683003415 1.4068529345505612 87:1.0 159:1.0 
-10.0 10.0 
-10.0 10.0 
-10.0 10.0 
-10.0 10.0 
-10.0 10.0 
-10.0 10.0 
-10.0 10.0 
-0.4657516991617467 2.234405731113422 177:1.0 
-10.0 10.0 
-10.0 10.0 
-10.0 10.0 
-10.0 10.0 
-10.0 10.0 
-10.0 10.0 
-10.0 10.0 
-10.0 10.0 
-0.4059984937695013 0.4997132245811479 183:1.0 
-10.0 10.0 
-10.0 10.0 
-10.0 10.0 
-10.0 10.0 
-10.0 10.0 
-10.0 10.0 23:1.0 
-10.0 10.0 
-0.3407040797866814 10.0 115:1.0 
-10.0 10.0 
-10.0 10.0 
-10.0 10.0 
-10.0 10.0 
-10.0 10.0 
-10.0 10.0 
-0.3967528971150073 2.390978460104833 104:1.0 124:1.0 
-10.0 10.0 
-10.0 10.0 
-10.0 10.0 
-10.0 10.0 
-10.0 10.0 
-0.4666251892290429 10.0 62:1.0 
-10.0 10.0 
-10.0 10.0 
-10.0 10.0 
-10.0 10.0 
-10.0 10.0 
-10.0 10.0 
-10.0 10.0 
-10.0 10.0 
-10.0 10.0 
-10.0 10.0 
-0.26549493929148477 0.25661757858559864 15:1.0 
-10.0 10.0 
-10.0 1.4862088629664065 76:1.0 
-10.0 10.0 
-0.0 10.0 178:1.0 
-10.0 10.0 
-10.0 10.0 
-10.0 10.0 
-0.44479646944712337 0.5503140548340385 25:1.0 82:1.0 120:1.0 
-0.0 0.5838388017097028 69:1.0 
-10.0 10.0 59:1.0 
-10.0 10.0 
-10.0 10.0 
-10.0 10.0 
-10.0 10.0 
-10.0 10.0 
-0.3418272454742743 0.449234574199306 102:1.0 139:1.0 
-10.0 10.0 
-10.0 10.0 
-10.0 10.0 
-10.0 10.0 
-10.0 10.0 
-10.0 10.0 
-10.0 10.0 
-10.0 10.0 
-10.0 10.0 
-10.0 10.0 
-9.997004923189646 1.234482153120644 103:1.0 
-0.4550224462317014 9.993728627353446 95:1.0 
-10.0 10.0 
-10.0 10.0 
-10.0 10.0 
-10.0 10.0 
-10.0 10.0 
-0.3193356382787879 0.5672142847332878 22:1.0 163:1.0 
-9.980082819485485 10.0 121:1.0 
-0.465749620886592 9.998578827845336 191:1.0 
-0.41322959089995986 0.5676709474842088 63:1.0 132:1.0 140:1.0 
-10.0 10.0 
-10.0 10.0 
-10.0 10.0 
-10.0 10.0 
-10.0 10.0 
-0.10330811338232176 0.21984323173152337 82:1.0 120:1.0 
-10.0 10.0 
-10.0 10.0 
-0.41454157731487695 0.5082063424347748 45:1.0 56:1.0 63:1.0 132:1.0 208:1.0 
-10.0 10.0 60:1.0 
-10.0 10.0 
-0.4649207375068 9.994022380087396 69:1.0 
-10.0 10.0 
-10.0 10.0 
-10.0 10.0 
-10.0 10.0 
-10.0 10.0 
-1.325636976145443 0.4226886958090215 24:1.0 166:1.0 
-10.0 10.0 
-10.0 10.0 
-10.0 10.0 
-10.0 10.0 
-10.0 10.0 
-0.17544108895546776 0.21067570901272875 122:1.0 
-10.0 10.0 
-1.198123555007986 10.0 47:1.0 
-10.0 10.0 
-10.0 10.0 
-0.08809023530094189 0.0 175:1.0 
-10.0 10.0 
-10.0 10.0 
-10.0 10.0 
-10.0 10.0 
-10.0 10.0 
-10.0 10.0 
-10.0 10.0 
-10.0 10.0 
-10.0 10.0 
-10.0 10.0 
-10.0 10.0 
-10.0 10.0 
-10.0 10.0 
-0.7953804540261198 1.0272026593679555 18:1.0 53:1.0 111:1.0 
-0.3639202407499467 10.0 72:1.0 
-10.0 10.0 
-0.21384913041223616 0.2666366547219512 2:1.0 
-10.0 10.0 
-0.0 10.0 178:1.0 
-10.0 10.0 
-0.6196509997540617 0.7670761334332813 39:1.0 80:1.0 110:1.0 130:1.0 135:1.0 176:1.0 190:1.0 195:1.0 200:1.0 205:1.0 206:1.0 210:1.0 213:1.0 215:1.0 219:1.0 222:1.0 
-10.0 10.0 
-10.0 10.0 
-10.0 10.0 
-10.0 10.0 
-10.0 10.0 
-10.0 10.0 
-9.998105266260815 10.0 118:1.0 
-0.6383526822624784 9.701690410968828 5:1.0 74:1.0 75:1.0 81:1.0 192:1.0 198:1.0 201:1.0 216:1.0 217:1.0 
-10.0 10.0 
-10.0 10.0 
-10.0 10.0 
-10.0 10.0 
-10.0 10.0 
-0.33862805813277175 0.4219597390163397 91:1.0 
-10.0 10.0 
-10.0 10.0 
-10.0 10.0 78:1.0 
-10.0 10.0 166:1.0 
-10.0 10.0 
-10.0 10.0 
-0.466502117647637 1.0440024127183514 146:1.0 
-10.0 10.0 
-0.6080508097290339 10.0 41:1.0 160:1.0 211:1.0 
-10.0 10.0 
-10.0 10.0 
-0.4656517724477913 10.0 158:1.0 
-10.0 10.0 
-10.0 10.0 
-0.6080222527233616 0.7527404644210949 117:1.0 156:1.0 209:1.0 
-10.0 10.0 
-10.0 10.0 
-10.0 10.0 
-10.0 10.0 
-10.0 10.0 
-10.0 10.0 
-10.0 10.0 
-0.4664633754355729 9.861364690527436 49:1.0 
-0.3204034027192134 0.888182878411594 150:1.0 
-10.0 10.0 
-10.0 10.0 
-10.0 10.0 
-10.0 10.0 
-10.0 10.0 
-10.0 10.0 
-10.0 0.4218241926761021 50:1.0 
-9.404154267257288 10.0 124:1.0 
-10.0 10.0 
-10.0 10.0 
-10.0 10.0 
-10.0 10.0 
-10.0 10.0 
-10.0 10.0 
-10.0 10.0 
-10.0 10.0 
-10.0 10.0 
-0.41320727288178044 2.3905631582990714 78:1.0 162:1.0 
-10.0 10.0 
-0.34146901836664584 1.2243432101228338 101:1.0 142:1.0 
-10.0 10.0 
-10.0 10.0 
-10.0 10.0 
-0.0 9.221230506841268 82:1.0 
-0.2990150245731636 0.3700055355163692 39:1.0 54:1.0 80:1.0 110:1.0 130:1.0 135:1.0 157:1.0 176:1.0 195:1.0 200:1.0 205:1.0 206:1.0 210:1.0 212:1.0 213:1.0 214:1.0 215:1.0 219:1.0 222:1.0 
-1.1858766788655655 0.4229284221385846 166:1.0 178:1.0 
-10.0 10.0 
-10.0 10.0 
-10.0 10.0 
-10.0 10.0 
-10.0 10.0 
-3.5817496621816405 4.468870890741003 
-0.0 -10.0 
-0.0 -10.0 
-0.0 -10.0 
-0.0 -10.0 
-1.558675841427493 -1.7354547975170205 28:1.0 
-0.0 -10.0 
-0.0 -10.0 
-0.0 -2.30341720331794 125:1.0 
-10.0 -1.719105470764788 19:1.0 
-0.0 -10.0 
-0.0 -10.0 
-0.0 -10.0 
-0.0 -10.0 
-0.0 -10.0 
-0.0 -10.0 
-0.0 -10.0 
-10.0 -2.485478233070538 79:1.0 
-0.0 -10.0 
-2.4681058771440023 -1.7863127517744983 53:1.0 103:1.0 
-0.0 -10.0 
-0.0 -10.0 
-0.0 -10.0 
-0.43112992468248895 -10.0 185:1.0 
-10.0 -0.0 31:1.0 
-0.0 -10.0 
-0.013019923546765202 -10.0 68:1.0 
-0.0 -10.0 
-0.0 -10.0 
-0.0 -10.0 
-0.0 -10.0 
-0.0 -10.0 
-0.0 -10.0 
-0.0 -10.0 
-0.0 -10.0 
-0.6818428576219001 -10.0 11:1.0 
-0.0 -10.0 
-0.0 -10.0 
-0.0 -10.0 
-0.0 -10.0 
-0.0 -10.0 
-0.6819709617029549 -10.0 191:1.0 
-0.7475404420412384 -2.2523311729515894 23:1.0 120:1.0 
-0.0 -10.0 
-0.0 -10.0 
-0.0 -10.0 
-0.0 -10.0 
-0.0 -10.0 
-0.05036215206171751 -0.0 111:1.0 
-0.0 -10.0 
-0.6818684814859404 -10.0 145:1.0 
-0.0 -10.0 
-0.0 -10.0 
-0.0 -10.0 
-0.0 -10.0 
-2.995622717176893 -1.2681418219477674 164:1.0 168:1.0 
-0.0 -10.0 
-0.0 -10.0 
-0.0 -10.0 
-0.0 -10.0 
-0.0 -10.0 
-0.0 -10.0 
-0.0 -10.0 
-0.0 -10.0 
-0.0 -10.0 
-0.49946220998879237 -0.28438075041073785 35:1.0 173:1.0 
-0.0 -10.0 
-0.0 -10.0 
-0.0 -10.0 
-0.0 -10.0 
-10.0 -10.0 11:1.0 
-0.0 -10.0 
-0.0 -10.0 
-0.0 -10.0 
-0.0 -10.0 
-0.0 -10.0 
-0.0 -10.0 
-0.0 -10.0 
-0.01546495894213861 -1.7622925246292027 17:1.0 
-0.6824426594973865 -1.2678586671406984 35:1.0 146:1.0 
-0.0 -10.0 
-0.0 -10.0 
-0.0 -10.0 
-0.0 -10.0 
-0.0 -10.0 
-0.0 -10.0 159:1.0 
-0.06019908535964523 -10.0 96:1.0 
-0.0 -10.0 
-0.0 -10.0 
-0.0 -10.0 
-0.0 -10.0 47:1.0 
-0.0 -10.0 
-1.4459351825308866 -1.189769280232152 13:1.0 14:1.0 
-0.38692053026927414 -10.0 43:1.0 
-0.01978344850898142 -2.421660016501767 92:1.0 
-0.682239115207016 -1.7354089407713638 52:1.0 
-0.0 -10.0 
-0.0 -10.0 
-0.0 -10.0 
-0.601554481281412 -0.9915206007457854 30:1.0 33:1.0 113:1.0 
-0.0 -10.0 
-0.6819882243960498 -10.0 86:1.0 
-0.0 -10.0 
-0.6822428989088029 -10.0 69:1.0 
-0.6819640167025394 -10.0 102:1.0 
-0.0 -10.0 
-0.0 -10.0 
-0.0 -10.0 
-0.0 -10.0 
-0.0 -10.0 
-0.0 -10.0 
-1.0331660322819907 -1.8471155853671528 26:1.0 55:1.0 113:1.0 
-0.0 -10.0 
-0.0 -10.0 
-0.0 -10.0 
-0.0 -10.0 
-0.0 -2.770863135336462 38:1.0 
-0.0 -10.0 78:1.0 
-1.2817639017174225 -10.0 159:1.0 
-0.0884369122860292 -0.0 173:1.0 
-0.6818877291879369 -10.0 48:1.0 
-0.0 -10.0 
-1.5335654859385897 -2.4752566635776274 16:1.0 187:1.0 
-0.0 -10.0 
-0.0 -10.0 
-0.0 -10.0 
-0.0 -10.0 
-0.0 -10.0 
-0.0 -10.0 
-0.1042143712571989 -2.1856915295681842 142:1.0 
-0.0 -10.0 
-0.0 -10.0 
-0.0 -10.0 
-4.56393522851597 -10.0 
-10.0 -10.0 
-1.129804257102456 -10.0 47:1.0 
-10.0 -10.0 
-10.0 -10.0 
-10.0 -10.0 
-10.0 -10.0 
-1.483454821227824 -1.1518448803103079 44:1.0 164:1.0 
-10.0 -10.0 
-10.0 -10.0 
-10.0 -10.0 166:1.0 
-10.0 -10.0 
-10.0 -10.0 
-0.13617786480694463 -10.0 44:1.0 
-10.0 -10.0 
-0.0 -10.0 41:1.0 160:1.0 211:1.0 
-0.03483269701716242 -10.0 78:1.0 
-10.0 -10.0 
-0.6390256187659157 -3.236629557741609 104:1.0 
-10.0 -10.0 
-10.0 -10.0 
-0.06190545046546081 -10.0 72:1.0 
-10.0 -10.0 
-10.0 -10.0 
-10.0 -10.0 
-10.0 -10.0 
-10.0 -10.0 
-10.0 -10.0 
-0.681825867988588 -10.0 93:1.0 
-0.4981563026628893 -10.0 49:1.0 
-10.0 -10.0 
-0.6418206897402573 -1.6933858597593852 97:1.0 
-10.0 -10.0 
-10.0 -10.0 
-10.0 -10.0 59:1.0 
-1.4458000271779574 -1.3786590534994427 33:1.0 138:1.0 
-10.0 -10.0 
-10.0 -10.0 
-0.0 -1.846503031977135 34:1.0 76:1.0 193:1.0 
-10.0 -10.0 
-0.0 -10.0 124:1.0 
-10.0 -10.0 
-10.0 -10.0 
-10.0 -10.0 
-10.0 -10.0 
-0.6497815341782984 -1.5744420669204204 13:1.0 144:1.0 
-10.0 -10.0 
-0.7016125606092426 -3.4943548836068348 162:1.0 
-10.0 -1.5703746838382697 58:1.0 
-10.0 -10.0 
-0.6393654489230715 -0.2840835200392864 71:1.0 149:1.0 
-10.0 -10.0 
-0.0 -9.975884541504266 124:1.0 
-10.0 -10.0 
-10.0 -10.0 
-10.0 -10.0 
-10.0 -10.0 
-10.0 -10.0 
-0.01013262142026607 -9.71459233299639 126:1.0 
-0.9557654923134205 -1.7354243359851391 64:1.0 
-10.0 -10.0 
-10.0 -10.0 
-0.08989403969325571 -1.7355267182348821 119:1.0 
-10.0 -10.0 
-10.0 -10.0 
-10.0 -10.0 
-0.0 -10.0 179:1.0 186:1.0 196:1.0 
-1.2514980699789426 -1.2191406943209422 47:1.0 58:1.0 172:1.0 
-0.0238406865678775 -9.94998909822208 125:1.0 
-10.0 -10.0 
-10.0 -10.0 
-0.6819952486374297 -10.0 82:1.0 
-10.0 -10.0 
-1.4840350005353034 -1.5092579423360828 70:1.0 141:1.0 
-10.0 -10.0 
-10.0 -10.0 
-0.002796535030134369 -10.0 38:1.0 
-10.0 -10.0 
-10.0 -10.0 
-10.0 -10.0 
-10.0 -10.0 
-10.0 -0.8842673119635425 27:1.0 108:1.0 
-0.04987723446801851 -0.0 35:1.0 
-0.8060391522897812 -1.1004433662136215 17:1.0 97:1.0 178:1.0 180:1.0 
-10.0 -10.0 
-10.0 -10.0 
-10.0 -10.0 
-10.0 -10.0 
-0.032866310944553986 -0.6851404952954383 153:1.0 
-10.0 -10.0 
-10.0 -10.0 
-10.0 -10.0 
-10.0 -10.0 
-10.0 -10.0 
-10.0 -10.0 
-10.0 -10.0 
-10.0 -10.0 
-10.0 -10.0 
-0.0764950987658871 -0.29594205305877525 9:1.0 
-10.0 -10.0 
-10.0 -10.0 
-10.0 -10.0 85:1.0 
-10.0 -10.0 
-10.0 -10.0 
-10.0 -10.0 
-8.577593111643395 -10.0 
-0.49917690509348683 -1.8478072029310533 49:1.0 115:1.0 
-0.13665927227978142 -10.0 152:1.0 
-10.0 -10.0 
-10.0 -10.0 
-10.0 -10.0 
-10.0 -10.0 
-10.0 -10.0 
-10.0 -10.0 
-10.0 -10.0 
-10.0 -10.0 
-0.6621805016271339 -9.831940189941804 92:1.0 
-0.49906927264187223 -1.9190741029903517 47:1.0 180:1.0 
-10.0 -10.0 
-10.0 -10.0 
-10.0 -10.0 
-10.0 -10.0 
-10.0 -10.0 
-0.8676126376801931 -0.9578866425777325 71:1.0 79:1.0 113:1.0 
-0.0 -3.066260812964928 173:1.0 
-0.07556762902122582 -10.0 70:1.0 
-10.0 -10.0 
-0.46889953447607613 -9.991896869751805 78:1.0 
-10.0 -10.0 
-10.0 -10.0 
-10.0 -10.0 
-10.0 -2.6154102033062228 105:1.0 
-10.0 -10.0 
-0.6265868348062432 -9.918290930421369 17:1.0 
-10.0 -10.0 
-10.0 -10.0 
-0.0 -1.4100049824265948 98:1.0 
-10.0 -10.0 
-1.4824651134259128 -2.2417029563016913 6:1.0 
-10.0 -10.0 
-10.0 -10.0 
-10.0 -10.0 
-10.0 -10.0 
-10.0 -10.0 
-10.0 -10.0 
-10.0 -10.0 
-10.0 -10.0 
-10.0 -10.0 
-10.0 -10.0 
-10.0 -10.0 
-10.0 -10.0 
-10.0 -10.0 
-10.0 -10.0 
-10.0 -10.0 
-10.0 -10.0 
-10.0 -10.0 
-0.6823664811398513 -2.2525631717721857 150:1.0 178:1.0 
-10.0 -10.0 
-10.0 -10.0 
-10.0 -10.0 
-1.2404937470602477 -1.7355264007494238 12:1.0 
-10.0 -10.0 
-10.0 -10.0 
-0.6819288380212426 -10.0 21:1.0 
-10.0 -10.0 
-10.0 -10.0 
-0.8221199621415998 -1.26812806015336 19:1.0 88:1.0 
-0.03457878011600268 -10.0 178:1.0 
-10.0 -10.0 
-10.0 -10.0 
-10.0 -10.0 
-10.0 -10.0 
-10.0 -10.0 
-10.0 -10.0 
-10.0 -10.0 
-10.0 -10.0 
-10.0 -10.0 
-10.0 -10.0 
-10.0 -1.630668346269739 87:1.0 
-10.0 -10.0 139:1.0 
-0.658397414908019 -10.0 125:1.0 
-10.0 -10.0 
-0.675876957657669 -10.0 70:1.0 
-0.8876998130833398 -1.1926724109066442 30:1.0 41:1.0 123:1.0 160:1.0 199:1.0 211:1.0 
-0.44745104675655534 -2.272269595750528 149:1.0 
-0.6827838435407415 -10.0 18:1.0 
-10.0 -10.0 
-10.0 -10.0 
-10.0 -10.0 
-10.0 -10.0 
-10.0 -10.0 
-0.671860975815504 -2.654867364638136 126:1.0 
-0.6826418885576875 -10.0 20:1.0 185:1.0 
-10.0 -10.0 
-0.6819134386009144 -2.641267072788639 129:1.0 
-10.0 -10.0 
-10.0 -10.0 
-10.0 -10.0 
-10.0 -10.0 
-10.0 -10.0 
-0.48427105972707135 -10.0 78:1.0 98:1.0 
-0.6819455489466094 -10.0 57:1.0 
-10.0 -10.0 
-10.0 -10.0 
-10.0 -10.0 
-10.0 -10.0 
-10.0 -10.0 
-10.0 -10.0 
-10.0 -10.0 
-10.0 -10.0 
-10.0 -10.0 
-10.0 -10.0 
-10.0 -10.0 
-0.07093397269388892 -9.972309748086655 37:1.0 
-10.0 -10.0 
-10.0 -10.0 
-1.0983387061197054 -0.0 34:1.0 76:1.0 193:1.0 
-10.0 -10.0 
-10.0 -10.0 
-10.0 -10.0 
-10.0 -10.0 
-10.0 -0.8454828276520449 164:1.0 
-0.8896779312048492 -10.0 179:1.0 186:1.0 196:1.0 
-10.0 -10.0 
-10.0 -10.0 
-10.0 -10.0 
-10.0 -10.0 
-10.0 -10.0 
-10.0 -10.0 
-10.0 -10.0 
-1.5876884341898323 -10.0 124:1.0 
-1.5364712750329546 -1.1529659526908822 87:1.0 100:1.0 174:1.0 
-10.0 -10.0 
-10.0 -10.0 60:1.0 
-10.0 -10.0 
-0.0 -10.0 13:1.0 
-0.4265615066791572 -1.4357763840776918 30:1.0 33:1.0 
-10.0 -10.0 
-1.483330126622164 -1.2682242903040504 87:1.0 152:1.0 
-1.0165994714992017 -10.0 142:1.0 
-10.0 -10.0 
-10.0 -3.1402951508145653 78:1.0 
-10.0 -10.0 
-10.0 -10.0 
-10.0 -10.0 
-0.13662778839662498 -1.2681760071358168 106:1.0 
-10.0 -10.0 
-10.0 -10.0 
-10.0 -10.0 
-10.0 -10.0 
-10.0 -10.0 
-1.3508982382767658 -2.2519147116219163 76:1.0 177:1.0 
-0.6824675796704207 -10.0 163:1.0 
-10.0 -10.0 
-10.0 -10.0 
-10.0 -10.0 
-10.0 -10.0 
-10.0 -10.0 
-10.0 -10.0 
-10.0 -10.0 
-10.0 -10.0 
-10.0 -10.0 
-10.0 -10.0 
-10.0 -10.0 
-0.998354353095418 -1.1857874745790942 10:1.0 147:1.0 182:1.0 
-10.0 -10.0 
-10.0 -10.0 
-0.0 -0.8847937571426835 98:1.0 114:1.0 
-10.0 -10.0 
-0.010906818406986013 -10.0 109:1.0 
-0.8840130767288117 -10.0 63:1.0 140:1.0 151:1.0 
-10.0 -10.0 
-10.0 -10.0 
-10.0 -10.0 
-10.0 -10.0 
-10.0 -10.0 
-10.0 -10.0 
-10.0 -10.0 
-0.009845884091468981 -2.2833174244022136 61:1.0 
-10.0 -10.0 
-10.0 -10.0 
-10.0 -10.0 
-10.0 -10.0 
-10.0 -10.0 
-0.5919205480841151 -0.0 119:1.0 
-0.5616892918855605 -1.2681958168160246 111:1.0 116:1.0 
-10.0 -10.0 
-10.0 -10.0 
-10.0 -10.0 
-10.0 -10.0 
-10.0 -10.0 
-10.0 -10.0 
-10.0 -10.0 
-10.0 -10.0 
-1.3502688282665607 -2.252439751127491 16:1.0 177:1.0 
-10.0 -10.0 
-0.49861393928882514 -10.0 115:1.0 
-10.0 -10.0 
-10.0 -10.0 
-10.0 -10.0 
-10.0 -10.0 124:1.0 
-10.0 -10.0 
-10.0 -10.0 
-10.0 -10.0 
-10.0 -10.0 
-10.0 -10.0 
-10.0 -10.0 
-1.4830725848864097 -1.2689018277058088 40:1.0 106:1.0 
-0.6817379802402505 -10.0 112:1.0 
-10.0 -10.0 
-10.0 -0.0 119:1.0 
-10.0 -10.0 
-10.0 -10.0 
-10.0 -10.0 
-10.0 -10.0 
-10.0 -10.0 
-10.0 -10.0 
-10.0 -10.0 
-10.0 -10.0 
-10.0 -10.0 
-0.13606573295025473 -10.0 158:1.0 
-10.0 -10.0 
-10.0 -10.0 
-10.0 -10.0 23:1.0 
-10.0 -10.0 
-0.458535088702346 -10.0 180:1.0 
-10.0 -10.0 
-0.0 -1.1929645240468763 41:1.0 160:1.0 211:1.0 
-10.0 -10.0 
-10.0 -10.0 
-10.0 -10.0 
-0.8450291506292341 -0.0 41:1.0 160:1.0 211:1.0 
-10.0 -10.0 
-9.895321015388763 -4.017407272943013 124:1.0 
-10.0 -10.0 
-10.0 -10.0 
-10.0 -10.0 121:1.0 
-10.0 -10.0 
-10.0 -10.0 
-10.0 -10.0 
-10.0 -10.0 
-0.058895224335484435 -10.0 90:1.0 
-10.0 -10.0 
-10.0 -10.0 
-10.0 -10.0 
-10.0 -10.0 
-10.0 -10.0 
-10.0 -10.0 
-10.0 -10.0 
-10.0 -10.0 
-10.0 -10.0 
-10.0 -10.0 
-0.6689828919851342 -10.0 68:1.0 
-10.0 -10.0 
-10.0 -10.0 
-0.0 -1.4077684033952826 111:1.0 
-10.0 -10.0 
-1.4828911026809626 -1.7351364601038899 46:1.0 131:1.0 
-10.0 -10.0 
-0.6790327825596327 -0.0 38:1.0 
-10.0 -10.0 
-1.483810578127898 -2.2520559063303494 42:1.0 158:1.0 
-10.0 -10.0 
-0.692030055462847 -0.0 61:1.0 
-10.0 -10.0 
-10.0 -10.0 
-10.0 -10.0 
-0.34352475079267697 -10.0 113:1.0 
-10.0 -1.4102063858538199 27:1.0 
-10.0 -10.0 
-10.0 -10.0 
-10.0 -10.0 
-10.0 -10.0 
-10.0 -10.0 
-0.35619119683174494 -10.0 178:1.0 
-10.0 -1.251840791161537 34:1.0 76:1.0 94:1.0 148:1.0 167:1.0 193:1.0 197:1.0 204:1.0 207:1.0 218:1.0 220:1.0 
-10.0 -10.0 
-0.8627612016313566 -1.2632282277452531 65:1.0 104:1.0 116:1.0 151:1.0 
-10.0 -10.0 
-10.0 -10.0 
-10.0 -10.0 
-10.0 -10.0 
-10.0 -10.0 
-10.0 -10.0 133:1.0 
-10.0 -10.0 
-0.7842440284163618 -0.9804723244091055 8:1.0 182:1.0 
-10.0 -10.0 
-10.0 -10.0 
-0.9337364823068102 -10.0 5:1.0 74:1.0 75:1.0 81:1.0 192:1.0 198:1.0 201:1.0 216:1.0 217:1.0 
-10.0 -10.0 
-10.0 -10.0 
-10.0 -10.0 
-10.0 -10.0 
-10.0 -10.0 
-10.0 -10.0 
-10.0 -10.0 
-10.0 -10.0 
-10.0 -10.0 
-10.0 -10.0 
-10.0 -10.0 
-10.0 -10.0 
-10.0 -10.0 145:1.0 
-10.0 -10.0 
-10.0 -10.0 
-10.0 -10.0 
-10.0 -10.0 
-10.0 -10.0 
-10.0 -10.0 
-0.6820144096299514 -10.0 136:1.0 
-0.611092574995465 -2.0057452920648706 37:1.0 
-10.0 -10.0 
-10.0 -10.0 
-10.0 -10.0 
-10.0 -10.0 
-10.0 -10.0 
-10.0 -10.0 
-0.4251896662714739 -0.0 111:1.0 
-10.0 -10.0 
-10.0 -10.0 
-10.0 -10.0 
-10.0 -10.0 
-10.0 -10.0 
-10.0 -10.0 
-1.2819752609678987 -1.74082047846745 190:1.0 
-10.0 -10.0 
-10.0 -10.0 
-0.4100475059744134 -0.0 173:1.0 
-10.0 -10.0 
-10.0 -10.0 
-10.0 -10.0 
-0.6820601914346346 -10.0 89:1.0 
-10.0 -10.0 
-0.6819714375164935 -10.0 184:1.0 
-10.0 -10.0 70:1.0 
-10.0 -10.0 
-10.0 -10.0 
-10.0 -10.0 
-10.0 -10.0 
-10.0 -10.0 
-10.0 -10.0 
-10.0 -10.0 
-10.0 -10.0 
-10.0 -10.0 
-0.6200973650664385 -10.0 72:1.0 
-0.8027427976217755 -1.7764258336948082 43:1.0 99:1.0 
-10.0 -10.0 32:1.0 
-10.0 -10.0 
-0.776916981877594 -2.252177679674007 85:1.0 116:1.0 
-10.0 -10.0 
-10.0 -10.0 
-10.0 -10.0 
-10.0 -10.0 
-10.0 -10.0 
-10.0 -10.0 
-10.0 -10.0 23:1.0 
-10.0 -10.0 118:1.0 
-10.0 -10.0 
-10.0 -10.0 
-10.0 -1.735445592792549 31:1.0 
-10.0 -10.0 
-1.4680179980434862 -0.0 98:1.0 114:1.0 
-10.0 -10.0 
-10.0 -10.0 
-10.0 -10.0 
-10.0 -10.0 23:1.0 
-10.0 -10.0 
-10.0 -10.0 
-10.0 -10.0 
-10.0 -10.0 
-10.0 -10.0 
-10.0 -10.0 
-10.0 -10.0 
-10.0 -10.0 
-10.0 -10.0 
-0.5467081577481866 -10.0 10:1.0 
-10.0 -10.0 
-10.0 -10.0 
-10.0 -10.0 
-10.0 -10.0 
-10.0 -10.0 
-10.0 -10.0 
-10.0 -10.0 
-1.4820606235235294 -10.0 4:1.0 
-10.0 -10.0 
-0.6710571317291294 -10.0 109:1.0 
-10.0 -10.0 
-0.6222553724403267 -10.0 96:1.0 
-10.0 -10.0 
-0.6229690841249746 -10.0 90:1.0 
-0.6826191075931854 -10.0 95:1.0 
-10.0 -10.0 
-0.13678060364826677 -10.0 131:1.0 
-10.0 -10.0 
-10.0 -10.0 
-10.0 -10.0 
-10.0 -10.0 
-10.0 -10.0 
-10.0 -10.0 
-10.0 -10.0 
-10.0 -1.5015090527502548 71:1.0 
-10.0 -10.0 25:1.0 
-10.0 -10.0 
-10.0 -10.0 
-10.0 -1.2144082444803037 182:1.0 
-10.0 -10.0 
-10.0 -10.0 
-0.7332163310668106 -2.251797787191497 3:1.0 120:1.0 
-10.0 -10.0 
-0.0 -1.050330547984581 153:1.0 
-0.6490968248141811 -10.0 153:1.0 
-10.0 -10.0 
-10.0 -10.0 
-10.0 -10.0 
-0.6063105879774244 -1.439550458691702 9:1.0 
-10.0 -10.0 
-10.0 -10.0 
-10.0 -10.0 
-10.0 -10.0 
-10.0 -10.0 
-10.0 -10.0 
-0.6818348137580981 -10.0 62:1.0 
-10.0 -10.0 
-10.0 -10.0 
-10.0 -10.0 
-10.0 -10.0 
-10.0 -10.0 
-10.0 -10.0 
-10.0 -10.0 
-10.0 -10.0 
-10.0 -10.0 
-10.0 -10.0 142:1.0 
-10.0 -10.0 
-10.0 -10.0 
-10.0 -10.0 
-10.0 -10.0 
-10.0 -10.0 
-0.19755445285190484 -1.1645492528636674 35:1.0 
-2.083249650432367 -10.0 
