svm_type c_svc
kernel_type rbf
gamma 100.0
nr_class 3
total_sv 1964
rho 0.9561574348341245 0.9181034482758621 -0.939335123697918
label 2 0 1
nr_sv 516 766 682
SV
0.1 0.1 
0.1 0.1 
0.1 0.1 
0.1 0.1 76:1.0 94:1.0 167:1.0 181:1.0 197:1.0 207:1.0 220:1.0 
0.1 0.1 
0.1 0.1 100:1.0 142:1.0 
0.1 0.1 
0.1 0.1 
0.1 0.1 
0.1 0.1 
0.1 0.1 
0.1 0.1 
0.1 0.1 
0.1 0.1 
0.1 0.1 
0.1 0.1 42:1.0 164:1.0 168:1.0 
0.1 0.1 138:1.0 
0.1 0.1 
0.1 0.1 
0.1 0.1 
0.1 0.1 
0.1 0.1 
0.1 0.1 32:1.0 
0.1 0.1 
0.1 0.1 
0.1 0.1 60:1.0 
0.1 0.1 
0.1 0.1 
0.1 0.1 103:1.0 
0.1 0.1 
0.1 0.1 
0.1 0.1 
0.1 0.1 
0.1 0.1 
0.1 0.1 
0.1 0.1 71:1.0 
0.1 0.1 
0.1 0.1 
0.1 0.1 
0.1 0.1 
0.1 0.1 12:1.0 28:1.0 73:1.0 
0.1 0.1 
0.1 0.1 76:1.0 94:1.0 167:1.0 181:1.0 197:1.0 207:1.0 220:1.0 
0.1 0.1 
0.1 0.1 
0.1 0.1 
0.1 0.1 7:1.0 
0.1 0.1 
0.1 0.1 
0.1 0.1 
0.1 0.1 
0.1 0.1 
0.1 0.1 100:1.0 
0.1 0.1 
0.1 0.1 
0.1 0.1 
0.1 0.1 50:1.0 
0.1 0.1 
0.1 0.1 
0.1 0.1 
0.1 0.1 133:1.0 
0.1 0.1 
0.1 0.1 
0.1 0.1 
0.1 0.1 
0.1 0.1 114:1.0 
0.1 0.1 16:1.0 
0.1 0.1 142:1.0 
0.1 0.1 
0.1 0.1 
0.1 0.1 34:1.0 76:1.0 94:1.0 148:1.0 167:1.0 193:1.0 197:1.0 204:1.0 207:1.0 218:1.0 220:1.0 
0.1 0.1 14:1.0 181:1.0 
0.1 0.1 
0.1 0.1 
0.1 0.1 
0.1 0.1 14:1.0 
0.1 0.1 
0.1 0.1 11:1.0 
0.1 0.1 
0.1 0.1 
0.1 0.1 
0.1 0.1 
0.1 0.1 
0.1 0.1 
0.1 0.1 
0.1 0.1 
0.1 0.1 
0.1 0.1 
0.1 0.1 
0.1 0.1 
0.1 0.1 114:1.0 164:1.0 
0.1 0.1 174:1.0 
0.1 0.1 34:1.0 76:1.0 94:1.0 148:1.0 167:1.0 193:1.0 197:1.0 204:1.0 207:1.0 218:1.0 220:1.0 
0.1 0.1 
0.1 0.1 174:1.0 
0.1 0.1 
0.1 0.1 
0.1 0.1 12:1.0 147:1.0 
0.1 0.1 
0.1 0.1 
0.1 0.1 
0.1 0.1 
0.1 0.1 
0.1 0.1 114:1.0 
0.1 0.1 
0.1 0.1 
0.1 0.1 
0.1 0.1 133:1.0 
0.1 0.1 
0.1 0.1 
0.1 0.1 
0.1 0.1 
0.1 0.1 
0.1 0.1 
0.1 0.1 
0.1 0.1 55:1.0 
0.1 0.1 94:1.0 
0.1 0.1 
0.1 0.1 
0.1 0.1 
0.1 0.1 
0.1 0.1 181:1.0 
0.1 0.1 
0.1 0.1 
0.1 0.1 
0.1 0.1 1:1.0 84:1.0 
0.1 0.1 
0.1 0.1 
0.1 0.1 
0.1 0.1 
0.1 0.1 
0.1 0.1 
0.1 0.1 59:1.0 
0.1 0.1 
0.1 0.1 
0.1 0.1 
0.1 0.1 
0.1 0.1 
0.1 0.1 
0.1 0.1 
0.1 0.1 
0.1 0.1 
0.1 0.1 128:1.0 137:1.0 154:1.0 194:1.0 202:1.0 221:1.0 
0.1 0.1 139:1.0 
0.1 0.1 
0.1 0.1 
0.1 0.1 
0.1 0.1 
0.1 0.1 
0.1 0.1 
0.1 0.1 
0.1 0.1 
0.1 0.1 
0.1 0.1 
0.1 0.1 99:1.0 164:1.0 
0.1 0.1 
0.1 0.1 
0.1 0.1 
0.1 0.1 
0.1 0.1 4:1.0 6:1.0 
0.1 0.1 124:1.0 
0.1 0.1 4:1.0 6:1.0 85:1.0 
0.1 0.1 87:1.0 
0.1 0.1 
0.1 0.1 14:1.0 
0.1 0.1 
0.1 0.1 121:1.0 
0.1 0.1 27:1.0 108:1.0 
0.1 0.1 170:1.0 
0.1 0.1 87:1.0 
0.1 0.1 47:1.0 124:1.0 
0.1 0.1 
0.1 0.1 
0.1 0.1 78:1.0 
0.1 0.1 
0.1 0.1 53:1.0 64:1.0 172:1.0 
0.1 0.1 32:1.0 
0.1 0.1 
0.1 0.1 
0.1 0.1 
0.1 0.1 
0.1 0.1 40:1.0 
0.1 0.1 
0.1 0.1 
0.1 0.1 
0.1 0.1 
0.1 0.1 23:1.0 76:1.0 167:1.0 197:1.0 
0.1 0.1 
0.1 0.1 
0.1 0.1 
0.1 0.1 
0.1 0.1 
0.1 0.1 
0.1 0.1 
0.1 0.1 
0.1 0.1 
0.1 0.1 58:1.0 
0.1 0.1 
0.1 0.1 
0.1 0.1 
0.1 0.1 
0.1 0.1 23:1.0 
0.1 0.1 
0.1 0.1 
0.1 0.1 
0.1 0.1 
0.1 0.1 
0.1 0.1 
0.1 0.1 
0.1 0.1 
0.1 0.1 164:1.0 
0.1 0.1 168:1.0 
0.1 0.1 
0.1 0.1 76:1.0 
0.1 0.1 
0.1 0.1 114:1.0 
0.1 0.1 
0.1 0.1 
0.1 0.1 25:1.0 
0.1 0.1 
0.1 0.1 23:1.0 
0.1 0.1 
0.1 0.1 
0.1 0.1 100:1.0 
0.1 0.1 
0.1 0.1 166:1.0 
0.1 0.1 
0.1 0.1 108:1.0 
0.1 0.1 
0.1 0.1 79:1.0 
0.1 0.1 
0.1 0.1 
0.1 0.1 134:1.0 190:1.0 
0.1 0.1 
0.1 0.1 
0.1 0.1 58:1.0 
0.1 0.1 16:1.0 
0.1 0.1 
0.1 0.1 94:1.0 147:1.0 148:1.0 189:1.0 204:1.0 
0.1 0.1 
0.1 0.1 
0.1 0.1 12:1.0 28:1.0 73:1.0 94:1.0 189:1.0 
0.1 0.1 70:1.0 79:1.0 
0.1 0.1 
0.1 0.1 
0.1 0.1 
0.1 0.1 67:1.0 76:1.0 
0.1 0.1 
0.1 0.1 70:1.0 
0.1 0.1 166:1.0 
0.1 0.1 
0.1 0.1 
0.1 0.1 
0.1 0.1 
0.1 0.1 
0.1 0.1 124:1.0 
0.1 0.1 
0.1 0.1 
0.1 0.1 
0.1 0.1 
0.1 0.1 
0.1 0.1 128:1.0 137:1.0 154:1.0 194:1.0 202:1.0 221:1.0 
0.1 0.1 
0.1 0.1 147:1.0 
0.1 0.1 
0.1 0.1 
0.1 0.1 105:1.0 
0.1 0.1 
0.1 0.1 
0.1 0.1 
0.1 0.1 
0.1 0.1 55:1.0 
0.1 0.1 31:1.0 84:1.0 
0.1 0.1 
0.1 0.1 
0.1 0.1 31:1.0 
0.1 0.1 31:1.0 
0.1 0.1 
0.1 0.1 
0.1 0.1 
0.1 0.1 
0.1 0.1 
0.1 0.1 
0.1 0.1 
0.1 0.1 166:1.0 
0.1 0.1 
0.1 0.1 
0.1 0.1 
0.1 0.1 
0.1 0.1 84:1.0 165:1.0 
0.1 0.1 
0.1 0.1 
0.1 0.1 
0.1 0.1 
0.1 0.1 
0.1 0.1 
0.1 0.1 172:1.0 
0.1 0.1 166:1.0 
0.1 0.1 
0.1 0.1 
0.1 0.1 164:1.0 
0.1 0.1 
0.1 0.1 
0.1 0.1 
0.1 0.1 
0.1 0.1 
0.1 0.1 133:1.0 168:1.0 
0.1 0.1 
0.1 0.1 
0.1 0.1 
0.1 0.1 
0.1 0.1 24:1.0 
0.1 0.1 
0.1 0.1 
0.1 0.1 
0.1 0.1 
0.1 0.1 
0.1 0.1 
0.1 0.1 100:1.0 
0.1 0.1 
0.1 0.1 
0.1 0.1 84:1.0 127:1.0 
0.1 0.1 161:1.0 
0.1 0.1 
0.1 0.1 
0.1 0.1 
0.1 0.1 
0.1 0.1 
0.1 0.1 
0.1 0.1 
0.1 0.1 
0.1 0.1 19:1.0 
0.1 0.1 
0.1 0.1 170:1.0 
0.1 0.1 
0.1 0.1 
0.1 0.1 
0.1 0.1 
0.1 0.1 
0.1 0.1 
0.1 0.1 164:1.0 
0.1 0.1 
0.1 0.1 
0.1 0.1 
0.1 0.1 
0.1 0.1 
0.1 0.1 
0.1 0.1 
0.1 0.1 
0.1 0.1 
0.1 0.1 
0.1 0.1 
0.1 0.1 
0.1 0.1 
0.1 0.1 
0.1 0.1 
0.1 0.1 
0.1 0.1 
0.1 0.1 
0.1 0.1 
0.1 0.1 
0.1 0.1 
0.1 0.1 
0.1 0.1 
0.1 0.1 
0.1 0.1 73:1.0 
0.1 0.1 
0.1 0.1 
0.1 0.1 
0.1 0.1 40:1.0 
0.1 0.1 
0.1 0.1 
0.1 0.1 
0.1 0.1 
0.1 0.1 
0.1 0.1 
0.1 0.1 
0.1 0.1 
0.1 0.1 27:1.0 101:1.0 
0.1 0.1 
0.1 0.1 
0.1 0.1 
0.1 0.1 60:1.0 
0.1 0.1 
0.1 0.1 46:1.0 
0.1 0.1 
0.1 0.1 
0.1 0.1 
0.1 0.1 
0.1 0.1 
0.1 0.1 
0.1 0.1 
0.1 0.1 
0.1 0.1 
0.1 0.1 
0.1 0.1 1:1.0 101:1.0 
0.1 0.1 
0.1 0.1 
0.1 0.1 
0.1 0.1 
0.1 0.1 
0.1 0.1 
0.1 0.1 145:1.0 
0.1 0.1 
0.1 0.1 27:1.0 108:1.0 
0.1 0.1 
0.1 0.1 
0.1 0.1 
0.1 0.1 
0.1 0.1 119:1.0 
0.1 0.1 
0.1 0.1 
0.1 0.1 
0.1 0.1 
0.1 0.1 
0.1 0.1 
0.1 0.1 
0.1 0.1 
0.1 0.1 
0.1 0.1 
0.1 0.1 
0.1 0.1 
0.1 0.1 28:1.0 87:1.0 
0.1 0.1 
0.1 0.1 
0.1 0.1 
0.1 0.1 
0.1 0.1 
0.1 0.1 159:1.0 169:1.0 
0.1 0.1 
0.1 0.1 
0.1 0.1 
0.1 0.1 
0.1 0.1 
0.1 0.1 8:1.0 46:1.0 61:1.0 64:1.0 162:1.0 
0.1 0.1 27:1.0 
0.1 0.1 182:1.0 
0.1 0.1 
0.1 0.1 
0.1 0.1 
0.1 0.1 
0.1 0.1 22:1.0 46:1.0 64:1.0 
0.1 0.1 
0.1 0.1 
0.1 0.1 
0.1 0.1 
0.1 0.1 
0.1 0.1 
0.1 0.1 171:1.0 
0.1 0.1 
0.1 0.1 1:1.0 29:1.0 
0.1 0.1 
0.1 0.1 
0.1 0.1 141:1.0 
0.1 0.1 7:1.0 
0.1 0.1 85:1.0 
0.1 0.1 
0.1 0.1 
0.1 0.1 
0.1 0.1 128:1.0 137:1.0 154:1.0 194:1.0 202:1.0 221:1.0 
0.1 0.1 28:1.0 73:1.0 
0.1 0.1 
0.1 0.1 
0.1 0.1 
0.1 0.1 
0.1 0.1 
0.1 0.1 
0.1 0.1 
0.1 0.1 42:1.0 
0.1 0.1 7:1.0 
0.1 0.1 
0.1 0.1 1:1.0 101:1.0 
0.1 0.1 
0.1 0.1 
0.1 0.1 
0.1 0.1 
0.1 0.1 
0.1 0.1 
0.1 0.1 
0.1 0.1 
0.1 0.1 
0.1 0.1 
0.1 0.1 
0.1 0.1 
0.1 0.1 53:1.0 
0.1 0.1 
0.1 0.1 
0.1 0.1 
0.1 0.1 
0.1 0.1 100:1.0 
0.1 0.1 
0.1 0.1 
0.1 0.1 
0.1 0.1 164:1.0 
0.1 0.1 
0.1 0.1 
0.1 0.1 
0.1 0.1 67:1.0 94:1.0 124:1.0 148:1.0 167:1.0 187:1.0 204:1.0 207:1.0 218:1.0 
0.1 0.1 
0.1 0.1 100:1.0 
0.1 0.1 
0.1 0.1 
0.1 0.1 
0.1 0.1 
0.1 0.1 
0.1 0.1 40:1.0 
0.1 0.1 58:1.0 
0.1 0.1 
0.1 0.1 
0.1 0.1 
0.1 0.1 42:1.0 
0.1 0.1 
0.1 0.1 23:1.0 
0.1 0.1 76:1.0 167:1.0 197:1.0 
0.1 0.1 
0.1 0.1 118:1.0 
-0.04375000000000001 0.06015624999999997 2:1.0 91:1.0 
-0.1 0.06015624999999997 121:1.0 
-0.0 0.1 78:1.0 
-0.04375000000000001 0.06015624999999997 66:1.0 187:1.0 
-0.04375000000000001 0.1 142:1.0 
-0.0 0.06015624999999997 93:1.0 
-0.04375000000000001 0.06015624999999997 116:1.0 159:1.0 
-0.04375000000000001 0.06015624999999997 8:1.0 77:1.0 
-0.0 0.1 90:1.0 
-0.04375000000000001 0.0 42:1.0 
-0.04375000000000001 0.1 4:1.0 
-0.04375000000000001 0.06015624999999997 15:1.0 102:1.0 
-0.0 0.06015624999999997 136:1.0 
-0.04375000000000001 0.06015624999999997 107:1.0 203:1.0 
-0.04375000000000001 0.06015624999999997 89:1.0 129:1.0 178:1.0 
-0.04375000000000001 0.1 11:1.0 
-0.04375000000000001 0.06015624999999997 162:1.0 173:1.0 
-0.04375000000000001 0.06015624999999997 88:1.0 
-0.04375000000000001 0.1 78:1.0 98:1.0 
-0.0 0.06015624999999997 113:1.0 
-0.04375000000000001 0.1 90:1.0 
-0.1 0.0 170:1.0 
-0.04375000000000001 0.0 55:1.0 
-0.04375000000000001 0.06015624999999997 20:1.0 179:1.0 186:1.0 196:1.0 
-0.04375000000000001 0.1 17:1.0 
-0.04375000000000001 0.06015624999999997 85:1.0 94:1.0 147:1.0 189:1.0 
-0.04375000000000001 0.06015624999999997 85:1.0 
-0.04375000000000001 0.1 92:1.0 
-0.1 0.0 42:1.0 
-0.04375000000000001 0.06015624999999997 34:1.0 66:1.0 76:1.0 193:1.0 
-0.04375000000000001 0.06015624999999997 22:1.0 82:1.0 
-0.0 0.06015624999999997 112:1.0 
-0.04375000000000001 0.1 113:1.0 
-0.1 0.06015624999999997 181:1.0 
-0.1 0.0 76:1.0 
-0.1 0.06015624999999997 40:1.0 
-0.04375000000000001 0.1 185:1.0 
-0.04453125000000002 0.1 38:1.0 
-0.04999999999999999 0.0 24:1.0 
-0.04999999999999999 0.06015624999999997 23:1.0 
-0.04999999999999999 0.0 16:1.0 
-0.04453125000000002 0.06015624999999997 14:1.0 43:1.0 67:1.0 
-0.0 0.06015624999999997 21:1.0 
-0.04453125000000002 0.1 93:1.0 
-0.0 0.06015624999999997 10:1.0 
-0.04375000000000001 0.06015624999999997 155:1.0 178:1.0 
-0.04375000000000001 0.06093749999999992 65:1.0 179:1.0 
-0.04375000000000001 0.06093749999999992 30:1.0 95:1.0 113:1.0 123:1.0 199:1.0 
-0.04375000000000001 0.06093749999999992 101:1.0 165:1.0 
-0.1 0.06093749999999992 100:1.0 
-0.04375000000000001 0.1 20:1.0 185:1.0 
-0.0 0.062499999999999944 131:1.0 
-0.1 0.0 16:1.0 
-0.04375000000000001 0.1 153:1.0 
-0.0 0.062499999999999944 72:1.0 
-0.0 0.1 68:1.0 
-0.0 0.1 124:1.0 
-0.04375000000000001 0.06093749999999992 65:1.0 113:1.0 
-0.04375000000000001 0.06093749999999992 7:1.0 128:1.0 137:1.0 154:1.0 194:1.0 202:1.0 221:1.0 
-0.0 0.1 125:1.0 
-0.1 0.1 78:1.0 
-0.04375000000000001 0.06093749999999992 36:1.0 180:1.0 
-0.0 0.062499999999999944 89:1.0 
-0.04375000000000001 0.06093749999999992 15:1.0 178:1.0 
-0.04375000000000001 0.06093749999999992 67:1.0 
-0.04375000000000001 0.06093749999999992 38:1.0 99:1.0 149:1.0 
-0.04375000000000001 0.06093749999999992 33:1.0 104:1.0 
-0.04375000000000001 0.06093749999999992 50:1.0 136:1.0 
-0.04999999999999999 0.0 133:1.0 
-0.0 0.062499999999999944 159:1.0 
-0.1 0.062499999999999944 166:1.0 
-0.1 0.06093749999999992 170:1.0 
-0.04375000000000001 0.06093749999999992 39:1.0 54:1.0 80:1.0 110:1.0 130:1.0 135:1.0 157:1.0 176:1.0 190:1.0 195:1.0 200:1.0 205:1.0 206:1.0 210:1.0 212:1.0 213:1.0 214:1.0 215:1.0 219:1.0 222:1.0 
-0.04375000000000001 0.06093749999999992 10:1.0 122:1.0 126:1.0 
-0.04375000000000001 0.1 21:1.0 
-0.04375000000000001 0.06093749999999992 72:1.0 122:1.0 138:1.0 
-0.0 0.062499999999999944 109:1.0 
-0.1 0.1 25:1.0 
-0.04375000000000001 0.06093749999999992 36:1.0 
-0.0 0.1 159:1.0 
-0.0 0.1 70:1.0 
-0.1 0.1 23:1.0 
-0.04375000000000001 0.06093749999999992 116:1.0 
-0.04375000000000001 0.06093749999999992 10:1.0 78:1.0 
-0.04375000000000001 0.06093749999999992 82:1.0 113:1.0 
-0.04375000000000001 0.1 63:1.0 140:1.0 151:1.0 
-0.1 0.062499999999999944 133:1.0 
-0.0 0.1 179:1.0 186:1.0 196:1.0 
-0.1 0.1 11:1.0 
-0.04375000000000001 0.06093749999999992 52:1.0 76:1.0 94:1.0 148:1.0 167:1.0 197:1.0 204:1.0 207:1.0 218:1.0 220:1.0 
-0.04999999999999999 0.1 145:1.0 
-0.04375000000000001 0.06093749999999992 152:1.0 178:1.0 
-0.04375000000000001 0.06093749999999992 68:1.0 102:1.0 
-0.04375000000000001 0.06093749999999992 19:1.0 101:1.0 
-0.0 0.062499999999999944 62:1.0 
-0.04375000000000001 0.06093749999999992 150:1.0 173:1.0 
-0.0 0.062499999999999944 57:1.0 
-0.0 0.062499999999999944 
-0.0 0.1 
-0.0 0.1 
-0.0 0.1 
-0.0 0.1 
-0.0 0.1 
-0.0 0.1 
-0.0 0.1 
-0.04375000000000001 0.06093749999999992 39:1.0 54:1.0 80:1.0 110:1.0 135:1.0 157:1.0 176:1.0 190:1.0 200:1.0 210:1.0 212:1.0 214:1.0 
-0.0 0.062499999999999944 158:1.0 
-0.0 0.1 
-0.0 0.1 
-0.04375000000000001 0.06093749999999992 132:1.0 
-0.04375000000000001 0.06093749999999992 149:1.0 155:1.0 
-0.0 0.1 
-0.0 0.1 
-0.04999999999999999 0.062499999999999944 118:1.0 
-0.0 0.1 
-0.0 0.1 
-0.0 0.1 
-0.0 0.1 
-0.0 0.1 
-0.0 0.1 
-0.0 0.1 96:1.0 
-0.0 0.1 
-0.04375000000000001 0.1 102:1.0 
-0.0 0.1 
-0.0 0.1 
-0.0 0.1 
-0.04375000000000001 0.06093749999999992 3:1.0 
-0.0 0.1 
-0.0 0.1 
-0.0 0.1 
-0.0 0.1 
-0.0 0.1 
-0.04375000000000001 0.06093749999999992 101:1.0 116:1.0 135:1.0 173:1.0 
-0.0 0.1 
-0.0 0.1 
-0.0 0.1 
-0.0 0.1 
-0.0 0.1 
-0.0 0.1 
-0.0 0.1 109:1.0 
-0.0 0.1 
-0.0 0.1 
-0.04375000000000001 0.1 96:1.0 
-0.0 0.1 
-0.0 0.1 
-0.04375000000000001 0.06093749999999992 45:1.0 56:1.0 63:1.0 97:1.0 132:1.0 208:1.0 
-0.0 0.1 
-0.0 0.1 
-0.04375000000000001 0.06093749999999992 63:1.0 
-0.0 0.1 
-0.0 0.1 
-0.0 0.1 
-0.0 0.1 
-0.1 0.1 142:1.0 
-0.0 0.1 
-0.0 0.1 
-0.0 0.1 
-0.0 0.1 
-0.0 0.1 
-0.0 0.1 
-0.0 0.1 
-0.04375000000000001 0.06093750000000006 26:1.0 55:1.0 
-0.0 0.1 
-0.0 0.1 
-0.0 0.1 
-0.04375000000000001 0.06093750000000006 99:1.0 
-0.04375000000000001 0.1 68:1.0 
-0.0 0.1 
-0.0 0.1 
-0.0 0.1 
-0.04999999999999999 0.1 70:1.0 
-0.0 0.1 
-0.0 0.1 
-0.0 0.1 
-0.0 0.1 
-0.0 0.1 
-0.04375000000000001 0.06093750000000006 144:1.0 
-0.1 0.06093750000000006 42:1.0 
-0.0 0.1 
-0.0 0.1 
-0.0 0.1 
-0.0 0.1 
-0.04375000000000001 0.06093750000000006 101:1.0 
-0.04375000000000001 0.06093750000000006 175:1.0 180:1.0 
-0.0 0.1 
-0.0 0.1 
-0.0 0.1 
-0.0 0.1 
-0.0 0.1 
-0.0 0.1 
-0.04375000000000001 0.06093750000000006 21:1.0 175:1.0 
-0.0 0.1 
-0.0 0.1 
-0.1 0.1 23:1.0 
-0.0 0.1 
-0.04375000000000001 0.06093750000000006 113:1.0 122:1.0 
-0.04375000000000001 0.06093750000000006 125:1.0 170:1.0 
-0.0 0.1 
-0.09375000000000003 0.1 145:1.0 
-0.0 0.1 
-0.0 0.1 
-0.0 0.1 
-0.0 0.1 
-0.1 0.06093750000000006 168:1.0 
-0.0 0.1 
-0.0 0.1 
-0.09375000000000003 0.06093750000000006 16:1.0 
-0.04375000000000001 0.1 126:1.0 
-0.0 0.1 
-0.0 0.1 
-0.0 0.1 
-0.0 0.1 
-0.0 0.1 
-0.0 0.1 
-0.0 0.1 
-0.0 0.1 
-0.0 0.1 
-0.0 0.1 
-0.0 0.1 
-0.0 0.1 
-0.0 0.1 
-0.0 0.1 
-0.0 0.1 
-0.0 0.1 
-0.1 0.1 
-0.1 0.1 
-0.1 0.1 
-0.1 0.1 
-0.0 0.1 49:1.0 
-0.1 0.1 
-0.1 0.1 
-0.1 0.1 
-0.1 0.1 
-0.1 0.1 
-0.1 0.1 
-0.1 0.1 
-0.1 0.1 
-0.1 0.1 
-0.1 0.1 
-0.1 0.1 
-0.1 0.1 
-0.04375000000000001 0.1 18:1.0 
-0.1 0.1 
-0.1 0.1 
-0.1 0.1 
-0.1 0.1 
-0.1 0.1 
-0.1 0.1 
-0.0 0.1 191:1.0 
-0.1 0.1 
-0.04375000000000001 0.06093750000000006 140:1.0 
-0.1 0.1 
-0.1 0.1 
-0.04375000000000001 0.09843749999999998 159:1.0 
-0.1 0.1 
-0.1 0.1 
-0.0 0.1 178:1.0 
-0.1 0.1 
-0.1 0.1 
-0.0 0.1 95:1.0 
-0.1 0.1 
-0.04375000000000001 0.06093750000000006 38:1.0 79:1.0 
-0.1 0.1 
-0.1 0.1 
-0.1 0.1 
-0.0 0.1 5:1.0 74:1.0 75:1.0 81:1.0 192:1.0 198:1.0 201:1.0 216:1.0 217:1.0 
-0.1 0.1 
-0.1 0.1 
-0.1 0.1 
-0.04375000000000001 0.06093750000000006 83:1.0 
-0.1 0.1 
-0.1 0.1 
-0.1 0.1 
-0.0 0.1 48:1.0 
-0.0 0.1 152:1.0 
-0.1 0.1 
-0.1 0.1 
-0.1 0.1 
-0.1 0.1 
-0.1 0.1 
-0.1 0.1 
-0.1 0.1 
-0.04375000000000001 0.06093750000000006 6:1.0 51:1.0 
-0.1 0.1 
-0.1 0.1 
-0.04999999999999999 0.0 171:1.0 
-0.1 0.1 
-0.1 0.1 
-0.1 0.1 
-0.04375000000000001 0.06093750000000006 124:1.0 165:1.0 
-0.1 0.1 
-0.1 0.1 
-0.1 0.1 
-0.04375000000000001 0.06093750000000006 45:1.0 56:1.0 151:1.0 208:1.0 
-0.1 0.1 
-0.04375000000000001 0.09843749999999998 57:1.0 
-0.1 0.1 
-0.04375000000000001 0.06093750000000006 23:1.0 82:1.0 183:1.0 
-0.1 0.1 
-0.1 0.1 
-0.1 0.1 
-0.0 0.1 47:1.0 
-0.04375000000000001 0.06093750000000006 151:1.0 
-0.1 0.1 
-0.04375000000000001 0.06093750000000006 47:1.0 55:1.0 
-0.1 0.1 
-0.1 0.1 
-0.1 0.1 
-0.04375000000000001 0.06093750000000006 68:1.0 141:1.0 
-0.09375000000000003 0.1 70:1.0 
-0.04375000000000001 0.06093750000000006 44:1.0 129:1.0 
-0.04375000000000001 0.1 37:1.0 
-0.1 0.1 
-0.1 0.1 
-0.09375000000000003 0.06093750000000006 171:1.0 
-0.1 0.1 
-0.1 0.1 
-0.04375000000000001 0.06093750000000006 66:1.0 76:1.0 
-0.04375000000000001 0.06093750000000006 36:1.0 82:1.0 
-0.1 0.1 
-0.1 0.1 139:1.0 
-0.04375000000000001 0.06093750000000006 18:1.0 188:1.0 
-0.0 0.1 47:1.0 
-0.1 0.1 
-0.04375000000000001 0.1 44:1.0 
-0.1 0.1 
-0.1 0.1 85:1.0 
-0.1 0.1 
-0.1 0.1 
-0.1 0.1 
-0.04375000000000001 0.1 136:1.0 
-0.04375000000000001 0.06093750000000006 61:1.0 172:1.0 
-0.1 0.1 
-0.1 0.1 
-0.1 0.1 
-0.1 0.1 
-0.1 0.1 
-0.0 0.1 184:1.0 
-0.1 0.1 
-0.1 0.1 
-0.1 0.1 
-0.1 0.1 
-0.04375000000000001 0.06093750000000006 39:1.0 80:1.0 110:1.0 130:1.0 135:1.0 157:1.0 176:1.0 195:1.0 200:1.0 205:1.0 206:1.0 210:1.0 212:1.0 213:1.0 214:1.0 215:1.0 219:1.0 222:1.0 
-0.1 0.1 
-0.1 0.1 
-0.1 0.1 
-0.1 0.1 
-0.1 0.1 
-0.04375000000000001 0.06093750000000006 152:1.0 
-0.1 0.1 
-0.04375000000000001 0.06093750000000006 188:1.0 
-0.04375000000000001 0.06093750000000006 135:1.0 
-0.04375000000000001 0.06093750000000006 179:1.0 
-0.1 0.1 
-0.1 0.1 
-0.1 0.1 
-0.04375000000000001 0.06093750000000006 155:1.0 
-0.1 0.1 
-0.04375000000000001 0.06093750000000006 16:1.0 129:1.0 187:1.0 
-0.1 0.1 
-0.1 0.1 
-0.1 0.1 
-0.04375000000000001 0.06093750000000006 143:1.0 
-0.1 0.1 124:1.0 
-0.1 0.1 
-0.1 0.1 
-0.09375000000000003 0.09843749999999998 133:1.0 
-0.1 0.1 
-0.1 0.1 
-0.1 0.1 
-0.1 0.1 
-0.1 0.1 
-0.1 0.1 
-0.1 0.1 
-0.1 0.1 
-0.1 0.1 
-0.1 0.1 
-0.04375000000000001 0.06093750000000006 25:1.0 42:1.0 
-0.04375000000000001 0.06093750000000006 30:1.0 123:1.0 199:1.0 
-0.1 0.0 50:1.0 
-0.1 0.1 
-0.04375000000000004 0.06093750000000006 92:1.0 109:1.0 
-0.04375000000000004 0.09843749999999998 131:1.0 
-0.04375000000000004 0.060156249999999994 51:1.0 
-0.1 0.1 
-0.1 0.1 
-0.1 0.1 
-0.1 0.1 
-0.04375000000000004 0.060156249999999994 59:1.0 145:1.0 
-0.1 0.1 
-0.1 0.1 
-0.04375000000000004 0.060156249999999994 20:1.0 
-0.1 0.1 
-0.04375000000000004 0.060156249999999994 45:1.0 56:1.0 63:1.0 97:1.0 208:1.0 
-0.1 0.0 55:1.0 
-0.1 0.1 
-0.04375000000000004 0.060937500000000006 2:1.0 93:1.0 
-0.1 0.1 
-0.04375000000000004 0.060937500000000006 29:1.0 
-0.1 0.1 
-0.1 0.1 124:1.0 
-0.1 0.1 
-0.1 0.1 
-0.1 0.1 
-0.1 0.1 
-0.04375000000000004 0.060937500000000006 112:1.0 115:1.0 
-0.1 0.1 
-0.1 0.1 
-0.04375000000000004 0.1 10:1.0 
-0.1 0.1 
-0.1 0.1 
-0.04375000000000004 0.09843750000000004 89:1.0 
-0.1 0.1 
-0.1 0.1 
-0.04375000000000004 0.060937500000000006 77:1.0 
-0.1 0.1 
-0.1 0.1 
-0.1 0.1 
-0.1 0.1 
-0.04375000000000004 0.1 13:1.0 
-0.1 0.1 
-0.1 0.1 
-0.1 0.1 
-0.04375000000000004 0.060937500000000006 23:1.0 175:1.0 
-0.1 0.1 
-0.1 0.1 
-0.1 0.1 
-0.1 0.1 
-0.1 0.1 
-0.1 0.1 
-0.04375000000000004 0.060937500000000006 51:1.0 82:1.0 
-0.1 0.1 
-0.1 0.1 
-0.04375000000000004 0.060937500000000006 184:1.0 
-0.1 0.1 
-0.1 0.1 
-0.1 0.1 
-0.1 0.0 32:1.0 
-0.04375000000000004 0.060937500000000006 30:1.0 
-0.1 0.1 
-0.1 0.1 
-0.1 0.1 
-0.1 0.1 
-0.1 0.1 
-0.1 0.1 
-0.1 0.1 
-0.1 0.1 
-0.1 0.1 
-0.1 0.1 
-0.1 0.1 
-0.1 0.1 
-0.04374999999999998 0.060937500000000006 82:1.0 126:1.0 
-0.1 0.1 
-0.1 0.1 
-0.1 0.1 
-0.1 0.1 
-0.1 0.1 
-0.1 0.1 
-0.1 0.1 
-0.1 0.1 
-0.1 0.1 
-0.04374999999999998 0.1 112:1.0 
-0.1 0.1 
-0.1 0.1 
-0.1 0.1 
-0.1 0.1 
-0.1 0.1 
-0.1 0.1 
-0.1 0.1 
-0.1 0.1 
-0.04374999999999998 0.060937500000000006 105:1.0 124:1.0 
-0.1 0.1 
-0.1 0.1 
-0.1 0.1 
-0.1 0.1 
-0.1 0.1 
-0.1 0.1 
-0.1 0.1 
-0.1 0.1 
-0.1 0.1 
-0.1 0.1 
-0.1 0.1 
-0.1 0.1 
-0.1 0.1 
-0.1 0.1 
-0.1 0.1 
-0.1 0.1 32:1.0 
-0.1 0.1 
-0.1 0.1 
-0.1 0.1 
-0.1 0.1 
-0.04374999999999998 0.060937500000000006 169:1.0 
-0.1 0.1 
-0.1 0.1 
-0.04374999999999998 0.1 43:1.0 
-0.04374999999999998 0.1 179:1.0 186:1.0 196:1.0 
-0.04374999999999998 0.060937500000000006 159:1.0 178:1.0 
-0.1 0.1 
-0.1 0.1 
-0.0 0.1 86:1.0 
-0.1 0.1 
-0.04374999999999998 0.060937500000000006 134:1.0 
-0.1 0.1 
-0.0 0.1 72:1.0 
-0.04374999999999998 0.060937500000000006 116:1.0 165:1.0 
-0.04374999999999998 0.1 125:1.0 
-0.1 0.1 
-0.04374999999999998 0.060937500000000006 29:1.0 135:1.0 
-0.04374999999999998 0.060937500000000006 48:1.0 
-0.1 0.1 
-0.1 0.1 
-0.1 0.1 
-0.1 0.1 
-0.1 0.0 103:1.0 
-0.04374999999999998 0.060937500000000006 39:1.0 54:1.0 80:1.0 176:1.0 190:1.0 210:1.0 
-0.04374999999999998 0.060937500000000006 120:1.0 
-0.04374999999999998 0.060937500000000006 26:1.0 
-0.04374999999999998 0.060937500000000006 44:1.0 155:1.0 
-0.04374999999999998 0.060937500000000006 36:1.0 37:1.0 144:1.0 
-0.1 0.1 
-0.09374999999999997 0.060937500000000006 24:1.0 
-0.1 0.1 
-0.04374999999999998 0.060937500000000006 32:1.0 
-0.1 0.1 
-0.1 0.1 
-0.04374999999999998 0.060937500000000006 147:1.0 189:1.0 
-0.1 0.1 
-0.04374999999999998 0.060937500000000006 37:1.0 65:1.0 116:1.0 
-0.04374999999999998 0.060937500000000006 22:1.0 141:1.0 
-0.1 0.1 
-0.1 0.1 
-0.1 0.1 
-0.04374999999999998 0.1 180:1.0 
-0.1 0.1 
-0.1 0.1 
-0.1 0.1 
-0.1 0.1 
-0.04374999999999998 0.1 163:1.0 
-0.1 0.1 
-0.1 0.1 
-0.04374999999999998 0.060937500000000006 127:1.0 
-0.1 0.1 
-0.1 0.1 
-0.1 0.1 
-0.1 0.1 
-0.04374999999999998 0.060937500000000006 86:1.0 
-0.1 0.1 
-0.1 0.1 
-0.04374999999999998 0.09843750000000004 109:1.0 
-0.1 0.1 
-0.1 0.06093750000000006 55:1.0 
-0.1 0.1 
-0.04374999999999998 0.06093750000000006 139:1.0 
-0.1 0.1 
-0.1 0.1 
-0.1 0.1 
-0.1 0.1 
-0.1 0.1 
-0.04374999999999998 0.06093750000000006 87:1.0 159:1.0 
-0.1 0.1 
-0.1 0.1 
-0.1 0.1 
-0.1 0.1 
-0.1 0.1 
-0.1 0.1 
-0.1 0.1 
-0.04374999999999998 0.06093750000000006 177:1.0 
-0.1 0.1 
-0.1 0.1 
-0.1 0.1 
-0.1 0.1 
-0.1 0.1 
-0.1 0.1 
-0.1 0.1 
-0.1 0.1 
-0.04374999999999998 0.06093750000000006 183:1.0 
-0.1 0.1 
-0.1 0.1 
-0.1 0.1 
-0.1 0.1 
-0.1 0.1 
-0.09374999999999997 0.1 23:1.0 
-0.1 0.1 
-0.04374999999999998 0.1 115:1.0 
-0.1 0.1 
-0.1 0.1 
-0.1 0.1 
-0.1 0.1 
-0.1 0.1 
-0.1 0.1 
-0.04374999999999998 0.06015625000000005 104:1.0 124:1.0 
-0.1 0.1 
-0.1 0.1 
-0.1 0.1 
-0.1 0.1 
-0.1 0.1 
-0.04374999999999998 0.09765625000000003 62:1.0 
-0.1 0.1 
-0.1 0.1 
-0.1 0.1 
-0.1 0.1 
-0.1 0.1 
-0.1 0.1 
-0.1 0.1 
-0.1 0.1 
-0.1 0.1 
-0.1 0.1 
-0.04374999999999998 0.06015625000000005 15:1.0 
-0.1 0.1 
-0.04374999999999998 0.06015625000000005 76:1.0 
-0.1 0.1 
-0.0 0.1 178:1.0 
-0.1 0.1 
-0.1 0.1 
-0.1 0.1 
-0.04374999999999998 0.06015625000000005 25:1.0 82:1.0 120:1.0 
-0.0 0.1 69:1.0 
-0.1 0.1 59:1.0 
-0.1 0.1 
-0.1 0.1 
-0.1 0.1 
-0.1 0.1 
-0.1 0.1 
-0.04374999999999998 0.06015625000000005 102:1.0 139:1.0 
-0.1 0.1 
-0.1 0.1 
-0.1 0.1 
-0.1 0.1 
-0.1 0.1 
-0.1 0.1 
-0.1 0.1 
-0.1 0.1 
-0.1 0.1 
-0.1 0.1 
-0.04374999999999998 0.06015625000000005 103:1.0 
-0.04374999999999998 0.06015625000000005 95:1.0 
-0.1 0.1 
-0.1 0.1 
-0.1 0.1 
-0.1 0.1 
-0.1 0.1 
-0.04374999999999998 0.06015625000000005 22:1.0 163:1.0 
-0.04374999999999998 0.1 121:1.0 
-0.04374999999999998 0.06015625000000005 191:1.0 
-0.04374999999999998 0.06015625000000005 63:1.0 132:1.0 140:1.0 
-0.1 0.1 
-0.1 0.1 
-0.1 0.1 
-0.1 0.1 
-0.1 0.1 
-0.04374999999999998 0.06015625000000005 82:1.0 120:1.0 
-0.1 0.1 
-0.1 0.1 
-0.0 0.09921875 82:1.0 
-0.04374999999999998 0.06015625000000005 45:1.0 56:1.0 63:1.0 132:1.0 208:1.0 
-0.1 0.1 60:1.0 
-0.1 0.1 
-0.04374999999999998 0.06015625000000005 69:1.0 
-0.1 0.1 
-0.1 0.1 
-0.1 0.1 
-0.1 0.1 
-0.1 0.1 
-0.04374999999999998 0.06015625000000005 24:1.0 166:1.0 
-0.1 0.1 
-0.1 0.1 
-0.1 0.1 
-0.1 0.1 
-0.1 0.1 
-0.04374999999999998 0.06015625000000005 122:1.0 
-0.1 0.1 
-0.04374999999999998 0.06015625000000005 47:1.0 
-0.1 0.1 
-0.1 0.1 
-0.04374999999999998 0.06015625000000005 175:1.0 
-0.1 0.1 
-0.1 0.1 
-0.1 0.1 
-0.1 0.1 
-0.1 0.1 
-0.1 0.1 
-0.1 0.1 
-0.1 0.1 
-0.1 0.1 
-0.1 0.1 
-0.1 0.1 
-0.1 0.1 
-0.1 0.1 
-0.04374999999999998 0.06015625000000005 18:1.0 53:1.0 111:1.0 
-0.04374999999999998 0.09765625000000003 72:1.0 
-0.1 0.1 
-0.044531249999999994 0.06015625000000005 2:1.0 
-0.1 0.1 
-0.044531249999999994 0.06015625000000005 178:1.0 
-0.1 0.1 
-0.044531249999999994 0.06015625000000005 39:1.0 80:1.0 110:1.0 130:1.0 135:1.0 176:1.0 190:1.0 195:1.0 200:1.0 205:1.0 206:1.0 210:1.0 213:1.0 215:1.0 219:1.0 222:1.0 
-0.1 0.1 
-0.1 0.1 
-0.1 0.1 
-0.1 0.1 
-0.1 0.1 
-0.1 0.1 
-0.09453124999999998 0.09765625000000003 118:1.0 
-0.044531249999999994 0.06015625000000005 5:1.0 74:1.0 75:1.0 81:1.0 192:1.0 198:1.0 201:1.0 216:1.0 217:1.0 
-0.1 0.1 
-0.1 0.1 
-0.1 0.1 
-0.1 0.1 
-0.1 0.1 
-0.044531249999999994 0.06015625000000005 91:1.0 
-0.1 0.1 
-0.1 0.1 
-0.044531249999999994 0.1 78:1.0 
-0.1 0.09765625000000003 166:1.0 
-0.1 0.1 
-0.1 0.09921875 
-0.044531249999999994 0.06015625000000005 146:1.0 
-0.1 0.1 
-0.044531249999999994 0.1 41:1.0 160:1.0 211:1.0 
-0.1 0.1 
-0.1 0.1 
-0.044531249999999994 0.09843750000000004 158:1.0 
-0.1 0.1 
-0.1 0.1 
-0.044531249999999994 0.06093750000000006 117:1.0 156:1.0 209:1.0 
-0.1 0.1 
-0.1 0.1 
-0.1 0.1 
-0.1 0.1 
-0.1 0.1 
-0.1 0.1 
-0.1 0.1 
-0.044531249999999994 0.06093750000000006 49:1.0 
-0.04453124999999994 0.06093750000000006 150:1.0 
-0.1 0.1 
-0.1 0.1 
-0.1 0.1 
-0.1 0.1 
-0.1 0.1 
-0.1 0.1 
-0.04453124999999994 0.06093750000000006 50:1.0 
-0.04453124999999994 0.1 124:1.0 
-0.1 0.1 
-0.1 0.1 
-0.1 0.1 
-0.1 0.1 
-0.1 0.1 
-0.1 0.1 
-0.1 0.1 
-0.1 0.1 
-0.1 0.1 
-0.04453124999999994 0.06093750000000006 78:1.0 162:1.0 
-0.1 0.1 
-0.04453124999999994 0.06093750000000006 101:1.0 142:1.0 
-0.1 0.1 
-0.1 0.1 
-0.1 0.1 
-0.04453124999999994 0.06093750000000006 82:1.0 
-0.044531249999999994 0.06093750000000006 39:1.0 54:1.0 80:1.0 110:1.0 130:1.0 135:1.0 157:1.0 176:1.0 195:1.0 200:1.0 205:1.0 206:1.0 210:1.0 212:1.0 213:1.0 214:1.0 215:1.0 219:1.0 222:1.0 
-0.044531249999999994 0.06093750000000006 166:1.0 178:1.0 
-0.1 0.1 
-0.1 0.1 
-0.1 0.1 
-0.1 0.1 
-0.1 0.1 
-0.044531249999999994 0.09843750000000004 
-0.0 -0.1 
-0.0 -0.1 
-0.0 -0.1 
-0.0 -0.1 
-0.08124999999999993 -0.1 28:1.0 
-0.0 -0.1 
-0.0 -0.1 
-0.0 -0.1 125:1.0 
-0.1 -0.1 19:1.0 
-0.0 -0.1 
-0.0 -0.1 
-0.0 -0.1 
-0.0 -0.1 
-0.0 -0.1 
-0.0 -0.1 
-0.0 -0.1 
-0.1 -0.1 79:1.0 
-0.0 -0.1 
-0.08124999999999993 -0.1 53:1.0 103:1.0 
-0.0 -0.1 
-0.0 -0.1 
-0.0 -0.1 
-0.08124999999999993 -0.1 185:1.0 
-0.0 -0.1 173:1.0 
-0.1 -0.1 31:1.0 
-0.0 -0.1 
-0.0 -0.1 68:1.0 
-0.0 -0.1 
-0.0 -0.1 
-0.0 -0.1 
-0.0 -0.1 
-0.0 -0.1 
-0.0 -0.1 
-0.0 -0.1 
-0.0 -0.1 
-0.08124999999999993 -0.1 11:1.0 
-0.0 -0.1 
-0.0 -0.1 
-0.0 -0.1 
-0.0 -0.1 
-0.0 -0.1 
-0.08124999999999993 -0.1 191:1.0 
-0.08124999999999993 -0.1 23:1.0 120:1.0 
-0.0 -0.1 
-0.0 -0.1 98:1.0 
-0.0 -0.1 
-0.0 -0.1 
-0.0 -0.1 
-0.0 -0.1 
-0.0 -0.1 111:1.0 
-0.0 -0.1 
-0.08124999999999993 -0.1 145:1.0 
-0.0 -0.1 
-0.0 -0.1 
-0.0 -0.1 
-0.0 -0.1 
-0.08124999999999993 -0.1 164:1.0 168:1.0 
-0.0 -0.1 
-0.0 -0.1 
-0.0 -0.1 
-0.0 -0.1 
-0.0 -0.1 126:1.0 
-0.0 -0.1 
-0.0 -0.1 
-0.0 -0.1 
-0.0 -0.1 
-0.0 -0.1 
-0.08124999999999993 -0.1 35:1.0 173:1.0 
-0.0 -0.1 
-0.0 -0.1 
-0.0 -0.1 
-0.0 -0.1 
-0.1 -0.1 11:1.0 
-0.0 -0.1 
-0.0 -0.1 
-0.0 -0.1 
-0.0 -0.1 
-0.0 -0.1 
-0.0 -0.1 
-0.0 -0.1 
-0.0 -0.1 17:1.0 
-0.08124999999999993 -0.1 35:1.0 146:1.0 
-0.0 -0.1 
-0.0 -0.1 162:1.0 
-0.0 -0.1 
-0.0 -0.1 
-0.0 -0.1 
-0.0 -0.1 
-0.0 -0.1 159:1.0 
-0.0 -0.1 96:1.0 
-0.0 -0.1 
-0.0 -0.1 
-0.0 -0.1 
-0.0 -0.1 47:1.0 
-0.0 -0.1 
-0.08124999999999993 -0.1 13:1.0 14:1.0 
-0.08124999999999993 -0.1 43:1.0 
-0.0 -0.1 92:1.0 
-0.08124999999999993 -0.1 52:1.0 
-0.0 -0.1 
-0.0 -0.1 
-0.0 -0.1 
-0.08124999999999993 -0.1 30:1.0 33:1.0 113:1.0 
-0.0 -0.1 
-0.08124999999999993 -0.1 86:1.0 
-0.0 -0.1 
-0.08124999999999993 -0.1 69:1.0 
-0.08124999999999993 -0.1 102:1.0 
-0.0 -0.1 
-0.0 -0.1 
-0.0 -0.1 
-0.0 -0.1 
-0.0 -0.1 
-0.0 -0.1 
-0.08124999999999993 -0.1 26:1.0 55:1.0 113:1.0 
-0.0 -0.1 
-0.0 -0.1 
-0.0 -0.1 
-0.0 -0.1 
-0.0 -0.1 38:1.0 
-0.0 -0.1 78:1.0 
-0.08124999999999993 -0.1 159:1.0 
-0.0 -0.1 173:1.0 
-0.08124999999999993 -0.1 48:1.0 
-0.0 -0.1 
-0.08203124999999994 -0.1 16:1.0 187:1.0 
-0.0 -0.1 
-0.0 -0.1 
-0.0 -0.1 
-0.0 -0.1 
-0.0 -0.1 
-0.0 -0.1 
-0.0 -0.1 142:1.0 
-0.0 -0.1 
-0.0 -0.1 
-0.0 -0.1 
-0.0 -0.1 
-0.1 -0.1 
-0.08203125000000003 -0.1 47:1.0 
-0.1 -0.1 
-0.1 -0.1 
-0.1 -0.1 
-0.1 -0.1 
-0.08203125000000003 -0.1 44:1.0 164:1.0 
-0.1 -0.1 
-0.1 -0.1 
-0.1 -0.1 166:1.0 
-0.1 -0.1 
-0.1 -0.1 
-0.08203125000000003 -0.1 44:1.0 
-0.1 -0.1 
-0.0 -0.1 41:1.0 160:1.0 211:1.0 
-0.0 -0.1 78:1.0 
-0.1 -0.1 
-0.08203125000000003 -0.1 104:1.0 
-0.1 -0.1 
-0.1 -0.1 
-0.0 -0.1 72:1.0 
-0.1 -0.1 
-0.1 -0.1 
-0.1 -0.1 
-0.1 -0.1 
-0.1 -0.1 
-0.1 -0.1 
-0.08203125000000003 -0.1 93:1.0 
-0.08203125000000003 -0.1 49:1.0 
-0.1 -0.1 
-0.08203125000000003 -0.1 97:1.0 
-0.1 -0.1 
-0.1 -0.1 
-0.1 -0.1 59:1.0 
-0.08203125000000003 -0.1 33:1.0 138:1.0 
-0.1 -0.1 
-0.1 -0.1 
-0.0 -0.1 34:1.0 76:1.0 193:1.0 
-0.1 -0.1 
-0.0 -0.1 124:1.0 
-0.1 -0.1 
-0.1 -0.1 
-0.1 -0.1 
-0.1 -0.1 
-0.08203125000000003 -0.1 13:1.0 144:1.0 
-0.1 -0.1 
-0.08203125000000003 -0.1 162:1.0 
-0.1 -0.1 58:1.0 
-0.1 -0.1 
-0.08203125000000003 -0.1 71:1.0 149:1.0 
-0.1 -0.1 
-0.0 -0.1 124:1.0 
-0.1 -0.1 
-0.1 -0.1 
-0.1 -0.1 
-0.1 -0.1 
-0.1 -0.1 
-0.0 -0.1 126:1.0 
-0.08203125000000003 -0.1 64:1.0 
-0.1 -0.1 
-0.1 -0.1 
-0.0 -0.1 119:1.0 
-0.1 -0.1 
-0.1 -0.1 
-0.1 -0.1 
-0.0 -0.1 179:1.0 186:1.0 196:1.0 
-0.08203125000000003 -0.1 47:1.0 58:1.0 172:1.0 
-0.0 -0.1 125:1.0 
-0.1 -0.1 
-0.1 -0.1 
-0.08203125000000003 -0.1 82:1.0 
-0.1 -0.1 
-0.08203125000000003 -0.1 70:1.0 141:1.0 
-0.1 -0.1 
-0.1 -0.1 
-0.0 -0.1 38:1.0 
-0.1 -0.1 
-0.1 -0.1 
-0.1 -0.1 
-0.1 -0.1 
-0.1 -0.1 27:1.0 108:1.0 
-0.0 -0.1 35:1.0 
-0.08203125000000003 -0.1 17:1.0 97:1.0 178:1.0 180:1.0 
-0.1 -0.1 
-0.1 -0.1 
-0.1 -0.1 
-0.1 -0.1 
-0.0 -0.1 153:1.0 
-0.1 -0.1 
-0.1 -0.1 
-0.1 -0.1 
-0.1 -0.1 
-0.1 -0.1 
-0.1 -0.1 
-0.1 -0.1 
-0.1 -0.1 
-0.1 -0.1 
-0.0 -0.1 9:1.0 
-0.1 -0.1 
-0.1 -0.1 
-0.1 -0.1 85:1.0 
-0.1 -0.1 
-0.1 -0.1 
-0.1 -0.1 
-0.1 -0.1 
-0.08203125000000003 -0.1 49:1.0 115:1.0 
-0.08203125000000003 -0.1 152:1.0 
-0.1 -0.1 
-0.1 -0.1 
-0.1 -0.1 
-0.1 -0.1 
-0.1 -0.1 
-0.1 -0.1 
-0.1 -0.1 
-0.1 -0.1 
-0.08203125000000003 -0.1 92:1.0 
-0.08203125000000003 -0.1 47:1.0 180:1.0 
-0.1 -0.1 
-0.1 -0.1 
-0.1 -0.1 
-0.1 -0.1 
-0.1 -0.1 
-0.08203125000000003 -0.1 71:1.0 79:1.0 113:1.0 
-0.0 -0.1 173:1.0 
-0.0 -0.1 70:1.0 
-0.1 -0.1 
-0.1 -0.1 78:1.0 
-0.1 -0.1 
-0.1 -0.1 
-0.1 -0.1 
-0.1 -0.1 105:1.0 
-0.1 -0.1 
-0.08203125000000003 -0.1 17:1.0 
-0.1 -0.1 
-0.1 -0.1 
-0.0 -0.1 98:1.0 
-0.1 -0.1 
-0.08203125000000003 -0.1 6:1.0 
-0.1 -0.1 
-0.1 -0.1 
-0.1 -0.1 
-0.1 -0.1 
-0.1 -0.1 
-0.1 -0.1 
-0.1 -0.1 
-0.1 -0.1 
-0.1 -0.1 
-0.1 -0.1 
-0.1 -0.1 
-0.1 -0.1 
-0.1 -0.1 
-0.1 -0.1 
-0.1 -0.1 
-0.1 -0.1 
-0.1 -0.1 
-0.08203125000000003 -0.1 150:1.0 178:1.0 
-0.1 -0.1 
-0.1 -0.1 
-0.1 -0.1 
-0.08203125000000003 -0.1 12:1.0 
-0.1 -0.1 
-0.1 -0.1 
-0.08203125000000003 -0.1 21:1.0 
-0.1 -0.1 
-0.1 -0.1 
-0.08203125000000003 -0.1 19:1.0 88:1.0 
-0.0 -0.1 178:1.0 
-0.1 -0.1 
-0.1 -0.1 
-0.1 -0.1 
-0.1 -0.1 
-0.1 -0.1 
-0.1 -0.1 
-0.1 -0.1 
-0.1 -0.1 
-0.1 -0.1 
-0.1 -0.1 
-0.0 -0.1 173:1.0 
-0.1 -0.1 87:1.0 
-0.1 -0.1 139:1.0 
-0.08203125000000003 -0.1 125:1.0 
-0.1 -0.1 
-0.1 -0.1 70:1.0 
-0.08203125000000003 -0.1 30:1.0 41:1.0 123:1.0 160:1.0 199:1.0 211:1.0 
-0.08203125000000003 -0.1 149:1.0 
-0.08203125000000003 -0.1 18:1.0 
-0.1 -0.1 
-0.1 -0.1 
-0.1 -0.1 
-0.1 -0.1 
-0.1 -0.1 
-0.08203125000000003 -0.1 126:1.0 
-0.0 -0.1 9:1.0 
-0.08203125000000003 -0.1 20:1.0 185:1.0 
-0.1 -0.1 
-0.08203125000000003 -0.1 129:1.0 
-0.1 -0.1 
-0.1 -0.1 
-0.1 -0.1 
-0.1 -0.1 
-0.08203125000000003 -0.1 98:1.0 
-0.1 -0.1 
-0.08203125000000003 -0.1 78:1.0 98:1.0 
-0.08203125000000003 -0.1 57:1.0 
-0.1 -0.1 
-0.1 -0.1 
-0.1 -0.1 
-0.1 -0.1 
-0.1 -0.1 
-0.1 -0.1 
-0.1 -0.1 
-0.1 -0.1 
-0.1 -0.1 
-0.1 -0.1 
-0.1 -0.1 
-0.0 -0.1 37:1.0 
-0.1 -0.1 
-0.1 -0.1 
-0.08203125000000003 -0.1 34:1.0 76:1.0 193:1.0 
-0.1 -0.1 
-0.1 -0.1 
-0.1 -0.1 
-0.1 -0.1 
-0.1 -0.1 164:1.0 
-0.08203125000000003 -0.1 179:1.0 186:1.0 196:1.0 
-0.1 -0.1 
-0.1 -0.1 
-0.1 -0.1 
-0.1 -0.1 
-0.1 -0.1 
-0.1 -0.1 
-0.1 -0.1 
-0.1 -0.1 124:1.0 
-0.08203125000000003 -0.1 87:1.0 100:1.0 174:1.0 
-0.1 -0.1 
-0.1 -0.1 60:1.0 
-0.1 -0.1 
-0.08203125000000003 -0.1 13:1.0 
-0.08203125000000003 -0.1 30:1.0 33:1.0 
-0.1 -0.1 
-0.08203125000000003 -0.1 87:1.0 152:1.0 
-0.1 -0.1 142:1.0 
-0.1 -0.1 
-0.08203125000000003 -0.1 78:1.0 
-0.1 -0.1 
-0.1 -0.1 
-0.1 -0.1 
-0.08203125000000003 -0.1 106:1.0 
-0.1 -0.1 
-0.1 -0.1 
-0.1 -0.1 
-0.1 -0.1 
-0.1 -0.1 
-0.08203125000000003 -0.1 76:1.0 177:1.0 
-0.08203125000000003 -0.1 163:1.0 
-0.1 -0.1 
-0.1 -0.1 
-0.1 -0.1 
-0.1 -0.1 
-0.1 -0.1 
-0.1 -0.1 
-0.1 -0.1 
-0.1 -0.1 
-0.1 -0.1 
-0.1 -0.1 
-0.1 -0.1 
-0.08203125000000003 -0.1 10:1.0 147:1.0 182:1.0 
-0.1 -0.1 
-0.1 -0.1 
-0.0 -0.1 173:1.0 
-0.0 -0.1 98:1.0 114:1.0 
-0.1 -0.1 
-0.0 -0.1 109:1.0 
-0.08203125000000003 -0.1 63:1.0 140:1.0 151:1.0 
-0.1 -0.1 
-0.1 -0.1 
-0.1 -0.1 
-0.1 -0.1 
-0.1 -0.1 
-0.1 -0.1 
-0.1 -0.1 
-0.0 -0.1 61:1.0 
-0.1 -0.1 
-0.1 -0.1 
-0.1 -0.1 
-0.1 -0.1 
-0.1 -0.1 
-0.1 -0.1 119:1.0 
-0.08203125000000003 -0.1 111:1.0 116:1.0 
-0.1 -0.1 
-0.0 -0.1 61:1.0 
-0.1 -0.1 
-0.1 -0.1 
-0.1 -0.1 
-0.1 -0.1 
-0.1 -0.1 
-0.1 -0.1 
-0.1 -0.1 
-0.08203125000000003 -0.1 16:1.0 177:1.0 
-0.1 -0.1 
-0.08203125000000003 -0.1 115:1.0 
-0.1 -0.1 
-0.1 -0.1 
-0.1 -0.1 
-0.1 -0.1 124:1.0 
-0.1 -0.1 
-0.1 -0.1 
-0.1 -0.1 
-0.1 -0.1 
-0.1 -0.1 
-0.1 -0.1 
-0.08203125000000003 -0.1 40:1.0 106:1.0 
-0.08203125000000003 -0.1 112:1.0 
-0.1 -0.1 
-0.08203125000000003 -0.1 119:1.0 
-0.1 -0.1 
-0.1 -0.1 
-0.1 -0.1 
-0.1 -0.1 
-0.1 -0.1 
-0.1 -0.1 
-0.1 -0.1 
-0.1 -0.1 
-0.0 -0.1 38:1.0 
-0.1 -0.1 
-0.08203125000000003 -0.1 158:1.0 
-0.1 -0.1 
-0.1 -0.1 
-0.1 -0.1 23:1.0 
-0.1 -0.1 
-0.08203125000000003 -0.1 180:1.0 
-0.1 -0.1 
-0.0 -0.1 41:1.0 160:1.0 211:1.0 
-0.1 -0.1 
-0.1 -0.1 
-0.1 -0.1 
-0.08203125000000003 -0.1 41:1.0 160:1.0 211:1.0 
-0.1 -0.1 
-0.08203125000000003 -0.1 124:1.0 
-0.1 -0.1 
-0.1 -0.1 
-0.1 -0.1 121:1.0 
-0.1 -0.1 
-0.1 -0.1 
-0.1 -0.1 
-0.1 -0.1 
-0.0 -0.1 90:1.0 
-0.1 -0.1 
-0.1 -0.1 
-0.1 -0.1 
-0.1 -0.1 
-0.1 -0.1 
-0.1 -0.1 
-0.1 -0.1 
-0.1 -0.1 
-0.1 -0.1 
-0.1 -0.1 
-0.08203124999999997 -0.1 68:1.0 
-0.1 -0.1 
-0.1 -0.1 
-0.0 -0.1 111:1.0 
-0.1 -0.1 
-0.08203124999999997 -0.1 46:1.0 131:1.0 
-0.1 -0.1 
-0.08203124999999997 -0.1 38:1.0 
-0.1 -0.1 
-0.08203124999999997 -0.1 42:1.0 158:1.0 
-0.1 -0.1 
-0.08203125000000003 -0.1 61:1.0 
-0.1 -0.1 
-0.1 -0.1 
-0.1 -0.1 
-0.08203125000000003 -0.1 113:1.0 
-0.1 -0.1 27:1.0 
-0.1 -0.1 
-0.1 -0.1 
-0.1 -0.1 
-0.1 -0.1 
-0.0 -0.1 173:1.0 
-0.1 -0.1 
-0.08203125000000003 -0.1 178:1.0 
-0.0 -0.1 173:1.0 
-0.1 -0.1 34:1.0 76:1.0 94:1.0 148:1.0 167:1.0 193:1.0 197:1.0 204:1.0 207:1.0 218:1.0 220:1.0 
-0.1 -0.1 
-0.08203125000000003 -0.1 65:1.0 104:1.0 116:1.0 151:1.0 
-0.1 -0.1 
-0.1 -0.1 
-0.1 -0.1 
-0.1 -0.1 
-0.1 -0.1 
-0.1 -0.1 133:1.0 
-0.1 -0.1 
-0.08203125000000003 -0.1 8:1.0 182:1.0 
-0.1 -0.1 
-0.1 -0.1 
-0.08203125000000003 -0.1 5:1.0 74:1.0 75:1.0 81:1.0 192:1.0 198:1.0 201:1.0 216:1.0 217:1.0 
-0.1 -0.1 
-0.1 -0.1 
-0.1 -0.1 
-0.1 -0.1 
-0.1 -0.1 
-0.1 -0.1 
-0.1 -0.1 
-0.1 -0.1 
-0.1 -0.1 
-0.1 -0.1 
-0.1 -0.1 
-0.1 -0.1 
-0.1 -0.1 145:1.0 
-0.1 -0.1 
-0.1 -0.1 
-0.1 -0.1 
-0.1 -0.1 
-0.1 -0.1 
-0.1 -0.1 
-0.08203125000000003 -0.1 136:1.0 
-0.08203125000000003 -0.1 37:1.0 
-0.1 -0.1 
-0.1 -0.1 
-0.1 -0.1 
-0.1 -0.1 
-0.1 -0.1 
-0.1 -0.1 
-0.08203125000000003 -0.1 111:1.0 
-0.1 -0.1 
-0.1 -0.1 
-0.1 -0.1 
-0.1 -0.1 
-0.1 -0.1 
-0.1 -0.1 
-0.08203125000000003 -0.1 190:1.0 
-0.1 -0.1 
-0.1 -0.1 
-0.08203125000000003 -0.1 173:1.0 
-0.1 -0.1 
-0.1 -0.1 
-0.1 -0.1 
-0.08203124999999997 -0.1 89:1.0 
-0.1 -0.1 
-0.08203124999999997 -0.1 184:1.0 
-0.08203124999999997 -0.1 70:1.0 
-0.1 -0.1 
-0.1 -0.1 
-0.1 -0.1 
-0.1 -0.1 
-0.1 -0.1 
-0.1 -0.1 
-0.1 -0.1 
-0.1 -0.1 
-0.1 -0.1 
-0.08203124999999997 -0.1 72:1.0 
-0.08203124999999997 -0.1 43:1.0 99:1.0 
-0.1 -0.1 32:1.0 
-0.1 -0.1 
-0.08203124999999997 -0.1 85:1.0 116:1.0 
-0.1 -0.1 
-0.1 -0.1 
-0.1 -0.1 
-0.1 -0.1 
-0.1 -0.1 
-0.1 -0.1 
-0.1 -0.1 23:1.0 
-0.1 -0.1 118:1.0 
-0.1 -0.1 
-0.1 -0.1 
-0.1 -0.1 31:1.0 
-0.1 -0.1 
-0.08203124999999997 -0.1 98:1.0 114:1.0 
-0.1 -0.1 
-0.1 -0.1 
-0.1 -0.1 
-0.1 -0.1 23:1.0 
-0.1 -0.1 
-0.1 -0.1 
-0.1 -0.1 
-0.1 -0.1 
-0.1 -0.1 
-0.1 -0.1 
-0.1 -0.1 
-0.1 -0.1 
-0.1 -0.1 
-0.08203124999999997 -0.1 10:1.0 
-0.1 -0.1 
-0.1 -0.1 
-0.1 -0.1 
-0.1 -0.1 
-0.1 -0.1 
-0.1 -0.1 
-0.1 -0.1 
-0.08203124999999997 -0.1 4:1.0 
-0.1 -0.1 
-0.08203125000000003 -0.1 109:1.0 
-0.1 -0.1 
-0.08203125000000003 -0.1 96:1.0 
-0.1 -0.1 
-0.08203125000000003 -0.1 90:1.0 
-0.08203125000000003 -0.1 95:1.0 
-0.1 -0.1 
-0.08203125000000003 -0.1 131:1.0 
-0.1 -0.1 
-0.1 -0.1 
-0.1 -0.1 
-0.1 -0.1 
-0.1 -0.1 
-0.1 -0.1 
-0.1 -0.1 
-0.1 -0.1 71:1.0 
-0.1 -0.1 25:1.0 
-0.1 -0.1 
-0.1 -0.1 
-0.1 -0.1 182:1.0 
-0.1 -0.1 
-0.1 -0.1 
-0.08203125000000003 -0.1 3:1.0 120:1.0 
-0.1 -0.1 
-0.0 -0.1 153:1.0 
-0.08203125000000003 -0.1 153:1.0 
-0.1 -0.1 
-0.1 -0.1 
-0.1 -0.1 
-0.08203125000000003 -0.1 9:1.0 
-0.1 -0.1 
-0.1 -0.1 
-0.1 -0.1 
-0.1 -0.1 
-0.1 -0.1 
-0.1 -0.1 
-0.08203125000000003 -0.1 62:1.0 
-0.1 -0.1 
-0.1 -0.1 
-0.1 -0.1 
-0.1 -0.1 
-0.1 -0.1 
-0.1 -0.1 
-0.1 -0.1 
-0.1 -0.1 
-0.1 -0.1 
-0.08203125000000003 -0.1 142:1.0 
-0.1 -0.1 
-0.1 -0.1 
-0.1 -0.1 
-0.1 -0.1 
-0.1 -0.1 
-0.08203125000000003 -0.1 35:1.0 
-0.08203125000000003 -0.1 
