svm_type c_svc
kernel_type rbf
gamma 0.01
nr_class 3
total_sv 2009
rho -3.7472032293390054 -4.885584129020618 3.1636796675359826
label 2 0 1
nr_sv 514 813 682
SV
10.0 10.0 
10.0 10.0 
10.0 10.0 
10.0 10.0 
10.0 10.0 100:1.0 142:1.0 
10.0 10.0 
10.0 10.0 
10.0 10.0 
10.0 10.0 
10.0 10.0 
10.0 10.0 
10.0 10.0 
10.0 10.0 
10.0 10.0 
10.0 10.0 42:1.0 164:1.0 168:1.0 
10.0 10.0 138:1.0 
10.0 10.0 
10.0 10.0 
10.0 10.0 
10.0 10.0 
10.0 10.0 
10.0 10.0 32:1.0 
10.0 10.0 
10.0 10.0 
10.0 10.0 60:1.0 
10.0 10.0 
10.0 10.0 
10.0 10.0 103:1.0 
10.0 10.0 
10.0 10.0 
10.0 10.0 
10.0 10.0 
10.0 10.0 
10.0 10.0 
10.0 10.0 71:1.0 
10.0 10.0 
10.0 10.0 
10.0 10.0 
10.0 10.0 
10.0 10.0 12:1.0 28:1.0 73:1.0 
10.0 10.0 
7.074478660658418 0.0 76:1.0 94:1.0 167:1.0 181:1.0 197:1.0 207:1.0 220:1.0 
10.0 10.0 
10.0 10.0 
10.0 10.0 
10.0 10.0 7:1.0 
10.0 10.0 
10.0 10.0 
10.0 10.0 
10.0 10.0 
10.0 10.0 
10.0 10.0 100:1.0 
10.0 10.0 
10.0 10.0 
10.0 10.0 
10.0 10.0 50:1.0 
10.0 10.0 
10.0 10.0 
10.0 10.0 
10.0 10.0 133:1.0 
10.0 10.0 
10.0 10.0 
10.0 10.0 
10.0 10.0 
10.0 10.0 114:1.0 
10.0 10.0 16:1.0 
10.0 10.0 142:1.0 
10.0 10.0 
10.0 10.0 
10.0 10.0 14:1.0 181:1.0 
10.0 10.0 
10.0 10.0 
10.0 10.0 
10.0 10.0 14:1.0 
10.0 10.0 
10.0 10.0 11:1.0 
10.0 10.0 
10.0 10.0 
10.0 10.0 
10.0 10.0 
10.0 10.0 
10.0 10.0 
10.0 10.0 
10.0 10.0 
10.0 10.0 
10.0 10.0 
10.0 10.0 
10.0 10.0 
3.7784720510504566 10.0 114:1.0 164:1.0 
10.0 10.0 174:1.0 
0.0 7.146777001578728 34:1.0 76:1.0 94:1.0 148:1.0 167:1.0 193:1.0 197:1.0 204:1.0 207:1.0 218:1.0 220:1.0 
10.0 10.0 
10.0 10.0 174:1.0 
10.0 10.0 
10.0 10.0 
10.0 10.0 12:1.0 147:1.0 
10.0 10.0 
10.0 10.0 
10.0 10.0 
10.0 10.0 
10.0 10.0 
10.0 10.0 114:1.0 
10.0 10.0 
10.0 10.0 
10.0 10.0 
10.0 10.0 133:1.0 
10.0 10.0 
10.0 10.0 
10.0 10.0 
10.0 10.0 
10.0 10.0 
10.0 10.0 
10.0 10.0 
10.0 10.0 55:1.0 
10.0 10.0 94:1.0 
10.0 10.0 
10.0 10.0 
10.0 10.0 
10.0 10.0 
10.0 10.0 181:1.0 
10.0 10.0 
10.0 10.0 
10.0 10.0 
10.0 10.0 1:1.0 84:1.0 
10.0 10.0 
10.0 10.0 
10.0 10.0 
10.0 10.0 
10.0 10.0 
10.0 10.0 
10.0 10.0 59:1.0 
10.0 10.0 
10.0 10.0 
10.0 10.0 
10.0 10.0 
10.0 10.0 
10.0 10.0 
10.0 10.0 
10.0 10.0 
10.0 10.0 
5.225931702669838 0.0 128:1.0 137:1.0 154:1.0 194:1.0 202:1.0 221:1.0 
10.0 10.0 139:1.0 
10.0 10.0 
10.0 10.0 
10.0 10.0 
10.0 10.0 
10.0 10.0 
10.0 10.0 
10.0 10.0 
10.0 10.0 
10.0 10.0 
10.0 10.0 
10.0 10.0 99:1.0 164:1.0 
10.0 10.0 
10.0 10.0 
10.0 10.0 
10.0 10.0 
10.0 10.0 4:1.0 6:1.0 
10.0 10.0 124:1.0 
10.0 10.0 4:1.0 6:1.0 85:1.0 
10.0 10.0 87:1.0 
10.0 10.0 
10.0 10.0 14:1.0 
10.0 10.0 
10.0 10.0 121:1.0 
10.0 10.0 27:1.0 108:1.0 
10.0 10.0 170:1.0 
10.0 10.0 87:1.0 
10.0 10.0 47:1.0 124:1.0 
10.0 10.0 
10.0 10.0 
10.0 10.0 78:1.0 
10.0 10.0 
10.0 10.0 53:1.0 64:1.0 172:1.0 
10.0 10.0 32:1.0 
10.0 10.0 
10.0 10.0 
10.0 10.0 
10.0 10.0 
10.0 10.0 40:1.0 
10.0 10.0 
10.0 10.0 
10.0 10.0 
10.0 10.0 
10.0 10.0 23:1.0 76:1.0 167:1.0 197:1.0 
10.0 10.0 
10.0 10.0 
10.0 10.0 
10.0 10.0 
10.0 10.0 
10.0 10.0 
10.0 10.0 
10.0 10.0 
10.0 10.0 
10.0 10.0 58:1.0 
10.0 10.0 
10.0 10.0 
10.0 10.0 
10.0 10.0 
10.0 10.0 23:1.0 
10.0 10.0 
10.0 10.0 
10.0 10.0 
10.0 10.0 
10.0 10.0 
10.0 10.0 
10.0 10.0 
10.0 10.0 
10.0 10.0 164:1.0 
10.0 10.0 168:1.0 
10.0 10.0 
10.0 10.0 76:1.0 
10.0 10.0 
10.0 10.0 114:1.0 
10.0 10.0 
10.0 10.0 
10.0 10.0 25:1.0 
10.0 10.0 
10.0 10.0 23:1.0 
10.0 10.0 
10.0 10.0 
10.0 10.0 100:1.0 
10.0 10.0 
10.0 10.0 166:1.0 
10.0 10.0 
10.0 10.0 108:1.0 
10.0 10.0 
10.0 10.0 79:1.0 
10.0 10.0 
10.0 10.0 
10.0 10.0 134:1.0 190:1.0 
10.0 10.0 
10.0 10.0 
10.0 10.0 58:1.0 
10.0 10.0 16:1.0 
10.0 10.0 
10.0 10.0 94:1.0 147:1.0 148:1.0 189:1.0 204:1.0 
10.0 10.0 
10.0 10.0 
1.3038300274496464 0.0 12:1.0 28:1.0 73:1.0 94:1.0 189:1.0 
10.0 10.0 70:1.0 79:1.0 
10.0 10.0 
10.0 10.0 
10.0 10.0 
10.0 10.0 67:1.0 76:1.0 
10.0 10.0 
10.0 10.0 70:1.0 
10.0 10.0 166:1.0 
10.0 10.0 
10.0 10.0 
10.0 10.0 
10.0 10.0 
10.0 10.0 
10.0 10.0 124:1.0 
10.0 10.0 
10.0 10.0 
10.0 10.0 
10.0 10.0 
10.0 10.0 
10.0 4.717489776435584 128:1.0 137:1.0 154:1.0 194:1.0 202:1.0 221:1.0 
10.0 10.0 
10.0 10.0 147:1.0 
10.0 10.0 
10.0 10.0 
10.0 10.0 105:1.0 
10.0 10.0 
10.0 10.0 
10.0 10.0 
10.0 10.0 
10.0 10.0 55:1.0 
10.0 10.0 31:1.0 84:1.0 
10.0 10.0 
10.0 10.0 
10.0 10.0 31:1.0 
10.0 10.0 31:1.0 
10.0 10.0 
10.0 10.0 
10.0 10.0 
10.0 10.0 
10.0 10.0 
10.0 10.0 
10.0 10.0 
10.0 10.0 166:1.0 
10.0 10.0 
10.0 10.0 
10.0 10.0 
10.0 10.0 
10.0 10.0 84:1.0 165:1.0 
10.0 10.0 
10.0 10.0 
10.0 10.0 
10.0 10.0 
10.0 10.0 
10.0 10.0 
10.0 10.0 172:1.0 
10.0 10.0 166:1.0 
10.0 10.0 
10.0 10.0 
10.0 10.0 164:1.0 
10.0 10.0 
10.0 10.0 
10.0 10.0 
10.0 10.0 
10.0 10.0 
10.0 10.0 133:1.0 168:1.0 
10.0 10.0 
10.0 10.0 
10.0 10.0 
10.0 10.0 
10.0 10.0 24:1.0 
10.0 10.0 
10.0 10.0 
10.0 10.0 
10.0 10.0 
10.0 10.0 
10.0 10.0 
10.0 10.0 100:1.0 
10.0 10.0 
10.0 10.0 
10.0 10.0 84:1.0 127:1.0 
10.0 10.0 161:1.0 
10.0 10.0 
10.0 10.0 
10.0 10.0 
10.0 10.0 
10.0 10.0 
10.0 10.0 
10.0 10.0 
10.0 10.0 
10.0 10.0 19:1.0 
10.0 10.0 
10.0 10.0 170:1.0 
10.0 10.0 
10.0 10.0 
10.0 10.0 
10.0 10.0 
10.0 10.0 
10.0 10.0 
10.0 10.0 164:1.0 
10.0 10.0 
10.0 10.0 
10.0 10.0 
10.0 10.0 
10.0 10.0 
10.0 10.0 
10.0 10.0 
10.0 10.0 
10.0 10.0 
10.0 10.0 
10.0 10.0 
10.0 10.0 
10.0 10.0 
10.0 10.0 
10.0 10.0 
10.0 10.0 
10.0 10.0 
10.0 10.0 
10.0 10.0 
10.0 10.0 
10.0 10.0 
10.0 10.0 
10.0 10.0 
10.0 10.0 
10.0 10.0 73:1.0 
10.0 10.0 
10.0 10.0 
10.0 10.0 
10.0 10.0 40:1.0 
10.0 10.0 
10.0 10.0 
10.0 10.0 
10.0 10.0 
10.0 10.0 
10.0 10.0 
10.0 10.0 
10.0 10.0 
10.0 10.0 27:1.0 101:1.0 
10.0 10.0 
10.0 10.0 
10.0 10.0 
10.0 10.0 60:1.0 
10.0 10.0 
10.0 10.0 46:1.0 
10.0 10.0 
10.0 10.0 
10.0 10.0 
10.0 10.0 
10.0 10.0 
10.0 10.0 
10.0 10.0 
10.0 10.0 
10.0 10.0 
10.0 10.0 
10.0 10.0 1:1.0 101:1.0 
10.0 10.0 
10.0 10.0 
10.0 10.0 
10.0 10.0 
10.0 10.0 
10.0 10.0 
10.0 10.0 145:1.0 
10.0 10.0 
10.0 10.0 27:1.0 108:1.0 
10.0 10.0 
10.0 10.0 
10.0 10.0 
10.0 10.0 
10.0 10.0 119:1.0 
10.0 10.0 
10.0 10.0 
10.0 10.0 
10.0 10.0 
10.0 10.0 
10.0 10.0 
10.0 10.0 
10.0 10.0 
10.0 10.0 
10.0 10.0 
10.0 10.0 
10.0 10.0 
10.0 10.0 28:1.0 87:1.0 
10.0 10.0 
10.0 10.0 
10.0 10.0 
10.0 10.0 
10.0 10.0 
10.0 10.0 159:1.0 169:1.0 
10.0 10.0 
10.0 10.0 
10.0 10.0 
10.0 10.0 
10.0 10.0 
10.0 10.0 8:1.0 46:1.0 61:1.0 64:1.0 162:1.0 
10.0 10.0 27:1.0 
10.0 10.0 182:1.0 
10.0 10.0 
10.0 10.0 
10.0 10.0 
10.0 10.0 
10.0 10.0 22:1.0 46:1.0 64:1.0 
10.0 10.0 
10.0 10.0 
10.0 10.0 
10.0 10.0 
10.0 10.0 
10.0 10.0 
10.0 10.0 171:1.0 
10.0 10.0 
10.0 10.0 1:1.0 29:1.0 
10.0 10.0 
10.0 10.0 
10.0 10.0 141:1.0 
10.0 10.0 7:1.0 
10.0 10.0 85:1.0 
10.0 10.0 
10.0 10.0 
10.0 10.0 
9.918387559551249 9.94358695595206 128:1.0 137:1.0 154:1.0 194:1.0 202:1.0 221:1.0 
10.0 10.0 28:1.0 73:1.0 
10.0 10.0 
10.0 10.0 
10.0 10.0 
10.0 10.0 
10.0 10.0 
10.0 10.0 
10.0 10.0 
10.0 10.0 42:1.0 
10.0 10.0 7:1.0 
10.0 10.0 
10.0 10.0 1:1.0 101:1.0 
10.0 10.0 
10.0 10.0 
10.0 10.0 
10.0 10.0 
10.0 10.0 
10.0 10.0 
10.0 10.0 
10.0 10.0 
10.0 10.0 
10.0 10.0 
10.0 10.0 
10.0 10.0 
10.0 10.0 53:1.0 
10.0 10.0 
10.0 10.0 
10.0 10.0 
10.0 10.0 
10.0 10.0 100:1.0 
10.0 10.0 
10.0 10.0 
10.0 10.0 
10.0 10.0 164:1.0 
10.0 10.0 
10.0 10.0 
10.0 10.0 
10.0 5.20027574859509 67:1.0 94:1.0 124:1.0 148:1.0 167:1.0 187:1.0 204:1.0 207:1.0 218:1.0 
10.0 10.0 
10.0 10.0 100:1.0 
10.0 10.0 
10.0 10.0 
10.0 10.0 
10.0 10.0 
10.0 10.0 
10.0 10.0 40:1.0 
10.0 10.0 58:1.0 
10.0 10.0 
10.0 10.0 
10.0 10.0 
10.0 10.0 42:1.0 
10.0 10.0 
10.0 10.0 23:1.0 
10.0 10.0 76:1.0 167:1.0 197:1.0 
10.0 10.0 
10.0 10.0 118:1.0 
-0.03683740818736113 0.0 171:1.0 
-1.0197328700038732 0.02679014587748773 2:1.0 91:1.0 
-2.775767550505128 2.7409618307637644 121:1.0 
-0.0 10.0 78:1.0 
-10.0 10.0 142:1.0 
-0.0 0.03382941863535362 93:1.0 
-0.0 0.46108713485695146 116:1.0 159:1.0 
-0.0 2.623569991651025 85:1.0 
-0.0 2.6549193876247212 88:1.0 
-7.186396807412375 7.067131284984285 8:1.0 77:1.0 
-0.0 10.0 90:1.0 
-10.0 0.0 42:1.0 
-2.3025226190473598 0.0 127:1.0 
-10.0 10.0 4:1.0 
-0.7719390236619038 0.21888752591300747 15:1.0 102:1.0 
-0.0363378655442803 0.0 32:1.0 
-2.3856734935389414 2.1094929223183883 107:1.0 203:1.0 
-2.4694163978314543 10.0 11:1.0 
-2.582331684362866 10.0 162:1.0 173:1.0 
-2.3572172041180695 9.354895117493422 88:1.0 
-0.019960899364810592 0.0 134:1.0 
-0.0 2.0290458038092627 144:1.0 
-2.325012223116225 10.0 78:1.0 98:1.0 
-0.0 10.0 113:1.0 
-2.3561305896672917 10.0 90:1.0 
-0.0 10.0 34:1.0 66:1.0 76:1.0 193:1.0 
-10.0 0.0 170:1.0 
-1.6769672523669956 2.0871029691358927 20:1.0 179:1.0 186:1.0 196:1.0 
-2.355641100352865 10.0 17:1.0 
-10.0 1.9348862855180318 85:1.0 94:1.0 147:1.0 189:1.0 
-3.146075624422496 10.0 85:1.0 
-0.0 10.0 92:1.0 
-10.0 0.0 42:1.0 
-1.0673583669336428 2.1892298376226487 23:1.0 
-2.40142346729971 10.0 34:1.0 66:1.0 76:1.0 193:1.0 
-0.03698954299132653 0.0 22:1.0 82:1.0 
-0.0 10.0 113:1.0 
-0.02863503648139358 0.2983019527993511 152:1.0 
-10.0 2.1138779681097395 181:1.0 
-10.0 4.265845248382734 76:1.0 
-10.0 10.0 40:1.0 
-1.6534505959600894 10.0 185:1.0 
-0.0 10.0 38:1.0 
-0.03596813447316656 0.0 24:1.0 
-10.0 10.0 23:1.0 
-0.0 2.266585144348887 49:1.0 
-0.01828386388432289 0.0 143:1.0 
-10.0 8.721554073274396 14:1.0 43:1.0 67:1.0 
-0.0 2.782434442922636 21:1.0 
-0.018858125542312455 0.0 48:1.0 
-0.9828541882114974 10.0 93:1.0 
-0.11626587938620722 4.463309637224067 10:1.0 
-0.15917498117685702 0.0 65:1.0 179:1.0 
-1.184481489190744 10.0 30:1.0 95:1.0 113:1.0 123:1.0 199:1.0 
-6.168658681206924 0.0 101:1.0 165:1.0 
-10.0 10.0 100:1.0 
-0.7380880824014596 10.0 20:1.0 185:1.0 
-0.03652421582250425 10.0 131:1.0 
-10.0 4.2954177804737 16:1.0 
-0.015221940282227047 0.0 146:1.0 
-2.3560392418340528 10.0 153:1.0 
-0.0484195867297901 0.0 184:1.0 
-0.0 10.0 68:1.0 
-1.0747928256811654 10.0 124:1.0 
-1.3004025060465507 4.875288187505862 65:1.0 113:1.0 
-10.0 2.1579440637342318 7:1.0 128:1.0 137:1.0 154:1.0 194:1.0 202:1.0 221:1.0 
-0.0 10.0 125:1.0 
-0.0 10.0 78:1.0 
-0.7773236573818764 7.956964479377435 36:1.0 180:1.0 
-0.031244658544720125 2.8197481130798736 89:1.0 
-0.0 1.7978154353068203 15:1.0 178:1.0 
-10.0 0.0 67:1.0 
-0.0 10.0 38:1.0 99:1.0 149:1.0 
-2.329684139803385 10.0 33:1.0 104:1.0 
-2.391354187440274 2.1109169313012126 50:1.0 136:1.0 
-10.0 0.0 133:1.0 
-10.0 0.0 166:1.0 
-10.0 0.0 170:1.0 
-1.5630223885425385 1.5751198706431144 39:1.0 54:1.0 80:1.0 110:1.0 130:1.0 135:1.0 157:1.0 176:1.0 190:1.0 195:1.0 200:1.0 205:1.0 206:1.0 210:1.0 212:1.0 213:1.0 214:1.0 215:1.0 219:1.0 222:1.0 
-0.0 4.863079938869886 10:1.0 122:1.0 126:1.0 
-1.2727511130046567 9.320273870135422 21:1.0 
-5.731780571636996 4.637438979393383 72:1.0 122:1.0 138:1.0 
-8.37548722964683 10.0 25:1.0 
-0.05564325714597349 0.0 36:1.0 
-0.035960331946376545 1.773400579526261 159:1.0 
-0.0 1.2787198578481056 
-0.0 10.0 
-2.352586091784384 10.0 70:1.0 
-0.0 10.0 
-0.0 10.0 
-0.0 10.0 
-10.0 10.0 23:1.0 
-0.0 10.0 116:1.0 
-0.8881416299933678 2.6965225441238267 10:1.0 78:1.0 
-0.0 10.0 
-0.0 4.645205543925051 82:1.0 113:1.0 
-0.3836833895512671 5.692612225630886 63:1.0 140:1.0 151:1.0 
-0.0 10.0 
-0.0 10.0 
-10.0 2.8243876226790507 133:1.0 
-0.0 10.0 
-0.0 10.0 
-0.14664368373176073 10.0 179:1.0 186:1.0 196:1.0 
-0.0 10.0 
-0.0 10.0 
-0.0 10.0 
-0.0 10.0 
-0.0 2.822763399658898 3:1.0 
-0.03355113231345888 0.0 150:1.0 
-0.0 10.0 
-9.893037353906909 10.0 11:1.0 
-0.0 10.0 
-0.0 10.0 
-0.0 10.0 
-0.0 10.0 
-10.0 10.0 52:1.0 76:1.0 94:1.0 148:1.0 167:1.0 197:1.0 204:1.0 207:1.0 218:1.0 220:1.0 
-0.0 10.0 145:1.0 
-0.0 10.0 
-0.0 1.7146855750583467 152:1.0 178:1.0 
-0.0 10.0 
-0.0 10.0 
-0.0 10.0 
-0.0 10.0 
-0.0 10.0 
-0.0 10.0 
-0.0 10.0 
-0.0 0.03574914476482942 68:1.0 102:1.0 
-10.0 7.214982679974039 19:1.0 101:1.0 
-0.0 10.0 
-0.0 10.0 
-0.0 10.0 
-0.0 2.8620935354185852 62:1.0 
-0.0 10.0 
-0.0 10.0 150:1.0 173:1.0 
-0.0358627068570921 2.955000098733734 57:1.0 
-0.0 10.0 
-0.0 10.0 
-0.0 10.0 
-0.0 10.0 
-0.0 10.0 
-0.0 5.98482125013308 178:1.0 
-0.0 10.0 
-0.0 10.0 
-0.0 10.0 
-0.0 10.0 
-0.0 10.0 
-0.0 10.0 
-0.0 10.0 
-0.0 10.0 
-0.0 10.0 
-0.0 10.0 
-0.0 10.0 
-0.5724771962663443 0.0 39:1.0 54:1.0 80:1.0 110:1.0 135:1.0 157:1.0 176:1.0 190:1.0 200:1.0 210:1.0 212:1.0 214:1.0 
-0.0 10.0 158:1.0 
-0.0 10.0 
-0.0 10.0 
-0.864271347547659 1.333044837623557 132:1.0 
-2.339455143609202 7.165673169405052 149:1.0 155:1.0 
-2.4977210032224035 0.0 29:1.0 
-0.0 10.0 
-0.0 10.0 
-2.812457686136235 3.1241062978712106 118:1.0 
-0.0 10.0 
-0.0 10.0 
-0.0 10.0 
-0.0 10.0 
-0.0 10.0 
-0.0 10.0 
-0.0 10.0 96:1.0 
-0.0 10.0 
-0.0 10.0 102:1.0 
-0.0 10.0 
-0.0 10.0 
-0.0 10.0 
-2.355985904900259 9.167035798535002 3:1.0 
-0.0 10.0 
-0.0 10.0 
-0.0 10.0 
-0.035346447077682044 0.0 169:1.0 
-0.0 10.0 
-0.0 10.0 
-0.0 10.0 101:1.0 116:1.0 135:1.0 173:1.0 
-0.0 10.0 
-0.0 10.0 
-0.0 10.0 
-0.0 10.0 
-0.0 10.0 
-0.0 10.0 
-0.0 10.0 109:1.0 
-0.0 10.0 
-0.0 10.0 
-0.016163943417483468 0.0 117:1.0 156:1.0 209:1.0 
-2.3683801168425456 10.0 96:1.0 
-0.0 10.0 
-0.0 10.0 
-1.5857288239732454 0.8248867236798761 45:1.0 56:1.0 63:1.0 97:1.0 132:1.0 208:1.0 
-0.0 10.0 
-0.0 10.0 
-0.0 10.0 
-0.0 10.0 
-0.04454643743425009 0.0 191:1.0 
-0.0 10.0 
-0.0 10.0 
-6.274044287630404 10.0 142:1.0 
-0.0 10.0 
-0.0 10.0 
-0.0 10.0 
-0.0 10.0 
-0.0 10.0 
-0.0 10.0 
-0.0 10.0 
-1.778421148036636 2.1970525158723833 26:1.0 55:1.0 
-0.0 10.0 
-0.0 10.0 
-10.0 10.0 
-10.0 2.2098986378774317 99:1.0 
-0.0 2.175361744710938 68:1.0 
-10.0 10.0 
-10.0 10.0 
-0.03517744893852032 0.0 15:1.0 
-10.0 10.0 
-10.0 10.0 70:1.0 
-10.0 10.0 
-10.0 10.0 
-10.0 10.0 
-10.0 10.0 
-10.0 10.0 
-0.8384073142380478 9.972010235785937 144:1.0 
-9.771405627257518 9.930804855088592 42:1.0 
-10.0 10.0 
-10.0 10.0 
-10.0 10.0 
-10.0 10.0 
-10.0 0.0 101:1.0 
-1.0388580121646656 7.971709686394584 175:1.0 180:1.0 
-10.0 10.0 
-10.0 10.0 
-10.0 10.0 
-10.0 10.0 
-10.0 10.0 
-10.0 10.0 
-1.0960485569764877 0.0 21:1.0 175:1.0 
-10.0 10.0 
-10.0 10.0 
-10.0 10.0 23:1.0 
-10.0 10.0 
-2.389877540865346 7.115442824811623 125:1.0 170:1.0 
-6.422090849042546 10.0 
-10.0 10.0 145:1.0 
-0.03576456020608841 0.0 188:1.0 
-10.0 10.0 
-10.0 10.0 
-10.0 10.0 
-10.0 10.0 
-10.0 10.0 168:1.0 
-10.0 10.0 
-10.0 10.0 
-5.537071089438399 9.696025829954337 16:1.0 
-2.3545707735688546 10.0 126:1.0 
-10.0 10.0 
-0.2479698957974169 6.030919841171424 151:1.0 
-10.0 10.0 
-10.0 10.0 
-10.0 10.0 
-10.0 10.0 
-0.0 10.0 177:1.0 
-10.0 10.0 
-10.0 10.0 
-10.0 10.0 
-10.0 10.0 
-10.0 10.0 
-10.0 10.0 
-10.0 10.0 
-10.0 10.0 
-10.0 10.0 
-10.0 10.0 
-10.0 10.0 
-10.0 10.0 
-10.0 10.0 
-0.08082820756399929 0.0 30:1.0 123:1.0 199:1.0 
-10.0 10.0 
-10.0 10.0 
-0.1343311157813896 0.0 120:1.0 
-0.0 9.907870073040414 49:1.0 
-0.062428364267661754 0.0 139:1.0 
-10.0 10.0 
-10.0 10.0 
-10.0 10.0 
-10.0 10.0 
-10.0 10.0 
-10.0 10.0 
-10.0 10.0 
-10.0 10.0 
-10.0 10.0 
-10.0 10.0 
-10.0 10.0 
-10.0 10.0 
-0.0 2.2893218145644987 18:1.0 
-10.0 10.0 
-10.0 10.0 
-10.0 10.0 
-10.0 10.0 
-10.0 10.0 
-10.0 10.0 
-0.0 3.3556847937387144 191:1.0 
-10.0 10.0 
-1.9899231192834568 6.326882905143116 140:1.0 
-10.0 10.0 
-10.0 10.0 
-2.3195048544578967 9.957934178532529 159:1.0 
-10.0 10.0 
-10.0 10.0 
-0.0 10.0 178:1.0 
-10.0 10.0 
-10.0 10.0 
-0.09953167419515543 0.0 95:1.0 
-10.0 10.0 
-10.0 10.0 38:1.0 79:1.0 
-10.0 10.0 
-10.0 10.0 
-10.0 10.0 
-0.0 9.715336587732839 5:1.0 74:1.0 75:1.0 81:1.0 192:1.0 198:1.0 201:1.0 216:1.0 217:1.0 
-10.0 10.0 
-10.0 10.0 
-10.0 10.0 
-2.3624901723069827 2.094893549077228 83:1.0 
-10.0 10.0 
-10.0 10.0 
-10.0 10.0 
-0.0 4.900996655739876 48:1.0 
-0.0 10.0 152:1.0 
-10.0 10.0 
-10.0 10.0 
-10.0 10.0 
-10.0 10.0 
-10.0 10.0 
-10.0 10.0 
-10.0 10.0 
-10.0 7.114432052010613 6:1.0 51:1.0 
-10.0 10.0 
-10.0 10.0 
-2.4600640266369735 0.0 171:1.0 
-10.0 10.0 
-10.0 10.0 
-2.6279757314158516 0.0 134:1.0 
-10.0 10.0 
-4.6327284414553604 0.050399587721071726 124:1.0 165:1.0 
-10.0 10.0 
-10.0 10.0 
-10.0 10.0 
-0.3157048787781935 0.0 45:1.0 56:1.0 151:1.0 208:1.0 
-10.0 10.0 
-2.3195048544578634 9.160326733918362 57:1.0 
-10.0 10.0 
-0.7631020954576783 0.0 23:1.0 82:1.0 183:1.0 
-10.0 10.0 
-10.0 10.0 
-10.0 10.0 
-0.0 10.0 47:1.0 
-1.425498912511095 10.0 151:1.0 
-10.0 10.0 
-2.067563017298636 10.0 47:1.0 55:1.0 
-10.0 10.0 
-10.0 10.0 
-10.0 10.0 
-2.5214155302701946 10.0 68:1.0 141:1.0 
-9.904142402850654 10.0 70:1.0 
-0.0 8.102042662511655 44:1.0 129:1.0 
-0.0 10.0 37:1.0 
-10.0 10.0 
-10.0 10.0 
-9.859137807009615 2.107178482416 171:1.0 
-10.0 10.0 
-10.0 10.0 
-8.489076182045562 0.0 66:1.0 76:1.0 
-10.0 10.0 
-0.68307521201897 0.23719904958199717 139:1.0 
-0.0 0.023591676035262524 18:1.0 188:1.0 
-0.2483317451204553 10.0 47:1.0 
-10.0 10.0 
-2.261204430334468 10.0 44:1.0 
-10.0 10.0 
-9.327012806298855 7.516857878745565 85:1.0 
-10.0 10.0 
-10.0 10.0 
-10.0 10.0 
-0.0 10.0 136:1.0 
-10.0 10.0 61:1.0 172:1.0 
-10.0 10.0 
-10.0 10.0 
-10.0 10.0 
-0.0 2.509762996546392 146:1.0 
-10.0 10.0 
-10.0 10.0 
-0.0 4.950257517059941 184:1.0 
-10.0 10.0 
-10.0 10.0 
-10.0 10.0 
-10.0 10.0 
-10.0 10.0 
-10.0 10.0 
-10.0 10.0 
-10.0 10.0 
-10.0 10.0 
-2.326566993761409 10.0 152:1.0 
-0.035706224066156936 0.0 26:1.0 
-0.0 2.3758846034598493 120:1.0 
-0.0 10.0 120:1.0 
-10.0 10.0 
-2.319603001108898 2.0907658798947604 188:1.0 
-0.0 0.07238475275584592 179:1.0 
-10.0 10.0 
-10.0 10.0 
-10.0 10.0 
-10.0 10.0 
-6.964197776141136 8.0757126756327 16:1.0 129:1.0 187:1.0 
-10.0 10.0 
-10.0 10.0 
-10.0 10.0 
-2.3543464183923115 2.1092994709982875 143:1.0 
-8.40747207632874 10.0 124:1.0 
-10.0 10.0 
-10.0 10.0 
-10.0 9.265782023832884 133:1.0 
-10.0 10.0 
-10.0 10.0 
-10.0 10.0 
-10.0 10.0 
-10.0 10.0 
-10.0 10.0 
-10.0 10.0 
-10.0 10.0 
-10.0 10.0 
-10.0 10.0 
-0.029725763414860364 0.0 91:1.0 
-2.419733660801389 2.101502505117804 25:1.0 42:1.0 
-1.149812524294463 5.262927826627612 30:1.0 123:1.0 199:1.0 
-10.0 10.0 
-2.382344806724329 10.0 92:1.0 109:1.0 
-2.31946168907763 10.0 131:1.0 
-10.0 10.0 
-10.0 10.0 
-10.0 10.0 
-10.0 10.0 
-2.3791610656155053 2.108959442247255 59:1.0 145:1.0 
-10.0 10.0 
-10.0 10.0 
-0.0 0.07724833266573117 20:1.0 
-10.0 10.0 
-0.5953086131618153 6.101042607254812 45:1.0 56:1.0 63:1.0 97:1.0 208:1.0 
-10.0 0.0 55:1.0 
-10.0 10.0 
-1.3874570275086773 2.088949315356396 2:1.0 93:1.0 
-10.0 10.0 
-9.758435131250229 2.1130738814074608 29:1.0 
-10.0 10.0 
-10.0 9.910430780036497 124:1.0 
-10.0 10.0 
-10.0 10.0 
-10.0 10.0 
-10.0 10.0 
-2.392160405218849 10.0 112:1.0 115:1.0 
-10.0 10.0 
-10.0 10.0 
-1.3638530688057333 10.0 10:1.0 
-10.0 10.0 
-10.0 10.0 
-2.3266850030657853 9.29951996503424 89:1.0 
-10.0 10.0 
-10.0 10.0 
-10.0 10.0 
-10.0 10.0 
-10.0 10.0 
-10.0 10.0 
-2.3856724710950203 10.0 13:1.0 
-10.0 10.0 
-10.0 10.0 
-10.0 10.0 
-2.641115174992004 0.0 169:1.0 
-0.2763527544576802 0.0 23:1.0 175:1.0 
-10.0 10.0 
-10.0 10.0 
-10.0 10.0 
-10.0 10.0 
-10.0 10.0 
-10.0 10.0 
-10.0 10.0 
-10.0 10.0 
-2.319845387764088 7.156449565081698 184:1.0 
-10.0 10.0 
-10.0 10.0 
-10.0 10.0 
-2.8767187923894406 0.0 32:1.0 
-0.017988813589787735 10.0 30:1.0 
-10.0 10.0 
-10.0 10.0 
-10.0 10.0 
-10.0 10.0 
-10.0 10.0 
-10.0 10.0 
-10.0 10.0 
-10.0 10.0 
-10.0 10.0 
-10.0 10.0 
-10.0 10.0 
-10.0 10.0 
-0.027380151969434257 10.0 82:1.0 126:1.0 
-10.0 10.0 
-10.0 10.0 
-10.0 10.0 
-10.0 10.0 
-10.0 10.0 
-10.0 10.0 
-10.0 10.0 
-10.0 10.0 
-10.0 10.0 
-0.0 2.2116148732521963 112:1.0 
-10.0 10.0 
-10.0 10.0 
-10.0 10.0 
-10.0 10.0 
-10.0 10.0 
-10.0 10.0 
-10.0 10.0 
-10.0 10.0 
-10.0 10.0 105:1.0 124:1.0 
-10.0 10.0 
-10.0 10.0 
-10.0 10.0 
-10.0 10.0 
-10.0 10.0 
-10.0 10.0 
-10.0 10.0 
-0.038370391093697345 0.0 86:1.0 
-10.0 10.0 
-10.0 10.0 
-10.0 10.0 
-10.0 10.0 
-10.0 10.0 
-10.0 10.0 
-10.0 10.0 
-10.0 10.0 
-10.0 3.158913874890106 32:1.0 
-10.0 10.0 
-10.0 10.0 
-10.0 10.0 
-10.0 10.0 
-9.57918294214846 2.1063608786120556 169:1.0 
-10.0 10.0 
-10.0 10.0 
-0.0 10.0 43:1.0 
-0.5469292188315047 10.0 179:1.0 186:1.0 196:1.0 
-0.0 0.030442998131411464 159:1.0 178:1.0 
-10.0 10.0 
-10.0 10.0 
-0.0 4.473836122178752 86:1.0 
-10.0 10.0 
-9.620870862219713 2.117797112016851 134:1.0 
-10.0 10.0 
-0.0 9.88960263405586 72:1.0 
-1.5606879706212955 2.077159780027073 116:1.0 165:1.0 
-0.0 10.0 125:1.0 
-10.0 10.0 
-2.34946695642543 7.209176999922865 48:1.0 
-10.0 10.0 
-10.0 10.0 
-10.0 10.0 
-10.0 10.0 
-2.6281425898717075 2.5442061565367076 103:1.0 
-1.48349490789244 2.445932374897528 39:1.0 54:1.0 80:1.0 176:1.0 190:1.0 210:1.0 
-0.6441513116691417 9.513506101579338 120:1.0 
-0.5621368299837087 9.728706993519399 26:1.0 
-0.10074629783468711 0.0 44:1.0 155:1.0 
-1.561491122981969 0.0 36:1.0 37:1.0 144:1.0 
-10.0 10.0 
-2.418982017811134 2.039035813793556 24:1.0 
-10.0 10.0 
-9.442752184185267 8.956933563108922 32:1.0 
-10.0 10.0 
-10.0 10.0 
-10.0 5.1098553842761545 147:1.0 189:1.0 
-10.0 10.0 
-0.8891482000885835 9.569297718634784 37:1.0 65:1.0 116:1.0 
-9.83666069843897 1.401302463571213 22:1.0 141:1.0 
-10.0 10.0 
-10.0 10.0 
-10.0 10.0 
-0.5870176303994039 10.0 180:1.0 
-10.0 10.0 
-10.0 10.0 
-10.0 10.0 
-10.0 10.0 
-0.0 10.0 163:1.0 
-10.0 10.0 
-10.0 10.0 
-9.956587187170989 2.115782926278577 127:1.0 
-10.0 10.0 
-10.0 10.0 
-0.027394952658513404 0.0 69:1.0 
-10.0 10.0 
-10.0 10.0 
-2.31997015789473 7.63565725440011 86:1.0 
-10.0 10.0 
-10.0 10.0 
-0.0 2.2057049008476173 109:1.0 
-10.0 10.0 
-8.563576270229216 0.0 55:1.0 
-10.0 10.0 
-10.0 10.0 139:1.0 
-10.0 10.0 
-10.0 10.0 
-10.0 10.0 
-10.0 10.0 
-10.0 10.0 
-10.0 10.0 87:1.0 159:1.0 
-10.0 10.0 
-10.0 10.0 
-10.0 10.0 
-10.0 10.0 
-10.0 10.0 
-10.0 10.0 
-10.0 10.0 
-2.3561305896672557 10.0 177:1.0 
-10.0 10.0 
-10.0 10.0 
-10.0 10.0 
-10.0 10.0 
-10.0 10.0 
-10.0 10.0 
-10.0 10.0 
-10.0 10.0 
-1.6192023080184752 2.11584743799899 183:1.0 
-10.0 10.0 
-10.0 10.0 
-10.0 10.0 
-10.0 10.0 
-10.0 10.0 
-10.0 9.814428290252758 23:1.0 
-10.0 10.0 
-0.0 10.0 115:1.0 
-10.0 10.0 
-10.0 10.0 
-10.0 10.0 
-10.0 10.0 
-10.0 10.0 
-10.0 10.0 
-0.1092566495838582 10.0 104:1.0 124:1.0 
-10.0 10.0 
-10.0 10.0 
-10.0 10.0 
-10.0 10.0 
-10.0 10.0 
-2.356213460515166 9.250746667300646 62:1.0 
-10.0 10.0 
-10.0 10.0 
-10.0 10.0 
-10.0 10.0 
-10.0 10.0 
-10.0 10.0 
-10.0 10.0 
-10.0 10.0 
-10.0 10.0 
-10.0 10.0 
-1.5729552534113924 0.1056121857021549 15:1.0 
-10.0 10.0 
-10.0 7.854468014962026 76:1.0 
-10.0 10.0 
-0.0 10.0 178:1.0 
-10.0 10.0 
-10.0 10.0 
-10.0 10.0 
-1.6203060208054534 0.0 25:1.0 82:1.0 120:1.0 
-0.0 5.29734748469948 69:1.0 
-10.0 10.0 59:1.0 
-10.0 10.0 
-10.0 10.0 
-10.0 10.0 
-10.0 10.0 
-10.0 10.0 
-1.6364207860244644 1.8743872468998792 102:1.0 139:1.0 
-10.0 10.0 
-10.0 10.0 
-10.0 10.0 
-10.0 10.0 
-10.0 10.0 
-10.0 10.0 
-10.0 10.0 
-10.0 10.0 
-10.0 10.0 
-10.0 10.0 
-9.741390714692704 9.468438784955241 103:1.0 
-1.1215659689872959 2.4906290019746393 95:1.0 
-10.0 10.0 
-10.0 10.0 
-10.0 10.0 
-10.0 10.0 
-10.0 10.0 
-2.4053603440534372 1.4165047721755277 22:1.0 163:1.0 
-9.579361979593152 9.347805560502986 121:1.0 
-2.3195344039040755 8.75964203891336 191:1.0 
-10.0 10.0 
-10.0 10.0 
-10.0 10.0 
-10.0 10.0 
-10.0 10.0 
-10.0 10.0 
-10.0 10.0 
-10.0 10.0 60:1.0 
-10.0 10.0 
-2.3338823352071603 6.820350909003462 69:1.0 
-10.0 10.0 
-10.0 10.0 
-10.0 10.0 
-10.0 10.0 
-10.0 10.0 
-10.0 0.07559420298670247 24:1.0 166:1.0 
-10.0 10.0 
-10.0 10.0 
-10.0 10.0 
-10.0 10.0 
-10.0 10.0 
-10.0 10.0 
-9.96691415769059 10.0 47:1.0 
-10.0 10.0 
-10.0 10.0 
-10.0 10.0 
-10.0 10.0 
-10.0 10.0 
-10.0 10.0 
-10.0 10.0 
-10.0 10.0 
-10.0 10.0 
-10.0 10.0 
-10.0 10.0 
-10.0 10.0 
-10.0 10.0 
-10.0 10.0 
-10.0 10.0 
-9.002580982782378 10.0 18:1.0 53:1.0 111:1.0 
-0.0 7.6818945063336646 72:1.0 
-10.0 10.0 
-10.0 10.0 
-0.0 10.0 178:1.0 
-10.0 10.0 
-0.9430726942710417 0.0 39:1.0 80:1.0 110:1.0 130:1.0 135:1.0 176:1.0 190:1.0 195:1.0 200:1.0 205:1.0 206:1.0 210:1.0 213:1.0 215:1.0 219:1.0 222:1.0 
-10.0 10.0 
-10.0 10.0 
-10.0 10.0 
-10.0 10.0 
-10.0 10.0 
-10.0 10.0 
-9.543351155982753 8.991676628407303 118:1.0 
-2.4767424083860883 2.4607531261414044 5:1.0 74:1.0 75:1.0 81:1.0 192:1.0 198:1.0 201:1.0 216:1.0 217:1.0 
-10.0 10.0 
-10.0 10.0 
-10.0 10.0 
-10.0 10.0 
-10.0 10.0 
-1.3219634634248718 2.0890202155609083 91:1.0 
-10.0 10.0 
-10.0 10.0 
-0.0 9.515353490363413 78:1.0 
-10.0 9.806859148882673 166:1.0 
-10.0 10.0 
-10.0 10.0 
-2.351483365016702 9.503825918981024 146:1.0 
-10.0 10.0 
-2.397587130910395 10.0 41:1.0 160:1.0 211:1.0 
-10.0 10.0 
-10.0 10.0 
-2.355178085305716 10.0 158:1.0 
-10.0 10.0 
-10.0 10.0 
-2.3897560240701776 2.1177743790653833 117:1.0 156:1.0 209:1.0 
-10.0 10.0 
-10.0 10.0 
-10.0 10.0 
-10.0 10.0 
-10.0 10.0 
-10.0 10.0 
-10.0 10.0 
-2.355562185954181 9.84167726928038 49:1.0 
-2.324378529296899 2.090000251991639 150:1.0 
-10.0 10.0 
-10.0 10.0 
-10.0 10.0 
-10.0 10.0 
-10.0 10.0 
-10.0 10.0 
-10.0 0.0 50:1.0 
-7.413696495665011 2.3428889320837314 124:1.0 
-10.0 10.0 
-10.0 10.0 
-10.0 10.0 
-10.0 10.0 
-10.0 10.0 
-2.8954742663828834 10.0 
-0.0 10.0 
-0.0 10.0 
-0.0 10.0 
-9.320315347198902 10.0 78:1.0 162:1.0 
-0.0 10.0 
-6.051022090673742 0.0 101:1.0 142:1.0 
-0.0 10.0 
-0.0 10.0 
-0.0 10.0 
-7.4351496837801365 2.233263182523495 166:1.0 178:1.0 
-0.0 10.0 
-0.0 10.0 
-0.0 10.0 
-0.0 10.0 
-0.0 10.0 
-0.0 10.0 
-0.0 -10.0 
-0.0 -10.0 
-0.0 -10.0 
-0.0 -10.0 
-10.0 -10.0 28:1.0 
-0.0 -10.0 
-0.0 -10.0 
-0.0 -10.0 125:1.0 
-10.0 -10.0 19:1.0 
-0.0 -10.0 
-0.0 -10.0 
-0.0 -10.0 
-0.0 -10.0 
-0.0 -10.0 
-0.0 -10.0 
-0.0 -10.0 
-10.0 -10.0 79:1.0 
-0.0 -10.0 
-10.0 -10.0 53:1.0 103:1.0 
-0.0 -10.0 
-0.0 -10.0 
-0.0 -10.0 
-0.0 -10.0 185:1.0 
-0.0 -10.0 173:1.0 
-10.0 -10.0 31:1.0 
-0.0 -10.0 
-0.0 -10.0 68:1.0 
-0.0 -10.0 
-0.0 -10.0 
-0.0 -10.0 
-0.0 -10.0 
-0.0 -10.0 
-0.0 -10.0 
-0.0 -10.0 
-0.0 -10.0 
-3.26091102708238 -10.0 11:1.0 
-0.0 -10.0 
-0.0 -10.0 
-0.0 -10.0 
-0.0 -10.0 
-0.0 -10.0 
-2.9371783617653935 -10.0 191:1.0 
-7.798847359058131 -10.0 23:1.0 120:1.0 
-0.0 -10.0 
-0.0 -10.0 98:1.0 
-0.0 -10.0 
-0.0 -10.0 
-0.0 -10.0 
-0.0 -10.0 
-0.0 -10.0 111:1.0 
-0.0 -10.0 
-3.2772150423497184 -10.0 145:1.0 
-0.0 -10.0 
-0.0 -10.0 
-0.0 -10.0 
-0.0 -10.0 
-10.0 -10.0 164:1.0 168:1.0 
-0.0 -10.0 
-0.0 -10.0 
-10.0 -10.0 
-10.0 -10.0 
-0.0 -10.0 126:1.0 
-10.0 -10.0 
-10.0 -10.0 
-10.0 -10.0 
-10.0 -10.0 
-10.0 -10.0 
-0.14689074225754267 -8.707182223337494 35:1.0 173:1.0 
-10.0 -10.0 
-10.0 -10.0 
-10.0 -10.0 
-10.0 -10.0 
-9.654933777580208 -10.0 11:1.0 
-10.0 -10.0 
-10.0 -10.0 
-10.0 -10.0 
-10.0 -10.0 
-10.0 -10.0 
-10.0 -10.0 
-10.0 -10.0 
-0.0 -10.0 17:1.0 
-2.8926130057845625 -10.0 35:1.0 146:1.0 
-10.0 -10.0 
-2.6228092672359047 -10.0 162:1.0 
-10.0 -10.0 
-10.0 -10.0 
-10.0 -10.0 
-10.0 -10.0 
-3.0761080804517054 -10.0 159:1.0 
-0.0 -10.0 96:1.0 
-10.0 -10.0 
-10.0 -10.0 
-10.0 -10.0 
-0.0 -10.0 47:1.0 
-10.0 -10.0 
-10.0 -10.0 13:1.0 14:1.0 
-0.0 -10.0 43:1.0 
-0.0 -10.0 92:1.0 
-2.9158343462008647 -10.0 52:1.0 
-10.0 -10.0 
-10.0 -10.0 
-10.0 -10.0 
-0.0 -10.0 30:1.0 33:1.0 113:1.0 
-10.0 -10.0 
-2.9420304534858657 -10.0 86:1.0 
-10.0 -10.0 
-2.9257548279309167 -10.0 69:1.0 
-2.9162308530262 -10.0 102:1.0 
-10.0 -10.0 
-10.0 -10.0 
-10.0 -10.0 
-10.0 -10.0 
-10.0 -10.0 
-10.0 -10.0 
-8.404012118300903 -10.0 26:1.0 55:1.0 113:1.0 
-10.0 -10.0 
-10.0 -10.0 
-10.0 -10.0 
-10.0 -10.0 
-0.0 -10.0 38:1.0 
-0.0 -10.0 78:1.0 
-9.761585315433432 -10.0 159:1.0 
-0.0 -10.0 173:1.0 
-2.916273575821086 -10.0 48:1.0 
-10.0 -10.0 
-10.0 -10.0 16:1.0 187:1.0 
-10.0 -10.0 
-10.0 -10.0 
-10.0 -10.0 
-10.0 -10.0 
-10.0 -10.0 
-10.0 -10.0 
-3.1456980915382546 -10.0 142:1.0 
-10.0 -10.0 
-10.0 -10.0 
-10.0 -10.0 
-10.0 -10.0 
-10.0 -10.0 
-1.5631558526503824 -10.0 47:1.0 
-10.0 -10.0 
-10.0 -10.0 
-10.0 -10.0 
-10.0 -10.0 
-10.0 -10.0 44:1.0 164:1.0 
-10.0 -10.0 
-10.0 -10.0 
-10.0 -10.0 166:1.0 
-10.0 -10.0 
-10.0 -10.0 
-0.0 -10.0 44:1.0 
-10.0 -10.0 
-0.0 -10.0 41:1.0 160:1.0 211:1.0 
-0.0 -10.0 78:1.0 
-10.0 -10.0 
-2.934798656217251 -10.0 104:1.0 
-10.0 -10.0 
-10.0 -10.0 
-0.0 -10.0 72:1.0 
-10.0 -10.0 
-10.0 -10.0 
-10.0 -10.0 
-10.0 -10.0 
-10.0 -10.0 
-10.0 -10.0 
-2.915952068329333 -10.0 93:1.0 
-0.0 -10.0 49:1.0 
-10.0 -10.0 
-2.477434678864043 -10.0 97:1.0 
-10.0 -10.0 
-10.0 -10.0 
-10.0 -10.0 59:1.0 
-7.958506026143728 -10.0 33:1.0 138:1.0 
-10.0 -10.0 
-10.0 -10.0 
-0.17738042518885205 -10.0 34:1.0 76:1.0 193:1.0 
-10.0 -10.0 
-0.0 -10.0 124:1.0 
-10.0 -10.0 
-10.0 -10.0 
-10.0 -10.0 
-10.0 -10.0 
-0.0 -10.0 13:1.0 144:1.0 
-10.0 -10.0 
-9.902779905968634 -10.0 162:1.0 
-10.0 -10.0 58:1.0 
-10.0 -10.0 
-2.7454555431601473 -10.0 71:1.0 149:1.0 
-10.0 -10.0 
-7.8026969078873165 -10.0 124:1.0 
-10.0 -10.0 
-10.0 -10.0 
-10.0 -10.0 
-10.0 -10.0 
-10.0 -10.0 
-0.0 -10.0 126:1.0 
-10.0 -10.0 64:1.0 
-10.0 -10.0 
-10.0 -10.0 
-0.0 -10.0 119:1.0 
-10.0 -10.0 
-10.0 -10.0 
-10.0 -10.0 
-0.0 -10.0 179:1.0 186:1.0 196:1.0 
-10.0 -10.0 47:1.0 58:1.0 172:1.0 
-0.0 -10.0 125:1.0 
-10.0 -10.0 
-10.0 -10.0 
-2.9165071933444855 -10.0 82:1.0 
-10.0 -10.0 
-10.0 -10.0 70:1.0 141:1.0 
-10.0 -10.0 
-10.0 -10.0 
-0.0 -10.0 38:1.0 
-10.0 -10.0 
-10.0 -10.0 
-10.0 -10.0 
-10.0 -10.0 
-10.0 -10.0 27:1.0 108:1.0 
-0.0 -10.0 35:1.0 
-0.46217411076177717 -10.0 17:1.0 97:1.0 178:1.0 180:1.0 
-10.0 -10.0 
-10.0 -10.0 
-10.0 -10.0 
-10.0 -10.0 
-0.0 -10.0 153:1.0 
-10.0 -10.0 
-10.0 -10.0 
-10.0 -10.0 
-10.0 -10.0 
-10.0 -10.0 
-10.0 -10.0 
-10.0 -10.0 
-10.0 -10.0 
-10.0 -10.0 
-0.0 -10.0 9:1.0 
-10.0 -10.0 
-10.0 -10.0 
-10.0 -10.0 85:1.0 
-10.0 -10.0 
-10.0 -10.0 
-10.0 -10.0 
-10.0 -10.0 
-2.9486401795276302 -10.0 49:1.0 115:1.0 
-0.0 -10.0 152:1.0 
-10.0 -10.0 
-10.0 -10.0 
-10.0 -10.0 
-10.0 -10.0 
-10.0 -10.0 
-10.0 -10.0 
-10.0 -10.0 
-10.0 -10.0 
-2.916230853026386 -10.0 92:1.0 
-1.5014168808931532 -10.0 47:1.0 180:1.0 
-10.0 -10.0 
-10.0 -10.0 
-10.0 -10.0 
-10.0 -10.0 
-10.0 -10.0 
-3.794086199944468 -10.0 71:1.0 79:1.0 113:1.0 
-0.0 -10.0 173:1.0 
-0.0 -10.0 70:1.0 
-10.0 -10.0 
-2.966423143446371 -10.0 78:1.0 
-10.0 -10.0 
-10.0 -10.0 
-10.0 -10.0 
-10.0 -10.0 105:1.0 
-10.0 -10.0 
-2.4849291744841318 -10.0 17:1.0 
-10.0 -10.0 
-10.0 -10.0 
-0.0 -10.0 98:1.0 
-10.0 -10.0 
-10.0 -10.0 6:1.0 
-10.0 -10.0 
-10.0 -10.0 
-10.0 -10.0 
-10.0 -10.0 
-10.0 -10.0 
-10.0 -10.0 
-10.0 -10.0 
-10.0 -10.0 
-10.0 -10.0 
-10.0 -10.0 
-10.0 -10.0 
-10.0 -10.0 
-10.0 -10.0 
-10.0 -10.0 
-10.0 -10.0 
-10.0 -10.0 
-10.0 -10.0 
-2.7292497617678704 -10.0 150:1.0 178:1.0 
-10.0 -10.0 
-10.0 -10.0 
-10.0 -10.0 
-10.0 -10.0 12:1.0 
-10.0 -10.0 
-10.0 -10.0 
-2.9165071933444606 -10.0 21:1.0 
-10.0 -10.0 
-10.0 -10.0 
-2.9506217136627564 -10.0 19:1.0 88:1.0 
-0.0 -10.0 178:1.0 
-10.0 -10.0 
-10.0 -10.0 
-10.0 -10.0 
-10.0 -10.0 
-10.0 -10.0 
-10.0 -10.0 
-10.0 -10.0 
-10.0 -10.0 
-10.0 -10.0 
-10.0 -10.0 
-0.0 -10.0 173:1.0 
-10.0 -10.0 87:1.0 
-10.0 -10.0 139:1.0 
-2.9159520683293105 -10.0 125:1.0 
-10.0 -10.0 
-3.376219246995125 -10.0 70:1.0 
-2.9936095966132887 -10.0 30:1.0 41:1.0 123:1.0 160:1.0 199:1.0 211:1.0 
-0.2069928280756207 -10.0 149:1.0 
-2.916432479497763 -10.0 18:1.0 
-10.0 -10.0 
-10.0 -10.0 
-10.0 -10.0 
-10.0 -10.0 
-10.0 -10.0 
-2.9158650901847776 -10.0 126:1.0 
-0.0 -10.0 9:1.0 
-2.955716522216242 -10.0 20:1.0 185:1.0 
-10.0 -10.0 
-2.9377507167275927 -10.0 129:1.0 
-10.0 -10.0 
-10.0 -10.0 
-10.0 -10.0 
-10.0 -10.0 
-0.0 -10.0 98:1.0 
-10.0 -10.0 
-0.0 -10.0 78:1.0 98:1.0 
-2.9160912273446886 -10.0 57:1.0 
-10.0 -10.0 
-10.0 -10.0 
-10.0 -10.0 
-10.0 -10.0 
-10.0 -10.0 
-10.0 -10.0 
-10.0 -10.0 
-10.0 -10.0 
-10.0 -10.0 
-10.0 -10.0 
-10.0 -10.0 
-0.0 -10.0 37:1.0 
-10.0 -10.0 
-10.0 -10.0 
-10.0 -10.0 34:1.0 76:1.0 193:1.0 
-10.0 -10.0 
-10.0 -10.0 
-10.0 -10.0 
-10.0 -10.0 
-10.0 -10.0 164:1.0 
-2.9801100898180355 -10.0 179:1.0 186:1.0 196:1.0 
-10.0 -10.0 
-10.0 -10.0 
-10.0 -10.0 
-10.0 -10.0 
-10.0 -10.0 
-10.0 -10.0 
-10.0 -10.0 
-10.0 -10.0 124:1.0 
-10.0 -10.0 87:1.0 100:1.0 174:1.0 
-10.0 -10.0 
-10.0 -10.0 60:1.0 
-10.0 -10.0 
-0.0 -10.0 13:1.0 
-0.0 -10.0 30:1.0 33:1.0 
-10.0 -10.0 
-8.012906520894608 -10.0 87:1.0 152:1.0 
-10.0 -10.0 142:1.0 
-10.0 -10.0 
-9.991465782696599 -10.0 78:1.0 
-10.0 -10.0 
-10.0 -10.0 
-10.0 -10.0 
-0.0 -10.0 106:1.0 
-10.0 -10.0 
-10.0 -10.0 
-10.0 -10.0 
-10.0 -10.0 
-10.0 -10.0 
-10.0 -10.0 76:1.0 177:1.0 
-2.937051398048168 -10.0 163:1.0 
-10.0 -10.0 
-10.0 -10.0 
-10.0 -10.0 
-10.0 -10.0 
-10.0 -10.0 
-10.0 -10.0 
-10.0 -10.0 
-10.0 -10.0 
-10.0 -10.0 
-10.0 -10.0 
-10.0 -10.0 
-10.0 -10.0 10:1.0 147:1.0 182:1.0 
-10.0 -10.0 
-10.0 -10.0 
-0.0 -10.0 173:1.0 
-10.0 -10.0 98:1.0 114:1.0 
-10.0 -10.0 
-0.0 -10.0 109:1.0 
-2.9816663333552595 -10.0 63:1.0 140:1.0 151:1.0 
-10.0 -10.0 
-10.0 -10.0 
-10.0 -10.0 
-10.0 -10.0 
-10.0 -10.0 
-10.0 -10.0 
-10.0 -10.0 
-0.0 -10.0 61:1.0 
-10.0 -10.0 
-10.0 -10.0 
-10.0 -10.0 
-10.0 -10.0 
-10.0 -10.0 
-3.442849388910841 -10.0 119:1.0 
-0.0 -10.0 111:1.0 116:1.0 
-10.0 -10.0 
-2.8437699375077585 -10.0 61:1.0 
-10.0 -10.0 
-10.0 -10.0 
-10.0 -10.0 
-10.0 -10.0 
-10.0 -10.0 
-10.0 -10.0 
-10.0 -10.0 
-3.059968589656203 -10.0 16:1.0 177:1.0 
-10.0 -10.0 
-0.0 -10.0 115:1.0 
-10.0 -10.0 
-10.0 -10.0 
-10.0 -10.0 
-10.0 -10.0 124:1.0 
-10.0 -10.0 
-10.0 -10.0 
-10.0 -10.0 
-10.0 -10.0 
-10.0 -10.0 
-10.0 -10.0 
-10.0 -10.0 40:1.0 106:1.0 
-2.9370211990764363 -10.0 112:1.0 
-10.0 -10.0 
-9.494171810165629 -10.0 119:1.0 
-10.0 -10.0 
-10.0 -10.0 
-10.0 -10.0 
-10.0 -10.0 
-10.0 -10.0 
-10.0 -10.0 
-10.0 -10.0 
-10.0 -10.0 
-0.0 -10.0 38:1.0 
-10.0 -10.0 
-0.0 -10.0 158:1.0 
-10.0 -10.0 
-10.0 -10.0 
-10.0 -10.0 23:1.0 
-10.0 -10.0 
-1.0093056543408148 -10.0 180:1.0 
-10.0 -10.0 
-0.0 -10.0 41:1.0 160:1.0 211:1.0 
-10.0 -10.0 
-10.0 -10.0 
-10.0 -10.0 
-0.06722576444668679 -10.0 41:1.0 160:1.0 211:1.0 
-10.0 -10.0 
-9.836022059577962 -10.0 124:1.0 
-10.0 -10.0 
-10.0 -10.0 
-10.0 -10.0 121:1.0 
-10.0 -10.0 
-10.0 -10.0 
-10.0 -10.0 
-10.0 -10.0 
-0.0 -10.0 90:1.0 
-10.0 -10.0 
-10.0 -10.0 
-10.0 -10.0 
-10.0 -10.0 
-10.0 -10.0 
-10.0 -10.0 
-10.0 -10.0 
-10.0 -10.0 
-10.0 -10.0 
-10.0 -10.0 
-2.9162735758211733 -10.0 68:1.0 
-10.0 -10.0 
-10.0 -10.0 
-0.0 -10.0 111:1.0 
-10.0 -10.0 
-10.0 -10.0 46:1.0 131:1.0 
-10.0 -10.0 
-2.9576795376062663 -10.0 38:1.0 
-10.0 -10.0 
-10.0 -10.0 42:1.0 158:1.0 
-10.0 -10.0 
-9.697572889494486 -10.0 61:1.0 
-10.0 -10.0 
-10.0 -10.0 
-10.0 -10.0 
-0.0 -10.0 113:1.0 
-10.0 -10.0 27:1.0 
-10.0 -10.0 
-10.0 -10.0 
-10.0 -10.0 
-10.0 -10.0 
-0.0 -10.0 173:1.0 
-10.0 -10.0 
-0.0 -10.0 178:1.0 
-0.0 -10.0 173:1.0 
-10.0 -10.0 34:1.0 76:1.0 94:1.0 148:1.0 167:1.0 193:1.0 197:1.0 204:1.0 207:1.0 218:1.0 220:1.0 
-10.0 -10.0 
-0.0 -10.0 65:1.0 104:1.0 116:1.0 151:1.0 
-10.0 -10.0 
-10.0 -10.0 
-10.0 -10.0 
-10.0 -10.0 
-10.0 -10.0 
-10.0 -10.0 133:1.0 
-10.0 -10.0 
-7.851367877887786 -10.0 8:1.0 182:1.0 
-10.0 -10.0 
-10.0 -10.0 
-3.0710847112245787 -10.0 5:1.0 74:1.0 75:1.0 81:1.0 192:1.0 198:1.0 201:1.0 216:1.0 217:1.0 
-10.0 -10.0 
-10.0 -10.0 
-10.0 -10.0 
-10.0 -10.0 
-10.0 -10.0 
-10.0 -10.0 
-10.0 -10.0 
-10.0 -10.0 
-10.0 -10.0 
-10.0 -10.0 
-10.0 -10.0 
-10.0 -10.0 
-9.659706368020673 -10.0 145:1.0 
-10.0 -10.0 
-10.0 -10.0 
-10.0 -10.0 
-10.0 -10.0 
-10.0 -10.0 
-10.0 -10.0 
-2.9158343462008944 -10.0 136:1.0 
-2.925667914143832 -10.0 37:1.0 
-10.0 -10.0 
-10.0 -10.0 
-10.0 -10.0 
-10.0 -10.0 
-10.0 -10.0 
-10.0 -10.0 
-2.937080155122315 -10.0 111:1.0 
-10.0 -10.0 
-10.0 -10.0 
-10.0 -10.0 
-10.0 -10.0 
-10.0 -10.0 
-10.0 -10.0 
-10.0 -10.0 190:1.0 
-10.0 -10.0 
-10.0 -10.0 
-2.7733125540080446 -10.0 173:1.0 
-10.0 -10.0 
-10.0 -10.0 
-10.0 -10.0 
-2.9369214103704584 -10.0 89:1.0 
-10.0 -10.0 
-2.930678683905184 -10.0 184:1.0 
-9.539625557667295 -10.0 70:1.0 
-10.0 -10.0 
-10.0 -10.0 
-10.0 -10.0 
-10.0 -10.0 
-10.0 -10.0 
-10.0 -10.0 
-10.0 -10.0 
-10.0 -10.0 
-10.0 -10.0 
-2.9160912273447663 -10.0 72:1.0 
-7.901422724972094 -10.0 43:1.0 99:1.0 
-10.0 -10.0 32:1.0 
-10.0 -10.0 
-7.851031424419688 -10.0 85:1.0 116:1.0 
-10.0 -10.0 
-10.0 -10.0 
-10.0 -10.0 
-10.0 -10.0 
-10.0 -10.0 
-10.0 -10.0 
-10.0 -10.0 23:1.0 
-10.0 -10.0 118:1.0 
-10.0 -10.0 
-10.0 -10.0 
-10.0 -10.0 31:1.0 
-10.0 -10.0 
-10.0 -10.0 98:1.0 114:1.0 
-10.0 -10.0 
-10.0 -10.0 
-10.0 -10.0 
-10.0 -10.0 23:1.0 
-10.0 -10.0 
-10.0 -10.0 
-10.0 -10.0 
-10.0 -10.0 
-10.0 -10.0 
-10.0 -10.0 
-10.0 -10.0 
-10.0 -10.0 
-10.0 -10.0 
-0.0 -10.0 10:1.0 
-10.0 -10.0 
-10.0 -10.0 
-10.0 -10.0 
-10.0 -10.0 
-10.0 -10.0 
-10.0 -10.0 
-10.0 -10.0 
-10.0 -10.0 4:1.0 
-10.0 -10.0 
-2.9158650901846634 -10.0 109:1.0 
-10.0 -10.0 
-2.9370513980481125 -10.0 96:1.0 
-10.0 -10.0 
-2.9398835223223823 -10.0 90:1.0 
-2.9370801551220738 -10.0 95:1.0 
-10.0 -10.0 
-0.0 -10.0 131:1.0 
-10.0 -10.0 
-10.0 -10.0 
-10.0 -10.0 
-10.0 -10.0 
-10.0 -10.0 
-10.0 -10.0 
-10.0 -10.0 
-6.506592459315504 -10.0 71:1.0 
-10.0 -10.0 25:1.0 
-10.0 -10.0 
-10.0 -10.0 
-0.0 -10.0 182:1.0 
-10.0 -10.0 
-10.0 -10.0 
-0.0 -10.0 3:1.0 120:1.0 
-10.0 -10.0 
-0.0 -10.0 153:1.0 
-2.9164324794978143 -10.0 153:1.0 
-10.0 -10.0 
-10.0 -10.0 
-10.0 -10.0 
-2.9348414849679374 -10.0 9:1.0 
-10.0 -10.0 
-10.0 -10.0 
-10.0 -10.0 
-10.0 -10.0 
-10.0 -10.0 
-10.0 -10.0 
-2.916538208777519 -10.0 62:1.0 
-6.161664251710527 -10.0 
-0.0 -10.0 
-0.0 -10.0 
-0.0 -10.0 
-0.0 -10.0 
-0.0 -10.0 
-0.0 -10.0 
-0.0 -10.0 
-0.0 -10.0 
-9.672792456009738 -10.0 142:1.0 
-0.0 -10.0 
-0.0 -10.0 
-0.0 -10.0 
-0.0 -10.0 
-0.0 -10.0 
-0.0 -10.0 35:1.0 
-0.0 -10.0 
