svm_type c_svc
kernel_type rbf
gamma 1.0E-4
nr_class 3
total_sv 1975
rho -0.18595861679259765 -0.3168230765860703 -0.2907923495837886
label 2 0 1
nr_sv 516 777 682
SV
100.0 100.0 
100.0 100.0 
100.0 100.0 
100.0 100.0 76:1.0 94:1.0 167:1.0 181:1.0 197:1.0 207:1.0 220:1.0 
100.0 100.0 
100.0 100.0 100:1.0 142:1.0 
100.0 100.0 
100.0 100.0 
100.0 100.0 
100.0 100.0 
100.0 100.0 
100.0 100.0 
100.0 100.0 
100.0 100.0 
100.0 100.0 
100.0 100.0 42:1.0 164:1.0 168:1.0 
100.0 100.0 138:1.0 
100.0 100.0 
100.0 100.0 
100.0 100.0 
100.0 100.0 
100.0 100.0 
100.0 100.0 32:1.0 
100.0 100.0 
100.0 100.0 
100.0 100.0 60:1.0 
100.0 100.0 
100.0 100.0 
100.0 100.0 103:1.0 
100.0 100.0 
100.0 100.0 
100.0 100.0 
100.0 100.0 
100.0 100.0 
100.0 100.0 
100.0 100.0 71:1.0 
100.0 100.0 
100.0 100.0 
100.0 100.0 
100.0 100.0 
100.0 100.0 12:1.0 28:1.0 73:1.0 
100.0 100.0 
100.0 100.0 76:1.0 94:1.0 167:1.0 181:1.0 197:1.0 207:1.0 220:1.0 
100.0 100.0 
100.0 100.0 
100.0 100.0 
100.0 100.0 7:1.0 
100.0 100.0 
100.0 100.0 
100.0 100.0 
100.0 100.0 
100.0 100.0 
100.0 100.0 100:1.0 
100.0 100.0 
100.0 100.0 
100.0 100.0 
100.0 100.0 50:1.0 
100.0 100.0 
100.0 100.0 
100.0 100.0 
100.0 100.0 133:1.0 
100.0 100.0 
100.0 100.0 
100.0 100.0 
100.0 100.0 
100.0 100.0 114:1.0 
100.0 100.0 16:1.0 
100.0 100.0 142:1.0 
100.0 100.0 
100.0 100.0 
100.0 100.0 34:1.0 76:1.0 94:1.0 148:1.0 167:1.0 193:1.0 197:1.0 204:1.0 207:1.0 218:1.0 220:1.0 
100.0 100.0 14:1.0 181:1.0 
100.0 100.0 
100.0 100.0 
100.0 100.0 
100.0 100.0 14:1.0 
100.0 100.0 
100.0 100.0 11:1.0 
100.0 100.0 
100.0 100.0 
100.0 100.0 
100.0 100.0 
100.0 100.0 
100.0 100.0 
100.0 100.0 
100.0 100.0 
100.0 100.0 
100.0 100.0 
100.0 100.0 
100.0 100.0 
100.0 100.0 114:1.0 164:1.0 
100.0 100.0 174:1.0 
100.0 100.0 34:1.0 76:1.0 94:1.0 148:1.0 167:1.0 193:1.0 197:1.0 204:1.0 207:1.0 218:1.0 220:1.0 
100.0 100.0 
100.0 100.0 174:1.0 
100.0 100.0 
100.0 100.0 
100.0 100.0 12:1.0 147:1.0 
100.0 100.0 
100.0 100.0 
100.0 100.0 
100.0 100.0 
100.0 100.0 
100.0 100.0 114:1.0 
100.0 100.0 
100.0 100.0 
100.0 100.0 
100.0 100.0 133:1.0 
100.0 100.0 
100.0 100.0 
100.0 100.0 
100.0 100.0 
100.0 100.0 
100.0 100.0 
100.0 100.0 
100.0 100.0 55:1.0 
100.0 100.0 94:1.0 
100.0 100.0 
100.0 100.0 
100.0 100.0 
100.0 100.0 
100.0 100.0 181:1.0 
100.0 100.0 
100.0 100.0 
100.0 100.0 
100.0 100.0 1:1.0 84:1.0 
100.0 100.0 
100.0 100.0 
100.0 100.0 
100.0 100.0 
100.0 100.0 
100.0 100.0 
100.0 100.0 59:1.0 
100.0 100.0 
100.0 100.0 
100.0 100.0 
100.0 100.0 
100.0 100.0 
100.0 100.0 
100.0 100.0 
100.0 100.0 
100.0 100.0 
100.0 100.0 128:1.0 137:1.0 154:1.0 194:1.0 202:1.0 221:1.0 
100.0 100.0 139:1.0 
100.0 100.0 
100.0 100.0 
100.0 100.0 
100.0 100.0 
100.0 100.0 
100.0 100.0 
100.0 100.0 
100.0 100.0 
100.0 100.0 
100.0 100.0 
100.0 100.0 99:1.0 164:1.0 
100.0 100.0 
100.0 100.0 
100.0 100.0 
100.0 100.0 
100.0 100.0 4:1.0 6:1.0 
100.0 100.0 124:1.0 
100.0 100.0 4:1.0 6:1.0 85:1.0 
100.0 100.0 87:1.0 
100.0 100.0 
100.0 100.0 14:1.0 
100.0 100.0 
100.0 100.0 121:1.0 
100.0 100.0 27:1.0 108:1.0 
100.0 100.0 170:1.0 
100.0 100.0 87:1.0 
100.0 100.0 47:1.0 124:1.0 
100.0 100.0 
100.0 100.0 
100.0 100.0 78:1.0 
100.0 100.0 
100.0 100.0 53:1.0 64:1.0 172:1.0 
100.0 100.0 32:1.0 
100.0 100.0 
100.0 100.0 
100.0 100.0 
100.0 100.0 
100.0 100.0 40:1.0 
100.0 100.0 
100.0 100.0 
100.0 100.0 
100.0 100.0 
100.0 100.0 23:1.0 76:1.0 167:1.0 197:1.0 
100.0 100.0 
100.0 100.0 
100.0 100.0 
100.0 100.0 
100.0 100.0 
100.0 100.0 
100.0 100.0 
100.0 100.0 
100.0 100.0 
100.0 100.0 58:1.0 
100.0 100.0 
100.0 100.0 
100.0 100.0 
100.0 100.0 
100.0 100.0 23:1.0 
100.0 100.0 
100.0 100.0 
100.0 100.0 
100.0 100.0 
100.0 100.0 
100.0 100.0 
100.0 100.0 
100.0 100.0 
100.0 100.0 164:1.0 
100.0 100.0 168:1.0 
100.0 100.0 
100.0 100.0 76:1.0 
100.0 100.0 
100.0 100.0 114:1.0 
100.0 100.0 
100.0 100.0 
100.0 100.0 25:1.0 
100.0 100.0 
100.0 100.0 23:1.0 
100.0 100.0 
100.0 100.0 
100.0 100.0 100:1.0 
100.0 100.0 
100.0 100.0 166:1.0 
100.0 100.0 
100.0 100.0 108:1.0 
100.0 100.0 
100.0 100.0 79:1.0 
100.0 100.0 
100.0 100.0 
100.0 100.0 134:1.0 190:1.0 
100.0 100.0 
100.0 100.0 
100.0 100.0 58:1.0 
100.0 100.0 16:1.0 
100.0 100.0 
100.0 100.0 94:1.0 147:1.0 148:1.0 189:1.0 204:1.0 
100.0 100.0 
100.0 100.0 
100.0 100.0 12:1.0 28:1.0 73:1.0 94:1.0 189:1.0 
100.0 100.0 70:1.0 79:1.0 
100.0 100.0 
100.0 100.0 
100.0 100.0 
100.0 100.0 67:1.0 76:1.0 
100.0 100.0 
100.0 100.0 70:1.0 
100.0 100.0 166:1.0 
100.0 100.0 
100.0 100.0 
100.0 100.0 
100.0 100.0 
100.0 100.0 
100.0 100.0 124:1.0 
100.0 100.0 
100.0 100.0 
100.0 100.0 
100.0 100.0 
100.0 100.0 
100.0 100.0 128:1.0 137:1.0 154:1.0 194:1.0 202:1.0 221:1.0 
100.0 100.0 
100.0 100.0 147:1.0 
100.0 100.0 
100.0 100.0 
100.0 100.0 105:1.0 
100.0 100.0 
100.0 100.0 
100.0 100.0 
100.0 100.0 
100.0 100.0 55:1.0 
100.0 100.0 31:1.0 84:1.0 
100.0 100.0 
100.0 100.0 
100.0 100.0 31:1.0 
100.0 100.0 31:1.0 
100.0 100.0 
100.0 100.0 
100.0 100.0 
100.0 100.0 
100.0 100.0 
100.0 100.0 
100.0 100.0 
100.0 100.0 166:1.0 
100.0 100.0 
100.0 100.0 
100.0 100.0 
100.0 100.0 
100.0 100.0 84:1.0 165:1.0 
100.0 100.0 
100.0 100.0 
100.0 100.0 
100.0 100.0 
100.0 100.0 
100.0 100.0 
100.0 100.0 172:1.0 
100.0 100.0 166:1.0 
100.0 100.0 
100.0 100.0 
100.0 100.0 164:1.0 
100.0 100.0 
100.0 100.0 
100.0 100.0 
100.0 100.0 
100.0 100.0 
100.0 100.0 133:1.0 168:1.0 
100.0 100.0 
100.0 100.0 
100.0 100.0 
100.0 100.0 
100.0 100.0 24:1.0 
100.0 100.0 
100.0 100.0 
100.0 100.0 
100.0 100.0 
100.0 100.0 
100.0 100.0 
100.0 100.0 100:1.0 
100.0 100.0 
100.0 100.0 
100.0 100.0 84:1.0 127:1.0 
100.0 100.0 161:1.0 
100.0 100.0 
100.0 100.0 
100.0 100.0 
100.0 100.0 
100.0 100.0 
100.0 100.0 
100.0 100.0 
100.0 100.0 
100.0 100.0 19:1.0 
100.0 100.0 
100.0 100.0 170:1.0 
100.0 100.0 
100.0 100.0 
100.0 100.0 
100.0 100.0 
100.0 100.0 
100.0 100.0 
100.0 100.0 164:1.0 
100.0 100.0 
100.0 100.0 
100.0 100.0 
100.0 100.0 
100.0 100.0 
100.0 100.0 
100.0 100.0 
100.0 100.0 
100.0 100.0 
100.0 100.0 
100.0 100.0 
100.0 100.0 
100.0 100.0 
100.0 100.0 
100.0 100.0 
100.0 100.0 
100.0 100.0 
100.0 100.0 
100.0 100.0 
100.0 100.0 
100.0 100.0 
100.0 100.0 
100.0 100.0 
100.0 100.0 
100.0 100.0 73:1.0 
100.0 100.0 
100.0 100.0 
100.0 100.0 
100.0 100.0 40:1.0 
100.0 100.0 
100.0 100.0 
100.0 100.0 
100.0 100.0 
100.0 100.0 
100.0 100.0 
100.0 100.0 
100.0 100.0 
100.0 100.0 27:1.0 101:1.0 
100.0 100.0 
100.0 100.0 
100.0 100.0 
100.0 100.0 60:1.0 
100.0 100.0 
100.0 100.0 46:1.0 
100.0 100.0 
100.0 100.0 
100.0 100.0 
100.0 100.0 
100.0 100.0 
100.0 100.0 
100.0 100.0 
100.0 100.0 
100.0 100.0 
100.0 100.0 
100.0 100.0 1:1.0 101:1.0 
100.0 100.0 
100.0 100.0 
100.0 100.0 
100.0 100.0 
100.0 100.0 
100.0 100.0 
100.0 100.0 145:1.0 
100.0 100.0 
100.0 100.0 27:1.0 108:1.0 
100.0 100.0 
100.0 100.0 
100.0 100.0 
100.0 100.0 
100.0 100.0 119:1.0 
100.0 100.0 
100.0 100.0 
100.0 100.0 
100.0 100.0 
100.0 100.0 
100.0 100.0 
100.0 100.0 
100.0 100.0 
100.0 100.0 
100.0 100.0 
100.0 100.0 
100.0 100.0 
100.0 100.0 28:1.0 87:1.0 
100.0 100.0 
100.0 100.0 
100.0 100.0 
100.0 100.0 
100.0 100.0 
100.0 100.0 159:1.0 169:1.0 
100.0 100.0 
100.0 100.0 
100.0 100.0 
100.0 100.0 
100.0 100.0 
100.0 100.0 8:1.0 46:1.0 61:1.0 64:1.0 162:1.0 
100.0 100.0 27:1.0 
100.0 100.0 182:1.0 
100.0 100.0 
100.0 100.0 
100.0 100.0 
100.0 100.0 
100.0 100.0 22:1.0 46:1.0 64:1.0 
100.0 100.0 
100.0 100.0 
100.0 100.0 
100.0 100.0 
100.0 100.0 
100.0 100.0 
100.0 100.0 171:1.0 
100.0 100.0 
100.0 100.0 1:1.0 29:1.0 
100.0 100.0 
100.0 100.0 
100.0 100.0 141:1.0 
100.0 100.0 7:1.0 
100.0 100.0 85:1.0 
100.0 100.0 
100.0 100.0 
100.0 100.0 
100.0 100.0 128:1.0 137:1.0 154:1.0 194:1.0 202:1.0 221:1.0 
100.0 100.0 28:1.0 73:1.0 
100.0 100.0 
100.0 100.0 
100.0 100.0 
100.0 100.0 
100.0 100.0 
100.0 100.0 
100.0 100.0 
100.0 100.0 42:1.0 
100.0 100.0 7:1.0 
100.0 100.0 
100.0 100.0 1:1.0 101:1.0 
100.0 100.0 
100.0 100.0 
100.0 100.0 
100.0 100.0 
100.0 100.0 
100.0 100.0 
100.0 100.0 
100.0 100.0 
100.0 100.0 
100.0 100.0 
100.0 100.0 
100.0 100.0 
100.0 100.0 53:1.0 
100.0 100.0 
100.0 100.0 
100.0 100.0 
100.0 100.0 
100.0 100.0 100:1.0 
100.0 100.0 
100.0 100.0 
100.0 100.0 
100.0 100.0 164:1.0 
100.0 100.0 
100.0 100.0 
100.0 100.0 
100.0 100.0 67:1.0 94:1.0 124:1.0 148:1.0 167:1.0 187:1.0 204:1.0 207:1.0 218:1.0 
100.0 100.0 
100.0 100.0 100:1.0 
100.0 100.0 
100.0 100.0 
100.0 100.0 
100.0 100.0 
100.0 100.0 
100.0 100.0 40:1.0 
100.0 100.0 58:1.0 
100.0 100.0 
100.0 100.0 
100.0 100.0 
100.0 100.0 42:1.0 
100.0 100.0 
100.0 100.0 23:1.0 
100.0 100.0 76:1.0 167:1.0 197:1.0 
100.0 100.0 
100.0 100.0 118:1.0 
-0.0 100.0 121:1.0 
-0.0 100.0 78:1.0 
-100.0 100.0 142:1.0 
-0.0 14.80397046542633 116:1.0 159:1.0 
-0.0 50.01837425719608 85:1.0 
-0.0 66.59446241540186 88:1.0 
-50.13719454699537 52.1259743444501 8:1.0 77:1.0 
-0.0 100.0 90:1.0 
-100.0 0.0 42:1.0 
-100.0 100.0 4:1.0 
-0.0 1.4233882318618931 15:1.0 102:1.0 
-0.0 6.43451572724947 136:1.0 
-0.0 1.764104800383389 107:1.0 203:1.0 
-0.0 100.0 11:1.0 
-3.503704141149911 100.0 162:1.0 173:1.0 
-0.0 35.968291417152116 88:1.0 
-0.0 51.024633350153195 144:1.0 
-0.0 100.0 78:1.0 98:1.0 
-0.0 100.0 113:1.0 
-0.0 100.0 90:1.0 
-100.0 100.0 34:1.0 66:1.0 76:1.0 193:1.0 
-100.0 0.0 170:1.0 
-0.0 100.0 17:1.0 
-100.0 0.0 85:1.0 94:1.0 147:1.0 189:1.0 
-100.0 100.0 85:1.0 
-0.0 100.0 92:1.0 
-100.0 0.0 42:1.0 
-0.0 66.59778139580912 23:1.0 
-100.0 100.0 34:1.0 66:1.0 76:1.0 193:1.0 
-0.0 100.0 113:1.0 
-100.0 3.609447397310169 181:1.0 
-100.0 66.591164626649 76:1.0 
-100.0 100.0 40:1.0 
-0.0 100.0 185:1.0 
-0.0 100.0 38:1.0 
-100.0 100.0 23:1.0 
-0.0 66.58454851494045 49:1.0 
-100.0 67.36321117325649 14:1.0 43:1.0 67:1.0 
-0.0 100.0 21:1.0 
-0.0 100.0 93:1.0 
-0.0 100.0 10:1.0 
-0.0 100.0 30:1.0 95:1.0 113:1.0 123:1.0 199:1.0 
-100.0 0.0 101:1.0 165:1.0 
-100.0 100.0 100:1.0 
-0.0 100.0 20:1.0 185:1.0 
-0.0 100.0 131:1.0 
-100.0 40.51136438584985 16:1.0 
-0.0 100.0 153:1.0 
-0.0 100.0 72:1.0 
-0.0 100.0 68:1.0 
-0.0 100.0 124:1.0 
-0.0 47.37265771473 65:1.0 113:1.0 
-100.0 0.8122479475597648 7:1.0 128:1.0 137:1.0 154:1.0 194:1.0 202:1.0 221:1.0 
-0.0 100.0 125:1.0 
-0.0 100.0 78:1.0 
-0.0 67.08297742144427 36:1.0 180:1.0 
-0.0 100.0 89:1.0 
-100.0 0.0 67:1.0 
-0.0 100.0 38:1.0 99:1.0 149:1.0 
-0.0 100.0 33:1.0 104:1.0 
-100.0 0.0 133:1.0 
-100.0 0.0 166:1.0 
-100.0 0.0 170:1.0 
-0.0 31.974692677476476 10:1.0 122:1.0 126:1.0 
-0.0 2.3341190710214836 21:1.0 
-0.0 8.795313232836143 
-0.0 100.0 
-33.28847534178412 34.38710208676914 72:1.0 122:1.0 138:1.0 
-0.0 100.0 
-0.0 100.0 
-0.0 100.0 
-100.0 100.0 25:1.0 
-0.0 100.0 
-0.0 100.0 
-0.0 100.0 
-0.0 100.0 
-0.0 100.0 
-0.0 100.0 
-0.0 100.0 
-0.0 100.0 
-0.0 100.0 
-0.0 100.0 
-0.0 100.0 
-0.0 100.0 
-0.0 100.0 70:1.0 
-0.0 100.0 
-0.0 100.0 
-0.0 100.0 
-100.0 100.0 23:1.0 
-0.0 100.0 116:1.0 
-0.0 0.342592214000784 10:1.0 78:1.0 
-0.0 100.0 
-0.0 28.409022817653614 82:1.0 113:1.0 
-0.0 0.6206595226391727 63:1.0 140:1.0 151:1.0 
-0.0 100.0 
-0.0 100.0 
-100.0 100.0 133:1.0 
-0.0 100.0 
-0.0 100.0 
-0.0 100.0 179:1.0 186:1.0 196:1.0 
-0.0 100.0 
-0.0 100.0 
-0.0 100.0 
-0.0 100.0 
-0.0 66.57793306056499 3:1.0 
-0.0 100.0 
-100.0 100.0 11:1.0 
-0.0 100.0 
-0.0 100.0 
-0.0 100.0 
-0.0 100.0 
-100.0 100.0 52:1.0 76:1.0 94:1.0 148:1.0 167:1.0 197:1.0 204:1.0 207:1.0 218:1.0 220:1.0 
-0.0 100.0 145:1.0 
-0.0 100.0 
-0.0 44.03035971957383 152:1.0 178:1.0 
-0.0 100.0 
-0.0 100.0 
-0.0 100.0 
-0.0 100.0 
-0.0 100.0 
-0.0 100.0 
-0.0 100.0 
-100.0 52.26129203506123 19:1.0 101:1.0 
-0.0 100.0 
-0.0 100.0 
-0.0 100.0 
-0.0 100.0 62:1.0 
-0.0 100.0 
-0.0 100.0 150:1.0 173:1.0 
-0.0 100.0 57:1.0 
-0.0 100.0 
-0.0 100.0 
-0.0 100.0 
-0.0 100.0 
-0.0 100.0 
-0.0 100.0 
-0.0 100.0 
-0.0 100.0 
-0.0 100.0 
-0.0 100.0 
-0.0 100.0 
-0.0 100.0 
-0.0 100.0 
-0.0 100.0 
-0.0 100.0 
-0.0 100.0 
-0.0 100.0 158:1.0 
-0.0 100.0 
-0.0 100.0 
-0.0 2.755411440954611 132:1.0 
-0.0 51.6718319439763 149:1.0 155:1.0 
-0.0 100.0 
-0.0 100.0 
-0.0 100.0 118:1.0 
-0.0 100.0 
-0.0 100.0 
-0.0 100.0 
-0.0 100.0 
-0.0 100.0 
-0.0 100.0 
-0.0 100.0 96:1.0 
-0.0 100.0 
-0.0 72.40008054906428 102:1.0 
-0.0 100.0 
-0.0 100.0 
-0.0 100.0 
-0.0 36.69946907646721 3:1.0 
-0.0 100.0 
-0.0 100.0 
-0.0 100.0 
-0.0 100.0 
-0.0 100.0 
-0.0 100.0 101:1.0 116:1.0 135:1.0 173:1.0 
-0.0 100.0 
-0.0 100.0 
-0.0 100.0 
-0.0 100.0 
-0.0 100.0 
-0.0 100.0 
-0.0 100.0 109:1.0 
-0.0 100.0 
-0.0 100.0 
-0.0 100.0 96:1.0 
-0.0 100.0 
-0.0 100.0 
-0.0 100.0 
-0.0 100.0 
-0.0 51.392312696519234 63:1.0 
-0.0 100.0 
-0.0 100.0 
-0.0 100.0 
-21.849860120395974 100.0 
-100.0 100.0 142:1.0 
-100.0 100.0 
-100.0 100.0 
-100.0 100.0 
-100.0 100.0 
-100.0 100.0 
-100.0 100.0 
-100.0 100.0 
-0.0 1.7647434854004551 26:1.0 55:1.0 
-100.0 100.0 
-100.0 100.0 
-100.0 100.0 
-100.0 3.625833096556705 99:1.0 
-0.0 3.7320973230240475 68:1.0 
-100.0 100.0 
-100.0 100.0 
-100.0 100.0 
-100.0 100.0 70:1.0 
-100.0 100.0 
-100.0 100.0 
-100.0 100.0 
-100.0 100.0 
-100.0 100.0 
-0.0 52.11743761216225 144:1.0 
-100.0 100.0 42:1.0 
-100.0 100.0 
-100.0 100.0 
-100.0 100.0 
-100.0 100.0 
-100.0 0.0 101:1.0 
-0.0 67.79050855932826 175:1.0 180:1.0 
-100.0 100.0 
-100.0 100.0 
-100.0 100.0 
-100.0 100.0 
-100.0 100.0 
-100.0 100.0 
-100.0 100.0 
-100.0 100.0 
-100.0 100.0 23:1.0 
-100.0 100.0 
-0.0 50.988390594424075 125:1.0 170:1.0 
-100.0 100.0 
-100.0 100.0 145:1.0 
-100.0 100.0 
-100.0 100.0 
-100.0 100.0 
-100.0 100.0 
-100.0 100.0 168:1.0 
-100.0 100.0 
-100.0 100.0 
-51.99659103618841 96.88314441993302 16:1.0 
-0.0 100.0 126:1.0 
-100.0 100.0 
-0.0 100.0 151:1.0 
-100.0 100.0 
-100.0 100.0 
-100.0 100.0 
-100.0 100.0 
-0.0 100.0 177:1.0 
-100.0 100.0 
-100.0 100.0 
-100.0 100.0 
-100.0 100.0 
-100.0 100.0 
-100.0 100.0 
-100.0 100.0 
-100.0 100.0 
-100.0 100.0 
-100.0 100.0 
-100.0 100.0 
-100.0 100.0 
-100.0 100.0 
-0.0 34.06655798756501 30:1.0 123:1.0 199:1.0 
-100.0 100.0 
-100.0 100.0 
-0.0 96.37500884139261 49:1.0 
-100.0 100.0 
-100.0 100.0 
-100.0 100.0 
-100.0 100.0 
-100.0 100.0 
-100.0 100.0 
-100.0 100.0 
-100.0 100.0 
-100.0 100.0 
-100.0 100.0 
-100.0 100.0 
-100.0 100.0 
-100.0 100.0 
-100.0 100.0 
-100.0 100.0 
-100.0 100.0 
-100.0 100.0 
-100.0 100.0 
-0.0 100.0 191:1.0 
-100.0 100.0 
-0.0 100.0 140:1.0 
-100.0 100.0 
-100.0 100.0 
-0.0 89.0184907199443 159:1.0 
-100.0 100.0 
-100.0 100.0 
-0.0 58.23113915314318 178:1.0 
-100.0 100.0 
-100.0 100.0 
-0.0 1.3633941163089105 95:1.0 
-100.0 100.0 
-100.0 100.0 38:1.0 79:1.0 
-100.0 100.0 
-100.0 100.0 
-100.0 100.0 
-0.0 17.64190889295645 5:1.0 74:1.0 75:1.0 81:1.0 192:1.0 198:1.0 201:1.0 216:1.0 217:1.0 
-100.0 100.0 
-100.0 100.0 
-100.0 100.0 
-0.0 3.025574621091945 83:1.0 
-100.0 100.0 
-100.0 100.0 
-100.0 100.0 
-0.0 100.0 48:1.0 
-0.0 100.0 152:1.0 
-100.0 100.0 
-100.0 100.0 
-100.0 100.0 
-100.0 100.0 
-100.0 100.0 
-100.0 100.0 
-100.0 100.0 
-100.0 50.790950961868866 6:1.0 51:1.0 
-100.0 100.0 
-100.0 100.0 
-100.0 100.0 
-100.0 100.0 
-100.0 100.0 
-100.0 100.0 
-100.0 100.0 
-100.0 100.0 
-100.0 100.0 
-0.0 3.2895849716502052 57:1.0 
-100.0 100.0 
-100.0 100.0 
-100.0 100.0 
-100.0 100.0 
-0.0 100.0 47:1.0 
-0.0 100.0 151:1.0 
-100.0 100.0 
-0.0 100.0 47:1.0 55:1.0 
-100.0 100.0 
-100.0 100.0 
-100.0 100.0 
-0.0 98.72023654326117 68:1.0 141:1.0 
-100.0 100.0 70:1.0 
-0.0 69.27531077186241 44:1.0 129:1.0 
-0.0 100.0 37:1.0 
-100.0 100.0 
-100.0 100.0 
-100.0 2.921554798100269 171:1.0 
-100.0 100.0 
-100.0 100.0 
-49.593211496980565 0.0 66:1.0 76:1.0 
-100.0 100.0 
-0.0 2.2147321653241723 18:1.0 188:1.0 
-0.0 100.0 47:1.0 
-100.0 100.0 
-0.0 100.0 44:1.0 
-100.0 100.0 
-2.3525321675618045 53.71703307346424 85:1.0 
-100.0 100.0 
-100.0 100.0 
-100.0 100.0 
-0.0 96.59354623534443 136:1.0 
-100.0 100.0 61:1.0 172:1.0 
-100.0 100.0 
-100.0 100.0 
-100.0 100.0 
-0.0 64.69203283631508 146:1.0 
-100.0 100.0 
-100.0 100.0 
-0.0 100.0 184:1.0 
-100.0 100.0 
-100.0 100.0 
-100.0 100.0 
-100.0 100.0 
-100.0 100.0 
-100.0 100.0 
-100.0 100.0 
-100.0 100.0 
-100.0 100.0 
-0.0 57.376578163383556 152:1.0 
-0.0 24.2563282906193 120:1.0 
-0.0 100.0 120:1.0 
-100.0 100.0 
-0.0 2.7817853396034162 179:1.0 
-100.0 100.0 
-100.0 100.0 
-100.0 100.0 
-100.0 100.0 
-49.49857178005929 64.8836786385101 16:1.0 129:1.0 187:1.0 
-100.0 100.0 
-100.0 100.0 
-100.0 100.0 
-0.0 2.6695168317226448 143:1.0 
-100.0 100.0 124:1.0 
-100.0 100.0 
-100.0 100.0 
-100.0 2.6767961782751217 133:1.0 
-100.0 100.0 
-100.0 100.0 
-100.0 100.0 
-100.0 100.0 
-100.0 100.0 
-100.0 100.0 
-100.0 100.0 
-100.0 100.0 
-100.0 100.0 
-100.0 100.0 
-0.0 1.6991894894495294 25:1.0 42:1.0 
-0.0 2.3882584887146225 50:1.0 
-100.0 100.0 
-0.0 100.0 92:1.0 109:1.0 
-0.0 100.0 131:1.0 
-100.0 100.0 
-100.0 100.0 
-100.0 100.0 
-100.0 100.0 
-0.0 1.764573569186899 59:1.0 145:1.0 
-100.0 100.0 
-100.0 100.0 
-0.0 2.9666423527590693 20:1.0 
-100.0 100.0 
-0.0 50.64102918431982 45:1.0 56:1.0 63:1.0 97:1.0 208:1.0 
-100.0 0.0 55:1.0 
-100.0 100.0 
-0.0 2.0657006340724484 2:1.0 93:1.0 
-100.0 100.0 
-100.0 2.303683356837581 29:1.0 
-100.0 100.0 
-100.0 96.98727758012221 124:1.0 
-100.0 100.0 
-100.0 100.0 
-100.0 100.0 
-100.0 100.0 
-0.0 100.0 112:1.0 115:1.0 
-100.0 100.0 
-100.0 100.0 
-0.0 70.50991168606278 10:1.0 
-100.0 100.0 
-100.0 100.0 
-0.0 2.8772991469165556 89:1.0 
-100.0 100.0 
-100.0 100.0 
-100.0 100.0 
-100.0 100.0 
-100.0 100.0 
-100.0 100.0 
-0.0 100.0 13:1.0 
-100.0 100.0 
-100.0 100.0 
-100.0 100.0 
-100.0 100.0 
-100.0 100.0 
-100.0 100.0 
-100.0 100.0 
-100.0 100.0 
-100.0 100.0 
-100.0 100.0 
-100.0 100.0 
-0.0 2.5560585409047327 184:1.0 
-100.0 100.0 
-100.0 100.0 
-100.0 100.0 
-0.0 100.0 30:1.0 
-100.0 100.0 
-100.0 100.0 
-100.0 100.0 
-100.0 100.0 
-100.0 100.0 
-100.0 100.0 
-100.0 100.0 
-100.0 100.0 
-100.0 100.0 
-100.0 100.0 
-100.0 100.0 
-100.0 100.0 
-0.0 100.0 82:1.0 126:1.0 
-100.0 100.0 
-100.0 100.0 
-100.0 100.0 
-100.0 100.0 
-100.0 100.0 
-100.0 100.0 
-100.0 100.0 
-100.0 100.0 
-100.0 100.0 
-0.0 3.7957353026953795 112:1.0 
-100.0 100.0 
-100.0 100.0 
-100.0 100.0 
-100.0 100.0 
-100.0 100.0 
-100.0 100.0 
-100.0 100.0 
-100.0 100.0 
-100.0 100.0 105:1.0 124:1.0 
-100.0 100.0 
-100.0 100.0 
-100.0 100.0 
-100.0 100.0 
-100.0 100.0 
-100.0 100.0 
-100.0 100.0 
-0.0 1.3156583867609923 91:1.0 
-100.0 100.0 
-100.0 100.0 
-100.0 100.0 
-100.0 100.0 
-100.0 100.0 
-100.0 100.0 
-100.0 100.0 
-100.0 100.0 
-100.0 100.0 32:1.0 
-100.0 100.0 
-100.0 100.0 
-100.0 100.0 
-100.0 100.0 
-100.0 2.624369752387889 169:1.0 
-100.0 100.0 
-100.0 100.0 
-0.0 100.0 43:1.0 
-0.0 100.0 179:1.0 186:1.0 196:1.0 
-100.0 100.0 
-100.0 100.0 
-0.0 100.0 86:1.0 
-100.0 100.0 
-100.0 2.7125069924622096 134:1.0 
-100.0 100.0 
-0.0 67.94246180420441 72:1.0 
-0.0 4.52427726346035 116:1.0 165:1.0 
-0.0 100.0 125:1.0 
-100.0 100.0 
-0.0 2.41334297321098 48:1.0 
-100.0 100.0 
-100.0 100.0 
-100.0 100.0 
-100.0 100.0 
-0.0 66.5588660526233 103:1.0 
-15.334416120400359 17.383455377072472 39:1.0 54:1.0 80:1.0 176:1.0 190:1.0 210:1.0 
-0.0 78.72657076735908 120:1.0 
-0.0 100.0 26:1.0 
-100.0 100.0 
-1.5744565298490798 0.0 24:1.0 
-100.0 100.0 
-100.0 2.4440346327995575 32:1.0 
-100.0 100.0 
-100.0 100.0 
-100.0 52.156837561551626 147:1.0 189:1.0 
-100.0 100.0 
-0.0 78.85578750913204 37:1.0 65:1.0 116:1.0 
-100.0 1.223980013733443 22:1.0 141:1.0 
-100.0 100.0 
-100.0 100.0 
-100.0 100.0 
-0.0 100.0 180:1.0 
-100.0 100.0 
-100.0 100.0 
-100.0 100.0 
-100.0 100.0 
-0.0 100.0 163:1.0 
-100.0 100.0 
-100.0 100.0 
-100.0 3.7669801099659246 127:1.0 
-100.0 100.0 
-100.0 100.0 
-100.0 100.0 
-100.0 100.0 
-0.0 3.0255746210913554 86:1.0 
-100.0 100.0 
-100.0 100.0 
-0.0 3.3108198968322364 109:1.0 
-100.0 100.0 
-100.0 0.0 55:1.0 
-100.0 100.0 
-100.0 74.69515869362776 139:1.0 
-100.0 100.0 
-100.0 100.0 
-100.0 100.0 
-100.0 100.0 
-100.0 100.0 
-100.0 100.0 87:1.0 159:1.0 
-100.0 100.0 
-100.0 100.0 
-100.0 100.0 
-100.0 100.0 
-100.0 100.0 
-100.0 100.0 
-100.0 100.0 
-0.0 100.0 177:1.0 
-100.0 100.0 
-100.0 100.0 
-100.0 100.0 
-100.0 100.0 
-100.0 100.0 
-100.0 100.0 
-100.0 100.0 
-100.0 100.0 
-0.0 3.021617810278438 183:1.0 
-100.0 100.0 
-100.0 100.0 
-100.0 100.0 
-100.0 100.0 
-100.0 100.0 
-100.0 36.120566552144254 23:1.0 
-100.0 100.0 
-0.0 100.0 115:1.0 
-100.0 100.0 
-100.0 100.0 
-100.0 100.0 
-100.0 100.0 
-100.0 100.0 
-100.0 100.0 
-0.0 100.0 104:1.0 124:1.0 
-100.0 100.0 
-100.0 100.0 
-100.0 100.0 
-100.0 100.0 
-100.0 100.0 
-0.0 1.863080918251642 62:1.0 
-100.0 100.0 
-100.0 100.0 
-100.0 100.0 
-100.0 100.0 
-100.0 100.0 
-100.0 100.0 
-100.0 100.0 
-100.0 100.0 
-100.0 100.0 
-100.0 100.0 
-100.0 100.0 
-100.0 36.276770745565415 76:1.0 
-100.0 100.0 
-0.0 100.0 178:1.0 
-100.0 100.0 
-100.0 100.0 
-100.0 100.0 
-0.0 100.0 69:1.0 
-100.0 100.0 59:1.0 
-100.0 100.0 
-100.0 100.0 
-100.0 100.0 
-100.0 100.0 
-100.0 100.0 
-0.0 27.62131229798675 102:1.0 139:1.0 
-100.0 100.0 
-100.0 100.0 
-100.0 100.0 
-100.0 100.0 
-100.0 100.0 
-100.0 100.0 
-100.0 100.0 
-100.0 100.0 
-100.0 100.0 
-100.0 100.0 
-100.0 37.2452035243568 103:1.0 
-0.0 1.3078111995952604 95:1.0 
-100.0 100.0 
-100.0 100.0 
-100.0 100.0 
-100.0 100.0 
-100.0 100.0 
-0.0 0.7137005817389772 22:1.0 163:1.0 
-100.0 2.802849145840682 121:1.0 
-0.0 1.4326851061561037 191:1.0 
-100.0 100.0 
-100.0 100.0 
-100.0 100.0 
-100.0 100.0 
-100.0 100.0 
-100.0 100.0 
-100.0 100.0 
-0.8370244231851166 0.0 45:1.0 56:1.0 63:1.0 132:1.0 208:1.0 
-100.0 100.0 60:1.0 
-100.0 100.0 
-0.0 2.877299146961428 69:1.0 
-100.0 100.0 
-100.0 100.0 
-100.0 100.0 
-100.0 100.0 
-100.0 100.0 
-100.0 1.7494853569410513 24:1.0 166:1.0 
-100.0 100.0 
-100.0 100.0 
-100.0 100.0 
-100.0 100.0 
-100.0 100.0 
-100.0 100.0 
-100.0 100.0 47:1.0 
-100.0 100.0 
-100.0 100.0 
-100.0 100.0 
-100.0 100.0 
-100.0 100.0 
-100.0 100.0 
-100.0 100.0 
-100.0 100.0 
-100.0 100.0 
-100.0 100.0 
-100.0 100.0 
-100.0 100.0 
-100.0 100.0 
-100.0 100.0 
-100.0 100.0 
-66.40351648510435 100.0 18:1.0 53:1.0 111:1.0 
-100.0 100.0 
-100.0 100.0 
-0.0 100.0 178:1.0 
-100.0 100.0 
-1.9342316010682672 0.0 39:1.0 80:1.0 110:1.0 130:1.0 135:1.0 176:1.0 190:1.0 195:1.0 200:1.0 205:1.0 206:1.0 210:1.0 213:1.0 215:1.0 219:1.0 222:1.0 
-100.0 100.0 
-100.0 100.0 
-100.0 100.0 
-100.0 100.0 
-100.0 100.0 
-100.0 100.0 
-100.0 3.6211456940222106 118:1.0 
-0.5376449403472037 82.88944996095881 5:1.0 74:1.0 75:1.0 81:1.0 192:1.0 198:1.0 201:1.0 216:1.0 217:1.0 
-100.0 100.0 
-100.0 100.0 
-100.0 100.0 
-100.0 100.0 
-100.0 100.0 
-0.0 1.3882840935333944 91:1.0 
-100.0 100.0 
-100.0 100.0 
-7.831781062437876 100.0 78:1.0 
-100.0 0.0 166:1.0 
-100.0 100.0 
-100.0 100.0 
-0.0 38.22168919475473 146:1.0 
-100.0 100.0 
-0.0 100.0 41:1.0 160:1.0 211:1.0 
-100.0 100.0 
-100.0 100.0 
-0.0 100.0 158:1.0 
-100.0 100.0 
-100.0 100.0 
-0.0 0.39906634608117986 117:1.0 156:1.0 209:1.0 
-100.0 100.0 
-100.0 100.0 
-100.0 100.0 
-100.0 100.0 
-100.0 100.0 
-100.0 100.0 
-100.0 100.0 
-0.0 39.76361248398336 49:1.0 
-0.0 3.525988024015149 150:1.0 
-100.0 100.0 
-100.0 100.0 
-100.0 100.0 
-100.0 100.0 
-100.0 100.0 
-100.0 100.0 
-100.0 1.3756759719151086 50:1.0 
-100.0 6.727461150663768 124:1.0 
-100.0 100.0 
-100.0 100.0 
-100.0 100.0 
-100.0 100.0 
-100.0 100.0 
-100.0 100.0 
-100.0 100.0 
-100.0 100.0 
-100.0 100.0 
-93.69130762789442 100.0 78:1.0 162:1.0 
-100.0 100.0 
-100.0 100.0 
-100.0 100.0 
-100.0 100.0 
-49.635480578597885 100.0 166:1.0 178:1.0 
-100.0 100.0 
-100.0 100.0 
-100.0 100.0 
-100.0 100.0 
-100.0 100.0 
-100.0 100.0 
-0.0 -100.0 
-0.0 -100.0 
-0.0 -100.0 
-0.0 -100.0 
-100.0 -100.0 28:1.0 
-0.0 -100.0 
-0.0 -100.0 
-0.0 -100.0 125:1.0 
-100.0 -100.0 19:1.0 
-0.0 -100.0 
-0.0 -100.0 
-0.0 -100.0 
-0.0 -100.0 
-0.0 -100.0 
-0.0 -100.0 
-0.0 -100.0 
-100.0 -100.0 79:1.0 
-0.0 -100.0 
-100.0 -100.0 53:1.0 103:1.0 
-0.0 -100.0 
-0.0 -100.0 
-0.0 -100.0 
-0.0 -100.0 185:1.0 
-0.0 -100.0 173:1.0 
-100.0 -100.0 31:1.0 
-0.0 -100.0 
-0.0 -100.0 68:1.0 
-0.0 -100.0 
-0.0 -100.0 
-0.0 -100.0 
-0.0 -100.0 
-0.0 -100.0 
-0.0 -100.0 
-0.0 -100.0 
-0.0 -100.0 
-0.0 -100.0 11:1.0 
-0.0 -100.0 
-0.0 -100.0 
-0.0 -100.0 
-0.0 -100.0 
-0.0 -100.0 
-0.0 -100.0 191:1.0 
-51.00161596584964 -100.0 23:1.0 120:1.0 
-100.0 -100.0 
-0.0 -100.0 98:1.0 
-100.0 -100.0 
-100.0 -100.0 
-100.0 -100.0 
-100.0 -100.0 
-0.0 -100.0 111:1.0 
-100.0 -100.0 
-0.0 -100.0 145:1.0 
-100.0 -100.0 
-100.0 -100.0 
-100.0 -100.0 
-100.0 -100.0 
-100.0 -100.0 164:1.0 168:1.0 
-100.0 -100.0 
-100.0 -100.0 
-100.0 -100.0 
-100.0 -100.0 
-0.0 -100.0 126:1.0 
-100.0 -100.0 
-100.0 -100.0 
-100.0 -100.0 
-100.0 -100.0 
-100.0 -100.0 
-0.0 -100.0 35:1.0 173:1.0 
-100.0 -100.0 
-100.0 -100.0 
-100.0 -100.0 
-100.0 -100.0 
-100.0 -100.0 11:1.0 
-100.0 -100.0 
-100.0 -100.0 
-100.0 -100.0 
-100.0 -100.0 
-100.0 -100.0 
-100.0 -100.0 
-100.0 -100.0 
-0.0 -100.0 17:1.0 
-0.0 -100.0 35:1.0 146:1.0 
-100.0 -100.0 
-0.0 -100.0 162:1.0 
-100.0 -100.0 
-100.0 -100.0 
-100.0 -100.0 
-100.0 -100.0 
-0.0 -100.0 159:1.0 
-0.0 -100.0 96:1.0 
-100.0 -100.0 
-100.0 -100.0 
-100.0 -100.0 
-0.0 -100.0 47:1.0 
-100.0 -100.0 
-100.0 -100.0 13:1.0 14:1.0 
-0.0 -100.0 43:1.0 
-0.0 -100.0 92:1.0 
-0.0 -100.0 52:1.0 
-100.0 -100.0 
-100.0 -100.0 
-100.0 -100.0 
-0.0 -100.0 30:1.0 33:1.0 113:1.0 
-100.0 -100.0 
-0.0 -100.0 86:1.0 
-100.0 -100.0 
-0.0 -100.0 69:1.0 
-0.0 -100.0 102:1.0 
-100.0 -100.0 
-100.0 -100.0 
-100.0 -100.0 
-100.0 -100.0 
-100.0 -100.0 
-100.0 -100.0 
-59.79016429058656 -100.0 26:1.0 55:1.0 113:1.0 
-100.0 -100.0 
-100.0 -100.0 
-100.0 -100.0 
-100.0 -100.0 
-0.0 -100.0 38:1.0 
-0.0 -100.0 78:1.0 
-100.0 -100.0 159:1.0 
-0.0 -100.0 173:1.0 
-0.0 -100.0 48:1.0 
-100.0 -100.0 
-100.0 -100.0 16:1.0 187:1.0 
-100.0 -100.0 
-100.0 -100.0 
-100.0 -100.0 
-100.0 -100.0 
-100.0 -100.0 
-100.0 -100.0 
-0.0 -100.0 142:1.0 
-100.0 -100.0 
-100.0 -100.0 
-100.0 -100.0 
-100.0 -100.0 
-100.0 -100.0 
-0.0 -100.0 47:1.0 
-100.0 -100.0 
-100.0 -100.0 
-100.0 -100.0 
-100.0 -100.0 
-100.0 -100.0 44:1.0 164:1.0 
-100.0 -100.0 
-100.0 -100.0 
-100.0 -100.0 166:1.0 
-100.0 -100.0 
-100.0 -100.0 
-0.0 -100.0 44:1.0 
-100.0 -100.0 
-0.0 -100.0 41:1.0 160:1.0 211:1.0 
-0.0 -100.0 78:1.0 
-100.0 -100.0 
-0.0 -100.0 104:1.0 
-100.0 -100.0 
-100.0 -100.0 
-0.0 -100.0 72:1.0 
-100.0 -100.0 
-100.0 -100.0 
-100.0 -100.0 
-100.0 -100.0 
-100.0 -100.0 
-100.0 -100.0 
-0.0 -100.0 93:1.0 
-0.0 -100.0 49:1.0 
-100.0 -100.0 
-0.0 -100.0 97:1.0 
-100.0 -100.0 
-100.0 -100.0 
-100.0 -100.0 59:1.0 
-49.30301611423461 -100.0 33:1.0 138:1.0 
-100.0 -100.0 
-100.0 -100.0 
-100.0 -100.0 34:1.0 76:1.0 193:1.0 
-100.0 -100.0 
-0.0 -100.0 124:1.0 
-100.0 -100.0 
-100.0 -100.0 
-100.0 -100.0 
-100.0 -100.0 
-0.0 -100.0 13:1.0 144:1.0 
-100.0 -100.0 
-100.0 -100.0 162:1.0 
-100.0 -100.0 58:1.0 
-100.0 -100.0 
-0.0 -100.0 71:1.0 149:1.0 
-100.0 -100.0 
-100.0 -100.0 124:1.0 
-100.0 -100.0 
-100.0 -100.0 
-100.0 -100.0 
-100.0 -100.0 
-100.0 -100.0 
-0.0 -100.0 126:1.0 
-100.0 -100.0 64:1.0 
-100.0 -100.0 
-100.0 -100.0 
-0.0 -100.0 119:1.0 
-100.0 -100.0 
-100.0 -100.0 
-100.0 -100.0 
-0.0 -100.0 179:1.0 186:1.0 196:1.0 
-100.0 -100.0 47:1.0 58:1.0 172:1.0 
-0.0 -100.0 125:1.0 
-100.0 -100.0 
-100.0 -100.0 
-0.0 -100.0 82:1.0 
-100.0 -100.0 
-100.0 -100.0 70:1.0 141:1.0 
-100.0 -100.0 
-100.0 -100.0 
-0.0 -100.0 38:1.0 
-100.0 -100.0 
-100.0 -100.0 
-100.0 -100.0 
-100.0 -100.0 
-100.0 -100.0 27:1.0 108:1.0 
-0.0 -100.0 35:1.0 
-0.0 -100.0 17:1.0 97:1.0 178:1.0 180:1.0 
-100.0 -100.0 
-100.0 -100.0 
-100.0 -100.0 
-100.0 -100.0 
-0.0 -100.0 153:1.0 
-100.0 -100.0 
-100.0 -100.0 
-100.0 -100.0 
-100.0 -100.0 
-100.0 -100.0 
-100.0 -100.0 
-100.0 -100.0 
-100.0 -100.0 
-100.0 -100.0 
-0.0 -100.0 9:1.0 
-100.0 -100.0 
-100.0 -100.0 
-100.0 -100.0 85:1.0 
-100.0 -100.0 
-100.0 -100.0 
-100.0 -100.0 
-100.0 -100.0 
-0.0 -100.0 49:1.0 115:1.0 
-0.0 -100.0 152:1.0 
-100.0 -100.0 
-100.0 -100.0 
-100.0 -100.0 
-100.0 -100.0 
-100.0 -100.0 
-100.0 -100.0 
-100.0 -100.0 
-100.0 -100.0 
-0.0 -100.0 92:1.0 
-0.0 -100.0 47:1.0 180:1.0 
-100.0 -100.0 
-100.0 -100.0 
-100.0 -100.0 
-100.0 -100.0 
-100.0 -100.0 
-19.54440461496717 -100.0 71:1.0 79:1.0 113:1.0 
-0.0 -100.0 173:1.0 
-0.0 -100.0 70:1.0 
-100.0 -100.0 
-0.0 -100.0 78:1.0 
-100.0 -100.0 
-100.0 -100.0 
-100.0 -100.0 
-100.0 -100.0 105:1.0 
-100.0 -100.0 
-0.0 -100.0 17:1.0 
-100.0 -100.0 
-100.0 -100.0 
-0.0 -100.0 98:1.0 
-100.0 -100.0 
-100.0 -100.0 6:1.0 
-100.0 -100.0 
-100.0 -100.0 
-100.0 -100.0 
-100.0 -100.0 
-100.0 -100.0 
-100.0 -100.0 
-100.0 -100.0 
-100.0 -100.0 
-100.0 -100.0 
-100.0 -100.0 
-100.0 -100.0 
-100.0 -100.0 
-100.0 -100.0 
-100.0 -100.0 
-100.0 -100.0 
-100.0 -100.0 
-100.0 -100.0 
-0.0 -100.0 150:1.0 178:1.0 
-100.0 -100.0 
-100.0 -100.0 
-100.0 -100.0 
-100.0 -100.0 12:1.0 
-100.0 -100.0 
-100.0 -100.0 
-0.0 -100.0 21:1.0 
-100.0 -100.0 
-100.0 -100.0 
-0.0 -100.0 19:1.0 88:1.0 
-0.0 -100.0 178:1.0 
-100.0 -100.0 
-100.0 -100.0 
-100.0 -100.0 
-100.0 -100.0 
-100.0 -100.0 
-100.0 -100.0 
-100.0 -100.0 
-100.0 -100.0 
-100.0 -100.0 
-100.0 -100.0 
-0.0 -100.0 173:1.0 
-100.0 -100.0 87:1.0 
-100.0 -100.0 139:1.0 
-0.0 -100.0 125:1.0 
-100.0 -100.0 
-0.0 -100.0 70:1.0 
-0.0 -100.0 30:1.0 41:1.0 123:1.0 160:1.0 199:1.0 211:1.0 
-0.0 -100.0 149:1.0 
-0.0 -100.0 18:1.0 
-100.0 -100.0 
-100.0 -100.0 
-100.0 -100.0 
-100.0 -100.0 
-100.0 -100.0 
-0.0 -100.0 126:1.0 
-0.0 -100.0 9:1.0 
-0.0 -100.0 20:1.0 185:1.0 
-100.0 -100.0 
-0.0 -100.0 129:1.0 
-100.0 -100.0 
-100.0 -100.0 
-100.0 -100.0 
-100.0 -100.0 
-0.0 -100.0 98:1.0 
-100.0 -100.0 
-0.0 -100.0 78:1.0 98:1.0 
-0.0 -100.0 57:1.0 
-100.0 -100.0 
-100.0 -100.0 
-100.0 -100.0 
-100.0 -100.0 
-100.0 -100.0 
-100.0 -100.0 
-100.0 -100.0 
-100.0 -100.0 
-100.0 -100.0 
-100.0 -100.0 
-100.0 -100.0 
-0.0 -100.0 37:1.0 
-100.0 -100.0 
-100.0 -100.0 
-100.0 -100.0 34:1.0 76:1.0 193:1.0 
-100.0 -100.0 
-100.0 -100.0 
-100.0 -100.0 
-100.0 -100.0 
-100.0 -100.0 164:1.0 
-0.0 -100.0 179:1.0 186:1.0 196:1.0 
-100.0 -100.0 
-100.0 -100.0 
-100.0 -100.0 
-100.0 -100.0 
-100.0 -100.0 
-100.0 -100.0 
-100.0 -100.0 
-100.0 -100.0 124:1.0 
-100.0 -100.0 87:1.0 100:1.0 174:1.0 
-100.0 -100.0 
-100.0 -100.0 60:1.0 
-100.0 -100.0 
-0.0 -100.0 13:1.0 
-0.0 -100.0 30:1.0 33:1.0 
-100.0 -100.0 
-49.4546072130753 -100.0 87:1.0 152:1.0 
-100.0 -100.0 142:1.0 
-100.0 -100.0 
-100.0 -100.0 78:1.0 
-100.0 -100.0 
-100.0 -100.0 
-100.0 -100.0 
-0.0 -100.0 106:1.0 
-100.0 -100.0 
-100.0 -100.0 
-100.0 -100.0 
-100.0 -100.0 
-100.0 -100.0 
-100.0 -100.0 76:1.0 177:1.0 
-0.0 -100.0 163:1.0 
-100.0 -100.0 
-100.0 -100.0 
-100.0 -100.0 
-100.0 -100.0 
-100.0 -100.0 
-100.0 -100.0 
-100.0 -100.0 
-100.0 -100.0 
-100.0 -100.0 
-100.0 -100.0 
-100.0 -100.0 
-100.0 -100.0 10:1.0 147:1.0 182:1.0 
-100.0 -100.0 
-100.0 -100.0 
-0.0 -100.0 173:1.0 
-100.0 -100.0 98:1.0 114:1.0 
-100.0 -100.0 
-0.0 -100.0 109:1.0 
-0.0 -100.0 63:1.0 140:1.0 151:1.0 
-100.0 -100.0 
-100.0 -100.0 
-100.0 -100.0 
-100.0 -100.0 
-100.0 -100.0 
-100.0 -100.0 
-100.0 -100.0 
-0.0 -100.0 61:1.0 
-100.0 -100.0 
-100.0 -100.0 
-100.0 -100.0 
-100.0 -100.0 
-100.0 -100.0 
-0.0 -100.0 119:1.0 
-0.0 -100.0 111:1.0 116:1.0 
-100.0 -100.0 
-0.0 -100.0 61:1.0 
-100.0 -100.0 
-100.0 -100.0 
-100.0 -100.0 
-100.0 -100.0 
-100.0 -100.0 
-100.0 -100.0 
-100.0 -100.0 
-0.0 -100.0 16:1.0 177:1.0 
-100.0 -100.0 
-0.0 -100.0 115:1.0 
-100.0 -100.0 
-100.0 -100.0 
-100.0 -100.0 
-100.0 -100.0 124:1.0 
-100.0 -100.0 
-100.0 -100.0 
-100.0 -100.0 
-100.0 -100.0 
-100.0 -100.0 
-100.0 -100.0 
-100.0 -100.0 40:1.0 106:1.0 
-0.0 -100.0 112:1.0 
-100.0 -100.0 
-100.0 -100.0 119:1.0 
-100.0 -100.0 
-100.0 -100.0 
-100.0 -100.0 
-100.0 -100.0 
-100.0 -100.0 
-100.0 -100.0 
-100.0 -100.0 
-100.0 -100.0 
-0.0 -100.0 38:1.0 
-100.0 -100.0 
-0.0 -100.0 158:1.0 
-100.0 -100.0 
-100.0 -100.0 
-100.0 -100.0 23:1.0 
-100.0 -100.0 
-0.0 -100.0 180:1.0 
-100.0 -100.0 
-0.0 -100.0 41:1.0 160:1.0 211:1.0 
-100.0 -100.0 
-100.0 -100.0 
-100.0 -100.0 
-0.0 -100.0 41:1.0 160:1.0 211:1.0 
-100.0 -100.0 
-100.0 -100.0 124:1.0 
-100.0 -100.0 
-100.0 -100.0 
-100.0 -100.0 121:1.0 
-100.0 -100.0 
-100.0 -100.0 
-100.0 -100.0 
-100.0 -100.0 
-0.0 -100.0 90:1.0 
-100.0 -100.0 
-100.0 -100.0 
-100.0 -100.0 
-100.0 -100.0 
-100.0 -100.0 
-100.0 -100.0 
-100.0 -100.0 
-100.0 -100.0 
-100.0 -100.0 
-100.0 -100.0 
-0.0 -100.0 68:1.0 
-100.0 -100.0 
-100.0 -100.0 
-0.0 -100.0 111:1.0 
-100.0 -100.0 
-100.0 -100.0 46:1.0 131:1.0 
-100.0 -100.0 
-0.0 -100.0 38:1.0 
-100.0 -100.0 
-100.0 -100.0 42:1.0 158:1.0 
-100.0 -100.0 
-100.0 -100.0 61:1.0 
-100.0 -100.0 
-100.0 -100.0 
-100.0 -100.0 
-0.0 -100.0 113:1.0 
-100.0 -100.0 27:1.0 
-100.0 -100.0 
-100.0 -100.0 
-100.0 -100.0 
-100.0 -100.0 
-0.0 -100.0 173:1.0 
-100.0 -100.0 
-0.0 -100.0 178:1.0 
-0.0 -100.0 173:1.0 
-100.0 -100.0 34:1.0 76:1.0 94:1.0 148:1.0 167:1.0 193:1.0 197:1.0 204:1.0 207:1.0 218:1.0 220:1.0 
-100.0 -100.0 
-0.0 -100.0 65:1.0 104:1.0 116:1.0 151:1.0 
-100.0 -100.0 
-100.0 -100.0 
-100.0 -100.0 
-100.0 -100.0 
-100.0 -100.0 
-100.0 -100.0 133:1.0 
-100.0 -100.0 
-50.3790353594695 -100.0 8:1.0 182:1.0 
-100.0 -100.0 
-100.0 -100.0 
-0.6076774767210456 -100.0 5:1.0 74:1.0 75:1.0 81:1.0 192:1.0 198:1.0 201:1.0 216:1.0 217:1.0 
-100.0 -100.0 
-100.0 -100.0 
-100.0 -100.0 
-100.0 -100.0 
-100.0 -100.0 
-100.0 -100.0 
-100.0 -100.0 
-100.0 -100.0 
-100.0 -100.0 
-100.0 -100.0 
-100.0 -100.0 
-100.0 -100.0 
-100.0 -100.0 145:1.0 
-100.0 -100.0 
-100.0 -100.0 
-100.0 -100.0 
-100.0 -100.0 
-100.0 -100.0 
-100.0 -100.0 
-0.0 -100.0 136:1.0 
-0.0 -100.0 37:1.0 
-100.0 -100.0 
-100.0 -100.0 
-100.0 -100.0 
-100.0 -100.0 
-100.0 -100.0 
-100.0 -100.0 
-0.0 -100.0 111:1.0 
-100.0 -100.0 
-100.0 -100.0 
-100.0 -100.0 
-100.0 -100.0 
-100.0 -100.0 
-100.0 -100.0 
-100.0 -100.0 190:1.0 
-100.0 -100.0 
-100.0 -100.0 
-0.0 -100.0 173:1.0 
-100.0 -100.0 
-100.0 -100.0 
-100.0 -100.0 
-0.0 -100.0 89:1.0 
-100.0 -100.0 
-0.0 -100.0 184:1.0 
-100.0 -100.0 70:1.0 
-100.0 -100.0 
-100.0 -100.0 
-100.0 -100.0 
-100.0 -100.0 
-100.0 -100.0 
-100.0 -100.0 
-100.0 -100.0 
-100.0 -100.0 
-100.0 -100.0 
-0.0 -100.0 72:1.0 
-51.029829003635456 -100.0 43:1.0 99:1.0 
-100.0 -100.0 32:1.0 
-100.0 -100.0 
-49.46951034271862 -100.0 85:1.0 116:1.0 
-100.0 -100.0 
-100.0 -100.0 
-100.0 -100.0 
-100.0 -100.0 
-100.0 -100.0 
-100.0 -100.0 
-100.0 -100.0 23:1.0 
-100.0 -100.0 118:1.0 
-100.0 -100.0 
-100.0 -100.0 
-100.0 -100.0 31:1.0 
-100.0 -100.0 
-100.0 -100.0 98:1.0 114:1.0 
-100.0 -100.0 
-100.0 -100.0 
-100.0 -100.0 
-100.0 -100.0 23:1.0 
-100.0 -100.0 
-100.0 -100.0 
-100.0 -100.0 
-100.0 -100.0 
-100.0 -100.0 
-100.0 -100.0 
-100.0 -100.0 
-100.0 -100.0 
-100.0 -100.0 
-0.0 -100.0 10:1.0 
-100.0 -100.0 
-100.0 -100.0 
-100.0 -100.0 
-100.0 -100.0 
-100.0 -100.0 
-100.0 -100.0 
-100.0 -100.0 
-100.0 -100.0 4:1.0 
-100.0 -100.0 
-0.0 -100.0 109:1.0 
-100.0 -100.0 
-0.0 -100.0 96:1.0 
-100.0 -100.0 
-0.0 -100.0 90:1.0 
-0.0 -100.0 95:1.0 
-100.0 -100.0 
-0.0 -100.0 131:1.0 
-100.0 -100.0 
-100.0 -100.0 
-100.0 -100.0 
-100.0 -100.0 
-100.0 -100.0 
-100.0 -100.0 
-100.0 -100.0 
-82.54686448921336 -100.0 71:1.0 
-100.0 -100.0 25:1.0 
-100.0 -100.0 
-100.0 -100.0 
-0.0 -100.0 182:1.0 
-100.0 -100.0 
-100.0 -100.0 
-0.0 -100.0 3:1.0 120:1.0 
-100.0 -100.0 
-0.0 -100.0 153:1.0 
-0.0 -100.0 153:1.0 
-100.0 -100.0 
-100.0 -100.0 
-100.0 -100.0 
-0.0 -100.0 9:1.0 
-100.0 -100.0 
-100.0 -100.0 
-100.0 -100.0 
-100.0 -100.0 
-100.0 -100.0 
-100.0 -100.0 
-0.0 -100.0 62:1.0 
-100.0 -100.0 
-100.0 -100.0 
-100.0 -100.0 
-100.0 -100.0 
-100.0 -100.0 
-100.0 -100.0 
-100.0 -100.0 
-100.0 -100.0 
-100.0 -100.0 
-100.0 -100.0 142:1.0 
-100.0 -100.0 
-100.0 -100.0 
-100.0 -100.0 
-36.87327512952876 -100.0 
-0.0 -100.0 
-0.0 -100.0 35:1.0 
-0.0 -100.0 
