svm_type c_svc
kernel_type rbf
gamma 10.0
nr_class 3
total_sv 1939
rho 0.5149075135891846 0.24730300218582857 -0.3744891852485113
label 2 0 1
nr_sv 498 769 672
SV
100.0 100.0 
100.0 100.0 
100.0 100.0 
100.0 100.0 
1.5145890599945928 1.247035458438896 100:1.0 142:1.0 
100.0 100.0 
100.0 100.0 
100.0 100.0 
100.0 100.0 
100.0 100.0 
100.0 100.0 
100.0 100.0 
100.0 100.0 
100.0 100.0 
1.5146357782435902 1.2470914798009163 42:1.0 164:1.0 168:1.0 
1.514658100274682 1.2471255260342107 138:1.0 
100.0 100.0 
100.0 100.0 
100.0 100.0 
100.0 100.0 
100.0 100.0 
100.0 1.5000113350399271 32:1.0 
100.0 100.0 
100.0 100.0 
1.51563385741764 1.5000113355551803 60:1.0 
100.0 100.0 
100.0 100.0 
100.0 1.2471252542369269 103:1.0 
100.0 100.0 
100.0 100.0 
100.0 100.0 
100.0 100.0 
100.0 100.0 
100.0 100.0 
1.514659008913777 100.0 71:1.0 
100.0 100.0 
100.0 100.0 
100.0 100.0 
100.0 100.0 
1.514567069198633 1.2470014161114409 12:1.0 28:1.0 73:1.0 
100.0 100.0 
1.514635758461879 1.2478143924562015 76:1.0 94:1.0 167:1.0 181:1.0 197:1.0 207:1.0 220:1.0 
100.0 100.0 
100.0 100.0 
100.0 100.0 
100.0 100.0 
100.0 100.0 
100.0 100.0 
100.0 100.0 
100.0 100.0 
100.0 100.0 
100.0 100.0 
100.0 100.0 
100.0 1.2470909398320447 50:1.0 
100.0 100.0 
100.0 100.0 
100.0 100.0 
100.0 1.2499829593097587 133:1.0 
100.0 100.0 
100.0 100.0 
100.0 100.0 
100.0 100.0 
100.0 0.0 16:1.0 
100.0 100.0 142:1.0 
100.0 100.0 
100.0 100.0 
0.0 1.249982976701689 34:1.0 76:1.0 94:1.0 148:1.0 167:1.0 193:1.0 197:1.0 204:1.0 207:1.0 218:1.0 220:1.0 
1.515535975989175 1.2469440532585532 14:1.0 181:1.0 
100.0 100.0 
100.0 100.0 
100.0 100.0 
100.0 100.0 
100.0 100.0 11:1.0 
100.0 100.0 
100.0 100.0 
100.0 100.0 
100.0 100.0 
100.0 100.0 
100.0 100.0 
100.0 100.0 
100.0 100.0 
100.0 100.0 
100.0 100.0 
100.0 100.0 
100.0 100.0 
1.5144983257573403 1.2469436588089573 114:1.0 164:1.0 
1.5146357800444243 99.99707382434852 34:1.0 76:1.0 94:1.0 148:1.0 167:1.0 193:1.0 197:1.0 204:1.0 207:1.0 218:1.0 220:1.0 
100.0 100.0 
1.5146580159462406 1.2470909423073155 174:1.0 
100.0 100.0 
100.0 100.0 
1.5145672990542005 1.2470345068846178 12:1.0 147:1.0 
100.0 100.0 
100.0 100.0 
100.0 100.0 
100.0 100.0 
100.0 100.0 
100.0 100.0 
100.0 100.0 
100.0 100.0 
100.0 99.99705149936061 133:1.0 
100.0 100.0 
100.0 100.0 
100.0 100.0 
100.0 100.0 
100.0 100.0 
100.0 100.0 
100.0 100.0 
100.0 0.0 55:1.0 
1.514657903874017 1.2470909562651067 94:1.0 
100.0 100.0 
100.0 100.0 
100.0 100.0 
100.0 100.0 
100.0 1.247034413473273 181:1.0 
100.0 100.0 
100.0 100.0 
100.0 100.0 
1.5156065504789196 1.2470579900872307 1:1.0 84:1.0 
100.0 100.0 
100.0 100.0 
100.0 100.0 
100.0 100.0 
100.0 100.0 
100.0 100.0 
100.0 100.0 59:1.0 
100.0 100.0 
100.0 100.0 
100.0 100.0 
100.0 100.0 
100.0 100.0 
100.0 100.0 
100.0 100.0 
100.0 100.0 
100.0 100.0 
100.0 100.0 139:1.0 
100.0 100.0 
100.0 100.0 
100.0 100.0 
100.0 100.0 
100.0 100.0 
100.0 100.0 
100.0 100.0 
100.0 100.0 
100.0 100.0 
100.0 100.0 
1.514589274713602 1.2470007243071342 99:1.0 164:1.0 
100.0 100.0 
100.0 100.0 
100.0 100.0 
100.0 100.0 
1.5145894123288006 1.2470697714191479 4:1.0 6:1.0 
100.0 100.0 124:1.0 
1.5145671981377573 1.2470002564963099 4:1.0 6:1.0 85:1.0 
0.0 1.2500000148156845 87:1.0 
100.0 100.0 
1.5145891022593339 1.2470697706109157 14:1.0 
100.0 100.0 
100.0 100.0 121:1.0 
0.0 1.2499432336005383 27:1.0 108:1.0 
100.0 0.0 170:1.0 
1.5146114217965152 99.99706971523102 87:1.0 
1.5146800754814906 1.2480959839239527 47:1.0 124:1.0 
100.0 100.0 
100.0 100.0 
100.0 100.0 78:1.0 
100.0 100.0 
1.514635815057063 1.247056800923025 53:1.0 64:1.0 172:1.0 
100.0 99.74708079835288 32:1.0 
100.0 100.0 
100.0 100.0 
100.0 100.0 
100.0 100.0 
100.0 100.0 
100.0 100.0 
100.0 100.0 
100.0 100.0 
1.5145672835789319 1.247001343046185 23:1.0 76:1.0 167:1.0 197:1.0 
100.0 100.0 
100.0 100.0 
100.0 100.0 
100.0 100.0 
100.0 100.0 
100.0 100.0 
100.0 100.0 
100.0 100.0 
100.0 100.0 
100.0 100.0 
100.0 100.0 
100.0 100.0 
100.0 100.0 
100.0 100.0 23:1.0 
100.0 100.0 
100.0 100.0 
100.0 100.0 
100.0 100.0 
100.0 100.0 
100.0 100.0 
100.0 100.0 
100.0 100.0 
100.0 1.2470687599534158 168:1.0 
100.0 100.0 
100.0 1.2470697287646908 76:1.0 
100.0 100.0 
1.5145893031117605 1.2470685285862217 114:1.0 
100.0 100.0 
100.0 100.0 
100.0 100.0 25:1.0 
100.0 100.0 
100.0 100.0 23:1.0 
100.0 100.0 
100.0 100.0 
100.0 100.0 
100.0 100.0 
1.5145891847527357 1.2470343875204286 108:1.0 
100.0 100.0 
1.514611179361244 100.0 79:1.0 
100.0 100.0 
100.0 100.0 
1.5146578439570375 1.247091056176621 134:1.0 190:1.0 
100.0 100.0 
100.0 100.0 
0.0 1.500011342768434 58:1.0 
100.0 1.247159618500422 16:1.0 
100.0 100.0 
1.515606562951604 1.2470568204779542 94:1.0 147:1.0 148:1.0 189:1.0 204:1.0 
100.0 100.0 
100.0 100.0 
1.51560655725187 1.2480248273079875 12:1.0 28:1.0 73:1.0 94:1.0 189:1.0 
1.5145893674629107 1.24806180687196 70:1.0 79:1.0 
100.0 100.0 
100.0 100.0 
100.0 100.0 
1.5146800573851207 1.2470013452846063 67:1.0 76:1.0 
100.0 100.0 
100.0 100.0 70:1.0 
1.5147019639701986 0.0 166:1.0 
100.0 100.0 
100.0 100.0 
100.0 100.0 
100.0 100.0 
100.0 100.0 
100.0 100.0 124:1.0 
100.0 100.0 
100.0 100.0 
100.0 100.0 
100.0 100.0 
100.0 100.0 
100.0 100.0 
1.5146111403136535 1.2470344565639688 147:1.0 
100.0 100.0 
100.0 100.0 
1.5156508983409318 100.0 105:1.0 
100.0 100.0 
100.0 100.0 
100.0 100.0 
100.0 100.0 
100.0 1.247090941383977 55:1.0 
1.5145673190948528 1.2470579276819165 31:1.0 84:1.0 
100.0 100.0 
100.0 100.0 
0.0 100.0 31:1.0 
1.5145899598223185 100.0 31:1.0 
100.0 100.0 
100.0 100.0 
100.0 100.0 
100.0 100.0 
100.0 100.0 
100.0 100.0 
100.0 100.0 
100.0 1.5000113401925534 166:1.0 
100.0 100.0 
100.0 100.0 
100.0 100.0 
100.0 100.0 
1.515606556470676 1.2470579754729163 84:1.0 165:1.0 
100.0 100.0 
100.0 100.0 
100.0 100.0 
100.0 100.0 
100.0 100.0 
100.0 100.0 
1.5146800078867086 1.247091000961018 172:1.0 
100.0 99.74708081677136 166:1.0 
100.0 100.0 
100.0 100.0 
100.0 100.0 
100.0 100.0 
100.0 100.0 
100.0 100.0 
100.0 100.0 
1.5146578844593481 1.2469436890594592 133:1.0 168:1.0 
100.0 100.0 
100.0 100.0 
100.0 100.0 
100.0 100.0 
100.0 1.2470909555939191 24:1.0 
100.0 100.0 
100.0 100.0 
100.0 100.0 
100.0 100.0 
100.0 100.0 
100.0 100.0 
100.0 100.0 
100.0 100.0 
1.514657893962862 1.2470580152797375 84:1.0 127:1.0 
1.5146580165399557 1.2470909591260821 161:1.0 
100.0 100.0 
100.0 100.0 
100.0 100.0 
100.0 100.0 
100.0 100.0 
100.0 100.0 
100.0 100.0 
100.0 100.0 
1.5146800535447154 100.0 19:1.0 
100.0 100.0 
100.0 1.2470909398320447 170:1.0 
100.0 100.0 
100.0 100.0 
100.0 100.0 
100.0 100.0 
100.0 100.0 
100.0 100.0 
0.0 1.2499829904858504 164:1.0 
100.0 100.0 
100.0 100.0 
100.0 100.0 
100.0 100.0 
100.0 100.0 
100.0 100.0 
100.0 100.0 
100.0 100.0 
100.0 100.0 
100.0 100.0 
100.0 100.0 
100.0 100.0 
100.0 100.0 
100.0 100.0 
100.0 100.0 
100.0 100.0 
100.0 100.0 
100.0 100.0 
100.0 100.0 
100.0 100.0 
100.0 100.0 
100.0 100.0 
100.0 100.0 
100.0 100.0 
1.5145892109607093 1.2470355880446737 73:1.0 
100.0 100.0 
100.0 100.0 
100.0 100.0 
1.5312159632228504 0.0 40:1.0 
100.0 100.0 
100.0 100.0 
100.0 100.0 
100.0 100.0 
100.0 100.0 
100.0 100.0 
100.0 100.0 
100.0 100.0 
1.5145891410625527 1.2470579113698275 27:1.0 101:1.0 
100.0 100.0 
100.0 100.0 
100.0 100.0 
99.99902416002095 99.74707962003873 60:1.0 
100.0 100.0 
1.5156246492101448 1.247126272407853 46:1.0 
100.0 100.0 
100.0 100.0 
100.0 100.0 
100.0 100.0 
100.0 100.0 
100.0 100.0 
100.0 100.0 
100.0 100.0 
100.0 100.0 
100.0 100.0 
100.0 100.0 
100.0 100.0 
100.0 100.0 
100.0 100.0 
100.0 100.0 
100.0 100.0 
100.0 100.0 145:1.0 
100.0 100.0 
1.5144985640426043 99.99705699628379 27:1.0 108:1.0 
100.0 100.0 
100.0 100.0 
100.0 100.0 
100.0 100.0 
1.5146586789398169 100.0 119:1.0 
100.0 100.0 
100.0 100.0 
100.0 100.0 
100.0 100.0 
100.0 100.0 
100.0 100.0 
100.0 100.0 
100.0 100.0 
100.0 100.0 
100.0 100.0 
100.0 100.0 
100.0 100.0 
1.5145672590982704 1.2470343912213153 28:1.0 87:1.0 
100.0 100.0 
100.0 100.0 
100.0 100.0 
100.0 100.0 
100.0 100.0 
1.515650545642763 1.247091009630618 159:1.0 169:1.0 
100.0 100.0 
100.0 100.0 
100.0 100.0 
100.0 100.0 
100.0 100.0 
1.515606564618407 1.2470568001863058 8:1.0 46:1.0 61:1.0 64:1.0 162:1.0 
1.5145205409824891 100.0 27:1.0 
1.5156285555742874 100.0 182:1.0 
100.0 100.0 
100.0 100.0 
100.0 100.0 
100.0 100.0 
1.5146358429679037 1.2470568171960283 22:1.0 46:1.0 64:1.0 
100.0 100.0 
100.0 100.0 
100.0 100.0 
100.0 100.0 
100.0 100.0 
100.0 100.0 
100.0 1.2470921569639164 171:1.0 
100.0 100.0 
1.5146578784570255 1.2470578399380488 1:1.0 29:1.0 
100.0 100.0 
100.0 100.0 
1.5147019862290456 1.2480959739387627 141:1.0 
100.0 100.0 85:1.0 
100.0 100.0 
100.0 100.0 
100.0 100.0 
1.514657926313318 1.2470568020236177 128:1.0 137:1.0 154:1.0 194:1.0 202:1.0 221:1.0 
1.5144983872828301 1.2469779129753482 28:1.0 73:1.0 
100.0 100.0 
100.0 100.0 
100.0 100.0 
100.0 100.0 
100.0 100.0 
100.0 100.0 
100.0 100.0 
100.0 0.0 42:1.0 
1.515624652438525 1.247092157577883 7:1.0 
100.0 100.0 
1.5146580988589808 1.2470567947882925 1:1.0 101:1.0 
100.0 100.0 
100.0 100.0 
100.0 100.0 
100.0 100.0 
100.0 100.0 
100.0 100.0 
100.0 100.0 
100.0 100.0 
100.0 100.0 
100.0 100.0 
100.0 100.0 
100.0 100.0 
1.5156246517864096 1.247126296067855 53:1.0 
100.0 100.0 
100.0 100.0 
100.0 100.0 
100.0 100.0 
1.5155601017620854 0.0 100:1.0 
100.0 100.0 
100.0 100.0 
100.0 100.0 
1.5145205128528516 99.9970633402093 164:1.0 
100.0 100.0 
100.0 100.0 
100.0 100.0 
1.5146358238030209 1.2470568024482847 67:1.0 94:1.0 124:1.0 148:1.0 167:1.0 187:1.0 204:1.0 207:1.0 218:1.0 
100.0 100.0 
100.0 1.2470343701688524 100:1.0 
100.0 100.0 
100.0 100.0 
100.0 100.0 
100.0 100.0 
100.0 100.0 
99.98344212060135 1.2480958842497782 40:1.0 
1.5146579059353016 99.74707969835757 58:1.0 
100.0 100.0 
100.0 100.0 
100.0 100.0 
100.0 1.2471263413951235 42:1.0 
100.0 100.0 
100.0 100.0 23:1.0 
1.5145669982121672 1.2470002351355718 76:1.0 167:1.0 197:1.0 
100.0 100.0 
100.0 100.0 118:1.0 
-0.48532010454685015 0.6249659474748628 2:1.0 91:1.0 
-0.5009475166167429 0.6259562742111369 121:1.0 
-0.0 100.0 78:1.0 
-0.4853639756098535 0.6259846561594316 66:1.0 187:1.0 
-1.0000000175206594 100.0 142:1.0 
-0.0 0.6249574552154379 93:1.0 
-0.48435123875883934 0.624963105210694 116:1.0 159:1.0 
-0.48534222931014476 0.6249886521413949 8:1.0 77:1.0 
-0.0 100.0 90:1.0 
-0.4999659544337302 0.0 42:1.0 
-0.48541082206052566 100.0 4:1.0 
-0.48532014251876915 0.6249886430598224 15:1.0 102:1.0 
-0.0 0.7499319191700433 136:1.0 
-0.4853641951901997 0.625022700480718 107:1.0 203:1.0 
-0.4853641972000197 0.625984653117639 89:1.0 129:1.0 178:1.0 
-0.49997731188708405 100.0 11:1.0 
-0.48536417405833276 0.6261105119299845 162:1.0 173:1.0 
-0.4853410831224862 0.625051074861273 88:1.0 
-0.48534220543598344 100.0 78:1.0 98:1.0 
-0.0 0.6249148866637451 113:1.0 
-0.48534066389180575 100.0 90:1.0 
-100.0 0.0 170:1.0 
-0.49993189649886727 0.0 55:1.0 
-0.48534205592794427 0.6259845762673442 20:1.0 179:1.0 186:1.0 196:1.0 
-0.48437110063299105 100.0 17:1.0 
-0.4853640650469712 0.6259846491906357 85:1.0 94:1.0 147:1.0 189:1.0 
-0.49998866109606405 1.0000000334941106 85:1.0 
-0.4853193355830793 100.0 92:1.0 
-100.0 0.0 42:1.0 
-0.4853641775746438 0.6260470005690949 34:1.0 66:1.0 76:1.0 193:1.0 
-0.4853420942358927 0.6249914848060822 22:1.0 82:1.0 
-0.0 0.6249602801501453 112:1.0 
-0.48527603970903255 100.0 113:1.0 
-100.0 0.6259562769887196 181:1.0 
-1.0009715111627673 0.0 76:1.0 
-100.0 0.6250567452772499 40:1.0 
-0.4843494561303282 100.0 185:1.0 
-0.4853200126229232 100.0 38:1.0 
-0.498972159343892 0.0 24:1.0 
-0.4999432493159112 1.0000000221593308 23:1.0 
-0.49997730673327084 0.0 16:1.0 
-0.48536404958172713 0.6259858808566031 14:1.0 43:1.0 67:1.0 
-0.0 0.6249574427196803 21:1.0 
-0.48434910602368525 100.0 93:1.0 
-0.0 0.626901038783637 10:1.0 
-0.4843498212528869 0.6249659519210171 155:1.0 178:1.0 
-0.4853421866839374 0.6249858270126468 65:1.0 179:1.0 
-0.48439663230556795 0.6250226866294561 30:1.0 95:1.0 113:1.0 123:1.0 199:1.0 
-0.48534112819469866 0.6249886417067294 101:1.0 165:1.0 
-100.0 0.6259575657110201 100:1.0 
-0.4853200854795379 100.0 20:1.0 185:1.0 
-9.713106407301185E-4 1.000000028341598 131:1.0 
-100.0 0.0 16:1.0 
-0.48534205801631997 100.0 153:1.0 
-0.0 0.625956273011169 72:1.0 
-0.0 100.0 68:1.0 
-0.0 100.0 124:1.0 
-0.48534209164529046 0.6249886591633894 65:1.0 113:1.0 
-0.48543181703632204 0.6259846514279983 7:1.0 128:1.0 137:1.0 154:1.0 194:1.0 202:1.0 221:1.0 
-0.0 100.0 125:1.0 
-0.49111580603528415 100.0 78:1.0 
-0.48531984266107486 0.624994314764679 36:1.0 180:1.0 
-9.698731676565098E-4 0.6259573689324587 89:1.0 
-0.4853201555861691 0.6249659438050914 15:1.0 178:1.0 
-0.48541066475083233 0.6249886376525049 67:1.0 
-0.4843934293283802 0.6259846535546447 38:1.0 99:1.0 149:1.0 
-0.4853639950184839 0.6260470844907252 33:1.0 104:1.0 
-0.4853200014456353 0.6249602799538846 50:1.0 136:1.0 
-1.0000227262459662 0.0 133:1.0 
-0.0 0.6249063703111747 159:1.0 
-100.0 0.6249375756744661 166:1.0 
-100.0 0.6259278208633414 170:1.0 
-0.4853421872955991 0.6249886533021987 39:1.0 54:1.0 80:1.0 110:1.0 130:1.0 135:1.0 157:1.0 176:1.0 190:1.0 195:1.0 200:1.0 205:1.0 206:1.0 210:1.0 212:1.0 213:1.0 214:1.0 215:1.0 219:1.0 222:1.0 
-0.48439343422254755 0.6259846532800286 10:1.0 122:1.0 126:1.0 
-0.48532004063237144 100.0 21:1.0 
-0.4853641612871524 0.6259846450058774 72:1.0 122:1.0 138:1.0 
-0.0 0.625929168694697 109:1.0 
-100.0 100.0 25:1.0 
-0.48529721318605107 0.6249375656279829 36:1.0 
-0.0 100.0 159:1.0 
-0.0 100.0 70:1.0 
-100.0 100.0 23:1.0 
-0.4852980949941867 0.6260242984513061 116:1.0 
-0.48531995840272396 0.6250510779470031 10:1.0 78:1.0 
-0.4843505269235743 0.624971617507209 82:1.0 113:1.0 
-0.4853639952809459 100.0 63:1.0 140:1.0 151:1.0 
-100.0 0.62498861421431 133:1.0 
-0.0 100.0 179:1.0 186:1.0 196:1.0 
-99.98536397116116 100.0 11:1.0 
-0.48536406514864117 0.6259846504921188 52:1.0 76:1.0 94:1.0 148:1.0 167:1.0 197:1.0 204:1.0 207:1.0 218:1.0 220:1.0 
-0.4999659580403747 100.0 145:1.0 
-0.48531991528546586 0.6259278295845219 152:1.0 178:1.0 
-0.484350520081706 0.6250170115109214 68:1.0 102:1.0 
-0.4854108419648209 0.6250567352918814 19:1.0 101:1.0 
-0.0 0.6259562743157263 62:1.0 
-0.4853421205240886 0.6260187042777414 150:1.0 173:1.0 
-0.0 0.6269295800958774 57:1.0 
-0.0 1.0000681019576998 
-0.0 100.0 
-0.0 100.0 
-0.0 100.0 
-0.0 100.0 
-0.0 100.0 
-0.0 100.0 
-0.0 100.0 
-0.48536406546062655 0.6250170212354376 39:1.0 54:1.0 80:1.0 110:1.0 135:1.0 157:1.0 176:1.0 190:1.0 200:1.0 210:1.0 212:1.0 214:1.0 
-0.0 1.0000000252511316 158:1.0 
-0.0 100.0 
-0.0 100.0 
-0.4843710994970831 0.6249886348831807 132:1.0 
-0.4853420062632466 0.6250510823281491 149:1.0 155:1.0 
-0.0 100.0 
-0.0 100.0 
-0.4999773154933316 0.6259561985495049 118:1.0 
-0.0 100.0 
-0.0 100.0 
-0.0 100.0 
-0.0 100.0 
-0.0 100.0 
-0.0 100.0 
-0.0 100.0 96:1.0 
-0.0 100.0 
-0.48527597876153117 100.0 102:1.0 
-0.0 100.0 
-0.0 100.0 
-0.0 100.0 
-0.4843711024365492 0.6260172484766393 3:1.0 
-0.0 100.0 
-0.0 100.0 
-0.0 100.0 
-0.0 100.0 
-0.0 100.0 
-0.48536397786588914 0.6259845754969312 101:1.0 116:1.0 135:1.0 173:1.0 
-0.0 100.0 
-0.0 100.0 
-0.0 100.0 
-0.0 100.0 
-0.0 100.0 
-0.0 100.0 
-0.0 100.0 109:1.0 
-0.0 100.0 
-0.0 100.0 
-0.4843711014302935 100.0 96:1.0 
-0.0 100.0 
-0.0 100.0 
-0.48532006748628215 0.6249631227950952 45:1.0 56:1.0 63:1.0 97:1.0 132:1.0 208:1.0 
-0.0 100.0 
-0.0 100.0 
-0.48437144552939787 0.6259575033229358 63:1.0 
-0.0 100.0 
-0.0 100.0 
-0.0 100.0 
-0.0 100.0 
-99.48441789637194 100.0 142:1.0 
-0.0 100.0 
-0.0 100.0 
-0.0 100.0 
-0.0 100.0 
-0.0 100.0 
-0.0 100.0 
-0.0 100.0 
-0.48435088751798544 0.6250312118065925 26:1.0 55:1.0 
-0.0 100.0 
-0.0 100.0 
-0.0 100.0 
-0.4854107312498852 0.6260172922745318 99:1.0 
-0.485297919586391 100.0 68:1.0 
-0.0 100.0 
-0.0 100.0 
-0.0 100.0 
-1.0000000195821883 100.0 70:1.0 
-0.0 100.0 
-0.0 100.0 
-0.0 100.0 
-0.0 100.0 
-0.0 100.0 
-0.4843710997146802 0.6260172488237128 144:1.0 
-99.98438740995196 0.6259902529526238 42:1.0 
-0.0 100.0 
-0.0 100.0 
-0.0 100.0 
-0.0 100.0 
-0.4854135634709359 0.6249063642579118 101:1.0 
-0.4853199986526754 0.6249886597448656 175:1.0 180:1.0 
-0.0 100.0 
-0.0 100.0 
-0.0 100.0 
-0.0 100.0 
-0.0 100.0 
-0.0 100.0 
-0.4843498131055718 0.624965953017544 21:1.0 175:1.0 
-0.0 100.0 
-0.0 100.0 
-99.99902906554362 100.0 23:1.0 
-0.0 100.0 
-0.4853200871203982 0.6249659545621639 113:1.0 122:1.0 
-0.48534218468285445 0.6250539142833815 125:1.0 170:1.0 
-0.0 100.0 
-99.98438740520263 100.0 145:1.0 
-0.0 100.0 
-0.0 100.0 
-0.0 100.0 
-0.0 100.0 
-100.0 0.6250510633308699 168:1.0 
-0.0 100.0 
-0.0 100.0 
-99.98439414204027 0.6260797146670818 16:1.0 
-0.48434945124985973 100.0 126:1.0 
-0.0 100.0 
-0.0 100.0 
-0.0 100.0 
-0.0 100.0 
-0.0 100.0 
-0.0 100.0 
-0.0 100.0 
-0.0 100.0 
-0.0 100.0 
-9.698952416179263E-4 0.0 183:1.0 
-0.0 100.0 
-0.0 100.0 
-0.0 100.0 
-0.0 100.0 
-0.0 100.0 
-0.0 100.0 
-0.0 100.0 
-1.0000226989349774 100.0 
-100.0 100.0 
-100.0 100.0 
-100.0 100.0 
-0.0 1.0000000304025924 49:1.0 
-100.0 100.0 
-100.0 100.0 
-100.0 100.0 
-100.0 100.0 
-100.0 100.0 
-100.0 100.0 
-100.0 100.0 
-100.0 100.0 
-100.0 100.0 
-100.0 100.0 
-100.0 100.0 
-100.0 100.0 
-0.4843494510810156 100.0 18:1.0 
-100.0 100.0 
-100.0 100.0 
-9.713297052694192E-4 0.0 143:1.0 
-100.0 100.0 
-100.0 100.0 
-100.0 100.0 
-100.0 100.0 
-0.0 0.6269295813825868 191:1.0 
-100.0 100.0 
-0.48437144626996687 0.6259562752840135 140:1.0 
-100.0 100.0 
-100.0 100.0 
-0.48437712214854034 100.0 159:1.0 
-100.0 100.0 
-100.0 100.0 
-0.0 0.6249375665321562 178:1.0 
-100.0 100.0 
-100.0 100.0 
-0.0 0.6259562769877824 95:1.0 
-100.0 100.0 
-0.4854107810489586 0.6261080980484325 38:1.0 79:1.0 
-100.0 100.0 
-100.0 100.0 
-100.0 100.0 
-0.0 1.0000226778076142 5:1.0 74:1.0 75:1.0 81:1.0 192:1.0 198:1.0 201:1.0 216:1.0 217:1.0 
-100.0 100.0 
-100.0 100.0 
-100.0 100.0 
-0.48534207140604185 0.6259562766827551 83:1.0 
-100.0 100.0 
-100.0 100.0 
-100.0 100.0 
-0.0 0.6269295829638307 48:1.0 
-0.0 0.9999773211622885 152:1.0 
-100.0 100.0 
-100.0 100.0 
-100.0 100.0 
-100.0 100.0 
-100.0 100.0 
-100.0 100.0 
-100.0 100.0 
-0.48534213930893727 0.6250539083595575 6:1.0 51:1.0 
-100.0 100.0 
-100.0 100.0 
-0.49997731755504626 0.0 171:1.0 
-100.0 100.0 
-100.0 100.0 
-100.0 100.0 
-0.4853421461217359 0.6250766184999393 124:1.0 165:1.0 
-100.0 100.0 
-100.0 100.0 
-100.0 100.0 
-0.4853642199364234 0.6259845950564977 45:1.0 56:1.0 151:1.0 208:1.0 
-100.0 100.0 
-0.4853420757273527 99.9990266969899 57:1.0 
-100.0 100.0 
-0.485364236931537 0.6259859195496287 23:1.0 82:1.0 183:1.0 
-100.0 100.0 
-100.0 100.0 
-100.0 100.0 
-0.0 1.0000000293721072 47:1.0 
-0.4843714478073834 0.6259575462275613 151:1.0 
-100.0 100.0 
-0.48532001688316995 0.6249631222798709 47:1.0 55:1.0 
-100.0 100.0 
-100.0 100.0 
-100.0 100.0 
-0.485410674682191 0.6250141991346005 68:1.0 141:1.0 
-99.48541006776645 100.0 70:1.0 
-0.4853420769631269 0.6260470784701352 44:1.0 129:1.0 
-0.48437144529590925 100.0 37:1.0 
-100.0 100.0 
-100.0 100.0 
-99.98536473518146 0.6259575432827117 171:1.0 
-100.0 100.0 
-100.0 100.0 
-0.4853421206367812 0.6249943136709303 66:1.0 76:1.0 
-0.48531931546377316 0.6249687931506319 36:1.0 82:1.0 
-100.0 100.0 
-0.4999546080572582 0.7499319093786118 139:1.0 
-0.48532010251059515 0.6249943154739057 18:1.0 188:1.0 
-0.0 100.0 47:1.0 
-100.0 100.0 
-0.4852979445128279 100.0 44:1.0 
-100.0 100.0 
-99.98535339808035 99.62601730602303 85:1.0 
-100.0 100.0 
-100.0 100.0 
-100.0 100.0 
-0.48434945235341315 99.87502552303323 136:1.0 
-0.48543287554890024 0.6260470783212488 61:1.0 172:1.0 
-100.0 100.0 
-100.0 100.0 
-100.0 100.0 
-100.0 100.0 
-100.0 100.0 
-9.713334982718112E-4 0.6269295800700309 184:1.0 
-100.0 100.0 
-100.0 100.0 
-100.0 100.0 
-100.0 100.0 
-0.48534218620713704 0.6249886499528964 39:1.0 80:1.0 110:1.0 130:1.0 135:1.0 157:1.0 176:1.0 195:1.0 200:1.0 205:1.0 206:1.0 210:1.0 212:1.0 213:1.0 214:1.0 215:1.0 219:1.0 222:1.0 
-100.0 100.0 
-100.0 100.0 
-100.0 100.0 
-100.0 100.0 
-99.99903043626604 100.0 
-0.4843491089056125 99.62504253731409 152:1.0 
-9.709573504973522E-4 0.0 26:1.0 
-100.0 100.0 
-0.4843494606622621 0.6249574418811188 188:1.0 
-0.4853201100504102 0.6249602810522557 135:1.0 
-0.48434945335979546 0.6259289519318408 179:1.0 
-100.0 100.0 
-100.0 100.0 
-100.0 100.0 
-0.48527599510737923 0.624906369473107 155:1.0 
-100.0 100.0 
-0.48439343307939653 0.6260470840510794 16:1.0 129:1.0 187:1.0 
-100.0 100.0 
-100.0 100.0 
-100.0 100.0 
-0.4843707481277965 0.6259562712748157 143:1.0 
-0.49997729565683297 100.0 124:1.0 
-100.0 100.0 
-100.0 100.0 
-99.48538808712179 100.0 133:1.0 
-100.0 100.0 
-100.0 100.0 
-100.0 100.0 
-100.0 100.0 
-100.0 100.0 
-100.0 100.0 
-100.0 100.0 
-100.0 100.0 
-100.0 100.0 
-100.0 100.0 
-0.48534216698778493 0.6249886486638978 25:1.0 42:1.0 
-0.4843966306873787 0.625017012541445 30:1.0 123:1.0 199:1.0 
-0.4999545936301013 0.0 50:1.0 
-100.0 100.0 
-0.48435123929938073 0.6250567388332319 92:1.0 109:1.0 
-0.48437074824902293 99.62601857575041 131:1.0 
-0.4852980552562741 0.6249318999120216 51:1.0 
-100.0 100.0 
-100.0 100.0 
-100.0 100.0 
-100.0 100.0 
-0.48437144805049015 0.6259846545246942 59:1.0 145:1.0 
-100.0 100.0 
-100.0 100.0 
-0.48434945657978373 0.6259562743697112 20:1.0 
-100.0 100.0 
-0.48534205586881124 0.6249886609011921 45:1.0 56:1.0 63:1.0 97:1.0 208:1.0 
-100.0 0.0 55:1.0 
-100.0 100.0 
-0.4853199336551831 0.6249631148081857 2:1.0 93:1.0 
-100.0 100.0 
-0.4853886349445829 0.6249574487748571 29:1.0 
-100.0 100.0 
-100.0 100.0 124:1.0 
-100.0 100.0 
-100.0 100.0 
-100.0 100.0 
-100.0 100.0 
-0.4853199994593299 0.6249886480818587 112:1.0 115:1.0 
-100.0 100.0 
-100.0 100.0 
-0.48532008355022 99.99902678544525 10:1.0 
-100.0 100.0 
-100.0 100.0 
-0.4843710990541959 100.0 89:1.0 
-100.0 100.0 
-100.0 100.0 
-0.48434910621613236 0.6259279035564131 77:1.0 
-100.0 100.0 
-100.0 100.0 
-100.0 100.0 
-100.0 100.0 
-0.4853420992794721 100.0 13:1.0 
-100.0 100.0 
-100.0 100.0 
-100.0 100.0 
-0.4853201078871548 0.6249631226027557 23:1.0 175:1.0 
-100.0 100.0 
-100.0 100.0 
-100.0 100.0 
-100.0 100.0 
-100.0 100.0 
-100.0 100.0 
-0.48531995259291305 0.6249716084873034 51:1.0 82:1.0 
-100.0 100.0 
-100.0 100.0 
-0.48437074677566727 99.9990266978392 184:1.0 
-100.0 100.0 
-100.0 100.0 
-100.0 100.0 
-0.4999773211614687 0.0 32:1.0 
-0.48437109929597844 0.625056746824988 30:1.0 
-100.0 100.0 
-100.0 100.0 
-100.0 100.0 
-100.0 100.0 
-100.0 100.0 
-100.0 100.0 
-100.0 100.0 
-100.0 100.0 
-100.0 100.0 
-100.0 100.0 
-100.0 100.0 
-100.0 100.0 
-0.48531991577389066 0.6250539253614883 82:1.0 126:1.0 
-100.0 100.0 
-100.0 100.0 
-100.0 100.0 
-100.0 100.0 
-100.0 100.0 
-100.0 100.0 
-100.0 100.0 
-100.0 100.0 
-100.0 100.0 
-0.4843491053152664 100.0 112:1.0 
-100.0 100.0 
-100.0 100.0 
-100.0 100.0 
-100.0 100.0 
-100.0 100.0 
-100.0 100.0 
-100.0 100.0 
-100.0 100.0 
-0.48541097243860803 0.6251390441134028 105:1.0 124:1.0 
-100.0 100.0 
-100.0 100.0 
-100.0 100.0 
-100.0 100.0 
-100.0 100.0 
-100.0 100.0 
-100.0 100.0 
-100.0 100.0 
-100.0 100.0 
-100.0 100.0 
-100.0 100.0 
-100.0 100.0 
-100.0 100.0 
-100.0 100.0 
-100.0 100.0 
-100.0 0.6269295812695862 32:1.0 
-100.0 100.0 
-100.0 100.0 
-100.0 100.0 
-100.0 100.0 
-0.48541084659195377 0.6259562696783098 169:1.0 
-100.0 100.0 
-100.0 100.0 
-0.48437109932837774 100.0 43:1.0 
-0.48534212467173926 100.0 179:1.0 186:1.0 196:1.0 
-0.48532013306911453 0.6249659516002342 159:1.0 178:1.0 
-100.0 100.0 
-100.0 100.0 
-0.0 0.6259562756366891 86:1.0 
-100.0 100.0 
-0.4854106220535965 0.625956274211137 134:1.0 
-100.0 100.0 
-0.0 100.0 72:1.0 
-0.4843732315731822 0.6249886419639217 116:1.0 165:1.0 
-0.4843491033347051 100.0 125:1.0 
-100.0 100.0 
-0.4843533634986855 0.6249602781518164 29:1.0 135:1.0 
-0.48534205660851015 99.99902532690876 48:1.0 
-100.0 100.0 
-100.0 100.0 
-100.0 100.0 
-100.0 100.0 
-0.4999773224494678 0.0 103:1.0 
-0.484395926384931 0.6259846528827596 39:1.0 54:1.0 80:1.0 176:1.0 190:1.0 210:1.0 
-0.48434981372303415 0.6260526107481353 120:1.0 
-0.4843491043899284 0.6259279044796471 26:1.0 
-0.48532008616906924 0.6249886473740138 44:1.0 155:1.0 
-0.48439628137830965 0.625984654842294 36:1.0 37:1.0 144:1.0 
-100.0 100.0 
-99.98634794477117 0.624957443490372 24:1.0 
-100.0 100.0 
-99.98536471409481 99.99902669304615 32:1.0 
-100.0 100.0 
-100.0 100.0 
-0.48543285473235986 0.6259845979412036 147:1.0 189:1.0 
-100.0 100.0 
-0.4853641750606036 0.6259846565335355 37:1.0 65:1.0 116:1.0 
-0.48543291390262205 0.6259859384778305 22:1.0 141:1.0 
-100.0 100.0 
-100.0 100.0 
-100.0 100.0 
-0.48529802580626763 100.0 180:1.0 
-100.0 100.0 
-100.0 100.0 
-100.0 100.0 
-100.0 100.0 
-0.4843491087281661 100.0 163:1.0 
-100.0 100.0 
-100.0 100.0 
-0.48541084401898654 0.6259562725901212 127:1.0 
-100.0 100.0 
-100.0 100.0 
-100.0 100.0 
-100.0 100.0 
-0.4853420612393107 100.0 86:1.0 
-100.0 100.0 
-100.0 100.0 
-0.4843526557285662 100.0 109:1.0 
-100.0 100.0 
-99.98439521353929 0.6258994538628221 55:1.0 
-100.0 100.0 
-99.98439520652725 99.87503119532141 139:1.0 
-100.0 100.0 
-100.0 100.0 
-100.0 100.0 
-100.0 100.0 
-100.0 100.0 
-0.4854107627360949 0.6250482483763063 87:1.0 159:1.0 
-100.0 100.0 
-100.0 100.0 
-100.0 100.0 
-100.0 100.0 
-100.0 100.0 
-100.0 100.0 
-100.0 100.0 
-0.4853420566840053 0.6251135085240628 177:1.0 
-100.0 100.0 
-100.0 100.0 
-100.0 100.0 
-100.0 100.0 
-100.0 100.0 
-100.0 100.0 
-100.0 100.0 
-100.0 100.0 
-0.4843710989665005 0.6259562730556639 183:1.0 
-100.0 100.0 
-100.0 100.0 
-100.0 100.0 
-100.0 100.0 
-100.0 100.0 
-99.98634768072125 99.625990208193 23:1.0 
-100.0 100.0 
-0.4843491064338454 100.0 115:1.0 
-100.0 100.0 
-100.0 100.0 
-100.0 100.0 
-100.0 100.0 
-100.0 100.0 
-100.0 100.0 
-0.48534207527465506 0.6261106865677966 104:1.0 124:1.0 
-100.0 100.0 
-100.0 100.0 
-100.0 100.0 
-100.0 100.0 
-100.0 100.0 
-0.48534205456561735 100.0 62:1.0 
-100.0 100.0 
-100.0 100.0 
-100.0 100.0 
-100.0 100.0 
-100.0 100.0 
-100.0 100.0 
-100.0 100.0 
-100.0 100.0 
-100.0 100.0 
-100.0 100.0 
-0.48432710677729074 0.6249375707796305 15:1.0 
-100.0 100.0 
-99.48441721051786 0.625990242374213 76:1.0 
-100.0 100.0 
-0.0 100.0 178:1.0 
-100.0 100.0 
-100.0 100.0 
-100.0 100.0 
-0.4853420301858512 0.6249943193410099 25:1.0 82:1.0 120:1.0 
-0.0 0.6259562386303775 69:1.0 
-100.0 100.0 59:1.0 
-100.0 100.0 
-100.0 100.0 
-100.0 100.0 
-100.0 100.0 
-100.0 100.0 
-0.4853201347856731 0.6249886440885528 102:1.0 139:1.0 
-100.0 100.0 
-100.0 100.0 
-100.0 100.0 
-100.0 100.0 
-100.0 100.0 
-100.0 100.0 
-100.0 100.0 
-100.0 100.0 
-100.0 100.0 
-100.0 100.0 
-99.98536473286937 0.6260172841591559 103:1.0 
-0.4843753506693196 100.0 95:1.0 
-100.0 100.0 
-100.0 100.0 
-100.0 100.0 
-100.0 100.0 
-100.0 100.0 
-0.48534218367423165 0.6259845723089204 22:1.0 163:1.0 
-99.9843937883596 100.0 121:1.0 
-0.48437535157886963 99.9990266926765 191:1.0 
-0.48536397776218976 0.6259846455648738 63:1.0 132:1.0 140:1.0 
-100.0 100.0 
-100.0 100.0 
-100.0 100.0 
-100.0 100.0 
-100.0 100.0 
-0.48529798779693323 0.6249375812798508 82:1.0 120:1.0 
-100.0 100.0 
-100.0 100.0 
-0.0 0.6248212379017934 82:1.0 
-0.48534203715946517 0.6249858258536609 45:1.0 56:1.0 63:1.0 132:1.0 208:1.0 
-100.0 100.0 60:1.0 
-100.0 100.0 
-0.4843750014971088 100.0 69:1.0 
-100.0 100.0 
-100.0 100.0 
-100.0 100.0 
-100.0 100.0 
-100.0 100.0 
-0.48444203953034287 0.6249659473457164 24:1.0 166:1.0 
-100.0 100.0 
-100.0 100.0 
-100.0 100.0 
-100.0 100.0 
-100.0 100.0 
-0.48532001679561915 0.6249574401428186 122:1.0 
-100.0 100.0 
-0.4853888104579746 99.6259913956756 47:1.0 
-100.0 100.0 
-100.0 100.0 
-0.4852759099259753 0.6249120376359248 175:1.0 
-100.0 100.0 
-100.0 100.0 
-100.0 100.0 
-100.0 100.0 
-100.0 100.0 
-100.0 100.0 
-100.0 100.0 
-100.0 100.0 
-100.0 100.0 
-100.0 100.0 
-100.0 100.0 
-100.0 100.0 
-100.0 100.0 
-0.4853640228011093 0.6259845791664049 18:1.0 53:1.0 111:1.0 
-0.4843711031924859 100.0 72:1.0 
-100.0 100.0 
-0.48529798832811233 0.6249375658860228 2:1.0 
-100.0 100.0 
-0.4852319403789397 100.0 178:1.0 
-100.0 100.0 
-0.48536404161244395 0.6259846519589465 39:1.0 80:1.0 110:1.0 130:1.0 135:1.0 176:1.0 190:1.0 195:1.0 200:1.0 205:1.0 206:1.0 210:1.0 213:1.0 215:1.0 219:1.0 222:1.0 
-100.0 100.0 
-100.0 100.0 
-100.0 100.0 
-100.0 100.0 
-100.0 100.0 
-100.0 100.0 
-99.98439413970532 100.0 118:1.0 
-0.48536401888098385 99.62500000714819 5:1.0 74:1.0 75:1.0 81:1.0 192:1.0 198:1.0 201:1.0 216:1.0 217:1.0 
-100.0 100.0 
-100.0 100.0 
-100.0 100.0 
-100.0 100.0 
-100.0 100.0 
-0.4843491073117272 0.6249574477424387 91:1.0 
-100.0 100.0 
-100.0 100.0 
-99.99416012227111 100.0 78:1.0 
-100.0 100.0 166:1.0 
-100.0 100.0 
-100.0 100.0 
-0.4843750017065053 0.6260186975429767 146:1.0 
-100.0 100.0 
-0.48536398101980854 100.0 41:1.0 160:1.0 211:1.0 
-100.0 100.0 
-100.0 100.0 
-0.48534207865515894 99.62601860007234 158:1.0 
-100.0 100.0 
-100.0 100.0 
-0.4853641915275338 0.6259846528827009 117:1.0 156:1.0 209:1.0 
-100.0 100.0 
-100.0 100.0 
-100.0 100.0 
-100.0 100.0 
-100.0 100.0 
-100.0 100.0 
-100.0 100.0 
-0.4853420922371129 99.62601857342308 49:1.0 
-0.4853201273257407 0.6250226850889482 150:1.0 
-100.0 100.0 
-100.0 100.0 
-100.0 100.0 
-100.0 100.0 
-100.0 100.0 
-100.0 100.0 
-99.98439485906971 0.6249602759642001 50:1.0 
-99.98536750208798 100.0 124:1.0 
-100.0 100.0 
-100.0 100.0 
-100.0 100.0 
-100.0 100.0 
-100.0 100.0 
-100.0 100.0 
-100.0 100.0 
-100.0 100.0 
-100.0 100.0 
-0.4853421152457614 0.6261106459321979 78:1.0 162:1.0 
-100.0 100.0 
-0.4843512381944883 0.6250539283273194 101:1.0 142:1.0 
-100.0 100.0 
-100.0 100.0 
-100.0 100.0 
-0.4852098784132308 100.0 82:1.0 
-0.48434946497080156 0.6249659543038906 39:1.0 54:1.0 80:1.0 110:1.0 130:1.0 135:1.0 157:1.0 176:1.0 195:1.0 200:1.0 205:1.0 206:1.0 210:1.0 212:1.0 213:1.0 214:1.0 215:1.0 219:1.0 222:1.0 
-0.485410843361651 0.6249631271134427 166:1.0 178:1.0 
-100.0 100.0 
-100.0 100.0 
-100.0 100.0 
-100.0 100.0 
-100.0 100.0 
-99.48603637598274 99.62510223534767 
-0.0 -100.0 
-0.0 -100.0 
-0.0 -100.0 
-0.0 -100.0 
-0.7530222350335817 -1.3750141852226054 28:1.0 
-0.0 -100.0 
-0.0 -100.0 
-0.0 -1.5000680733578335 125:1.0 
-100.0 -1.3749744734862657 19:1.0 
-0.0 -100.0 
-0.0 -100.0 
-0.0 -100.0 
-0.0 -100.0 
-0.0 -100.0 
-0.0 -100.0 
-0.0 -100.0 
-100.0 -1.3740735299197822 79:1.0 
-0.0 -100.0 
-0.7530563190247646 -1.3740451419214619 53:1.0 103:1.0 
-0.0 -100.0 
-0.0 -100.0 
-0.0 -100.0 
-0.7519040248563363 -100.0 185:1.0 
-100.0 -1.3740437275480435 31:1.0 
-0.0 -100.0 
-0.0019609118120820284 -100.0 68:1.0 
-0.0 -100.0 
-0.0 -100.0 
-0.0 -100.0 
-0.0 -100.0 
-0.0 -100.0 
-0.0 -100.0 
-0.0 -100.0 
-0.0 -100.0 
-0.7529090263913182 -100.0 11:1.0 
-0.0 -100.0 
-0.0 -100.0 
-0.0 -100.0 
-0.0 -100.0 
-0.0 -100.0 
-0.7529089338297412 -100.0 191:1.0 
-0.7529431786851554 -1.3740721774582876 23:1.0 120:1.0 
-0.0 -100.0 
-0.0019409235995433347 -0.0 98:1.0 
-0.0 -100.0 
-0.0 -100.0 
-0.0 -100.0 
-0.0 -100.0 
-0.002931489332288579 -0.0 111:1.0 
-0.0 -100.0 
-0.752908984613525 -100.0 145:1.0 
-0.0 -100.0 
-0.0 -100.0 
-0.0 -100.0 
-0.0 -100.0 
-0.7531128273611158 -1.3749489324202695 164:1.0 168:1.0 
-0.0 -100.0 
-0.0 -100.0 
-0.0 -100.0 
-0.0 -100.0 
-0.0 -100.0 
-0.0 -100.0 
-0.0 -100.0 
-0.0 -100.0 
-0.0 -100.0 
-0.7519040565375769 -1.3738905070801146 35:1.0 173:1.0 
-0.0 -100.0 
-0.0 -100.0 
-0.0 -100.0 
-0.0 -100.0 
-100.0 -100.0 11:1.0 
-0.0 -100.0 
-0.0 -100.0 
-0.0 -100.0 
-0.0 -100.0 
-0.0 -100.0 
-0.0 -100.0 
-0.0 -100.0 
-0.0029203992840275248 -1.5000113407075533 17:1.0 
-0.7519381064889191 -1.3749489368012249 35:1.0 146:1.0 
-0.0 -100.0 
-0.0 -100.0 
-0.0 -100.0 
-0.0 -100.0 
-0.0 -100.0 
-0.0 -100.0 159:1.0 
-0.002920418600153959 -100.0 96:1.0 
-0.0 -100.0 
-0.0 -100.0 
-0.0 -100.0 
-0.0 -100.0 47:1.0 
-0.0 -100.0 
-0.7529655431202282 -1.3749801328925246 13:1.0 14:1.0 
-0.7528743779333777 -100.0 43:1.0 
-0.0029317471923477373 -1.5000567218289822 92:1.0 
-0.7529078955902705 -1.3740437305941717 52:1.0 
-0.0 -100.0 
-0.0 -100.0 
-0.0 -100.0 
-0.7519381885182226 -1.3749233822060538 30:1.0 33:1.0 113:1.0 
-0.0 -100.0 
-0.7529078704703327 -100.0 86:1.0 
-0.0 -100.0 
-0.7529078465444241 -100.0 69:1.0 
-0.7529078465604414 -100.0 102:1.0 
-0.0 -100.0 
-0.0 -100.0 
-0.0 -100.0 
-0.0 -100.0 
-0.0 -100.0 
-0.0 -100.0 
-0.7529432008342142 -1.374043727337514 26:1.0 55:1.0 113:1.0 
-0.0 -100.0 
-0.0 -100.0 
-0.0 -100.0 
-0.0 -100.0 
-0.0 -1.5000680754191842 38:1.0 
-0.0 -100.0 78:1.0 
-0.751994788308948 -100.0 159:1.0 
-0.001935279457140062 -0.0 173:1.0 
-0.7519438465207281 -100.0 48:1.0 
-0.0 -100.0 
-0.752999749128972 -1.3750368952402487 16:1.0 187:1.0 
-0.0 -100.0 
-0.0 -100.0 
-0.0 -100.0 
-0.0 -100.0 
-0.0 -100.0 
-0.0 -100.0 
-0.002930401387323667 -1.3750397477388374 142:1.0 
-0.0 -100.0 
-0.0 -100.0 
-0.0 -100.0 
-0.0 -100.0 
-1.00173040788769 -100.0 
-0.7519607477150398 -100.0 47:1.0 
-100.0 -100.0 
-100.0 -100.0 
-100.0 -100.0 
-100.0 -100.0 
-0.7529645311733018 -1.373952927869864 44:1.0 164:1.0 
-100.0 -100.0 
-100.0 -100.0 
-100.0 -100.0 166:1.0 
-100.0 -100.0 
-100.0 -100.0 
-0.7519040666253667 -100.0 44:1.0 
-100.0 -100.0 
-0.0029204997584208053 -100.0 41:1.0 160:1.0 211:1.0 
-0.0019438119531678313 -99.87494896359465 78:1.0 
-100.0 -100.0 
-0.7529090499162298 -1.3750624384314085 104:1.0 
-100.0 -100.0 
-100.0 -100.0 
-0.002930532999306581 -100.0 72:1.0 
-100.0 -100.0 
-100.0 -100.0 
-100.0 -100.0 
-100.0 -100.0 
-100.0 -100.0 
-100.0 -100.0 
-0.752907846447122 -100.0 93:1.0 
-0.7528745289557245 -100.0 49:1.0 
-100.0 -100.0 
-0.7529089084644699 -1.3740425901416553 97:1.0 
-100.0 -100.0 
-100.0 -100.0 
-100.0 -100.0 59:1.0 
-0.7529997466882397 -1.374014251877659 33:1.0 138:1.0 
-100.0 -100.0 
-100.0 -100.0 
-0.0029204998453772613 -1.375014187867881 34:1.0 76:1.0 193:1.0 
-100.0 -100.0 
-0.0 -100.0 124:1.0 
-100.0 -100.0 
-100.0 -100.0 
-100.0 -100.0 
-100.0 -100.0 
-0.7519437777598247 -1.3740438030579942 13:1.0 144:1.0 
-100.0 -100.0 
-0.7519466670859176 -1.3740995286311293 162:1.0 
-100.0 -1.374043784141464 58:1.0 
-100.0 -100.0 
-0.75194377772549 -1.3738905058907862 71:1.0 149:1.0 
-100.0 -100.0 
-0.00291991253643869 -99.87402554789243 124:1.0 
-100.0 -100.0 
-100.0 -100.0 
-100.0 -100.0 
-100.0 -100.0 
-100.0 -100.0 
-0.00292579400976155 -99.87403805975117 126:1.0 
-0.752909055067666 -1.3750056905127273 64:1.0 
-100.0 -100.0 
-100.0 -100.0 
-0.0029370694230313964 -1.3740437305204698 119:1.0 
-100.0 -100.0 
-100.0 -100.0 
-100.0 -100.0 
-0.0019439056183582354 -100.0 179:1.0 186:1.0 196:1.0 
-0.7529431855907602 -1.3740153442223617 47:1.0 58:1.0 172:1.0 
-0.0019694791878890634 -99.87400276267468 125:1.0 
-100.0 -100.0 
-100.0 -100.0 
-0.7529086653495125 -100.0 82:1.0 
-100.0 -100.0 
-0.7519949050241526 -1.3740140826642893 70:1.0 141:1.0 
-100.0 -100.0 
-100.0 -100.0 
-0.0029362297443074857 -99.87496881337793 38:1.0 
-100.0 -100.0 
-100.0 -100.0 
-100.0 -100.0 
-100.0 -100.0 
-100.0 -1.3739530034623872 27:1.0 108:1.0 
-0.2528744788260335 -0.3748382751108466 35:1.0 
-0.7529419785592203 -1.3749858000915147 17:1.0 97:1.0 178:1.0 180:1.0 
-100.0 -100.0 
-100.0 -100.0 
-100.0 -100.0 
-100.0 -100.0 
-0.0029203431501075277 -0.3740197608279329 153:1.0 
-100.0 -100.0 
-100.0 -100.0 
-100.0 -100.0 
-100.0 -100.0 
-100.0 -100.0 
-100.0 -100.0 
-100.0 -100.0 
-100.0 -100.0 
-100.0 -100.0 
-0.0029192318739281117 -0.37496310675990807 9:1.0 
-100.0 -100.0 
-100.0 -100.0 
-100.0 -100.0 85:1.0 
-100.0 -100.0 
-100.0 -100.0 
-100.0 -100.0 
-100.0 -100.0 
-0.751904090149444 -1.3740437273412998 49:1.0 115:1.0 
-0.7519040401952024 -100.0 152:1.0 
-100.0 -100.0 
-100.0 -100.0 
-100.0 -100.0 
-100.0 -100.0 
-100.0 -100.0 
-100.0 -100.0 
-100.0 -100.0 
-100.0 -100.0 
-0.749977300809644 -99.87498584208693 92:1.0 
-0.7528744432178821 -1.3750141854828857 47:1.0 180:1.0 
-100.0 -100.0 
-100.0 -100.0 
-100.0 -100.0 
-100.0 -100.0 
-100.0 -100.0 
-0.7529430388222068 -1.3740153955629413 71:1.0 79:1.0 113:1.0 
-0.0 -1.3750000175190307 173:1.0 
-0.001943723462117049 -100.0 70:1.0 
-100.0 -100.0 
-0.7499602766086996 -100.0 78:1.0 
-100.0 -100.0 
-100.0 -100.0 
-100.0 -100.0 
-100.0 -1.374072184704571 105:1.0 
-100.0 -100.0 
-0.7499886497607502 -99.87403246486512 17:1.0 
-100.0 -100.0 
-100.0 -100.0 
-0.0 -1.37494609266987 98:1.0 
-100.0 -100.0 
-0.7529645136407697 -1.3750425621780007 6:1.0 
-100.0 -100.0 
-100.0 -100.0 
-100.0 -100.0 
-100.0 -100.0 
-100.0 -100.0 
-100.0 -100.0 
-100.0 -100.0 
-100.0 -100.0 
-100.0 -100.0 
-100.0 -100.0 
-100.0 -100.0 
-100.0 -100.0 
-100.0 -100.0 
-100.0 -100.0 
-100.0 -100.0 
-100.0 -100.0 
-100.0 -100.0 
-0.7519382000924322 -1.3750425548364718 150:1.0 178:1.0 
-100.0 -100.0 
-100.0 -100.0 
-100.0 -100.0 
-0.7529655783395091 -1.374043727637633 12:1.0 
-100.0 -100.0 
-100.0 -100.0 
-0.7529090637230685 -100.0 21:1.0 
-100.0 -100.0 
-100.0 -100.0 
-0.7529431308807928 -1.3739813058592047 19:1.0 88:1.0 
-0.001943726392729968 -100.0 178:1.0 
-100.0 -100.0 
-100.0 -100.0 
-100.0 -100.0 
-100.0 -100.0 
-100.0 -100.0 
-100.0 -100.0 
-100.0 -100.0 
-100.0 -100.0 
-100.0 -100.0 
-100.0 -100.0 
-100.0 -1.374977312720747 87:1.0 
-100.0 -100.0 139:1.0 
-0.7499772925633339 -100.0 125:1.0 
-100.0 -100.0 
-0.7500170146709981 -100.0 70:1.0 
-0.7529430162906574 -1.3749829824351258 30:1.0 41:1.0 123:1.0 160:1.0 199:1.0 211:1.0 
-0.7528736626691847 -1.3749744662744956 149:1.0 
-0.7529086712831029 -100.0 18:1.0 
-100.0 -100.0 
-100.0 -100.0 
-100.0 -100.0 
-100.0 -100.0 
-100.0 -100.0 
-0.7499829531291704 -1.5000340507212273 126:1.0 
-0.7519381856281475 -100.0 20:1.0 185:1.0 
-100.0 -100.0 
-0.7529078293119842 -1.375039741684449 129:1.0 
-100.0 -100.0 
-100.0 -100.0 
-100.0 -100.0 
-100.0 -100.0 
-0.7499319061593058 -0.0 98:1.0 
-100.0 -100.0 
-0.751904107661653 -100.0 78:1.0 98:1.0 
-0.75290890846454 -100.0 57:1.0 
-100.0 -100.0 
-100.0 -100.0 
-100.0 -100.0 
-100.0 -100.0 
-100.0 -100.0 
-100.0 -100.0 
-100.0 -100.0 
-100.0 -100.0 
-100.0 -100.0 
-100.0 -100.0 
-100.0 -100.0 
-0.001960882815831038 -99.8740211302428 37:1.0 
-100.0 -100.0 
-100.0 -100.0 
-0.7500227017679382 -0.0 34:1.0 76:1.0 193:1.0 
-100.0 -100.0 
-100.0 -100.0 
-100.0 -100.0 
-100.0 -100.0 
-100.0 -1.3748808448259096 164:1.0 
-0.7500283780459084 -100.0 179:1.0 186:1.0 196:1.0 
-100.0 -100.0 
-100.0 -100.0 
-100.0 -100.0 
-100.0 -100.0 
-100.0 -100.0 
-100.0 -100.0 
-100.0 -100.0 
-1.000022737066883 -100.0 124:1.0 
-0.7529419846520796 -1.374982982113016 87:1.0 100:1.0 174:1.0 
-100.0 -100.0 
-100.0 -100.0 60:1.0 
-100.0 -100.0 
-0.7528403802018396 -100.0 13:1.0 
-0.7529085831276991 -1.373981355600045 30:1.0 33:1.0 
-100.0 -100.0 
-0.751994811471544 -1.3739813028238048 87:1.0 152:1.0 
-1.0000000159752032 -100.0 142:1.0 
-100.0 -100.0 
-100.0 -1.5001134781836778 78:1.0 
-100.0 -100.0 
-100.0 -100.0 
-100.0 -100.0 
-0.7528744156107137 -1.3739813049440368 106:1.0 
-100.0 -100.0 
-100.0 -100.0 
-100.0 -100.0 
-100.0 -100.0 
-100.0 -100.0 
-0.7529986219626178 -1.3740722002546781 76:1.0 177:1.0 
-0.7529088927532999 -100.0 163:1.0 
-100.0 -100.0 
-100.0 -100.0 
-100.0 -100.0 
-100.0 -100.0 
-100.0 -100.0 
-100.0 -100.0 
-100.0 -100.0 
-100.0 -100.0 
-100.0 -100.0 
-100.0 -100.0 
-100.0 -100.0 
-0.7529431830122287 -1.3740142065537475 10:1.0 147:1.0 182:1.0 
-100.0 -100.0 
-100.0 -100.0 
-0.25188127903348356 -1.3739529239362518 98:1.0 114:1.0 
-100.0 -100.0 
-0.0029372817242056966 -100.0 109:1.0 
-0.7529420163356545 -100.0 63:1.0 140:1.0 151:1.0 
-100.0 -100.0 
-100.0 -100.0 
-100.0 -100.0 
-100.0 -100.0 
-100.0 -100.0 
-100.0 -100.0 
-100.0 -100.0 
-0.001955246420373198 -1.3750397289311194 61:1.0 
-100.0 -100.0 
-100.0 -100.0 
-100.0 -100.0 
-100.0 -100.0 
-100.0 -100.0 
-0.7499716389565864 -0.0 119:1.0 
-0.7519438191742258 -1.3749432600067175 111:1.0 116:1.0 
-100.0 -100.0 
-100.0 -100.0 
-100.0 -100.0 
-100.0 -100.0 
-100.0 -100.0 
-100.0 -100.0 
-100.0 -100.0 
-100.0 -100.0 
-0.7520289037560777 -1.3740735152674988 16:1.0 177:1.0 
-100.0 -100.0 
-0.7519040450975001 -100.0 115:1.0 
-100.0 -100.0 
-100.0 -100.0 
-100.0 -100.0 
-100.0 -100.0 124:1.0 
-100.0 -100.0 
-100.0 -100.0 
-100.0 -100.0 
-100.0 -100.0 
-100.0 -100.0 
-100.0 -100.0 
-0.7519948549746249 -1.373981408115198 40:1.0 106:1.0 
-0.7529087579738748 -100.0 112:1.0 
-100.0 -100.0 
-100.0 -0.0 119:1.0 
-100.0 -100.0 
-100.0 -100.0 
-100.0 -100.0 
-100.0 -100.0 
-100.0 -100.0 
-100.0 -100.0 
-100.0 -100.0 
-100.0 -100.0 
-100.0 -100.0 
-0.7519097488660497 -100.0 158:1.0 
-100.0 -100.0 
-100.0 -100.0 
-100.0 -100.0 23:1.0 
-100.0 -100.0 
-0.7519069702755379 -100.0 180:1.0 
-100.0 -100.0 
-0.0 -1.3749829837237406 41:1.0 160:1.0 211:1.0 
-100.0 -100.0 
-100.0 -100.0 
-100.0 -100.0 
-0.7500226991912327 -0.0 41:1.0 160:1.0 211:1.0 
-100.0 -100.0 
-99.7500226851513 -1.5001021367034246 124:1.0 
-100.0 -100.0 
-100.0 -100.0 
-100.0 -100.0 121:1.0 
-100.0 -100.0 
-100.0 -100.0 
-100.0 -100.0 
-100.0 -100.0 
-0.002920276071738613 -100.0 90:1.0 
-100.0 -100.0 
-100.0 -100.0 
-100.0 -100.0 
-100.0 -100.0 
-100.0 -100.0 
-100.0 -100.0 
-100.0 -100.0 
-100.0 -100.0 
-100.0 -100.0 
-100.0 -100.0 
-0.7499772990068362 -100.0 68:1.0 
-100.0 -100.0 
-100.0 -100.0 
-0.0 -1.373981306596788 111:1.0 
-100.0 -100.0 
-0.7520032782942978 -1.3740437234112652 46:1.0 131:1.0 
-100.0 -100.0 
-0.7499716389565867 -0.0 38:1.0 
-100.0 -100.0 
-0.7519976074799339 -1.374072244179693 42:1.0 158:1.0 
-100.0 -100.0 
-0.7499829656230902 -0.0 61:1.0 
-100.0 -100.0 
-100.0 -100.0 
-100.0 -100.0 
-0.7529086988185244 -100.0 113:1.0 
-100.0 -1.3749432620006277 27:1.0 
-100.0 -100.0 
-100.0 -100.0 
-100.0 -100.0 
-100.0 -100.0 
-100.0 -100.0 
-0.7499602768678699 -100.0 178:1.0 
-100.0 -1.3740154079500784 34:1.0 76:1.0 94:1.0 148:1.0 167:1.0 193:1.0 197:1.0 204:1.0 207:1.0 218:1.0 220:1.0 
-100.0 -100.0 
-0.752943196256697 -1.3749829848819728 65:1.0 104:1.0 116:1.0 151:1.0 
-100.0 -100.0 
-100.0 -100.0 
-100.0 -100.0 
-100.0 -100.0 
-100.0 -100.0 
-100.0 -100.0 133:1.0 
-100.0 -100.0 
-0.7529431959906605 -1.3739529276582614 8:1.0 182:1.0 
-100.0 -100.0 
-100.0 -100.0 
-0.7529420736742986 -100.0 5:1.0 74:1.0 75:1.0 81:1.0 192:1.0 198:1.0 201:1.0 216:1.0 217:1.0 
-100.0 -100.0 
-100.0 -100.0 
-100.0 -100.0 
-100.0 -100.0 
-100.0 -100.0 
-100.0 -100.0 
-100.0 -100.0 
-100.0 -100.0 
-100.0 -100.0 
-100.0 -100.0 
-100.0 -100.0 
-100.0 -100.0 
-100.0 -100.0 145:1.0 
-100.0 -100.0 
-100.0 -100.0 
-100.0 -100.0 
-100.0 -100.0 
-100.0 -100.0 
-100.0 -100.0 
-0.7519381814912878 -100.0 136:1.0 
-0.7499829636905948 -1.5000226780637629 37:1.0 
-100.0 -100.0 
-100.0 -100.0 
-100.0 -100.0 
-100.0 -100.0 
-100.0 -100.0 
-100.0 -100.0 
-0.7499432624546576 -0.0 111:1.0 
-100.0 -100.0 
-100.0 -100.0 
-100.0 -100.0 
-100.0 -100.0 
-100.0 -100.0 
-100.0 -100.0 
-0.75296453636635 -1.3750141823864985 190:1.0 
-100.0 -100.0 
-100.0 -100.0 
-0.749977251236516 -0.0 173:1.0 
-100.0 -100.0 
-100.0 -100.0 
-100.0 -100.0 
-0.7529078704703327 -100.0 89:1.0 
-100.0 -100.0 
-0.7529090235343924 -100.0 184:1.0 
-100.0 -100.0 70:1.0 
-100.0 -100.0 
-100.0 -100.0 
-100.0 -100.0 
-100.0 -100.0 
-100.0 -100.0 
-100.0 -100.0 
-100.0 -100.0 
-100.0 -100.0 
-100.0 -100.0 
-0.749977313561135 -100.0 72:1.0 
-0.7519381847379738 -1.3740450593897071 43:1.0 99:1.0 
-100.0 -100.0 32:1.0 
-100.0 -100.0 
-0.7529431925266673 -1.375039734861602 85:1.0 116:1.0 
-100.0 -100.0 
-100.0 -100.0 
-100.0 -100.0 
-100.0 -100.0 
-100.0 -100.0 
-100.0 -100.0 
-100.0 -100.0 23:1.0 
-100.0 -100.0 118:1.0 
-100.0 -100.0 
-100.0 -100.0 
-100.0 -0.0 31:1.0 
-100.0 -100.0 
-0.5001134905483301 -0.0 98:1.0 114:1.0 
-100.0 -100.0 
-100.0 -100.0 
-100.0 -100.0 
-100.0 -100.0 23:1.0 
-100.0 -100.0 
-100.0 -100.0 
-100.0 -100.0 
-100.0 -100.0 
-100.0 -100.0 
-100.0 -100.0 
-100.0 -100.0 
-100.0 -100.0 
-100.0 -100.0 
-0.7529090618109819 -100.0 10:1.0 
-100.0 -100.0 
-100.0 -100.0 
-100.0 -100.0 
-100.0 -100.0 
-100.0 -100.0 
-100.0 -100.0 
-100.0 -100.0 
-0.7529651959929372 -100.0 4:1.0 
-100.0 -100.0 
-0.7499716479727709 -100.0 109:1.0 
-100.0 -100.0 
-0.7499886451229147 -100.0 96:1.0 
-100.0 -100.0 
-0.7499886536252384 -100.0 90:1.0 
-0.7529090262082508 -100.0 95:1.0 
-100.0 -100.0 
-0.7528736806088462 -100.0 131:1.0 
-100.0 -100.0 
-100.0 -100.0 
-100.0 -100.0 
-100.0 -100.0 
-100.0 -100.0 
-100.0 -100.0 
-100.0 -100.0 
-100.0 -1.374946084877204 71:1.0 
-100.0 -100.0 25:1.0 
-100.0 -100.0 
-100.0 -100.0 
-100.0 -1.3749517617354745 182:1.0 
-100.0 -100.0 
-100.0 -100.0 
-0.752943147404031 -1.3740722471173041 3:1.0 120:1.0 
-100.0 -100.0 
-0.0 -1.000022698419599 153:1.0 
-0.7499886404859926 -100.0 153:1.0 
-100.0 -100.0 
-100.0 -100.0 
-100.0 -100.0 
-0.7499886381670726 -1.000045399931068 9:1.0 
-100.0 -100.0 
-100.0 -100.0 
-100.0 -100.0 
-100.0 -100.0 
-100.0 -100.0 
-100.0 -100.0 
-0.7529078466496343 -100.0 62:1.0 
-100.0 -100.0 
-100.0 -100.0 
-100.0 -100.0 
-100.0 -100.0 
-100.0 -100.0 
-100.0 -100.0 
-100.0 -100.0 
-100.0 -100.0 
-100.0 -100.0 
-99.75003404440832 -100.0 142:1.0 
-100.0 -100.0 
-100.0 -100.0 
-100.0 -100.0 
-100.0 -100.0 
-100.0 -100.0 
-0.4999659503118144 -1.0000454019922103 35:1.0 
-99.74998870654468 -100.0 
