svm_type c_svc
kernel_type rbf
gamma 1.0E-4
nr_class 3
total_sv 1902
rho 0.9998780450224884 0.9998670509457591 -1.0000119876861582
label 2 0 1
nr_sv 516 704 682
SV
0.01 0.01 
0.01 0.01 
0.01 0.01 
0.01 0.01 76:1.0 94:1.0 167:1.0 181:1.0 197:1.0 207:1.0 220:1.0 
0.01 0.01 
0.01 0.01 100:1.0 142:1.0 
0.01 0.01 
0.01 0.01 
0.01 0.01 
0.01 0.01 
0.01 0.01 
0.01 0.01 
0.01 0.01 
0.01 0.01 
0.01 0.01 
0.01 0.01 42:1.0 164:1.0 168:1.0 
0.01 0.01 138:1.0 
0.01 0.01 
0.01 0.01 
0.01 0.01 
0.01 0.01 
0.01 0.01 
0.01 0.01 32:1.0 
0.01 0.01 
0.01 0.01 
0.01 0.01 60:1.0 
0.01 0.01 
0.01 0.01 
0.01 0.01 103:1.0 
0.01 0.01 
0.01 0.01 
0.01 0.01 
0.01 0.01 
0.01 0.01 
0.01 0.01 
0.01 0.01 71:1.0 
0.01 0.01 
0.01 0.01 
0.01 0.01 
0.01 0.01 
0.01 0.01 12:1.0 28:1.0 73:1.0 
0.01 0.01 
0.01 0.01 76:1.0 94:1.0 167:1.0 181:1.0 197:1.0 207:1.0 220:1.0 
0.01 0.01 
0.01 0.01 
0.01 0.01 
0.01 0.01 7:1.0 
0.01 0.01 
0.01 0.01 
0.01 0.01 
0.01 0.01 
0.01 0.01 
0.01 0.01 100:1.0 
0.01 0.01 
0.01 0.01 
0.01 0.01 
0.01 0.01 50:1.0 
0.01 0.01 
0.01 0.01 
0.01 0.01 
0.01 0.01 133:1.0 
0.01 0.01 
0.01 0.01 
0.01 0.01 
0.01 0.01 
0.01 0.01 114:1.0 
0.01 0.01 16:1.0 
0.01 0.01 142:1.0 
0.01 0.01 
0.01 0.01 
0.01 0.01 34:1.0 76:1.0 94:1.0 148:1.0 167:1.0 193:1.0 197:1.0 204:1.0 207:1.0 218:1.0 220:1.0 
0.01 0.01 14:1.0 181:1.0 
0.01 0.01 
0.01 0.01 
0.01 0.01 
0.01 0.01 14:1.0 
0.01 0.01 
0.01 0.01 11:1.0 
0.01 0.01 
0.01 0.01 
0.01 0.01 
0.01 0.01 
0.01 0.01 
0.01 0.01 
0.01 0.01 
0.01 0.01 
0.01 0.01 
0.01 0.01 
0.01 0.01 
0.01 0.01 
0.01 0.01 114:1.0 164:1.0 
0.01 0.01 174:1.0 
0.01 0.01 34:1.0 76:1.0 94:1.0 148:1.0 167:1.0 193:1.0 197:1.0 204:1.0 207:1.0 218:1.0 220:1.0 
0.01 0.01 
0.01 0.01 174:1.0 
0.01 0.01 
0.01 0.01 
0.01 0.01 12:1.0 147:1.0 
0.01 0.01 
0.01 0.01 
0.01 0.01 
0.01 0.01 
0.01 0.01 
0.01 0.01 114:1.0 
0.01 0.01 
0.01 0.01 
0.01 0.01 
0.01 0.01 133:1.0 
0.01 0.01 
0.01 0.01 
0.01 0.01 
0.01 0.01 
0.01 0.01 
0.01 0.01 
0.01 0.01 
0.01 0.01 55:1.0 
0.01 0.01 94:1.0 
0.01 0.01 
0.01 0.01 
0.01 0.01 
0.01 0.01 
0.01 0.01 181:1.0 
0.01 0.01 
0.01 0.01 
0.01 0.01 
0.01 0.01 1:1.0 84:1.0 
0.01 0.01 
0.01 0.01 
0.01 0.01 
0.01 0.01 
0.01 0.01 
0.01 0.01 
0.01 0.01 59:1.0 
0.01 0.01 
0.01 0.01 
0.01 0.01 
0.01 0.01 
0.01 0.01 
0.01 0.01 
0.01 0.01 
0.01 0.01 
0.01 0.01 
0.01 0.01 128:1.0 137:1.0 154:1.0 194:1.0 202:1.0 221:1.0 
0.01 0.01 139:1.0 
0.01 0.01 
0.01 0.01 
0.01 0.01 
0.01 0.01 
0.01 0.01 
0.01 0.01 
0.01 0.01 
0.01 0.01 
0.01 0.01 
0.01 0.01 
0.01 0.01 99:1.0 164:1.0 
0.01 0.01 
0.01 0.01 
0.01 0.01 
0.01 0.01 
0.01 0.01 4:1.0 6:1.0 
0.01 0.01 124:1.0 
0.01 0.01 4:1.0 6:1.0 85:1.0 
0.01 0.01 87:1.0 
0.01 0.01 
0.01 0.01 14:1.0 
0.01 0.01 
0.01 0.01 121:1.0 
0.01 0.01 27:1.0 108:1.0 
0.01 0.01 170:1.0 
0.01 0.01 87:1.0 
0.01 0.01 47:1.0 124:1.0 
0.01 0.01 
0.01 0.01 
0.01 0.01 78:1.0 
0.01 0.01 
0.01 0.01 53:1.0 64:1.0 172:1.0 
0.01 0.01 32:1.0 
0.01 0.01 
0.01 0.01 
0.01 0.01 
0.01 0.01 
0.01 0.01 40:1.0 
0.01 0.01 
0.01 0.01 
0.01 0.01 
0.01 0.01 
0.01 0.01 23:1.0 76:1.0 167:1.0 197:1.0 
0.01 0.01 
0.01 0.01 
0.01 0.01 
0.01 0.01 
0.01 0.01 
0.01 0.01 
0.01 0.01 
0.01 0.01 
0.01 0.01 
0.01 0.01 58:1.0 
0.01 0.01 
0.01 0.01 
0.01 0.01 
0.01 0.01 
0.01 0.01 23:1.0 
0.01 0.01 
0.01 0.01 
0.01 0.01 
0.01 0.01 
0.01 0.01 
0.01 0.01 
0.01 0.01 
0.01 0.01 
0.01 0.01 164:1.0 
0.01 0.01 168:1.0 
0.01 0.01 
0.01 0.01 76:1.0 
0.01 0.01 
0.01 0.01 114:1.0 
0.01 0.01 
0.01 0.01 
0.01 0.01 25:1.0 
0.01 0.01 
0.01 0.01 23:1.0 
0.01 0.01 
0.01 0.01 
0.01 0.01 100:1.0 
0.01 0.01 
0.01 0.01 166:1.0 
0.01 0.01 
0.01 0.01 108:1.0 
0.01 0.01 
0.01 0.01 79:1.0 
0.01 0.01 
0.01 0.01 
0.01 0.01 134:1.0 190:1.0 
0.01 0.01 
0.01 0.01 
0.01 0.01 58:1.0 
0.01 0.01 16:1.0 
0.01 0.01 
0.01 0.01 94:1.0 147:1.0 148:1.0 189:1.0 204:1.0 
0.01 0.01 
0.01 0.01 
0.01 0.01 12:1.0 28:1.0 73:1.0 94:1.0 189:1.0 
0.01 0.01 70:1.0 79:1.0 
0.01 0.01 
0.01 0.01 
0.01 0.01 
0.01 0.01 67:1.0 76:1.0 
0.01 0.01 
0.01 0.01 70:1.0 
0.01 0.01 166:1.0 
0.01 0.01 
0.01 0.01 
0.01 0.01 
0.01 0.01 
0.01 0.01 
0.01 0.01 124:1.0 
0.01 0.01 
0.01 0.01 
0.01 0.01 
0.01 0.01 
0.01 0.01 
0.01 0.01 128:1.0 137:1.0 154:1.0 194:1.0 202:1.0 221:1.0 
0.01 0.01 
0.01 0.01 147:1.0 
0.01 0.01 
0.01 0.01 
0.01 0.01 105:1.0 
0.01 0.01 
0.01 0.01 
0.01 0.01 
0.01 0.01 
0.01 0.01 55:1.0 
0.01 0.01 31:1.0 84:1.0 
0.01 0.01 
0.01 0.01 
0.01 0.01 31:1.0 
0.01 0.01 31:1.0 
0.01 0.01 
0.01 0.01 
0.01 0.01 
0.01 0.01 
0.01 0.01 
0.01 0.01 
0.01 0.01 
0.01 0.01 166:1.0 
0.01 0.01 
0.01 0.01 
0.01 0.01 
0.01 0.01 
0.01 0.01 84:1.0 165:1.0 
0.01 0.01 
0.01 0.01 
0.01 0.01 
0.01 0.01 
0.01 0.01 
0.01 0.01 
0.01 0.01 172:1.0 
0.01 0.01 166:1.0 
0.01 0.01 
0.01 0.01 
0.01 0.01 164:1.0 
0.01 0.01 
0.01 0.01 
0.01 0.01 
0.01 0.01 
0.01 0.01 
0.01 0.01 133:1.0 168:1.0 
0.01 0.01 
0.01 0.01 
0.01 0.01 
0.01 0.01 
0.01 0.01 24:1.0 
0.01 0.01 
0.01 0.01 
0.01 0.01 
0.01 0.01 
0.01 0.01 
0.01 0.01 
0.01 0.01 100:1.0 
0.01 0.01 
0.01 0.01 
0.01 0.01 84:1.0 127:1.0 
0.01 0.01 161:1.0 
0.01 0.01 
0.01 0.01 
0.01 0.01 
0.01 0.01 
0.01 0.01 
0.01 0.01 
0.01 0.01 
0.01 0.01 
0.01 0.01 19:1.0 
0.01 0.01 
0.01 0.01 170:1.0 
0.01 0.01 
0.01 0.01 
0.01 0.01 
0.01 0.01 
0.01 0.01 
0.01 0.01 
0.01 0.01 164:1.0 
0.01 0.01 
0.01 0.01 
0.01 0.01 
0.01 0.01 
0.01 0.01 
0.01 0.01 
0.01 0.01 
0.01 0.01 
0.01 0.01 
0.01 0.01 
0.01 0.01 
0.01 0.01 
0.01 0.01 
0.01 0.01 
0.01 0.01 
0.01 0.01 
0.01 0.01 
0.01 0.01 
0.01 0.01 
0.01 0.01 
0.01 0.01 
0.01 0.01 
0.01 0.01 
0.01 0.01 
0.01 0.01 73:1.0 
0.01 0.01 
0.01 0.01 
0.01 0.01 
0.01 0.01 40:1.0 
0.01 0.01 
0.01 0.01 
0.01 0.01 
0.01 0.01 
0.01 0.01 
0.01 0.01 
0.01 0.01 
0.01 0.01 
0.01 0.01 27:1.0 101:1.0 
0.01 0.01 
0.01 0.01 
0.01 0.01 
0.01 0.01 60:1.0 
0.01 0.01 
0.01 0.01 46:1.0 
0.01 0.01 
0.01 0.01 
0.01 0.01 
0.01 0.01 
0.01 0.01 
0.01 0.01 
0.01 0.01 
0.01 0.01 
0.01 0.01 
0.01 0.01 
0.01 0.01 1:1.0 101:1.0 
0.01 0.01 
0.01 0.01 
0.01 0.01 
0.01 0.01 
0.01 0.01 
0.01 0.01 
0.01 0.01 145:1.0 
0.01 0.01 
0.01 0.01 27:1.0 108:1.0 
0.01 0.01 
0.01 0.01 
0.01 0.01 
0.01 0.01 
0.01 0.01 119:1.0 
0.01 0.01 
0.01 0.01 
0.01 0.01 
0.01 0.01 
0.01 0.01 
0.01 0.01 
0.01 0.01 
0.01 0.01 
0.01 0.01 
0.01 0.01 
0.01 0.01 
0.01 0.01 
0.01 0.01 28:1.0 87:1.0 
0.01 0.01 
0.01 0.01 
0.01 0.01 
0.01 0.01 
0.01 0.01 
0.01 0.01 159:1.0 169:1.0 
0.01 0.01 
0.01 0.01 
0.01 0.01 
0.01 0.01 
0.01 0.01 
0.01 0.01 8:1.0 46:1.0 61:1.0 64:1.0 162:1.0 
0.01 0.01 27:1.0 
0.01 0.01 182:1.0 
0.01 0.01 
0.01 0.01 
0.01 0.01 
0.01 0.01 
0.01 0.01 22:1.0 46:1.0 64:1.0 
0.01 0.01 
0.01 0.01 
0.01 0.01 
0.01 0.01 
0.01 0.01 
0.01 0.01 
0.01 0.01 171:1.0 
0.01 0.01 
0.01 0.01 1:1.0 29:1.0 
0.01 0.01 
0.01 0.01 
0.01 0.01 141:1.0 
0.01 0.01 7:1.0 
0.01 0.01 85:1.0 
0.01 0.01 
0.01 0.01 
0.01 0.01 
0.01 0.01 128:1.0 137:1.0 154:1.0 194:1.0 202:1.0 221:1.0 
0.01 0.01 28:1.0 73:1.0 
0.01 0.01 
0.01 0.01 
0.01 0.01 
0.01 0.01 
0.01 0.01 
0.01 0.01 
0.01 0.01 
0.01 0.01 42:1.0 
0.01 0.01 7:1.0 
0.01 0.01 
0.01 0.01 1:1.0 101:1.0 
0.01 0.01 
0.01 0.01 
0.01 0.01 
0.01 0.01 
0.01 0.01 
0.01 0.01 
0.01 0.01 
0.01 0.01 
0.01 0.01 
0.01 0.01 
0.01 0.01 
0.01 0.01 
0.01 0.01 53:1.0 
0.01 0.01 
0.01 0.01 
0.01 0.01 
0.01 0.01 
0.01 0.01 100:1.0 
0.01 0.01 
0.01 0.01 
0.01 0.01 
0.01 0.01 164:1.0 
0.01 0.01 
0.01 0.01 
0.01 0.01 
0.01 0.01 67:1.0 94:1.0 124:1.0 148:1.0 167:1.0 187:1.0 204:1.0 207:1.0 218:1.0 
0.01 0.01 
0.01 0.01 100:1.0 
0.01 0.01 
0.01 0.01 
0.01 0.01 
0.01 0.01 
0.01 0.01 
0.01 0.01 40:1.0 
0.01 0.01 58:1.0 
0.01 0.01 
0.01 0.01 
0.01 0.01 
0.01 0.01 42:1.0 
0.01 0.01 
0.01 0.01 23:1.0 
0.01 0.01 76:1.0 167:1.0 197:1.0 
0.01 0.01 
0.01 0.01 118:1.0 
-0.0 0.01 78:1.0 
-0.01 0.01 142:1.0 
-0.0 0.01 8:1.0 77:1.0 
-0.0 0.01 90:1.0 
-0.01 0.0 42:1.0 
-0.01 0.01 4:1.0 
-0.0 0.01 15:1.0 102:1.0 
-0.0 0.01 107:1.0 203:1.0 
-0.0 0.01 11:1.0 
-0.0 0.01 162:1.0 173:1.0 
-0.0 0.01 88:1.0 
-0.0 0.01 78:1.0 98:1.0 
-0.0 0.01 113:1.0 
-0.0 0.01 90:1.0 
-0.01 0.01 34:1.0 66:1.0 76:1.0 193:1.0 
-0.01 0.0 170:1.0 
-0.0 0.01 17:1.0 
-0.01 0.0 85:1.0 94:1.0 147:1.0 189:1.0 
-0.01 0.01 85:1.0 
-0.0 0.01 92:1.0 
-0.01 0.0 42:1.0 
-0.01 0.01 34:1.0 66:1.0 76:1.0 193:1.0 
-0.0 0.01 113:1.0 
-0.01 0.0 181:1.0 
-0.01 0.0 76:1.0 
-0.01 0.01 40:1.0 
-0.0 0.01 185:1.0 
-0.0 0.01 38:1.0 
-0.01 0.01 23:1.0 
-0.0 0.01 14:1.0 43:1.0 67:1.0 
-0.0 0.01 21:1.0 
-0.0 0.01 93:1.0 
-0.0 0.01 10:1.0 
-0.0 0.01 65:1.0 179:1.0 
-0.01 0.0 101:1.0 165:1.0 
-0.01 0.01 100:1.0 
-0.0 0.01 20:1.0 185:1.0 
-0.0 0.01 131:1.0 
-0.01 0.0 16:1.0 
-0.0 0.01 153:1.0 
-0.0 0.01 72:1.0 
-0.0 0.01 68:1.0 
-0.0 0.01 124:1.0 
-0.0 0.01 65:1.0 113:1.0 
-0.01 0.0 7:1.0 128:1.0 137:1.0 154:1.0 194:1.0 202:1.0 221:1.0 
-0.0 0.01 125:1.0 
-0.0 0.01 78:1.0 
-0.0 0.01 36:1.0 180:1.0 
-0.0 0.01 89:1.0 
-0.01 0.0 67:1.0 
-0.0 0.01 38:1.0 99:1.0 149:1.0 
-0.0 0.01 33:1.0 104:1.0 
-0.0 0.01 50:1.0 136:1.0 
-0.01 0.0 133:1.0 
-0.01 0.0 166:1.0 
-0.01 0.0 170:1.0 
-0.0 0.01 21:1.0 
-0.01 0.01 25:1.0 
-0.0 0.01 70:1.0 
-0.01 0.01 23:1.0 
-0.0 0.01 116:1.0 
-0.0 0.01 10:1.0 78:1.0 
-0.0 0.01 63:1.0 140:1.0 151:1.0 
-0.01 0.01 133:1.0 
-0.0 0.01 179:1.0 186:1.0 196:1.0 
-0.01 0.01 11:1.0 
-0.01 0.01 52:1.0 76:1.0 94:1.0 148:1.0 167:1.0 197:1.0 204:1.0 207:1.0 218:1.0 220:1.0 
-0.0 0.01 145:1.0 
-0.0 0.01 152:1.0 178:1.0 
-0.01 0.01 19:1.0 101:1.0 
-0.0 0.01 62:1.0 
-0.0 0.01 150:1.0 173:1.0 
-0.0 0.01 57:1.0 
-0.0 0.01 
-0.0 0.01 
-0.0 0.01 
-0.0 0.01 
-0.0 0.01 
-0.0 0.01 
-0.0 0.01 
-0.0 0.01 
-0.0 0.01 158:1.0 
-0.0 0.01 
-0.0 0.01 
-0.0 0.01 132:1.0 
-0.0 0.01 149:1.0 155:1.0 
-0.0 0.01 
-0.0 0.01 
-0.0 0.01 118:1.0 
-0.0 0.01 
-0.0 0.01 
-0.0 0.01 
-0.0 0.01 
-0.0 0.01 
-0.0 0.01 
-0.0 0.01 96:1.0 
-0.0 0.01 
-0.0 0.01 
-0.0 0.01 
-0.0 0.01 
-0.0 0.01 3:1.0 
-0.0 0.01 
-0.0 0.01 
-0.0 0.01 
-0.0 0.01 
-0.0 0.01 
-0.0 0.01 101:1.0 116:1.0 135:1.0 173:1.0 
-0.0 0.01 
-0.0 0.01 
-0.0 0.01 
-0.0 0.01 
-0.0 0.01 
-0.0 0.01 
-0.0 0.01 109:1.0 
-0.0 0.01 
-0.0 0.01 
-0.0 0.01 96:1.0 
-0.0 0.01 
-0.0 0.01 
-0.0 0.01 
-0.0 0.01 
-0.0 0.01 
-0.0 0.01 
-0.0 0.01 
-0.0 0.01 
-0.01 0.01 142:1.0 
-0.01 0.01 
-0.01 0.01 
-0.01 0.01 
-0.01 0.01 
-0.01 0.01 
-0.01 0.01 
-0.01 0.01 
-0.0 0.01 26:1.0 55:1.0 
-0.01 0.01 
-0.01 0.01 
-0.01 0.01 
-0.01 0.0 99:1.0 
-0.0 0.01 68:1.0 
-0.01 0.01 
-0.01 0.01 
-0.01 0.01 
-0.01 0.01 70:1.0 
-0.01 0.01 
-0.01 0.01 
-0.01 0.01 
-0.01 0.01 
-0.01 0.01 
-0.0 0.01 144:1.0 
-0.01 0.01 42:1.0 
-0.01 0.01 
-0.01 0.01 
-0.01 0.01 
-0.01 0.01 
-0.01 0.0 101:1.0 
-0.0 0.01 175:1.0 180:1.0 
-0.01 0.01 
-0.01 0.01 
-0.01 0.01 
-0.01 0.01 
-0.01 0.01 
-0.01 0.01 
-0.01 0.01 
-0.01 0.01 
-0.01 0.01 23:1.0 
-0.01 0.01 
-0.0 0.01 113:1.0 122:1.0 
-0.0 0.01 125:1.0 170:1.0 
-0.01 0.01 
-0.01 0.01 145:1.0 
-0.01 0.01 
-0.01 0.01 
-0.01 0.01 
-0.01 0.01 
-0.01 0.01 168:1.0 
-0.01 0.01 
-0.01 0.01 
-0.01 0.01 16:1.0 
-0.0 0.01 126:1.0 
-0.01 0.01 
-0.01 0.01 
-0.01 0.01 
-0.01 0.01 
-0.01 0.01 
-0.0 0.01 177:1.0 
-0.01 0.01 
-0.01 0.01 
-0.01 0.01 
-0.01 0.01 
-0.01 0.01 
-0.01 0.01 
-0.01 0.01 
-0.01 0.01 
-0.01 0.01 
-0.01 0.01 
-0.01 0.01 
-0.01 0.01 
-0.01 0.01 
-0.0 0.01 30:1.0 123:1.0 199:1.0 
-0.01 0.01 
-0.01 0.01 
-0.0 0.01 49:1.0 
-0.01 0.01 
-0.01 0.01 
-0.01 0.01 
-0.01 0.01 
-0.01 0.01 
-0.01 0.01 
-0.01 0.01 
-0.01 0.01 
-0.01 0.01 
-0.01 0.01 
-0.01 0.01 
-0.01 0.01 
-0.0 0.01 18:1.0 
-0.01 0.01 
-0.01 0.01 
-0.01 0.01 
-0.01 0.01 
-0.01 0.01 
-0.01 0.01 
-0.0 0.01 191:1.0 
-0.01 0.01 
-0.01 0.01 
-0.01 0.01 
-0.0 0.01 159:1.0 
-0.01 0.01 
-0.01 0.01 
-0.01 0.01 
-0.01 0.01 
-0.0 0.01 95:1.0 
-0.01 0.01 
-0.01 0.01 38:1.0 79:1.0 
-0.01 0.01 
-0.01 0.01 
-0.01 0.01 
-0.01 0.01 
-0.01 0.01 
-0.01 0.01 
-0.0 0.01 83:1.0 
-0.01 0.01 
-0.01 0.01 
-0.01 0.01 
-0.0 0.01 48:1.0 
-0.0 0.01 152:1.0 
-0.01 0.01 
-0.01 0.01 
-0.01 0.01 
-0.01 0.01 
-0.01 0.01 
-0.01 0.01 
-0.01 0.01 
-0.0 0.01 6:1.0 51:1.0 
-0.01 0.01 
-0.01 0.01 
-0.01 0.01 
-0.01 0.01 
-0.01 0.01 
-0.01 0.01 
-0.01 0.01 
-0.01 0.01 
-0.01 0.01 
-0.0 0.01 57:1.0 
-0.01 0.01 
-0.01 0.01 
-0.01 0.01 
-0.01 0.01 
-0.0 0.01 47:1.0 
-0.0 0.01 151:1.0 
-0.01 0.01 
-0.0 0.01 47:1.0 55:1.0 
-0.01 0.01 
-0.01 0.01 
-0.01 0.01 
-0.0 0.01 68:1.0 141:1.0 
-0.01 0.01 70:1.0 
-0.0 0.01 44:1.0 129:1.0 
-0.0 0.01 37:1.0 
-0.01 0.01 
-0.01 0.01 
-0.01 0.01 171:1.0 
-0.01 0.01 
-0.01 0.01 
-0.01 0.01 66:1.0 76:1.0 
-0.01 0.01 
-0.0 0.01 18:1.0 188:1.0 
-0.0 0.01 47:1.0 
-0.01 0.01 
-0.0 0.01 44:1.0 
-0.01 0.01 
-0.01 0.01 85:1.0 
-0.01 0.01 
-0.01 0.01 
-0.01 0.01 
-0.0 0.01 136:1.0 
-0.01 0.01 61:1.0 172:1.0 
-0.01 0.01 
-0.01 0.01 
-0.01 0.01 
-0.01 0.01 
-0.01 0.01 
-0.0 0.01 184:1.0 
-0.01 0.01 
-0.01 0.01 
-0.01 0.01 
-0.01 0.01 
-0.01 0.01 
-0.01 0.01 
-0.01 0.01 
-0.01 0.01 
-0.01 0.01 
-0.0 0.01 152:1.0 
-0.01 0.01 
-0.01 0.01 
-0.01 0.01 
-0.01 0.01 
-0.01 0.01 
-0.0 0.01 16:1.0 129:1.0 187:1.0 
-0.01 0.01 
-0.01 0.01 
-0.01 0.01 
-0.0 0.01 143:1.0 
-0.0 0.01 124:1.0 
-0.01 0.01 
-0.01 0.01 
-0.01 0.01 133:1.0 
-0.01 0.01 
-0.01 0.01 
-0.01 0.01 
-0.01 0.01 
-0.01 0.01 
-0.01 0.01 
-0.01 0.01 
-0.01 0.01 
-0.01 0.01 
-0.01 0.01 
-0.0 0.01 25:1.0 42:1.0 
-0.0 0.01 30:1.0 123:1.0 199:1.0 
-0.01 0.01 
-0.0 0.01 92:1.0 109:1.0 
-0.0 0.01 131:1.0 
-0.01 0.01 
-0.01 0.01 
-0.01 0.01 
-0.01 0.01 
-0.0 0.01 59:1.0 145:1.0 
-0.01 0.01 
-0.01 0.01 
-0.0 0.01 20:1.0 
-0.01 0.01 
-0.0 0.01 45:1.0 56:1.0 63:1.0 97:1.0 208:1.0 
-0.01 0.0 55:1.0 
-0.01 0.01 
-0.0 0.01 2:1.0 93:1.0 
-0.01 0.01 
-0.01 0.0 29:1.0 
-0.01 0.01 
-0.01 0.01 124:1.0 
-0.01 0.01 
-0.01 0.01 
-0.01 0.01 
-0.01 0.01 
-0.0 0.01 112:1.0 115:1.0 
-0.01 0.01 
-0.01 0.01 
-0.0 0.01 10:1.0 
-0.01 0.01 
-0.01 0.01 
-0.0 0.01 89:1.0 
-0.01 0.01 
-0.01 0.01 
-0.01 0.01 
-0.01 0.01 
-0.01 0.01 
-0.01 0.01 
-0.0 0.01 13:1.0 
-0.01 0.01 
-0.01 0.01 
-0.01 0.01 
-0.0 0.01 23:1.0 175:1.0 
-0.01 0.01 
-0.01 0.01 
-0.01 0.01 
-0.01 0.01 
-0.01 0.01 
-0.01 0.01 
-0.01 0.01 
-0.01 0.01 
-0.0 0.01 184:1.0 
-0.01 0.01 
-0.01 0.01 
-0.01 0.01 
-0.0 0.01 30:1.0 
-0.01 0.01 
-0.01 0.01 
-0.01 0.01 
-0.01 0.01 
-0.01 0.01 
-0.01 0.01 
-0.01 0.01 
-0.01 0.01 
-0.01 0.01 
-0.01 0.01 
-0.01 0.01 
-0.01 0.01 
-0.0 0.01 82:1.0 126:1.0 
-0.01 0.01 
-0.01 0.01 
-0.01 0.01 
-0.01 0.01 
-0.01 0.01 
-0.01 0.01 
-0.01 0.01 
-0.01 0.01 
-0.01 0.01 
-0.0 0.01 112:1.0 
-0.01 0.01 
-0.01 0.01 
-0.01 0.01 
-0.01 0.01 
-0.01 0.01 
-0.01 0.01 
-0.01 0.01 
-0.01 0.01 
-0.01 0.01 105:1.0 124:1.0 
-0.01 0.01 
-0.01 0.01 
-0.01 0.01 
-0.01 0.01 
-0.01 0.01 
-0.01 0.01 
-0.01 0.01 
-0.01 0.01 
-0.01 0.01 
-0.01 0.01 
-0.01 0.01 
-0.01 0.01 
-0.01 0.01 
-0.01 0.01 
-0.01 0.01 
-0.01 0.01 32:1.0 
-0.01 0.01 
-0.01 0.01 
-0.01 0.01 
-0.01 0.01 
-0.01 0.01 169:1.0 
-0.01 0.01 
-0.01 0.01 
-0.0 0.01 43:1.0 
-0.0 0.01 179:1.0 186:1.0 196:1.0 
-0.0 0.01 159:1.0 178:1.0 
-0.01 0.01 
-0.01 0.01 
-0.0 0.01 86:1.0 
-0.01 0.01 
-0.01 0.01 134:1.0 
-0.01 0.01 
-0.0 0.01 72:1.0 
-0.0 0.01 116:1.0 165:1.0 
-0.0 0.01 125:1.0 
-0.01 0.01 
-0.0 0.01 29:1.0 135:1.0 
-0.0 0.01 48:1.0 
-0.01 0.01 
-0.01 0.01 
-0.01 0.01 
-0.01 0.01 
-0.0 0.01 39:1.0 54:1.0 80:1.0 176:1.0 190:1.0 210:1.0 
-0.0 0.01 120:1.0 
-0.0 0.01 26:1.0 
-0.0 0.01 44:1.0 155:1.0 
-0.01 0.01 
-0.01 0.0 24:1.0 
-0.01 0.01 
-0.01 0.01 32:1.0 
-0.01 0.01 
-0.01 0.01 
-0.01 0.01 147:1.0 189:1.0 
-0.01 0.01 
-0.01 0.0 22:1.0 141:1.0 
-0.01 0.01 
-0.01 0.01 
-0.01 0.01 
-0.0 0.01 180:1.0 
-0.01 0.01 
-0.01 0.01 
-0.01 0.01 
-0.01 0.01 
-0.0 0.01 163:1.0 
-0.01 0.01 
-0.01 0.01 
-0.01 0.01 127:1.0 
-0.01 0.01 
-0.01 0.01 
-0.01 0.01 
-0.01 0.01 
-0.0 0.01 86:1.0 
-0.01 0.01 
-0.01 0.01 
-0.0 0.01 109:1.0 
-0.01 0.01 
-0.01 0.0 55:1.0 
-0.01 0.01 
-0.01 0.01 139:1.0 
-0.01 0.01 
-0.01 0.01 
-0.01 0.01 
-0.01 0.01 
-0.01 0.01 
-0.01 0.01 87:1.0 159:1.0 
-0.01 0.01 
-0.01 0.01 
-0.01 0.01 
-0.01 0.01 
-0.01 0.01 
-0.01 0.01 
-0.01 0.01 
-0.0 0.01 177:1.0 
-0.01 0.01 
-0.01 0.01 
-0.01 0.01 
-0.01 0.01 
-0.01 0.01 
-0.01 0.01 
-0.01 0.01 
-0.01 0.01 
-0.0 0.01 183:1.0 
-0.01 0.01 
-0.01 0.01 
-0.01 0.01 
-0.01 0.01 
-0.01 0.01 
-0.01 0.01 23:1.0 
-0.01 0.01 
-0.0 0.01 115:1.0 
-0.01 0.01 
-0.01 0.01 
-0.01 0.01 
-0.01 0.01 
-0.01 0.01 
-0.01 0.01 
-0.0 0.01 104:1.0 124:1.0 
-0.01 0.01 
-0.01 0.01 
-0.01 0.01 
-0.01 0.01 
-0.01 0.01 
-0.0 0.01 62:1.0 
-0.01 0.01 
-0.01 0.01 
-0.01 0.01 
-0.01 0.01 
-0.01 0.01 
-0.01 0.01 
-0.01 0.01 
-0.01 0.01 
-0.01 0.01 
-0.01 0.01 
-0.01 0.01 
-0.01 0.01 76:1.0 
-0.01 0.01 
-0.01 0.01 
-0.01 0.01 
-0.01 0.01 
-0.0 0.01 69:1.0 
-0.01 0.01 59:1.0 
-0.01 0.01 
-0.01 0.01 
-0.01 0.01 
-0.01 0.01 
-0.01 0.01 
-0.0 0.01 102:1.0 139:1.0 
-0.01 0.01 
-0.01 0.01 
-0.01 0.01 
-0.01 0.01 
-0.01 0.01 
-0.01 0.01 
-0.01 0.01 
-0.01 0.01 
-0.01 0.01 
-0.01 0.01 
-0.01 0.01 103:1.0 
-0.0 0.01 95:1.0 
-0.01 0.01 
-0.01 0.01 
-0.01 0.01 
-0.01 0.01 
-0.01 0.01 
-0.01 0.01 22:1.0 163:1.0 
-0.01 0.01 121:1.0 
-0.0 0.01 191:1.0 
-0.01 0.01 
-0.01 0.01 
-0.01 0.01 
-0.01 0.01 
-0.01 0.01 
-0.0 0.01 82:1.0 120:1.0 
-0.01 0.01 
-0.01 0.01 
-0.01 0.01 60:1.0 
-0.01 0.01 
-0.0 0.01 69:1.0 
-0.01 0.01 
-0.01 0.01 
-0.01 0.01 
-0.01 0.01 
-0.01 0.01 
-0.01 0.01 24:1.0 166:1.0 
-0.01 0.01 
-0.01 0.01 
-0.01 0.01 
-0.01 0.01 
-0.01 0.01 
-0.01 0.01 
-0.01 0.01 47:1.0 
-0.01 0.01 
-0.01 0.01 
-0.01 0.01 
-0.01 0.01 
-0.01 0.01 
-0.01 0.01 
-0.01 0.01 
-0.01 0.01 
-0.01 0.01 
-0.01 0.01 
-0.01 0.01 
-0.01 0.01 
-0.01 0.01 
-0.01 0.01 
-0.01 0.01 
-0.0 0.01 18:1.0 53:1.0 111:1.0 
-0.0 0.01 72:1.0 
-0.01 0.01 
-0.01 0.01 
-0.0 0.01 178:1.0 
-0.01 0.01 
-0.01 0.01 
-0.01 0.01 
-0.01 0.01 
-0.01 0.01 
-0.01 0.01 
-0.01 0.01 
-0.01 0.01 118:1.0 
-0.01 0.01 
-0.01 0.01 
-0.01 0.01 
-0.01 0.01 
-0.01 0.01 
-0.0 0.01 91:1.0 
-0.01 0.01 
-0.01 0.01 
-0.01 0.01 78:1.0 
-0.01 0.0 166:1.0 
-0.01 0.01 
-0.01 0.01 
-0.0 0.01 146:1.0 
-0.01 0.01 
-0.0 0.01 41:1.0 160:1.0 211:1.0 
-0.01 0.01 
-0.01 0.01 
-0.0 0.01 158:1.0 
-0.01 0.01 
-0.01 0.01 
-0.0 0.01 117:1.0 156:1.0 209:1.0 
-0.01 0.01 
-0.01 0.01 
-0.01 0.01 
-0.01 0.01 
-0.01 0.01 
-0.01 0.01 
-0.01 0.01 
-0.0 0.01 49:1.0 
-0.0 0.01 150:1.0 
-0.01 0.01 
-0.01 0.01 
-0.01 0.01 
-0.01 0.01 
-0.01 0.01 
-0.01 0.01 
-0.01 0.0 50:1.0 
-0.01 0.01 124:1.0 
-0.01 0.01 
-0.01 0.01 
-0.01 0.01 
-0.01 0.01 
-0.01 0.01 
-0.01 0.01 
-0.01 0.01 
-0.01 0.01 
-0.01 0.01 
-0.01 0.01 78:1.0 162:1.0 
-0.01 0.01 
-0.0 0.01 101:1.0 142:1.0 
-0.01 0.01 
-0.01 0.01 
-0.01 0.01 
-0.01 0.01 166:1.0 178:1.0 
-0.01 0.01 
-0.01 0.01 
-0.01 0.01 
-0.01 0.01 
-0.01 0.01 
-0.01 0.01 
-0.0 -0.01 
-0.0 -0.01 
-0.0 -0.01 
-0.0 -0.01 
-0.01 -0.01 28:1.0 
-0.0 -0.01 
-0.0 -0.01 
-0.0 -0.01 125:1.0 
-0.01 -0.01 19:1.0 
-0.0 -0.01 
-0.0 -0.01 
-0.0 -0.01 
-0.0 -0.01 
-0.0 -0.01 
-0.0 -0.01 
-0.0 -0.01 
-0.01 -0.01 79:1.0 
-0.0 -0.01 
-0.01 -0.01 53:1.0 103:1.0 
-0.0 -0.01 
-0.0 -0.01 
-0.0 -0.01 
-0.0 -0.01 185:1.0 
-0.0 -0.01 173:1.0 
-0.01 -0.01 31:1.0 
-0.0 -0.01 
-0.0 -0.01 68:1.0 
-0.0 -0.01 
-0.0 -0.01 
-0.0 -0.01 
-0.0 -0.01 
-0.0 -0.01 
-0.0 -0.01 
-0.0 -0.01 
-0.0 -0.01 
-0.0 -0.01 11:1.0 
-0.0 -0.01 
-0.0 -0.01 
-0.0 -0.01 
-0.0 -0.01 
-0.0 -0.01 
-0.0 -0.01 191:1.0 
-0.01 -0.01 23:1.0 120:1.0 
-0.01 -0.01 
-0.0 -0.01 98:1.0 
-0.01 -0.01 
-0.01 -0.01 
-0.01 -0.01 
-0.01 -0.01 
-0.0 -0.01 111:1.0 
-0.01 -0.01 
-0.0 -0.01 145:1.0 
-0.01 -0.01 
-0.01 -0.01 
-0.01 -0.01 
-0.01 -0.01 
-0.01 -0.01 164:1.0 168:1.0 
-0.01 -0.01 
-0.01 -0.01 
-0.01 -0.01 
-0.01 -0.01 
-0.0 -0.01 126:1.0 
-0.01 -0.01 
-0.01 -0.01 
-0.01 -0.01 
-0.01 -0.01 
-0.01 -0.01 
-0.0 -0.01 35:1.0 173:1.0 
-0.01 -0.01 
-0.01 -0.01 
-0.01 -0.01 
-0.01 -0.01 
-0.01 -0.01 11:1.0 
-0.01 -0.01 
-0.01 -0.01 
-0.01 -0.01 
-0.01 -0.01 
-0.01 -0.01 
-0.01 -0.01 
-0.01 -0.01 
-0.0 -0.01 17:1.0 
-0.0 -0.01 35:1.0 146:1.0 
-0.01 -0.01 
-0.0 -0.01 162:1.0 
-0.01 -0.01 
-0.01 -0.01 
-0.01 -0.01 
-0.01 -0.01 
-0.0 -0.01 159:1.0 
-0.0 -0.01 96:1.0 
-0.01 -0.01 
-0.01 -0.01 
-0.01 -0.01 
-0.0 -0.01 47:1.0 
-0.01 -0.01 
-0.01 -0.01 13:1.0 14:1.0 
-0.0 -0.01 43:1.0 
-0.0 -0.01 92:1.0 
-0.0 -0.01 52:1.0 
-0.01 -0.01 
-0.01 -0.01 
-0.01 -0.01 
-0.0 -0.01 30:1.0 33:1.0 113:1.0 
-0.01 -0.01 
-0.0 -0.01 86:1.0 
-0.01 -0.01 
-0.0 -0.01 69:1.0 
-0.0 -0.01 102:1.0 
-0.01 -0.01 
-0.01 -0.01 
-0.01 -0.01 
-0.01 -0.01 
-0.01 -0.01 
-0.01 -0.01 
-0.0 -0.01 26:1.0 55:1.0 113:1.0 
-0.01 -0.01 
-0.01 -0.01 
-0.01 -0.01 
-0.01 -0.01 
-0.0 -0.01 38:1.0 
-0.0 -0.01 78:1.0 
-0.01 -0.01 159:1.0 
-0.0 -0.01 173:1.0 
-0.0 -0.01 48:1.0 
-0.01 -0.01 
-0.01 -0.01 16:1.0 187:1.0 
-0.01 -0.01 
-0.01 -0.01 
-0.01 -0.01 
-0.01 -0.01 
-0.01 -0.01 
-0.01 -0.01 
-0.0 -0.01 142:1.0 
-0.01 -0.01 
-0.01 -0.01 
-0.01 -0.01 
-0.01 -0.01 
-0.01 -0.01 
-0.0 -0.01 47:1.0 
-0.01 -0.01 
-0.01 -0.01 
-0.01 -0.01 
-0.01 -0.01 
-0.01 -0.01 44:1.0 164:1.0 
-0.01 -0.01 
-0.01 -0.01 
-0.01 -0.01 166:1.0 
-0.01 -0.01 
-0.01 -0.01 
-0.0 -0.01 44:1.0 
-0.01 -0.01 
-0.0 -0.01 41:1.0 160:1.0 211:1.0 
-0.0 -0.01 78:1.0 
-0.01 -0.01 
-0.0 -0.01 104:1.0 
-0.01 -0.01 
-0.01 -0.01 
-0.0 -0.01 72:1.0 
-0.01 -0.01 
-0.01 -0.01 
-0.01 -0.01 
-0.01 -0.01 
-0.01 -0.01 
-0.01 -0.01 
-0.0 -0.01 93:1.0 
-0.0 -0.01 49:1.0 
-0.01 -0.01 
-0.0 -0.01 97:1.0 
-0.01 -0.01 
-0.01 -0.01 
-0.01 -0.01 59:1.0 
-0.01 -0.01 33:1.0 138:1.0 
-0.01 -0.01 
-0.01 -0.01 
-0.01 -0.01 34:1.0 76:1.0 193:1.0 
-0.01 -0.01 
-0.0 -0.01 124:1.0 
-0.01 -0.01 
-0.01 -0.01 
-0.01 -0.01 
-0.01 -0.01 
-0.0 -0.01 13:1.0 144:1.0 
-0.01 -0.01 
-0.0 -0.01 162:1.0 
-0.01 -0.01 58:1.0 
-0.01 -0.01 
-0.0 -0.01 71:1.0 149:1.0 
-0.01 -0.01 
-0.0 -0.01 124:1.0 
-0.01 -0.01 
-0.01 -0.01 
-0.01 -0.01 
-0.01 -0.01 
-0.01 -0.01 
-0.0 -0.01 126:1.0 
-0.01 -0.01 64:1.0 
-0.01 -0.01 
-0.01 -0.01 
-0.0 -0.01 119:1.0 
-0.01 -0.01 
-0.01 -0.01 
-0.01 -0.01 
-0.0 -0.01 179:1.0 186:1.0 196:1.0 
-0.0 -0.01 47:1.0 58:1.0 172:1.0 
-0.0 -0.01 125:1.0 
-0.01 -0.01 
-0.01 -0.01 
-0.0 -0.01 82:1.0 
-0.01 -0.01 
-0.01 -0.01 70:1.0 141:1.0 
-0.01 -0.01 
-0.01 -0.01 
-0.0 -0.01 38:1.0 
-0.01 -0.01 
-0.01 -0.01 
-0.01 -0.01 
-0.01 -0.01 
-0.01 -0.01 27:1.0 108:1.0 
-0.0 -0.01 35:1.0 
-0.0 -0.01 17:1.0 97:1.0 178:1.0 180:1.0 
-0.01 -0.01 
-0.01 -0.01 
-0.01 -0.01 
-0.01 -0.01 
-0.0 -0.01 153:1.0 
-0.01 -0.01 
-0.01 -0.01 
-0.01 -0.01 
-0.01 -0.01 
-0.01 -0.01 
-0.01 -0.01 
-0.01 -0.01 
-0.01 -0.01 
-0.01 -0.01 
-0.0 -0.01 9:1.0 
-0.01 -0.01 
-0.01 -0.01 
-0.01 -0.01 85:1.0 
-0.01 -0.01 
-0.01 -0.01 
-0.01 -0.01 
-0.01 -0.01 
-0.0 -0.01 49:1.0 115:1.0 
-0.0 -0.01 152:1.0 
-0.01 -0.01 
-0.01 -0.01 
-0.01 -0.01 
-0.01 -0.01 
-0.01 -0.01 
-0.01 -0.01 
-0.01 -0.01 
-0.01 -0.01 
-0.0 -0.01 92:1.0 
-0.0 -0.01 47:1.0 180:1.0 
-0.01 -0.01 
-0.01 -0.01 
-0.01 -0.01 
-0.01 -0.01 
-0.01 -0.01 
-0.0 -0.01 71:1.0 79:1.0 113:1.0 
-0.0 -0.01 173:1.0 
-0.0 -0.01 70:1.0 
-0.01 -0.01 
-0.0 -0.01 78:1.0 
-0.01 -0.01 
-0.01 -0.01 
-0.01 -0.01 
-0.01 -0.01 105:1.0 
-0.01 -0.01 
-0.0 -0.01 17:1.0 
-0.01 -0.01 
-0.01 -0.01 
-0.0 -0.01 98:1.0 
-0.01 -0.01 
-0.01 -0.01 6:1.0 
-0.01 -0.01 
-0.01 -0.01 
-0.01 -0.01 
-0.01 -0.01 
-0.01 -0.01 
-0.01 -0.01 
-0.01 -0.01 
-0.01 -0.01 
-0.01 -0.01 
-0.01 -0.01 
-0.01 -0.01 
-0.01 -0.01 
-0.01 -0.01 
-0.01 -0.01 
-0.01 -0.01 
-0.01 -0.01 
-0.01 -0.01 
-0.0 -0.01 150:1.0 178:1.0 
-0.01 -0.01 
-0.01 -0.01 
-0.01 -0.01 
-0.01 -0.01 12:1.0 
-0.01 -0.01 
-0.01 -0.01 
-0.0 -0.01 21:1.0 
-0.01 -0.01 
-0.01 -0.01 
-0.0 -0.01 19:1.0 88:1.0 
-0.0 -0.01 178:1.0 
-0.01 -0.01 
-0.01 -0.01 
-0.01 -0.01 
-0.01 -0.01 
-0.01 -0.01 
-0.01 -0.01 
-0.01 -0.01 
-0.01 -0.01 
-0.01 -0.01 
-0.01 -0.01 
-0.0 -0.01 173:1.0 
-0.01 -0.01 87:1.0 
-0.01 -0.01 139:1.0 
-0.0 -0.01 125:1.0 
-0.01 -0.01 
-0.0 -0.01 70:1.0 
-0.0 -0.01 30:1.0 41:1.0 123:1.0 160:1.0 199:1.0 211:1.0 
-0.0 -0.01 149:1.0 
-0.0 -0.01 18:1.0 
-0.01 -0.01 
-0.01 -0.01 
-0.01 -0.01 
-0.01 -0.01 
-0.01 -0.01 
-0.0 -0.01 126:1.0 
-0.0 -0.01 9:1.0 
-0.0 -0.01 20:1.0 185:1.0 
-0.01 -0.01 
-0.0 -0.01 129:1.0 
-0.01 -0.01 
-0.01 -0.01 
-0.01 -0.01 
-0.01 -0.01 
-0.0 -0.01 98:1.0 
-0.01 -0.01 
-0.0 -0.01 78:1.0 98:1.0 
-0.0 -0.01 57:1.0 
-0.01 -0.01 
-0.01 -0.01 
-0.01 -0.01 
-0.01 -0.01 
-0.01 -0.01 
-0.01 -0.01 
-0.01 -0.01 
-0.01 -0.01 
-0.01 -0.01 
-0.01 -0.01 
-0.01 -0.01 
-0.0 -0.01 37:1.0 
-0.01 -0.01 
-0.01 -0.01 
-0.01 -0.01 34:1.0 76:1.0 193:1.0 
-0.01 -0.01 
-0.01 -0.01 
-0.01 -0.01 
-0.01 -0.01 
-0.01 -0.01 164:1.0 
-0.0 -0.01 179:1.0 186:1.0 196:1.0 
-0.01 -0.01 
-0.01 -0.01 
-0.01 -0.01 
-0.01 -0.01 
-0.01 -0.01 
-0.01 -0.01 
-0.01 -0.01 
-0.01 -0.01 124:1.0 
-0.0 -0.01 87:1.0 100:1.0 174:1.0 
-0.01 -0.01 
-0.01 -0.01 60:1.0 
-0.01 -0.01 
-0.0 -0.01 13:1.0 
-0.0 -0.01 30:1.0 33:1.0 
-0.01 -0.01 
-0.01 -0.01 87:1.0 152:1.0 
-0.01 -0.01 142:1.0 
-0.01 -0.01 
-0.01 -0.01 78:1.0 
-0.01 -0.01 
-0.01 -0.01 
-0.01 -0.01 
-0.0 -0.01 106:1.0 
-0.01 -0.01 
-0.01 -0.01 
-0.01 -0.01 
-0.01 -0.01 
-0.01 -0.01 
-0.01 -0.01 76:1.0 177:1.0 
-0.0 -0.01 163:1.0 
-0.01 -0.01 
-0.01 -0.01 
-0.01 -0.01 
-0.01 -0.01 
-0.01 -0.01 
-0.01 -0.01 
-0.01 -0.01 
-0.01 -0.01 
-0.01 -0.01 
-0.01 -0.01 
-0.01 -0.01 
-0.0 -0.01 10:1.0 147:1.0 182:1.0 
-0.01 -0.01 
-0.01 -0.01 
-0.0 -0.01 173:1.0 
-0.01 -0.01 98:1.0 114:1.0 
-0.01 -0.01 
-0.0 -0.01 109:1.0 
-0.0 -0.01 63:1.0 140:1.0 151:1.0 
-0.01 -0.01 
-0.01 -0.01 
-0.01 -0.01 
-0.01 -0.01 
-0.01 -0.01 
-0.01 -0.01 
-0.01 -0.01 
-0.0 -0.01 61:1.0 
-0.01 -0.01 
-0.01 -0.01 
-0.01 -0.01 
-0.01 -0.01 
-0.01 -0.01 
-0.0 -0.01 119:1.0 
-0.0 -0.01 111:1.0 116:1.0 
-0.01 -0.01 
-0.0 -0.01 61:1.0 
-0.01 -0.01 
-0.01 -0.01 
-0.01 -0.01 
-0.01 -0.01 
-0.01 -0.01 
-0.01 -0.01 
-0.01 -0.01 
-0.01 -0.01 16:1.0 177:1.0 
-0.01 -0.01 
-0.0 -0.01 115:1.0 
-0.01 -0.01 
-0.01 -0.01 
-0.01 -0.01 
-0.01 -0.01 124:1.0 
-0.01 -0.01 
-0.01 -0.01 
-0.01 -0.01 
-0.01 -0.01 
-0.01 -0.01 
-0.01 -0.01 
-0.01 -0.01 40:1.0 106:1.0 
-0.0 -0.01 112:1.0 
-0.01 -0.01 
-0.01 -0.01 119:1.0 
-0.01 -0.01 
-0.01 -0.01 
-0.01 -0.01 
-0.01 -0.01 
-0.01 -0.01 
-0.01 -0.01 
-0.01 -0.01 
-0.01 -0.01 
-0.0 -0.01 38:1.0 
-0.01 -0.01 
-0.0 -0.01 158:1.0 
-0.01 -0.01 
-0.01 -0.01 
-0.01 -0.01 23:1.0 
-0.01 -0.01 
-0.0 -0.01 180:1.0 
-0.01 -0.01 
-0.0 -0.01 41:1.0 160:1.0 211:1.0 
-0.01 -0.01 
-0.01 -0.01 
-0.01 -0.01 
-0.0 -0.01 41:1.0 160:1.0 211:1.0 
-0.01 -0.01 
-0.01 -0.01 124:1.0 
-0.01 -0.01 
-0.01 -0.01 
-0.01 -0.01 121:1.0 
-0.01 -0.01 
-0.01 -0.01 
-0.01 -0.01 
-0.01 -0.01 
-0.0 -0.01 90:1.0 
-0.01 -0.01 
-0.01 -0.01 
-0.01 -0.01 
-0.01 -0.01 
-0.01 -0.01 
-0.01 -0.01 
-0.01 -0.01 
-0.01 -0.01 
-0.01 -0.01 
-0.01 -0.01 
-0.0 -0.01 68:1.0 
-0.01 -0.01 
-0.01 -0.01 
-0.0 -0.01 111:1.0 
-0.01 -0.01 
-0.01 -0.01 46:1.0 131:1.0 
-0.01 -0.01 
-0.0 -0.01 38:1.0 
-0.01 -0.01 
-0.01 -0.01 42:1.0 158:1.0 
-0.01 -0.01 
-0.01 -0.01 61:1.0 
-0.01 -0.01 
-0.01 -0.01 
-0.01 -0.01 
-0.0 -0.01 113:1.0 
-0.01 -0.01 27:1.0 
-0.01 -0.01 
-0.01 -0.01 
-0.01 -0.01 
-0.01 -0.01 
-0.0 -0.01 173:1.0 
-0.01 -0.01 
-0.0 -0.01 178:1.0 
-0.0 -0.01 173:1.0 
-0.01 -0.01 34:1.0 76:1.0 94:1.0 148:1.0 167:1.0 193:1.0 197:1.0 204:1.0 207:1.0 218:1.0 220:1.0 
-0.01 -0.01 
-0.0 -0.01 65:1.0 104:1.0 116:1.0 151:1.0 
-0.01 -0.01 
-0.01 -0.01 
-0.01 -0.01 
-0.01 -0.01 
-0.01 -0.01 
-0.01 -0.01 133:1.0 
-0.01 -0.01 
-0.0 -0.01 8:1.0 182:1.0 
-0.01 -0.01 
-0.01 -0.01 
-0.0 -0.01 5:1.0 74:1.0 75:1.0 81:1.0 192:1.0 198:1.0 201:1.0 216:1.0 217:1.0 
-0.01 -0.01 
-0.01 -0.01 
-0.01 -0.01 
-0.01 -0.01 
-0.01 -0.01 
-0.01 -0.01 
-0.01 -0.01 
-0.01 -0.01 
-0.01 -0.01 
-0.01 -0.01 
-0.01 -0.01 
-0.01 -0.01 
-0.01 -0.01 145:1.0 
-0.01 -0.01 
-0.01 -0.01 
-0.01 -0.01 
-0.01 -0.01 
-0.01 -0.01 
-0.01 -0.01 
-0.0 -0.01 136:1.0 
-0.0 -0.01 37:1.0 
-0.01 -0.01 
-0.01 -0.01 
-0.01 -0.01 
-0.01 -0.01 
-0.01 -0.01 
-0.01 -0.01 
-0.0 -0.01 111:1.0 
-0.01 -0.01 
-0.01 -0.01 
-0.01 -0.01 
-0.01 -0.01 
-0.01 -0.01 
-0.01 -0.01 
-0.01 -0.01 190:1.0 
-0.01 -0.01 
-0.01 -0.01 
-0.0 -0.01 173:1.0 
-0.01 -0.01 
-0.01 -0.01 
-0.01 -0.01 
-0.0 -0.01 89:1.0 
-0.01 -0.01 
-0.0 -0.01 184:1.0 
-0.01 -0.01 70:1.0 
-0.01 -0.01 
-0.01 -0.01 
-0.01 -0.01 
-0.01 -0.01 
-0.01 -0.01 
-0.01 -0.01 
-0.01 -0.01 
-0.01 -0.01 
-0.01 -0.01 
-0.0 -0.01 72:1.0 
-0.01 -0.01 43:1.0 99:1.0 
-0.01 -0.01 32:1.0 
-0.01 -0.01 
-0.0 -0.01 85:1.0 116:1.0 
-0.01 -0.01 
-0.01 -0.01 
-0.01 -0.01 
-0.01 -0.01 
-0.01 -0.01 
-0.01 -0.01 
-0.01 -0.01 23:1.0 
-0.01 -0.01 118:1.0 
-0.01 -0.01 
-0.01 -0.01 
-0.01 -0.01 31:1.0 
-0.01 -0.01 
-0.01 -0.01 98:1.0 114:1.0 
-0.01 -0.01 
-0.01 -0.01 
-0.01 -0.01 
-0.01 -0.01 23:1.0 
-0.01 -0.01 
-0.01 -0.01 
-0.01 -0.01 
-0.01 -0.01 
-0.01 -0.01 
-0.01 -0.01 
-0.01 -0.01 
-0.01 -0.01 
-0.01 -0.01 
-0.0 -0.01 10:1.0 
-0.01 -0.01 
-0.01 -0.01 
-0.01 -0.01 
-0.01 -0.01 
-0.01 -0.01 
-0.01 -0.01 
-0.01 -0.01 
-0.01 -0.01 4:1.0 
-0.01 -0.01 
-0.0 -0.01 109:1.0 
-0.01 -0.01 
-0.0 -0.01 96:1.0 
-0.01 -0.01 
-0.0 -0.01 90:1.0 
-0.0 -0.01 95:1.0 
-0.01 -0.01 
-0.0 -0.01 131:1.0 
-0.01 -0.01 
-0.01 -0.01 
-0.01 -0.01 
-0.01 -0.01 
-0.01 -0.01 
-0.01 -0.01 
-0.01 -0.01 
-0.01 -0.01 71:1.0 
-0.01 -0.01 25:1.0 
-0.01 -0.01 
-0.01 -0.01 
-0.01 -0.01 182:1.0 
-0.01 -0.01 
-0.01 -0.01 
-0.0 -0.01 3:1.0 120:1.0 
-0.01 -0.01 
-0.0 -0.01 153:1.0 
-0.0 -0.01 153:1.0 
-0.01 -0.01 
-0.01 -0.01 
-0.01 -0.01 
-0.0 -0.01 9:1.0 
-0.01 -0.01 
-0.01 -0.01 
-0.01 -0.01 
-0.01 -0.01 
-0.01 -0.01 
-0.01 -0.01 
-0.0 -0.01 62:1.0 
-0.01 -0.01 
-0.01 -0.01 
-0.01 -0.01 
-0.01 -0.01 
-0.01 -0.01 
-0.01 -0.01 
-0.01 -0.01 
-0.01 -0.01 
-0.01 -0.01 
-0.01 -0.01 142:1.0 
-0.01 -0.01 
-0.01 -0.01 
-0.01 -0.01 
-0.01 -0.01 
-0.01 -0.01 
-0.0 -0.01 35:1.0 
-0.01 -0.01 
