svm_type c_svc
kernel_type rbf
gamma 100.0
nr_class 3
total_sv 1968
rho 0.6300889756944444 0.34849229991007197 -0.5026371308016878
label 2 0 1
nr_sv 510 788 670
SV
1.0 1.0 
1.0 1.0 
1.0 1.0 
0.6298828125 0.5 76:1.0 94:1.0 167:1.0 181:1.0 197:1.0 207:1.0 220:1.0 
1.0 1.0 
1.0 1.0 100:1.0 142:1.0 
1.0 1.0 
1.0 1.0 
1.0 1.0 
1.0 1.0 
1.0 1.0 
1.0 1.0 
1.0 1.0 
1.0 1.0 
1.0 1.0 
1.0 1.0 42:1.0 164:1.0 168:1.0 
1.0 1.0 138:1.0 
1.0 1.0 
1.0 1.0 
1.0 1.0 
1.0 1.0 
1.0 1.0 
1.0 1.0 32:1.0 
1.0 1.0 
1.0 1.0 
1.0 1.0 60:1.0 
1.0 1.0 
1.0 1.0 
1.0 1.0 103:1.0 
1.0 1.0 
1.0 1.0 
1.0 1.0 
1.0 1.0 
1.0 1.0 
1.0 1.0 
1.0 1.0 71:1.0 
1.0 1.0 
1.0 1.0 
1.0 1.0 
1.0 1.0 
1.0 1.0 12:1.0 28:1.0 73:1.0 
1.0 1.0 
1.0 0.8486328125 76:1.0 94:1.0 167:1.0 181:1.0 197:1.0 207:1.0 220:1.0 
1.0 1.0 
1.0 1.0 
1.0 1.0 
1.0 1.0 
1.0 1.0 
1.0 1.0 
1.0 1.0 
1.0 1.0 
1.0 1.0 
1.0 1.0 
1.0 1.0 
1.0 1.0 50:1.0 
1.0 1.0 
1.0 1.0 
1.0 1.0 
1.0 1.0 133:1.0 
1.0 1.0 
1.0 1.0 
1.0 1.0 
1.0 1.0 
1.0 0.5 16:1.0 
1.0 1.0 142:1.0 
1.0 1.0 
1.0 1.0 
0.6298828125 1.0 34:1.0 76:1.0 94:1.0 148:1.0 167:1.0 193:1.0 197:1.0 204:1.0 207:1.0 218:1.0 220:1.0 
1.0 1.0 14:1.0 181:1.0 
1.0 1.0 
1.0 1.0 
1.0 1.0 
0.6298828125 0.34765625 14:1.0 
1.0 1.0 
1.0 1.0 11:1.0 
1.0 1.0 
1.0 1.0 
1.0 1.0 
1.0 1.0 
1.0 1.0 
1.0 1.0 
1.0 1.0 
1.0 1.0 
1.0 1.0 
1.0 1.0 
1.0 1.0 
1.0 1.0 
1.0 1.0 114:1.0 164:1.0 
0.6298828125 0.34765625 174:1.0 
1.0 1.0 34:1.0 76:1.0 94:1.0 148:1.0 167:1.0 193:1.0 197:1.0 204:1.0 207:1.0 218:1.0 220:1.0 
1.0 1.0 
1.0 1.0 174:1.0 
1.0 1.0 
1.0 1.0 
1.0 1.0 12:1.0 147:1.0 
1.0 1.0 
1.0 1.0 
1.0 1.0 
1.0 1.0 
1.0 1.0 
0.6298828125 0.34765625 114:1.0 
1.0 1.0 
1.0 1.0 
1.0 1.0 
1.0 1.0 133:1.0 
1.0 1.0 
1.0 1.0 
1.0 1.0 
1.0 1.0 
1.0 1.0 
1.0 1.0 
1.0 1.0 
1.0 0.34765625 55:1.0 
1.0 1.0 94:1.0 
1.0 1.0 
1.0 1.0 
1.0 1.0 
1.0 1.0 
1.0 1.0 181:1.0 
1.0 1.0 
1.0 1.0 
1.0 1.0 
1.0 1.0 1:1.0 84:1.0 
1.0 1.0 
1.0 1.0 
1.0 1.0 
1.0 1.0 
1.0 1.0 
1.0 1.0 
1.0 1.0 59:1.0 
1.0 1.0 
1.0 1.0 
1.0 1.0 
1.0 1.0 
1.0 1.0 
1.0 1.0 
1.0 1.0 
1.0 1.0 
1.0 1.0 
1.0 1.0 139:1.0 
1.0 1.0 
1.0 1.0 
1.0 1.0 
1.0 1.0 
1.0 1.0 
1.0 1.0 
1.0 1.0 
1.0 1.0 
1.0 1.0 
1.0 1.0 
1.0 1.0 99:1.0 164:1.0 
1.0 1.0 
1.0 1.0 
1.0 1.0 
1.0 1.0 
1.0 1.0 4:1.0 6:1.0 
1.0 1.0 124:1.0 
1.0 1.0 4:1.0 6:1.0 85:1.0 
0.6298828125 1.0 87:1.0 
1.0 1.0 
1.0 1.0 14:1.0 
1.0 1.0 
1.0 1.0 121:1.0 
0.6298828125 1.0 27:1.0 108:1.0 
1.0 0.34765625 170:1.0 
1.0 1.0 87:1.0 
1.0 1.0 47:1.0 124:1.0 
1.0 1.0 
1.0 1.0 
1.0 1.0 78:1.0 
1.0 1.0 
1.0 1.0 53:1.0 64:1.0 172:1.0 
1.0 1.0 32:1.0 
1.0 1.0 
1.0 1.0 
1.0 1.0 
1.0 1.0 
0.6298828125 0.0 40:1.0 
1.0 1.0 
1.0 1.0 
1.0 1.0 
1.0 1.0 
1.0 1.0 23:1.0 76:1.0 167:1.0 197:1.0 
1.0 1.0 
1.0 1.0 
1.0 1.0 
1.0 1.0 
1.0 1.0 
1.0 1.0 
1.0 1.0 
1.0 1.0 
1.0 1.0 
0.0 0.34765625 58:1.0 
1.0 1.0 
1.0 1.0 
1.0 1.0 
1.0 1.0 
1.0 1.0 23:1.0 
1.0 1.0 
1.0 1.0 
1.0 1.0 
1.0 1.0 
1.0 1.0 
1.0 1.0 
1.0 1.0 
1.0 1.0 
1.0 1.0 168:1.0 
1.0 1.0 
1.0 1.0 76:1.0 
1.0 1.0 
1.0 1.0 114:1.0 
1.0 1.0 
1.0 1.0 
1.0 1.0 25:1.0 
1.0 1.0 
1.0 1.0 23:1.0 
1.0 1.0 
1.0 1.0 
1.0 1.0 
0.6298828125 0.0 166:1.0 
1.0 1.0 
1.0 1.0 108:1.0 
1.0 1.0 
1.0 1.0 79:1.0 
1.0 1.0 
1.0 1.0 
1.0 1.0 134:1.0 190:1.0 
1.0 1.0 
1.0 1.0 
0.6298828125 1.0 58:1.0 
1.0 0.8486328125 16:1.0 
1.0 1.0 
1.0 1.0 94:1.0 147:1.0 148:1.0 189:1.0 204:1.0 
1.0 1.0 
1.0 1.0 
1.0 1.0 12:1.0 28:1.0 73:1.0 94:1.0 189:1.0 
1.0 1.0 70:1.0 79:1.0 
1.0 1.0 
1.0 1.0 
1.0 1.0 
1.0 1.0 67:1.0 76:1.0 
1.0 1.0 
1.0 1.0 70:1.0 
1.0 0.34765625 166:1.0 
1.0 1.0 
1.0 1.0 
1.0 1.0 
1.0 1.0 
1.0 1.0 
1.0 1.0 124:1.0 
1.0 1.0 
1.0 1.0 
1.0 1.0 
1.0 1.0 
1.0 1.0 
0.6298828125 0.5 128:1.0 137:1.0 154:1.0 194:1.0 202:1.0 221:1.0 
1.0 1.0 
1.0 1.0 147:1.0 
1.0 1.0 
1.0 1.0 
1.0 1.0 105:1.0 
1.0 1.0 
1.0 1.0 
1.0 1.0 
1.0 1.0 
1.0 1.0 55:1.0 
1.0 1.0 31:1.0 84:1.0 
1.0 1.0 
1.0 1.0 
0.6298828125 1.0 31:1.0 
1.0 1.0 31:1.0 
1.0 1.0 
1.0 1.0 
1.0 1.0 
1.0 1.0 
1.0 1.0 
1.0 1.0 
1.0 1.0 
1.0 1.0 166:1.0 
1.0 1.0 
1.0 1.0 
1.0 1.0 
1.0 1.0 
1.0 1.0 84:1.0 165:1.0 
1.0 1.0 
1.0 1.0 
1.0 1.0 
1.0 1.0 
1.0 1.0 
1.0 1.0 
1.0 1.0 172:1.0 
1.0 1.0 166:1.0 
1.0 1.0 
1.0 1.0 
0.0 0.34765625 164:1.0 
1.0 1.0 
1.0 1.0 
1.0 1.0 
1.0 1.0 
1.0 1.0 
1.0 1.0 133:1.0 168:1.0 
1.0 1.0 
1.0 1.0 
1.0 1.0 
1.0 1.0 
1.0 1.0 24:1.0 
1.0 1.0 
1.0 1.0 
1.0 1.0 
1.0 1.0 
1.0 1.0 
1.0 1.0 
0.6298828125 0.0 100:1.0 
1.0 1.0 
1.0 1.0 
1.0 1.0 84:1.0 127:1.0 
1.0 1.0 161:1.0 
1.0 1.0 
1.0 1.0 
1.0 1.0 
1.0 1.0 
1.0 1.0 
1.0 1.0 
1.0 1.0 
1.0 1.0 
1.0 1.0 19:1.0 
1.0 1.0 
1.0 1.0 170:1.0 
1.0 1.0 
1.0 1.0 
1.0 1.0 
1.0 1.0 
1.0 1.0 
1.0 1.0 
0.6298828125 1.0 164:1.0 
1.0 1.0 
1.0 1.0 
1.0 1.0 
1.0 1.0 
1.0 1.0 
1.0 1.0 
1.0 1.0 
1.0 1.0 
1.0 1.0 
1.0 1.0 
1.0 1.0 
1.0 1.0 
1.0 1.0 
1.0 1.0 
1.0 1.0 
1.0 1.0 
1.0 1.0 
1.0 1.0 
1.0 1.0 
1.0 1.0 
1.0 1.0 
1.0 1.0 
1.0 1.0 
1.0 1.0 
1.0 1.0 73:1.0 
1.0 1.0 
1.0 1.0 
1.0 1.0 
1.0 0.5 40:1.0 
1.0 1.0 
1.0 1.0 
1.0 1.0 
1.0 1.0 
1.0 1.0 
1.0 1.0 
1.0 1.0 
1.0 1.0 
1.0 1.0 27:1.0 101:1.0 
1.0 1.0 
1.0 1.0 
1.0 1.0 
1.0 1.0 60:1.0 
1.0 1.0 
1.0 1.0 46:1.0 
1.0 1.0 
1.0 1.0 
1.0 1.0 
1.0 1.0 
1.0 1.0 
1.0 1.0 
1.0 1.0 
1.0 1.0 
1.0 1.0 
1.0 1.0 
0.6298828125 0.5 1:1.0 101:1.0 
1.0 1.0 
1.0 1.0 
1.0 1.0 
1.0 1.0 
1.0 1.0 
1.0 1.0 
1.0 1.0 145:1.0 
1.0 1.0 
1.0 1.0 27:1.0 108:1.0 
1.0 1.0 
1.0 1.0 
1.0 1.0 
1.0 1.0 
1.0 1.0 119:1.0 
1.0 1.0 
1.0 1.0 
1.0 1.0 
1.0 1.0 
1.0 1.0 
1.0 1.0 
1.0 1.0 
1.0 1.0 
1.0 1.0 
1.0 1.0 
1.0 1.0 
1.0 1.0 
1.0 1.0 28:1.0 87:1.0 
1.0 1.0 
1.0 1.0 
1.0 1.0 
1.0 1.0 
1.0 1.0 
1.0 1.0 159:1.0 169:1.0 
1.0 1.0 
1.0 1.0 
1.0 1.0 
1.0 1.0 
1.0 1.0 
1.0 1.0 8:1.0 46:1.0 61:1.0 64:1.0 162:1.0 
1.0 1.0 27:1.0 
1.0 1.0 182:1.0 
1.0 1.0 
1.0 1.0 
1.0 1.0 
1.0 1.0 
1.0 1.0 22:1.0 46:1.0 64:1.0 
1.0 1.0 
1.0 1.0 
1.0 1.0 
1.0 1.0 
1.0 1.0 
1.0 1.0 
1.0 1.0 171:1.0 
1.0 1.0 
1.0 1.0 1:1.0 29:1.0 
1.0 1.0 
1.0 1.0 
1.0 1.0 141:1.0 
0.6298828125 0.34765625 7:1.0 
1.0 1.0 85:1.0 
1.0 1.0 
1.0 1.0 
1.0 1.0 
1.0 0.8486328125 128:1.0 137:1.0 154:1.0 194:1.0 202:1.0 221:1.0 
1.0 1.0 28:1.0 73:1.0 
1.0 1.0 
1.0 1.0 
1.0 1.0 
1.0 1.0 
1.0 1.0 
1.0 1.0 
1.0 1.0 
1.0 0.5 42:1.0 
1.0 1.0 7:1.0 
1.0 1.0 
1.0 0.8486328125 1:1.0 101:1.0 
1.0 1.0 
1.0 1.0 
1.0 1.0 
1.0 1.0 
1.0 1.0 
1.0 1.0 
1.0 1.0 
1.0 1.0 
1.0 1.0 
1.0 1.0 
1.0 1.0 
1.0 1.0 
1.0 1.0 53:1.0 
1.0 1.0 
1.0 1.0 
1.0 1.0 
1.0 1.0 
1.0 0.34765625 100:1.0 
1.0 1.0 
1.0 1.0 
1.0 1.0 
1.0 1.0 164:1.0 
1.0 1.0 
1.0 1.0 
1.0 1.0 
1.0 1.0 67:1.0 94:1.0 124:1.0 148:1.0 167:1.0 187:1.0 204:1.0 207:1.0 218:1.0 
1.0 1.0 
1.0 1.0 100:1.0 
1.0 1.0 
1.0 1.0 
1.0 1.0 
1.0 1.0 
1.0 1.0 
1.0 0.8486328125 40:1.0 
1.0 1.0 58:1.0 
1.0 1.0 
1.0 1.0 
1.0 1.0 
1.0 0.8486328125 42:1.0 
1.0 1.0 
1.0 1.0 23:1.0 
1.0 1.0 76:1.0 167:1.0 197:1.0 
1.0 1.0 
1.0 1.0 118:1.0 
-0.369140625 0.4970703125 2:1.0 91:1.0 
-1.0 0.5 121:1.0 
-0.0 1.0 78:1.0 
-0.369140625 0.498046875 66:1.0 187:1.0 
-0.369140625 1.0 142:1.0 
-0.0 0.5 93:1.0 
-0.369140625 0.498046875 116:1.0 159:1.0 
-0.369140625 0.498046875 8:1.0 77:1.0 
-0.0 1.0 90:1.0 
-0.369140625 0.0 42:1.0 
-9.765625E-4 0.0 127:1.0 
-0.3701171875 1.0 4:1.0 
-0.3701171875 0.498046875 15:1.0 102:1.0 
-9.765625E-4 0.5 136:1.0 
-0.3701171875 0.498046875 107:1.0 203:1.0 
-0.3701171875 0.498046875 89:1.0 129:1.0 178:1.0 
-0.375 1.0 11:1.0 
-0.3701171875 0.498046875 162:1.0 173:1.0 
-0.3701171875 0.498046875 88:1.0 
-0.3701171875 1.0 78:1.0 98:1.0 
-0.0 0.5 113:1.0 
-0.3701171875 1.0 90:1.0 
-1.0 0.0 170:1.0 
-0.3759765625 0.0 55:1.0 
-0.3701171875 0.498046875 20:1.0 179:1.0 186:1.0 196:1.0 
-0.3701171875 1.0 17:1.0 
-0.3701171875 0.498046875 85:1.0 94:1.0 147:1.0 189:1.0 
-9.765625E-4 0.0 51:1.0 
-0.3759765625 0.5 85:1.0 
-0.3701171875 1.0 92:1.0 
-1.0 0.0 42:1.0 
-0.3701171875 0.498046875 34:1.0 66:1.0 76:1.0 193:1.0 
-0.3701171875 0.498046875 22:1.0 82:1.0 
-0.0 0.5 112:1.0 
-0.3701171875 0.998046875 113:1.0 
-1.0 0.498046875 181:1.0 
-1.0 0.0 76:1.0 
-1.0 0.498046875 40:1.0 
-0.3701171875 1.0 185:1.0 
-9.765625E-4 0.0 39:1.0 80:1.0 110:1.0 130:1.0 135:1.0 157:1.0 176:1.0 195:1.0 200:1.0 205:1.0 206:1.0 210:1.0 212:1.0 213:1.0 214:1.0 215:1.0 219:1.0 222:1.0 
-0.3701171875 1.0 38:1.0 
-0.3740234375 0.0 24:1.0 
-0.3759765625 0.5 23:1.0 
-0.375 0.0 16:1.0 
-0.3701171875 0.498046875 14:1.0 43:1.0 67:1.0 
-0.0 0.5 21:1.0 
-9.765625E-4 0.0 2:1.0 
-0.3701171875 0.998046875 93:1.0 
-9.765625E-4 0.5 10:1.0 
-0.3701171875 0.498046875 155:1.0 178:1.0 
-0.3701171875 0.498046875 65:1.0 179:1.0 
-0.3701171875 0.498046875 30:1.0 95:1.0 113:1.0 123:1.0 199:1.0 
-0.3701171875 0.498046875 101:1.0 165:1.0 
-1.0 0.498046875 100:1.0 
-0.3701171875 1.0 20:1.0 185:1.0 
-9.765625E-4 0.5 131:1.0 
-1.0 0.0 16:1.0 
-9.765625E-4 0.0 146:1.0 
-0.3701171875 1.0 153:1.0 
-9.765625E-4 0.0 184:1.0 
-9.765625E-4 0.5 72:1.0 
-0.0 1.0 68:1.0 
-9.765625E-4 1.0 124:1.0 
-0.3701171875 0.498046875 65:1.0 113:1.0 
-0.3701171875 0.498046875 7:1.0 128:1.0 137:1.0 154:1.0 194:1.0 202:1.0 221:1.0 
-0.0 1.0 125:1.0 
-1.0 1.0 78:1.0 
-0.3701171875 0.498046875 36:1.0 180:1.0 
-9.765625E-4 0.5 89:1.0 
-0.3701171875 0.498046875 15:1.0 178:1.0 
-0.3701171875 0.498046875 67:1.0 
-0.3701171875 0.498046875 38:1.0 99:1.0 149:1.0 
-0.3701171875 0.498046875 33:1.0 104:1.0 
-0.3701171875 0.498046875 50:1.0 136:1.0 
-0.3759765625 0.0 133:1.0 
-0.0 0.5 159:1.0 
-1.0 0.5 166:1.0 
-1.0 0.498046875 170:1.0 
-9.765625E-4 0.0 77:1.0 
-0.3701171875 0.498046875 39:1.0 54:1.0 80:1.0 110:1.0 130:1.0 135:1.0 157:1.0 176:1.0 190:1.0 195:1.0 200:1.0 205:1.0 206:1.0 210:1.0 212:1.0 213:1.0 214:1.0 215:1.0 219:1.0 222:1.0 
-0.3701171875 0.498046875 10:1.0 122:1.0 126:1.0 
-0.3701171875 0.998046875 21:1.0 
-0.3701171875 0.498046875 72:1.0 122:1.0 138:1.0 
-0.0 0.5 109:1.0 
-1.0 1.0 25:1.0 
-0.3701171875 0.498046875 36:1.0 
-0.0 1.0 159:1.0 
-0.0 1.0 70:1.0 
-1.0 1.0 23:1.0 
-0.3701171875 0.498046875 116:1.0 
-0.3701171875 0.498046875 10:1.0 78:1.0 
-0.3701171875 0.498046875 82:1.0 113:1.0 
-0.3701171875 1.0 63:1.0 140:1.0 151:1.0 
-1.0 0.5 133:1.0 
-0.0 1.0 179:1.0 186:1.0 196:1.0 
-9.765625E-4 0.0 150:1.0 
-0.9951171875 1.0 11:1.0 
-0.3701171875 0.498046875 52:1.0 76:1.0 94:1.0 148:1.0 167:1.0 197:1.0 204:1.0 207:1.0 218:1.0 220:1.0 
-0.375 1.0 145:1.0 
-0.3701171875 0.498046875 152:1.0 178:1.0 
-0.3701171875 0.498046875 68:1.0 102:1.0 
-0.3701171875 0.498046875 19:1.0 101:1.0 
-9.765625E-4 0.5 62:1.0 
-0.3701171875 0.498046875 150:1.0 173:1.0 
-0.0 0.5 57:1.0 
-0.0 0.5 
-0.0 1.0 
-0.0 1.0 
-0.0 1.0 
-0.0 1.0 
-0.0 1.0 
-0.0 1.0 
-0.0 1.0 
-0.3701171875 0.498046875 39:1.0 54:1.0 80:1.0 110:1.0 135:1.0 157:1.0 176:1.0 190:1.0 200:1.0 210:1.0 212:1.0 214:1.0 
-9.765625E-4 0.5 158:1.0 
-0.0 1.0 
-0.0 1.0 
-0.3701171875 0.498046875 132:1.0 
-0.3701171875 0.498046875 149:1.0 155:1.0 
-9.765625E-4 0.0 29:1.0 
-0.0 1.0 
-0.0 1.0 
-0.5009765625 0.5 118:1.0 
-0.0 1.0 
-0.0 1.0 
-0.0 1.0 
-0.0 1.0 
-0.0 1.0 
-0.0 1.0 
-0.0 1.0 96:1.0 
-0.0 1.0 
-0.3701171875 1.0 102:1.0 
-0.0 1.0 
-0.0 1.0 
-0.0 1.0 
-0.3701171875 0.498046875 3:1.0 
-0.0 1.0 
-0.0 1.0 
-9.765625E-4 0.0 50:1.0 
-0.0 1.0 
-9.765625E-4 0.0 155:1.0 
-0.0 1.0 
-0.0 1.0 
-0.3701171875 0.498046875 101:1.0 116:1.0 135:1.0 173:1.0 
-0.0 1.0 
-0.0 1.0 
-0.0 1.0 
-0.0 1.0 
-0.0 1.0 
-0.0 1.0 
-9.765625E-4 1.0 109:1.0 
-0.0 1.0 
-0.0 1.0 
-0.3701171875 1.0 96:1.0 
-0.0 1.0 
-0.0 1.0 
-0.3701171875 0.498046875 45:1.0 56:1.0 63:1.0 97:1.0 132:1.0 208:1.0 
-0.0 1.0 
-0.0 1.0 
-0.3701171875 0.498046875 63:1.0 
-0.0 1.0 
-0.0 1.0 
-0.0 1.0 
-0.0 1.0 
-1.0 1.0 142:1.0 
-0.0 1.0 
-0.0 1.0 
-0.0 1.0 
-0.0 1.0 
-0.0 1.0 
-0.0 1.0 
-0.0 1.0 
-0.3701171875 0.498046875 26:1.0 55:1.0 
-0.0 1.0 
-0.0 1.0 
-0.0 1.0 
-0.3701171875 0.498046875 99:1.0 
-0.3701171875 1.0 68:1.0 
-0.0 1.0 
-0.0 1.0 
-9.765625E-4 0.0 15:1.0 
-0.0 1.0 
-0.5009765625 1.0 70:1.0 
-0.0 1.0 
-0.0 1.0 
-0.0 1.0 
-0.0 1.0 
-0.0 1.0 
-0.3701171875 0.498046875 144:1.0 
-1.0 0.498046875 42:1.0 
-0.0 1.0 
-0.0 1.0 
-0.0 1.0 
-0.0 1.0 
-0.3701171875 0.498046875 101:1.0 
-0.3701171875 0.498046875 175:1.0 180:1.0 
-0.0 1.0 
-0.0 1.0 
-0.0 1.0 
-0.0 1.0 
-0.0 1.0 
-0.0 1.0 
-0.3701171875 0.498046875 21:1.0 175:1.0 
-0.0 1.0 
-0.0 1.0 
-1.0 1.0 23:1.0 
-0.0 1.0 
-0.3701171875 0.498046875 113:1.0 122:1.0 
-0.3701171875 0.498046875 125:1.0 170:1.0 
-0.0 1.0 
-0.9951171875 1.0 145:1.0 
-9.765625E-4 0.0 188:1.0 
-0.0 1.0 
-0.0 1.0 
-0.0 1.0 
-0.0 1.0 
-1.0 0.498046875 168:1.0 
-0.0 1.0 
-0.0 1.0 
-0.9951171875 0.498046875 16:1.0 
-0.3701171875 1.0 126:1.0 
-0.0 1.0 
-9.765625E-4 0.0 151:1.0 
-0.0 1.0 
-0.0 1.0 
-0.0 1.0 
-0.0 1.0 
-9.765625E-4 0.0 177:1.0 
-0.0 1.0 
-0.0 1.0 
-0.0 1.0 
-0.0 1.0 
-9.765625E-4 0.0 183:1.0 
-0.0 1.0 
-0.0 1.0 
-0.0 1.0 
-0.0 1.0 
-0.0 1.0 
-0.0 1.0 
-9.765625E-4 1.0 
-1.0 1.0 
-1.0 1.0 
-9.765625E-4 0.0 30:1.0 123:1.0 199:1.0 
-1.0 1.0 
-1.0 1.0 
-9.765625E-4 0.5 49:1.0 
-9.765625E-4 0.0 139:1.0 
-1.0 1.0 
-1.0 1.0 
-1.0 1.0 
-1.0 1.0 
-1.0 1.0 
-9.765625E-4 0.0 82:1.0 
-1.0 1.0 
-1.0 1.0 
-1.0 1.0 
-1.0 1.0 
-1.0 1.0 
-1.0 1.0 
-1.0 1.0 
-0.3701171875 1.0 18:1.0 
-1.0 1.0 
-1.0 1.0 
-9.765625E-4 0.0 143:1.0 
-1.0 1.0 
-1.0 1.0 
-1.0 1.0 
-1.0 1.0 
-9.765625E-4 0.5 191:1.0 
-1.0 1.0 
-0.3701171875 0.498046875 140:1.0 
-1.0 1.0 
-1.0 1.0 
-0.3701171875 0.998046875 159:1.0 
-1.0 1.0 
-1.0 1.0 
-9.765625E-4 0.5 178:1.0 
-1.0 1.0 
-1.0 1.0 
-9.765625E-4 0.5 95:1.0 
-1.0 1.0 
-0.3701171875 0.498046875 38:1.0 79:1.0 
-1.0 1.0 
-9.765625E-4 0.0 135:1.0 
-1.0 1.0 
-1.0 1.0 
-9.765625E-4 0.5 5:1.0 74:1.0 75:1.0 81:1.0 192:1.0 198:1.0 201:1.0 216:1.0 217:1.0 
-1.0 1.0 
-1.0 1.0 
-9.765625E-4 0.0 117:1.0 156:1.0 209:1.0 
-1.0 1.0 
-0.3701171875 0.4970703125 83:1.0 
-1.0 1.0 
-1.0 1.0 
-1.0 1.0 
-0.0 0.5 48:1.0 
-9.765625E-4 0.5 152:1.0 
-1.0 1.0 
-1.0 1.0 
-1.0 1.0 
-1.0 1.0 
-1.0 1.0 
-1.0 1.0 
-1.0 1.0 
-0.3701171875 0.4970703125 6:1.0 51:1.0 
-1.0 1.0 
-1.0 1.0 
-0.5009765625 0.0 171:1.0 
-1.0 1.0 
-1.0 1.0 
-1.0 1.0 
-0.3701171875 0.4970703125 124:1.0 165:1.0 
-1.0 1.0 
-1.0 1.0 
-1.0 1.0 
-0.3701171875 0.4970703125 45:1.0 56:1.0 151:1.0 208:1.0 
-1.0 1.0 
-0.3701171875 0.9970703125 57:1.0 
-1.0 1.0 
-0.3701171875 0.4970703125 23:1.0 82:1.0 183:1.0 
-1.0 1.0 
-1.0 1.0 
-1.0 1.0 
-9.765625E-4 0.5 47:1.0 
-0.369140625 0.4970703125 151:1.0 
-1.0 1.0 
-0.3701171875 0.4970703125 47:1.0 55:1.0 
-1.0 1.0 
-1.0 1.0 
-1.0 1.0 
-0.369140625 0.4970703125 68:1.0 141:1.0 
-0.869140625 1.0 70:1.0 
-0.369140625 0.4970703125 44:1.0 129:1.0 
-0.369140625 1.0 37:1.0 
-1.0 1.0 
-1.0 1.0 
-0.869140625 0.4970703125 171:1.0 
-1.0 1.0 
-1.0 1.0 
-0.369140625 0.4970703125 66:1.0 76:1.0 
-0.369140625 0.4970703125 36:1.0 82:1.0 
-1.0 1.0 
-1.0 1.0 139:1.0 
-0.369140625 0.4970703125 18:1.0 188:1.0 
-0.0 1.0 47:1.0 
-1.0 1.0 
-0.369140625 1.0 44:1.0 
-1.0 1.0 
-0.994140625 0.9970703125 85:1.0 
-1.0 1.0 
-1.0 1.0 
-1.0 1.0 
-0.369140625 0.9970703125 136:1.0 
-0.369140625 0.4970703125 61:1.0 172:1.0 
-1.0 1.0 
-1.0 1.0 
-1.0 1.0 
-1.0 1.0 
-1.0 1.0 
-0.0 1.0 184:1.0 
-1.0 1.0 
-1.0 1.0 
-1.0 1.0 
-1.0 1.0 
-0.369140625 0.4970703125 39:1.0 80:1.0 110:1.0 130:1.0 135:1.0 157:1.0 176:1.0 195:1.0 200:1.0 205:1.0 206:1.0 210:1.0 212:1.0 213:1.0 214:1.0 215:1.0 219:1.0 222:1.0 
-1.0 1.0 
-1.0 1.0 
-1.0 1.0 
-1.0 1.0 
-1.0 1.0 
-0.369140625 0.9970703125 152:1.0 
-1.0 1.0 
-0.369140625 0.4970703125 188:1.0 
-0.369140625 0.4970703125 135:1.0 
-0.369140625 0.4970703125 179:1.0 
-1.0 1.0 
-1.0 1.0 
-1.0 1.0 
-0.369140625 0.4970703125 155:1.0 
-1.0 1.0 
-0.369140625 0.4970703125 16:1.0 129:1.0 187:1.0 
-1.0 1.0 
-1.0 1.0 
-1.0 1.0 
-0.369140625 0.4970703125 143:1.0 
-1.0 1.0 124:1.0 
-1.0 1.0 
-1.0 1.0 
-0.994140625 0.9970703125 133:1.0 
-1.0 1.0 
-1.0 1.0 
-1.0 1.0 
-1.0 1.0 
-1.0 1.0 
-1.0 1.0 
-1.0 1.0 
-1.0 1.0 
-1.0 1.0 
-1.0 1.0 
-0.369140625 0.4970703125 25:1.0 42:1.0 
-0.369140625 0.4970703125 30:1.0 123:1.0 199:1.0 
-1.0 0.0 50:1.0 
-1.0 1.0 
-0.369140625 0.4970703125 92:1.0 109:1.0 
-0.369140625 0.9970703125 131:1.0 
-0.369140625 0.4970703125 51:1.0 
-1.0 1.0 
-1.0 1.0 
-1.0 1.0 
-1.0 1.0 
-0.369140625 0.4970703125 59:1.0 145:1.0 
-1.0 1.0 
-1.0 1.0 
-0.369140625 0.4970703125 20:1.0 
-1.0 1.0 
-0.369140625 0.4970703125 45:1.0 56:1.0 63:1.0 97:1.0 208:1.0 
-1.0 0.0 55:1.0 
-1.0 1.0 
-0.369140625 0.4970703125 2:1.0 93:1.0 
-1.0 1.0 
-0.369140625 0.4970703125 29:1.0 
-1.0 1.0 
-1.0 1.0 124:1.0 
-1.0 1.0 
-1.0 1.0 
-1.0 1.0 
-1.0 1.0 
-0.369140625 0.4970703125 112:1.0 115:1.0 
-1.0 1.0 
-1.0 1.0 
-0.369140625 0.9970703125 10:1.0 
-1.0 1.0 
-1.0 1.0 
-0.369140625 0.9970703125 89:1.0 
-1.0 1.0 
-1.0 1.0 
-0.369140625 0.4970703125 77:1.0 
-1.0 1.0 
-1.0 1.0 
-1.0 1.0 
-1.0 1.0 
-0.369140625 1.0 13:1.0 
-1.0 1.0 
-1.0 1.0 
-1.0 1.0 
-0.369140625 0.4970703125 23:1.0 175:1.0 
-1.0 1.0 
-1.0 1.0 
-1.0 1.0 
-1.0 1.0 
-1.0 1.0 
-1.0 1.0 
-0.369140625 0.4970703125 51:1.0 82:1.0 
-1.0 1.0 
-1.0 1.0 
-0.369140625 0.4970703125 184:1.0 
-1.0 1.0 
-1.0 1.0 
-1.0 1.0 
-0.4990234375 0.0 32:1.0 
-0.369140625 0.4970703125 30:1.0 
-1.0 1.0 
-1.0 1.0 
-1.0 1.0 
-1.0 1.0 
-1.0 1.0 
-1.0 1.0 
-1.0 1.0 
-1.0 1.0 
-1.0 1.0 
-1.0 1.0 
-1.0 1.0 
-1.0 1.0 
-0.369140625 0.4970703125 82:1.0 126:1.0 
-1.0 1.0 
-1.0 1.0 
-1.0 1.0 
-1.0 1.0 
-1.0 1.0 
-1.0 1.0 
-1.0 1.0 
-1.0 1.0 
-1.0 1.0 
-0.3701171875 0.9970703125 112:1.0 
-1.0 1.0 
-1.0 1.0 
-1.0 1.0 
-1.0 1.0 
-1.0 1.0 
-1.0 1.0 
-1.0 1.0 
-1.0 1.0 
-0.3701171875 0.4970703125 105:1.0 124:1.0 
-1.0 1.0 
-1.0 1.0 
-1.0 1.0 
-1.0 1.0 
-1.0 1.0 
-1.0 1.0 
-1.0 1.0 
-1.0 1.0 
-1.0 1.0 
-1.0 1.0 
-1.0 1.0 
-1.0 1.0 
-1.0 1.0 
-1.0 1.0 
-1.0 1.0 
-1.0 1.0 32:1.0 
-1.0 1.0 
-1.0 1.0 
-1.0 1.0 
-1.0 1.0 
-0.3701171875 0.4970703125 169:1.0 
-1.0 1.0 
-1.0 1.0 
-0.3701171875 1.0 43:1.0 
-0.3701171875 1.0 179:1.0 186:1.0 196:1.0 
-0.3701171875 0.4970703125 159:1.0 178:1.0 
-1.0 1.0 
-1.0 1.0 
-0.0 1.0 86:1.0 
-1.0 1.0 
-0.3701171875 0.4970703125 134:1.0 
-1.0 1.0 
-0.0 1.0 72:1.0 
-0.3701171875 0.4970703125 116:1.0 165:1.0 
-0.3701171875 1.0 125:1.0 
-1.0 1.0 
-0.3701171875 0.4970703125 29:1.0 135:1.0 
-0.3701171875 0.9970703125 48:1.0 
-1.0 1.0 
-1.0 1.0 
-1.0 1.0 
-1.0 1.0 
-1.0 0.0 103:1.0 
-0.3701171875 0.4970703125 39:1.0 54:1.0 80:1.0 176:1.0 190:1.0 210:1.0 
-0.3701171875 0.4970703125 120:1.0 
-0.3701171875 0.4970703125 26:1.0 
-0.3701171875 0.4970703125 44:1.0 155:1.0 
-0.3701171875 0.4970703125 36:1.0 37:1.0 144:1.0 
-1.0 1.0 
-0.99609375 0.4970703125 24:1.0 
-1.0 1.0 
-0.87109375 0.4970703125 32:1.0 
-1.0 1.0 
-1.0 1.0 
-0.3701171875 0.4970703125 147:1.0 189:1.0 
-1.0 1.0 
-0.3701171875 0.4970703125 37:1.0 65:1.0 116:1.0 
-0.369140625 0.498046875 22:1.0 141:1.0 
-1.0 1.0 
-1.0 1.0 
-1.0 1.0 
-0.369140625 1.0 180:1.0 
-1.0 1.0 
-1.0 1.0 
-1.0 1.0 
-1.0 1.0 
-0.369140625 1.0 163:1.0 
-1.0 1.0 
-1.0 1.0 
-0.369140625 0.498046875 127:1.0 
-1.0 1.0 
-1.0 1.0 
-1.0 1.0 
-1.0 1.0 
-0.369140625 0.4970703125 86:1.0 
-1.0 1.0 
-1.0 1.0 
-0.369140625 0.9970703125 109:1.0 
-1.0 1.0 
-0.994140625 0.4970703125 55:1.0 
-1.0 1.0 
-0.369140625 0.4970703125 139:1.0 
-1.0 1.0 
-1.0 1.0 
-1.0 1.0 
-1.0 1.0 
-1.0 1.0 
-0.369140625 0.4970703125 87:1.0 159:1.0 
-1.0 1.0 
-1.0 1.0 
-1.0 1.0 
-1.0 1.0 
-1.0 1.0 
-1.0 1.0 
-1.0 1.0 
-0.369140625 0.4970703125 177:1.0 
-1.0 1.0 
-1.0 1.0 
-1.0 1.0 
-1.0 1.0 
-1.0 1.0 
-1.0 1.0 
-1.0 1.0 
-1.0 1.0 
-0.369140625 0.4970703125 183:1.0 
-1.0 1.0 
-1.0 1.0 
-1.0 1.0 
-1.0 1.0 
-1.0 1.0 
-0.994140625 0.9970703125 23:1.0 
-1.0 1.0 
-0.369140625 1.0 115:1.0 
-1.0 1.0 
-1.0 1.0 
-1.0 1.0 
-1.0 1.0 
-1.0 1.0 
-1.0 1.0 
-0.369140625 0.4970703125 104:1.0 124:1.0 
-1.0 1.0 
-1.0 1.0 
-1.0 1.0 
-1.0 1.0 
-1.0 1.0 
-0.369140625 0.9970703125 62:1.0 
-1.0 1.0 
-1.0 1.0 
-1.0 1.0 
-1.0 1.0 
-1.0 1.0 
-1.0 1.0 
-1.0 1.0 
-1.0 1.0 
-1.0 1.0 
-1.0 1.0 
-0.369140625 0.4970703125 15:1.0 
-1.0 1.0 
-0.369140625 0.4970703125 76:1.0 
-1.0 1.0 
-0.0 1.0 178:1.0 
-1.0 1.0 
-1.0 1.0 
-1.0 1.0 
-0.369140625 0.4970703125 25:1.0 82:1.0 120:1.0 
-0.0 1.0 69:1.0 
-1.0 1.0 59:1.0 
-1.0 1.0 
-1.0 1.0 
-1.0 1.0 
-1.0 1.0 
-1.0 1.0 
-0.369140625 0.4970703125 102:1.0 139:1.0 
-1.0 1.0 
-1.0 1.0 
-1.0 1.0 
-1.0 1.0 
-1.0 1.0 
-1.0 1.0 
-1.0 1.0 
-1.0 1.0 
-1.0 1.0 
-1.0 1.0 
-0.369140625 0.4970703125 103:1.0 
-0.369140625 0.9970703125 95:1.0 
-1.0 1.0 
-1.0 1.0 
-1.0 1.0 
-1.0 1.0 
-1.0 1.0 
-0.369140625 0.4970703125 22:1.0 163:1.0 
-0.369140625 0.9970703125 121:1.0 
-0.369140625 0.9970703125 191:1.0 
-0.369140625 0.4970703125 63:1.0 132:1.0 140:1.0 
-1.0 1.0 
-1.0 1.0 
-1.0 1.0 
-1.0 1.0 
-1.0 1.0 
-0.369140625 0.4970703125 82:1.0 120:1.0 
-1.0 1.0 
-1.0 1.0 
-0.0 1.0 82:1.0 
-0.369140625 0.4970703125 45:1.0 56:1.0 63:1.0 132:1.0 208:1.0 
-1.0 1.0 60:1.0 
-1.0 1.0 
-0.369140625 0.4970703125 69:1.0 
-1.0 1.0 
-1.0 1.0 
-1.0 1.0 
-1.0 1.0 
-1.0 1.0 
-0.369140625 0.4970703125 24:1.0 166:1.0 
-1.0 1.0 
-1.0 1.0 
-1.0 1.0 
-1.0 1.0 
-1.0 1.0 
-0.369140625 0.4970703125 122:1.0 
-1.0 1.0 
-0.369140625 0.9970703125 47:1.0 
-1.0 1.0 
-1.0 1.0 
-0.369140625 0.4970703125 175:1.0 
-1.0 1.0 
-1.0 1.0 
-1.0 1.0 
-1.0 1.0 
-1.0 1.0 
-1.0 1.0 
-1.0 1.0 
-1.0 1.0 
-1.0 1.0 
-1.0 1.0 
-1.0 1.0 
-1.0 1.0 
-1.0 1.0 
-0.369140625 0.4970703125 18:1.0 53:1.0 111:1.0 
-0.369140625 0.9970703125 72:1.0 
-1.0 1.0 
-0.369140625 0.4970703125 2:1.0 
-1.0 1.0 
-0.369140625 0.9970703125 178:1.0 
-1.0 1.0 
-0.369140625 0.4970703125 39:1.0 80:1.0 110:1.0 130:1.0 135:1.0 176:1.0 190:1.0 195:1.0 200:1.0 205:1.0 206:1.0 210:1.0 213:1.0 215:1.0 219:1.0 222:1.0 
-1.0 1.0 
-1.0 1.0 
-1.0 1.0 
-1.0 1.0 
-1.0 1.0 
-1.0 1.0 
-0.869140625 0.9970703125 118:1.0 
-0.369140625 0.9970703125 5:1.0 74:1.0 75:1.0 81:1.0 192:1.0 198:1.0 201:1.0 216:1.0 217:1.0 
-1.0 1.0 
-1.0 1.0 
-1.0 1.0 
-1.0 1.0 
-1.0 1.0 
-0.369140625 0.4970703125 91:1.0 
-1.0 1.0 
-1.0 1.0 
-0.369140625 1.0 78:1.0 
-1.0 0.9970703125 166:1.0 
-1.0 1.0 
-1.0 1.0 
-0.369140625 0.4970703125 146:1.0 
-1.0 1.0 
-0.369140625 1.0 41:1.0 160:1.0 211:1.0 
-1.0 1.0 
-1.0 1.0 
-0.369140625 0.9970703125 158:1.0 
-1.0 1.0 
-1.0 1.0 
-0.369140625 0.4970703125 117:1.0 156:1.0 209:1.0 
-1.0 1.0 
-1.0 1.0 
-1.0 1.0 
-1.0 1.0 
-1.0 1.0 
-1.0 1.0 
-1.0 1.0 
-0.369140625 0.9970703125 49:1.0 
-0.369140625 0.4970703125 150:1.0 
-1.0 1.0 
-1.0 1.0 
-1.0 1.0 
-1.0 1.0 
-1.0 1.0 
-1.0 1.0 
-0.369140625 0.4970703125 50:1.0 
-0.369140625 1.0 124:1.0 
-1.0 1.0 
-1.0 1.0 
-1.0 1.0 
-1.0 1.0 
-1.0 1.0 
-1.0 1.0 
-1.0 1.0 
-1.0 1.0 
-1.0 1.0 
-0.369140625 0.4970703125 78:1.0 162:1.0 
-1.0 1.0 
-0.369140625 0.4970703125 101:1.0 142:1.0 
-1.0 1.0 
-1.0 1.0 
-1.0 1.0 
-0.369140625 0.4970703125 82:1.0 
-0.369140625 0.4970703125 39:1.0 54:1.0 80:1.0 110:1.0 130:1.0 135:1.0 157:1.0 176:1.0 195:1.0 200:1.0 205:1.0 206:1.0 210:1.0 212:1.0 213:1.0 214:1.0 215:1.0 219:1.0 222:1.0 
-0.369140625 0.4970703125 166:1.0 178:1.0 
-1.0 1.0 
-1.0 1.0 
-1.0 1.0 
-1.0 1.0 
-1.0 1.0 
-0.369140625 0.9970703125 
-0.0 -1.0 
-0.0 -1.0 
-0.0 -1.0 
-0.0 -1.0 
-0.6513671875 -1.0 28:1.0 
-0.0 -1.0 
-0.0 -1.0 
-0.0 -1.0 125:1.0 
-1.0 -1.0 19:1.0 
-0.0 -1.0 
-0.0 -1.0 
-0.0 -1.0 
-0.0 -1.0 
-0.0 -1.0 
-0.0 -1.0 
-0.0 -1.0 
-1.0 -1.0 79:1.0 
-0.0 -1.0 
-0.6513671875 -1.0 53:1.0 103:1.0 
-0.0 -1.0 
-0.0 -1.0 
-0.0 -1.0 
-0.6513671875 -1.0 185:1.0 
-1.0 -0.53125 31:1.0 
-0.0 -1.0 
-0.0 -1.0 68:1.0 
-0.0 -1.0 
-0.0 -1.0 
-0.0 -1.0 
-0.0 -1.0 
-0.0 -1.0 
-0.0 -1.0 
-0.0 -1.0 
-0.0 -1.0 
-0.6513671875 -1.0 11:1.0 
-0.0 -1.0 
-0.0 -1.0 
-0.0 -1.0 
-0.0 -1.0 
-0.0 -1.0 
-0.6513671875 -1.0 191:1.0 
-0.6513671875 -1.0 23:1.0 120:1.0 
-0.0 -1.0 
-0.0 -1.0 
-0.0 -1.0 
-0.0 -1.0 
-0.0 -1.0 
-0.0 -1.0 
-0.6513671875 -1.0 145:1.0 
-0.0 -1.0 
-0.0 -1.0 
-0.0 -1.0 
-0.0 -1.0 
-0.6513671875 -1.0 164:1.0 168:1.0 
-0.0 -1.0 
-0.0 -1.0 
-0.0 -1.0 
-0.0 -1.0 
-0.0 -0.53125 126:1.0 
-0.0 -1.0 
-0.0 -1.0 
-0.0 -1.0 
-0.0 -1.0 
-0.0 -1.0 
-0.6513671875 -1.0 35:1.0 173:1.0 
-0.0 -1.0 
-0.0 -1.0 
-0.0 -1.0 
-0.0 -1.0 
-1.0 -1.0 11:1.0 
-0.0 -1.0 
-0.0 -1.0 
-0.0 -1.0 
-0.0 -1.0 
-0.0 -1.0 
-0.0 -1.0 
-0.0 -1.0 
-0.0 -1.0 17:1.0 
-0.6513671875 -1.0 35:1.0 146:1.0 
-0.0 -1.0 
-0.0 -0.53125 162:1.0 
-0.0 -1.0 
-0.0 -1.0 
-0.0 -1.0 
-0.0 -1.0 
-0.0 -1.0 159:1.0 
-0.0 -1.0 96:1.0 
-0.0 -1.0 
-0.0 -1.0 
-0.0 -1.0 
-0.0 -1.0 47:1.0 
-0.0 -1.0 
-0.6513671875 -1.0 13:1.0 14:1.0 
-0.6513671875 -1.0 43:1.0 
-0.0 -1.0 92:1.0 
-0.6513671875 -1.0 52:1.0 
-0.0 -1.0 
-0.0 -1.0 
-0.0 -1.0 
-0.6513671875 -1.0 30:1.0 33:1.0 113:1.0 
-0.0 -1.0 
-0.65234375 -1.0 86:1.0 
-0.0 -1.0 
-0.65234375 -1.0 69:1.0 
-0.65234375 -1.0 102:1.0 
-0.0 -1.0 
-0.0 -1.0 
-0.0 -1.0 
-0.0 -1.0 
-0.0 -1.0 
-0.0 -1.0 
-0.65234375 -1.0 26:1.0 55:1.0 113:1.0 
-0.0 -1.0 
-0.0 -1.0 
-0.0 -1.0 
-0.0 -1.0 
-0.0 -1.0 78:1.0 
-0.65234375 -1.0 159:1.0 
-0.65234375 -1.0 48:1.0 
-0.0 -1.0 
-0.65234375 -1.0 16:1.0 187:1.0 
-0.0 -1.0 
-0.0 -1.0 
-0.0 -1.0 
-0.0 -1.0 
-0.0 -1.0 
-0.0 -1.0 
-0.0 -1.0 142:1.0 
-0.0 -1.0 
-0.0 -1.0 
-0.0 -1.0 
-0.0 -1.0 
-1.0 -1.0 
-0.65234375 -1.0 47:1.0 
-1.0 -1.0 
-1.0 -1.0 
-1.0 -1.0 
-1.0 -1.0 
-0.65234375 -1.0 44:1.0 164:1.0 
-1.0 -1.0 
-1.0 -1.0 
-1.0 -1.0 166:1.0 
-1.0 -1.0 
-1.0 -1.0 
-0.65234375 -1.0 44:1.0 
-1.0 -1.0 
-0.0 -0.53125 41:1.0 160:1.0 211:1.0 
-0.0 -1.0 78:1.0 
-1.0 -1.0 
-0.6513671875 -1.0 104:1.0 
-1.0 -1.0 
-1.0 -1.0 
-0.0 -1.0 72:1.0 
-1.0 -1.0 
-1.0 -1.0 
-1.0 -1.0 
-1.0 -1.0 
-1.0 -1.0 
-1.0 -1.0 
-0.6513671875 -1.0 93:1.0 
-0.6513671875 -1.0 49:1.0 
-1.0 -1.0 
-0.6513671875 -1.0 97:1.0 
-1.0 -1.0 
-1.0 -1.0 
-1.0 -1.0 59:1.0 
-0.6513671875 -1.0 33:1.0 138:1.0 
-1.0 -1.0 
-1.0 -1.0 
-0.0 -0.53125 34:1.0 76:1.0 193:1.0 
-1.0 -1.0 
-0.0 -1.0 124:1.0 
-1.0 -1.0 
-1.0 -1.0 
-1.0 -1.0 
-1.0 -1.0 
-0.6513671875 -1.0 13:1.0 144:1.0 
-1.0 -1.0 
-0.6513671875 -0.9716796875 162:1.0 
-1.0 -1.0 58:1.0 
-1.0 -1.0 
-0.6513671875 -1.0 71:1.0 149:1.0 
-1.0 -1.0 
-0.0 -1.0 124:1.0 
-1.0 -1.0 
-1.0 -1.0 
-1.0 -1.0 
-1.0 -1.0 
-1.0 -1.0 
-0.0 -1.0 126:1.0 
-0.6513671875 -1.0 64:1.0 
-1.0 -1.0 
-1.0 -1.0 
-1.0 -1.0 
-1.0 -1.0 
-1.0 -1.0 
-0.0 -1.0 179:1.0 186:1.0 196:1.0 
-0.6513671875 -1.0 47:1.0 58:1.0 172:1.0 
-0.0 -1.0 125:1.0 
-1.0 -1.0 
-1.0 -1.0 
-0.6513671875 -1.0 82:1.0 
-1.0 -1.0 
-0.6513671875 -1.0 70:1.0 141:1.0 
-1.0 -1.0 
-1.0 -1.0 
-0.0 -0.53125 38:1.0 
-1.0 -1.0 
-1.0 -1.0 
-1.0 -1.0 
-1.0 -1.0 
-1.0 -1.0 27:1.0 108:1.0 
-0.0 -0.53125 35:1.0 
-0.6513671875 -1.0 17:1.0 97:1.0 178:1.0 180:1.0 
-1.0 -1.0 
-1.0 -1.0 
-1.0 -1.0 
-1.0 -1.0 
-0.0 -0.53125 153:1.0 
-1.0 -1.0 
-1.0 -1.0 
-1.0 -1.0 
-1.0 -1.0 
-1.0 -1.0 
-1.0 -1.0 
-1.0 -1.0 
-1.0 -1.0 
-1.0 -1.0 
-1.0 -1.0 
-1.0 -1.0 
-1.0 -1.0 85:1.0 
-1.0 -1.0 
-1.0 -1.0 
-1.0 -1.0 
-1.0 -1.0 
-0.6513671875 -1.0 49:1.0 115:1.0 
-0.6513671875 -1.0 152:1.0 
-1.0 -1.0 
-1.0 -1.0 
-1.0 -1.0 
-1.0 -1.0 
-1.0 -1.0 
-1.0 -1.0 
-1.0 -1.0 
-1.0 -1.0 
-0.6513671875 -1.0 92:1.0 
-0.6513671875 -1.0 47:1.0 180:1.0 
-1.0 -1.0 
-1.0 -1.0 
-1.0 -1.0 
-1.0 -1.0 
-1.0 -1.0 
-0.6513671875 -1.0 71:1.0 79:1.0 113:1.0 
-0.0 -1.0 70:1.0 
-1.0 -1.0 
-0.65625 -1.0 78:1.0 
-1.0 -1.0 
-1.0 -1.0 
-1.0 -1.0 
-1.0 -1.0 105:1.0 
-1.0 -1.0 
-0.6513671875 -1.0 17:1.0 
-1.0 -1.0 
-1.0 -1.0 
-0.0 -0.5625 98:1.0 
-1.0 -1.0 
-0.6513671875 -1.0 6:1.0 
-1.0 -1.0 
-1.0 -1.0 
-1.0 -1.0 
-1.0 -1.0 
-1.0 -1.0 
-1.0 -1.0 
-1.0 -1.0 
-1.0 -1.0 
-1.0 -1.0 
-1.0 -1.0 
-1.0 -1.0 
-1.0 -1.0 
-1.0 -1.0 
-1.0 -1.0 
-1.0 -1.0 
-1.0 -1.0 
-1.0 -1.0 
-0.6513671875 -1.0 150:1.0 178:1.0 
-1.0 -1.0 
-1.0 -1.0 
-1.0 -1.0 
-0.6513671875 -1.0 12:1.0 
-1.0 -1.0 
-1.0 -1.0 
-0.6513671875 -1.0 21:1.0 
-1.0 -1.0 
-1.0 -1.0 
-0.6513671875 -1.0 19:1.0 88:1.0 
-0.0 -1.0 178:1.0 
-1.0 -1.0 
-1.0 -1.0 
-1.0 -1.0 
-1.0 -1.0 
-1.0 -1.0 
-1.0 -1.0 
-1.0 -1.0 
-1.0 -1.0 
-1.0 -1.0 
-1.0 -1.0 
-1.0 -1.0 87:1.0 
-1.0 -1.0 139:1.0 
-0.6513671875 -1.0 125:1.0 
-1.0 -1.0 
-1.0 -1.0 70:1.0 
-0.6513671875 -1.0 30:1.0 41:1.0 123:1.0 160:1.0 199:1.0 211:1.0 
-0.6513671875 -1.0 149:1.0 
-0.6513671875 -1.0 18:1.0 
-1.0 -1.0 
-1.0 -1.0 
-1.0 -1.0 
-1.0 -1.0 
-1.0 -1.0 
-0.6513671875 -0.9716796875 126:1.0 
-0.0 -0.5625 9:1.0 
-0.6513671875 -1.0 20:1.0 185:1.0 
-1.0 -1.0 
-0.6513671875 -1.0 129:1.0 
-1.0 -1.0 
-1.0 -1.0 
-1.0 -1.0 
-1.0 -1.0 
-0.6513671875 -0.9404296875 98:1.0 
-1.0 -1.0 
-0.6513671875 -1.0 78:1.0 98:1.0 
-0.6513671875 -1.0 57:1.0 
-1.0 -1.0 
-1.0 -1.0 
-1.0 -1.0 
-1.0 -1.0 
-1.0 -1.0 
-1.0 -1.0 
-1.0 -1.0 
-1.0 -1.0 
-1.0 -1.0 
-1.0 -1.0 
-1.0 -1.0 
-0.0 -1.0 37:1.0 
-1.0 -1.0 
-1.0 -1.0 
-0.6513671875 -0.9716796875 34:1.0 76:1.0 193:1.0 
-1.0 -1.0 
-1.0 -1.0 
-1.0 -1.0 
-1.0 -1.0 
-1.0 -1.0 164:1.0 
-0.6513671875 -1.0 179:1.0 186:1.0 196:1.0 
-1.0 -1.0 
-1.0 -1.0 
-1.0 -1.0 
-1.0 -1.0 
-1.0 -1.0 
-1.0 -1.0 
-1.0 -1.0 
-1.0 -1.0 124:1.0 
-0.6513671875 -1.0 87:1.0 100:1.0 174:1.0 
-1.0 -1.0 
-1.0 -1.0 60:1.0 
-1.0 -1.0 
-0.6513671875 -1.0 13:1.0 
-0.6513671875 -1.0 30:1.0 33:1.0 
-1.0 -1.0 
-0.6513671875 -1.0 87:1.0 152:1.0 
-1.0 -1.0 142:1.0 
-1.0 -1.0 
-0.9951171875 -1.0 78:1.0 
-1.0 -1.0 
-1.0 -1.0 
-1.0 -1.0 
-0.6513671875 -1.0 106:1.0 
-1.0 -1.0 
-1.0 -1.0 
-1.0 -1.0 
-1.0 -1.0 
-1.0 -1.0 
-0.6513671875 -1.0 76:1.0 177:1.0 
-0.6513671875 -1.0 163:1.0 
-1.0 -1.0 
-1.0 -1.0 
-1.0 -1.0 
-1.0 -1.0 
-1.0 -1.0 
-1.0 -1.0 
-1.0 -1.0 
-1.0 -1.0 
-1.0 -1.0 
-1.0 -1.0 
-1.0 -1.0 
-0.6513671875 -1.0 10:1.0 147:1.0 182:1.0 
-1.0 -1.0 
-1.0 -1.0 
-0.0 -0.5625 98:1.0 114:1.0 
-1.0 -1.0 
-0.0 -1.0 109:1.0 
-0.6513671875 -1.0 63:1.0 140:1.0 151:1.0 
-1.0 -1.0 
-1.0 -1.0 
-1.0 -1.0 
-1.0 -1.0 
-1.0 -1.0 
-1.0 -1.0 
-1.0 -1.0 
-1.0 -1.0 
-1.0 -1.0 
-1.0 -1.0 
-1.0 -1.0 
-1.0 -1.0 
-1.0 -0.5625 119:1.0 
-0.6513671875 -1.0 111:1.0 116:1.0 
-1.0 -1.0 
-0.0 -0.625 61:1.0 
-1.0 -1.0 
-1.0 -1.0 
-1.0 -1.0 
-1.0 -1.0 
-1.0 -1.0 
-1.0 -1.0 
-1.0 -1.0 
-0.6513671875 -1.0 16:1.0 177:1.0 
-1.0 -1.0 
-0.6513671875 -1.0 115:1.0 
-1.0 -1.0 
-1.0 -1.0 
-1.0 -1.0 
-1.0 -1.0 124:1.0 
-1.0 -1.0 
-1.0 -1.0 
-1.0 -1.0 
-1.0 -1.0 
-1.0 -1.0 
-1.0 -1.0 
-0.6513671875 -1.0 40:1.0 106:1.0 
-0.6513671875 -1.0 112:1.0 
-1.0 -1.0 
-0.6513671875 -0.9404296875 119:1.0 
-1.0 -1.0 
-1.0 -1.0 
-1.0 -1.0 
-1.0 -1.0 
-1.0 -1.0 
-1.0 -1.0 
-1.0 -1.0 
-1.0 -1.0 
-0.0 -1.0 38:1.0 
-1.0 -1.0 
-0.6513671875 -1.0 158:1.0 
-1.0 -1.0 
-1.0 -1.0 
-1.0 -1.0 23:1.0 
-1.0 -1.0 
-0.6513671875 -1.0 180:1.0 
-1.0 -1.0 
-0.0 -1.0 41:1.0 160:1.0 211:1.0 
-1.0 -1.0 
-1.0 -1.0 
-1.0 -1.0 
-0.6513671875 -0.9716796875 41:1.0 160:1.0 211:1.0 
-1.0 -1.0 
-0.6513671875 -1.0 124:1.0 
-1.0 -1.0 
-1.0 -1.0 
-1.0 -1.0 121:1.0 
-1.0 -1.0 
-1.0 -1.0 
-1.0 -1.0 
-1.0 -1.0 
-0.0 -1.0 90:1.0 
-1.0 -1.0 
-1.0 -1.0 
-1.0 -1.0 
-1.0 -1.0 
-1.0 -1.0 
-1.0 -1.0 
-1.0 -1.0 
-1.0 -1.0 
-1.0 -1.0 
-1.0 -1.0 
-0.6513671875 -1.0 68:1.0 
-1.0 -1.0 
-1.0 -1.0 
-0.0 -0.625 111:1.0 
-1.0 -1.0 
-0.6513671875 -1.0 46:1.0 131:1.0 
-1.0 -1.0 
-0.6513671875 -0.9716796875 38:1.0 
-1.0 -1.0 
-0.6513671875 -1.0 42:1.0 158:1.0 
-1.0 -1.0 
-0.6513671875 -0.8779296875 61:1.0 
-1.0 -1.0 
-1.0 -1.0 
-1.0 -1.0 
-0.6513671875 -1.0 113:1.0 
-1.0 -1.0 27:1.0 
-1.0 -1.0 
-1.0 -1.0 
-1.0 -1.0 
-1.0 -1.0 
-1.0 -1.0 
-0.6513671875 -1.0 178:1.0 
-0.0 -0.75 173:1.0 
-1.0 -1.0 34:1.0 76:1.0 94:1.0 148:1.0 167:1.0 193:1.0 197:1.0 204:1.0 207:1.0 218:1.0 220:1.0 
-1.0 -1.0 
-0.6513671875 -1.0 65:1.0 104:1.0 116:1.0 151:1.0 
-1.0 -1.0 
-1.0 -1.0 
-1.0 -1.0 
-1.0 -1.0 
-1.0 -1.0 
-1.0 -1.0 133:1.0 
-1.0 -1.0 
-0.6513671875 -1.0 8:1.0 182:1.0 
-1.0 -1.0 
-1.0 -1.0 
-0.6513671875 -1.0 5:1.0 74:1.0 75:1.0 81:1.0 192:1.0 198:1.0 201:1.0 216:1.0 217:1.0 
-1.0 -1.0 
-1.0 -1.0 
-1.0 -1.0 
-1.0 -1.0 
-1.0 -1.0 
-1.0 -1.0 
-1.0 -1.0 
-1.0 -1.0 
-1.0 -1.0 
-1.0 -1.0 
-1.0 -1.0 
-1.0 -1.0 
-1.0 -1.0 145:1.0 
-1.0 -1.0 
-1.0 -1.0 
-1.0 -1.0 
-1.0 -1.0 
-1.0 -1.0 
-1.0 -1.0 
-0.6513671875 -1.0 136:1.0 
-0.6513671875 -1.0 37:1.0 
-1.0 -1.0 
-1.0 -1.0 
-1.0 -1.0 
-1.0 -1.0 
-1.0 -1.0 
-1.0 -1.0 
-0.6513671875 -0.8779296875 111:1.0 
-1.0 -1.0 
-1.0 -1.0 
-1.0 -1.0 
-1.0 -1.0 
-1.0 -1.0 
-1.0 -1.0 
-0.6513671875 -1.0 190:1.0 
-1.0 -1.0 
-1.0 -1.0 
-0.6513671875 -0.7529296875 173:1.0 
-1.0 -1.0 
-1.0 -1.0 
-1.0 -1.0 
-0.6513671875 -1.0 89:1.0 
-1.0 -1.0 
-0.6513671875 -1.0 184:1.0 
-0.6513671875 -1.0 70:1.0 
-1.0 -1.0 
-1.0 -1.0 
-1.0 -1.0 
-1.0 -1.0 
-1.0 -1.0 
-1.0 -1.0 
-1.0 -1.0 
-1.0 -1.0 
-1.0 -1.0 
-0.6513671875 -1.0 72:1.0 
-0.6513671875 -1.0 43:1.0 99:1.0 
-1.0 -1.0 32:1.0 
-1.0 -1.0 
-0.6513671875 -1.0 85:1.0 116:1.0 
-1.0 -1.0 
-1.0 -1.0 
-1.0 -1.0 
-1.0 -1.0 
-1.0 -1.0 
-1.0 -1.0 
-1.0 -1.0 23:1.0 
-1.0 -1.0 118:1.0 
-1.0 -1.0 
-1.0 -1.0 
-1.0 -0.9716796875 31:1.0 
-1.0 -1.0 
-0.6513671875 -0.9404296875 98:1.0 114:1.0 
-1.0 -1.0 
-1.0 -1.0 
-1.0 -1.0 
-1.0 -1.0 23:1.0 
-1.0 -1.0 
-1.0 -1.0 
-1.0 -1.0 
-1.0 -1.0 
-1.0 -1.0 
-1.0 -1.0 
-1.0 -1.0 
-1.0 -1.0 
-1.0 -1.0 
-0.6513671875 -1.0 10:1.0 
-1.0 -1.0 
-1.0 -1.0 
-1.0 -1.0 
-1.0 -1.0 
-1.0 -1.0 
-1.0 -1.0 
-1.0 -1.0 
-0.6513671875 -1.0 4:1.0 
-1.0 -1.0 
-0.6513671875 -1.0 109:1.0 
-1.0 -1.0 
-0.6513671875 -1.0 96:1.0 
-1.0 -1.0 
-0.6513671875 -1.0 90:1.0 
-0.6513671875 -1.0 95:1.0 
-1.0 -1.0 
-0.6513671875 -1.0 131:1.0 
-1.0 -1.0 
-1.0 -1.0 
-1.0 -1.0 
-1.0 -1.0 
-1.0 -1.0 
-1.0 -1.0 
-1.0 -1.0 
-1.0 -1.0 71:1.0 
-1.0 -1.0 25:1.0 
-1.0 -1.0 
-1.0 -1.0 
-1.0 -1.0 182:1.0 
-1.0 -1.0 
-1.0 -1.0 
-0.6513671875 -1.0 3:1.0 120:1.0 
-1.0 -1.0 
-0.0 -1.0 153:1.0 
-0.6513671875 -0.9716796875 153:1.0 
-1.0 -1.0 
-1.0 -1.0 
-1.0 -1.0 
-0.6513671875 -0.9404296875 9:1.0 
-1.0 -1.0 
-1.0 -1.0 
-1.0 -1.0 
-1.0 -1.0 
-1.0 -1.0 
-1.0 -1.0 
-0.6513671875 -1.0 62:1.0 
-1.0 -1.0 
-1.0 -1.0 
-1.0 -1.0 
-1.0 -1.0 
-1.0 -1.0 
-1.0 -1.0 
-1.0 -1.0 
-1.0 -1.0 
-1.0 -1.0 
-0.6513671875 -1.0 142:1.0 
-1.0 -1.0 
-1.0 -1.0 
-1.0 -1.0 
-1.0 -1.0 
-1.0 -1.0 
-0.6513671875 -0.9716796875 35:1.0 
-0.6513671875 -1.0 
