2 
0 
1 
1 
2 
0 
2 
0 
2 50:1 54:1 66:1 69:1 73:1 75:1 
0 56:1 
1 
0 
2 
1 
2 2:1 32:1 
1 
0 
0 62:1 
2 
0 
0 
0 
0 28:1 
0 
0 
2 
2 
1 
0 
0 
2 
0 
2 
2 
0 35:1 
0 
0 
2 
0 
2 
0 
2 
2 33:1 46:1 51:1 
1 
0 
1 20:1 
0 
2 
2 
0 
2 
0 
0 32:1 
0 
0 
0 
2 
1 
0 
0 
2 
2 
0 
0 11:1 44:1 
0 
2 24:1 
0 
2 
1 
0 
2 
0 65:1 
0 
0 
0 
0 
2 
2 
0 
0 
0 
0 
2 
2 
0 33:1 
0 
1 
0 
0 12:1 
1 
0 
2 
1 
2 
2 
0 
1 
2 
0 
0 
2 
0 24:1 
1 
0 
0 
0 
1 
0 
2 
0 4:1 
0 
0 62:1 
1 57:1 
2 
0 7:1 
0 
0 
0 
0 53:1 
0 
0 
1 
2 
0 
2 
1 
0 
0 
0 
1 
1 
0 
0 35:1 
0 
0 
0 
1 
2 
0 1:1 56:1 
0 
0 12:1 
0 
0 
1 
0 
1 53:1 
0 
0 8:1 
0 
0 
0 
0 
0 
0 
0 
2 
2 
0 
0 27:1 54:1 72:1 
2 
2 50:1 54:1 66:1 69:1 73:1 75:1 
2 
0 52:1 
2 
0 
0 
1 
0 
2 
1 
2 
0 42:1 
2 
2 
0 63:1 68:1 74:1 
2 
0 
2 
0 
0 
0 
1 48:1 
0 
2 
1 
1 
0 
0 
0 
0 12:1 
0 
1 
0 
0 12:1 62:1 
2 2:1 
0 
0 37:1 65:1 69:1 
2 
0 
0 
2 
0 
0 
0 
0 
1 
0 65:1 
1 
0 
0 
0 
0 
0 
0 33:1 
0 
2 
1 
2 
0 16:1 
1 
1 
1 7:1 
0 
0 
0 
0 
2 
0 
1 
2 
2 
2 23:1 
2 
0 
1 
0 
0 
0 
0 
0 
2 
0 
1 
0 
2 
1 
0 
2 
0 
0 
0 
0 15:1 
0 27:1 54:1 72:1 
1 
0 61:1 
0 
2 10:1 
0 
0 
2 13:1 
0 
1 70:1 
0 8:1 
0 28:1 
2 32:1 
0 
0 
0 
2 
0 
0 41:1 
1 14:1 16:1 
2 
0 66:1 
2 27:1 38:1 50:1 54:1 69:1 71:1 72:1 73:1 75:1 
0 
0 
2 9:1 66:1 
1 
2 
0 70:1 
1 1:1 
2 
0 54:1 
1 
0 
1 
0 
0 
1 
0 31:1 
2 
0 
1 
0 
2 9:1 
1 
2 
1 
0 
0 
0 
0 
0 
2 7:1 
1 36:1 
0 
1 
0 
0 
0 25:1 30:1 58:1 60:1 76:1 
1 
0 29:1 
0 
1 
1 
0 
0 
2 
1 46:1 51:1 
0 
0 
2 
2 
0 
2 
0 
1 
0 
0 
2 
0 
0 
1 
1 
1 
1 21:1 
2 
1 
0 16:1 
0 
0 
1 
0 
0 
1 
0 
0 
0 
0 
1 
2 
1 
0 
0 13:1 
1 53:1 
2 
1 
2 
1 
0 
0 
2 
2 
0 
0 
1 
0 
2 
1 
0 
0 9:1 
1 7:1 
0 15:1 
1 
1 
0 
0 
0 
1 
0 
0 
2 10:1 46:1 
0 
1 
0 
2 55:1 
0 
2 27:1 38:1 50:1 54:1 69:1 71:1 72:1 73:1 75:1 
2 
0 
1 
0 
2 55:1 
2 
0 5:1 
2 
1 
0 
0 
1 
0 
0 
1 
0 
0 
0 
0 43:1 62:1 
0 
1 
0 
2 37:1 
0 63:1 
1 
0 
1 
0 
0 8:1 22:1 
0 3:1 
0 2:1 
0 
0 
2 
1 
0 
0 
0 
0 
0 
1 
0 
0 
0 
0 
1 
0 
2 
0 
1 
0 
0 
2 
0 
0 
0 
0 
0 
2 
1 44:1 
0 13:1 
0 
0 
0 
0 
0 
0 
1 
0 
0 
0 
0 
2 
0 
0 
0 
0 
2 10:1 
0 
0 
0 
0 
2 
2 
2 
0 48:1 
2 23:1 
1 
0 19:1 
0 
2 
0 8:1 
0 
0 
0 
2 
0 
0 20:1 
0 56:1 
1 
0 
2 
0 
0 
2 
0 
2 
0 64:1 
2 
1 
0 
0 43:1 
0 
0 12:1 62:1 
0 
0 
0 
0 
0 
1 39:1 
1 
2 
0 
1 9:1 
2 42:1 
0 29:1 
0 
2 69:1 
2 
0 
0 
2 
0 
1 
0 
1 
2 
2 
0 
0 26:1 
0 
1 
0 12:1 
1 
0 23:1 
1 
1 
0 
2 66:1 
0 
0 44:1 
1 8:1 22:1 26:1 
2 
1 
0 
2 
0 
1 
0 47:1 
1 
1 
0 
2 
0 
0 52:1 
0 
1 
0 25:1 30:1 58:1 60:1 76:1 
1 
0 5:1 21:1 
0 
0 
0 
0 
2 
2 
1 
0 15:1 
0 
0 
0 
0 
2 
2 
0 
2 
1 
1 
2 
0 6:1 
0 
1 
2 
1 
0 
0 
0 
0 
1 8:1 17:1 42:1 
0 
0 
1 
0 
2 
2 
0 
0 44:1 
1 
1 
1 
0 
2 
1 29:1 
1 56:1 
1 44:1 
0 
1 53:1 
0 
0 
2 
1 
0 
2 
0 
1 
0 12:1 
2 
0 
2 
2 
1 13:1 
0 
0 49:1 
1 
1 
0 
2 
2 
1 
0 62:1 
2 
1 
1 
1 
2 28:1 
2 
1 32:1 
1 
2 
0 
1 
0 
0 16:1 
0 11:1 
1 
0 5:1 56:1 
2 
0 
1 
2 
2 
2 
1 
0 8:1 61:1 
0 40:1 45:1 
0 
2 
2 
0 
2 
2 
1 39:1 
0 23:1 
0 
2 46:1 
0 
2 
1 
0 63:1 68:1 74:1 
0 
1 
2 
0 
2 
0 
0 
1 
1 
0 
1 34:1 46:1 
1 
2 
2 
1 
0 
0 
0 70:1 
0 7:1 
0 
0 
1 47:1 
0 
1 
0 
0 38:1 50:1 54:1 69:1 71:1 73:1 75:1 
0 36:1 
1 
2 19:1 
2 65:1 
0 
0 41:1 62:1 
0 
0 
0 
0 
0 
0 
0 
0 48:1 
0 3:1 
0 
2 67:1 
2 
2 9:1 
2 
1 34:1 
0 
2 
0 
1 
0 
2 18:1 
0 
0 53:1 
0 
0 
1 
0 
1 56:1 
0 
0 
1 
0 
1 
0 62:1 
0 
0 
2 52:1 
1 
2 67:1 
1 
0 
0 
2 19:1 39:1 
0 
1 
0 
0 
2 
1 
2 
1 
0 
0 
0 
0 
0 25:1 30:1 58:1 60:1 76:1 
0 
1 
2 56:1 
0 
2 
1 
2 
0 
0 
2 24:1 
2 
0 43:1 
1 
1 
0 
0 
2 
2 
0 
0 
1 
1 
0 
2 
0 
1 
2 31:1 
1 
2 
0 
2 
1 
0 
2 
1 
0 
2 
0 
1 
1 26:1 
1 
0 
0 
1 
0 
1 27:1 54:1 72:1 
2 16:1 50:1 54:1 75:1 
0 
2 
2 
2 
1 
2 
1 19:1 
1 
0 
1 
1 
2 
2 
0 
0 
0 
2 
1 
0 
0 61:1 
0 
0 
2 
0 43:1 
0 
0 
2 
0 
1 35:1 
0 3:1 11:1 25:1 53:1 
2 
0 
1 
2 
2 
1 
0 
0 
2 
0 
2 
1 
1 
2 16:1 
0 
1 
1 
0 
1 19:1 
2 
0 6:1 
2 
0 
1 
1 
1 
0 
0 
2 
1 
0 
2 
0 
1 
2 
0 
1 21:1 
2 
2 
0 
0 45:1 
2 
0 
2 46:1 
2 51:1 
0 
1 
2 
1 
2 54:1 
2 
0 45:1 
1 
1 
0 
2 10:1 
2 
2 
0 
1 
1 
1 
2 
2 
2 16:1 
2 
2 
0 70:1 
1 63:1 68:1 74:1 
2 2:1 
0 
0 
2 
1 39:1 
0 32:1 
0 
0 
2 47:1 
1 20:1 
0 
2 
1 
0 
0 
2 
2 
1 
0 
0 
2 57:1 
2 
0 17:1 42:1 
0 
2 
0 
1 61:1 
0 
0 
1 
1 49:1 
2 
1 
0 48:1 
0 
1 
1 29:1 
0 
1 
1 
0 12:1 
1 
0 
0 49:1 
1 
0 
1 18:1 
0 
0 
0 
1 
1 62:1 64:1 
0 
1 
2 
0 
0 35:1 
0 33:1 
1 
1 
2 
1 
0 
0 
0 
0 
1 
0 3:1 
1 
1 
0 59:1 64:1 
0 
0 
0 
0 
2 
1 
2 13:1 
1 
0 
0 
1 
2 
0 15:1 59:1 
0 
2 37:1 38:1 69:1 71:1 
0 
2 
0 16:1 
0 
1 
0 8:1 
0 20:1 52:1 
0 
1 
0 36:1 
0 
2 
1 
0 
1 
1 
2 69:1 
1 
1 
2 49:1 57:1 
1 65:1 
0 
0 
2 
0 
0 51:1 
1 
2 
1 
0 
1 
0 
1 
1 
1 41:1 
2 
0 13:1 
0 21:1 
1 
0 
2 54:1 
1 
2 
0 40:1 
1 
2 49:1 
2 47:1 
0 
0 
1 
2 
1 
0 
1 
0 
0 
0 
0 
0 
1 
2 
2 
0 
2 
0 
0 
0 
0 
0 
0 
0 
2 
0 
0 
0 
2 19:1 
0 22:1 
0 
0 
2 
2 
2 
0 14:1 
1 
0 
1 
1 39:1 64:1 
0 28:1 
0 
0 
1 
0 
2 
0 
0 
1 
0 61:1 
0 
1 
2 
1 
1 
1 8:1 57:1 
1 53:1 
0 
0 
1 49:1 
2 
0 
1 
0 
0 
0 
1 56:1 
0 
1 
2 
0 
1 
0 
2 37:1 
2 
0 
0 
0 
2 
2 
0 
2 
0 
0 70:1 
2 
0 
1 
0 
0 
2 
0 
0 44:1 
0 
0 
0 62:1 
1 
1 
0 
0 
1 
0 
2 
0 
1 
2 42:1 
2 
1 
2 
0 29:1 57:1 
0 
0 25:1 
0 
0 
0 
0 
0 
2 
0 
0 
0 
0 
0 
1 1:1 
1 
1 
1 
1 
0 
1 
2 
2 
2 
0 
0 
2 
0 41:1 
0 
1 
1 
2 
0 
1 
0 
1 
1 
0 
0 
2 
1 
2 
1 
0 
1 
2 
1 
0 
1 
0 
1 
0 
2 
1 
1 
1 
2 47:1 
2 
1 62:1 
1 
2 
0 
0 
2 
0 
1 
1 
1 
1 
0 
1 
1 15:1 
1 
0 
0 
1 
1 
2 
1 62:1 
0 19:1 
0 
2 
1 
0 
0 
2 
0 40:1 
2 
1 
2 
0 
2 
1 
0 
2 
2 
0 
1 
0 16:1 61:1 
0 
1 
0 
1 
1 
0 
1 
0 39:1 
0 40:1 
1 
1 
2 
2 47:1 
0 
0 39:1 42:1 
1 53:1 
2 
2 
0 
0 
1 67:1 
0 
0 48:1 
0 49:1 
0 34:1 
0 
2 46:1 
0 
0 
1 28:1 
2 
2 
1 20:1 
1 
0 
0 
0 
1 49:1 
0 54:1 
2 
0 61:1 
1 22:1 
1 
1 
0 
1 
0 28:1 
2 
2 
1 
1 
0 
0 39:1 
0 
2 23:1 51:1 
0 34:1 
0 
0 65:1 
0 
0 
2 
0 
1 
2 
0 
1 
0 
2 
1 21:1 
0 
0 
2 
1 
0 
2 
0 
1 
1 
0 
0 
1 
0 12:1 
1 
1 
1 
0 
0 
1 
0 
0 
0 
2 
0 25:1 30:1 58:1 60:1 76:1 
0 
0 
1 1:1 
0 
1 
1 1:1 56:1 
1 
2 
2 
0 
0 
0 41:1 
0 17:1 
1 
0 14:1 
0 14:1 
1 
1 
1 
0 
0 
0 25:1 
2 
2 
0 63:1 
1 
2 
2 2:1 
0 
0 
1 
0 
2 
1 
1 
0 43:1 
0 
0 13:1 
1 
0 
1 
2 
2 
1 
0 
0 
1 
0 
1 
0 19:1 
0 
1 
1 27:1 54:1 72:1 
2 
0 
1 
0 23:1 
0 
2 
0 
0 
0 
0 
1 
2 
1 
1 
1 46:1 
1 63:1 68:1 74:1 
0 
0 
2 
0 
1 
1 
0 
0 
1 
1 
1 
1 
2 
2 
0 
2 
0 
2 
2 
0 33:1 
0 22:1 
0 
1 
0 
0 6:1 
2 
0 
1 19:1 
2 
1 2:1 55:1 67:1 
1 
1 
2 52:1 
2 
1 
1 
2 
0 
1 22:1 26:1 
1 
2 
0 17:1 
1 41:1 67:1 
1 32:1 
2 
0 
2 
0 
1 
2 
2 46:1 
1 56:1 
0 
2 
0 
1 
0 36:1 
1 
1 
0 
2 
0 
0 
1 
2 
1 
0 
1 
0 45:1 
0 42:1 
0 
2 
0 12:1 
1 
1 
0 
0 
2 
1 
2 
2 
0 
0 
0 19:1 
0 
1 54:1 
1 
0 
0 
1 
2 
1 
2 
2 
0 
0 
1 
0 
2 
2 
1 
0 
0 5:1 
1 
1 
1 
1 
1 
1 
2 
0 
2 
0 61:1 
2 
1 
1 5:1 37:1 
1 
2 
1 
2 
1 53:1 
1 1:1 10:1 
1 
0 
1 6:1 
0 
2 
1 40:1 45:1 
1 
1 
1 
2 
1 
1 
0 
1 
1 
1 
1 
0 
1 
2 
2 
1 
1 
2 
0 59:1 
1 
1 
0 
1 11:1 
0 
2 
0 
0 
2 
1 
0 
1 
1 
2 
1 
0 
1 
1 
1 
1 
0 
1 
0 
0 
0 
2 
0 16:1 59:1 
0 
1 13:1 
0 
2 
2 
0 59:1 
0 
1 
1 
0 
0 
0 
0 61:1 
2 31:1 
0 
2 
2 
2 
1 
0 
1 
1 
1 19:1 
0 
1 
2 
2 
0 
1 
0 
0 
1 
1 
0 24:1 
0 22:1 
2 
0 
0 
0 
1 
0 
1 
0 
2 
1 31:1 
2 
0 
2 3:1 18:1 
1 
1 
1 
1 
1 
1 
1 
2 
1 
0 
0 
2 
2 
2 
0 
1 
0 
1 
2 
1 
0 
0 
1 29:1 
1 
0 21:1 61:1 
2 
0 
2 
1 
1 
1 
0 
2 
1 16:1 
1 
0 
0 
0 
2 
1 64:1 
0 
1 
1 
0 
1 
2 
0 
1 
0 
0 
2 
1 
1 
0 
1 
1 19:1 
0 
0 
0 
0 
0 
2 
1 
1 
2 
1 
0 
1 
0 
1 
1 
2 
1 
1 
2 
1 
1 
1 
2 
2 3:1 
0 19:1 
0 
2 
0 
0 
2 
0 
0 
2 
1 
1 
1 
1 
0 
0 
0 
1 
1 
0 
0 
0 
1 
1 48:1 
1 
0 
0 
0 
2 
0 
1 
1 
0 
1 
1 
1 
1 29:1 
0 
0 24:1 
0 
1 
1 33:1 
2 
0 
1 
0 
0 
0 
1 
0 
0 
1 
2 
0 
0 63:1 68:1 74:1 
0 44:1 62:1 
0 
2 36:1 
0 
0 
1 
0 
2 
2 18:1 
1 
0 
0 
2 
0 
0 11:1 
1 8:1 
2 
1 18:1 
0 20:1 
1 
0 
0 25:1 
1 
1 
0 
0 
2 
2 
1 
2 
0 
2 
1 53:1 
1 
1 62:1 
1 53:1 
1 27:1 38:1 50:1 54:1 69:1 71:1 72:1 73:1 75:1 
0 
1 
0 
0 
1 11:1 40:1 
0 30:1 58:1 60:1 76:1 
0 14:1 
0 17:1 
2 
1 
1 
1 
1 
2 
1 
0 34:1 43:1 
1 23:1 
0 35:1 
0 
0 
1 
1 
2 
0 
2 
0 24:1 
1 
2 
1 
1 
2 
2 
1 
0 
0 
0 37:1 
0 
0 11:1 
1 
0 
2 
0 
0 
1 
0 
1 
0 64:1 
