svm_type c_svc
kernel_type linear
nr_class 3
total_sv 1866
rho 1.0002718085833435 1.0002226769018554 -0.9996665808003007
label 2 0 1
nr_sv 498 695 673
SV
100.0 100.0 
100.0 100.0 
100.0 100.0 
100.0 100.0 
100.0 100.0 
100.0 100.0 
100.0 100.0 
100.0 100.0 
100.0 100.0 
100.0 100.0 
100.0 100.0 
100.0 100.0 
100.0 100.0 
100.0 100.0 
100.0 100.0 
100.0 100.0 
100.0 100.0 
100.0 100.0 
100.0 100.0 
100.0 2.154188391835297 31:1.0 
100.0 100.0 
100.0 100.0 
100.0 100.0 
100.0 100.0 
100.0 100.0 
100.0 100.0 
100.0 100.0 
100.0 100.0 
100.0 100.0 
100.0 100.0 
100.0 100.0 
100.0 100.0 
100.0 100.0 
100.0 100.0 
100.0 100.0 
100.0 100.0 
100.0 100.0 
0.0 2.0436847103513784 25:1.0 
100.0 100.0 
0.26235356781936364 0.0 68:1.0 74:1.0 86:1.0 89:1.0 97:1.0 99:1.0 109:1.0 
100.0 100.0 
100.0 100.0 
100.0 100.0 
100.0 100.0 
100.0 100.0 
100.0 100.0 
100.0 100.0 
100.0 100.0 
100.0 100.0 
100.0 100.0 
100.0 100.0 
100.0 100.0 
100.0 2.0 51:1.0 
100.0 100.0 
100.0 100.0 
100.0 100.0 
100.0 2.1477879101894466 29:1.0 
100.0 100.0 
100.0 100.0 
100.0 100.0 
100.0 100.0 
100.0 100.0 16:1.0 
100.0 100.0 41:1.0 
100.0 100.0 
100.0 100.0 
100.0 100.0 
100.0 100.0 
100.0 100.0 
3.0 2.666666666666667 12:1.0 
100.0 100.0 
100.0 100.0 10:1.0 
100.0 100.0 
100.0 100.0 
100.0 100.0 
100.0 100.0 
100.0 100.0 
100.0 100.0 
100.0 100.0 
100.0 100.0 
100.0 100.0 
100.0 100.0 
100.0 100.0 
100.0 100.0 
0.0 2.0 75:1.0 
99.02259813621372 99.99918015886463 34:1.0 48:1.0 68:1.0 74:1.0 89:1.0 92:1.0 95:1.0 97:1.0 99:1.0 107:1.0 109:1.0 
100.0 100.0 
2.0 100.0 75:1.0 
100.0 100.0 
100.0 100.0 
100.0 0.0 47:1.0 
100.0 100.0 
100.0 100.0 
100.0 100.0 
100.0 100.0 
100.0 100.0 
100.0 100.0 
100.0 100.0 
100.0 100.0 
100.0 99.85278864184106 29:1.0 
100.0 100.0 
100.0 100.0 
100.0 100.0 
100.0 100.0 
100.0 100.0 
100.0 100.0 
100.0 100.0 
100.0 0.0 54:1.0 
100.0 2.000529003951116 89:1.0 
100.0 100.0 
100.0 100.0 
100.0 100.0 
100.0 100.0 
100.0 2.0 86:1.0 
100.0 100.0 
100.0 100.0 
100.0 100.0 
100.0 100.0 
100.0 100.0 
100.0 100.0 
100.0 100.0 
100.0 100.0 
100.0 100.0 
100.0 100.0 
100.0 100.0 
100.0 100.0 
100.0 100.0 
100.0 100.0 
100.0 100.0 
100.0 100.0 
100.0 100.0 
100.0 100.0 
100.0 100.0 
100.0 100.0 
100.0 100.0 
100.0 100.0 36:1.0 
100.0 100.0 
100.0 100.0 
100.0 100.0 
100.0 100.0 
100.0 100.0 
100.0 100.0 
100.0 100.0 
100.0 100.0 
100.0 100.0 
100.0 100.0 
100.0 100.0 
100.0 100.0 
100.0 100.0 
100.0 100.0 
100.0 100.0 
100.0 100.0 23:1.0 
100.0 4.027777777777778 85:1.0 
2.5784554871487213 100.0 87:1.0 
100.0 100.0 
99.0 99.33361530022574 12:1.0 
100.0 100.0 
100.0 100.0 
0.0 2.0 22:1.0 
100.0 0.0 71:1.0 
99.42154451285128 100.0 87:1.0 
100.0 100.0 23:1.0 49:1.0 
100.0 100.0 
100.0 100.0 
100.0 100.0 76:1.0 
100.0 100.0 
100.0 100.0 
100.0 99.84581160816471 31:1.0 
100.0 100.0 
100.0 100.0 
100.0 100.0 
100.0 100.0 
100.0 100.0 
100.0 100.0 
100.0 100.0 
100.0 100.0 
100.0 100.0 
100.0 100.0 
100.0 100.0 
100.0 100.0 
100.0 100.0 
100.0 100.0 
100.0 100.0 
100.0 100.0 
100.0 100.0 
0.0 3.0 55:1.0 
100.0 100.0 
100.0 100.0 
100.0 100.0 
100.0 100.0 
100.0 100.0 19:1.0 
100.0 100.0 
100.0 100.0 
100.0 100.0 
100.0 100.0 
100.0 100.0 
100.0 100.0 
100.0 100.0 
100.0 100.0 
96.39625399474932 100.0 69:1.0 
100.0 100.0 
100.0 2.9987177887663976 74:1.0 
100.0 100.0 
2.0 3.999895247160037 13:1.0 
100.0 100.0 
100.0 100.0 
100.0 100.0 20:1.0 
100.0 100.0 
100.0 100.0 19:1.0 
100.0 100.0 
100.0 100.0 
100.0 100.0 
4.009180282910217 0.0 65:1.0 
100.0 100.0 
100.0 100.0 
100.0 100.0 
0.949714927133678 92.5184243166203 77:1.0 
100.0 100.0 
100.0 100.0 
2.500383945882252 100.0 90:1.0 
100.0 100.0 
100.0 100.0 
0.0 100.0 55:1.0 
100.0 100.0 16:1.0 
100.0 100.0 
0.7384386735448464 0.0 47:1.0 48:1.0 89:1.0 92:1.0 
100.0 100.0 
100.0 100.0 
3.0498997118254567 11.48148148148148 67:1.0 77:1.0 
100.0 100.0 
100.0 100.0 
100.0 100.0 
100.0 100.0 74:1.0 
100.0 100.0 
100.0 100.0 67:1.0 
100.0 0.0 65:1.0 
100.0 100.0 
100.0 100.0 
100.0 100.0 
100.0 100.0 
100.0 100.0 
100.0 100.0 23:1.0 
100.0 100.0 
100.0 100.0 
100.0 100.0 
100.0 100.0 
100.0 100.0 
100.0 100.0 
100.0 100.0 
100.0 4.001451090145514 47:1.0 
100.0 100.0 
100.0 100.0 
100.0 100.0 
100.0 100.0 
100.0 100.0 
100.0 100.0 
100.0 100.0 
100.0 2.0 54:1.0 
0.0 2.0 30:1.0 
100.0 100.0 
100.0 100.0 
0.0 100.0 30:1.0 
2.0 100.0 30:1.0 
100.0 100.0 
100.0 100.0 
100.0 100.0 
100.0 100.0 
100.0 100.0 
100.0 100.0 
100.0 100.0 
100.0 2.0 65:1.0 
100.0 100.0 
100.0 100.0 
100.0 100.0 
100.0 100.0 
100.0 100.0 
100.0 100.0 
100.0 100.0 
100.0 100.0 
100.0 100.0 
100.0 100.0 
100.0 100.0 
100.0 100.0 
99.99062479043512 100.0 65:1.0 
100.0 100.0 
100.0 100.0 
0.0 4.004659914887341 64:1.0 
100.0 100.0 
100.0 100.0 
100.0 100.0 
100.0 100.0 
100.0 100.0 
5.603871810617277 1.7393855453184948E-15 29:1.0 69:1.0 
100.0 100.0 
100.0 100.0 
100.0 100.0 
100.0 100.0 
100.0 100.0 
100.0 100.0 
100.0 100.0 
100.0 100.0 
100.0 100.0 
100.0 100.0 
100.0 100.0 
100.0 100.0 
100.0 100.0 
100.0 100.0 
100.0 100.0 
100.0 100.0 
100.0 100.0 
100.0 100.0 
100.0 100.0 
100.0 100.0 
100.0 100.0 
100.0 100.0 
100.0 100.0 
100.0 100.0 
100.0 100.0 
100.0 2.0 71:1.0 
100.0 100.0 
100.0 100.0 
100.0 100.0 
100.0 100.0 
100.0 100.0 
100.0 100.0 
0.0 100.0 64:1.0 
100.0 100.0 
100.0 100.0 
100.0 100.0 
100.0 100.0 
100.0 100.0 
100.0 100.0 
100.0 100.0 
100.0 100.0 
100.0 100.0 
100.0 100.0 
100.0 100.0 
100.0 100.0 
100.0 100.0 
100.0 100.0 
100.0 100.0 
100.0 100.0 
100.0 100.0 
100.0 100.0 
100.0 100.0 
100.0 100.0 
100.0 100.0 
100.0 100.0 
100.0 100.0 
100.0 100.0 
100.0 100.0 
100.0 100.0 
100.0 100.0 
100.0 100.0 
2.7499999999999987 2.833333333333333 39:1.0 
100.0 100.0 
100.0 100.0 
100.0 100.0 
100.0 100.0 
100.0 100.0 
100.0 100.0 
100.0 100.0 
100.0 100.0 
100.0 100.0 
100.0 100.0 
100.0 100.0 
100.0 100.0 
100.0 100.0 
100.0 100.0 
100.0 100.0 
100.0 100.0 
100.0 100.0 
100.0 100.0 
100.0 100.0 
100.0 100.0 
100.0 100.0 
100.0 100.0 
100.0 100.0 
100.0 100.0 
100.0 0.0 3:1.0 
100.0 100.0 
100.0 100.0 
100.0 100.0 
100.0 100.0 
100.0 100.0 
100.0 100.0 
100.0 100.0 45:1.0 
100.0 100.0 
0.0 100.0 22:1.0 
100.0 100.0 
100.0 100.0 
100.0 100.0 
100.0 100.0 
100.0 100.0 
100.0 100.0 
100.0 100.0 
100.0 100.0 
100.0 100.0 
100.0 100.0 
100.0 100.0 
100.0 100.0 
100.0 100.0 
100.0 100.0 
100.0 100.0 
100.0 100.0 
100.0 100.0 
100.0 100.0 
100.0 100.0 
100.0 100.0 
100.0 100.0 
100.0 100.0 
100.0 2.000192619507935 58:1.0 70:1.0 
100.0 100.0 
100.0 100.0 
100.0 100.0 
100.0 100.0 
100.0 100.0 
100.0 100.0 59:1.0 62:1.0 
2.0 100.0 22:1.0 
100.0 100.0 
100.0 100.0 
100.0 100.0 
100.0 100.0 
100.0 100.0 
100.0 100.0 
100.0 100.0 
100.0 100.0 
100.0 100.0 
100.0 100.0 
100.0 100.0 
100.0 100.0 
100.0 100.0 
100.0 100.0 
100.0 100.0 
100.0 100.0 
100.0 100.0 
100.0 100.0 
100.0 100.0 
100.0 99.97252696742034 85:1.0 
100.0 100.0 
100.0 100.0 
100.0 100.0 
100.0 100.0 
2.0 99.95691647920388 25:1.0 
100.0 100.0 
100.0 100.0 
100.0 100.0 
100.0 100.0 
100.0 100.0 
100.0 100.0 
100.0 100.0 
100.0 2.0 42:1.0 
100.0 100.0 
100.0 100.0 
100.0 2.0 3:1.0 
100.0 100.0 
100.0 100.0 
100.0 100.0 
100.0 100.0 
100.0 100.0 
100.0 100.0 
100.0 100.0 
100.0 100.0 
100.0 100.0 
100.0 100.0 
100.0 100.0 
100.0 100.0 
100.0 100.0 
100.0 100.0 
100.0 100.0 
100.0 100.0 
100.0 100.0 
2.0 2.0 2:1.0 
100.0 100.0 
100.0 100.0 
100.0 100.0 
2.0 99.99548453139954 64:1.0 
100.0 100.0 
100.0 100.0 
100.0 100.0 
0.5722867104443713 6.422524563652117E-4 23:1.0 48:1.0 68:1.0 89:1.0 92:1.0 97:1.0 107:1.0 
100.0 100.0 
100.0 100.0 2:1.0 
100.0 100.0 
100.0 100.0 
100.0 100.0 
100.0 100.0 
100.0 100.0 
99.25045904286935 99.16666666666667 39:1.0 
2.0 99.00033688294926 55:1.0 
100.0 100.0 
100.0 100.0 
100.0 100.0 
100.0 100.0 42:1.0 
100.0 100.0 
100.0 100.0 19:1.0 
1.4290606966025592 8.58360762992936E-4 68:1.0 74:1.0 99:1.0 
100.0 100.0 
100.0 100.0 
-0.0 100.0 76:1.0 
-0.0 100.0 41:1.0 
-0.0 100.0 10:1.0 
-0.0 100.0 62:1.0 73:1.0 
-0.0 100.0 1:1.0 76:1.0 
-0.0 100.0 34:1.0 74:1.0 95:1.0 
-100.0 0.0 71:1.0 
-0.0 0.045749982569739146 83:1.0 88:1.0 98:1.0 
-100.0 1.3558569564432467E-4 47:1.0 85:1.0 89:1.0 
-100.0 100.0 85:1.0 
-100.0 0.0 42:1.0 
-99.02224491979877 100.0 34:1.0 74:1.0 95:1.0 
-0.0 2.521526422397544 11:1.0 
-100.0 0.0 86:1.0 
-1.0 0.0 74:1.0 
-100.0 100.0 39:1.0 
-0.0 100.0 37:1.0 
-0.0 100.0 19:1.0 
-100.0 100.0 12:1.0 
-0.0 2.0 6:1.0 
-0.0 0.0011569208225655399 11:1.0 27:1.0 
-100.0 0.0 2:1.0 
-0.0 100.0 11:1.0 
-0.0 100.0 24:1.0 
-0.0 100.0 76:1.0 
-0.0 100.0 84:1.0 
-0.0 100.0 37:1.0 
-0.0 100.0 33:1.0 
-6.5165178571428575 0.0 29:1.0 
-100.0 0.0 65:1.0 
-100.0 0.0 71:1.0 
-0.0 100.0 6:1.0 26:1.0 
-0.0 100.0 18:1.0 
-100.0 0.0 20:1.0 
-0.0 100.0 67:1.0 
-100.0 100.0 19:1.0 
-0.0 2.0003324963778057 14:1.0 
-0.0 0.8908248452224117 6:1.0 76:1.0 
-0.0 98.00038131339613 52:1.0 60:1.0 
-99.08706169718161 0.0 29:1.0 
-0.0 100.0 83:1.0 88:1.0 98:1.0 
-100.0 100.0 10:1.0 
-100.0 1.001856384075997 48:1.0 68:1.0 74:1.0 89:1.0 92:1.0 97:1.0 99:1.0 107:1.0 109:1.0 
-100.0 0.0 3:1.0 
-0.0 100.0 73:1.0 
-0.0 99.66666666666667 82:1.0 
-0.0 14.30108498492753 
-0.0 100.0 
-0.0 100.0 
-0.0 100.0 
-0.0 100.0 
-0.0 100.0 
-0.0 100.0 
-0.0 100.0 
-0.0 100.0 
-0.0 100.0 
-0.0 100.0 
-0.0 100.0 
-0.0 100.0 4:1.0 
-0.0 100.0 
-0.0 100.0 
-0.0 100.0 
-0.0 100.0 
-0.0 100.0 
-0.0 100.0 
-0.0 100.0 
-6.666666666666671 0.0 70:1.0 
-0.0 100.0 
-0.0 100.0 
-0.0 5.556648434969173E-4 3:1.0 14:1.0 32:1.0 73:1.0 
-0.0 100.0 
-0.0 100.0 
-0.0 100.0 
-0.0 100.0 
-0.0 100.0 
-0.0 100.0 
-0.0 1.6342592592592593 7:1.0 
-0.0 100.0 
-0.0 100.0 
-0.0 100.0 
-0.0 100.0 
-0.0 100.0 
-0.0 100.0 
-0.0 100.0 
-0.0 100.0 
-0.0 100.0 
-0.0 100.0 
-0.0 100.0 
-0.0 100.0 
-0.0 100.0 
-100.0 100.0 41:1.0 
-0.0 100.0 
-0.0 100.0 
-0.0 100.0 
-0.0 100.0 
-0.0 100.0 
-0.0 100.0 
-0.0 100.0 
-0.0 92.68910083832627 21:1.0 54:1.0 
-0.0 100.0 
-0.0 100.0 
-0.0 100.0 
-0.0 100.0 
-0.0 100.0 66:1.0 
-0.0 100.0 
-0.0 100.0 
-0.0 100.0 
-3.080877976190476 100.0 67:1.0 
-0.0 100.0 
-0.0 100.0 
-0.0 100.0 
-0.0 100.0 
-0.0 100.0 
-0.0 100.0 
-0.0 99.90903857583358 44:1.0 
-100.0 5.326736994173501E-4 42:1.0 
-0.0 100.0 
-0.0 100.0 
-0.0 100.0 
-0.0 100.0 
-100.0 0.0 3:1.0 
-0.0 2.000485858928278 79:1.0 84:1.0 
-0.0 100.0 
-0.0 100.0 
-0.0 100.0 
-0.0 100.0 
-0.0 100.0 
-0.0 100.0 
-0.0 100.0 
-0.0 100.0 
-100.0 100.0 19:1.0 
-0.0 100.0 
-0.0 100.0 11:1.0 
-0.0 1.9998822042916562 24:1.0 71:1.0 
-0.0 100.0 
-0.0 100.0 45:1.0 
-0.0 100.0 
-0.0 100.0 
-0.0 100.0 
-0.0 100.0 
-0.0 100.0 
-100.0 2.000150043351377 69:1.0 
-0.0 100.0 
-0.0 100.0 
-100.0 100.0 16:1.0 
-0.0 100.0 26:1.0 
-0.0 100.0 
-0.0 100.0 
-0.0 100.0 
-0.0 100.0 
-0.0 100.0 
-0.0 100.0 
-0.0 100.0 
-0.0 100.0 
-0.0 100.0 
-0.0 100.0 
-0.0 100.0 
-0.0 100.0 
-0.0 100.0 
-0.0 100.0 
-0.0 100.0 
-0.0 100.0 
-0.0 100.0 
-0.0 100.0 
-0.0 100.0 
-0.0 100.0 
-0.0 100.0 
-0.0 100.0 
-0.0 100.0 50:1.0 
-0.0 100.0 
-0.0 100.0 
-0.0 100.0 
-0.0 100.0 
-0.0 100.0 
-0.0 100.0 
-0.0 100.0 
-0.0 100.0 
-0.0 100.0 
-0.0 100.0 
-0.0 100.0 
-0.0 100.0 
-0.0 100.0 
-0.0 100.0 
-0.0 100.0 
-0.0 100.0 
-0.0 100.0 
-0.0 100.0 
-0.0 100.0 
-0.0 100.0 
-0.0 1.6666666666666665 91:1.0 
-0.0 100.0 
-0.0 100.0 
-0.0 100.0 
-0.0 100.0 
-0.0 100.0 58:1.0 
-63.449869378035146 100.0 
-100.0 100.0 
-0.0 100.0 82:1.0 
-100.0 100.0 
-100.0 100.0 
-100.0 100.0 
-100.0 100.0 
-1.9994927976306907 100.0 37:1.0 77:1.0 
-100.0 100.0 
-100.0 100.0 
-100.0 100.0 
-100.0 100.0 
-100.0 100.0 
-100.0 100.0 
-100.0 100.0 
-100.0 100.0 
-100.0 100.0 
-100.0 100.0 
-100.0 100.0 
-100.0 100.0 
-100.0 100.0 
-100.0 100.0 
-0.0 2.0 53:1.0 
-100.0 100.0 
-100.0 100.0 
-100.0 100.0 
-100.0 100.0 
-100.0 100.0 
-100.0 100.0 
-100.0 100.0 
-100.0 100.0 
-100.0 100.0 
-100.0 100.0 
-100.0 100.0 
-100.0 100.0 
-100.0 100.0 
-100.0 100.0 
-100.0 100.0 
-91.99167887779079 2.0 23:1.0 
-100.0 100.0 
-100.0 100.0 
-100.0 100.0 
-0.0 2.0000000000000018 52:1.0 
-100.0 100.0 
-100.0 100.0 
-100.0 100.0 
-100.0 100.0 
-100.0 100.0 
-100.0 100.0 
-0.0 4.610791866997221 49:1.0 
-0.0 100.0 52:1.0 
-100.0 100.0 
-100.0 100.0 
-100.0 100.0 
-100.0 100.0 
-0.0 100.0 66:1.0 
-99.96877104583854 100.0 67:1.0 
-0.0 100.0 35:1.0 
-100.0 100.0 
-100.0 100.0 
-100.0 100.0 
-100.0 100.0 
-100.0 100.0 
-0.6916105452887649 2.0 74:1.0 
-100.0 100.0 
-100.0 100.0 
-92.50506639838274 100.0 49:1.0 
-100.0 100.0 
-0.0 100.0 43:1.0 
-100.0 100.0 
-0.0 100.0 85:1.0 
-100.0 100.0 
-100.0 100.0 
-100.0 100.0 
-100.0 100.0 
-100.0 100.0 59:1.0 
-58.63765427788205 100.0 
-100.0 100.0 
-100.0 100.0 
-0.0 2.0 46:1.0 
-100.0 100.0 
-100.0 100.0 
-100.0 100.0 
-100.0 100.0 
-100.0 100.0 
-100.0 100.0 
-100.0 100.0 
-100.0 100.0 
-100.0 100.0 
-100.0 100.0 
-100.0 100.0 
-100.0 100.0 
-0.0 100.0 53:1.0 
-0.0 0.5000000000000024 17:1.0 
-0.0 100.0 17:1.0 
-100.0 100.0 
-100.0 100.0 
-0.0 6.050715484207103E-15 83:1.0 
-100.0 100.0 
-100.0 100.0 
-100.0 100.0 
-100.0 100.0 
-100.0 100.0 16:1.0 
-100.0 100.0 
-100.0 100.0 
-100.0 100.0 
-100.0 100.0 
-0.0 100.0 23:1.0 
-100.0 100.0 
-100.0 100.0 
-100.0 100.0 29:1.0 
-100.0 100.0 
-100.0 100.0 
-100.0 100.0 
-100.0 100.0 
-100.0 100.0 
-100.0 100.0 
-100.0 100.0 
-100.0 100.0 
-100.0 100.0 
-100.0 100.0 
-100.0 100.0 
-100.0 100.0 
-0.0 100.0 20:1.0 42:1.0 
-100.0 100.0 
-0.0 100.0 7:1.0 
-100.0 100.0 
-100.0 100.0 
-100.0 100.0 
-100.0 100.0 
-100.0 100.0 
-100.0 100.0 
-100.0 100.0 45:1.0 
-100.0 100.0 
-100.0 100.0 
-100.0 100.0 
-100.0 100.0 
-100.0 0.0 54:1.0 
-100.0 100.0 
-100.0 100.0 
-100.0 100.0 
-100.0 100.0 
-100.0 100.0 
-0.0 100.0 23:1.0 
-100.0 100.0 
-100.0 100.0 
-100.0 100.0 
-100.0 100.0 
-100.0 100.0 
-100.0 100.0 
-100.0 100.0 
-0.0 97.10917515477759 6:1.0 
-100.0 100.0 
-100.0 100.0 
-100.0 100.0 
-100.0 100.0 
-100.0 100.0 
-100.0 100.0 
-100.0 100.0 
-100.0 100.0 
-100.0 100.0 
-100.0 100.0 
-100.0 100.0 
-100.0 100.0 
-100.0 100.0 
-100.0 100.0 
-100.0 100.0 
-100.0 100.0 
-100.0 100.0 
-100.0 100.0 
-100.0 100.0 
-100.0 100.0 
-100.0 100.0 
-100.0 100.0 
-100.0 100.0 
-100.0 100.0 
-100.0 100.0 
-100.0 100.0 
-0.0 2.6946642896046864 27:1.0 
-100.0 100.0 
-100.0 100.0 
-100.0 100.0 
-100.0 100.0 
-100.0 100.0 
-100.0 100.0 
-100.0 100.0 
-100.0 100.0 
-100.0 100.0 
-100.0 100.0 
-100.0 100.0 
-100.0 100.0 
-0.0 100.0 26:1.0 81:1.0 
-100.0 100.0 
-100.0 100.0 
-100.0 100.0 
-100.0 100.0 
-100.0 100.0 
-100.0 100.0 
-100.0 100.0 
-100.0 100.0 
-100.0 100.0 
-100.0 100.0 
-100.0 100.0 
-100.0 100.0 
-100.0 100.0 
-100.0 100.0 
-100.0 100.0 
-100.0 100.0 
-100.0 100.0 
-100.0 100.0 
-8.580357142857142 100.0 23:1.0 
-100.0 100.0 
-100.0 100.0 
-100.0 100.0 
-100.0 100.0 
-100.0 100.0 
-100.0 100.0 
-100.0 100.0 
-100.0 100.0 
-100.0 100.0 
-100.0 100.0 
-100.0 100.0 
-100.0 100.0 
-100.0 100.0 
-100.0 100.0 
-100.0 100.0 
-100.0 100.0 
-100.0 100.0 
-100.0 2.0 31:1.0 
-100.0 100.0 
-100.0 100.0 
-100.0 100.0 
-100.0 100.0 
-93.33333333333333 2.6238289261565356E-4 70:1.0 
-100.0 100.0 
-100.0 100.0 
-100.0 100.0 
-0.0 99.95442872829967 83:1.0 88:1.0 98:1.0 
-100.0 100.0 
-100.0 100.0 
-100.0 100.0 
-100.0 100.0 
-100.0 100.0 
-100.0 100.0 
-0.0 100.0 72:1.0 
-0.0 100.0 14:1.0 
-0.0 100.0 24:1.0 
-100.0 100.0 
-100.0 100.0 
-100.0 100.0 
-100.0 100.0 
-100.0 100.0 
-100.0 100.0 
-100.0 100.0 
-0.499946258032899 0.5001950136613764 38:1.0 78:1.0 80:1.0 90:1.0 100:1.0 
-0.0 99.5 17:1.0 
-0.0 7.3110445051174215 21:1.0 
-0.0 2.0698225973943854E-4 43:1.0 56:1.0 
-0.0 0.0913019172165492 35:1.0 44:1.0 
-100.0 100.0 
-100.0 100.0 
-100.0 100.0 
-100.0 98.0005248127686 31:1.0 
-100.0 100.0 
-100.0 100.0 
-100.0 100.0 47:1.0 
-100.0 100.0 
-0.0 99.9086897694437 14:1.0 35:1.0 
-100.0 100.0 
-100.0 100.0 
-100.0 100.0 
-100.0 100.0 
-0.0 100.0 84:1.0 
-100.0 100.0 
-100.0 100.0 
-100.0 100.0 
-100.0 100.0 
-0.0 1.6666666666666665 63:1.0 
-100.0 100.0 
-100.0 100.0 
-100.0 100.0 
-100.0 100.0 
-100.0 100.0 
-100.0 100.0 
-100.0 100.0 
-100.0 100.0 
-100.0 100.0 
-100.0 100.0 
-100.0 100.0 
-0.0 98.36574074074075 7:1.0 
-100.0 100.0 
-100.0 7.311137977918778 54:1.0 
-100.0 100.0 
-100.0 100.0 36:1.0 
-100.0 100.0 
-100.0 100.0 
-100.0 100.0 
-100.0 100.0 
-100.0 100.0 
-100.0 100.0 58:1.0 87:1.0 
-100.0 100.0 
-100.0 100.0 
-100.0 100.0 
-100.0 100.0 
-100.0 100.0 
-100.0 100.0 
-100.0 100.0 
-100.0 100.0 
-100.0 100.0 
-100.0 100.0 
-100.0 100.0 
-100.0 100.0 
-100.0 100.0 
-100.0 100.0 
-100.0 100.0 
-100.0 100.0 
-100.0 100.0 
-100.0 100.0 
-100.0 100.0 
-100.0 100.0 
-100.0 100.0 
-100.0 100.0 
-100.0 100.0 19:1.0 
-100.0 100.0 
-100.0 100.0 
-100.0 100.0 
-100.0 100.0 
-100.0 100.0 
-100.0 100.0 
-100.0 100.0 
-100.0 100.0 
-100.0 100.0 23:1.0 
-100.0 100.0 
-100.0 100.0 
-100.0 100.0 
-100.0 100.0 
-100.0 100.0 
-100.0 100.0 
-100.0 100.0 
-100.0 100.0 
-100.0 100.0 
-100.0 100.0 
-100.0 100.0 
-100.0 100.0 
-100.0 100.0 
-100.0 100.0 
-100.0 100.0 
-100.0 100.0 
-0.0 6.36835732119878E-4 15:1.0 
-100.0 100.0 
-100.0 97.99877554482663 74:1.0 
-100.0 100.0 
-0.0 100.0 82:1.0 
-100.0 100.0 
-100.0 100.0 
-100.0 100.0 
-100.0 100.0 
-100.0 100.0 
-100.0 100.0 
-100.0 100.0 
-100.0 100.0 
-100.0 100.0 
-100.0 100.0 
-0.0 4.261524130764853E-4 4:1.0 36:1.0 
-100.0 100.0 
-100.0 100.0 
-100.0 100.0 
-100.0 100.0 
-100.0 100.0 
-100.0 100.0 
-100.0 100.0 
-100.0 100.0 
-100.0 100.0 
-100.0 100.0 
-100.0 100.0 
-100.0 100.0 
-100.0 100.0 
-100.0 100.0 
-100.0 100.0 
-100.0 100.0 
-100.0 100.0 
-0.0 98.33373341942283 63:1.0 
-100.0 100.0 
-0.0 98.33386946594158 91:1.0 
-100.0 100.0 
-100.0 100.0 
-100.0 100.0 
-100.0 100.0 
-100.0 100.0 
-100.0 100.0 
-100.0 100.0 
-0.0 2.0 60:1.0 
-100.0 100.0 
-100.0 100.0 
-100.0 100.0 
-100.0 100.0 
-100.0 100.0 
-100.0 100.0 
-100.0 100.0 
-100.0 100.0 
-100.0 0.0 65:1.0 
-100.0 100.0 
-100.0 100.0 
-100.0 100.0 
-100.0 100.0 
-100.0 100.0 
-100.0 100.0 
-100.0 100.0 
-7.494642857142857 100.0 49:1.0 
-100.0 100.0 
-100.0 100.0 
-100.0 100.0 
-100.0 100.0 
-100.0 100.0 
-100.0 100.0 
-100.0 100.0 
-100.0 100.0 
-100.0 100.0 
-100.0 100.0 
-100.0 100.0 
-100.0 100.0 
-100.0 100.0 
-100.0 100.0 
-100.0 100.0 
-0.0 100.0 9:1.0 
-0.0 100.0 72:1.0 
-100.0 100.0 
-100.0 100.0 
-100.0 100.0 
-0.0 98.64172239946842 82:1.0 
-100.0 100.0 
-100.0 100.0 
-100.0 100.0 
-100.0 100.0 
-100.0 100.0 
-100.0 100.0 
-100.0 100.0 
-100.0 100.0 
-100.0 100.0 
-100.0 100.0 
-100.0 100.0 
-100.0 100.0 
-100.0 100.0 
-100.0 100.0 
-100.0 100.0 
-100.0 100.0 
-100.0 100.0 
-0.0 98.99605864331421 76:1.0 
-100.0 98.30871701075873 65:1.0 
-100.0 100.0 
-100.0 100.0 
-0.0 98.00032499966456 46:1.0 
-100.0 100.0 
-0.0 100.0 40:1.0 61:1.0 102:1.0 
-100.0 100.0 
-100.0 100.0 
-100.0 100.0 
-100.0 100.0 
-100.0 100.0 
-100.0 100.0 
-100.0 100.0 
-100.0 100.0 
-100.0 100.0 
-100.0 100.0 
-100.0 100.0 
-100.0 100.0 
-100.0 100.0 
-0.0 100.0 50:1.0 
-100.0 100.0 
-100.0 100.0 
-100.0 100.0 
-100.0 100.0 
-100.0 100.0 
-100.0 100.0 
-100.0 100.0 
-100.0 4.614703165112255E-4 51:1.0 
-100.0 98.00043340450705 23:1.0 
-100.0 100.0 
-100.0 100.0 
-100.0 100.0 
-100.0 100.0 
-100.0 100.0 
-100.0 100.0 
-100.0 100.0 
-100.0 100.0 
-100.0 100.0 
-99.99981993298124 100.0 62:1.0 76:1.0 
-100.0 100.0 
-0.0 1.9991917385368578 3:1.0 41:1.0 
-100.0 100.0 
-100.0 100.0 
-100.0 100.0 
-0.0 3.841596887266983E-4 81:1.0 
-1.9995143288709274 1.6916109338649115 65:1.0 82:1.0 
-100.0 100.0 
-100.0 100.0 
-100.0 100.0 
-100.0 100.0 
-100.0 100.0 
-100.0 100.0 
-0.0 -100.0 
-0.0 -100.0 
-0.0 -100.0 
-0.0 -100.0 
-100.0 -1.9996939047747273 25:1.0 
-0.0 -100.0 
-0.0 -100.0 
-0.0 -3.999234905450907 24:1.0 
-0.0 -100.0 
-0.0 -100.0 
-0.0 -100.0 
-0.0 -100.0 
-0.0 -100.0 
-0.0 -100.0 
-0.0 -100.0 
-0.0 -100.0 
-100.0 -100.0 77:1.0 
-0.0 -100.0 
-0.0 -100.0 
-0.0 -100.0 
-0.0 -100.0 
-0.0 -100.0 
-0.0 -100.0 
-100.0 -0.08457714168623241 30:1.0 
-0.0 -100.0 
-0.0 -100.0 66:1.0 
-0.0 -100.0 
-0.0 -100.0 
-0.0 -100.0 
-0.0 -100.0 
-0.0 -100.0 
-0.0 -100.0 
-0.0 -100.0 
-0.0 -100.0 
-0.0 -100.0 10:1.0 
-0.0 -100.0 
-0.0 -100.0 
-0.0 -100.0 
-0.0 -100.0 
-0.0 -100.0 
-0.0 -100.0 91:1.0 
-0.0 -100.0 17:1.0 19:1.0 
-0.0 -100.0 
-0.0 -0.11322369633749943 1:1.0 
-0.0 -100.0 
-0.0 -100.0 
-0.0 -100.0 
-0.0 -100.0 
-0.0 -0.012552135203171888 9:1.0 
-0.0 -100.0 
-0.0 -100.0 45:1.0 
-0.0 -100.0 
-0.0 -100.0 
-0.0 -100.0 
-0.0 -100.0 
-100.0 -1.9998120800035983 64:1.0 69:1.0 
-0.0 -100.0 
-0.0 -100.0 
-0.0 -100.0 
-0.0 -100.0 
-0.0 -100.0 26:1.0 
-0.0 -100.0 
-0.0 -100.0 
-0.0 -100.0 
-0.0 -100.0 
-0.0 -100.0 
-0.0 -100.0 
-0.0 -100.0 
-0.0 -100.0 
-0.0 -100.0 
-100.0 -100.0 10:1.0 
-0.0 -100.0 
-0.0 -100.0 
-0.0 -100.0 
-0.0 -100.0 
-0.0 -100.0 
-0.0 -100.0 
-0.0 -100.0 
-0.0 -100.0 
-0.0 -100.0 46:1.0 
-0.0 -100.0 
-0.0 -100.0 62:1.0 
-0.0 -100.0 
-0.0 -100.0 
-0.0 -100.0 
-0.0 -100.0 
-0.0 -100.0 58:1.0 
-0.0 -100.0 
-0.0 -100.0 
-0.0 -100.0 
-0.0 -100.0 
-0.0 -100.0 49:1.0 
-0.0 -100.0 
-100.0 -100.0 12:1.0 
-0.0 -100.0 
-0.0 -100.0 
-0.0 -100.0 
-0.0 -100.0 
-0.0 -100.0 
-0.0 -100.0 
-0.0 -0.5228641485000705 11:1.0 27:1.0 33:1.0 
-0.0 -100.0 
-0.0 -100.0 
-0.0 -100.0 
-0.0 -100.0 
-0.0 -100.0 4:1.0 
-0.0 -100.0 
-0.0 -100.0 
-0.0 -100.0 
-0.0 -100.0 
-0.0 -100.0 
-0.0 -100.0 
-0.0 -100.0 11:1.0 21:1.0 54:1.0 
-0.0 -100.0 
-0.0 -100.0 
-0.0 -100.0 
-0.0 -100.0 
-0.0 -1.9995291950253864 37:1.0 
-0.0 -100.0 76:1.0 
-1.9998731731928494 -100.0 58:1.0 
-0.0 -100.0 
-0.0 -100.0 
-100.0 -100.0 16:1.0 
-0.0 -100.0 
-0.0 -100.0 
-0.0 -100.0 
-0.0 -100.0 
-0.0 -100.0 
-0.0 -100.0 
-0.0 -3.998596511053594 41:1.0 
-0.0 -100.0 
-0.0 -100.0 
-0.0 -100.0 
-0.0 -100.0 
-0.0 -100.0 
-0.0 -100.0 49:1.0 
-0.0 -100.0 
-0.0 -100.0 
-0.0 -100.0 
-0.0 -100.0 
-1.9999502820291075 -0.0 43:1.0 64:1.0 
-0.0 -100.0 
-0.0 -100.0 
-100.0 -100.0 65:1.0 
-0.0 -100.0 
-0.0 -100.0 
-0.0 -100.0 43:1.0 
-0.0 -100.0 
-0.0 -3.0609522527280664E-4 40:1.0 61:1.0 102:1.0 
-0.0 -100.0 76:1.0 
-0.0 -100.0 
-0.0 -100.0 
-0.0 -100.0 
-0.0 -100.0 
-0.0 -100.0 72:1.0 
-0.0 -100.0 
-9.191358054861567 -100.0 
-100.0 -100.0 
-100.0 -100.0 
-100.0 -100.0 
-100.0 -100.0 
-100.0 -100.0 
-0.0 -100.0 50:1.0 
-100.0 -100.0 
-100.0 -100.0 
-100.0 -100.0 
-100.0 -100.0 
-100.0 -100.0 
-0.0 -100.0 33:1.0 
-100.0 -100.0 
-100.0 -100.0 
-0.0 -99.99947921399465 34:1.0 74:1.0 95:1.0 
-100.0 -100.0 
-0.0 -100.0 23:1.0 
-100.0 -100.0 
-100.0 -100.0 
-100.0 -100.0 
-100.0 -100.0 
-0.0 -100.0 44:1.0 
-100.0 -100.0 
-100.0 -100.0 62:1.0 
-100.0 -1.3895468793086108 55:1.0 
-100.0 -100.0 
-100.0 -100.0 
-100.0 -100.0 
-0.5 -100.0 23:1.0 
-100.0 -100.0 
-100.0 -100.0 
-100.0 -100.0 
-100.0 -100.0 
-100.0 -100.0 
-0.0 -100.0 26:1.0 
-100.0 -100.0 
-100.0 -100.0 
-100.0 -100.0 
-100.0 -100.0 
-100.0 -100.0 
-100.0 -100.0 
-100.0 -100.0 
-0.0 -100.0 83:1.0 88:1.0 98:1.0 
-100.0 -0.6102464206706926 49:1.0 55:1.0 
-0.0 -100.0 24:1.0 
-100.0 -100.0 
-100.0 -100.0 
-0.0 -100.0 81:1.0 
-100.0 -100.0 
-0.0 -2.0806609901167046 67:1.0 
-100.0 -100.0 
-100.0 -100.0 
-0.0 -100.0 37:1.0 
-100.0 -100.0 
-100.0 -100.0 
-100.0 -100.0 
-100.0 -100.0 
-100.0 -0.10594889407527128 22:1.0 
-100.0 -100.0 
-0.0 -100.0 82:1.0 84:1.0 
-100.0 -100.0 
-100.0 -100.0 
-100.0 -100.0 
-100.0 -100.0 
-100.0 -100.0 
-100.0 -100.0 
-100.0 -100.0 
-100.0 -100.0 
-100.0 -100.0 
-100.0 -100.0 
-100.0 -100.0 
-100.0 -100.0 
-100.0 -100.0 
-100.0 -100.0 
-100.0 -100.0 
-100.0 -100.0 
-100.0 -100.0 
-100.0 -100.0 85:1.0 
-100.0 -100.0 
-100.0 -100.0 
-100.0 -100.0 
-100.0 -100.0 
-0.0 -100.0 50:1.0 
-0.0 -100.0 53:1.0 
-100.0 -100.0 
-100.0 -100.0 
-100.0 -100.0 
-100.0 -100.0 
-100.0 -100.0 
-100.0 -100.0 
-100.0 -100.0 
-100.0 -100.0 
-100.0 -100.0 
-0.0 -4.000352060257733 49:1.0 84:1.0 
-100.0 -100.0 
-100.0 -100.0 
-100.0 -100.0 
-100.0 -100.0 
-100.0 -100.0 
-1.9997221582046256 -1.9995800502415486 11:1.0 77:1.0 
-0.0 -100.0 67:1.0 
-100.0 -100.0 
-0.0 -100.0 76:1.0 
-100.0 -100.0 
-100.0 -100.0 
-100.0 -100.0 
-100.0 -100.0 
-100.0 -100.0 
-100.0 -100.0 
-100.0 -100.0 
-100.0 -100.0 
-100.0 -100.0 
-100.0 -100.0 
-100.0 -100.0 
-100.0 -100.0 
-100.0 -100.0 
-100.0 -100.0 
-100.0 -100.0 
-100.0 -100.0 
-100.0 -100.0 
-100.0 -100.0 
-100.0 -100.0 
-100.0 -100.0 
-100.0 -100.0 
-100.0 -100.0 
-100.0 -100.0 
-100.0 -100.0 
-100.0 -100.0 
-100.0 -100.0 
-100.0 -100.0 
-0.0 -100.0 82:1.0 
-100.0 -100.0 
-100.0 -100.0 
-100.0 -100.0 
-100.0 -100.0 
-100.0 -100.0 
-100.0 -100.0 
-0.0 -100.0 18:1.0 
-100.0 -100.0 
-100.0 -100.0 
-100.0 -100.0 
-0.0 -100.0 82:1.0 
-100.0 -100.0 
-100.0 -100.0 
-100.0 -100.0 
-100.0 -100.0 
-100.0 -100.0 
-100.0 -100.0 
-100.0 -100.0 
-100.0 -100.0 
-100.0 -100.0 
-100.0 -100.0 
-99.99965701270014 -100.0 87:1.0 
-100.0 -100.0 36:1.0 
-0.0 -100.0 24:1.0 
-100.0 -100.0 
-11.48148148148148 -100.0 67:1.0 
-0.0 -0.6960908179973969 27:1.0 40:1.0 61:1.0 102:1.0 
-100.0 -100.0 
-100.0 -100.0 
-100.0 -100.0 
-100.0 -100.0 
-100.0 -100.0 
-100.0 -100.0 
-100.0 -100.0 
-0.0 -100.0 26:1.0 
-100.0 -100.0 
-100.0 -100.0 
-100.0 -100.0 
-100.0 -100.0 
-100.0 -100.0 
-100.0 -100.0 
-100.0 -100.0 
-100.0 -100.0 
-0.0 -2.0 1:1.0 
-100.0 -100.0 
-0.0 -99.88671032386031 1:1.0 76:1.0 
-100.0 -100.0 
-100.0 -100.0 
-100.0 -100.0 
-100.0 -100.0 
-100.0 -100.0 
-100.0 -100.0 
-100.0 -100.0 
-100.0 -100.0 
-100.0 -100.0 
-100.0 -100.0 
-100.0 -100.0 
-100.0 -100.0 
-0.0 -100.0 35:1.0 
-100.0 -100.0 
-100.0 -100.0 
-0.9988043514054415 -99.99867214551087 34:1.0 74:1.0 95:1.0 
-100.0 -100.0 
-100.0 -100.0 
-100.0 -100.0 
-100.0 -100.0 
-100.0 -0.0 64:1.0 
-0.0 -100.0 83:1.0 88:1.0 98:1.0 
-100.0 -100.0 
-100.0 -100.0 
-100.0 -100.0 
-100.0 -100.0 
-100.0 -100.0 
-100.0 -100.0 
-100.0 -100.0 
-100.0 -100.0 23:1.0 
-100.0 -0.0 2:1.0 75:1.0 87:1.0 
-100.0 -100.0 
-100.0 -100.0 
-100.0 -100.0 
-100.0 -100.0 
-0.0 -1.476736490717081 27:1.0 33:1.0 
-100.0 -100.0 
-0.0 -1.999737593615698 53:1.0 87:1.0 
-0.0 -100.0 41:1.0 
-100.0 -100.0 
-100.0 -100.0 76:1.0 
-100.0 -100.0 
-100.0 -100.0 
-100.0 -100.0 
-100.0 -100.0 
-100.0 -100.0 
-100.0 -100.0 
-100.0 -100.0 
-100.0 -100.0 
-100.0 -100.0 
-100.0 -100.0 74:1.0 
-0.0 -100.0 63:1.0 
-100.0 -100.0 
-100.0 -100.0 
-100.0 -100.0 
-100.0 -100.0 
-100.0 -100.0 
-100.0 -100.0 
-100.0 -100.0 
-100.0 -100.0 
-100.0 -100.0 
-100.0 -100.0 
-100.0 -100.0 
-2.000725545072757 -100.0 6:1.0 47:1.0 
-100.0 -100.0 
-100.0 -100.0 
-100.0 -100.0 
-0.0 -100.0 7:1.0 
-0.0 -100.0 52:1.0 60:1.0 
-100.0 -100.0 
-100.0 -100.0 
-100.0 -100.0 
-100.0 -100.0 
-100.0 -100.0 
-100.0 -100.0 
-100.0 -100.0 
-0.0 -0.125 59:1.0 
-100.0 -100.0 
-100.0 -100.0 
-100.0 -100.0 
-100.0 -100.0 
-100.0 -100.0 
-100.0 -100.0 
-0.0 -1.909524915503336 9:1.0 14:1.0 
-100.0 -100.0 
-0.0 -2.0 59:1.0 
-100.0 -100.0 
-100.0 -100.0 
-100.0 -100.0 
-100.0 -100.0 
-100.0 -100.0 
-100.0 -100.0 
-100.0 -100.0 
-100.0 -100.0 16:1.0 
-100.0 -100.0 
-100.0 -100.0 
-100.0 -100.0 
-100.0 -100.0 
-100.0 -100.0 
-100.0 -100.0 23:1.0 
-100.0 -100.0 
-100.0 -100.0 
-100.0 -100.0 
-100.0 -100.0 
-100.0 -100.0 
-100.0 -100.0 
-100.0 -100.0 39:1.0 
-100.0 -100.0 
-100.0 -100.0 
-100.0 -100.0 
-100.0 -100.0 
-100.0 -100.0 
-100.0 -100.0 
-100.0 -100.0 
-100.0 -100.0 
-100.0 -100.0 
-100.0 -100.0 
-100.0 -100.0 
-0.0 -100.0 37:1.0 
-100.0 -100.0 
-100.0 -100.0 
-100.0 -100.0 
-100.0 -100.0 
-100.0 -100.0 19:1.0 
-100.0 -100.0 
-0.0 -100.0 84:1.0 
-100.0 -100.0 
-100.0 -100.0 
-100.0 -100.0 
-100.0 -100.0 
-0.0 -99.97016772170224 40:1.0 61:1.0 102:1.0 
-100.0 -100.0 
-99.50072000205714 -100.0 23:1.0 
-100.0 -100.0 
-100.0 -100.0 
-100.0 -100.0 
-100.0 -100.0 
-100.0 -100.0 
-100.0 -100.0 
-100.0 -100.0 
-100.0 -100.0 
-100.0 -100.0 
-100.0 -100.0 
-100.0 -100.0 
-100.0 -100.0 
-100.0 -100.0 
-100.0 -100.0 
-100.0 -100.0 
-100.0 -100.0 
-100.0 -100.0 
-100.0 -100.0 
-0.0 -100.0 66:1.0 
-100.0 -100.0 
-100.0 -100.0 
-0.0 -0.15085352967896526 9:1.0 
-100.0 -100.0 
-100.0 -100.0 
-100.0 -100.0 
-0.0 -100.0 37:1.0 
-100.0 -100.0 
-100.0 -100.0 42:1.0 
-100.0 -100.0 
-100.0 -99.875 59:1.0 
-100.0 -100.0 
-100.0 -100.0 
-100.0 -100.0 
-0.0 -100.0 11:1.0 
-100.0 -1.8935896356082176 22:1.0 
-100.0 -100.0 
-100.0 -100.0 
-100.0 -100.0 
-100.0 -100.0 
-0.0 -2.0005134403119906 73:1.0 
-100.0 -100.0 
-0.0 -100.0 82:1.0 
-0.0 -100.0 73:1.0 
-100.0 -1.0019205102993078 34:1.0 48:1.0 68:1.0 74:1.0 89:1.0 92:1.0 95:1.0 97:1.0 99:1.0 107:1.0 109:1.0 
-100.0 -100.0 
-0.0 -100.0 14:1.0 52:1.0 
-100.0 -100.0 
-100.0 -100.0 
-100.0 -100.0 
-100.0 -100.0 
-100.0 -100.0 
-100.0 -100.0 29:1.0 
-100.0 -100.0 
-100.0 -100.0 
-100.0 -100.0 
-100.0 -100.0 
-100.0 -100.0 
-100.0 -100.0 
-100.0 -100.0 
-100.0 -100.0 
-100.0 -100.0 
-100.0 -100.0 
-100.0 -100.0 
-100.0 -100.0 
-100.0 -100.0 
-100.0 -100.0 
-100.0 -100.0 
-100.0 -100.0 
-100.0 -100.0 
-100.0 -100.0 45:1.0 
-100.0 -100.0 
-100.0 -100.0 
-100.0 -100.0 
-100.0 -100.0 
-100.0 -100.0 
-100.0 -100.0 
-100.0 -100.0 
-0.0 -100.0 35:1.0 
-100.0 -100.0 
-100.0 -100.0 
-100.0 -100.0 
-100.0 -100.0 
-100.0 -100.0 
-100.0 -100.0 
-0.0 -99.92679025506582 9:1.0 
-100.0 -100.0 
-100.0 -100.0 
-100.0 -100.0 
-100.0 -100.0 
-100.0 -100.0 
-100.0 -100.0 
-100.0 -2.5001950136613766 90:1.0 
-100.0 -100.0 
-100.0 -100.0 
-0.0 -100.0 73:1.0 
-100.0 -100.0 
-100.0 -100.0 
-100.0 -100.0 
-100.0 -100.0 
-100.0 -100.0 
-100.0 -100.0 
-100.0 -99.91886820490868 67:1.0 
-100.0 -100.0 
-100.0 -100.0 
-100.0 -100.0 
-100.0 -100.0 
-100.0 -100.0 
-100.0 -100.0 
-100.0 -100.0 
-100.0 -100.0 
-100.0 -100.0 
-0.0 -100.0 72:1.0 
-100.0 -100.0 
-100.0 -100.0 31:1.0 
-100.0 -100.0 
-1.9999839311244276 -100.0 14:1.0 85:1.0 
-100.0 -100.0 
-100.0 -100.0 
-100.0 -100.0 
-100.0 -100.0 
-100.0 -100.0 
-100.0 -100.0 
-100.0 -100.0 19:1.0 
-100.0 -100.0 
-100.0 -100.0 
-100.0 -100.0 
-100.0 -1.9149894538067154 30:1.0 
-100.0 -100.0 
-1.9996513649313703 -0.0 1:1.0 13:1.0 
-100.0 -100.0 
-100.0 -100.0 
-100.0 -100.0 
-100.0 -100.0 19:1.0 
-100.0 -100.0 
-100.0 -100.0 
-100.0 -100.0 
-100.0 -100.0 
-100.0 -100.0 
-100.0 -100.0 
-100.0 -100.0 
-100.0 -100.0 
-100.0 -100.0 
-0.0 -100.0 6:1.0 
-100.0 -100.0 
-100.0 -100.0 
-100.0 -100.0 
-100.0 -100.0 
-100.0 -100.0 
-100.0 -100.0 
-100.0 -100.0 
-100.0 -100.0 
-100.0 -100.0 
-0.0 -100.0 7:1.0 
-100.0 -100.0 
-100.0 -100.0 
-100.0 -100.0 
-100.0 -100.0 
-100.0 -100.0 
-100.0 -100.0 
-100.0 -100.0 
-100.0 -100.0 
-100.0 -100.0 
-100.0 -100.0 
-100.0 -100.0 
-100.0 -100.0 
-100.0 -100.0 
-100.0 -100.0 
-100.0 -100.0 
-100.0 -100.0 20:1.0 
-100.0 -100.0 
-100.0 -100.0 
-100.0 -100.0 
-100.0 -100.0 
-100.0 -100.0 
-0.0 -100.0 17:1.0 
-100.0 -100.0 
-100.0 -100.0 
-100.0 -100.0 
-100.0 -100.0 
-100.0 -100.0 
-100.0 -100.0 
-100.0 -100.0 
-100.0 -100.0 
-100.0 -100.0 
-100.0 -100.0 
-100.0 -100.0 
-100.0 -100.0 
-100.0 -100.0 
-100.0 -100.0 
-100.0 -100.0 
-100.0 -100.0 
-100.0 -100.0 
-100.0 -100.0 
-100.0 -100.0 
-100.0 -100.0 
-100.0 -100.0 
-100.0 -100.0 
-100.0 -100.0 
-100.0 -100.0 41:1.0 
-100.0 -100.0 
-100.0 -100.0 
-100.0 -100.0 
-100.0 -100.0 
-100.0 -100.0 
-27.331690745568277 -100.0 
-100.0 -100.0 
