svm_type c_svc
kernel_type linear
nr_class 3
total_sv 1862
rho 0.9999192426069371 0.9999320634596283 -0.9996570704489582
label 2 0 1
nr_sv 499 693 670
SV
10.0 10.0 
10.0 10.0 
10.0 10.0 
10.0 10.0 
10.0 10.0 
10.0 10.0 
10.0 10.0 
10.0 10.0 
10.0 10.0 
10.0 10.0 
10.0 10.0 
10.0 10.0 
10.0 10.0 
10.0 10.0 
10.0 10.0 
10.0 10.0 
10.0 10.0 
10.0 10.0 
10.0 10.0 
10.0 2.0 31:1.0 
10.0 10.0 
10.0 10.0 
10.0 10.0 
10.0 10.0 
10.0 10.0 
10.0 10.0 
10.0 10.0 
10.0 10.0 
10.0 10.0 
10.0 10.0 
10.0 10.0 
10.0 10.0 
10.0 10.0 
10.0 10.0 
10.0 10.0 
10.0 10.0 
10.0 10.0 
0.0 1.9975465531131182 25:1.0 
10.0 10.0 
0.2623437380883693 0.0 68:1.0 74:1.0 86:1.0 89:1.0 97:1.0 99:1.0 109:1.0 
10.0 10.0 
10.0 10.0 
10.0 10.0 
10.0 10.0 
10.0 10.0 
10.0 10.0 
10.0 10.0 
10.0 10.0 
10.0 10.0 
10.0 10.0 
10.0 10.0 
10.0 10.0 
10.0 2.0 51:1.0 
10.0 10.0 
10.0 10.0 
10.0 10.0 
10.0 1.99971550042094 29:1.0 
10.0 10.0 
10.0 10.0 
10.0 10.0 
10.0 10.0 
10.0 10.0 16:1.0 
10.0 10.0 41:1.0 
10.0 10.0 
10.0 10.0 
10.0 10.0 
10.0 10.0 
10.0 10.0 
1.9999999999999998 2.0 12:1.0 
10.0 10.0 
10.0 10.0 10:1.0 
10.0 10.0 
10.0 10.0 
10.0 10.0 
10.0 10.0 
10.0 10.0 
10.0 10.0 
10.0 10.0 
10.0 10.0 
10.0 10.0 
10.0 10.0 
10.0 10.0 
10.0 10.0 
0.0 2.0 75:1.0 
9.022584235467423 10.0 34:1.0 48:1.0 68:1.0 74:1.0 89:1.0 92:1.0 95:1.0 97:1.0 99:1.0 107:1.0 109:1.0 
10.0 10.0 
1.9997037550428893 10.0 75:1.0 
10.0 10.0 
10.0 10.0 
10.0 0.0 47:1.0 
10.0 10.0 
10.0 10.0 
10.0 10.0 
10.0 10.0 
10.0 10.0 
10.0 10.0 
10.0 10.0 
10.0 10.0 
10.0 10.0 29:1.0 
10.0 10.0 
10.0 10.0 
10.0 10.0 
10.0 10.0 
10.0 10.0 
10.0 10.0 
10.0 10.0 
10.0 0.0 54:1.0 
10.0 2.000000000000001 89:1.0 
10.0 10.0 
10.0 10.0 
10.0 10.0 
10.0 10.0 
10.0 2.0 86:1.0 
10.0 10.0 
10.0 10.0 
10.0 10.0 
10.0 10.0 
10.0 10.0 
10.0 10.0 
10.0 10.0 
10.0 10.0 
10.0 10.0 
10.0 10.0 
10.0 10.0 
10.0 10.0 
10.0 10.0 
10.0 10.0 
10.0 10.0 
10.0 10.0 
10.0 10.0 
10.0 10.0 
10.0 10.0 
10.0 10.0 
10.0 10.0 
10.0 10.0 36:1.0 
10.0 10.0 
10.0 10.0 
10.0 10.0 
10.0 10.0 
10.0 10.0 
10.0 10.0 
10.0 10.0 
10.0 10.0 
10.0 10.0 
10.0 10.0 
10.0 10.0 
10.0 10.0 
10.0 10.0 
10.0 10.0 
10.0 10.0 
10.0 10.0 23:1.0 
10.0 4.0 85:1.0 
1.9999999999999998 10.0 87:1.0 
10.0 10.0 
10.0 10.0 12:1.0 
10.0 10.0 
10.0 10.0 
0.0 2.0 22:1.0 
10.0 0.0 71:1.0 
10.0 10.0 87:1.0 
10.0 10.0 23:1.0 49:1.0 
10.0 10.0 
10.0 10.0 
10.0 10.0 76:1.0 
10.0 10.0 
10.0 10.0 
10.0 10.0 31:1.0 
10.0 10.0 
10.0 10.0 
10.0 10.0 
10.0 10.0 
10.0 10.0 
10.0 10.0 
10.0 10.0 
10.0 10.0 
10.0 10.0 
10.0 10.0 
10.0 10.0 
10.0 10.0 
10.0 10.0 
10.0 10.0 
10.0 10.0 
10.0 10.0 
10.0 10.0 
0.0 2.0 55:1.0 
10.0 10.0 
10.0 10.0 
10.0 10.0 
10.0 10.0 
10.0 10.0 19:1.0 
10.0 10.0 
10.0 10.0 
10.0 10.0 
10.0 10.0 
10.0 10.0 
10.0 10.0 
10.0 10.0 
10.0 10.0 
5.727881321685444 10.0 69:1.0 
10.0 10.0 
10.0 2.999342908513923 74:1.0 
10.0 10.0 
2.0 3.9991688280602657 13:1.0 
10.0 10.0 
10.0 10.0 
10.0 10.0 20:1.0 
10.0 10.0 
10.0 10.0 19:1.0 
10.0 10.0 
10.0 10.0 
10.0 10.0 
3.999365655880628 0.0 65:1.0 
10.0 10.0 
10.0 10.0 
10.0 10.0 
0.05766629750503774 3.997245221221979 77:1.0 
10.0 10.0 
10.0 10.0 
2.5 10.0 90:1.0 
10.0 10.0 
10.0 10.0 
0.0 10.0 55:1.0 
10.0 10.0 16:1.0 
10.0 10.0 
0.7381438750614298 0.0 47:1.0 48:1.0 89:1.0 92:1.0 
10.0 10.0 
10.0 10.0 
3.941752366397664 10.0 67:1.0 77:1.0 
10.0 10.0 
10.0 10.0 
10.0 10.0 
10.0 10.0 74:1.0 
10.0 10.0 
10.0 10.0 67:1.0 
10.0 0.0 65:1.0 
10.0 10.0 
10.0 10.0 
10.0 10.0 
10.0 10.0 
10.0 10.0 
10.0 10.0 23:1.0 
10.0 10.0 
10.0 10.0 
10.0 10.0 
10.0 10.0 
10.0 10.0 
10.0 10.0 
10.0 10.0 
10.0 3.9987999385474273 47:1.0 
10.0 10.0 
10.0 10.0 
10.0 10.0 
10.0 10.0 
10.0 10.0 
10.0 10.0 
10.0 10.0 
10.0 2.0016046094444486 54:1.0 
0.0 2.0 30:1.0 
10.0 10.0 
10.0 10.0 
0.0 10.0 30:1.0 
2.0 10.0 30:1.0 
10.0 10.0 
10.0 10.0 
10.0 10.0 
10.0 10.0 
10.0 10.0 
10.0 10.0 
10.0 10.0 
10.0 2.0 65:1.0 
10.0 10.0 
10.0 10.0 
10.0 10.0 
10.0 10.0 
10.0 10.0 
10.0 10.0 
10.0 10.0 
10.0 10.0 
10.0 10.0 
10.0 10.0 
10.0 10.0 
10.0 10.0 
10.0 10.0 65:1.0 
10.0 10.0 
10.0 10.0 
0.0 3.9999999999999996 64:1.0 
10.0 10.0 
10.0 10.0 
10.0 10.0 
10.0 10.0 
10.0 10.0 
6.272118678314556 2.1337468429507688E-4 29:1.0 69:1.0 
10.0 10.0 
10.0 10.0 
10.0 10.0 
10.0 10.0 
10.0 10.0 
10.0 10.0 
10.0 10.0 
10.0 10.0 
10.0 10.0 
10.0 10.0 
10.0 10.0 
10.0 10.0 
10.0 10.0 
10.0 10.0 
10.0 10.0 
10.0 10.0 
10.0 10.0 
10.0 10.0 
10.0 10.0 
10.0 10.0 
10.0 10.0 
10.0 10.0 
10.0 10.0 
10.0 10.0 
10.0 10.0 
10.0 2.0 71:1.0 
10.0 10.0 
10.0 10.0 
10.0 10.0 
10.0 10.0 
10.0 10.0 
10.0 10.0 
0.0 10.0 64:1.0 
10.0 10.0 
10.0 10.0 
10.0 10.0 
10.0 10.0 
10.0 10.0 
10.0 10.0 
10.0 10.0 
10.0 10.0 
10.0 10.0 
10.0 10.0 
10.0 10.0 
10.0 10.0 
10.0 10.0 
10.0 10.0 
10.0 10.0 
10.0 10.0 
10.0 10.0 
10.0 10.0 
10.0 10.0 
10.0 10.0 
10.0 10.0 
10.0 10.0 
10.0 10.0 
10.0 10.0 
10.0 10.0 
10.0 10.0 
10.0 10.0 
10.0 10.0 
2.0 2.0 39:1.0 
10.0 10.0 
10.0 10.0 
10.0 10.0 
10.0 10.0 
10.0 10.0 
10.0 10.0 
10.0 10.0 
10.0 10.0 
10.0 10.0 
10.0 10.0 
10.0 10.0 
10.0 10.0 
10.0 10.0 
10.0 10.0 
10.0 10.0 
10.0 10.0 
10.0 10.0 
10.0 10.0 
10.0 10.0 
10.0 10.0 
10.0 10.0 
10.0 10.0 
10.0 10.0 
10.0 10.0 
10.0 0.0 3:1.0 
10.0 10.0 
10.0 10.0 
10.0 10.0 
10.0 10.0 
10.0 10.0 
10.0 10.0 
10.0 10.0 45:1.0 
10.0 10.0 
0.0 10.0 22:1.0 
10.0 10.0 
10.0 10.0 
10.0 10.0 
10.0 10.0 
10.0 10.0 
10.0 10.0 
10.0 10.0 
10.0 10.0 
10.0 10.0 
10.0 10.0 
10.0 10.0 
10.0 10.0 
10.0 10.0 
10.0 10.0 
10.0 10.0 
10.0 10.0 
10.0 10.0 
0.0 0.0018376877210001161 25:1.0 87:1.0 
10.0 10.0 
10.0 10.0 
10.0 10.0 
10.0 10.0 
10.0 10.0 
10.0 1.9999999999999998 58:1.0 70:1.0 
10.0 10.0 
10.0 10.0 
10.0 10.0 
10.0 10.0 
10.0 10.0 
10.0 10.0 59:1.0 62:1.0 
2.0 10.0 22:1.0 
10.0 10.0 
10.0 10.0 
10.0 10.0 
10.0 10.0 
10.0 10.0 
10.0 10.0 
10.0 10.0 
10.0 10.0 
10.0 10.0 
10.0 10.0 
10.0 10.0 
10.0 10.0 
10.0 10.0 
10.0 10.0 
10.0 10.0 
10.0 10.0 
10.0 10.0 
10.0 10.0 
10.0 10.0 
10.0 10.0 85:1.0 
10.0 10.0 
10.0 10.0 
10.0 10.0 
10.0 10.0 
2.0 10.0 25:1.0 
10.0 10.0 
10.0 10.0 
10.0 10.0 
10.0 10.0 
10.0 10.0 
10.0 10.0 
10.0 10.0 
10.0 2.0 42:1.0 
10.0 10.0 
10.0 10.0 
10.0 2.0 3:1.0 
10.0 10.0 
10.0 10.0 
10.0 10.0 
10.0 10.0 
10.0 10.0 
10.0 10.0 
10.0 10.0 
10.0 10.0 
10.0 10.0 
10.0 10.0 
10.0 10.0 
10.0 10.0 
10.0 10.0 
10.0 10.0 
10.0 10.0 
10.0 10.0 
10.0 10.0 
2.0 2.0 2:1.0 
10.0 10.0 
10.0 10.0 
10.0 10.0 
2.0 10.0 64:1.0 
10.0 10.0 
10.0 10.0 
10.0 10.0 
0.5723657463620786 0.0 23:1.0 48:1.0 68:1.0 89:1.0 92:1.0 97:1.0 107:1.0 
10.0 10.0 
10.0 10.0 2:1.0 
10.0 10.0 
10.0 10.0 
10.0 10.0 
10.0 10.0 
10.0 10.0 
10.0 10.0 39:1.0 
2.0 10.0 55:1.0 
10.0 10.0 
10.0 10.0 
10.0 10.0 
10.0 10.0 42:1.0 
10.0 10.0 
10.0 10.0 19:1.0 
1.429242643748634 1.3020347441100588E-4 68:1.0 74:1.0 99:1.0 
10.0 10.0 
10.0 10.0 
-0.0 10.0 76:1.0 
-0.0 10.0 41:1.0 
-0.0 10.0 10:1.0 
-3.2276730769528235E-4 10.0 62:1.0 73:1.0 
-0.0 10.0 1:1.0 76:1.0 
-0.0 10.0 34:1.0 74:1.0 95:1.0 
-10.0 0.0 71:1.0 
-10.0 6.541084270710734E-5 47:1.0 85:1.0 89:1.0 
-10.0 10.0 85:1.0 
-10.0 0.0 42:1.0 
-9.02231349635656 10.0 34:1.0 74:1.0 95:1.0 
-0.0 2.5591945248643104 11:1.0 
-10.0 0.0 86:1.0 
-1.0 0.0 74:1.0 
-10.0 10.0 39:1.0 
-0.0 10.0 37:1.0 
-0.0 10.0 19:1.0 
-10.0 10.0 12:1.0 
-10.0 0.0 2:1.0 
-0.0 10.0 11:1.0 
-0.0 10.0 24:1.0 
-0.0 10.0 76:1.0 
-0.0 10.0 84:1.0 
-0.0 10.0 37:1.0 
-0.0 10.0 33:1.0 
-6.272118678314556 0.0 29:1.0 
-10.0 0.0 65:1.0 
-10.0 0.0 71:1.0 
-0.0 10.0 6:1.0 26:1.0 
-0.0 10.0 18:1.0 
-10.0 0.0 20:1.0 
-0.0 10.0 67:1.0 
-10.0 10.0 19:1.0 
-0.0 2.658391034004767 14:1.0 
-0.0 7.9990120966045986 52:1.0 60:1.0 
-10.0 0.0 29:1.0 
-0.0 10.0 83:1.0 88:1.0 98:1.0 
-10.0 10.0 10:1.0 
-10.0 0.9998528372289655 48:1.0 68:1.0 74:1.0 89:1.0 92:1.0 97:1.0 99:1.0 107:1.0 109:1.0 
-10.0 0.0 3:1.0 
-0.0 10.0 73:1.0 
-0.0 5.317847086852935 82:1.0 
-0.0 2.006197270990567 
-0.0 10.0 
-0.0 10.0 
-0.0 10.0 
-0.0 10.0 
-0.0 10.0 
-0.0 10.0 
-0.0 10.0 
-0.0 10.0 
-0.0 10.0 
-0.0 10.0 
-0.0 10.0 
-0.0 10.0 
-0.0 10.0 4:1.0 
-0.0 10.0 
-0.0 10.0 
-0.0 10.0 
-0.0 10.0 
-0.0 10.0 
-0.0 10.0 
-0.0 10.0 
-0.0 10.0 
-0.0 10.0 
-0.0 10.0 
-0.0 10.0 
-0.0 10.0 
-0.0 10.0 
-0.0 10.0 
-0.0 10.0 
-0.0 1.5555555555555556 7:1.0 
-0.0 10.0 
-0.0 10.0 
-0.0 10.0 
-0.0 10.0 
-0.0 10.0 
-0.0 10.0 
-0.0 10.0 
-0.0 10.0 
-0.0 10.0 
-0.0 10.0 
-0.0 10.0 
-0.0 10.0 
-0.0 10.0 
-10.0 10.0 41:1.0 
-0.0 10.0 
-0.0 10.0 
-0.0 10.0 
-0.0 10.0 
-0.0 10.0 
-0.0 10.0 
-0.0 10.0 
-0.0 5.711973044204176 21:1.0 54:1.0 
-0.0 10.0 
-0.0 10.0 
-0.0 10.0 
-0.0 10.0 
-0.0 10.0 66:1.0 
-0.0 10.0 
-0.0 10.0 
-0.0 10.0 
-3.9416559452432525 10.0 67:1.0 
-0.0 10.0 
-0.0 10.0 
-0.0 10.0 
-0.0 10.0 
-0.0 10.0 
-0.0 10.0 
-0.0 9.257546837773447 44:1.0 
-10.0 0.0 42:1.0 
-0.0 10.0 
-0.0 10.0 
-0.0 10.0 
-0.0 10.0 
-10.0 0.0 3:1.0 
-0.0 2.0001593352599065 79:1.0 84:1.0 
-0.0 10.0 
-0.0 10.0 
-0.0 10.0 
-0.0 10.0 
-0.0 10.0 
-0.0 10.0 
-0.0 10.0 
-0.0 10.0 
-10.0 10.0 19:1.0 
-0.0 10.0 
-0.0 10.0 11:1.0 
-0.0 2.0 24:1.0 71:1.0 
-0.0 10.0 
-0.0 10.0 45:1.0 
-0.0 10.0 
-0.0 10.0 
-0.0 10.0 
-0.0 10.0 
-0.0 10.0 
-10.0 0.669553755958354 69:1.0 
-0.0 10.0 
-0.0 10.0 
-10.0 10.0 16:1.0 
-0.0 10.0 26:1.0 
-0.0 10.0 
-0.0 10.0 
-0.0 10.0 
-0.0 10.0 
-0.0 10.0 
-0.0 10.0 
-0.0 10.0 
-0.0 10.0 
-0.0 10.0 
-0.0 10.0 
-0.0 10.0 
-0.0 10.0 
-0.0 10.0 
-0.0 10.0 
-0.0 10.0 
-0.0 10.0 
-0.0 10.0 
-0.0 10.0 
-0.0 10.0 
-0.0 10.0 
-0.0 10.0 
-0.0 10.0 
-0.0 10.0 50:1.0 
-0.0 10.0 
-0.0 10.0 
-0.0 10.0 
-0.0 10.0 
-0.0 10.0 
-0.0 10.0 
-0.0 10.0 
-0.0 10.0 
-0.0 10.0 
-0.0 10.0 
-0.0 10.0 
-0.0 10.0 
-0.0 10.0 
-0.0 10.0 
-0.0 10.0 
-0.0 10.0 
-0.0 10.0 
-0.0 10.0 
-0.0 10.0 
-0.0 10.0 
-0.0 1.4567901234567902 91:1.0 
-0.0 10.0 
-0.0 10.0 
-0.5220721173559931 10.0 
-10.0 10.0 
-2.220446049250313E-16 9.452422207782831 58:1.0 
-10.0 10.0 
-10.0 10.0 
-0.0 10.0 82:1.0 
-10.0 10.0 
-10.0 10.0 
-10.0 10.0 
-10.0 10.0 
-1.9997764802562834 10.0 37:1.0 77:1.0 
-10.0 10.0 
-10.0 10.0 
-10.0 10.0 
-10.0 10.0 
-10.0 10.0 
-10.0 10.0 
-10.0 10.0 
-10.0 10.0 
-10.0 10.0 
-10.0 10.0 
-10.0 10.0 
-10.0 10.0 
-10.0 10.0 
-10.0 10.0 
-0.0 7.695727291427349 53:1.0 
-10.0 10.0 
-10.0 10.0 
-10.0 10.0 
-10.0 10.0 
-10.0 10.0 
-10.0 10.0 
-10.0 10.0 
-10.0 10.0 
-10.0 10.0 
-10.0 10.0 
-10.0 10.0 
-10.0 10.0 
-10.0 10.0 
-10.0 10.0 
-10.0 10.0 
-0.0 1.3333333333333333 23:1.0 
-10.0 10.0 
-10.0 10.0 
-10.0 10.0 
-0.0 2.0013383868660877 52:1.0 
-10.0 10.0 
-10.0 10.0 
-10.0 10.0 
-10.0 10.0 
-10.0 10.0 
-10.0 10.0 
-0.0 6.37887586711549 49:1.0 
-0.0 10.0 52:1.0 
-10.0 10.0 
-10.0 10.0 
-10.0 10.0 
-10.0 10.0 
-0.0 10.0 66:1.0 
-10.0 10.0 67:1.0 
-0.0 1.3330020896344283 43:1.0 
-0.0 9.92477671938786 35:1.0 
-10.0 10.0 
-10.0 10.0 
-10.0 10.0 
-10.0 10.0 
-10.0 10.0 
-10.0 2.0 74:1.0 
-10.0 10.0 
-10.0 10.0 
-0.0 10.0 49:1.0 
-10.0 10.0 
-0.0 9.99832190179753 43:1.0 
-10.0 10.0 
-5.551115123125783E-17 10.0 85:1.0 
-10.0 10.0 
-10.0 10.0 
-10.0 10.0 
-10.0 10.0 
-10.0 10.0 59:1.0 
-10.0 10.0 
-10.0 10.0 
-10.0 10.0 
-0.0 2.0 46:1.0 
-10.0 10.0 
-10.0 10.0 
-10.0 10.0 
-10.0 10.0 
-10.0 10.0 
-10.0 10.0 
-10.0 10.0 
-10.0 10.0 
-10.0 10.0 
-10.0 10.0 
-10.0 10.0 
-10.0 10.0 
-0.0 10.0 53:1.0 
-0.0 1.0 17:1.0 
-0.0 10.0 17:1.0 
-10.0 10.0 
-10.0 10.0 
-0.0 4.4358142426477904E-4 83:1.0 
-10.0 10.0 
-10.0 10.0 
-10.0 10.0 
-0.0 3.443568828109256E-4 56:1.0 
-10.0 10.0 
-10.0 10.0 16:1.0 
-10.0 10.0 
-10.0 10.0 
-10.0 10.0 
-10.0 10.0 
-0.0 10.0 23:1.0 
-10.0 10.0 
-10.0 10.0 
-10.0 10.0 29:1.0 
-10.0 10.0 
-10.0 10.0 
-10.0 10.0 
-10.0 10.0 
-10.0 10.0 
-10.0 10.0 
-10.0 10.0 
-10.0 10.0 
-10.0 10.0 
-10.0 10.0 
-10.0 10.0 
-10.0 10.0 
-0.0 10.0 20:1.0 42:1.0 
-10.0 10.0 
-0.0 10.0 7:1.0 
-10.0 10.0 
-10.0 10.0 
-10.0 10.0 
-10.0 10.0 
-10.0 10.0 
-10.0 10.0 
-10.0 10.0 45:1.0 
-10.0 10.0 
-10.0 10.0 
-10.0 10.0 
-10.0 10.0 
-10.0 0.0 54:1.0 
-10.0 10.0 
-10.0 10.0 
-10.0 10.0 
-10.0 10.0 
-10.0 10.0 
-0.836908740492724 10.0 23:1.0 
-10.0 10.0 
-10.0 10.0 
-10.0 10.0 
-10.0 10.0 
-10.0 10.0 
-10.0 10.0 
-10.0 10.0 
-0.0 10.0 6:1.0 
-10.0 10.0 
-10.0 10.0 
-10.0 10.0 
-10.0 10.0 
-10.0 10.0 
-10.0 10.0 
-10.0 10.0 
-10.0 10.0 
-10.0 10.0 
-10.0 10.0 
-10.0 10.0 
-10.0 10.0 
-10.0 10.0 
-10.0 10.0 
-10.0 10.0 
-10.0 10.0 
-10.0 10.0 
-10.0 10.0 
-10.0 10.0 
-10.0 10.0 
-10.0 10.0 
-10.0 10.0 
-10.0 10.0 
-10.0 10.0 
-10.0 10.0 
-10.0 10.0 
-0.0 2.667295995900609 27:1.0 
-10.0 10.0 
-10.0 10.0 
-10.0 10.0 
-10.0 10.0 
-10.0 10.0 
-10.0 10.0 
-10.0 10.0 
-10.0 10.0 
-10.0 10.0 
-10.0 10.0 
-10.0 10.0 
-10.0 10.0 
-0.0 10.0 26:1.0 81:1.0 
-10.0 10.0 
-10.0 10.0 
-10.0 10.0 
-10.0 10.0 
-10.0 10.0 
-10.0 10.0 
-10.0 10.0 
-10.0 10.0 
-10.0 10.0 
-10.0 10.0 
-10.0 10.0 
-10.0 10.0 
-10.0 10.0 
-10.0 10.0 
-10.0 10.0 
-10.0 10.0 
-10.0 10.0 
-10.0 10.0 
-10.0 10.0 23:1.0 
-10.0 10.0 
-10.0 10.0 
-10.0 10.0 
-10.0 10.0 
-10.0 10.0 
-10.0 10.0 
-10.0 10.0 
-10.0 10.0 
-10.0 10.0 
-10.0 10.0 
-10.0 10.0 
-10.0 10.0 
-10.0 10.0 
-10.0 10.0 
-10.0 10.0 
-10.0 10.0 
-10.0 10.0 
-10.0 2.0 31:1.0 
-10.0 10.0 
-10.0 10.0 
-10.0 10.0 
-10.0 10.0 
-10.0 3.714354760522842E-4 70:1.0 
-10.0 10.0 
-10.0 10.0 
-10.0 10.0 
-0.0 10.0 83:1.0 88:1.0 98:1.0 
-0.0 0.5475777922171687 58:1.0 82:1.0 
-10.0 10.0 
-10.0 10.0 
-10.0 10.0 
-10.0 10.0 
-10.0 10.0 
-10.0 10.0 
-0.0 10.0 72:1.0 
-0.0 10.0 14:1.0 
-0.0 10.0 24:1.0 
-10.0 10.0 
-0.0 3.7235992930844097E-4 32:1.0 
-10.0 10.0 
-10.0 10.0 
-10.0 10.0 
-10.0 10.0 
-10.0 10.0 
-10.0 10.0 
-0.5 0.500075076038192 38:1.0 78:1.0 80:1.0 90:1.0 100:1.0 
-0.0 9.000474257665962 17:1.0 
-0.0 4.288056006745721 21:1.0 
-0.0 0.7424531622265537 35:1.0 44:1.0 
-10.0 10.0 
-10.0 10.0 
-10.0 10.0 
-10.0 8.000581508293351 31:1.0 
-10.0 10.0 
-10.0 10.0 
-10.0 10.0 47:1.0 
-10.0 10.0 
-0.0 9.332770118385586 14:1.0 35:1.0 
-10.0 10.0 
-10.0 10.0 
-10.0 10.0 
-10.0 10.0 
-0.0 10.0 84:1.0 
-10.0 10.0 
-10.0 10.0 
-10.0 10.0 
-10.0 10.0 
-0.0 1.6666666666666665 63:1.0 
-10.0 10.0 
-10.0 10.0 
-10.0 10.0 
-10.0 10.0 
-10.0 10.0 
-10.0 10.0 
-10.0 10.0 
-10.0 10.0 
-10.0 10.0 
-10.0 10.0 
-10.0 10.0 
-0.0 8.444444444444445 7:1.0 
-10.0 10.0 
-10.0 4.288413103491179 54:1.0 
-10.0 10.0 
-10.0 10.0 36:1.0 
-10.0 10.0 
-10.0 10.0 
-10.0 10.0 
-10.0 10.0 
-10.0 10.0 
-10.0 10.0 58:1.0 87:1.0 
-10.0 10.0 
-10.0 10.0 
-10.0 10.0 
-10.0 10.0 
-10.0 10.0 
-10.0 10.0 
-10.0 10.0 
-10.0 10.0 
-10.0 10.0 
-10.0 10.0 
-10.0 10.0 
-10.0 10.0 
-10.0 10.0 
-10.0 10.0 
-10.0 10.0 
-10.0 10.0 
-10.0 10.0 
-10.0 10.0 
-10.0 10.0 
-10.0 10.0 
-10.0 10.0 
-10.0 10.0 
-10.0 10.0 19:1.0 
-10.0 10.0 
-10.0 10.0 
-10.0 10.0 
-10.0 10.0 
-10.0 10.0 
-10.0 10.0 
-10.0 10.0 
-10.0 10.0 
-10.0 10.0 23:1.0 
-10.0 10.0 
-10.0 10.0 
-10.0 10.0 
-10.0 10.0 
-10.0 10.0 
-10.0 10.0 
-10.0 10.0 
-10.0 10.0 
-10.0 10.0 
-10.0 10.0 
-10.0 10.0 
-10.0 10.0 
-10.0 10.0 
-10.0 10.0 
-10.0 10.0 
-10.0 10.0 
-0.0 2.7190296065053056E-4 15:1.0 
-10.0 10.0 
-0.6923836950118409 8.000227248239643 74:1.0 
-10.0 10.0 
-0.0 10.0 82:1.0 
-10.0 10.0 
-10.0 10.0 
-10.0 10.0 
-10.0 10.0 
-10.0 10.0 
-10.0 10.0 
-10.0 10.0 
-10.0 10.0 
-10.0 10.0 
-10.0 10.0 
-0.0 3.9494714790427735E-4 4:1.0 36:1.0 
-10.0 10.0 
-10.0 10.0 
-10.0 10.0 
-10.0 10.0 
-10.0 10.0 
-10.0 10.0 
-10.0 10.0 
-10.0 10.0 
-10.0 10.0 
-10.0 10.0 
-10.0 10.0 
-10.0 10.0 
-10.0 10.0 
-10.0 10.0 
-10.0 10.0 
-10.0 10.0 
-10.0 10.0 
-0.0 8.333333333333334 63:1.0 
-10.0 10.0 
-0.0 8.54320987654321 91:1.0 
-10.0 10.0 
-10.0 10.0 
-10.0 10.0 
-10.0 10.0 
-10.0 10.0 
-10.0 10.0 
-10.0 10.0 
-0.0 2.0012549581284502 60:1.0 
-10.0 10.0 
-10.0 10.0 
-10.0 10.0 
-10.0 10.0 
-10.0 10.0 
-10.0 10.0 
-10.0 10.0 
-10.0 10.0 
-10.0 0.0 65:1.0 
-10.0 10.0 
-10.0 10.0 
-10.0 10.0 
-10.0 10.0 
-10.0 10.0 
-10.0 10.0 
-10.0 10.0 
-10.0 9.823013169509757 49:1.0 
-10.0 10.0 
-10.0 10.0 
-10.0 10.0 
-10.0 10.0 
-10.0 10.0 
-10.0 10.0 
-10.0 10.0 
-10.0 10.0 
-10.0 10.0 
-10.0 10.0 
-10.0 10.0 
-10.0 10.0 
-10.0 10.0 
-10.0 10.0 
-10.0 10.0 
-0.0 10.0 9:1.0 
-0.0 10.0 72:1.0 
-10.0 10.0 
-10.0 10.0 
-10.0 10.0 
-0.0 10.0 82:1.0 
-10.0 10.0 
-10.0 10.0 
-10.0 10.0 
-10.0 10.0 
-10.0 10.0 
-10.0 10.0 
-10.0 10.0 
-10.0 10.0 
-10.0 10.0 
-10.0 10.0 
-10.0 10.0 
-10.0 10.0 
-10.0 10.0 
-10.0 10.0 
-10.0 10.0 
-10.0 10.0 
-10.0 10.0 
-9.202408795805526E-4 10.0 76:1.0 
-10.0 7.280126236524682 65:1.0 
-10.0 10.0 
-10.0 10.0 
-0.0 8.000592420721857 46:1.0 
-10.0 10.0 
-0.0 10.0 40:1.0 61:1.0 102:1.0 
-10.0 10.0 
-10.0 10.0 
-10.0 10.0 
-10.0 10.0 
-10.0 10.0 
-10.0 10.0 
-10.0 10.0 
-10.0 10.0 
-10.0 10.0 
-10.0 10.0 
-10.0 10.0 
-10.0 10.0 
-10.0 10.0 
-0.0 10.0 50:1.0 
-10.0 10.0 
-10.0 10.0 
-10.0 10.0 
-10.0 10.0 
-10.0 10.0 
-10.0 10.0 
-10.0 10.0 
-10.0 6.233976741764602E-4 51:1.0 
-9.735678627033975 8.667248174960017 23:1.0 
-10.0 10.0 
-10.0 10.0 
-10.0 10.0 
-10.0 10.0 
-10.0 10.0 
-10.0 10.0 
-10.0 10.0 
-10.0 10.0 
-10.0 10.0 
-9.999339561226856 10.0 62:1.0 76:1.0 
-10.0 10.0 
-0.0 2.0001106533823862 3:1.0 41:1.0 
-10.0 10.0 
-10.0 10.0 
-10.0 10.0 
-0.0 1.3278838137672827E-4 81:1.0 
-1.9996779640748366 2.7202451989513707 65:1.0 82:1.0 
-10.0 10.0 
-10.0 10.0 
-10.0 10.0 
-10.0 10.0 
-10.0 10.0 
-10.0 10.0 
-0.0 -10.0 
-0.0 -10.0 
-0.0 -10.0 
-0.0 -10.0 
-10.0 -1.9993766023258237 25:1.0 
-0.0 -10.0 
-0.0 -10.0 
-0.0 -4.0 24:1.0 
-0.0 -10.0 
-0.0 -10.0 
-0.0 -10.0 
-0.0 -10.0 
-0.0 -10.0 
-0.0 -10.0 
-0.0 -10.0 
-0.0 -10.0 
-10.0 -10.0 77:1.0 
-0.0 -10.0 
-0.0 -10.0 
-0.0 -10.0 
-0.0 -10.0 
-0.0 -10.0 
-0.0 -10.0 
-10.0 -0.0 30:1.0 
-0.0 -10.0 
-0.0 -10.0 66:1.0 
-0.0 -10.0 
-0.0 -10.0 
-0.0 -10.0 
-0.0 -10.0 
-0.0 -10.0 
-0.0 -10.0 
-0.0 -10.0 
-0.0 -10.0 
-0.0 -10.0 10:1.0 
-0.0 -10.0 
-0.0 -10.0 
-0.0 -10.0 
-0.0 -10.0 
-0.0 -10.0 
-0.0 -10.0 91:1.0 
-0.0 -10.0 17:1.0 19:1.0 
-0.0 -10.0 
-0.0 -10.0 
-0.0 -10.0 
-0.0 -10.0 
-0.0 -10.0 
-0.0 -10.0 
-0.0 -10.0 45:1.0 
-0.0 -10.0 
-0.0 -10.0 
-0.0 -10.0 
-0.0 -10.0 
-10.0 -0.6692093990755431 64:1.0 69:1.0 
-0.0 -10.0 
-0.0 -10.0 
-0.0 -10.0 
-0.0 -10.0 
-0.0 -10.0 26:1.0 
-0.0 -10.0 
-0.0 -10.0 
-0.0 -10.0 
-0.0 -10.0 
-0.0 -10.0 
-0.0 -10.0 
-0.0 -10.0 
-0.0 -10.0 
-0.0 -10.0 
-10.0 -10.0 10:1.0 
-0.0 -10.0 
-0.0 -10.0 
-0.0 -10.0 
-0.0 -10.0 
-0.0 -10.0 
-0.0 -10.0 
-0.0 -10.0 
-0.0 -10.0 
-0.0 -10.0 46:1.0 
-0.0 -10.0 
-0.0 -10.0 62:1.0 
-0.0 -10.0 
-0.0 -10.0 
-0.0 -10.0 
-0.0 -10.0 
-0.0 -10.0 58:1.0 
-0.0 -10.0 
-0.0 -10.0 
-0.0 -10.0 
-0.0 -10.0 
-0.0 -10.0 49:1.0 
-0.0 -10.0 
-10.0 -10.0 12:1.0 
-0.0 -10.0 
-0.0 -10.0 
-0.0 -10.0 
-0.0 -10.0 
-0.0 -10.0 
-0.0 -10.0 
-0.0 -0.5592359718554255 11:1.0 27:1.0 33:1.0 
-0.0 -10.0 
-0.0 -10.0 
-0.0 -10.0 
-0.0 -10.0 
-0.0 -10.0 4:1.0 
-0.0 -10.0 
-0.0 -10.0 
-0.0 -10.0 
-0.0 -10.0 
-0.0 -10.0 
-0.0 -10.0 
-0.0014787288829279115 -10.0 11:1.0 21:1.0 54:1.0 
-0.0 -10.0 
-0.0 -10.0 
-0.0 -10.0 
-0.0 -10.0 
-0.0 -2.0 37:1.0 
-0.0 -10.0 76:1.0 
-1.9999999999999996 -10.0 58:1.0 
-0.0 -10.0 
-0.0 -10.0 
-10.0 -10.0 16:1.0 
-0.0 -10.0 
-0.0 -10.0 
-0.0 -10.0 
-0.0 -10.0 
-0.0 -10.0 
-0.0 -10.0 
-0.0 -4.000110653382387 41:1.0 
-0.0 -10.0 
-0.0 -10.0 
-0.0 -10.0 
-0.0 -10.0 
-0.0 -10.0 
-0.0 -10.0 49:1.0 
-0.0 -10.0 
-0.0 -10.0 
-0.0 -10.0 
-0.0 -10.0 
-1.9999999999999996 -1.3308828964975223 43:1.0 64:1.0 
-0.0 -10.0 
-0.0 -10.0 
-10.0 -10.0 65:1.0 
-0.0 -10.0 
-0.0 -10.0 
-0.0 -10.0 43:1.0 
-0.0 -10.0 
-0.0 -10.0 76:1.0 
-0.0 -10.0 
-0.0 -10.0 
-0.0 -10.0 
-7.996608157330512 -10.0 
-0.0 -10.0 72:1.0 
-10.0 -10.0 
-10.0 -10.0 
-10.0 -10.0 
-10.0 -10.0 
-10.0 -10.0 
-10.0 -10.0 
-10.0 -10.0 
-0.0 -10.0 50:1.0 
-10.0 -10.0 
-10.0 -10.0 
-10.0 -10.0 
-10.0 -10.0 
-10.0 -10.0 
-0.0 -9.999117393232176 33:1.0 
-10.0 -10.0 
-10.0 -10.0 
-0.01162742122106128 -10.0 34:1.0 74:1.0 95:1.0 
-10.0 -10.0 
-0.0 -10.0 23:1.0 
-10.0 -10.0 
-10.0 -10.0 
-10.0 -10.0 
-10.0 -10.0 
-0.0 -10.0 44:1.0 
-10.0 -10.0 
-10.0 -10.0 62:1.0 
-10.0 -1.283484270088802 55:1.0 
-10.0 -10.0 
-10.0 -10.0 
-10.0 -10.0 
-0.0 -10.0 23:1.0 
-10.0 -10.0 
-10.0 -10.0 
-10.0 -10.0 
-10.0 -10.0 
-10.0 -10.0 
-0.0 -10.0 26:1.0 
-10.0 -10.0 
-10.0 -10.0 
-10.0 -10.0 
-10.0 -10.0 
-10.0 -10.0 
-10.0 -10.0 
-10.0 -10.0 
-0.0 -10.0 83:1.0 88:1.0 98:1.0 
-10.0 -0.7165157299111978 49:1.0 55:1.0 
-0.0 -10.0 24:1.0 
-10.0 -10.0 
-10.0 -10.0 
-0.0 -10.0 81:1.0 
-10.0 -10.0 
-0.0 -2.0 67:1.0 
-10.0 -10.0 
-10.0 -10.0 
-0.0 -10.0 37:1.0 
-10.0 -10.0 
-10.0 -10.0 
-10.0 -10.0 
-10.0 -10.0 
-10.0 -0.0 22:1.0 
-10.0 -10.0 
-0.0 -8.585589488123603 82:1.0 84:1.0 
-10.0 -10.0 
-10.0 -10.0 
-10.0 -10.0 
-10.0 -10.0 
-10.0 -10.0 
-10.0 -10.0 
-10.0 -10.0 
-10.0 -10.0 
-10.0 -10.0 
-10.0 -10.0 
-10.0 -10.0 
-10.0 -10.0 
-10.0 -10.0 
-10.0 -10.0 
-10.0 -10.0 
-10.0 -10.0 
-10.0 -10.0 
-10.0 -10.0 85:1.0 
-10.0 -10.0 
-10.0 -10.0 
-10.0 -10.0 
-10.0 -10.0 
-0.0 -10.0 50:1.0 
-0.0 -10.0 53:1.0 
-10.0 -10.0 
-10.0 -10.0 
-10.0 -10.0 
-10.0 -10.0 
-10.0 -10.0 
-10.0 -10.0 
-10.0 -10.0 
-10.0 -10.0 
-10.0 -10.0 
-0.0 -5.485373306714049 49:1.0 84:1.0 
-10.0 -10.0 
-10.0 -10.0 
-10.0 -10.0 
-10.0 -10.0 
-10.0 -10.0 
-1.9977914297337884 -1.9998356137377138 11:1.0 77:1.0 
-0.0 -10.0 67:1.0 
-10.0 -10.0 
-0.0 -10.0 76:1.0 
-10.0 -10.0 
-10.0 -10.0 
-10.0 -10.0 
-10.0 -10.0 
-10.0 -10.0 
-10.0 -10.0 
-10.0 -10.0 
-10.0 -10.0 
-10.0 -10.0 
-10.0 -10.0 
-10.0 -10.0 
-10.0 -10.0 
-10.0 -10.0 
-10.0 -10.0 
-10.0 -10.0 
-10.0 -10.0 
-10.0 -10.0 
-10.0 -10.0 
-10.0 -10.0 
-10.0 -10.0 
-10.0 -10.0 
-10.0 -10.0 
-10.0 -10.0 
-10.0 -10.0 
-10.0 -10.0 
-10.0 -10.0 
-10.0 -10.0 
-0.0 -10.0 82:1.0 
-10.0 -10.0 
-10.0 -10.0 
-10.0 -10.0 
-10.0 -10.0 
-10.0 -10.0 
-10.0 -10.0 
-0.0 -10.0 18:1.0 
-10.0 -10.0 
-10.0 -10.0 
-10.0 -10.0 
-0.0 -10.0 82:1.0 
-10.0 -10.0 
-10.0 -10.0 
-10.0 -10.0 
-10.0 -10.0 
-10.0 -10.0 
-10.0 -10.0 
-10.0 -10.0 
-10.0 -10.0 
-10.0 -10.0 
-10.0 -10.0 
-10.0 -4.304436502779582 87:1.0 
-10.0 -10.0 36:1.0 
-0.0 -9.999589735195372 24:1.0 
-10.0 -10.0 
-10.0 -10.0 67:1.0 
-0.0 -0.6665815990041901 27:1.0 40:1.0 61:1.0 102:1.0 
-10.0 -10.0 
-10.0 -10.0 
-10.0 -10.0 
-10.0 -10.0 
-10.0 -10.0 
-10.0 -10.0 
-10.0 -10.0 
-0.0 -10.0 26:1.0 
-10.0 -10.0 
-10.0 -10.0 
-10.0 -10.0 
-10.0 -10.0 
-10.0 -10.0 
-10.0 -10.0 
-10.0 -10.0 
-10.0 -10.0 
-0.0 -2.0 1:1.0 
-10.0 -10.0 
-0.0 -9.999775237980671 1:1.0 76:1.0 
-10.0 -10.0 
-10.0 -10.0 
-10.0 -10.0 
-10.0 -10.0 
-10.0 -10.0 
-10.0 -10.0 
-10.0 -10.0 
-10.0 -10.0 
-10.0 -10.0 
-10.0 -10.0 
-10.0 -10.0 
-10.0 -10.0 
-0.0 -10.0 35:1.0 
-10.0 -10.0 
-10.0 -10.0 
-0.9882061298076921 -10.0 34:1.0 74:1.0 95:1.0 
-10.0 -10.0 
-10.0 -10.0 
-10.0 -10.0 
-10.0 -10.0 
-10.0 -0.0 64:1.0 
-0.0 -10.0 83:1.0 88:1.0 98:1.0 
-10.0 -10.0 
-10.0 -10.0 
-10.0 -10.0 
-10.0 -10.0 
-10.0 -10.0 
-10.0 -10.0 
-10.0 -10.0 
-10.0 -10.0 23:1.0 
-10.0 -0.0 2:1.0 75:1.0 87:1.0 
-10.0 -10.0 
-10.0 -10.0 
-10.0 -10.0 
-10.0 -10.0 
-0.0 -1.4413254011437153 27:1.0 33:1.0 
-10.0 -10.0 
-9.326144094639167E-4 -7.695329981035557 53:1.0 87:1.0 
-0.0 -10.0 41:1.0 
-10.0 -10.0 
-10.0 -10.0 76:1.0 
-10.0 -10.0 
-10.0 -10.0 
-10.0 -10.0 
-10.0 -10.0 
-10.0 -10.0 
-10.0 -10.0 
-10.0 -10.0 
-10.0 -10.0 
-10.0 -10.0 
-10.0 -10.0 74:1.0 
-0.0 -10.0 63:1.0 
-10.0 -10.0 
-10.0 -10.0 
-10.0 -10.0 
-10.0 -10.0 
-10.0 -10.0 
-10.0 -10.0 
-10.0 -10.0 
-10.0 -10.0 
-10.0 -10.0 
-10.0 -10.0 
-10.0 -10.0 
-1.9993180063797453 -10.0 6:1.0 47:1.0 
-10.0 -10.0 
-10.0 -10.0 
-0.10178261373053939 -0.0 1:1.0 13:1.0 
-10.0 -10.0 
-0.0 -10.0 7:1.0 
-0.0 -10.0 52:1.0 60:1.0 
-10.0 -10.0 
-10.0 -10.0 
-10.0 -10.0 
-10.0 -10.0 
-10.0 -10.0 
-10.0 -10.0 
-10.0 -10.0 
-10.0 -10.0 
-10.0 -10.0 
-10.0 -10.0 
-10.0 -10.0 
-10.0 -10.0 
-10.0 -10.0 
-0.0 -1.9908727006884372 9:1.0 14:1.0 
-10.0 -10.0 
-0.0 -2.0 59:1.0 
-10.0 -10.0 
-10.0 -10.0 
-10.0 -10.0 
-10.0 -10.0 
-10.0 -10.0 
-10.0 -10.0 
-10.0 -10.0 
-10.0 -10.0 16:1.0 
-10.0 -10.0 
-10.0 -10.0 
-10.0 -10.0 
-10.0 -10.0 
-10.0 -10.0 
-10.0 -10.0 23:1.0 
-10.0 -10.0 
-10.0 -10.0 
-10.0 -10.0 
-10.0 -10.0 
-10.0 -10.0 
-10.0 -10.0 
-10.0 -10.0 39:1.0 
-10.0 -10.0 
-10.0 -10.0 
-10.0 -10.0 
-10.0 -10.0 
-10.0 -10.0 
-10.0 -10.0 
-10.0 -10.0 
-10.0 -10.0 
-10.0 -10.0 
-10.0 -10.0 
-10.0 -10.0 
-0.0 -10.0 37:1.0 
-10.0 -10.0 
-10.0 -10.0 
-10.0 -10.0 
-10.0 -10.0 
-10.0 -10.0 19:1.0 
-10.0 -10.0 
-0.0 -9.928909746726799 84:1.0 
-10.0 -10.0 
-10.0 -10.0 
-10.0 -10.0 
-10.0 -10.0 
-0.0 -10.0 40:1.0 61:1.0 102:1.0 
-10.0 -10.0 
-10.0 -10.0 23:1.0 
-10.0 -10.0 
-10.0 -10.0 
-10.0 -10.0 
-10.0 -10.0 
-10.0 -10.0 
-10.0 -10.0 
-10.0 -10.0 
-10.0 -10.0 
-10.0 -10.0 
-10.0 -10.0 
-10.0 -10.0 
-10.0 -10.0 
-10.0 -10.0 
-10.0 -10.0 
-10.0 -10.0 
-10.0 -10.0 
-10.0 -10.0 
-10.0 -10.0 
-0.0 -10.0 66:1.0 
-10.0 -10.0 
-10.0 -10.0 
-0.0 -0.010382257440013198 9:1.0 
-10.0 -10.0 
-10.0 -10.0 
-10.0 -10.0 
-0.0 -9.999712674466544 37:1.0 
-10.0 -10.0 
-10.0 -10.0 42:1.0 
-10.0 -10.0 
-10.0 -9.999407579278143 59:1.0 
-10.0 -10.0 
-10.0 -10.0 
-10.0 -10.0 
-0.0 -10.0 11:1.0 
-10.0 -1.9999999999999996 22:1.0 
-10.0 -10.0 
-10.0 -10.0 
-10.0 -10.0 
-10.0 -10.0 
-0.0 -2.0 73:1.0 
-10.0 -10.0 
-0.0 -10.0 82:1.0 
-0.0 -10.0 73:1.0 
-10.0 -0.9998229045806715 34:1.0 48:1.0 68:1.0 74:1.0 89:1.0 92:1.0 95:1.0 97:1.0 99:1.0 107:1.0 109:1.0 
-10.0 -10.0 
-0.0 -10.0 14:1.0 52:1.0 
-10.0 -10.0 
-10.0 -10.0 
-10.0 -10.0 
-10.0 -10.0 
-10.0 -10.0 
-10.0 -10.0 29:1.0 
-10.0 -10.0 
-10.0 -10.0 
-10.0 -10.0 
-10.0 -10.0 
-10.0 -10.0 
-10.0 -10.0 
-10.0 -10.0 
-10.0 -10.0 
-10.0 -10.0 
-10.0 -10.0 
-10.0 -10.0 
-10.0 -10.0 
-10.0 -10.0 
-10.0 -10.0 
-10.0 -10.0 
-10.0 -10.0 
-10.0 -10.0 
-10.0 -10.0 45:1.0 
-10.0 -10.0 
-10.0 -10.0 
-10.0 -10.0 
-10.0 -10.0 
-10.0 -10.0 
-10.0 -10.0 
-10.0 -10.0 
-0.0 -10.0 35:1.0 
-10.0 -10.0 
-10.0 -10.0 
-10.0 -10.0 
-10.0 -10.0 
-10.0 -10.0 
-10.0 -10.0 
-0.0 -9.998452033808675 9:1.0 
-10.0 -10.0 
-10.0 -10.0 
-10.0 -10.0 
-10.0 -10.0 
-10.0 -10.0 
-10.0 -10.0 
-10.0 -2.499813327273963 90:1.0 
-10.0 -10.0 
-10.0 -10.0 
-0.0 -9.999584801354747 73:1.0 
-10.0 -10.0 
-10.0 -10.0 
-10.0 -10.0 
-10.0 -10.0 
-10.0 -10.0 
-10.0 -10.0 
-10.0 -9.999382461796266 67:1.0 
-10.0 -10.0 
-10.0 -10.0 
-10.0 -10.0 
-10.0 -10.0 
-10.0 -10.0 
-10.0 -10.0 
-10.0 -10.0 
-10.0 -10.0 
-10.0 -10.0 
-0.0 -10.0 72:1.0 
-10.0 -10.0 
-10.0 -10.0 31:1.0 
-10.0 -10.0 
-2.0 -10.0 14:1.0 85:1.0 
-10.0 -10.0 
-10.0 -10.0 
-10.0 -10.0 
-10.0 -10.0 
-10.0 -10.0 
-10.0 -10.0 
-10.0 -10.0 19:1.0 
-10.0 -10.0 
-10.0 -10.0 
-10.0 -10.0 
-10.0 -1.9995538710446372 30:1.0 
-10.0 -10.0 
-1.8978597237060777 -0.0 1:1.0 13:1.0 
-10.0 -10.0 
-10.0 -10.0 
-10.0 -10.0 
-10.0 -10.0 19:1.0 
-10.0 -10.0 
-10.0 -10.0 
-10.0 -10.0 
-10.0 -10.0 
-10.0 -10.0 
-10.0 -10.0 
-10.0 -10.0 
-10.0 -10.0 
-10.0 -10.0 
-0.0 -10.0 6:1.0 
-10.0 -10.0 
-10.0 -10.0 
-10.0 -10.0 
-10.0 -10.0 
-10.0 -10.0 
-10.0 -10.0 
-10.0 -10.0 
-10.0 -10.0 
-10.0 -10.0 
-0.0 -10.0 7:1.0 
-10.0 -10.0 
-10.0 -10.0 
-10.0 -10.0 
-10.0 -10.0 
-10.0 -10.0 
-10.0 -10.0 
-10.0 -10.0 
-10.0 -10.0 
-10.0 -10.0 
-10.0 -10.0 
-10.0 -10.0 
-10.0 -10.0 
-10.0 -10.0 
-10.0 -10.0 
-10.0 -10.0 
-10.0 -10.0 20:1.0 
-10.0 -10.0 
-10.0 -10.0 
-10.0 -10.0 
-10.0 -10.0 
-10.0 -10.0 
-0.0 -10.0 17:1.0 
-10.0 -10.0 
-10.0 -10.0 
-10.0 -10.0 
-10.0 -10.0 
-10.0 -10.0 
-10.0 -10.0 
-10.0 -10.0 
-10.0 -10.0 
-10.0 -10.0 
-10.0 -10.0 
-10.0 -10.0 
-10.0 -10.0 
-10.0 -10.0 
-10.0 -10.0 
-10.0 -10.0 
-10.0 -10.0 
-10.0 -10.0 
-10.0 -10.0 
-10.0 -10.0 
-10.0 -10.0 
-10.0 -10.0 
-10.0 -10.0 
-10.0 -10.0 
-10.0 -9.99939674264646 41:1.0 
-10.0 -10.0 
-10.0 -10.0 
-10.0 -10.0 
-10.0 -10.0 
-10.0 -10.0 
-10.0 -10.0 
-10.0 -10.0 
