svm_type c_svc
kernel_type rbf
gamma 10.0
nr_class 3
total_sv 1904
rho 0.5036191319083754 0.16502732804024123 -0.39393886255811
label 2 0 1
nr_sv 504 728 672
SV
10.0 10.0 
10.0 10.0 
10.0 10.0 
10.0 10.0 
1.5028785088695764 1.165004796656799 2:1.0 41:1.0 
10.0 10.0 
10.0 10.0 
10.0 10.0 
10.0 10.0 
10.0 10.0 
10.0 10.0 
10.0 10.0 
10.0 10.0 
10.0 10.0 
1.503885321945071 1.165057750434197 42:1.0 64:1.0 69:1.0 
10.0 10.0 
10.0 10.0 
10.0 10.0 
10.0 10.0 
10.0 10.0 
10.0 10.0 
10.0 1.4999773026114016 31:1.0 
10.0 10.0 
10.0 10.0 
10.0 10.0 
10.0 10.0 
10.0 10.0 
10.0 10.0 
10.0 10.0 
10.0 10.0 
10.0 10.0 
10.0 10.0 
10.0 10.0 
10.0 10.0 
10.0 10.0 
10.0 10.0 
10.0 10.0 
10.0 10.0 
10.0 10.0 
0.0 1.1649526667481631 25:1.0 
10.0 10.0 
1.5038843461393732 1.165019885613087 68:1.0 74:1.0 86:1.0 89:1.0 97:1.0 99:1.0 109:1.0 
10.0 10.0 
10.0 10.0 
10.0 10.0 
10.0 10.0 
10.0 10.0 
10.0 10.0 
10.0 10.0 
10.0 10.0 
10.0 10.0 
10.0 10.0 
10.0 10.0 
10.0 10.0 
10.0 1.165058151127684 51:1.0 
10.0 10.0 
10.0 10.0 
10.0 10.0 
10.0 1.1874503454034488 29:1.0 
10.0 10.0 
10.0 10.0 
10.0 10.0 
10.0 10.0 
10.0 10.0 16:1.0 
10.0 10.0 41:1.0 
10.0 10.0 
10.0 10.0 
0.0 1.2499546054800772 34:1.0 48:1.0 68:1.0 74:1.0 89:1.0 92:1.0 95:1.0 97:1.0 99:1.0 107:1.0 109:1.0 
1.5038134115762485 1.1649141514726635 12:1.0 86:1.0 
10.0 10.0 
10.0 10.0 
10.0 10.0 
1.502876556969185 1.18745034424465 12:1.0 
10.0 10.0 
10.0 10.0 10:1.0 
10.0 10.0 
10.0 10.0 
10.0 10.0 
10.0 10.0 
10.0 10.0 
10.0 10.0 
10.0 10.0 
10.0 10.0 
10.0 10.0 
10.0 10.0 
10.0 10.0 
10.0 10.0 
1.5037505461127287 1.1649141061018913 13:1.0 64:1.0 
1.5038853248317603 9.915065457141841 34:1.0 48:1.0 68:1.0 74:1.0 89:1.0 92:1.0 95:1.0 97:1.0 99:1.0 107:1.0 109:1.0 
10.0 10.0 
1.5029448295488255 1.1650581535690385 75:1.0 
10.0 10.0 
10.0 10.0 
1.5039118354228493 0.0 47:1.0 
10.0 10.0 
10.0 10.0 
10.0 10.0 
10.0 10.0 
10.0 10.0 
10.0 10.0 
10.0 10.0 
10.0 10.0 
10.0 9.977554918469865 29:1.0 
10.0 10.0 
10.0 10.0 
10.0 10.0 
10.0 10.0 
10.0 10.0 
10.0 10.0 
10.0 10.0 
10.0 0.0 54:1.0 
1.5028766484562437 1.1650049295853364 89:1.0 
10.0 10.0 
10.0 10.0 
10.0 10.0 
10.0 10.0 
10.0 1.1650048842857135 86:1.0 
10.0 10.0 
10.0 10.0 
10.0 10.0 
10.0 10.0 
10.0 10.0 
10.0 10.0 
10.0 10.0 
10.0 10.0 
10.0 10.0 
10.0 10.0 
10.0 10.0 
10.0 10.0 
10.0 10.0 
10.0 10.0 
10.0 10.0 
10.0 10.0 
10.0 10.0 
10.0 10.0 
10.0 10.0 
10.0 10.0 
10.0 10.0 
10.0 10.0 36:1.0 
10.0 10.0 
10.0 10.0 
10.0 10.0 
10.0 10.0 
10.0 10.0 
10.0 10.0 
10.0 10.0 
10.0 10.0 
10.0 10.0 
10.0 10.0 
10.0 10.0 
10.0 10.0 
10.0 10.0 
10.0 10.0 
10.0 10.0 
10.0 10.0 23:1.0 
10.0 1.5000453983849917 85:1.0 
0.0 1.165042776945006 87:1.0 
10.0 10.0 
10.0 9.977554540780519 12:1.0 
10.0 10.0 
10.0 10.0 
0.0 1.1874503446953912 22:1.0 
10.0 0.0 71:1.0 
1.5038611268857063 10.0 87:1.0 
1.502967268187162 1.1650959703178883 23:1.0 49:1.0 
10.0 10.0 
10.0 10.0 
10.0 10.0 76:1.0 
10.0 10.0 
10.0 10.0 
10.0 9.665080627548628 31:1.0 
10.0 10.0 
10.0 10.0 
10.0 10.0 
10.0 10.0 
10.0 10.0 
10.0 10.0 
10.0 10.0 
10.0 10.0 
1.5038185561069715 1.1649671518873033 19:1.0 68:1.0 74:1.0 99:1.0 
10.0 10.0 
10.0 10.0 
10.0 10.0 
10.0 10.0 
10.0 10.0 
10.0 10.0 
10.0 10.0 
10.0 10.0 
10.0 10.0 
10.0 10.0 
10.0 10.0 
10.0 10.0 
10.0 10.0 
10.0 10.0 19:1.0 
10.0 10.0 
10.0 10.0 
10.0 10.0 
10.0 10.0 
10.0 10.0 
10.0 10.0 
10.0 10.0 
10.0 10.0 
10.0 1.1650430197308768 69:1.0 
10.0 10.0 
10.0 1.2500056746042036 74:1.0 
10.0 10.0 
1.502876559498683 1.1650429736600107 13:1.0 
10.0 10.0 
10.0 10.0 
10.0 10.0 20:1.0 
10.0 10.0 
10.0 10.0 19:1.0 
10.0 10.0 
10.0 10.0 
10.0 10.0 
1.503929580201051 0.0 65:1.0 
10.0 10.0 
10.0 10.0 
10.0 10.0 
1.503861038118249 10.0 77:1.0 
10.0 10.0 
10.0 10.0 
1.5039038621187206 10.0 90:1.0 
10.0 10.0 
10.0 10.0 
0.0 1.2500056762796823 55:1.0 
10.0 10.0 16:1.0 
10.0 10.0 
1.5038853240586412 1.1650198857459362 47:1.0 48:1.0 89:1.0 92:1.0 
10.0 10.0 
10.0 10.0 
1.5027864534729158 1.1649145049714578 25:1.0 89:1.0 
1.5028785470347874 1.1650580660576775 67:1.0 77:1.0 
10.0 10.0 
10.0 10.0 
10.0 10.0 
10.0 9.915051944828075 74:1.0 
10.0 10.0 
10.0 10.0 67:1.0 
10.0 0.0 65:1.0 
10.0 10.0 
10.0 10.0 
10.0 10.0 
10.0 10.0 
10.0 10.0 
10.0 10.0 23:1.0 
10.0 10.0 
10.0 10.0 
10.0 10.0 
10.0 10.0 
10.0 10.0 
10.0 10.0 
10.0 10.0 
9.999032995594835 1.1650961041131604 47:1.0 
10.0 10.0 
10.0 10.0 
10.0 10.0 
10.0 10.0 
10.0 10.0 
10.0 10.0 
10.0 10.0 
10.0 1.165057931883061 54:1.0 
0.0 1.25001134148081 30:1.0 
10.0 10.0 
10.0 10.0 
0.0 10.0 30:1.0 
1.5039036828088639 9.915046299621336 30:1.0 
10.0 10.0 
10.0 10.0 
10.0 10.0 
10.0 10.0 
10.0 10.0 
10.0 10.0 
10.0 10.0 
10.0 1.2500113414802547 65:1.0 
10.0 10.0 
10.0 10.0 
10.0 10.0 
10.0 10.0 
10.0 10.0 
10.0 10.0 
10.0 10.0 
10.0 10.0 
10.0 10.0 
10.0 10.0 
10.0 10.0 
10.0 10.0 
10.0 9.915046809822353 65:1.0 
10.0 10.0 
10.0 10.0 
10.0 10.0 
10.0 10.0 
10.0 10.0 
10.0 10.0 
10.0 10.0 
1.502944849724233 1.164913929099071 29:1.0 69:1.0 
10.0 10.0 
10.0 10.0 
10.0 10.0 
10.0 10.0 
10.0 10.0 
10.0 10.0 
10.0 10.0 
10.0 10.0 
10.0 10.0 
10.0 10.0 
10.0 10.0 
10.0 10.0 
10.0 10.0 
10.0 10.0 
10.0 10.0 
10.0 10.0 
10.0 10.0 
10.0 10.0 
10.0 10.0 
10.0 10.0 
10.0 10.0 
10.0 10.0 
10.0 10.0 
10.0 10.0 
10.0 10.0 
10.0 1.1650576851549483 71:1.0 
10.0 10.0 
10.0 10.0 
10.0 10.0 
10.0 10.0 
10.0 10.0 
10.0 10.0 
0.0 1.1650810150546838 64:1.0 
10.0 10.0 
10.0 10.0 
10.0 10.0 
10.0 10.0 
10.0 10.0 
10.0 10.0 
10.0 10.0 
10.0 10.0 
10.0 10.0 
10.0 10.0 
10.0 10.0 
10.0 10.0 
10.0 10.0 
10.0 10.0 
10.0 10.0 
10.0 10.0 
10.0 10.0 
10.0 10.0 
10.0 10.0 
10.0 10.0 
10.0 10.0 
10.0 10.0 
10.0 10.0 
10.0 10.0 
10.0 10.0 
10.0 10.0 
10.0 10.0 
10.0 10.0 
1.5039036829398638 1.2500056785973308 39:1.0 
10.0 10.0 
10.0 10.0 
10.0 10.0 
10.0 10.0 
10.0 10.0 
10.0 10.0 
10.0 10.0 
10.0 10.0 
1.5028785304843515 1.1649142607369154 3:1.0 22:1.0 
10.0 10.0 
10.0 10.0 
10.0 10.0 
10.0 10.0 
10.0 10.0 
10.0 10.0 
10.0 10.0 
10.0 10.0 
10.0 10.0 
10.0 10.0 
10.0 10.0 
10.0 10.0 
10.0 10.0 
10.0 10.0 
10.0 10.0 
10.0 10.0 
10.0 0.0 3:1.0 
10.0 10.0 
10.0 10.0 
10.0 10.0 
10.0 10.0 
10.0 10.0 
10.0 10.0 
10.0 10.0 45:1.0 
10.0 10.0 
0.0 10.0 22:1.0 
10.0 10.0 
10.0 10.0 
10.0 10.0 
10.0 10.0 
10.0 10.0 
10.0 10.0 
10.0 10.0 
10.0 10.0 
10.0 10.0 
10.0 10.0 
10.0 10.0 
10.0 10.0 
10.0 10.0 
10.0 10.0 
10.0 10.0 
10.0 10.0 
10.0 10.0 
1.5027877306165327 1.1649146587894283 25:1.0 87:1.0 
10.0 10.0 
10.0 10.0 
10.0 10.0 
10.0 10.0 
10.0 10.0 
1.503929311905124 1.1650578171188528 58:1.0 70:1.0 
10.0 10.0 
10.0 10.0 
10.0 10.0 
10.0 10.0 
10.0 10.0 
1.5029448313234637 1.1650957711562748 59:1.0 62:1.0 
1.503838604446049 9.977554585648363 22:1.0 
10.0 10.0 
10.0 10.0 
10.0 10.0 
10.0 10.0 
10.0 10.0 
10.0 10.0 
10.0 10.0 
10.0 10.0 
10.0 10.0 
10.0 10.0 
10.0 10.0 
10.0 10.0 
10.0 10.0 
10.0 10.0 
10.0 10.0 
10.0 10.0 
10.0 10.0 
10.0 10.0 
10.0 10.0 
10.0 9.665050220883744 85:1.0 
10.0 10.0 
10.0 10.0 
10.0 10.0 
10.0 10.0 
1.502808463365321 10.0 25:1.0 
10.0 10.0 
10.0 10.0 
10.0 10.0 
10.0 10.0 
10.0 10.0 
10.0 10.0 
10.0 10.0 
10.0 1.2500056733166482 42:1.0 
10.0 10.0 
10.0 10.0 
10.0 1.165004930837279 3:1.0 
10.0 10.0 
10.0 10.0 
10.0 10.0 
10.0 10.0 
10.0 10.0 
10.0 10.0 
10.0 10.0 
10.0 10.0 
10.0 10.0 
10.0 10.0 
10.0 10.0 
10.0 10.0 
10.0 10.0 
10.0 10.0 
10.0 10.0 
10.0 10.0 
10.0 10.0 
1.5038386013750686 0.0 2:1.0 
10.0 10.0 
10.0 10.0 
10.0 10.0 
1.5028765980051024 10.0 64:1.0 
10.0 10.0 
10.0 10.0 
10.0 10.0 
1.503884083883796 1.1650197981382386 23:1.0 48:1.0 68:1.0 89:1.0 92:1.0 97:1.0 107:1.0 
10.0 10.0 
10.0 1.165004906743663 2:1.0 
10.0 10.0 
10.0 10.0 
10.0 10.0 
10.0 10.0 
10.0 10.0 
10.0 9.915052294432389 39:1.0 
1.5039078520037388 9.915089914664865 55:1.0 
10.0 10.0 
10.0 10.0 
10.0 10.0 
10.0 9.915052274192005 42:1.0 
10.0 10.0 
10.0 10.0 19:1.0 
1.503818647792255 1.1649668620432267 68:1.0 74:1.0 99:1.0 
10.0 10.0 
10.0 10.0 
-0.0 10.0 76:1.0 
-0.5000113517864265 10.0 41:1.0 
-0.4970327821769212 0.6064051698329445 14:1.0 58:1.0 
-0.4999773057026706 0.0 85:1.0 
-0.49996595623534607 0.0 42:1.0 
-0.49607077801244964 0.6054641378728914 4:1.0 15:1.0 
-0.4960921535199116 0.6054616591322841 5:1.0 
-0.49997730724849476 10.0 10:1.0 
-0.49705526363287406 0.6065868817828848 62:1.0 73:1.0 
-0.0 0.6249574333142819 44:1.0 
-0.49609312593320665 10.0 1:1.0 76:1.0 
-0.0 10.0 34:1.0 74:1.0 95:1.0 
-10.0 0.0 71:1.0 
-0.4999659469604583 0.0 54:1.0 
-0.0 1.0000000020605926 83:1.0 88:1.0 98:1.0 
-0.49707778967318 0.606460097980564 47:1.0 85:1.0 89:1.0 
-10.0 1.000000013397885 85:1.0 
-10.0 0.624960272871831 42:1.0 
-0.4961159147311723 10.0 34:1.0 74:1.0 95:1.0 
-10.0 0.6054644913123775 86:1.0 
-1.000000002061153 0.0 74:1.0 
-10.0 10.0 39:1.0 
-0.0 10.0 37:1.0 
-0.499931902680083 1.0000227020266617 19:1.0 
-0.0 0.7499489250788565 50:1.0 
-10.0 10.0 12:1.0 
-0.0 0.7499318925041017 18:1.0 
-0.0 1.0000227025419735 6:1.0 
-0.4960684811717349 0.6054314241812485 56:1.0 82:1.0 
-0.4960692794359648 0.6064684785057114 11:1.0 27:1.0 
-0.5000000002579423 0.0 3:1.0 
-10.0 0.6054587332074486 2:1.0 
-0.4999773077637598 0.6249914821681537 16:1.0 
-0.0 0.7499432495720308 66:1.0 
-0.0 0.9999773108554674 11:1.0 
-0.0 10.0 24:1.0 
-0.49990920554933416 10.0 76:1.0 
-0.0 1.0000681035035652 84:1.0 
-0.49606821832052483 0.6064048583368773 15:1.0 82:1.0 
-0.4960706026055323 10.0 37:1.0 
-0.49609135555810935 10.0 33:1.0 
-1.000022714909176 0.0 29:1.0 
-0.0 0.6092774667052947 58:1.0 
-10.0 0.0 65:1.0 
-10.0 0.6064051874697143 71:1.0 
-0.49609330427497 0.6064325475072343 8:1.0 28:1.0 32:1.0 38:1.0 57:1.0 78:1.0 80:1.0 90:1.0 93:1.0 94:1.0 96:1.0 100:1.0 101:1.0 103:1.0 104:1.0 105:1.0 106:1.0 108:1.0 110:1.0 
-0.49606954411500676 0.6064959710875377 6:1.0 26:1.0 
-0.4960705196942771 9.855499350130358 18:1.0 
-0.0 0.6249801342456752 72:1.0 
-10.0 10.0 20:1.0 
-0.0 10.0 58:1.0 
-0.0 10.0 67:1.0 
-10.0 10.0 19:1.0 
-0.49607043115686034 0.6064958817516569 6:1.0 76:1.0 
-0.49607327123384704 0.6054312446297728 11:1.0 81:1.0 
-0.49607069644534457 10.0 52:1.0 60:1.0 
-10.0 0.7499716175727111 29:1.0 
-0.0 10.0 83:1.0 88:1.0 98:1.0 
-9.996114759066721 10.0 10:1.0 
-0.49611325954138075 0.6064600140877879 48:1.0 68:1.0 74:1.0 89:1.0 92:1.0 97:1.0 99:1.0 107:1.0 109:1.0 
-0.0 0.6249773066045873 45:1.0 
-0.49606821814138147 0.606405281767754 53:1.0 82:1.0 
-0.4960702515501347 0.6064327842661389 4:1.0 66:1.0 
-10.0 0.0 3:1.0 
-0.4960710476611429 10.0 73:1.0 
-0.0 0.6053850528379335 82:1.0 
-0.496113257685458 0.606460079513076 8:1.0 32:1.0 38:1.0 57:1.0 78:1.0 80:1.0 90:1.0 100:1.0 101:1.0 103:1.0 105:1.0 
-0.0 1.0000454035381279 
-0.0 10.0 
-0.0 10.0 
-0.0 10.0 
-0.0 10.0 
-0.0 10.0 
-0.0 10.0 
-0.0 10.0 
-0.0 10.0 
-0.0 10.0 
-0.49602591805062424 10.0 4:1.0 
-0.0 10.0 
-0.0 10.0 
-0.0 10.0 
-0.0 10.0 
-0.0 10.0 
-0.0 10.0 
-0.0 10.0 
-0.0 10.0 
-0.0 10.0 
-0.4961186672158777 0.6054861308346231 3:1.0 14:1.0 32:1.0 73:1.0 
-0.0 10.0 
-0.0 10.0 
-0.0 10.0 
-0.0 10.0 
-0.0 10.0 
-0.0 10.0 
-0.0 0.6249801334088537 7:1.0 
-0.0 10.0 
-0.0 10.0 
-0.0 10.0 
-0.0 10.0 
-0.0 10.0 
-0.0 10.0 
-0.0 10.0 
-0.0 10.0 
-0.0 10.0 
-0.0 10.0 
-0.0 10.0 
-0.0 10.0 
-0.0 10.0 
-9.99708957574871 10.0 41:1.0 
-0.0 10.0 
-0.0 10.0 
-0.0 10.0 
-0.0 10.0 
-0.0 10.0 
-0.0 10.0 
-0.0 10.0 
-0.4960707827175037 0.6064681713695091 21:1.0 54:1.0 
-0.0 10.0 
-0.0 10.0 
-0.0 10.0 
-0.0 10.0 
-0.0 10.0 66:1.0 
-0.0 10.0 
-0.0 10.0 
-0.0 10.0 
-1.0000000103061542 10.0 67:1.0 
-0.0 10.0 
-0.0 10.0 
-0.0 10.0 
-0.0 10.0 
-0.0 10.0 
-0.0 10.0 
-0.49607025452439074 9.980474249275714 44:1.0 
-9.996107845157123 9.980471234754347 42:1.0 
-0.0 10.0 
-0.0 10.0 
-0.0 10.0 
-0.0 10.0 
-9.99710096905029 0.6064052947564176 3:1.0 
-0.496069368170277 0.6064052991385084 79:1.0 84:1.0 
-0.0 10.0 
-0.0 10.0 
-0.0 10.0 
-0.0 10.0 
-0.0 10.0 
-0.0 10.0 
-0.4970307485744724 0.6064052363955549 18:1.0 79:1.0 
-0.0 10.0 
-0.0 10.0 
-10.0 10.0 19:1.0 
-0.0 10.0 
-0.49604834986850055 9.60646370436803 11:1.0 
-0.4960934824358598 0.60649603565137 24:1.0 71:1.0 
-0.0 10.0 
-0.4999773090519108 10.0 45:1.0 
-0.0 10.0 
-0.0 10.0 
-0.0 10.0 
-0.0 10.0 
-0.0 10.0 
-10.0 0.6064959646592026 69:1.0 
-0.0 10.0 
-0.0 10.0 
-10.0 10.0 16:1.0 
-0.49605135810943346 10.0 26:1.0 
-0.0 10.0 
-0.0 10.0 
-0.0 10.0 
-0.0 10.0 
-0.0 10.0 
-0.0 10.0 
-0.0 10.0 
-0.0 10.0 
-0.0 10.0 
-0.0 10.0 
-0.0 10.0 
-0.0 10.0 
-0.0 10.0 
-0.0 10.0 
-0.0 10.0 
-0.0 10.0 
-0.0 10.0 
-0.0 10.0 
-0.0 10.0 
-0.0 10.0 
-0.0 10.0 
-0.0 10.0 
-0.0 10.0 50:1.0 
-0.0 10.0 
-0.0 10.0 
-0.0 10.0 
-0.0 10.0 
-0.0 10.0 
-0.0 10.0 
-0.0 10.0 
-0.0 10.0 
-0.0 10.0 
-0.0 10.0 
-0.0 10.0 
-0.0 10.0 
-0.0 10.0 
-0.0 10.0 
-0.0 10.0 
-0.0 10.0 
-0.0 10.0 
-0.0 10.0 
-0.0 10.0 
-0.0 10.0 
-0.0 0.6249858098815455 91:1.0 
-0.0 10.0 
-0.0 10.0 
-0.0 10.0 
-0.0 10.0 
-0.49609711069521967 9.996098535377726 58:1.0 
-0.0 10.0 
-1.0000227020267316 10.0 
-0.0 10.0 82:1.0 
-10.0 10.0 
-10.0 10.0 
-10.0 10.0 
-10.0 10.0 
-0.49712154693660404 0.6065868802614337 37:1.0 77:1.0 
-10.0 10.0 
-10.0 10.0 
-10.0 10.0 
-10.0 10.0 
-10.0 10.0 
-10.0 10.0 
-10.0 10.0 
-10.0 10.0 
-10.0 10.0 
-10.0 10.0 
-10.0 10.0 
-10.0 10.0 
-10.0 10.0 
-10.0 10.0 
-0.0 0.999977309309813 53:1.0 
-10.0 10.0 
-10.0 10.0 
-10.0 10.0 
-10.0 10.0 
-10.0 10.0 
-10.0 10.0 
-10.0 10.0 
-10.0 10.0 
-10.0 10.0 
-10.0 10.0 
-10.0 10.0 
-10.0 10.0 
-10.0 10.0 
-10.0 10.0 
-10.0 10.0 
-0.0 0.6249858064038104 23:1.0 
-10.0 10.0 
-10.0 10.0 
-10.0 10.0 
-10.0 10.0 
-10.0 10.0 
-10.0 10.0 
-0.4960730940031481 0.6054362980011567 19:1.0 81:1.0 
-10.0 10.0 
-10.0 10.0 
-10.0 10.0 
-0.0 1.000068103503577 49:1.0 
-0.4960707801204611 0.6064959469451398 52:1.0 
-10.0 10.0 
-0.49703070340422933 0.6064048592958194 49:1.0 54:1.0 
-10.0 10.0 
-10.0 10.0 
-10.0 10.0 
-0.49607379678992664 9.856461920154938 66:1.0 
-9.497123439422273 10.0 67:1.0 
-0.0 0.7500056686800235 43:1.0 
-0.4960482579834958 10.0 35:1.0 
-10.0 10.0 
-10.0 10.0 
-10.0 10.0 
-10.0 10.0 
-10.0 10.0 
-10.0 0.6249801379817747 74:1.0 
-10.0 10.0 
-0.4999546075410878 0.6249716156406053 36:1.0 
-10.0 10.0 
-0.0 10.0 49:1.0 
-10.0 10.0 
-0.49607379891696923 9.856462434254274 43:1.0 
-10.0 10.0 
-9.996114759477333 9.605527615027723 85:1.0 
-10.0 10.0 
-10.0 10.0 
-10.0 10.0 
-10.0 10.0 
-0.4971214165580979 10.0 59:1.0 
-10.0 10.0 
-10.0 10.0 
-10.0 10.0 
-0.0 0.6249829764434212 46:1.0 
-10.0 10.0 
-10.0 10.0 
-10.0 10.0 
-10.0 10.0 
-10.0 10.0 
-10.0 10.0 
-10.0 10.0 
-10.0 10.0 
-10.0 10.0 
-10.0 10.0 
-10.0 10.0 
-10.0 10.0 
-0.4960737974095161 9.606491237280999 53:1.0 
-0.0 1.000022702026661 17:1.0 
-10.0 10.0 
-10.0 10.0 
-0.49609215272660767 0.6054644917830831 83:1.0 
-10.0 10.0 
-10.0 10.0 
-10.0 10.0 
-0.4960481742411074 0.6054042001192045 56:1.0 
-10.0 10.0 
-9.996114581833938 9.980467160054756 16:1.0 
-10.0 10.0 
-10.0 10.0 
-10.0 10.0 
-10.0 10.0 
-0.0 10.0 23:1.0 
-10.0 10.0 
-10.0 10.0 
-9.49710065152973 9.856461125807597 29:1.0 
-10.0 10.0 
-10.0 10.0 
-10.0 10.0 
-10.0 10.0 
-10.0 10.0 
-10.0 10.0 
-10.0 10.0 
-10.0 10.0 
-10.0 10.0 
-10.0 10.0 
-10.0 10.0 
-10.0 10.0 
-0.49609206592947425 0.6064325234168177 20:1.0 42:1.0 
-0.4999773098247849 0.0 51:1.0 
-10.0 10.0 
-0.0 10.0 7:1.0 
-10.0 10.0 
-10.0 10.0 
-10.0 10.0 
-10.0 10.0 
-10.0 10.0 
-10.0 10.0 
-9.996113702642084 9.980486654415289 45:1.0 
-10.0 10.0 
-10.0 10.0 
-10.0 10.0 
-10.0 10.0 
-10.0 0.0 54:1.0 
-10.0 10.0 
-10.0 10.0 
-10.0 10.0 
-10.0 10.0 
-10.0 10.0 
-0.0 10.0 23:1.0 
-10.0 10.0 
-10.0 10.0 
-10.0 10.0 
-10.0 10.0 
-10.0 10.0 
-10.0 10.0 
-10.0 10.0 
-0.4960480885188424 9.605443916935025 6:1.0 
-10.0 10.0 
-10.0 10.0 
-10.0 10.0 
-10.0 10.0 
-10.0 10.0 
-10.0 10.0 
-10.0 10.0 
-10.0 10.0 
-10.0 10.0 
-10.0 10.0 
-10.0 10.0 
-10.0 10.0 
-10.0 10.0 
-10.0 10.0 
-0.4960729977741725 0.6064052354705303 19:1.0 79:1.0 
-10.0 10.0 
-10.0 10.0 
-10.0 10.0 
-10.0 10.0 
-10.0 10.0 
-10.0 10.0 
-10.0 10.0 
-10.0 10.0 
-10.0 10.0 
-10.0 10.0 
-10.0 10.0 
-10.0 10.0 
-0.49997731085546704 0.0 31:1.0 
-0.49703265260255025 0.6054999620253046 27:1.0 
-10.0 10.0 
-10.0 10.0 
-10.0 10.0 
-10.0 10.0 
-10.0 10.0 
-10.0 10.0 
-10.0 10.0 
-10.0 10.0 
-10.0 10.0 
-10.0 10.0 
-10.0 10.0 
-10.0 10.0 
-0.496070343442955 0.6064960139246516 26:1.0 81:1.0 
-10.0 10.0 
-10.0 10.0 
-10.0 10.0 
-10.0 10.0 
-10.0 10.0 
-10.0 10.0 
-10.0 10.0 
-10.0 10.0 
-10.0 10.0 
-10.0 10.0 
-10.0 10.0 
-10.0 10.0 
-10.0 10.0 
-10.0 10.0 
-10.0 10.0 
-10.0 10.0 
-10.0 10.0 
-10.0 10.0 
-1.0000000113368945 10.0 23:1.0 
-10.0 10.0 
-10.0 10.0 
-10.0 10.0 
-10.0 10.0 
-10.0 10.0 
-10.0 10.0 
-10.0 10.0 
-10.0 10.0 
-10.0 10.0 
-10.0 10.0 
-10.0 10.0 
-10.0 10.0 
-10.0 10.0 
-10.0 10.0 
-10.0 10.0 
-10.0 10.0 
-10.0 10.0 
-10.0 0.6249773024184699 31:1.0 
-10.0 10.0 
-10.0 10.0 
-10.0 10.0 
-10.0 10.0 
-0.49712148193491507 0.6054587291188357 70:1.0 
-10.0 10.0 
-10.0 10.0 
-10.0 10.0 
-0.4961146735296209 9.606460251727398 83:1.0 88:1.0 98:1.0 
-0.4960683028751625 0.6054310679041707 58:1.0 82:1.0 
-10.0 10.0 
-10.0 10.0 
-10.0 10.0 
-10.0 10.0 
-10.0 10.0 
-10.0 10.0 
-0.0 10.0 72:1.0 
-0.49604843556074096 0.6065672391248073 14:1.0 
-0.49607379797148576 10.0 24:1.0 
-10.0 10.0 
-0.4960921532863044 0.6054644913123209 32:1.0 
-10.0 10.0 
-10.0 10.0 
-10.0 10.0 
-10.0 10.0 
-10.0 10.0 
-10.0 10.0 
-0.49611866733067944 0.6054862191503068 38:1.0 78:1.0 80:1.0 90:1.0 100:1.0 
-0.49607096197870204 9.606445447996764 17:1.0 
-0.49607379891947107 0.6064052795662681 21:1.0 
-0.4960704306496132 0.6064048381545901 43:1.0 56:1.0 
-0.4960732706058956 0.6064959910209994 35:1.0 44:1.0 
-10.0 10.0 
-10.0 10.0 
-10.0 10.0 
-9.996113515577438 9.980481784218082 31:1.0 
-10.0 10.0 
-10.0 10.0 
-10.0 0.606495880240896 47:1.0 
-10.0 10.0 
-0.4960706030947311 0.6064957035944863 14:1.0 35:1.0 
-10.0 10.0 
-10.0 10.0 
-10.0 10.0 
-10.0 10.0 
-0.4960737976185157 9.60548959031297 84:1.0 
-10.0 10.0 
-10.0 10.0 
-10.0 10.0 
-10.0 10.0 
-0.0 0.6249801430053779 63:1.0 
-10.0 10.0 
-10.0 10.0 
-10.0 10.0 
-10.0 10.0 
-10.0 10.0 
-10.0 10.0 
-10.0 10.0 
-10.0 10.0 
-10.0 10.0 
-10.0 10.0 
-10.0 10.0 
-0.4960907400156804 9.980481526266423 7:1.0 
-10.0 10.0 
-9.997044077064873 0.6063776825408721 54:1.0 
-10.0 10.0 
-9.996115823670987 9.981433663352325 36:1.0 
-10.0 10.0 
-10.0 10.0 
-10.0 10.0 
-10.0 10.0 
-10.0 10.0 
-0.4971215428971545 0.6064960357780307 58:1.0 87:1.0 
-10.0 10.0 
-10.0 10.0 
-10.0 10.0 
-10.0 10.0 
-10.0 10.0 
-10.0 10.0 
-10.0 10.0 
-10.0 10.0 
-10.0 10.0 
-10.0 10.0 
-10.0 10.0 
-10.0 10.0 
-10.0 10.0 
-10.0 10.0 
-10.0 10.0 
-10.0 10.0 
-10.0 10.0 
-10.0 10.0 
-10.0 10.0 
-10.0 10.0 
-10.0 10.0 
-10.0 10.0 
-9.996116447364157 9.606418249742752 19:1.0 
-10.0 10.0 
-10.0 10.0 
-10.0 10.0 
-10.0 10.0 
-10.0 10.0 
-10.0 10.0 
-10.0 10.0 
-10.0 10.0 
-10.0 10.0 23:1.0 
-10.0 10.0 
-10.0 10.0 
-10.0 10.0 
-10.0 10.0 
-10.0 10.0 
-10.0 10.0 
-10.0 10.0 
-10.0 10.0 
-10.0 10.0 
-10.0 10.0 
-10.0 10.0 
-10.0 10.0 
-10.0 10.0 
-10.0 10.0 
-10.0 10.0 
-10.0 10.0 
-0.49605135966735836 0.6063776353919446 15:1.0 
-10.0 10.0 
-9.496090739880778 9.981452629328407 74:1.0 
-10.0 10.0 
-0.0 10.0 82:1.0 
-10.0 10.0 
-10.0 10.0 
-10.0 10.0 
-0.4970544766644693 0.6054585566947565 17:1.0 20:1.0 81:1.0 
-10.0 10.0 
-10.0 10.0 
-10.0 10.0 
-10.0 10.0 
-10.0 10.0 
-10.0 10.0 
-10.0 10.0 
-0.49607309206839784 0.605458374931527 4:1.0 36:1.0 
-10.0 10.0 
-10.0 10.0 
-10.0 10.0 
-10.0 10.0 
-10.0 10.0 
-10.0 10.0 
-10.0 10.0 
-10.0 10.0 
-10.0 10.0 
-10.0 10.0 
-10.0 10.0 
-10.0 10.0 
-10.0 10.0 
-10.0 10.0 
-10.0 10.0 
-10.0 10.0 
-10.0 10.0 
-0.49609632105980594 9.980481516126906 63:1.0 
-10.0 10.0 
-0.49609109178657107 9.980478683488213 91:1.0 
-10.0 10.0 
-10.0 10.0 
-10.0 10.0 
-10.0 10.0 
-10.0 10.0 
-0.4970081386583997 0.6063776399666977 17:1.0 81:1.0 
-10.0 10.0 
-10.0 10.0 
-0.0 0.6063223289119666 81:1.0 
-0.4970318236688557 0.6054588181088452 60:1.0 
-10.0 10.0 
-10.0 10.0 
-10.0 10.0 
-10.0 10.0 
-10.0 10.0 
-10.0 10.0 
-10.0 10.0 
-10.0 10.0 
-10.0 0.6249602670750375 65:1.0 
-10.0 10.0 
-10.0 10.0 
-10.0 10.0 
-10.0 10.0 
-10.0 10.0 
-10.0 10.0 
-10.0 10.0 
-0.49613888871954565 9.606463357136585 49:1.0 
-10.0 10.0 
-10.0 10.0 
-0.49602591168846083 0.6063501091026975 79:1.0 
-10.0 10.0 
-10.0 10.0 
-10.0 10.0 
-10.0 10.0 
-10.0 10.0 
-10.0 10.0 
-10.0 10.0 
-10.0 10.0 
-10.0 10.0 
-10.0 10.0 
-10.0 10.0 
-10.0 10.0 
-10.0 10.0 
-0.4960963212729035 10.0 9:1.0 
-0.49609614242229755 9.980478596087464 72:1.0 
-10.0 10.0 
-10.0 10.0 
-10.0 10.0 
-0.4959787438604626 10.0 82:1.0 
-10.0 10.0 
-0.4961186640192639 0.6064602106764777 8:1.0 28:1.0 32:1.0 38:1.0 78:1.0 80:1.0 90:1.0 93:1.0 94:1.0 96:1.0 100:1.0 101:1.0 104:1.0 106:1.0 108:1.0 110:1.0 
-10.0 10.0 
-10.0 10.0 
-10.0 10.0 
-10.0 10.0 
-10.0 10.0 
-10.0 10.0 
-10.0 10.0 
-10.0 10.0 
-10.0 10.0 
-10.0 10.0 
-10.0 10.0 
-10.0 10.0 
-10.0 10.0 
-10.0 10.0 
-10.0 10.0 
-10.0 10.0 
-9.996116621393888 10.0 76:1.0 
-10.0 9.981445011151441 65:1.0 
-10.0 10.0 
-10.0 10.0 
-0.4960961442801935 9.9804759312332 46:1.0 
-10.0 10.0 
-0.4961183960664245 10.0 40:1.0 61:1.0 102:1.0 
-10.0 10.0 
-10.0 10.0 
-10.0 10.0 
-10.0 10.0 
-10.0 10.0 
-10.0 10.0 
-10.0 10.0 
-10.0 10.0 
-10.0 10.0 
-10.0 10.0 
-10.0 10.0 
-10.0 10.0 
-10.0 10.0 
-0.4960961441654637 9.856483553376806 50:1.0 
-10.0 10.0 
-10.0 10.0 
-10.0 10.0 
-10.0 10.0 
-10.0 10.0 
-10.0 10.0 
-10.0 10.0 
-9.996113781961785 0.6054584642072426 51:1.0 
-9.496160244635835 9.98144693792402 23:1.0 
-10.0 10.0 
-10.0 10.0 
-10.0 10.0 
-10.0 10.0 
-10.0 10.0 
-10.0 10.0 
-10.0 10.0 
-10.0 10.0 
-10.0 10.0 
-0.4960953452940483 0.6065868159103599 62:1.0 76:1.0 
-10.0 10.0 
-0.49703063835035216 0.6055219561042569 3:1.0 41:1.0 
-10.0 10.0 
-10.0 10.0 
-10.0 10.0 
-0.4969650007647531 10.0 81:1.0 
-0.49609330711364763 0.606432767573793 8:1.0 28:1.0 32:1.0 38:1.0 57:1.0 78:1.0 80:1.0 93:1.0 94:1.0 96:1.0 100:1.0 101:1.0 103:1.0 104:1.0 105:1.0 106:1.0 108:1.0 110:1.0 
-0.49616441992566646 0.6054309796373006 65:1.0 82:1.0 
-10.0 10.0 
-10.0 10.0 
-10.0 10.0 
-10.0 10.0 
-10.0 10.0 
-9.496862030469815 9.605336481322302 
-0.0 -10.0 
-0.0 -10.0 
-0.0 -10.0 
-0.0 -10.0 
-10.0 -1.3945410953932655 25:1.0 
-0.0 -10.0 
-0.0 -10.0 
-0.0 -1.5000567491406203 24:1.0 
-0.0 -10.0 
-0.0 -10.0 
-0.0 -10.0 
-0.0 -10.0 
-0.0 -10.0 
-0.0 -10.0 
-0.0 -10.0 
-0.0 -10.0 
-10.0 -1.394505194578278 77:1.0 
-0.0 -10.0 
-0.0 -10.0 
-0.0 -10.0 
-0.0 -10.0 
-0.0 -10.0 
-0.0 -10.0 
-10.0 -0.0 30:1.0 
-0.0 -10.0 
-0.02244774470156847 -10.0 66:1.0 
-0.0 -10.0 
-0.0 -10.0 
-0.0 -10.0 
-0.0 -10.0 
-0.0 -10.0 
-0.0 -10.0 
-0.0 -10.0 
-0.0 -10.0 
-0.8749772960418122 -10.0 10:1.0 
-0.0 -10.0 
-0.0 -10.0 
-0.0 -10.0 
-0.0 -10.0 
-0.0 -10.0 
-0.8349423175288722 -10.0 91:1.0 
-0.8349423397914661 -1.393595215113996 17:1.0 19:1.0 
-0.0 -10.0 
-0.022444581486817376 -0.0 1:1.0 
-0.0 -10.0 
-0.0 -10.0 
-0.0 -10.0 
-0.0 -10.0 
-0.022438410159512975 -0.0 9:1.0 
-0.0 -10.0 
-0.8349424048771903 -10.0 45:1.0 
-0.0 -10.0 
-0.0 -10.0 
-0.0 -10.0 
-0.0 -10.0 
-0.8351358245612399 -1.3935041731702935 64:1.0 69:1.0 
-0.0 -10.0 
-0.0 -10.0 
-0.0 -10.0 
-0.0 -10.0 
-0.0 -10.0 
-0.0 -10.0 
-0.0 -10.0 
-0.0 -10.0 
-0.0 -10.0 
-0.0 -10.0 
-0.0 -10.0 
-0.0 -10.0 
-0.0 -10.0 
-9.959962469906333 -10.0 10:1.0 
-0.0 -10.0 
-0.0 -10.0 
-0.0 -10.0 
-0.0 -10.0 
-0.0 -10.0 
-0.0 -10.0 
-0.0 -10.0 
-0.0 -10.0 
-0.8349418528196985 -10.0 46:1.0 
-0.0 -10.0 
-0.0 -10.0 
-0.0 -10.0 
-0.0 -10.0 
-0.0 -10.0 
-0.0 -10.0 58:1.0 
-0.0 -10.0 
-0.0 -10.0 
-0.0 -10.0 
-0.0 -10.0 
-0.0 -10.0 49:1.0 
-0.0 -10.0 
-10.0 -10.0 12:1.0 
-0.0 -10.0 
-0.0 -10.0 
-0.0 -10.0 
-0.0 -10.0 
-0.0 -10.0 
-0.0 -10.0 
-0.8349420073909772 -1.394478138860298 11:1.0 27:1.0 33:1.0 
-0.0 -10.0 
-0.0 -10.0 
-0.0 -10.0 
-0.0 -10.0 
-0.8349397438962803 -10.0 4:1.0 
-0.0 -10.0 
-0.0 -10.0 
-0.0 -10.0 
-0.0 -10.0 
-0.0 -10.0 
-0.0 -10.0 
-0.8349797602088928 -1.3945415415113216 11:1.0 21:1.0 54:1.0 
-0.0 -10.0 
-0.0 -10.0 
-0.0 -10.0 
-0.0 -10.0 
-0.0 -1.5000794563204467 76:1.0 
-0.8349921285387206 -10.0 58:1.0 
-0.08493633660777228 -0.0 73:1.0 
-0.0 -10.0 
-0.0 -10.0 
-10.0 -10.0 16:1.0 
-0.0 -10.0 
-0.0 -10.0 
-0.0 -10.0 
-0.0 -10.0 
-0.0 -10.0 
-0.0 -10.0 
-0.02245111997836604 -1.5000454035380808 41:1.0 
-0.0 -10.0 
-0.0 -10.0 
-0.0 -10.0 
-0.0 -10.0 
-0.0 -10.0 
-0.8349168479311603 -10.0 49:1.0 
-0.0 -10.0 
-0.0 -10.0 
-0.0 -10.0 
-0.0 -10.0 
-0.8349952583035558 -1.3935043477834028 43:1.0 64:1.0 
-0.0 -10.0 
-0.0 -10.0 
-10.0 -10.0 65:1.0 
-0.0 -10.0 
-0.0 -10.0 
-0.8349036545638542 -10.0 43:1.0 
-0.0 -10.0 
-0.08491909636593088 -0.0 40:1.0 61:1.0 102:1.0 
-9.719717282761771E-4 -10.0 76:1.0 
-0.0 -10.0 
-0.0 -10.0 
-0.0 -10.0 
-0.0 -10.0 
-0.08492274809346391 -10.0 72:1.0 
-0.0 -10.0 
-0.0 -10.0 
-0.0 -10.0 
-0.0 -10.0 
-1.0937152477870156 -10.0 
-10.0 -10.0 
-10.0 -10.0 
-0.0068303057715762006 -10.0 50:1.0 
-10.0 -10.0 
-10.0 -10.0 
-10.0 -10.0 
-10.0 -10.0 
-10.0 -10.0 
-0.8349018591803595 -10.0 33:1.0 
-10.0 -10.0 
-10.0 -10.0 
-0.08494041286438352 -10.0 34:1.0 74:1.0 95:1.0 
-10.0 -10.0 
-0.0 -10.0 23:1.0 
-10.0 -10.0 
-10.0 -10.0 
-10.0 -10.0 
-10.0 -10.0 
-0.8349418307655391 -10.0 44:1.0 
-10.0 -10.0 
-0.8349947260331211 -1.3945963510175636 62:1.0 
-10.0 -1.3935040172846629 55:1.0 
-10.0 -10.0 
-10.0 -10.0 
-10.0 -10.0 
-0.08490961807612307 -10.0 23:1.0 
-10.0 -10.0 
-10.0 -10.0 
-10.0 -10.0 
-10.0 -10.0 
-10.0 -10.0 
-0.022450367091516574 -1.5000680890749347 26:1.0 
-10.0 -10.0 
-10.0 -10.0 
-10.0 -10.0 
-10.0 -10.0 
-10.0 -10.0 
-10.0 -10.0 
-10.0 -10.0 
-0.08493227290872499 -10.0 83:1.0 88:1.0 98:1.0 
-0.8349949916541254 -1.393504148519572 49:1.0 55:1.0 
-0.02245078410472023 -10.0 24:1.0 
-10.0 -10.0 
-10.0 -10.0 
-0.8349417857918069 -10.0 81:1.0 
-10.0 -10.0 
-0.022446506992946456 -1.5000113533321167 67:1.0 
-10.0 -10.0 
-10.0 -10.0 
-0.022449260185161857 -1.5000340520093047 37:1.0 
-10.0 -10.0 
-10.0 -10.0 
-10.0 -10.0 
-10.0 -10.0 
-10.0 -0.0 22:1.0 
-9.991216577200882 -10.0 
-0.8349041514934238 -1.3935947275479224 82:1.0 84:1.0 
-10.0 -10.0 
-10.0 -10.0 
-10.0 -10.0 
-10.0 -10.0 
-10.0 -10.0 
-10.0 -10.0 
-10.0 -10.0 
-10.0 -10.0 
-10.0 -10.0 
-10.0 -10.0 
-10.0 -10.0 
-10.0 -10.0 
-10.0 -10.0 
-10.0 -10.0 
-10.0 -10.0 
-10.0 -10.0 
-10.0 -10.0 
-10.0 -10.0 85:1.0 
-10.0 -10.0 
-10.0 -10.0 
-10.0 -10.0 
-10.0 -10.0 
-0.8281118820329658 -10.0 50:1.0 
-0.8349043652073692 -10.0 53:1.0 
-10.0 -10.0 
-10.0 -10.0 
-10.0 -10.0 
-10.0 -10.0 
-10.0 -10.0 
-10.0 -10.0 
-10.0 -10.0 
-10.0 -10.0 
-10.0 -10.0 
-0.8349038824611484 -1.3935947080293056 49:1.0 84:1.0 
-10.0 -10.0 
-10.0 -10.0 
-10.0 -10.0 
-10.0 -10.0 
-10.0 -10.0 
-0.8349418551320962 -1.3935040151292775 11:1.0 77:1.0 
-0.0 -10.0 67:1.0 
-10.0 -10.0 
-0.8339293586612521 -10.0 76:1.0 
-10.0 -10.0 
-10.0 -10.0 
-10.0 -10.0 
-10.0 -10.0 
-10.0 -10.0 
-10.0 -10.0 
-10.0 -10.0 
-10.0 -10.0 
-10.0 -10.0 
-10.0 -10.0 
-10.0 -10.0 
-10.0 -10.0 
-10.0 -10.0 
-10.0 -10.0 
-10.0 -10.0 
-10.0 -10.0 
-10.0 -10.0 
-10.0 -10.0 
-10.0 -10.0 
-10.0 -10.0 
-10.0 -10.0 
-10.0 -10.0 
-10.0 -10.0 
-10.0 -10.0 
-10.0 -10.0 
-10.0 -10.0 
-10.0 -10.0 
-0.08491854273341272 -10.0 82:1.0 
-10.0 -10.0 
-10.0 -10.0 
-10.0 -10.0 
-10.0 -10.0 
-10.0 -10.0 
-10.0 -10.0 
-0.8349421416849492 -10.0 18:1.0 
-10.0 -10.0 
-10.0 -10.0 
-10.0 -10.0 
-0.0 -10.0 82:1.0 
-10.0 -10.0 
-10.0 -10.0 
-10.0 -10.0 
-10.0 -10.0 
-10.0 -10.0 
-10.0 -10.0 
-10.0 -10.0 
-10.0 -10.0 
-10.0 -10.0 
-10.0 -10.0 
-10.0 -1.3945025229640602 87:1.0 
-10.0 -10.0 36:1.0 
-0.8124914915706115 -9.893538310332403 24:1.0 
-10.0 -10.0 
-0.9375425728064134 -10.0 67:1.0 
-0.8349422333899619 -1.3944504728664235 27:1.0 40:1.0 61:1.0 102:1.0 
-10.0 -10.0 
-10.0 -10.0 
-10.0 -10.0 
-10.0 -10.0 
-10.0 -10.0 
-10.0 -10.0 
-10.0 -10.0 
-0.8124914859031056 -9.893554216672444 26:1.0 
-10.0 -10.0 
-10.0 -10.0 
-10.0 -10.0 
-10.0 -10.0 
-10.0 -10.0 
-10.0 -10.0 
-10.0 -10.0 
-10.0 -10.0 
-0.8124219700620926 -1.394478145417893 1:1.0 
-10.0 -10.0 
-0.8349044571774457 -10.0 1:1.0 76:1.0 
-10.0 -10.0 
-10.0 -10.0 
-10.0 -10.0 
-10.0 -10.0 
-10.0 -10.0 
-10.0 -10.0 
-10.0 -10.0 
-10.0 -10.0 
-10.0 -10.0 
-10.0 -10.0 
-10.0 -10.0 
-10.0 -10.0 
-0.08493407193368428 -1.5000794540014146 35:1.0 
-10.0 -10.0 
-10.0 -10.0 
-0.7500397263559038 -10.0 34:1.0 74:1.0 95:1.0 
-10.0 -10.0 
-10.0 -10.0 
-10.0 -10.0 
-10.0 -10.0 
-10.0 -1.3934407957727142 64:1.0 
-0.7500453988987777 -10.0 83:1.0 88:1.0 98:1.0 
-10.0 -10.0 
-10.0 -10.0 
-10.0 -10.0 
-10.0 -10.0 
-10.0 -10.0 
-10.0 -10.0 
-10.0 -10.0 
-1.0000227246996098 -10.0 23:1.0 
-0.8349801452506447 -1.3935397430342613 2:1.0 75:1.0 87:1.0 
-10.0 -10.0 
-10.0 -10.0 
-10.0 -10.0 
-10.0 -10.0 
-0.8349045011868894 -1.3935039935519784 27:1.0 33:1.0 
-10.0 -10.0 
-0.834995124894541 -1.3944781397622679 53:1.0 87:1.0 
-0.9375241117583397 -10.0 41:1.0 
-10.0 -10.0 
-10.0 -9.893542922532564 76:1.0 
-10.0 -10.0 
-10.0 -10.0 
-10.0 -10.0 
-10.0 -10.0 
-10.0 -10.0 
-10.0 -10.0 
-10.0 -10.0 
-10.0 -10.0 
-10.0 -10.0 
-10.0 -10.0 74:1.0 
-0.8349394341886054 -10.0 63:1.0 
-10.0 -10.0 
-10.0 -10.0 
-10.0 -10.0 
-10.0 -10.0 
-10.0 -10.0 
-10.0 -10.0 
-10.0 -10.0 
-10.0 -10.0 
-10.0 -10.0 
-10.0 -10.0 
-10.0 -10.0 
-0.8349923074655058 -1.393594727758257 6:1.0 47:1.0 
-10.0 -10.0 
-10.0 -10.0 
-0.08493842516045418 -0.0 1:1.0 13:1.0 
-10.0 -10.0 
-0.006827495161383784 -10.0 7:1.0 
-0.8349796231759739 -10.0 52:1.0 60:1.0 
-10.0 -10.0 
-10.0 -10.0 
-10.0 -10.0 
-10.0 -10.0 
-10.0 -10.0 
-10.0 -10.0 
-10.0 -10.0 
-0.022450067453145203 -0.0 59:1.0 
-10.0 -10.0 
-10.0 -10.0 
-10.0 -10.0 
-10.0 -10.0 
-10.0 -10.0 
-10.0 -10.0 
-0.8349422293331861 -1.3935040186263203 9:1.0 14:1.0 
-10.0 -10.0 
-0.0 -1.4062195064409213 59:1.0 
-10.0 -10.0 
-10.0 -10.0 
-10.0 -10.0 
-10.0 -10.0 
-10.0 -10.0 
-10.0 -10.0 
-10.0 -10.0 
-10.0 -10.0 16:1.0 
-10.0 -10.0 
-10.0 -10.0 
-10.0 -10.0 
-10.0 -10.0 
-10.0 -10.0 
-10.0 -10.0 23:1.0 
-10.0 -10.0 
-10.0 -10.0 
-10.0 -10.0 
-10.0 -10.0 
-10.0 -10.0 
-10.0 -10.0 
-10.0 -10.0 39:1.0 
-10.0 -10.0 
-10.0 -10.0 
-10.0 -10.0 
-10.0 -10.0 
-10.0 -10.0 
-10.0 -10.0 
-10.0 -10.0 
-10.0 -10.0 
-10.0 -10.0 
-10.0 -10.0 
-10.0 -10.0 
-0.0 -10.0 37:1.0 
-10.0 -10.0 
-10.0 -10.0 
-10.0 -10.0 
-10.0 -10.0 
-10.0 -10.0 19:1.0 
-10.0 -10.0 
-0.8338915885174335 -10.0 84:1.0 
-10.0 -10.0 
-0.0 -1.3944510922422497 40:1.0 61:1.0 102:1.0 
-10.0 -10.0 
-10.0 -10.0 
-10.0 -10.0 
-0.7500226894015802 -9.999025344463218 40:1.0 61:1.0 102:1.0 
-10.0 -10.0 
-9.750062406225926 -10.0 23:1.0 
-10.0 -10.0 
-10.0 -10.0 
-10.0 -10.0 
-10.0 -10.0 
-10.0 -10.0 
-10.0 -10.0 
-10.0 -10.0 
-10.0 -10.0 
-10.0 -10.0 
-10.0 -10.0 
-10.0 -10.0 
-10.0 -10.0 
-10.0 -10.0 
-10.0 -10.0 
-10.0 -10.0 
-10.0 -10.0 
-10.0 -10.0 
-10.0 -10.0 
-0.8124914911844936 -10.0 66:1.0 
-10.0 -10.0 
-10.0 -10.0 
-0.0 -1.3983662196924935 9:1.0 
-10.0 -10.0 
-10.0 -10.0 
-10.0 -10.0 
-0.8124929014952371 -9.89356074709712 37:1.0 
-10.0 -10.0 
-10.0 -10.0 42:1.0 
-10.0 -10.0 
-0.8125425717107172 -9.988316004650306 59:1.0 
-10.0 -10.0 
-10.0 -10.0 
-10.0 -10.0 
-0.8349038983854752 -10.0 11:1.0 
-10.0 -1.393567239469728 22:1.0 
-10.0 -10.0 
-10.0 -10.0 
-10.0 -10.0 
-10.0 -10.0 
-10.0 -10.0 
-0.7499829648514551 -10.0 82:1.0 
-0.0 -1.500034054586009 73:1.0 
-10.0 -1.394513694647464 34:1.0 48:1.0 68:1.0 74:1.0 89:1.0 92:1.0 95:1.0 97:1.0 99:1.0 107:1.0 109:1.0 
-10.0 -10.0 
-0.8349797531264133 -1.3935951940918758 14:1.0 52:1.0 
-10.0 -10.0 
-10.0 -10.0 
-10.0 -10.0 
-10.0 -10.0 
-10.0 -10.0 
-10.0 -10.0 29:1.0 
-10.0 -10.0 
-10.0 -10.0 
-10.0 -10.0 
-10.0 -10.0 
-10.0 -10.0 
-10.0 -10.0 
-10.0 -10.0 
-10.0 -10.0 
-10.0 -10.0 
-10.0 -10.0 
-10.0 -10.0 
-10.0 -10.0 
-10.0 -10.0 
-10.0 -10.0 
-10.0 -10.0 
-10.0 -10.0 
-10.0 -10.0 
-10.0 -10.0 45:1.0 
-10.0 -10.0 
-10.0 -10.0 
-10.0 -10.0 
-10.0 -10.0 
-10.0 -10.0 
-10.0 -10.0 
-10.0 -10.0 
-0.7500056720291521 -9.893542851537985 35:1.0 
-10.0 -10.0 
-10.0 -10.0 
-10.0 -10.0 
-10.0 -10.0 
-10.0 -10.0 
-10.0 -10.0 
-0.8124631177095181 -9.996106158878348 9:1.0 
-10.0 -10.0 
-10.0 -10.0 
-10.0 -10.0 
-10.0 -10.0 
-10.0 -10.0 
-10.0 -10.0 
-10.0 -1.3945411860134624 90:1.0 
-10.0 -10.0 
-10.0 -10.0 
-0.7500056725443062 -9.893560744634597 73:1.0 
-10.0 -10.0 
-10.0 -10.0 
-10.0 -10.0 
-10.0 -10.0 
-10.0 -10.0 
-10.0 -10.0 
-9.875005667777119 -9.893556060443418 67:1.0 
-10.0 -10.0 
-10.0 -10.0 
-10.0 -10.0 
-10.0 -10.0 
-10.0 -10.0 
-10.0 -10.0 
-10.0 -10.0 
-10.0 -10.0 
-10.0 -10.0 
-0.7500169958693726 -10.0 72:1.0 
-10.0 -10.0 
-10.0 -10.0 31:1.0 
-10.0 -10.0 
-0.8350330469383687 -1.3935948388597454 14:1.0 85:1.0 
-10.0 -10.0 
-10.0 -10.0 
-10.0 -10.0 
-10.0 -10.0 
-10.0 -10.0 
-10.0 -10.0 
-10.0 -10.0 19:1.0 
-10.0 -10.0 
-10.0 -10.0 
-10.0 -10.0 
-10.0 -1.3935673916699356 30:1.0 
-10.0 -10.0 
-0.75005674643485 -1.3934767481433956 1:1.0 13:1.0 
-10.0 -10.0 
-10.0 -10.0 
-10.0 -10.0 
-10.0 -10.0 19:1.0 
-10.0 -10.0 
-10.0 -10.0 
-10.0 -10.0 
-10.0 -10.0 
-10.0 -10.0 
-10.0 -10.0 
-10.0 -10.0 
-10.0 -10.0 
-10.0 -10.0 
-0.8349037675918521 -10.0 6:1.0 
-10.0 -10.0 
-10.0 -10.0 
-10.0 -10.0 
-10.0 -10.0 
-10.0 -10.0 
-10.0 -10.0 
-10.0 -10.0 
-10.0 -10.0 
-10.0 -10.0 
-0.828114357112907 -10.0 7:1.0 
-10.0 -10.0 
-10.0 -10.0 
-10.0 -10.0 
-10.0 -10.0 
-10.0 -10.0 
-10.0 -10.0 
-10.0 -10.0 
-10.0 -10.0 
-10.0 -10.0 
-10.0 -10.0 
-10.0 -10.0 
-10.0 -10.0 
-10.0 -10.0 
-10.0 -10.0 
-10.0 -10.0 
-10.0 -10.0 20:1.0 
-10.0 -10.0 
-10.0 -10.0 
-10.0 -10.0 
-10.0 -10.0 
-10.0 -10.0 
-0.8349039892276443 -10.0 17:1.0 
-10.0 -10.0 
-10.0 -10.0 
-10.0 -10.0 
-10.0 -10.0 
-10.0 -10.0 
-10.0 -10.0 
-10.0 -10.0 
-10.0 -10.0 
-10.0 -10.0 
-10.0 -10.0 
-10.0 -10.0 
-10.0 -10.0 
-10.0 -10.0 
-10.0 -10.0 
-10.0 -10.0 
-10.0 -10.0 
-10.0 -10.0 
-10.0 -10.0 
-10.0 -10.0 
-10.0 -10.0 
-10.0 -10.0 
-10.0 -10.0 
-10.0 -10.0 
-9.875019867494018 -9.894523360596285 41:1.0 
-10.0 -10.0 
-10.0 -10.0 
-10.0 -10.0 
-10.0 -10.0 
-10.0 -10.0 
-10.0 -10.0 
-9.750005705641906 -10.0 
