svm_type c_svc
kernel_type rbf
gamma 10.0
nr_class 3
total_sv 1914
rho 0.5999648489471627 0.23606447153737062 -0.5048387263702399
label 2 0 1
nr_sv 511 728 675
SV
1.0 1.0 
1.0 1.0 
1.0 1.0 
0.6249744639561017 0.24996595288642126 68:1.0 74:1.0 86:1.0 89:1.0 97:1.0 99:1.0 109:1.0 
1.0 1.0 
1.0 1.0 2:1.0 41:1.0 
1.0 1.0 
1.0 1.0 
1.0 1.0 
1.0 1.0 
1.0 1.0 
1.0 1.0 
1.0 1.0 
1.0 1.0 
1.0 1.0 
1.0 1.0 42:1.0 64:1.0 69:1.0 
1.0 1.0 
1.0 1.0 
1.0 1.0 
1.0 1.0 
1.0 1.0 
1.0 1.0 
1.0 1.0 31:1.0 
1.0 1.0 
1.0 1.0 
1.0 1.0 
1.0 1.0 
1.0 1.0 
1.0 1.0 
1.0 1.0 
1.0 1.0 
1.0 1.0 
1.0 1.0 
1.0 1.0 
1.0 1.0 
1.0 1.0 
1.0 1.0 
1.0 1.0 
1.0 1.0 
1.0 1.0 
0.6014667372265027 1.0 25:1.0 
1.0 1.0 
0.9746136280923293 0.9863328235027369 68:1.0 74:1.0 86:1.0 89:1.0 97:1.0 99:1.0 109:1.0 
1.0 1.0 
1.0 1.0 
1.0 1.0 
1.0 1.0 
1.0 1.0 
1.0 1.0 
1.0 1.0 
1.0 1.0 
1.0 1.0 
1.0 1.0 
1.0 1.0 
1.0 1.0 
1.0 1.0 51:1.0 
1.0 1.0 
1.0 1.0 
1.0 1.0 
1.0 1.0 29:1.0 
1.0 1.0 
1.0 1.0 
1.0 1.0 
1.0 1.0 
1.0 1.0 16:1.0 
1.0 1.0 41:1.0 
1.0 1.0 
1.0 1.0 
0.6249744647935813 1.0 34:1.0 48:1.0 68:1.0 74:1.0 89:1.0 92:1.0 95:1.0 97:1.0 99:1.0 107:1.0 109:1.0 
1.0 1.0 12:1.0 86:1.0 
1.0 1.0 
1.0 1.0 
1.0 1.0 
1.0 1.0 12:1.0 
1.0 1.0 
1.0 1.0 10:1.0 
1.0 1.0 
1.0 1.0 
1.0 1.0 
1.0 1.0 
1.0 1.0 
1.0 1.0 
1.0 1.0 
1.0 1.0 
1.0 1.0 
1.0 1.0 
1.0 1.0 
1.0 1.0 
1.0 1.0 13:1.0 64:1.0 
0.6249914889942878 0.49999999793840194 75:1.0 
0.9746135432704047 1.0 34:1.0 48:1.0 68:1.0 74:1.0 89:1.0 92:1.0 95:1.0 97:1.0 99:1.0 107:1.0 109:1.0 
1.0 1.0 
0.9755826125553706 0.7353627623672088 75:1.0 
1.0 1.0 
1.0 1.0 
1.0 0.5000227020265907 47:1.0 
1.0 1.0 
1.0 1.0 
1.0 1.0 
1.0 1.0 
1.0 1.0 
0.6249375834043737 0.5000000025761144 13:1.0 
1.0 1.0 
1.0 1.0 
1.0 1.0 
1.0 1.0 29:1.0 
1.0 1.0 
1.0 1.0 
1.0 1.0 
1.0 1.0 
1.0 1.0 
1.0 1.0 
1.0 1.0 
1.0 0.49998864641006363 54:1.0 
1.0 1.0 89:1.0 
1.0 1.0 
1.0 1.0 
1.0 1.0 
1.0 1.0 
1.0 1.0 86:1.0 
1.0 1.0 
1.0 1.0 
1.0 1.0 
1.0 1.0 
1.0 1.0 
1.0 1.0 
1.0 1.0 
1.0 1.0 
1.0 1.0 
1.0 1.0 
1.0 1.0 
1.0 1.0 
1.0 1.0 
1.0 1.0 
1.0 1.0 
1.0 1.0 
1.0 1.0 
1.0 1.0 
1.0 1.0 
1.0 1.0 
1.0 1.0 
1.0 1.0 36:1.0 
1.0 1.0 
1.0 1.0 
1.0 1.0 
1.0 1.0 
1.0 1.0 
1.0 1.0 
1.0 1.0 
1.0 1.0 
1.0 1.0 
1.0 1.0 
1.0 1.0 
1.0 1.0 
1.0 1.0 
1.0 1.0 
1.0 1.0 
1.0 1.0 23:1.0 
1.0 1.0 85:1.0 
0.5995789687890585 1.0 87:1.0 
1.0 1.0 
1.0 1.0 12:1.0 
1.0 1.0 
1.0 1.0 
0.0 1.0 22:1.0 
1.0 0.4999773020956693 71:1.0 
1.0 1.0 87:1.0 
1.0 1.0 23:1.0 49:1.0 
1.0 1.0 
1.0 1.0 
1.0 1.0 76:1.0 
1.0 1.0 
1.0 1.0 
1.0 1.0 31:1.0 
1.0 1.0 
1.0 1.0 
1.0 1.0 
1.0 1.0 
0.6249914879635868 0.4999773020956694 39:1.0 
1.0 1.0 
1.0 1.0 
1.0 1.0 
1.0 1.0 
1.0 1.0 19:1.0 68:1.0 74:1.0 99:1.0 
1.0 1.0 
1.0 1.0 
1.0 1.0 
1.0 1.0 
1.0 1.0 
1.0 1.0 
1.0 1.0 
1.0 1.0 
1.0 1.0 
0.0 0.5000227020266373 55:1.0 
1.0 1.0 
1.0 1.0 
1.0 1.0 
1.0 1.0 
1.0 1.0 19:1.0 
1.0 1.0 
1.0 1.0 
1.0 1.0 
1.0 1.0 
1.0 1.0 
1.0 1.0 
1.0 1.0 
1.0 1.0 
1.0 1.0 69:1.0 
1.0 1.0 
1.0 1.0 74:1.0 
1.0 1.0 
0.9746260873512496 0.7363220533460167 13:1.0 
1.0 1.0 
1.0 1.0 
1.0 1.0 20:1.0 
1.0 1.0 
1.0 1.0 19:1.0 
1.0 1.0 
1.0 1.0 
1.0 1.0 
1.0 0.0 65:1.0 
1.0 1.0 
1.0 1.0 
1.0 1.0 
1.0 1.0 77:1.0 
1.0 1.0 
1.0 1.0 
1.0 1.0 90:1.0 
1.0 1.0 
1.0 1.0 
0.6249914868690232 1.0 55:1.0 
1.0 1.0 16:1.0 
1.0 1.0 
1.0 1.0 47:1.0 48:1.0 89:1.0 92:1.0 
1.0 1.0 
1.0 1.0 
1.0 1.0 25:1.0 89:1.0 
1.0 1.0 67:1.0 77:1.0 
1.0 1.0 
1.0 1.0 
1.0 1.0 
1.0 1.0 74:1.0 
1.0 1.0 
1.0 1.0 67:1.0 
1.0 0.49997730209566904 65:1.0 
1.0 1.0 
1.0 1.0 
1.0 1.0 
1.0 1.0 
1.0 1.0 
1.0 1.0 23:1.0 
1.0 1.0 
1.0 1.0 
1.0 1.0 
1.0 1.0 
1.0 1.0 
1.0 1.0 
1.0 1.0 
1.0 0.735374750338617 47:1.0 
1.0 1.0 
1.0 1.0 
1.0 1.0 
1.0 1.0 
1.0 1.0 
1.0 1.0 
1.0 1.0 
1.0 0.7363449828117328 54:1.0 
0.0 1.0 30:1.0 
1.0 1.0 
1.0 1.0 
0.6249886563292281 1.0 30:1.0 
0.9755912567840651 1.0 30:1.0 
1.0 1.0 
1.0 1.0 
1.0 1.0 
1.0 1.0 
1.0 1.0 
1.0 1.0 
1.0 1.0 
1.0 1.0 65:1.0 
1.0 1.0 
1.0 1.0 
1.0 1.0 
1.0 1.0 
1.0 1.0 
1.0 1.0 
1.0 1.0 
1.0 1.0 
1.0 1.0 
1.0 1.0 
1.0 1.0 
1.0 1.0 
1.0 0.7363564149334875 65:1.0 
1.0 1.0 
1.0 1.0 
0.0 0.5000227025415986 64:1.0 
1.0 1.0 
1.0 1.0 
1.0 1.0 
1.0 1.0 
1.0 1.0 
1.0 1.0 29:1.0 69:1.0 
1.0 1.0 
1.0 1.0 
1.0 1.0 
1.0 1.0 
1.0 1.0 
1.0 1.0 
1.0 1.0 
1.0 1.0 
1.0 1.0 
1.0 1.0 
1.0 1.0 
0.6249375841128749 0.0 2:1.0 
1.0 1.0 
1.0 1.0 
1.0 1.0 
1.0 1.0 
1.0 1.0 
1.0 1.0 
1.0 1.0 
1.0 1.0 
1.0 1.0 
1.0 1.0 
1.0 1.0 
1.0 1.0 
1.0 1.0 
1.0 1.0 
1.0 0.735385324904035 71:1.0 
1.0 1.0 
1.0 1.0 
1.0 1.0 
1.0 1.0 
1.0 1.0 
1.0 1.0 
0.6015119594558566 1.0 64:1.0 
1.0 1.0 
1.0 1.0 
1.0 1.0 
1.0 1.0 
1.0 1.0 
1.0 1.0 
1.0 1.0 
1.0 1.0 
1.0 1.0 
1.0 1.0 
1.0 1.0 
1.0 1.0 
1.0 1.0 
1.0 1.0 
1.0 1.0 
1.0 1.0 
1.0 1.0 
1.0 1.0 
1.0 1.0 
1.0 1.0 
1.0 1.0 
1.0 1.0 
1.0 1.0 
1.0 1.0 
1.0 1.0 
1.0 1.0 
1.0 1.0 
1.0 1.0 
1.0 1.0 39:1.0 
1.0 1.0 
1.0 1.0 
1.0 1.0 
1.0 1.0 
1.0 1.0 
1.0 1.0 
1.0 1.0 
1.0 1.0 
1.0 1.0 3:1.0 22:1.0 
1.0 1.0 
1.0 1.0 
1.0 1.0 
1.0 1.0 
1.0 1.0 
1.0 1.0 
1.0 1.0 
1.0 1.0 
1.0 1.0 
1.0 1.0 
1.0 1.0 
1.0 1.0 
1.0 1.0 
1.0 1.0 
1.0 1.0 
1.0 1.0 
1.0 0.2499659536586288 3:1.0 
1.0 1.0 
1.0 1.0 
1.0 1.0 
1.0 1.0 
1.0 1.0 
1.0 1.0 
1.0 1.0 45:1.0 
1.0 1.0 
0.6249375852717227 1.0 22:1.0 
1.0 1.0 
1.0 1.0 
1.0 1.0 
1.0 1.0 
1.0 1.0 
1.0 1.0 
1.0 1.0 
1.0 1.0 
1.0 1.0 
1.0 1.0 
1.0 1.0 
1.0 1.0 
1.0 1.0 
1.0 1.0 
1.0 1.0 
1.0 1.0 
1.0 1.0 
1.0 1.0 25:1.0 87:1.0 
1.0 1.0 
1.0 1.0 
1.0 1.0 
1.0 1.0 
1.0 1.0 
1.0 1.0 58:1.0 70:1.0 
1.0 1.0 
1.0 1.0 
1.0 1.0 
1.0 1.0 
1.0 1.0 
1.0 1.0 59:1.0 62:1.0 
0.9746232025408553 1.0 22:1.0 
1.0 1.0 
1.0 1.0 
1.0 1.0 
1.0 1.0 
1.0 1.0 
1.0 1.0 
1.0 1.0 
1.0 1.0 
1.0 1.0 
1.0 1.0 
1.0 1.0 
1.0 1.0 
1.0 1.0 
1.0 1.0 
1.0 1.0 
1.0 1.0 
1.0 1.0 
1.0 1.0 
1.0 1.0 
1.0 1.0 85:1.0 
1.0 1.0 
1.0 1.0 
1.0 1.0 
1.0 1.0 
0.9980487368844748 1.0 25:1.0 
1.0 1.0 
1.0 1.0 
1.0 1.0 
1.0 1.0 
1.0 1.0 
1.0 1.0 
1.0 1.0 
1.0 1.0 42:1.0 
1.0 1.0 
1.0 1.0 
1.0 0.9853514258165412 3:1.0 
1.0 1.0 
1.0 1.0 
1.0 1.0 
1.0 1.0 
1.0 1.0 
1.0 1.0 
1.0 1.0 
1.0 1.0 
1.0 1.0 
1.0 1.0 
1.0 1.0 
1.0 1.0 
1.0 1.0 
1.0 1.0 
1.0 1.0 
1.0 1.0 
1.0 1.0 
1.0 0.24996595211295095 2:1.0 
1.0 1.0 
1.0 1.0 
1.0 1.0 
0.9980488242873744 0.7363342064653344 64:1.0 
1.0 1.0 
1.0 1.0 
1.0 1.0 
1.0 1.0 23:1.0 48:1.0 68:1.0 89:1.0 92:1.0 97:1.0 107:1.0 
1.0 1.0 
0.9746257758342279 0.9853512765298912 2:1.0 
1.0 1.0 
1.0 1.0 
1.0 1.0 
1.0 1.0 
1.0 1.0 
0.9746146977412988 0.7363564131974913 39:1.0 
0.9746147432950992 0.7363453288162524 55:1.0 
1.0 1.0 
1.0 1.0 
1.0 1.0 
1.0 1.0 42:1.0 
1.0 1.0 
1.0 1.0 19:1.0 
1.0 1.0 68:1.0 74:1.0 99:1.0 
1.0 1.0 
1.0 1.0 
-0.0 1.0 76:1.0 
-0.5000000092749108 1.0 41:1.0 
-0.4003726694296816 0.49508584260806704 14:1.0 58:1.0 
-0.4999659603569459 0.0 85:1.0 
-0.4023214909226846 0.0 42:1.0 
-0.3994017150664602 0.4951107973384515 4:1.0 15:1.0 
-0.39941891472512586 0.4951113753853744 5:1.0 
-0.499977300034516 1.0 10:1.0 
-0.4003937308929718 0.4952673985848801 62:1.0 73:1.0 
-0.0 0.4999432544667321 44:1.0 
-0.400393861156271 1.0 1:1.0 76:1.0 
-0.0 1.0 34:1.0 74:1.0 95:1.0 
-1.0 0.0 71:1.0 
-0.3993826928676573 0.0 54:1.0 
-0.0 1.0 83:1.0 88:1.0 98:1.0 
-0.3994370075664869 0.4951329024820995 47:1.0 85:1.0 89:1.0 
-1.0 1.0 85:1.0 
-1.0 0.4999545992959703 42:1.0 
-0.4004090234784995 1.0 34:1.0 74:1.0 95:1.0 
-1.0 0.4951103606225905 86:1.0 
-1.0 0.0 74:1.0 
-1.0 1.0 39:1.0 
-0.0 1.0 37:1.0 
-0.400354579378927 1.0 19:1.0 
-0.0 0.49997730776392396 50:1.0 
-1.0 1.0 12:1.0 
-0.0 0.4999432506034023 18:1.0 
-0.0 1.0 6:1.0 
-0.39940067162974185 0.49508883363734996 56:1.0 82:1.0 
-0.39940074082385907 0.4951332389002928 11:1.0 27:1.0 
-0.5000000077292328 0.0 3:1.0 
-1.0 0.49511043035029184 2:1.0 
-0.499977300034516 0.4999773020961488 16:1.0 
-0.0 0.49994325730061967 66:1.0 
-0.0 0.9999773139469991 11:1.0 
-0.0 1.0 24:1.0 
-0.4003394590423751 1.0 76:1.0 
-0.0 1.0 84:1.0 
-0.3994009161987344 0.49508877435319315 15:1.0 82:1.0 
-0.40037559225514996 1.0 37:1.0 
-0.40039386074322647 1.0 33:1.0 
-1.0 0.0 29:1.0 
-0.0 0.49989784654979924 58:1.0 
-1.0 0.0 65:1.0 
-1.0 0.4950878804372521 71:1.0 
-0.400393729375589 0.495111382295704 8:1.0 28:1.0 32:1.0 38:1.0 57:1.0 78:1.0 80:1.0 90:1.0 93:1.0 94:1.0 96:1.0 100:1.0 101:1.0 103:1.0 104:1.0 105:1.0 106:1.0 108:1.0 110:1.0 
-0.399400960447908 0.4951789906022135 6:1.0 26:1.0 
-0.4003727118581685 0.9951446311741049 18:1.0 
-0.0 0.499977308279189 72:1.0 
-1.0 1.0 20:1.0 
-0.0 1.0 58:1.0 
-0.0 1.0 67:1.0 
-1.0 1.0 19:1.0 
-0.40037266767929347 0.49611945553271114 6:1.0 76:1.0 
-0.4003756392174282 0.4950880153631777 11:1.0 81:1.0 
-0.39940034166753785 1.0 52:1.0 60:1.0 
-1.0 0.4999773077640762 29:1.0 
-0.0 1.0 83:1.0 88:1.0 98:1.0 
-0.9004139442097202 1.0 10:1.0 
-0.40041187063710343 0.4951329092218672 48:1.0 68:1.0 74:1.0 89:1.0 92:1.0 97:1.0 99:1.0 107:1.0 109:1.0 
-0.0 0.5000000020611537 45:1.0 
-0.3994029357514721 0.49508792580954136 53:1.0 82:1.0 
-0.40037555329997065 0.4951103139353574 4:1.0 66:1.0 
-1.0 0.0 3:1.0 
-0.40037275518134047 1.0 73:1.0 
-0.0 0.4998864945071141 82:1.0 
-0.3994368055317813 0.49513288236309555 8:1.0 32:1.0 38:1.0 57:1.0 78:1.0 80:1.0 90:1.0 100:1.0 101:1.0 103:1.0 105:1.0 
-0.0 1.0 
-0.0 1.0 
-0.0 1.0 
-0.0 1.0 
-0.0 1.0 
-0.0 1.0 
-0.0 1.0 
-0.0 1.0 
-0.0 1.0 
-0.0 1.0 
-0.3993649409785636 1.0 4:1.0 
-0.0 1.0 
-0.0 1.0 
-0.0 1.0 
-0.0 1.0 
-0.0 1.0 
-0.0 1.0 
-0.0 1.0 
-0.0 1.0 
-0.0 1.0 
-0.40041199490288165 0.4951333457309788 3:1.0 14:1.0 32:1.0 73:1.0 
-0.0 1.0 
-0.0 1.0 
-0.0 1.0 
-0.0 1.0 
-0.0 1.0 
-0.0 1.0 
-0.0 0.5000000020611538 7:1.0 
-0.0 1.0 
-0.0 1.0 
-0.0 1.0 
-0.0 1.0 
-0.0 1.0 
-0.0 1.0 
-0.0 1.0 
-0.0 1.0 
-0.0 1.0 
-0.0 1.0 
-0.0 1.0 
-0.0 1.0 
-0.0 1.0 
-0.9004210751038075 1.0 41:1.0 
-0.0 1.0 
-0.0 1.0 
-0.0 1.0 
-0.0 1.0 
-0.0 1.0 
-0.0 1.0 
-0.0 1.0 
-0.40037568540998214 0.49513426129948246 21:1.0 54:1.0 
-0.0 1.0 
-0.0 1.0 
-0.0 1.0 
-0.0 1.0 
-0.0 1.0 66:1.0 
-0.0 1.0 
-0.0 1.0 
-0.0 1.0 
-1.0 1.0 67:1.0 
-0.0 1.0 
-0.0 1.0 
-0.0 1.0 
-0.0 1.0 
-0.0 1.0 
-0.0 1.0 
-0.40037559947718204 0.9951448080862669 44:1.0 
-0.9980516662027114 0.9951333047486343 42:1.0 
-0.0 1.0 
-0.0 1.0 
-0.0 1.0 
-0.0 1.0 
-0.9004209929771847 0.49508780992696944 3:1.0 
-0.4003727118841618 0.49508841531172665 79:1.0 84:1.0 
-0.0 1.0 
-0.0 1.0 
-0.0 1.0 
-0.0 1.0 
-0.0 1.0 
-0.0 1.0 
-0.4003729333964154 0.4950877734162962 18:1.0 79:1.0 
-0.0 1.0 
-0.0 1.0 
-1.0 1.0 19:1.0 
-0.0 1.0 
-0.3993828280037798 0.4951335844505392 11:1.0 
-0.40039359782733974 0.495156777120475 24:1.0 71:1.0 
-0.0 1.0 
-0.49997730209566965 1.0 45:1.0 
-0.0 1.0 
-0.0 1.0 
-0.0 1.0 
-0.0 1.0 
-0.0 1.0 
-1.0 0.49515578451818243 69:1.0 
-0.0 1.0 
-0.0 1.0 
-1.0 1.0 16:1.0 
-0.3993826504709448 1.0 26:1.0 
-0.0 1.0 
-0.0 1.0 
-0.0 1.0 
-0.0 1.0 
-0.0 1.0 
-0.0 1.0 
-0.0 1.0 
-0.0 1.0 
-0.0 1.0 
-0.0 1.0 
-0.0 1.0 
-0.0 1.0 
-0.0 1.0 
-0.0 1.0 
-0.0 1.0 
-0.0 1.0 
-0.0 1.0 
-0.0 1.0 
-0.0 1.0 
-0.0 1.0 
-0.0 1.0 
-0.0 1.0 
-0.0 1.0 50:1.0 
-0.0 1.0 
-0.0 1.0 
-0.0 1.0 
-0.0 1.0 
-0.0 1.0 
-0.0 1.0 
-0.0 1.0 
-0.0 1.0 
-0.0 1.0 
-0.0 1.0 
-0.0 1.0 
-0.0 1.0 
-0.0 1.0 
-0.0 1.0 
-0.0 1.0 
-0.0 1.0 
-0.0 1.0 
-0.0 1.0 
-0.0 1.0 
-0.0 1.0 
-0.0 0.49997730879445407 91:1.0 
-0.0 1.0 
-0.0 1.0 
-0.0 1.0 
-0.0 1.0 
-0.4003848134485234 0.9951453428511582 58:1.0 
-0.0 1.0 
-1.0 1.0 
-0.0 1.0 82:1.0 
-1.0 1.0 
-1.0 1.0 
-1.0 1.0 
-1.0 1.0 
-0.4004391740859846 0.4952466065906853 37:1.0 77:1.0 
-1.0 1.0 
-1.0 1.0 
-1.0 1.0 
-1.0 1.0 
-1.0 1.0 
-1.0 1.0 
-1.0 1.0 
-1.0 1.0 
-1.0 1.0 
-1.0 1.0 
-1.0 1.0 
-1.0 1.0 
-1.0 1.0 
-1.0 1.0 
-0.0 0.5000000010308807 53:1.0 
-1.0 1.0 
-1.0 1.0 
-1.0 1.0 
-1.0 1.0 
-1.0 1.0 
-1.0 1.0 
-1.0 1.0 
-1.0 1.0 
-1.0 1.0 
-1.0 1.0 
-1.0 1.0 
-1.0 1.0 
-1.0 1.0 
-1.0 1.0 
-1.0 1.0 
-0.0 0.49997730518729455 23:1.0 
-1.0 1.0 
-1.0 1.0 
-1.0 1.0 
-1.0 1.0 
-1.0 1.0 
-1.0 1.0 
-0.40037564090778066 0.4950858425816577 19:1.0 81:1.0 
-1.0 1.0 
-1.0 1.0 
-1.0 1.0 
-0.0 1.0 49:1.0 
-0.40037559692571645 0.49515578525133463 52:1.0 
-1.0 1.0 
-0.3994016030364224 0.49508830052612696 49:1.0 54:1.0 
-1.0 1.0 
-1.0 1.0 
-1.0 1.0 
-0.3994012287086447 0.995144649054665 66:1.0 
-0.4004392608295008 1.0 67:1.0 
-0.0 0.49998865826217676 43:1.0 
-0.39938225282573403 1.0 35:1.0 
-1.0 1.0 
-1.0 1.0 
-1.0 1.0 
-1.0 1.0 
-1.0 1.0 
-1.0 0.4999773057027936 74:1.0 
-1.0 1.0 
-0.4999432598765706 0.4999432583314891 36:1.0 
-1.0 1.0 
-0.0 1.0 49:1.0 
-1.0 1.0 
-0.4003757277348109 0.9951446709674832 43:1.0 
-1.0 1.0 
-0.8994599413924017 0.49515617901978864 85:1.0 
-1.0 1.0 
-1.0 1.0 
-1.0 1.0 
-1.0 1.0 
-0.40043921628362245 1.0 59:1.0 
-1.0 1.0 
-1.0 1.0 
-1.0 1.0 
-0.0 0.4999773103399332 46:1.0 
-1.0 1.0 
-1.0 1.0 
-1.0 1.0 
-1.0 1.0 
-1.0 1.0 
-1.0 1.0 
-1.0 1.0 
-1.0 1.0 
-1.0 1.0 
-1.0 1.0 
-1.0 1.0 
-1.0 1.0 
-0.39940191397848646 0.9951338099638856 53:1.0 
-0.0 1.0 17:1.0 
-1.0 1.0 
-1.0 1.0 
-0.3994211117894546 0.49511066662298886 83:1.0 
-1.0 1.0 
-1.0 1.0 
-1.0 1.0 
-0.40035750858408226 0.49506637575739365 56:1.0 
-1.0 1.0 
-0.8994486022503005 0.9951320517475108 16:1.0 
-1.0 1.0 
-1.0 1.0 
-1.0 1.0 
-1.0 1.0 
-0.0 1.0 23:1.0 
-1.0 1.0 
-1.0 1.0 
-0.40043926194950397 0.9951330749147278 29:1.0 
-1.0 1.0 
-1.0 1.0 
-1.0 1.0 
-1.0 1.0 
-1.0 1.0 
-1.0 1.0 
-1.0 1.0 
-1.0 1.0 
-1.0 1.0 
-1.0 1.0 
-1.0 1.0 
-1.0 1.0 
-0.39941904959949837 0.4951114048857476 20:1.0 42:1.0 
-0.49997730209566965 0.0 51:1.0 
-1.0 1.0 
-0.0 1.0 7:1.0 
-1.0 1.0 
-1.0 1.0 
-1.0 1.0 
-1.0 1.0 
-1.0 1.0 
-1.0 1.0 
-0.900416558806877 0.995110204463583 45:1.0 
-1.0 1.0 
-1.0 1.0 
-1.0 1.0 
-1.0 1.0 
-1.0 0.0 54:1.0 
-1.0 1.0 
-1.0 1.0 
-1.0 1.0 
-1.0 1.0 
-1.0 1.0 
-0.0 1.0 23:1.0 
-1.0 1.0 
-1.0 1.0 
-1.0 1.0 
-1.0 1.0 
-1.0 1.0 
-1.0 1.0 
-1.0 1.0 
-0.3993827407586329 0.4951087188943211 6:1.0 
-1.0 1.0 
-1.0 1.0 
-1.0 1.0 
-1.0 1.0 
-1.0 1.0 
-1.0 1.0 
-1.0 1.0 
-1.0 1.0 
-1.0 1.0 
-1.0 1.0 
-1.0 1.0 
-1.0 1.0 
-1.0 1.0 
-1.0 1.0 
-0.39940151525351436 0.4950888593450175 19:1.0 79:1.0 
-1.0 1.0 
-1.0 1.0 
-1.0 1.0 
-1.0 1.0 
-1.0 1.0 
-1.0 1.0 
-1.0 1.0 
-1.0 1.0 
-1.0 1.0 
-1.0 1.0 
-1.0 1.0 
-1.0 1.0 
-0.49997730209566965 0.0 31:1.0 
-0.40037573006438165 0.49513434738711076 27:1.0 
-1.0 1.0 
-1.0 1.0 
-1.0 1.0 
-1.0 1.0 
-1.0 1.0 
-1.0 1.0 
-1.0 1.0 
-1.0 1.0 
-1.0 1.0 
-1.0 1.0 
-1.0 1.0 
-1.0 1.0 
-0.39940140538002883 0.4951798286098441 26:1.0 81:1.0 
-1.0 1.0 
-1.0 1.0 
-1.0 1.0 
-1.0 1.0 
-1.0 1.0 
-1.0 1.0 
-1.0 1.0 
-1.0 1.0 
-1.0 1.0 
-1.0 1.0 
-1.0 1.0 
-1.0 1.0 
-1.0 1.0 
-1.0 1.0 
-1.0 1.0 
-1.0 1.0 
-1.0 1.0 
-1.0 1.0 
-1.0 1.0 23:1.0 
-1.0 1.0 
-1.0 1.0 
-1.0 1.0 
-1.0 1.0 
-1.0 1.0 
-1.0 1.0 
-1.0 1.0 
-1.0 1.0 
-1.0 1.0 
-1.0 1.0 
-1.0 1.0 
-1.0 1.0 
-1.0 1.0 
-1.0 1.0 
-1.0 1.0 
-1.0 1.0 
-1.0 1.0 
-1.0 0.49997731085531527 31:1.0 
-1.0 1.0 
-1.0 1.0 
-1.0 1.0 
-1.0 1.0 
-0.4004366427840165 0.4951103830767004 70:1.0 
-1.0 1.0 
-1.0 1.0 
-1.0 1.0 
-0.3994380248879429 0.49513389812469544 83:1.0 88:1.0 98:1.0 
-0.3994077685647378 0.49508823404910557 58:1.0 82:1.0 
-1.0 1.0 
-1.0 1.0 
-1.0 1.0 
-1.0 1.0 
-1.0 1.0 
-1.0 1.0 
-0.0 1.0 72:1.0 
-0.400357420639042 0.49520202286620174 14:1.0 
-0.4003754677273162 1.0 24:1.0 
-1.0 1.0 
-0.40039381833737575 0.4951104283394584 32:1.0 
-1.0 1.0 
-1.0 1.0 
-1.0 1.0 
-1.0 1.0 
-1.0 1.0 
-1.0 1.0 
-0.39943693637138317 0.4951329274291054 38:1.0 78:1.0 80:1.0 90:1.0 100:1.0 
-0.4003755966373554 0.4951312182727073 17:1.0 
-0.3994011181085986 0.495087883622461 21:1.0 
-0.3994006931362309 0.49508901442957476 43:1.0 56:1.0 
-0.400375595480474 0.49515624282209697 35:1.0 44:1.0 
-1.0 1.0 
-1.0 1.0 
-1.0 1.0 
-0.9004165164442915 0.9951332317569263 31:1.0 
-1.0 1.0 
-1.0 1.0 
-1.0 0.4951558048785371 47:1.0 
-1.0 1.0 
-0.39940060649720743 0.49515681671106226 14:1.0 35:1.0 
-1.0 1.0 
-1.0 1.0 
-1.0 1.0 
-1.0 1.0 
-0.39940147199375226 0.49517907840928355 84:1.0 
-1.0 1.0 
-1.0 1.0 
-1.0 1.0 
-1.0 1.0 
-0.0 0.4999773082791302 63:1.0 
-1.0 1.0 
-1.0 1.0 
-1.0 1.0 
-1.0 1.0 
-1.0 1.0 
-1.0 1.0 
-1.0 1.0 
-1.0 1.0 
-1.0 1.0 
-1.0 1.0 
-1.0 1.0 
-0.4003912428530486 0.9951082961275513 7:1.0 
-1.0 1.0 
-1.0 0.49506577967688997 54:1.0 
-1.0 1.0 
-0.8994581895412385 0.9951446696161007 36:1.0 
-1.0 1.0 
-1.0 1.0 
-1.0 1.0 
-1.0 1.0 
-1.0 1.0 
-0.4004663495306703 0.4951537001232929 58:1.0 87:1.0 
-1.0 1.0 
-1.0 1.0 
-1.0 1.0 
-1.0 1.0 
-1.0 1.0 
-1.0 1.0 
-1.0 1.0 
-1.0 1.0 
-1.0 1.0 
-1.0 1.0 
-1.0 1.0 
-1.0 1.0 
-1.0 1.0 
-1.0 1.0 
-1.0 1.0 
-1.0 1.0 
-1.0 1.0 
-1.0 1.0 
-1.0 1.0 
-1.0 1.0 
-1.0 1.0 
-1.0 1.0 
-1.0 0.49511089551554566 19:1.0 
-1.0 1.0 
-1.0 1.0 
-1.0 1.0 
-1.0 1.0 
-1.0 1.0 
-1.0 1.0 
-1.0 1.0 
-1.0 1.0 
-1.0 1.0 23:1.0 
-1.0 1.0 
-1.0 1.0 
-1.0 1.0 
-1.0 1.0 
-1.0 1.0 
-1.0 1.0 
-1.0 1.0 
-1.0 1.0 
-1.0 1.0 
-1.0 1.0 
-1.0 1.0 
-1.0 1.0 
-1.0 1.0 
-1.0 1.0 
-1.0 1.0 
-1.0 1.0 
-0.39938967990200364 0.4950657564335874 15:1.0 
-1.0 1.0 
-0.40039386213447403 0.9951330788844204 74:1.0 
-1.0 1.0 
-0.0 1.0 82:1.0 
-1.0 1.0 
-1.0 1.0 
-1.0 1.0 
-0.4003936851297797 0.4951114714142574 17:1.0 20:1.0 81:1.0 
-1.0 1.0 
-1.0 1.0 
-1.0 1.0 
-1.0 1.0 
-1.0 1.0 
-1.0 1.0 
-1.0 1.0 
-0.39940118462440166 0.4951112930756961 4:1.0 36:1.0 
-1.0 1.0 
-1.0 1.0 
-1.0 1.0 
-1.0 1.0 
-1.0 1.0 
-1.0 1.0 
-1.0 1.0 
-1.0 1.0 
-1.0 1.0 
-1.0 1.0 
-1.0 1.0 
-1.0 1.0 
-1.0 1.0 
-1.0 1.0 
-1.0 1.0 
-1.0 1.0 
-1.0 1.0 
-0.40039381637876126 0.9951331200603746 63:1.0 
-1.0 1.0 
-0.4003938185380648 0.9951330742822465 91:1.0 
-1.0 1.0 
-1.0 1.0 
-1.0 1.0 
-1.0 1.0 
-1.0 1.0 
-0.4003573309262404 0.49506546653120886 17:1.0 81:1.0 
-1.0 1.0 
-1.0 1.0 
-0.0 0.4950216235459704 81:1.0 
-0.40037306737269895 0.4951104063610703 60:1.0 
-1.0 1.0 
-1.0 1.0 
-1.0 1.0 
-1.0 1.0 
-1.0 1.0 
-1.0 1.0 
-1.0 1.0 
-1.0 1.0 
-1.0 0.4999545990386068 65:1.0 
-1.0 1.0 
-1.0 1.0 
-1.0 1.0 
-1.0 1.0 
-1.0 1.0 
-1.0 1.0 
-1.0 1.0 
-0.3994531909102 0.49517910282128913 49:1.0 
-1.0 1.0 
-1.0 1.0 
-0.399365118059791 0.4950433908018436 79:1.0 
-1.0 1.0 
-1.0 1.0 
-1.0 1.0 
-1.0 1.0 
-1.0 1.0 
-1.0 1.0 
-1.0 1.0 
-1.0 1.0 
-1.0 1.0 
-1.0 1.0 
-1.0 1.0 
-1.0 1.0 
-1.0 1.0 
-0.4003911985591344 1.0 9:1.0 
-0.4003937341341183 0.9951330770381867 72:1.0 
-1.0 1.0 
-1.0 1.0 
-1.0 1.0 
-0.39932800437855454 0.9961208853113958 82:1.0 
-1.0 1.0 
-0.4004119499394322 0.49513332628876056 8:1.0 28:1.0 32:1.0 38:1.0 78:1.0 80:1.0 90:1.0 93:1.0 94:1.0 96:1.0 100:1.0 101:1.0 104:1.0 106:1.0 108:1.0 110:1.0 
-1.0 1.0 
-1.0 1.0 
-1.0 1.0 
-1.0 1.0 
-1.0 1.0 
-1.0 1.0 
-1.0 1.0 
-1.0 1.0 
-1.0 1.0 
-1.0 1.0 
-1.0 1.0 
-1.0 1.0 
-1.0 1.0 
-1.0 1.0 
-1.0 1.0 
-1.0 1.0 
-0.9990248551898908 1.0 76:1.0 
-1.0 0.995134278516032 65:1.0 
-1.0 1.0 
-1.0 1.0 
-0.39942590228481667 0.9951334450835566 46:1.0 
-1.0 1.0 
-0.400411905894807 1.0 40:1.0 61:1.0 102:1.0 
-1.0 1.0 
-1.0 1.0 
-1.0 1.0 
-1.0 1.0 
-1.0 1.0 
-1.0 1.0 
-1.0 1.0 
-1.0 1.0 
-1.0 1.0 
-1.0 1.0 
-1.0 1.0 
-1.0 1.0 
-1.0 1.0 
-0.4003939033021601 0.9951330952269621 50:1.0 
-1.0 1.0 
-1.0 1.0 
-1.0 1.0 
-1.0 1.0 
-1.0 1.0 
-1.0 1.0 
-1.0 1.0 
-0.8994486216887689 0.4951103853173756 51:1.0 
-0.40043917643254656 0.9951330557294291 23:1.0 
-1.0 1.0 
-1.0 1.0 
-1.0 1.0 
-1.0 1.0 
-1.0 1.0 
-1.0 1.0 
-1.0 1.0 
-1.0 1.0 
-1.0 1.0 
-0.40039382003972684 0.49524662466080205 62:1.0 76:1.0 
-1.0 1.0 
-0.39940297923958745 0.4961199164159133 3:1.0 41:1.0 
-1.0 1.0 
-1.0 1.0 
-1.0 1.0 
-0.39934627306486953 1.0 81:1.0 
-0.4003938150006974 0.4951107797409042 8:1.0 28:1.0 32:1.0 38:1.0 57:1.0 78:1.0 80:1.0 93:1.0 94:1.0 96:1.0 100:1.0 101:1.0 103:1.0 104:1.0 105:1.0 106:1.0 108:1.0 110:1.0 
-0.40043921854744874 0.49508792609045466 65:1.0 82:1.0 
-1.0 1.0 
-1.0 1.0 
-1.0 1.0 
-1.0 1.0 
-1.0 1.0 
-0.3994028887375662 0.4951222780826992 
-0.0 -1.0 
-0.0 -1.0 
-0.0 -1.0 
-0.0 -1.0 
-1.0 -1.0 25:1.0 
-0.0 -1.0 
-0.0 -1.0 
-0.0 -1.0 24:1.0 
-0.0 -1.0 
-0.0 -1.0 
-0.0 -1.0 
-0.0 -1.0 
-0.0 -1.0 
-0.0 -1.0 
-0.0 -1.0 
-0.0 -1.0 
-1.0 -1.0 77:1.0 
-0.0 -1.0 
-0.0 -1.0 
-0.0 -1.0 
-0.0 -1.0 
-0.0 -1.0 
-0.0 -1.0 
-1.0 -0.5077995629636932 30:1.0 
-0.0 -1.0 
-0.0 -1.0 66:1.0 
-0.0 -1.0 
-0.0 -1.0 
-0.0 -1.0 
-0.0 -1.0 
-0.0 -1.0 
-0.0 -1.0 
-0.0 -1.0 
-0.0 -1.0 
-0.7656090414540043 -1.0 10:1.0 
-0.0 -1.0 
-0.0 -1.0 
-0.0 -1.0 
-0.0 -1.0 
-0.0 -1.0 
-0.7636664668102909 -1.0 91:1.0 
-0.7636665098909179 -1.0 17:1.0 19:1.0 
-0.0 -1.0 
-0.0 -1.0 
-0.0 -1.0 
-0.0 -1.0 
-0.0 -1.0 
-0.0 -0.5058126052170646 9:1.0 
-0.0 -1.0 
-0.765612941086702 -1.0 45:1.0 
-0.0 -1.0 
-0.0 -1.0 
-0.0 -1.0 
-0.0 -1.0 
-0.7648189351456779 -1.0 64:1.0 69:1.0 
-0.0 -1.0 
-0.0 -1.0 
-0.0 -1.0 
-0.0 -1.0 
-0.0 -0.5059053148202114 26:1.0 
-0.0 -1.0 
-0.0 -1.0 
-0.0 -1.0 
-0.0 -1.0 
-0.0 -1.0 
-0.0 -1.0 
-0.0 -1.0 
-0.0 -1.0 
-0.0 -1.0 
-0.9980576905669707 -1.0 10:1.0 
-0.0 -1.0 
-0.0 -1.0 
-0.0 -1.0 
-0.0 -1.0 
-0.0 -1.0 
-0.0 -1.0 
-0.0 -1.0 
-0.0 -1.0 
-0.7646371131099041 -1.0 46:1.0 
-0.0 -1.0 
-0.0 -0.5078557851949218 62:1.0 
-0.0 -1.0 
-0.0 -1.0 
-0.0 -1.0 
-0.0 -1.0 
-0.0 -1.0 58:1.0 
-0.0 -1.0 
-0.0 -1.0 
-0.0 -1.0 
-0.0 -1.0 
-0.0 -1.0 49:1.0 
-0.0 -1.0 
-1.0 -1.0 12:1.0 
-0.0 -1.0 
-0.0 -1.0 
-0.0 -1.0 
-0.0 -1.0 
-0.0 -1.0 
-0.0 -1.0 
-0.7636663748232964 -1.0 11:1.0 27:1.0 33:1.0 
-0.0 -1.0 
-0.0 -1.0 
-0.0 -1.0 
-0.0 -1.0 
-0.7636663764746162 -1.0 4:1.0 
-0.0 -1.0 
-0.0 -1.0 
-0.0 -1.0 
-0.0 -1.0 
-0.0 -1.0 
-0.0 -1.0 
-0.7637011357704099 -1.0 11:1.0 21:1.0 54:1.0 
-0.0 -1.0 
-0.0 -1.0 
-0.0 -1.0 
-0.0 -1.0 
-0.0 -0.5078332517277052 37:1.0 
-0.0 -1.0 76:1.0 
-0.7637116886195174 -1.0 58:1.0 
-0.0 -1.0 
-0.0 -1.0 
-1.0 -1.0 16:1.0 
-0.0 -1.0 
-0.0 -1.0 
-0.0 -1.0 
-0.0 -1.0 
-0.0 -1.0 
-0.0 -1.0 
-0.0 -1.0 41:1.0 
-0.0 -1.0 
-0.0 -1.0 
-0.0 -1.0 
-0.0 -1.0 
-0.0 -1.0 
-0.7636423452320528 -1.0 49:1.0 
-0.0 -1.0 
-0.0 -1.0 
-0.0 -1.0 
-0.0 -1.0 
-0.7637231741261321 -1.0 43:1.0 64:1.0 
-0.0 -1.0 
-0.0 -1.0 
-1.0 -1.0 65:1.0 
-0.0 -1.0 
-0.0 -1.0 
-0.7646025517367845 -1.0 43:1.0 
-0.0 -1.0 
-0.0 -0.5077369588110623 40:1.0 61:1.0 102:1.0 
-0.0 -1.0 76:1.0 
-0.0 -1.0 
-0.0 -1.0 
-0.0 -1.0 
-0.0 -1.0 
-0.0 -1.0 72:1.0 
-0.0 -1.0 
-0.0 -1.0 
-0.0 -1.0 
-0.0 -1.0 
-1.0 -1.0 
-1.0 -1.0 
-1.0 -1.0 
-0.0 -1.0 50:1.0 
-1.0 -1.0 
-1.0 -1.0 
-1.0 -1.0 
-1.0 -1.0 
-1.0 -1.0 
-0.7636321069431585 -1.0 33:1.0 
-1.0 -1.0 
-1.0 -1.0 
-0.0 -1.0 34:1.0 74:1.0 95:1.0 
-1.0 -1.0 
-0.0 -1.0 23:1.0 
-1.0 -1.0 
-1.0 -1.0 
-1.0 -1.0 
-1.0 -1.0 
-0.7636663323441144 -1.0 44:1.0 
-1.0 -1.0 
-0.7637116449769081 -0.9970779006458075 62:1.0 
-1.0 -1.0 55:1.0 
-1.0 -1.0 
-1.0 -1.0 
-1.0 -1.0 
-0.0 -1.0 23:1.0 
-1.0 -1.0 
-1.0 -1.0 
-1.0 -1.0 
-1.0 -1.0 
-1.0 -1.0 
-0.0 -1.0 26:1.0 
-1.0 -1.0 
-1.0 -1.0 
-1.0 -1.0 
-1.0 -1.0 
-1.0 -1.0 
-1.0 -1.0 
-1.0 -1.0 
-0.0 -1.0 83:1.0 88:1.0 98:1.0 
-0.7637227741147647 -1.0 49:1.0 55:1.0 
-0.0 -1.0 24:1.0 
-1.0 -1.0 
-1.0 -1.0 
-0.7636663762871613 -1.0 81:1.0 
-1.0 -1.0 
-0.0 -1.0 67:1.0 
-1.0 -1.0 
-1.0 -1.0 
-0.0 -1.0 37:1.0 
-1.0 -1.0 
-1.0 -1.0 
-1.0 -1.0 
-1.0 -1.0 
-1.0 -0.5077999157834876 22:1.0 
-1.0 -1.0 
-0.7636317955042702 -1.0 82:1.0 84:1.0 
-1.0 -1.0 
-1.0 -1.0 
-1.0 -1.0 
-1.0 -1.0 
-1.0 -1.0 
-1.0 -1.0 
-1.0 -1.0 
-1.0 -1.0 
-1.0 -1.0 
-1.0 -1.0 
-1.0 -1.0 
-1.0 -1.0 
-1.0 -1.0 
-1.0 -1.0 
-1.0 -1.0 
-1.0 -1.0 
-1.0 -1.0 
-1.0 -1.0 85:1.0 
-1.0 -1.0 
-1.0 -1.0 
-1.0 -1.0 
-1.0 -1.0 
-0.7636662872779136 -1.0 50:1.0 
-0.763631839257251 -1.0 53:1.0 
-1.0 -1.0 
-1.0 -1.0 
-1.0 -1.0 
-1.0 -1.0 
-1.0 -1.0 
-1.0 -1.0 
-1.0 -1.0 
-1.0 -1.0 
-1.0 -1.0 
-0.7636317963983772 -1.0 49:1.0 84:1.0 
-1.0 -1.0 
-1.0 -1.0 
-1.0 -1.0 
-1.0 -1.0 
-1.0 -1.0 
-0.7636663784502348 -1.0 11:1.0 77:1.0 
-0.0 -1.0 67:1.0 
-1.0 -1.0 
-0.765578894471449 -1.0 76:1.0 
-1.0 -1.0 
-1.0 -1.0 
-1.0 -1.0 
-1.0 -1.0 
-1.0 -1.0 
-1.0 -1.0 
-1.0 -1.0 
-1.0 -1.0 
-0.0 -0.5048233910774884 1:1.0 
-1.0 -1.0 
-1.0 -1.0 
-1.0 -1.0 
-1.0 -1.0 
-1.0 -1.0 
-1.0 -1.0 
-1.0 -1.0 
-1.0 -1.0 
-1.0 -1.0 
-1.0 -1.0 
-1.0 -1.0 
-1.0 -1.0 
-1.0 -1.0 
-1.0 -1.0 
-1.0 -1.0 
-1.0 -1.0 
-1.0 -1.0 
-1.0 -1.0 
-1.0 -1.0 
-0.0 -1.0 82:1.0 
-1.0 -1.0 
-1.0 -1.0 
-1.0 -1.0 
-1.0 -1.0 
-1.0 -1.0 
-1.0 -1.0 
-0.7636663767598951 -1.0 18:1.0 
-1.0 -1.0 
-1.0 -1.0 
-1.0 -1.0 
-0.0 -1.0 82:1.0 
-1.0 -1.0 
-1.0 -1.0 
-1.0 -1.0 
-1.0 -1.0 
-1.0 -1.0 
-1.0 -1.0 
-1.0 -1.0 
-1.0 -1.0 
-1.0 -1.0 
-1.0 -1.0 
-1.0 -1.0 87:1.0 
-1.0 -1.0 36:1.0 
-0.764637377120601 -1.0 24:1.0 
-1.0 -1.0 
-1.0 -1.0 67:1.0 
-0.7636665093482875 -1.0 27:1.0 40:1.0 61:1.0 102:1.0 
-1.0 -1.0 
-1.0 -1.0 
-1.0 -1.0 
-1.0 -1.0 
-1.0 -1.0 
-1.0 -1.0 
-1.0 -1.0 
-0.7646371131089033 -0.9990283784637719 26:1.0 
-1.0 -1.0 
-1.0 -1.0 
-1.0 -1.0 
-1.0 -1.0 
-1.0 -1.0 
-1.0 -1.0 
-1.0 -1.0 
-1.0 -1.0 
-0.7635969905581493 -1.0 1:1.0 
-1.0 -1.0 
-0.7636319726182725 -1.0 1:1.0 76:1.0 
-1.0 -1.0 
-1.0 -1.0 
-1.0 -1.0 
-1.0 -1.0 
-1.0 -1.0 
-1.0 -1.0 
-1.0 -1.0 
-1.0 -1.0 
-1.0 -1.0 
-1.0 -1.0 
-1.0 -1.0 
-1.0 -1.0 
-0.0 -1.0 35:1.0 
-1.0 -1.0 
-1.0 -1.0 
-0.7646718735717548 -1.0 34:1.0 74:1.0 95:1.0 
-1.0 -1.0 
-1.0 -1.0 
-1.0 -1.0 
-1.0 -1.0 
-1.0 -1.0 64:1.0 
-0.7637010907737871 -1.0 83:1.0 88:1.0 98:1.0 
-1.0 -1.0 
-1.0 -1.0 
-1.0 -1.0 
-1.0 -1.0 
-1.0 -1.0 
-1.0 -1.0 
-1.0 -1.0 
-1.0 -1.0 23:1.0 
-0.7637014536819118 -1.0 2:1.0 75:1.0 87:1.0 
-1.0 -1.0 
-1.0 -1.0 
-1.0 -1.0 
-1.0 -1.0 
-0.7636317939466556 -1.0 27:1.0 33:1.0 
-1.0 -1.0 
-0.7646826030928137 -1.0 53:1.0 87:1.0 
-1.0 -1.0 41:1.0 
-1.0 -1.0 
-0.9980527702954182 -1.0 76:1.0 
-1.0 -1.0 
-1.0 -1.0 
-1.0 -1.0 
-1.0 -1.0 
-1.0 -1.0 
-1.0 -1.0 
-1.0 -1.0 
-1.0 -1.0 
-1.0 -1.0 
-1.0 -1.0 74:1.0 
-0.7646372247161687 -1.0 63:1.0 
-1.0 -1.0 
-1.0 -1.0 
-1.0 -1.0 
-1.0 -1.0 
-1.0 -1.0 
-1.0 -1.0 
-1.0 -1.0 
-1.0 -1.0 
-1.0 -1.0 
-1.0 -1.0 
-1.0 -1.0 
-0.7637227287334855 -1.0 6:1.0 47:1.0 
-1.0 -1.0 
-1.0 -1.0 
-0.0 -0.5077144385079876 1:1.0 13:1.0 
-1.0 -1.0 
-0.0 -1.0 7:1.0 
-0.7637013552410223 -1.0 52:1.0 60:1.0 
-1.0 -1.0 
-1.0 -1.0 
-1.0 -1.0 
-1.0 -1.0 
-1.0 -1.0 
-1.0 -1.0 
-1.0 -1.0 
-0.0 -0.5078006269154317 59:1.0 
-1.0 -1.0 
-1.0 -1.0 
-1.0 -1.0 
-1.0 -1.0 
-1.0 -1.0 
-1.0 -1.0 
-0.7636665498846992 -1.0 9:1.0 14:1.0 
-1.0 -1.0 
-0.0 -1.0 59:1.0 
-1.0 -1.0 
-1.0 -1.0 
-1.0 -1.0 
-1.0 -1.0 
-1.0 -1.0 
-1.0 -1.0 
-1.0 -1.0 
-1.0 -1.0 16:1.0 
-1.0 -1.0 
-1.0 -1.0 
-1.0 -1.0 
-1.0 -1.0 
-1.0 -1.0 
-1.0 -1.0 23:1.0 
-1.0 -1.0 
-1.0 -1.0 
-1.0 -1.0 
-1.0 -1.0 
-1.0 -1.0 
-1.0 -1.0 
-1.0 -1.0 39:1.0 
-1.0 -1.0 
-1.0 -1.0 
-1.0 -1.0 
-1.0 -1.0 
-1.0 -1.0 
-1.0 -1.0 
-1.0 -1.0 
-1.0 -1.0 
-1.0 -1.0 
-1.0 -1.0 
-1.0 -1.0 
-0.0 -1.0 37:1.0 
-1.0 -1.0 
-1.0 -1.0 
-1.0 -1.0 
-1.0 -1.0 
-1.0 -1.0 19:1.0 
-1.0 -1.0 
-0.7635969496162708 -1.0 84:1.0 
-1.0 -1.0 
-0.0 -1.0 40:1.0 61:1.0 102:1.0 
-1.0 -1.0 
-1.0 -1.0 
-1.0 -1.0 
-0.7636668653498163 -0.9970837456909982 40:1.0 61:1.0 102:1.0 
-1.0 -1.0 
-0.7637121319519432 -1.0 23:1.0 
-1.0 -1.0 
-1.0 -1.0 
-1.0 -1.0 
-1.0 -1.0 
-1.0 -1.0 
-1.0 -1.0 
-1.0 -1.0 
-1.0 -1.0 
-1.0 -1.0 
-1.0 -1.0 
-1.0 -1.0 
-1.0 -1.0 
-1.0 -1.0 
-1.0 -1.0 
-1.0 -1.0 
-1.0 -1.0 
-1.0 -1.0 
-1.0 -1.0 
-0.7636672213007353 -1.0 66:1.0 
-1.0 -1.0 
-1.0 -1.0 
-0.0 -1.0 9:1.0 
-1.0 -1.0 
-1.0 -1.0 
-1.0 -1.0 
-0.7636670433542897 -0.9970778970160785 37:1.0 
-1.0 -1.0 
-1.0 -1.0 42:1.0 
-1.0 -1.0 
-0.763711864579461 -0.9970885555236699 59:1.0 
-1.0 -1.0 
-1.0 -1.0 
-1.0 -1.0 
-0.7636319727117602 -1.0 11:1.0 
-1.0 -0.9970896838063257 22:1.0 
-1.0 -1.0 
-1.0 -1.0 
-1.0 -1.0 
-1.0 -1.0 
-0.0 -0.5078332525009438 73:1.0 
-1.0 -1.0 
-0.7636319311808559 -1.0 82:1.0 
-0.0 -1.0 73:1.0 
-1.0 -1.0 34:1.0 48:1.0 68:1.0 74:1.0 89:1.0 92:1.0 95:1.0 97:1.0 99:1.0 107:1.0 109:1.0 
-1.0 -1.0 
-0.7637010409454973 -1.0 14:1.0 52:1.0 
-1.0 -1.0 
-1.0 -1.0 
-1.0 -1.0 
-1.0 -1.0 
-1.0 -1.0 
-1.0 -1.0 29:1.0 
-1.0 -1.0 
-1.0 -1.0 
-1.0 -1.0 
-1.0 -1.0 
-1.0 -1.0 
-1.0 -1.0 
-1.0 -1.0 
-1.0 -1.0 
-1.0 -1.0 
-1.0 -1.0 
-1.0 -1.0 
-1.0 -1.0 
-1.0 -1.0 
-1.0 -1.0 
-1.0 -1.0 
-1.0 -1.0 
-1.0 -1.0 
-0.998053347601847 -1.0 45:1.0 
-1.0 -1.0 
-1.0 -1.0 
-1.0 -1.0 
-1.0 -1.0 
-1.0 -1.0 
-1.0 -1.0 
-1.0 -1.0 
-0.763666598343877 -1.0 35:1.0 
-1.0 -1.0 
-1.0 -1.0 
-1.0 -1.0 
-1.0 -1.0 
-1.0 -1.0 
-1.0 -1.0 
-0.7646008267902293 -0.9990336751298984 9:1.0 
-1.0 -1.0 
-1.0 -1.0 
-1.0 -1.0 
-1.0 -1.0 
-1.0 -1.0 
-1.0 -1.0 
-1.0 -1.0 90:1.0 
-1.0 -1.0 
-1.0 -1.0 
-0.7636663323610814 -0.9970809609219564 73:1.0 
-1.0 -1.0 
-1.0 -1.0 
-1.0 -1.0 
-1.0 -1.0 
-1.0 -1.0 
-1.0 -1.0 
-0.7637117771039057 -1.0 67:1.0 
-1.0 -1.0 
-1.0 -1.0 
-1.0 -1.0 
-1.0 -1.0 
-1.0 -1.0 
-1.0 -1.0 
-1.0 -1.0 
-1.0 -1.0 
-1.0 -1.0 
-0.7636671329651591 -1.0 72:1.0 
-1.0 -1.0 
-1.0 -1.0 31:1.0 
-1.0 -1.0 
-0.7637468417328974 -1.0 14:1.0 85:1.0 
-1.0 -1.0 
-1.0 -1.0 
-1.0 -1.0 
-1.0 -1.0 
-1.0 -1.0 
-1.0 -1.0 
-1.0 -1.0 19:1.0 
-1.0 -1.0 
-1.0 -1.0 
-1.0 -1.0 
-1.0 -0.9970900348528449 30:1.0 
-1.0 -1.0 
-0.7637224635200633 -0.9970839855509386 1:1.0 13:1.0 
-1.0 -1.0 
-1.0 -1.0 
-1.0 -1.0 
-1.0 -1.0 19:1.0 
-1.0 -1.0 
-1.0 -1.0 
-1.0 -1.0 
-1.0 -1.0 
-1.0 -1.0 
-1.0 -1.0 
-1.0 -1.0 
-1.0 -1.0 
-1.0 -1.0 
-0.7646027041614376 -1.0 6:1.0 
-1.0 -1.0 
-1.0 -1.0 
-1.0 -1.0 
-1.0 -1.0 
-1.0 -1.0 
-1.0 -1.0 
-1.0 -1.0 
-1.0 -1.0 
-1.0 -1.0 
-0.763666600011657 -1.0 7:1.0 
-1.0 -1.0 
-1.0 -1.0 
-1.0 -1.0 
-1.0 -1.0 
-1.0 -1.0 
-1.0 -1.0 
-1.0 -1.0 
-1.0 -1.0 
-1.0 -1.0 
-1.0 -1.0 
-1.0 -1.0 
-1.0 -1.0 
-1.0 -1.0 
-1.0 -1.0 
-1.0 -1.0 
-1.0 -1.0 20:1.0 
-1.0 -1.0 
-1.0 -1.0 
-1.0 -1.0 
-1.0 -1.0 
-1.0 -1.0 
-0.7636317058577289 -1.0 17:1.0 
-1.0 -1.0 
-1.0 -1.0 
-1.0 -1.0 
-1.0 -1.0 
-1.0 -1.0 
-1.0 -1.0 
-1.0 -1.0 
-1.0 -1.0 
-1.0 -1.0 
-1.0 -1.0 
-1.0 -1.0 
-1.0 -1.0 
-1.0 -1.0 
-1.0 -1.0 
-1.0 -1.0 
-1.0 -1.0 
-1.0 -1.0 
-1.0 -1.0 
-1.0 -1.0 
-1.0 -1.0 
-1.0 -1.0 
-1.0 -1.0 
-1.0 -1.0 
-0.7637119982748454 -1.0 41:1.0 
-1.0 -1.0 
-1.0 -1.0 
-1.0 -1.0 
-1.0 -1.0 
-1.0 -1.0 
-1.0 -1.0 
-0.7646745774536967 -1.0 
