svm_type c_svc
kernel_type rbf
gamma 0.1
nr_class 3
total_sv 1942
rho -0.054986724415616264 -0.5325362780988258 -0.10617002706488844
label 2 0 1
nr_sv 515 745 682
SV
1.0 1.0 
1.0 1.0 
1.0 1.0 
1.0 1.0 
1.0 1.0 2:1.0 41:1.0 
1.0 1.0 
1.0 1.0 
1.0 1.0 
1.0 1.0 
1.0 1.0 
1.0 1.0 
1.0 1.0 
1.0 1.0 
1.0 1.0 
1.0 1.0 42:1.0 64:1.0 69:1.0 
1.0 1.0 
1.0 1.0 
1.0 1.0 
1.0 1.0 
1.0 1.0 
1.0 1.0 
1.0 1.0 31:1.0 
1.0 1.0 
1.0 1.0 
1.0 1.0 
1.0 1.0 
1.0 1.0 
1.0 1.0 
1.0 1.0 
1.0 1.0 
1.0 1.0 
1.0 1.0 
1.0 1.0 
1.0 1.0 
1.0 1.0 
1.0 1.0 
1.0 1.0 
1.0 1.0 
1.0 1.0 
1.0 1.0 25:1.0 
1.0 1.0 
0.9163971058549318 0.0 68:1.0 74:1.0 86:1.0 89:1.0 97:1.0 99:1.0 109:1.0 
1.0 1.0 
1.0 1.0 
1.0 1.0 
1.0 1.0 
1.0 1.0 
1.0 1.0 
1.0 1.0 
1.0 1.0 
1.0 1.0 
1.0 1.0 2:1.0 
1.0 1.0 
1.0 1.0 
1.0 1.0 
1.0 1.0 51:1.0 
1.0 1.0 
1.0 1.0 
1.0 1.0 
1.0 1.0 29:1.0 
1.0 1.0 
1.0 1.0 
1.0 1.0 
1.0 1.0 
1.0 1.0 13:1.0 
1.0 1.0 16:1.0 
1.0 1.0 41:1.0 
1.0 1.0 
1.0 1.0 
0.04386734734113263 0.3142103663888771 34:1.0 48:1.0 68:1.0 74:1.0 89:1.0 92:1.0 95:1.0 97:1.0 99:1.0 107:1.0 109:1.0 
1.0 1.0 12:1.0 86:1.0 
1.0 1.0 
1.0 1.0 
1.0 1.0 
1.0 1.0 12:1.0 
1.0 1.0 
1.0 1.0 10:1.0 
1.0 1.0 
1.0 1.0 
1.0 1.0 
1.0 1.0 
1.0 1.0 
1.0 1.0 
1.0 1.0 
1.0 1.0 
1.0 1.0 
1.0 1.0 
1.0 1.0 
1.0 1.0 
1.0 1.0 13:1.0 64:1.0 
1.0 1.0 75:1.0 
1.0 1.0 34:1.0 48:1.0 68:1.0 74:1.0 89:1.0 92:1.0 95:1.0 97:1.0 99:1.0 107:1.0 109:1.0 
1.0 1.0 
1.0 1.0 75:1.0 
1.0 1.0 
1.0 1.0 
1.0 1.0 47:1.0 
1.0 1.0 
1.0 1.0 
1.0 1.0 
1.0 1.0 
1.0 1.0 
1.0 1.0 13:1.0 
1.0 1.0 
1.0 1.0 
1.0 1.0 
1.0 1.0 29:1.0 
1.0 1.0 
1.0 1.0 
1.0 1.0 
1.0 1.0 
1.0 1.0 
1.0 1.0 
1.0 1.0 
1.0 1.0 54:1.0 
1.0 1.0 89:1.0 
1.0 1.0 
1.0 1.0 
1.0 1.0 
1.0 1.0 
1.0 1.0 86:1.0 
1.0 1.0 
1.0 1.0 
1.0 1.0 
1.0 1.0 
1.0 1.0 
1.0 1.0 
1.0 1.0 
1.0 1.0 
1.0 1.0 
1.0 1.0 
1.0 1.0 
1.0 1.0 
1.0 1.0 
1.0 1.0 
1.0 1.0 
1.0 1.0 
1.0 1.0 
1.0 1.0 
1.0 1.0 
1.0 1.0 
1.0 1.0 
1.0 1.0 36:1.0 
1.0 1.0 
1.0 1.0 
1.0 1.0 
1.0 1.0 
1.0 1.0 
1.0 1.0 
1.0 1.0 
1.0 1.0 
1.0 1.0 
1.0 1.0 
1.0 1.0 64:1.0 
1.0 1.0 
1.0 1.0 
1.0 1.0 
1.0 1.0 
1.0 1.0 
1.0 1.0 23:1.0 
1.0 1.0 85:1.0 
1.0 1.0 87:1.0 
1.0 1.0 
1.0 1.0 12:1.0 
1.0 1.0 
1.0 1.0 
1.0 1.0 22:1.0 
1.0 1.0 71:1.0 
1.0 1.0 87:1.0 
1.0 1.0 23:1.0 49:1.0 
1.0 1.0 
1.0 1.0 
1.0 1.0 76:1.0 
1.0 1.0 
1.0 1.0 
1.0 1.0 31:1.0 
1.0 1.0 
1.0 1.0 
1.0 1.0 
1.0 1.0 
1.0 1.0 39:1.0 
1.0 1.0 
1.0 1.0 
1.0 1.0 
1.0 1.0 
1.0 1.0 19:1.0 68:1.0 74:1.0 99:1.0 
1.0 1.0 
1.0 1.0 
1.0 1.0 
1.0 1.0 
1.0 1.0 
1.0 1.0 
1.0 1.0 
1.0 1.0 
1.0 1.0 
1.0 1.0 55:1.0 
1.0 1.0 
1.0 1.0 
1.0 1.0 
1.0 1.0 
1.0 1.0 19:1.0 
1.0 1.0 
1.0 1.0 
1.0 1.0 
1.0 1.0 
1.0 1.0 
1.0 1.0 
1.0 1.0 
1.0 1.0 
1.0 1.0 64:1.0 
1.0 1.0 69:1.0 
1.0 1.0 
1.0 1.0 74:1.0 
1.0 1.0 
1.0 1.0 13:1.0 
1.0 1.0 
1.0 1.0 
1.0 1.0 20:1.0 
1.0 1.0 
1.0 1.0 19:1.0 
1.0 1.0 
1.0 1.0 
1.0 1.0 2:1.0 
1.0 1.0 
1.0 1.0 65:1.0 
1.0 1.0 
1.0 1.0 
1.0 1.0 
1.0 1.0 77:1.0 
1.0 1.0 
1.0 1.0 
1.0 1.0 90:1.0 
1.0 1.0 
1.0 1.0 
1.0 1.0 55:1.0 
1.0 1.0 16:1.0 
1.0 1.0 
1.0 1.0 47:1.0 48:1.0 89:1.0 92:1.0 
1.0 1.0 
1.0 1.0 
1.0 1.0 25:1.0 89:1.0 
1.0 1.0 67:1.0 77:1.0 
1.0 1.0 
1.0 1.0 
1.0 1.0 
1.0 1.0 74:1.0 
1.0 1.0 
1.0 1.0 67:1.0 
1.0 1.0 65:1.0 
1.0 1.0 
1.0 1.0 
1.0 1.0 
1.0 1.0 
1.0 1.0 
1.0 1.0 23:1.0 
1.0 1.0 
1.0 1.0 
1.0 1.0 
1.0 1.0 
1.0 1.0 
1.0 1.0 
1.0 1.0 
1.0 1.0 47:1.0 
1.0 1.0 
1.0 1.0 
1.0 1.0 
1.0 1.0 
1.0 1.0 
1.0 1.0 
1.0 1.0 
1.0 1.0 54:1.0 
1.0 1.0 30:1.0 
1.0 1.0 
1.0 1.0 
1.0 1.0 30:1.0 
1.0 1.0 30:1.0 
1.0 1.0 
1.0 1.0 
1.0 1.0 
1.0 1.0 
1.0 1.0 
1.0 1.0 
1.0 1.0 
1.0 1.0 65:1.0 
1.0 1.0 
1.0 1.0 
1.0 1.0 
1.0 1.0 
1.0 1.0 
1.0 1.0 
1.0 1.0 
1.0 1.0 
1.0 1.0 
1.0 1.0 
1.0 1.0 
1.0 1.0 
1.0 1.0 65:1.0 
1.0 1.0 
1.0 1.0 
1.0 1.0 64:1.0 
1.0 1.0 
1.0 1.0 
1.0 1.0 
1.0 1.0 
1.0 1.0 
1.0 1.0 29:1.0 69:1.0 
1.0 1.0 
1.0 1.0 
1.0 1.0 
1.0 1.0 
1.0 1.0 
1.0 1.0 
1.0 1.0 
1.0 1.0 
1.0 1.0 
1.0 1.0 
1.0 1.0 
1.0 1.0 2:1.0 
1.0 1.0 
1.0 1.0 
1.0 1.0 
1.0 1.0 
1.0 1.0 
1.0 1.0 
1.0 1.0 
1.0 1.0 
1.0 1.0 
1.0 1.0 
1.0 1.0 
1.0 1.0 
1.0 1.0 
1.0 1.0 
1.0 1.0 71:1.0 
1.0 1.0 
1.0 1.0 
1.0 1.0 
1.0 1.0 
1.0 1.0 
1.0 1.0 
1.0 1.0 64:1.0 
1.0 1.0 
1.0 1.0 
1.0 1.0 
1.0 1.0 
1.0 1.0 
1.0 1.0 
1.0 1.0 
1.0 1.0 
1.0 1.0 
1.0 1.0 
1.0 1.0 
1.0 1.0 
1.0 1.0 
1.0 1.0 
1.0 1.0 
1.0 1.0 
1.0 1.0 
1.0 1.0 
1.0 1.0 
1.0 1.0 
1.0 1.0 
1.0 1.0 
1.0 1.0 
1.0 1.0 
1.0 1.0 
1.0 1.0 
1.0 1.0 
1.0 1.0 
1.0 1.0 39:1.0 
1.0 1.0 
1.0 1.0 
1.0 1.0 
1.0 1.0 
1.0 1.0 
1.0 1.0 
1.0 1.0 
1.0 1.0 
1.0 1.0 3:1.0 22:1.0 
1.0 1.0 
1.0 1.0 
1.0 1.0 
1.0 1.0 
1.0 1.0 
1.0 1.0 
1.0 1.0 
1.0 1.0 
1.0 1.0 
1.0 1.0 
1.0 1.0 
1.0 1.0 
1.0 1.0 
1.0 1.0 
1.0 1.0 
1.0 1.0 
1.0 1.0 3:1.0 
1.0 1.0 
1.0 1.0 
1.0 1.0 
1.0 1.0 
1.0 1.0 
1.0 1.0 
1.0 1.0 45:1.0 
1.0 1.0 
1.0 1.0 22:1.0 
1.0 1.0 
1.0 1.0 
1.0 1.0 
1.0 1.0 
1.0 1.0 
1.0 1.0 
1.0 1.0 
1.0 1.0 
1.0 1.0 
1.0 1.0 
1.0 1.0 
1.0 1.0 
1.0 1.0 
1.0 1.0 
1.0 1.0 
1.0 1.0 
1.0 1.0 
1.0 1.0 25:1.0 87:1.0 
1.0 1.0 
1.0 1.0 
1.0 1.0 
1.0 1.0 
1.0 1.0 
1.0 1.0 58:1.0 70:1.0 
1.0 1.0 
1.0 1.0 
1.0 1.0 
1.0 1.0 
1.0 1.0 
1.0 1.0 59:1.0 62:1.0 
1.0 1.0 22:1.0 
1.0 1.0 
1.0 1.0 
1.0 1.0 
1.0 1.0 
1.0 1.0 
1.0 1.0 
1.0 1.0 
1.0 1.0 
1.0 1.0 
1.0 1.0 
1.0 1.0 
1.0 1.0 
1.0 1.0 
1.0 1.0 
1.0 1.0 
1.0 1.0 
1.0 1.0 
1.0 1.0 
1.0 1.0 
1.0 1.0 85:1.0 
1.0 1.0 
1.0 1.0 
1.0 1.0 
1.0 1.0 
1.0 1.0 25:1.0 
1.0 1.0 
1.0 1.0 
1.0 1.0 
1.0 1.0 
1.0 1.0 
1.0 1.0 
1.0 1.0 
1.0 1.0 42:1.0 
1.0 1.0 
1.0 1.0 
1.0 1.0 3:1.0 
1.0 1.0 
1.0 1.0 
1.0 1.0 
1.0 1.0 
1.0 1.0 
1.0 1.0 
1.0 1.0 
1.0 1.0 
1.0 1.0 
1.0 1.0 
1.0 1.0 
1.0 1.0 
1.0 1.0 
1.0 1.0 
1.0 1.0 
1.0 1.0 
1.0 1.0 
1.0 1.0 2:1.0 
1.0 1.0 
1.0 1.0 
1.0 1.0 
1.0 1.0 64:1.0 
1.0 1.0 
1.0 1.0 
1.0 1.0 
1.0 0.8148576778091642 23:1.0 48:1.0 68:1.0 89:1.0 92:1.0 97:1.0 107:1.0 
1.0 1.0 
1.0 1.0 2:1.0 
1.0 1.0 
1.0 1.0 
1.0 1.0 
1.0 1.0 
1.0 1.0 
1.0 1.0 39:1.0 
1.0 1.0 55:1.0 
1.0 1.0 
1.0 1.0 
1.0 1.0 
1.0 1.0 42:1.0 
1.0 1.0 
1.0 1.0 19:1.0 
1.0 1.0 68:1.0 74:1.0 99:1.0 
1.0 1.0 
1.0 1.0 
-0.0 1.0 76:1.0 
-1.0 1.0 41:1.0 
-0.2186543738124723 0.2701870193139024 14:1.0 58:1.0 
-0.0 0.04103932521692951 85:1.0 
-1.0 0.0 42:1.0 
-0.19788653260328246 0.254521701996088 4:1.0 15:1.0 
-0.5517836568958372 0.467885475514655 5:1.0 
-0.6351999512140791 1.0 10:1.0 
-0.5183816311712905 1.0 62:1.0 73:1.0 
-0.5441227039063765 1.0 1:1.0 76:1.0 
-0.27527611524954376 1.0 34:1.0 74:1.0 95:1.0 
-1.0 0.0 71:1.0 
-0.0 1.0 83:1.0 88:1.0 98:1.0 
-1.0 0.41176704365914274 47:1.0 85:1.0 89:1.0 
-1.0 1.0 85:1.0 
-1.0 0.21594971125989967 42:1.0 
-0.0 0.20704893355841486 19:1.0 
-1.0 1.0 34:1.0 74:1.0 95:1.0 
-0.0 1.0 11:1.0 
-0.0 0.13693710198936618 53:1.0 
-1.0 0.4700909676862209 86:1.0 
-1.0 0.0 74:1.0 
-1.0 1.0 39:1.0 
-0.0 1.0 37:1.0 
-0.9627263742270811 1.0 19:1.0 
-0.0 0.46777620933813674 50:1.0 
-1.0 1.0 12:1.0 
-0.0 0.4683383647503025 18:1.0 
-0.004341843647919787 0.9655967003444026 6:1.0 
-0.0 0.1724728944420022 56:1.0 82:1.0 
-0.3105130354756314 1.0 11:1.0 27:1.0 
-1.0 0.0 3:1.0 
-1.0 1.0 2:1.0 
-0.7125865628664063 0.46876266201154054 16:1.0 
-0.004208839339894079 0.0 46:1.0 
-0.0 0.2231777387512843 66:1.0 
-0.0 1.0 11:1.0 
-0.0 1.0 24:1.0 
-0.0 1.0 76:1.0 
-0.0 1.0 84:1.0 
-0.0 0.2624029941923248 15:1.0 82:1.0 
-0.0 1.0 37:1.0 
-0.550884047586896 1.0 33:1.0 
-1.0 0.0 29:1.0 
-1.0 0.0 65:1.0 
-1.0 0.0 71:1.0 
-0.15617198864474374 0.18819006086040588 8:1.0 28:1.0 32:1.0 38:1.0 57:1.0 78:1.0 80:1.0 90:1.0 93:1.0 94:1.0 96:1.0 100:1.0 101:1.0 103:1.0 104:1.0 105:1.0 106:1.0 108:1.0 110:1.0 
-0.30976819787491033 1.0 6:1.0 26:1.0 
-0.3745277921219588 1.0 18:1.0 
-0.0 0.5 72:1.0 
-0.9817093249403801 1.0 20:1.0 
-0.0 0.08243279265472472 58:1.0 
-0.49020764073180645 1.0 67:1.0 
-1.0 1.0 19:1.0 
-0.0 0.5034899038889897 14:1.0 
-0.2432852603704057 0.555413531201503 6:1.0 76:1.0 
-0.13368891292206173 0.20045413425387393 11:1.0 81:1.0 
-0.31037533676778417 1.0 52:1.0 60:1.0 
-1.0 0.5 29:1.0 
-0.0 1.0 83:1.0 88:1.0 98:1.0 
-0.9151368710415085 1.0 10:1.0 
-1.0 1.0 48:1.0 68:1.0 74:1.0 89:1.0 92:1.0 97:1.0 99:1.0 107:1.0 109:1.0 
-0.0 0.5 45:1.0 
-0.0 0.2608825501950396 53:1.0 82:1.0 
-0.22606425349909004 0.2706556023222149 4:1.0 66:1.0 
-1.0 0.0 3:1.0 
-0.0 1.0 73:1.0 
-0.0 0.2581944933984752 82:1.0 
-0.0 1.0 
-0.0 1.0 
-0.0 1.0 
-0.0 1.0 
-0.0 1.0 
-0.0 1.0 
-0.0 1.0 
-0.378008953043362 0.2646785829494911 8:1.0 32:1.0 38:1.0 57:1.0 78:1.0 80:1.0 90:1.0 100:1.0 101:1.0 103:1.0 105:1.0 
-0.0 1.0 
-0.0 1.0 
-0.0 1.0 
-0.0 1.0 
-0.0 1.0 
-0.0 1.0 
-0.0 1.0 
-0.0 1.0 
-0.0 1.0 
-0.0 1.0 
-0.0 1.0 
-0.0 1.0 
-0.0 1.0 
-0.0 1.0 
-0.0 1.0 
-0.0 1.0 
-0.0 0.7452770425466553 4:1.0 
-0.0 1.0 
-0.0 1.0 
-0.0 1.0 
-0.0 1.0 
-0.0 1.0 
-0.0 1.0 
-0.0 1.0 
-0.0 1.0 
-0.0 1.0 
-0.2380803510534169 1.0 3:1.0 14:1.0 32:1.0 73:1.0 
-0.0 1.0 
-0.0 1.0 
-0.0 1.0 
-0.0 1.0 
-0.0 1.0 
-0.0 1.0 
-0.0 0.5 7:1.0 
-0.0 1.0 
-0.0 1.0 
-0.0 1.0 
-0.0 1.0 
-0.0 1.0 
-0.0 1.0 
-0.0 1.0 
-0.0 1.0 
-0.0 1.0 
-0.00428093671771773 0.0 60:1.0 
-0.0 1.0 
-0.0 1.0 
-0.0 1.0 
-0.0 1.0 
-1.0 1.0 41:1.0 
-0.0 1.0 
-0.0 1.0 
-0.0 1.0 
-0.0 1.0 
-0.0 1.0 
-0.0 1.0 
-0.0 1.0 
-0.3145581190278716 0.5564231180248204 21:1.0 54:1.0 
-0.0 1.0 
-0.0 1.0 
-0.0 1.0 
-0.0 1.0 
-0.0 1.0 66:1.0 
-0.0 1.0 
-0.0 1.0 
-0.0 1.0 
-1.0 1.0 67:1.0 
-0.0 1.0 
-0.0 1.0 
-0.0 1.0 
-0.0 1.0 
-0.0 1.0 
-0.0 1.0 
-0.2695980547706117 0.791967640435084 44:1.0 
-1.0 1.0 42:1.0 
-0.0 1.0 
-0.0 1.0 
-0.0 1.0 
-0.0 1.0 
-0.8584529365024376 0.0 3:1.0 
-0.2111176846480291 0.8939447010980698 79:1.0 84:1.0 
-0.0 1.0 
-0.0 1.0 
-0.0 1.0 
-0.0 1.0 
-0.0 1.0 
-0.0 1.0 
-0.1985308033330548 0.0 18:1.0 79:1.0 
-0.0 1.0 
-0.0 1.0 
-1.0 1.0 19:1.0 
-0.0 1.0 
-0.15046550293938665 0.925588594973199 11:1.0 
-0.5536522721272249 0.9882349051597235 24:1.0 71:1.0 
-0.0 1.0 
-0.6064209659485772 1.0 45:1.0 
-0.0 1.0 
-0.0 1.0 
-0.0 1.0 
-0.0 1.0 
-0.0 1.0 
-1.0 1.0 69:1.0 
-0.0 1.0 
-0.0 1.0 
-1.0 1.0 16:1.0 
-0.1554008378231523 1.0 26:1.0 
-0.0 1.0 
-0.004433641862428097 0.0 52:1.0 
-0.0 1.0 
-0.0 1.0 
-0.0 1.0 
-0.0 1.0 
-0.0 1.0 
-0.0 1.0 
-0.0 1.0 
-0.0 1.0 
-0.0 1.0 
-0.0 1.0 
-0.0 1.0 
-0.0 1.0 
-0.0 1.0 
-0.0 1.0 
-0.0 1.0 
-0.0 1.0 
-0.9734931947627823 1.0 
-1.0 1.0 
-1.0 1.0 
-0.0 0.029869146804572325 27:1.0 
-1.0 1.0 
-1.0 1.0 
-0.0 1.0 50:1.0 
-1.0 1.0 
-1.0 1.0 
-1.0 1.0 
-1.0 1.0 
-1.0 1.0 
-1.0 1.0 
-1.0 1.0 
-1.0 1.0 
-1.0 1.0 
-1.0 1.0 
-1.0 1.0 
-1.0 1.0 
-1.0 1.0 
-1.0 1.0 
-1.0 1.0 
-1.0 1.0 
-1.0 1.0 
-1.0 1.0 
-1.0 1.0 
-1.0 1.0 
-0.0 0.5 91:1.0 
-1.0 1.0 
-1.0 1.0 
-1.0 1.0 
-1.0 1.0 
-0.3538401628831465 1.0 58:1.0 
-1.0 1.0 
-1.0 1.0 
-0.0 1.0 82:1.0 
-1.0 1.0 
-1.0 1.0 
-1.0 1.0 
-1.0 1.0 
-1.0 1.0 37:1.0 77:1.0 
-1.0 1.0 
-1.0 1.0 
-1.0 1.0 
-1.0 1.0 
-1.0 1.0 
-1.0 1.0 
-1.0 1.0 
-1.0 1.0 
-1.0 1.0 
-1.0 1.0 
-1.0 1.0 
-1.0 1.0 
-1.0 1.0 
-1.0 1.0 
-0.0 1.0 53:1.0 
-1.0 1.0 
-1.0 1.0 
-1.0 1.0 
-1.0 1.0 
-1.0 1.0 
-1.0 1.0 
-1.0 1.0 
-1.0 1.0 
-1.0 1.0 
-1.0 1.0 
-1.0 1.0 
-1.0 1.0 
-1.0 1.0 
-1.0 1.0 
-1.0 1.0 
-0.0 0.46721298937485933 23:1.0 
-1.0 1.0 
-1.0 1.0 
-1.0 1.0 
-0.0 0.3876630535088815 52:1.0 
-1.0 1.0 
-1.0 1.0 
-1.0 1.0 
-0.144700939742751 0.19819160960582188 19:1.0 81:1.0 
-1.0 1.0 
-1.0 1.0 
-1.0 1.0 
-0.0 1.0 49:1.0 
-0.2648812278760138 0.9864005803591176 52:1.0 
-1.0 1.0 
-0.3178416163567637 1.0 49:1.0 54:1.0 
-1.0 1.0 
-1.0 1.0 
-1.0 1.0 
-0.3460775708146179 1.0 66:1.0 
-0.965538551296197 1.0 67:1.0 
-0.0 1.0 43:1.0 
-0.07461528113931135 1.0 35:1.0 
-1.0 1.0 
-1.0 1.0 
-1.0 1.0 
-1.0 1.0 
-1.0 1.0 
-1.0 0.38797666451975843 74:1.0 
-1.0 1.0 
-0.37373395223910777 0.2199912723581565 36:1.0 
-1.0 1.0 
-0.16732504950260782 1.0 49:1.0 
-1.0 1.0 
-0.26711158359847814 1.0 43:1.0 
-1.0 1.0 
-0.7329705140575065 0.9953891263258295 85:1.0 
-1.0 1.0 
-1.0 1.0 
-1.0 1.0 
-1.0 1.0 
-1.0 1.0 59:1.0 
-1.0 1.0 
-1.0 1.0 
-1.0 1.0 
-0.0 0.49917052947647944 46:1.0 
-1.0 1.0 
-1.0 1.0 
-1.0 1.0 
-1.0 1.0 
-1.0 1.0 
-1.0 1.0 
-1.0 1.0 
-1.0 1.0 
-1.0 1.0 
-1.0 1.0 
-1.0 1.0 
-1.0 1.0 
-0.5523830566569328 1.0 53:1.0 
-0.002263104392908588 0.0 21:1.0 
-0.0 0.15818016219391617 17:1.0 
-0.0 1.0 17:1.0 
-1.0 1.0 
-1.0 1.0 
-0.07841388700979364 0.06476075230961124 83:1.0 
-1.0 1.0 
-1.0 1.0 
-1.0 1.0 
-0.26922849293303214 0.0 56:1.0 
-1.0 1.0 
-0.8381569487911009 1.0 16:1.0 
-1.0 1.0 
-1.0 1.0 
-1.0 1.0 
-1.0 1.0 
-0.008961104153190973 1.0 23:1.0 
-1.0 1.0 
-1.0 1.0 
-1.0 0.9671504763066707 29:1.0 
-1.0 1.0 
-1.0 1.0 
-1.0 1.0 
-1.0 1.0 
-1.0 1.0 
-1.0 1.0 
-1.0 1.0 
-1.0 1.0 
-1.0 1.0 
-1.0 1.0 
-1.0 1.0 
-1.0 1.0 
-0.3912250700570482 0.27774736208259804 20:1.0 42:1.0 
-0.0 1.0 27:1.0 
-0.6863908868423618 0.0 51:1.0 
-1.0 1.0 
-0.0 1.0 7:1.0 
-1.0 1.0 
-1.0 1.0 
-1.0 1.0 
-1.0 1.0 
-1.0 1.0 
-1.0 1.0 
-0.9443329103613323 0.9675224294527379 45:1.0 
-1.0 1.0 
-1.0 1.0 
-1.0 1.0 
-1.0 1.0 
-1.0 0.0 54:1.0 
-1.0 1.0 
-1.0 1.0 
-1.0 1.0 
-1.0 1.0 
-1.0 1.0 
-1.0 1.0 23:1.0 
-1.0 1.0 
-1.0 1.0 
-1.0 1.0 
-1.0 1.0 
-1.0 1.0 
-1.0 1.0 
-1.0 1.0 
-0.04548632806752429 0.0 6:1.0 
-1.0 1.0 
-1.0 1.0 
-1.0 1.0 
-1.0 1.0 
-1.0 1.0 
-1.0 1.0 
-1.0 1.0 
-1.0 1.0 
-1.0 1.0 
-1.0 1.0 
-1.0 1.0 
-1.0 1.0 
-1.0 1.0 
-1.0 1.0 
-0.46782936590827323 0.0 70:1.0 
-0.2198396341492132 0.0 19:1.0 79:1.0 
-1.0 1.0 
-1.0 1.0 
-1.0 1.0 
-1.0 1.0 
-1.0 1.0 
-1.0 1.0 
-1.0 1.0 
-1.0 1.0 
-1.0 1.0 
-1.0 1.0 
-1.0 1.0 
-1.0 1.0 
-0.7259033434512856 0.0 31:1.0 
-0.26914043153662404 1.0 27:1.0 
-1.0 1.0 
-1.0 1.0 
-1.0 1.0 
-1.0 1.0 
-1.0 1.0 
-1.0 1.0 
-1.0 1.0 
-1.0 1.0 
-1.0 1.0 
-1.0 1.0 
-1.0 1.0 
-1.0 1.0 
-0.12922968503109433 1.0 26:1.0 81:1.0 
-1.0 1.0 
-1.0 1.0 
-1.0 1.0 
-1.0 1.0 
-1.0 1.0 
-1.0 1.0 
-1.0 1.0 
-1.0 1.0 
-1.0 1.0 
-1.0 1.0 
-1.0 1.0 
-1.0 1.0 
-1.0 1.0 
-1.0 1.0 
-1.0 1.0 
-1.0 1.0 
-1.0 1.0 
-1.0 1.0 
-1.0 1.0 23:1.0 
-1.0 1.0 
-1.0 1.0 
-1.0 1.0 
-1.0 1.0 
-1.0 1.0 
-1.0 1.0 
-1.0 1.0 
-1.0 1.0 
-1.0 1.0 
-1.0 1.0 
-1.0 1.0 
-1.0 1.0 
-1.0 1.0 
-1.0 1.0 
-1.0 1.0 
-1.0 1.0 
-1.0 1.0 
-1.0 0.5227957047501467 31:1.0 
-1.0 1.0 
-1.0 1.0 
-1.0 1.0 
-1.0 1.0 
-0.9873331016386081 0.46693095211211927 70:1.0 
-1.0 1.0 
-1.0 1.0 
-1.0 1.0 
-0.5794187509049271 0.4913862013040858 83:1.0 88:1.0 98:1.0 
-0.0 0.2621475636089975 58:1.0 82:1.0 
-1.0 1.0 
-1.0 1.0 
-1.0 1.0 
-1.0 1.0 
-1.0 1.0 
-1.0 1.0 
-0.0 1.0 72:1.0 
-0.0 1.0 14:1.0 
-0.05088331771327902 1.0 24:1.0 
-1.0 1.0 
-0.06591614051444049 0.0 32:1.0 
-1.0 1.0 
-1.0 1.0 
-1.0 1.0 
-1.0 1.0 
-1.0 1.0 
-1.0 1.0 
-0.4110248996829489 0.41262965063220447 38:1.0 78:1.0 80:1.0 90:1.0 100:1.0 
-0.332881392244869 1.0 17:1.0 
-0.2650459941214834 0.7834605548040535 21:1.0 
-0.3125665384007099 0.36527262800922716 43:1.0 56:1.0 
-0.3111957155480348 0.7473943934140871 35:1.0 44:1.0 
-1.0 1.0 
-1.0 1.0 
-1.0 1.0 
-0.8244214501959131 0.9436414283836349 31:1.0 
-1.0 1.0 
-1.0 1.0 
-1.0 1.0 47:1.0 
-1.0 1.0 
-0.21451963841805186 0.7650617435822695 14:1.0 35:1.0 
-1.0 1.0 
-1.0 1.0 
-1.0 1.0 
-1.0 1.0 
-0.36247829932324993 1.0 84:1.0 
-1.0 1.0 
-1.0 1.0 
-1.0 1.0 
-1.0 1.0 
-0.0 1.0 63:1.0 
-1.0 1.0 
-1.0 1.0 
-1.0 1.0 
-1.0 1.0 
-1.0 1.0 
-1.0 1.0 
-1.0 1.0 
-1.0 1.0 
-1.0 1.0 
-1.0 1.0 
-1.0 1.0 
-0.551123247633928 0.967867054310122 7:1.0 
-1.0 1.0 
-0.9778296832855878 0.0 54:1.0 
-1.0 1.0 
-0.9926090618876526 1.0 36:1.0 
-1.0 1.0 
-1.0 1.0 
-1.0 1.0 
-1.0 1.0 
-1.0 1.0 
-1.0 1.0 58:1.0 87:1.0 
-1.0 1.0 
-1.0 1.0 
-1.0 1.0 
-1.0 1.0 
-1.0 1.0 
-1.0 1.0 
-1.0 1.0 
-1.0 1.0 
-1.0 1.0 
-1.0 1.0 
-1.0 1.0 
-1.0 1.0 
-1.0 1.0 
-1.0 1.0 
-1.0 1.0 
-1.0 1.0 
-1.0 1.0 
-1.0 1.0 
-1.0 1.0 
-1.0 1.0 
-1.0 1.0 
-1.0 1.0 
-1.0 0.9883556035742039 19:1.0 
-1.0 1.0 
-1.0 1.0 
-1.0 1.0 
-1.0 1.0 
-1.0 1.0 
-1.0 1.0 
-1.0 1.0 
-1.0 1.0 
-1.0 1.0 23:1.0 
-1.0 1.0 
-1.0 1.0 
-1.0 1.0 
-1.0 1.0 
-1.0 1.0 
-1.0 1.0 
-1.0 1.0 
-1.0 1.0 
-1.0 1.0 
-1.0 1.0 
-1.0 1.0 
-1.0 1.0 
-1.0 1.0 
-1.0 1.0 
-1.0 1.0 
-1.0 1.0 
-0.3728779453850033 4.3525082970753345E-4 15:1.0 
-1.0 1.0 
-1.0 1.0 74:1.0 
-1.0 1.0 
-0.0 1.0 82:1.0 
-1.0 1.0 
-1.0 1.0 
-1.0 1.0 
-0.2643112047675368 0.2604420335201554 17:1.0 20:1.0 81:1.0 
-1.0 1.0 
-1.0 1.0 
-1.0 1.0 
-1.0 1.0 
-1.0 1.0 
-1.0 1.0 
-1.0 1.0 
-0.20599007578162654 0.27286674029557406 4:1.0 36:1.0 
-1.0 1.0 
-1.0 1.0 
-1.0 1.0 
-1.0 1.0 
-1.0 1.0 
-1.0 1.0 
-1.0 1.0 
-1.0 1.0 
-1.0 1.0 
-1.0 1.0 
-1.0 1.0 
-1.0 1.0 
-1.0 1.0 
-1.0 1.0 
-1.0 1.0 
-1.0 1.0 
-1.0 1.0 
-0.551855551275856 0.46830224849961516 63:1.0 
-1.0 1.0 
-0.5505418744186291 0.9685092428586528 91:1.0 
-1.0 1.0 
-1.0 1.0 
-1.0 1.0 
-1.0 1.0 
-1.0 1.0 
-1.0 1.0 
-1.0 1.0 
-0.26745174575140634 0.4689871767468294 60:1.0 
-1.0 1.0 
-1.0 1.0 
-1.0 1.0 
-1.0 1.0 
-1.0 1.0 
-1.0 1.0 
-1.0 1.0 
-1.0 1.0 
-1.0 0.22041831330764136 65:1.0 
-1.0 1.0 
-1.0 1.0 
-1.0 1.0 
-1.0 1.0 
-1.0 1.0 
-1.0 1.0 
-1.0 1.0 
-1.0 1.0 49:1.0 
-1.0 1.0 
-1.0 1.0 
-1.0 1.0 
-1.0 1.0 
-1.0 1.0 
-1.0 1.0 
-1.0 1.0 
-1.0 1.0 
-1.0 1.0 
-1.0 1.0 
-1.0 1.0 
-1.0 1.0 
-1.0 1.0 
-1.0 1.0 
-1.0 1.0 
-0.5503368222555877 1.0 9:1.0 
-0.5520089226174383 0.9687638997660033 72:1.0 
-1.0 0.9517252084932587 
-1.0 1.0 
-1.0 1.0 
-0.0 1.0 82:1.0 
-1.0 1.0 
-0.39338405502073104 0.3009986990885555 8:1.0 28:1.0 32:1.0 38:1.0 78:1.0 80:1.0 90:1.0 93:1.0 94:1.0 96:1.0 100:1.0 101:1.0 104:1.0 106:1.0 108:1.0 110:1.0 
-1.0 1.0 
-1.0 1.0 
-1.0 1.0 
-1.0 1.0 
-1.0 1.0 
-1.0 1.0 
-1.0 1.0 
-1.0 1.0 
-1.0 1.0 
-1.0 1.0 
-1.0 1.0 
-1.0 1.0 
-1.0 1.0 
-1.0 1.0 
-1.0 1.0 
-1.0 1.0 
-0.0 1.0 76:1.0 
-1.0 1.0 65:1.0 
-1.0 1.0 
-1.0 1.0 
-0.5497726884202 0.96960812843967 46:1.0 
-1.0 1.0 
-0.6044738228914212 1.0 40:1.0 61:1.0 102:1.0 
-1.0 1.0 
-1.0 1.0 
-1.0 1.0 
-1.0 1.0 
-1.0 1.0 
-1.0 1.0 
-1.0 1.0 
-1.0 1.0 
-1.0 1.0 
-1.0 1.0 
-1.0 1.0 
-1.0 1.0 
-1.0 1.0 
-0.5499086882995987 1.0 50:1.0 
-1.0 1.0 
-1.0 1.0 
-1.0 1.0 
-1.0 1.0 
-1.0 1.0 
-0.54930025378572 1.0 
-0.0 1.0 
-0.8650496002535288 0.4673665840421835 51:1.0 
-0.9955722185701404 1.0 23:1.0 
-0.0 1.0 
-0.0 1.0 
-0.0 1.0 
-0.0 1.0 
-0.0 1.0 
-0.0 1.0 
-0.0 1.0 
-0.0 1.0 
-0.0 1.0 
-0.9397672304672047 1.0 62:1.0 76:1.0 
-0.0 1.0 
-0.46723771167646466 0.6203487729768965 3:1.0 41:1.0 
-0.0 1.0 
-0.0 1.0 
-0.0 1.0 
-0.309760609724657 0.22690062940015016 8:1.0 28:1.0 32:1.0 38:1.0 57:1.0 78:1.0 80:1.0 93:1.0 94:1.0 96:1.0 100:1.0 101:1.0 103:1.0 104:1.0 105:1.0 106:1.0 108:1.0 110:1.0 
-1.0 0.2724454555275367 65:1.0 82:1.0 
-0.0 1.0 
-0.0 1.0 
-0.0 1.0 
-0.0 0.7479294850565251 
-0.0 -1.0 
-0.0 -1.0 
-0.0 -1.0 
-0.0 -1.0 
-1.0 -1.0 25:1.0 
-0.0 -1.0 
-0.0 -1.0 
-0.0 -1.0 24:1.0 
-0.0 -1.0 
-0.0 -1.0 
-0.0 -1.0 
-0.0 -1.0 
-0.0 -1.0 
-0.0 -1.0 
-0.0 -1.0 
-0.0 -1.0 
-1.0 -1.0 77:1.0 
-0.0 -1.0 
-0.0 -1.0 
-0.0 -1.0 
-0.0 -1.0 
-0.0 -1.0 
-0.0 -1.0 
-0.0 -1.0 73:1.0 
-1.0 -1.0 30:1.0 
-0.0 -1.0 
-0.0 -1.0 66:1.0 
-0.0 -1.0 
-0.0 -1.0 
-0.0 -1.0 
-0.0 -1.0 
-0.0 -1.0 
-0.0 -1.0 
-0.0 -1.0 
-0.0 -1.0 
-0.8051925350410039 -1.0 10:1.0 
-0.0 -1.0 
-0.0 -1.0 
-0.0 -1.0 
-0.0 -1.0 
-0.0 -1.0 
-0.8020919744850649 -1.0 91:1.0 
-1.0 -1.0 17:1.0 19:1.0 
-0.0 -1.0 
-0.0 -1.0 1:1.0 
-0.0 -1.0 
-0.0 -1.0 
-0.0 -1.0 
-0.0 -1.0 
-0.0 -1.0 9:1.0 
-0.0 -1.0 
-0.9386850499870103 -1.0 45:1.0 
-0.0 -1.0 
-0.0 -1.0 
-0.0 -1.0 
-0.0 -1.0 
-1.0 -1.0 64:1.0 69:1.0 
-0.0 -1.0 
-0.0 -1.0 
-0.0 -1.0 
-0.0 -1.0 
-0.0 -1.0 26:1.0 
-0.0 -1.0 
-0.0 -1.0 
-0.0 -1.0 
-0.0 -1.0 
-0.0 -1.0 
-0.0 -1.0 73:1.0 
-0.0 -1.0 
-0.0 -1.0 
-0.0 -1.0 
-0.0 -1.0 
-0.9968868121413182 -1.0 10:1.0 
-0.0 -1.0 
-0.0 -1.0 
-0.0 -1.0 
-0.0 -1.0 
-0.0 -1.0 
-0.0 -1.0 
-0.0 -1.0 
-0.0 -1.0 
-0.8021558581664632 -1.0 46:1.0 
-0.0 -1.0 
-0.7918616642992078 -1.0 62:1.0 
-0.0 -1.0 
-0.0 -1.0 
-0.0 -1.0 
-0.0 -1.0 
-0.7409955177903189 -1.0 58:1.0 
-0.0 -1.0 
-0.0 -1.0 
-0.0 -1.0 
-0.0 -1.0 
-0.0 -1.0 49:1.0 
-0.0 -1.0 
-1.0 -1.0 12:1.0 
-0.0 -1.0 
-0.0 -1.0 
-0.0 -1.0 
-0.0 -1.0 
-0.0 -1.0 
-0.0 -1.0 
-0.0 -1.0 11:1.0 27:1.0 33:1.0 
-0.0 -1.0 
-0.0 -1.0 
-0.0 -1.0 
-0.0 -1.0 
-0.8022721262151343 -1.0 4:1.0 
-0.0 -1.0 
-0.0 -1.0 
-0.0 -1.0 
-0.0 -1.0 
-0.0 -1.0 
-0.0 -1.0 
-1.0 -1.0 11:1.0 21:1.0 54:1.0 
-0.0 -1.0 
-1.0 -1.0 
-1.0 -1.0 
-1.0 -1.0 
-0.0 -1.0 37:1.0 
-0.0 -1.0 76:1.0 
-0.9657737790863392 -1.0 58:1.0 
-0.0 -1.0 73:1.0 
-1.0 -1.0 
-1.0 -1.0 
-1.0 -1.0 16:1.0 
-1.0 -1.0 
-1.0 -1.0 
-1.0 -1.0 
-1.0 -1.0 
-1.0 -1.0 
-1.0 -1.0 
-0.7500978153490785 -1.0 41:1.0 
-1.0 -1.0 
-1.0 -1.0 
-1.0 -1.0 
-1.0 -1.0 
-1.0 -1.0 
-0.3942450465268778 -1.0 49:1.0 
-1.0 -1.0 
-1.0 -1.0 
-1.0 -1.0 
-1.0 -1.0 
-1.0 -1.0 43:1.0 64:1.0 
-1.0 -1.0 
-1.0 -1.0 
-1.0 -1.0 65:1.0 
-1.0 -1.0 
-1.0 -1.0 
-0.0 -1.0 43:1.0 
-1.0 -1.0 
-0.0 -1.0 40:1.0 61:1.0 102:1.0 
-0.0 -1.0 76:1.0 
-1.0 -1.0 
-1.0 -1.0 
-1.0 -1.0 
-1.0 -1.0 
-0.0 -1.0 72:1.0 
-1.0 -1.0 
-1.0 -1.0 
-1.0 -1.0 
-1.0 -1.0 
-1.0 -1.0 
-1.0 -1.0 
-1.0 -1.0 
-0.0 -1.0 50:1.0 
-1.0 -1.0 
-1.0 -1.0 
-1.0 -1.0 
-1.0 -1.0 
-1.0 -1.0 
-0.373099777508409 -1.0 33:1.0 
-1.0 -1.0 
-1.0 -1.0 
-1.0 -1.0 34:1.0 74:1.0 95:1.0 
-1.0 -1.0 
-0.1784421018131706 -1.0 23:1.0 
-1.0 -1.0 
-1.0 -1.0 
-1.0 -1.0 
-1.0 -1.0 
-0.7996379994932361 -1.0 44:1.0 
-1.0 -1.0 
-0.9150449027095413 -1.0 62:1.0 
-1.0 -1.0 55:1.0 
-1.0 -1.0 
-1.0 -1.0 
-1.0 -1.0 
-1.0 -1.0 23:1.0 
-1.0 -1.0 
-1.0 -1.0 
-1.0 -1.0 
-1.0 -1.0 
-1.0 -1.0 
-0.0 -1.0 26:1.0 
-1.0 -1.0 
-1.0 -1.0 
-1.0 -1.0 
-1.0 -1.0 
-1.0 -1.0 
-1.0 -1.0 
-1.0 -1.0 
-0.0 -1.0 83:1.0 88:1.0 98:1.0 
-1.0 -1.0 49:1.0 55:1.0 
-0.0 -1.0 24:1.0 
-1.0 -1.0 
-1.0 -1.0 
-0.8006544492475186 -1.0 81:1.0 
-1.0 -1.0 
-0.0 -1.0 67:1.0 
-1.0 -1.0 
-1.0 -1.0 
-0.0 -1.0 37:1.0 
-1.0 -1.0 
-1.0 -1.0 
-1.0 -1.0 
-1.0 -1.0 
-1.0 -1.0 22:1.0 
-1.0 -1.0 
-0.4238756322304913 -1.0 82:1.0 84:1.0 
-1.0 -1.0 
-1.0 -1.0 
-1.0 -1.0 
-1.0 -1.0 
-1.0 -1.0 
-1.0 -1.0 
-1.0 -1.0 
-1.0 -1.0 
-1.0 -1.0 
-1.0 -1.0 
-1.0 -1.0 
-1.0 -1.0 
-1.0 -1.0 
-1.0 -1.0 
-1.0 -1.0 
-1.0 -1.0 
-1.0 -1.0 
-1.0 -1.0 85:1.0 
-1.0 -1.0 
-1.0 -1.0 
-1.0 -1.0 
-1.0 -1.0 
-0.8020773459034098 -1.0 50:1.0 
-0.0 -1.0 53:1.0 
-1.0 -1.0 
-1.0 -1.0 
-1.0 -1.0 
-1.0 -1.0 
-1.0 -1.0 
-1.0 -1.0 
-1.0 -1.0 
-1.0 -1.0 
-1.0 -1.0 
-0.44809400541055594 -1.0 49:1.0 84:1.0 
-1.0 -1.0 
-1.0 -1.0 
-1.0 -1.0 
-1.0 -1.0 
-1.0 -1.0 
-0.8839041867520324 -1.0 11:1.0 77:1.0 
-0.0 -1.0 73:1.0 
-0.8028012229463728 -1.0 67:1.0 
-1.0 -1.0 
-1.0 -1.0 76:1.0 
-1.0 -1.0 
-1.0 -1.0 
-1.0 -1.0 
-1.0 -1.0 
-1.0 -1.0 
-1.0 -1.0 
-1.0 -1.0 
-1.0 -1.0 
-0.0 -1.0 1:1.0 
-1.0 -1.0 
-1.0 -1.0 
-1.0 -1.0 
-1.0 -1.0 
-1.0 -1.0 
-1.0 -1.0 
-1.0 -1.0 
-1.0 -1.0 
-1.0 -1.0 
-1.0 -1.0 
-1.0 -1.0 
-1.0 -1.0 
-1.0 -1.0 
-1.0 -1.0 
-1.0 -1.0 
-1.0 -1.0 
-1.0 -1.0 
-1.0 -1.0 
-1.0 -1.0 
-0.0 -1.0 82:1.0 
-1.0 -1.0 
-1.0 -1.0 
-1.0 -1.0 
-1.0 -1.0 
-1.0 -1.0 
-1.0 -1.0 
-0.800290897606762 -1.0 18:1.0 
-1.0 -1.0 
-1.0 -1.0 
-1.0 -1.0 
-0.0 -1.0 82:1.0 
-1.0 -1.0 
-1.0 -1.0 
-1.0 -1.0 
-1.0 -1.0 
-1.0 -1.0 
-1.0 -1.0 
-1.0 -1.0 
-1.0 -1.0 
-1.0 -1.0 
-1.0 -1.0 
-0.0 -1.0 73:1.0 
-1.0 -1.0 87:1.0 
-1.0 -1.0 36:1.0 
-0.8020793471823235 -1.0 24:1.0 
-1.0 -1.0 
-1.0 -1.0 67:1.0 
-0.48742140564960607 -1.0 27:1.0 40:1.0 61:1.0 102:1.0 
-1.0 -1.0 
-1.0 -1.0 
-1.0 -1.0 
-1.0 -1.0 
-1.0 -1.0 
-1.0 -1.0 
-1.0 -1.0 
-0.8019316229769748 -1.0 26:1.0 
-1.0 -1.0 
-1.0 -1.0 
-1.0 -1.0 
-1.0 -1.0 
-1.0 -1.0 
-1.0 -1.0 
-1.0 -1.0 
-1.0 -1.0 
-0.0 -1.0 1:1.0 
-1.0 -1.0 
-0.0 -1.0 1:1.0 76:1.0 
-1.0 -1.0 
-1.0 -1.0 
-1.0 -1.0 
-1.0 -1.0 
-1.0 -1.0 
-1.0 -1.0 
-1.0 -1.0 
-1.0 -1.0 
-1.0 -1.0 
-1.0 -1.0 
-1.0 -1.0 
-1.0 -1.0 
-0.0 -1.0 35:1.0 
-1.0 -1.0 
-1.0 -1.0 
-0.8620403726160271 -1.0 34:1.0 74:1.0 95:1.0 
-1.0 -1.0 
-1.0 -1.0 
-1.0 -1.0 
-1.0 -1.0 
-1.0 -1.0 64:1.0 
-0.8801555894590406 -1.0 83:1.0 88:1.0 98:1.0 
-1.0 -1.0 
-1.0 -1.0 
-1.0 -1.0 
-1.0 -1.0 
-1.0 -1.0 
-1.0 -1.0 
-1.0 -1.0 
-1.0 -1.0 23:1.0 
-1.0 -1.0 2:1.0 75:1.0 87:1.0 
-1.0 -1.0 
-1.0 -1.0 
-1.0 -1.0 
-1.0 -1.0 
-0.4754151512404098 -1.0 27:1.0 33:1.0 
-1.0 -1.0 
-1.0 -1.0 53:1.0 87:1.0 
-1.0 -1.0 41:1.0 
-1.0 -1.0 
-0.8020083907299889 -1.0 76:1.0 
-1.0 -1.0 
-1.0 -1.0 
-1.0 -1.0 
-1.0 -1.0 
-1.0 -1.0 
-1.0 -1.0 
-1.0 -1.0 
-1.0 -1.0 
-1.0 -1.0 
-1.0 -1.0 74:1.0 
-0.802068893109065 -1.0 63:1.0 
-1.0 -1.0 
-1.0 -1.0 
-1.0 -1.0 
-1.0 -1.0 
-1.0 -1.0 
-1.0 -1.0 
-1.0 -1.0 
-1.0 -1.0 
-1.0 -1.0 
-1.0 -1.0 
-1.0 -1.0 
-1.0 -1.0 6:1.0 47:1.0 
-1.0 -1.0 
-1.0 -1.0 
-0.0 -1.0 73:1.0 
-1.0 -1.0 1:1.0 13:1.0 
-1.0 -1.0 
-0.0 -1.0 7:1.0 
-0.8340425938571239 -1.0 52:1.0 60:1.0 
-1.0 -1.0 
-1.0 -1.0 
-1.0 -1.0 
-1.0 -1.0 
-1.0 -1.0 
-1.0 -1.0 
-1.0 -1.0 
-0.0 -1.0 59:1.0 
-1.0 -1.0 
-1.0 -1.0 
-1.0 -1.0 
-1.0 -1.0 
-1.0 -1.0 
-1.0 -1.0 
-0.0 -1.0 9:1.0 14:1.0 
-1.0 -1.0 
-0.7757113615671585 -1.0 59:1.0 
-1.0 -1.0 
-1.0 -1.0 
-1.0 -1.0 
-1.0 -1.0 
-1.0 -1.0 
-1.0 -1.0 
-1.0 -1.0 
-1.0 -1.0 16:1.0 
-1.0 -1.0 
-1.0 -1.0 
-1.0 -1.0 
-1.0 -1.0 
-1.0 -1.0 
-1.0 -1.0 23:1.0 
-1.0 -1.0 
-1.0 -1.0 
-1.0 -1.0 
-1.0 -1.0 
-1.0 -1.0 
-1.0 -1.0 
-1.0 -1.0 39:1.0 
-1.0 -1.0 
-1.0 -1.0 
-1.0 -1.0 
-1.0 -1.0 
-1.0 -1.0 
-1.0 -1.0 
-1.0 -1.0 
-1.0 -1.0 
-1.0 -1.0 
-1.0 -1.0 
-1.0 -1.0 
-0.0 -1.0 37:1.0 
-1.0 -1.0 
-1.0 -1.0 
-1.0 -1.0 
-1.0 -1.0 
-1.0 -1.0 19:1.0 
-1.0 -1.0 
-0.012750167879383927 -1.0 84:1.0 
-1.0 -1.0 
-0.0 -1.0 40:1.0 61:1.0 102:1.0 
-1.0 -1.0 
-1.0 -1.0 
-1.0 -1.0 
-0.4388450184332022 -1.0 40:1.0 61:1.0 102:1.0 
-1.0 -1.0 
-0.9755728232655358 -1.0 23:1.0 
-1.0 -1.0 
-1.0 -1.0 
-1.0 -1.0 
-1.0 -1.0 
-1.0 -1.0 
-1.0 -1.0 
-1.0 -1.0 
-1.0 -1.0 
-1.0 -1.0 
-1.0 -1.0 
-1.0 -1.0 
-1.0 -1.0 
-1.0 -1.0 
-1.0 -1.0 
-1.0 -1.0 
-1.0 -1.0 
-1.0 -1.0 
-1.0 -1.0 
-0.8021558581664635 -1.0 66:1.0 
-1.0 -1.0 
-1.0 -1.0 
-0.0 -1.0 9:1.0 
-1.0 -1.0 
-1.0 -1.0 
-1.0 -1.0 
-0.8006544492475173 -1.0 37:1.0 
-1.0 -1.0 
-1.0 -1.0 42:1.0 
-1.0 -1.0 
-0.9313984385476604 -1.0 59:1.0 
-1.0 -1.0 
-1.0 -1.0 
-1.0 -1.0 
-0.0 -1.0 11:1.0 
-1.0 -1.0 22:1.0 
-1.0 -1.0 
-1.0 -1.0 
-1.0 -1.0 
-1.0 -1.0 
-0.0 -1.0 73:1.0 
-1.0 -1.0 
-0.41853870481321775 -1.0 82:1.0 
-0.0 -1.0 73:1.0 
-1.0 -1.0 34:1.0 48:1.0 68:1.0 74:1.0 89:1.0 92:1.0 95:1.0 97:1.0 99:1.0 107:1.0 109:1.0 
-1.0 -1.0 
-0.015842680321240084 -1.0 14:1.0 52:1.0 
-1.0 -1.0 
-1.0 -1.0 
-1.0 -1.0 
-1.0 -1.0 
-1.0 -1.0 
-1.0 -1.0 29:1.0 
-1.0 -1.0 
-1.0 -1.0 
-1.0 -1.0 
-1.0 -1.0 
-1.0 -1.0 
-1.0 -1.0 
-1.0 -1.0 
-1.0 -1.0 
-1.0 -1.0 
-1.0 -1.0 
-1.0 -1.0 
-1.0 -1.0 
-1.0 -1.0 
-1.0 -1.0 
-1.0 -1.0 
-1.0 -1.0 
-1.0 -1.0 
-0.8633233407429786 -1.0 45:1.0 
-1.0 -1.0 
-1.0 -1.0 
-1.0 -1.0 
-1.0 -1.0 
-1.0 -1.0 
-1.0 -1.0 
-1.0 -1.0 
-0.8002908976067638 -1.0 35:1.0 
-1.0 -1.0 
-1.0 -1.0 
-1.0 -1.0 
-1.0 -1.0 
-1.0 -1.0 
-1.0 -1.0 
-0.8017198495276501 -1.0 9:1.0 
-1.0 -1.0 
-1.0 -1.0 
-1.0 -1.0 
-1.0 -1.0 
-1.0 -1.0 
-1.0 -1.0 
-1.0 -1.0 90:1.0 
-1.0 -1.0 
-1.0 -1.0 
-0.8048308633325664 -1.0 73:1.0 
-1.0 -1.0 
-1.0 -1.0 
-1.0 -1.0 
-1.0 -1.0 
-1.0 -1.0 
-1.0 -1.0 
-0.901449533237358 -1.0 67:1.0 
-1.0 -1.0 
-1.0 -1.0 
-1.0 -1.0 
-1.0 -1.0 
-1.0 -1.0 
-1.0 -1.0 
-1.0 -1.0 
-1.0 -1.0 
-1.0 -1.0 
-0.8026694979870163 -1.0 72:1.0 
-1.0 -1.0 
-1.0 -1.0 31:1.0 
-1.0 -1.0 
-1.0 -1.0 14:1.0 85:1.0 
-1.0 -1.0 
-1.0 -1.0 
-1.0 -1.0 
-1.0 -1.0 
-1.0 -1.0 
-1.0 -1.0 
-1.0 -1.0 19:1.0 
-1.0 -1.0 
-1.0 -1.0 
-1.0 -1.0 
-1.0 -1.0 30:1.0 
-1.0 -1.0 
-1.0 -1.0 1:1.0 13:1.0 
-1.0 -1.0 
-1.0 -1.0 
-1.0 -1.0 
-1.0 -1.0 19:1.0 
-1.0 -1.0 
-1.0 -1.0 
-1.0 -1.0 
-1.0 -1.0 
-1.0 -1.0 
-1.0 -1.0 
-1.0 -1.0 
-1.0 -1.0 
-1.0 -1.0 
-0.0 -1.0 6:1.0 
-1.0 -1.0 
-1.0 -1.0 
-1.0 -1.0 
-1.0 -1.0 
-1.0 -1.0 
-1.0 -1.0 
-1.0 -1.0 
-1.0 -1.0 
-1.0 -1.0 
-0.8019739042405137 -1.0 7:1.0 
-1.0 -1.0 
-1.0 -1.0 
-1.0 -1.0 
-1.0 -1.0 
-1.0 -1.0 
-1.0 -1.0 
-1.0 -1.0 
-1.0 -1.0 
-1.0 -1.0 
-1.0 -1.0 
-1.0 -1.0 
-1.0 -1.0 
-1.0 -1.0 
-1.0 -1.0 
-1.0 -1.0 
-1.0 -1.0 20:1.0 
-1.0 -1.0 
-1.0 -1.0 
-1.0 -1.0 
-1.0 -1.0 
-1.0 -1.0 
-0.0 -1.0 17:1.0 
-1.0 -1.0 
-1.0 -1.0 
-1.0 -1.0 
-1.0 -1.0 
-1.0 -1.0 
-1.0 -1.0 
-1.0 -1.0 
-1.0 -1.0 
-1.0 -1.0 
-0.4591647547162689 -1.0 
-0.0 -1.0 
-0.0 -1.0 
-0.0 -1.0 
-0.0 -1.0 
-0.0 -1.0 
-0.0 -1.0 
-0.0 -1.0 
-0.0 -1.0 
-0.0 -1.0 
-0.0 -1.0 
-0.0 -1.0 
-0.0 -1.0 
-0.0 -1.0 
-0.9568318330356693 -1.0 41:1.0 
-0.0 -1.0 
-0.0 -1.0 
-0.0 -1.0 
-0.0 -1.0 
-0.0 -1.0 
-0.0 -1.0 
-0.0 -1.0 
