svm_type c_svc
kernel_type rbf
gamma 1.0
nr_class 3
total_sv 1901
rho 0.31305422684403283 -0.07681734611665747 -0.19759746057609312
label 2 0 1
nr_sv 504 726 671
SV
100.0 100.0 
100.0 100.0 
100.0 100.0 
100.0 100.0 
1.3235467899017497 1.115166005024442 2:1.0 41:1.0 
100.0 100.0 
100.0 100.0 
100.0 100.0 
100.0 100.0 
100.0 100.0 
100.0 100.0 
100.0 100.0 
100.0 100.0 
100.0 100.0 
1.158120840308598 1.34359933034996 42:1.0 64:1.0 69:1.0 
100.0 100.0 
100.0 100.0 
100.0 100.0 
100.0 100.0 
100.0 100.0 
100.0 100.0 
100.0 1.683486838827791 31:1.0 
100.0 100.0 
100.0 100.0 
100.0 100.0 
100.0 100.0 
100.0 100.0 
100.0 100.0 
100.0 100.0 
100.0 100.0 
100.0 100.0 
100.0 100.0 
100.0 100.0 
100.0 100.0 
100.0 100.0 
100.0 100.0 
100.0 100.0 
100.0 100.0 
100.0 100.0 
0.0 1.7347764606228377 25:1.0 
100.0 100.0 
1.2977939964589875 0.8973605388777727 68:1.0 74:1.0 86:1.0 89:1.0 97:1.0 99:1.0 109:1.0 
100.0 100.0 
100.0 100.0 
100.0 100.0 
100.0 100.0 
100.0 100.0 
100.0 100.0 
100.0 100.0 
100.0 100.0 
100.0 100.0 
100.0 100.0 
100.0 100.0 
100.0 100.0 
100.0 1.5263097266784125 51:1.0 
100.0 100.0 
100.0 100.0 
100.0 100.0 
100.0 1.7347764606228377 29:1.0 
100.0 100.0 
100.0 100.0 
100.0 100.0 
100.0 100.0 
100.0 100.0 16:1.0 
100.0 100.0 41:1.0 
100.0 100.0 
100.0 100.0 
0.0 0.9186314844150943 34:1.0 48:1.0 68:1.0 74:1.0 89:1.0 92:1.0 95:1.0 97:1.0 99:1.0 107:1.0 109:1.0 
0.9581240598543194 0.13067024924276616 12:1.0 86:1.0 
100.0 100.0 
100.0 100.0 
100.0 100.0 
1.5963503173327707 1.5094208531440068 12:1.0 
100.0 100.0 
100.0 100.0 10:1.0 
100.0 100.0 
100.0 100.0 
100.0 100.0 
100.0 100.0 
100.0 100.0 
100.0 100.0 
100.0 100.0 
100.0 100.0 
100.0 100.0 
100.0 100.0 
100.0 100.0 
100.0 100.0 
0.3390098067972229 0.13065105141797678 13:1.0 64:1.0 
1.4323900746441272 100.0 34:1.0 48:1.0 68:1.0 74:1.0 89:1.0 92:1.0 95:1.0 97:1.0 99:1.0 107:1.0 109:1.0 
100.0 100.0 
1.8110086414601076 1.748230135638845 75:1.0 
100.0 100.0 
100.0 100.0 
1.9563101290783638 0.0 47:1.0 
100.0 100.0 
100.0 100.0 
100.0 100.0 
100.0 100.0 
100.0 100.0 
100.0 100.0 
100.0 100.0 
100.0 100.0 
100.0 99.74339394241314 29:1.0 
100.0 100.0 
100.0 100.0 
100.0 100.0 
100.0 100.0 
100.0 100.0 
100.0 100.0 
100.0 100.0 
100.0 0.0 54:1.0 
1.7710516900496571 1.4331054854438938 89:1.0 
100.0 100.0 
100.0 100.0 
100.0 100.0 
100.0 100.0 
100.0 1.4762500510147583 86:1.0 
100.0 100.0 
100.0 100.0 
100.0 100.0 
100.0 100.0 
100.0 100.0 
100.0 100.0 
100.0 100.0 
100.0 100.0 
100.0 100.0 
100.0 100.0 
100.0 100.0 
100.0 100.0 
100.0 100.0 
100.0 100.0 
100.0 100.0 
100.0 100.0 
100.0 100.0 
100.0 100.0 
100.0 100.0 
100.0 100.0 
100.0 100.0 
100.0 100.0 36:1.0 
100.0 100.0 
100.0 100.0 
100.0 100.0 
100.0 100.0 
100.0 100.0 
100.0 100.0 
100.0 100.0 
100.0 100.0 
100.0 100.0 
100.0 100.0 
100.0 100.0 
100.0 100.0 
100.0 100.0 
100.0 100.0 
100.0 100.0 
100.0 100.0 23:1.0 
100.0 2.0748409996287474 85:1.0 
0.0 2.468681874998492 87:1.0 
100.0 100.0 
99.86228534371034 99.96858367212738 12:1.0 
100.0 100.0 
100.0 100.0 
0.0 1.5270034480253156 22:1.0 
100.0 0.0 71:1.0 
2.1837672348676813 99.80556983790633 87:1.0 
2.3074200214265557 2.0992126053559064 23:1.0 49:1.0 
100.0 100.0 
100.0 100.0 
100.0 100.0 76:1.0 
100.0 100.0 
100.0 100.0 
100.0 99.84307044206768 31:1.0 
100.0 100.0 
100.0 100.0 
100.0 100.0 
100.0 100.0 
100.0 100.0 
100.0 100.0 
100.0 100.0 
100.0 100.0 
0.9872740110339783 0.6894250847530589 19:1.0 68:1.0 74:1.0 99:1.0 
100.0 100.0 
100.0 100.0 
100.0 100.0 
100.0 100.0 
100.0 100.0 
100.0 100.0 
100.0 100.0 
100.0 100.0 
100.0 100.0 
100.0 100.0 
100.0 100.0 
100.0 100.0 
100.0 100.0 
100.0 100.0 19:1.0 
100.0 100.0 
100.0 100.0 
100.0 100.0 
100.0 100.0 
100.0 100.0 
100.0 100.0 
100.0 100.0 
100.0 100.0 
100.0 2.414224831695767 69:1.0 
100.0 100.0 
100.0 1.7019439260414804 74:1.0 
100.0 100.0 
1.6862958409953166 2.0518946674240937 13:1.0 
100.0 100.0 
100.0 100.0 
100.0 100.0 20:1.0 
100.0 100.0 
100.0 100.0 19:1.0 
100.0 100.0 
100.0 100.0 
100.0 100.0 
2.419804662959834 0.0 65:1.0 
100.0 100.0 
100.0 100.0 
100.0 100.0 
1.8212478814987867 100.0 77:1.0 
100.0 100.0 
100.0 100.0 
1.824356562592015 100.0 90:1.0 
100.0 100.0 
100.0 100.0 
0.0 2.366475523521429 55:1.0 
100.0 100.0 16:1.0 
100.0 100.0 
1.2088577679870827 0.8090208575756642 47:1.0 48:1.0 89:1.0 92:1.0 
100.0 100.0 
100.0 100.0 
0.3391650930364931 0.13081338140885174 25:1.0 89:1.0 
1.3236320510989694 1.6627188933800892 67:1.0 77:1.0 
100.0 100.0 
100.0 100.0 
100.0 100.0 
100.0 99.88000690894165 74:1.0 
100.0 100.0 
100.0 100.0 67:1.0 
100.0 0.0 65:1.0 
100.0 100.0 
100.0 100.0 
100.0 100.0 
100.0 100.0 
100.0 100.0 
100.0 100.0 23:1.0 
100.0 100.0 
100.0 100.0 
100.0 100.0 
100.0 100.0 
100.0 100.0 
100.0 100.0 
100.0 100.0 
99.94626539133722 2.0601375731196807 47:1.0 
100.0 100.0 
100.0 100.0 
100.0 100.0 
100.0 100.0 
100.0 100.0 
100.0 100.0 
100.0 100.0 
100.0 1.681871680989093 54:1.0 
0.0 1.7227097023752536 30:1.0 
100.0 100.0 
100.0 100.0 
0.0 100.0 30:1.0 
1.8112876946038816 99.8030286611145 30:1.0 
100.0 100.0 
100.0 100.0 
100.0 100.0 
100.0 100.0 
100.0 100.0 
100.0 100.0 
100.0 100.0 
100.0 1.5300468580441569 65:1.0 
100.0 100.0 
100.0 100.0 
100.0 100.0 
100.0 100.0 
100.0 100.0 
100.0 100.0 
100.0 100.0 
100.0 100.0 
100.0 100.0 
100.0 100.0 
100.0 100.0 
100.0 100.0 
99.8408475088141 99.99637844921365 65:1.0 
100.0 100.0 
100.0 100.0 
100.0 100.0 
100.0 100.0 
100.0 100.0 
100.0 100.0 
100.0 100.0 
1.7530647873684977 0.13097669214638283 29:1.0 69:1.0 
100.0 100.0 
100.0 100.0 
100.0 100.0 
100.0 100.0 
100.0 100.0 
100.0 100.0 
100.0 100.0 
100.0 100.0 
100.0 100.0 
100.0 100.0 
100.0 100.0 
100.0 100.0 
100.0 100.0 
100.0 100.0 
100.0 100.0 
100.0 100.0 
100.0 100.0 
100.0 100.0 
100.0 100.0 
100.0 100.0 
100.0 100.0 
100.0 100.0 
100.0 100.0 
100.0 100.0 
100.0 100.0 
100.0 1.5254149793786502 71:1.0 
100.0 100.0 
100.0 100.0 
100.0 100.0 
100.0 100.0 
100.0 100.0 
100.0 100.0 
0.0 3.180621341641604 64:1.0 
100.0 100.0 
100.0 100.0 
100.0 100.0 
100.0 100.0 
100.0 100.0 
100.0 100.0 
100.0 100.0 
100.0 100.0 
100.0 100.0 
100.0 100.0 
100.0 100.0 
100.0 100.0 
100.0 100.0 
100.0 100.0 
100.0 100.0 
100.0 100.0 
100.0 100.0 
100.0 100.0 
100.0 100.0 
100.0 100.0 
100.0 100.0 
100.0 100.0 
100.0 100.0 
100.0 100.0 
100.0 100.0 
100.0 100.0 
100.0 100.0 
100.0 100.0 
1.8250130084192298 1.5295355432880913 39:1.0 
100.0 100.0 
100.0 100.0 
100.0 100.0 
100.0 100.0 
100.0 100.0 
100.0 100.0 
100.0 100.0 
100.0 100.0 
1.3236983879901607 0.1310249916635406 3:1.0 22:1.0 
100.0 100.0 
100.0 100.0 
100.0 100.0 
100.0 100.0 
100.0 100.0 
100.0 100.0 
100.0 100.0 
100.0 100.0 
100.0 100.0 
100.0 100.0 
100.0 100.0 
100.0 100.0 
100.0 100.0 
100.0 100.0 
100.0 100.0 
100.0 100.0 
100.0 0.0 3:1.0 
100.0 100.0 
100.0 100.0 
100.0 100.0 
100.0 100.0 
100.0 100.0 
100.0 100.0 
100.0 100.0 45:1.0 
100.0 100.0 
0.0 100.0 22:1.0 
100.0 100.0 
100.0 100.0 
100.0 100.0 
100.0 100.0 
100.0 100.0 
100.0 100.0 
100.0 100.0 
100.0 100.0 
100.0 100.0 
100.0 100.0 
100.0 100.0 
100.0 100.0 
100.0 100.0 
100.0 100.0 
100.0 100.0 
100.0 100.0 
100.0 100.0 
0.3390966824669852 0.13082286677052513 25:1.0 87:1.0 
100.0 100.0 
100.0 100.0 
100.0 100.0 
100.0 100.0 
100.0 100.0 
2.307296000027794 1.5256000217029397 58:1.0 70:1.0 
100.0 100.0 
100.0 100.0 
100.0 100.0 
100.0 100.0 
100.0 100.0 
1.9947052507291048 2.099540175833197 59:1.0 62:1.0 
1.324317171393705 99.95064238797484 22:1.0 
100.0 100.0 
100.0 100.0 
100.0 100.0 
100.0 100.0 
100.0 100.0 
100.0 100.0 
100.0 100.0 
100.0 100.0 
100.0 100.0 
100.0 100.0 
100.0 100.0 
100.0 100.0 
100.0 100.0 
100.0 100.0 
100.0 100.0 
100.0 100.0 
100.0 100.0 
100.0 100.0 
100.0 100.0 
100.0 99.99891763428698 85:1.0 
100.0 100.0 
100.0 100.0 
100.0 100.0 
100.0 100.0 
1.5616278814911395 99.6952349157254 25:1.0 
100.0 100.0 
100.0 100.0 
100.0 100.0 
100.0 100.0 
100.0 100.0 
100.0 100.0 
100.0 100.0 
100.0 1.364912488888368 42:1.0 
100.0 100.0 
100.0 100.0 
100.0 1.4780008607247976 3:1.0 
100.0 100.0 
100.0 100.0 
100.0 100.0 
100.0 100.0 
100.0 100.0 
100.0 100.0 
100.0 100.0 
100.0 100.0 
100.0 100.0 
100.0 100.0 
100.0 100.0 
100.0 100.0 
100.0 100.0 
100.0 100.0 
100.0 100.0 
100.0 100.0 
100.0 100.0 
1.3544073789036515 0.0 2:1.0 
100.0 100.0 
100.0 100.0 
100.0 100.0 
1.529856259876277 99.80717355188153 64:1.0 
100.0 100.0 
100.0 100.0 
100.0 100.0 
1.3155751055895837 0.9144727170972551 23:1.0 48:1.0 68:1.0 89:1.0 92:1.0 97:1.0 107:1.0 
100.0 100.0 
99.96958496411258 1.33806438859701 2:1.0 
100.0 100.0 
100.0 100.0 
100.0 100.0 
100.0 100.0 
100.0 100.0 
99.98598657627383 99.99695543935827 39:1.0 
1.8112389673059293 99.73392472129801 55:1.0 
100.0 100.0 
100.0 100.0 
100.0 100.0 
100.0 99.979272128397 42:1.0 
100.0 100.0 
100.0 100.0 19:1.0 
1.046851620570158 0.5425338004385314 68:1.0 74:1.0 99:1.0 
100.0 100.0 
100.0 100.0 
-0.0 100.0 76:1.0 
-0.8533252002709271 100.0 41:1.0 
-0.36754105130557013 0.42934702661689184 14:1.0 58:1.0 
-0.3812988349219193 0.0 85:1.0 
-0.4823299651624289 0.0 42:1.0 
-0.36736542171634123 0.4617720545538219 4:1.0 15:1.0 
-0.5022430016030347 0.5866166764357511 5:1.0 
-0.5141475172936233 100.0 10:1.0 
-0.6803164827080858 2.397490338992558 62:1.0 73:1.0 
-0.0 0.06652991584921764 44:1.0 
-0.5027013945146749 100.0 1:1.0 76:1.0 
-0.0 100.0 34:1.0 74:1.0 95:1.0 
-100.0 0.0 71:1.0 
-0.23142933076631642 0.0 54:1.0 
-0.0 1.0577912623663992 83:1.0 88:1.0 98:1.0 
-1.1191195519675512 0.6474681388858197 47:1.0 85:1.0 89:1.0 
-100.0 1.4090442511671586 85:1.0 
-100.0 0.38084849844944946 42:1.0 
-0.6056531876652778 100.0 34:1.0 74:1.0 95:1.0 
-100.0 0.5864175428499427 86:1.0 
-1.156517640415231 0.0 74:1.0 
-100.0 100.0 39:1.0 
-0.0 100.0 37:1.0 
-0.2842386355600239 1.384164168710747 19:1.0 
-0.0 0.7790859466929314 50:1.0 
-100.0 100.0 12:1.0 
-0.0 0.42843859249664584 18:1.0 
-0.0 1.4111204188556257 6:1.0 
-0.2393795413522803 0.42933821563882735 56:1.0 82:1.0 
-0.3676203616485697 0.8930842178621601 11:1.0 27:1.0 
-0.8241580412080283 0.0 3:1.0 
-100.0 0.7412804635773713 2:1.0 
-0.5555750157786019 0.5862619489579047 16:1.0 
-0.0 0.4167210342491851 66:1.0 
-0.0 1.227986803903636 11:1.0 
-0.0 100.0 24:1.0 
-0.0 100.0 76:1.0 
-0.0 2.080443288981938 84:1.0 
-0.2393163936568292 0.42916349698833645 15:1.0 82:1.0 
-0.004944721010201695 100.0 37:1.0 
-0.5019781248935241 100.0 33:1.0 
-1.3854108442370687 0.0 29:1.0 
-100.0 0.0 65:1.0 
-100.0 0.06652056155828062 71:1.0 
-0.46926222155347547 0.5486052131829614 8:1.0 28:1.0 32:1.0 38:1.0 57:1.0 78:1.0 80:1.0 90:1.0 93:1.0 94:1.0 96:1.0 100:1.0 101:1.0 103:1.0 104:1.0 105:1.0 106:1.0 108:1.0 110:1.0 
-0.36718259764419736 1.4132714955207772 6:1.0 26:1.0 
-0.36707800983693956 100.0 18:1.0 
-0.0 0.5881904442700905 72:1.0 
-100.0 100.0 20:1.0 
-0.0 99.75032575612879 58:1.0 
-0.0 100.0 67:1.0 
-100.0 100.0 19:1.0 
-0.3675987984079508 1.4129494388623653 6:1.0 76:1.0 
-0.35720688413585827 0.42925666382658484 11:1.0 81:1.0 
-0.3675074471334939 100.0 52:1.0 60:1.0 
-100.0 0.5863319199499295 29:1.0 
-0.0 100.0 83:1.0 88:1.0 98:1.0 
-99.98837986919293 100.0 10:1.0 
-0.9331535367537059 0.9822438692911133 48:1.0 68:1.0 74:1.0 89:1.0 92:1.0 97:1.0 99:1.0 107:1.0 109:1.0 
-0.0 0.611238452748761 45:1.0 
-0.2397606260274098 0.42932640973583336 53:1.0 82:1.0 
-0.36753831896465444 0.4620642424164703 4:1.0 66:1.0 
-100.0 0.0 3:1.0 
-0.22190744133879678 100.0 73:1.0 
-0.0 0.6227244291139332 82:1.0 
-0.6854300613908617 0.8003273898253268 8:1.0 32:1.0 38:1.0 57:1.0 78:1.0 80:1.0 90:1.0 100:1.0 101:1.0 103:1.0 105:1.0 
-0.0 5.2384892821093985 
-0.0 100.0 
-0.0 100.0 
-0.0 100.0 
-0.0 100.0 
-0.0 100.0 
-0.0 100.0 
-0.0 100.0 
-0.0 100.0 
-0.0 100.0 
-0.09647715843337254 100.0 4:1.0 
-0.0 100.0 
-0.0 100.0 
-0.0 100.0 
-0.0 100.0 
-0.0 100.0 
-0.0 100.0 
-0.0 100.0 
-0.0 100.0 
-0.0 100.0 
-0.5932787587935207 0.7930582343477349 3:1.0 14:1.0 32:1.0 73:1.0 
-0.0 100.0 
-0.0 100.0 
-0.0 100.0 
-0.0 100.0 
-0.0 100.0 
-0.0 100.0 
-0.0 0.5888912755693806 7:1.0 
-0.0 100.0 
-0.0 100.0 
-0.0 100.0 
-0.0 100.0 
-0.0 100.0 
-0.0 100.0 
-0.0 100.0 
-0.0 100.0 
-0.0 100.0 
-0.0 100.0 
-0.0 100.0 
-0.0 100.0 
-0.0 100.0 
-100.0 100.0 41:1.0 
-0.0 100.0 
-0.0 100.0 
-0.0 100.0 
-0.0 100.0 
-0.0 100.0 
-0.0 100.0 
-0.0 100.0 
-0.36759215256026523 1.1060159017019573 21:1.0 54:1.0 
-0.0 100.0 
-0.0 100.0 
-0.0 100.0 
-0.0 100.0 
-0.0 100.0 66:1.0 
-0.0 100.0 
-0.0 100.0 
-0.0 100.0 
-1.1249850088569424 100.0 67:1.0 
-0.0 100.0 
-0.0 100.0 
-0.0 100.0 
-0.0 100.0 
-0.0 100.0 
-0.0 100.0 
-0.36630987804190845 100.0 44:1.0 
-100.0 100.0 42:1.0 
-0.0 100.0 
-0.0 100.0 
-0.0 100.0 
-0.0 100.0 
-100.0 0.026674304068646626 3:1.0 
-0.3672681330905259 0.42914416229286473 79:1.0 84:1.0 
-0.0 100.0 
-0.0 100.0 
-0.0 100.0 
-0.0 100.0 
-0.0 100.0 
-0.0 100.0 
-0.36759611347761734 0.42951382695412316 18:1.0 79:1.0 
-0.0 100.0 
-0.0 100.0 
-100.0 100.0 19:1.0 
-0.0 100.0 
-0.2349113470674654 99.75564155097231 11:1.0 
-0.5023400696670749 1.4130052434188647 24:1.0 71:1.0 
-0.0 100.0 
-0.5016896779834565 100.0 45:1.0 
-0.0 100.0 
-0.0 100.0 
-0.0 100.0 
-0.0 100.0 
-0.0 100.0 
-100.0 1.0510572945267418 69:1.0 
-0.0 100.0 
-0.0 100.0 
-100.0 100.0 16:1.0 
-0.2351555565476598 100.0 26:1.0 
-0.0 100.0 
-0.0 100.0 
-0.0 100.0 
-0.0 100.0 
-0.0 100.0 
-0.0 100.0 
-0.0 100.0 
-0.0 100.0 
-0.0 100.0 
-0.0 100.0 
-0.0 100.0 
-0.0 100.0 
-0.0 100.0 
-0.0 100.0 
-0.0 100.0 
-0.0 100.0 
-0.0 100.0 
-0.0 100.0 
-0.0 100.0 
-0.0 100.0 
-0.0 100.0 
-0.0 100.0 
-0.0 100.0 50:1.0 
-0.0 100.0 
-0.0 100.0 
-0.0 100.0 
-0.0 100.0 
-0.0 100.0 
-0.0 100.0 
-0.0 100.0 
-0.0 100.0 
-0.0 100.0 
-0.0 100.0 
-0.0 100.0 
-0.0 100.0 
-0.0 100.0 
-0.0 100.0 
-0.0 100.0 
-0.0 100.0 
-0.0 100.0 
-0.0 100.0 
-0.0 100.0 
-0.0 100.0 
-0.0 0.8263143068777175 91:1.0 
-0.0 100.0 
-0.0 100.0 
-0.0 100.0 
-0.0 100.0 
-0.6301001693629298 100.0 58:1.0 
-0.0 100.0 
-6.956188252062191 100.0 
-0.0 100.0 82:1.0 
-100.0 100.0 
-100.0 100.0 
-100.0 100.0 
-100.0 100.0 
-1.3513166526184932 2.397353854342546 37:1.0 77:1.0 
-100.0 100.0 
-100.0 100.0 
-100.0 100.0 
-100.0 100.0 
-100.0 100.0 
-100.0 100.0 
-100.0 100.0 
-100.0 100.0 
-100.0 100.0 
-100.0 100.0 
-100.0 100.0 
-100.0 100.0 
-100.0 100.0 
-100.0 100.0 
-0.0 0.8920544489652671 53:1.0 
-100.0 100.0 
-100.0 100.0 
-100.0 100.0 
-100.0 100.0 
-100.0 100.0 
-100.0 100.0 
-100.0 100.0 
-100.0 100.0 
-100.0 100.0 
-100.0 100.0 
-100.0 100.0 
-100.0 100.0 
-100.0 100.0 
-100.0 100.0 
-100.0 100.0 
-0.0 0.6258707657611368 23:1.0 
-100.0 100.0 
-100.0 100.0 
-100.0 100.0 
-100.0 100.0 
-100.0 100.0 
-100.0 100.0 
-0.35699888006875846 0.42877238351005714 19:1.0 81:1.0 
-100.0 100.0 
-100.0 100.0 
-100.0 100.0 
-0.0 1.7951713860752478 49:1.0 
-0.3668199572159911 1.412117862331875 52:1.0 
-100.0 100.0 
-0.36734502882511694 0.4293430933107985 49:1.0 54:1.0 
-100.0 100.0 
-100.0 100.0 
-100.0 100.0 
-0.3665525379611165 100.0 66:1.0 
-99.86397482888701 100.0 67:1.0 
-0.0 0.892442095705897 43:1.0 
-0.23121275594256568 100.0 35:1.0 
-100.0 100.0 
-100.0 100.0 
-100.0 100.0 
-100.0 100.0 
-100.0 100.0 
-100.0 0.5899460700779733 74:1.0 
-100.0 100.0 
-0.3662941946860774 0.4223720996660788 36:1.0 
-100.0 100.0 
-0.0 100.0 49:1.0 
-100.0 100.0 
-0.3669206916950384 100.0 43:1.0 
-100.0 100.0 
-99.9687884620322 99.91608992659775 85:1.0 
-100.0 100.0 
-100.0 100.0 
-100.0 100.0 
-100.0 100.0 
-1.236370924531901 100.0 59:1.0 
-100.0 100.0 
-100.0 100.0 
-100.0 100.0 
-0.0 0.8404254372663957 46:1.0 
-100.0 100.0 
-100.0 100.0 
-100.0 100.0 
-100.0 100.0 
-100.0 100.0 
-100.0 100.0 
-100.0 100.0 
-100.0 100.0 
-100.0 100.0 
-100.0 100.0 
-100.0 100.0 
-100.0 100.0 
-0.41361113275644423 100.0 53:1.0 
-0.0 1.3841641687107458 17:1.0 
-100.0 100.0 
-100.0 100.0 
-0.42056295992388404 0.490603208016476 83:1.0 
-100.0 100.0 
-100.0 100.0 
-100.0 100.0 
-0.278586657398251 0.2702531707623577 56:1.0 
-100.0 100.0 
-99.94617963949099 100.0 16:1.0 
-100.0 100.0 
-100.0 100.0 
-100.0 100.0 
-100.0 100.0 
-0.0 100.0 23:1.0 
-100.0 100.0 
-100.0 100.0 
-99.76144655221596 100.0 29:1.0 
-100.0 100.0 
-100.0 100.0 
-100.0 100.0 
-100.0 100.0 
-100.0 100.0 
-100.0 100.0 
-100.0 100.0 
-100.0 100.0 
-100.0 100.0 
-100.0 100.0 
-100.0 100.0 
-100.0 100.0 
-0.4787401050944442 0.558920238028599 20:1.0 42:1.0 
-0.5022649400698762 0.0 51:1.0 
-100.0 100.0 
-0.0 100.0 7:1.0 
-100.0 100.0 
-100.0 100.0 
-100.0 100.0 
-100.0 100.0 
-100.0 100.0 
-100.0 100.0 
-100.0 99.97511693270532 45:1.0 
-100.0 100.0 
-100.0 100.0 
-100.0 100.0 
-100.0 100.0 
-100.0 0.0 54:1.0 
-100.0 100.0 
-100.0 100.0 
-100.0 100.0 
-100.0 100.0 
-100.0 100.0 
-0.0 100.0 23:1.0 
-100.0 100.0 
-100.0 100.0 
-100.0 100.0 
-100.0 100.0 
-100.0 100.0 
-100.0 100.0 
-100.0 100.0 
-0.23150775343752508 98.96147098878876 6:1.0 
-100.0 100.0 
-100.0 100.0 
-100.0 100.0 
-100.0 100.0 
-100.0 100.0 
-100.0 100.0 
-100.0 100.0 
-100.0 100.0 
-100.0 100.0 
-100.0 100.0 
-100.0 100.0 
-100.0 100.0 
-100.0 100.0 
-100.0 100.0 
-0.3676011704093262 0.4292907217161984 19:1.0 79:1.0 
-100.0 100.0 
-100.0 100.0 
-100.0 100.0 
-100.0 100.0 
-100.0 100.0 
-100.0 100.0 
-100.0 100.0 
-100.0 100.0 
-100.0 100.0 
-100.0 100.0 
-100.0 100.0 
-100.0 100.0 
-0.5014927667414754 0.0 31:1.0 
-0.3663292207878198 0.9384341085334251 27:1.0 
-100.0 100.0 
-100.0 100.0 
-100.0 100.0 
-100.0 100.0 
-100.0 100.0 
-100.0 100.0 
-100.0 100.0 
-100.0 100.0 
-100.0 100.0 
-100.0 100.0 
-100.0 100.0 
-100.0 100.0 
-0.3572062439706677 1.4129188516663589 26:1.0 81:1.0 
-100.0 100.0 
-100.0 100.0 
-100.0 100.0 
-100.0 100.0 
-100.0 100.0 
-100.0 100.0 
-100.0 100.0 
-100.0 100.0 
-100.0 100.0 
-100.0 100.0 
-100.0 100.0 
-100.0 100.0 
-100.0 100.0 
-100.0 100.0 
-100.0 100.0 
-100.0 100.0 
-100.0 100.0 
-100.0 100.0 
-1.3541728199652732 100.0 23:1.0 
-100.0 100.0 
-100.0 100.0 
-100.0 100.0 
-100.0 100.0 
-100.0 100.0 
-100.0 100.0 
-100.0 100.0 
-100.0 100.0 
-100.0 100.0 
-100.0 100.0 
-100.0 100.0 
-100.0 100.0 
-100.0 100.0 
-100.0 100.0 
-100.0 100.0 
-100.0 100.0 
-100.0 100.0 
-100.0 0.5864720407586793 31:1.0 
-100.0 100.0 
-100.0 100.0 
-100.0 100.0 
-100.0 100.0 
-1.3507709719736496 0.5863756982856394 70:1.0 
-100.0 100.0 
-100.0 100.0 
-100.0 100.0 
-0.6051320661593352 99.64908108156237 83:1.0 88:1.0 98:1.0 
-0.23958983383395305 0.42916884845211034 58:1.0 82:1.0 
-100.0 100.0 
-100.0 100.0 
-100.0 100.0 
-100.0 100.0 
-100.0 100.0 
-100.0 100.0 
-0.0 100.0 72:1.0 
-0.20230895409682806 1.985434742739614 14:1.0 
-0.31717145713455597 100.0 24:1.0 
-100.0 100.0 
-0.4721155847026764 0.5472574899102595 32:1.0 
-100.0 100.0 
-100.0 100.0 
-100.0 100.0 
-100.0 100.0 
-100.0 100.0 
-100.0 100.0 
-0.7096039546295789 0.822648457926825 38:1.0 78:1.0 80:1.0 90:1.0 100:1.0 
-0.370682189477491 99.87072945592598 17:1.0 
-0.36683118096223205 0.42843353382075616 21:1.0 
-0.367408006035678 0.4290172245276382 43:1.0 56:1.0 
-0.36776106472804654 1.4131919097049428 35:1.0 44:1.0 
-100.0 100.0 
-100.0 100.0 
-100.0 100.0 
-100.0 100.0 31:1.0 
-100.0 100.0 
-100.0 100.0 
-100.0 1.3249089341151388 47:1.0 
-100.0 100.0 
-0.36733996217534126 1.413558227869676 14:1.0 35:1.0 
-100.0 100.0 
-100.0 100.0 
-100.0 100.0 
-100.0 100.0 
-0.36727762230448613 100.0 84:1.0 
-100.0 100.0 
-100.0 100.0 
-100.0 100.0 
-100.0 100.0 
-0.0 0.6775809559876177 63:1.0 
-100.0 100.0 
-100.0 100.0 
-100.0 100.0 
-100.0 100.0 
-100.0 100.0 
-100.0 100.0 
-100.0 100.0 
-100.0 100.0 
-100.0 100.0 
-100.0 100.0 
-100.0 100.0 
-0.502062005891386 99.99745280197551 7:1.0 
-100.0 100.0 
-100.0 0.27051229978837366 54:1.0 
-100.0 100.0 
-100.0 99.99461174003515 36:1.0 
-100.0 100.0 
-100.0 100.0 
-100.0 100.0 
-100.0 100.0 
-100.0 100.0 
-1.3514231135972867 1.4130861644501693 58:1.0 87:1.0 
-100.0 100.0 
-100.0 100.0 
-100.0 100.0 
-100.0 100.0 
-100.0 100.0 
-100.0 100.0 
-100.0 100.0 
-100.0 100.0 
-100.0 100.0 
-100.0 100.0 
-100.0 100.0 
-100.0 100.0 
-100.0 100.0 
-100.0 100.0 
-100.0 100.0 
-100.0 100.0 
-100.0 100.0 
-100.0 100.0 
-100.0 100.0 
-100.0 100.0 
-100.0 100.0 
-100.0 100.0 
-100.0 99.7128408524973 19:1.0 
-100.0 100.0 
-100.0 100.0 
-100.0 100.0 
-100.0 100.0 
-100.0 100.0 
-100.0 100.0 
-100.0 100.0 
-100.0 100.0 
-100.0 100.0 23:1.0 
-100.0 100.0 
-100.0 100.0 
-100.0 100.0 
-100.0 100.0 
-100.0 100.0 
-100.0 100.0 
-100.0 100.0 
-100.0 100.0 
-100.0 100.0 
-100.0 100.0 
-100.0 100.0 
-100.0 100.0 
-100.0 100.0 
-100.0 100.0 
-100.0 100.0 
-100.0 100.0 
-0.27900307031278543 0.2589224849675319 15:1.0 
-100.0 100.0 
-99.45693857790154 99.99648756660685 74:1.0 
-100.0 100.0 
-0.0 100.0 82:1.0 
-100.0 100.0 
-100.0 100.0 
-100.0 100.0 
-0.4789757148963204 0.5588682457189487 17:1.0 20:1.0 81:1.0 
-100.0 100.0 
-100.0 100.0 
-100.0 100.0 
-100.0 100.0 
-100.0 100.0 
-100.0 100.0 
-100.0 100.0 
-0.36759014540755347 0.461209300919077 4:1.0 36:1.0 
-100.0 100.0 
-100.0 100.0 
-100.0 100.0 
-100.0 100.0 
-100.0 100.0 
-100.0 100.0 
-100.0 100.0 
-100.0 100.0 
-100.0 100.0 
-100.0 100.0 
-100.0 100.0 
-100.0 100.0 
-100.0 100.0 
-100.0 100.0 
-100.0 100.0 
-100.0 100.0 
-100.0 100.0 
-0.5023360155353065 99.90865889487306 63:1.0 
-100.0 100.0 
-0.5018560908393891 99.76005014438853 91:1.0 
-100.0 100.0 
-100.0 100.0 
-100.0 100.0 
-100.0 100.0 
-100.0 100.0 
-0.18080307045614713 0.22302549256269197 17:1.0 81:1.0 
-100.0 100.0 
-100.0 100.0 
-0.3667029322064696 0.5862501094436615 60:1.0 
-100.0 100.0 
-100.0 100.0 
-100.0 100.0 
-100.0 100.0 
-100.0 100.0 
-100.0 100.0 
-100.0 100.0 
-100.0 100.0 
-100.0 0.4283714741785541 65:1.0 
-100.0 100.0 
-100.0 100.0 
-100.0 100.0 
-100.0 100.0 
-100.0 100.0 
-100.0 100.0 
-100.0 100.0 
-1.215707491754673 99.92323999558903 49:1.0 
-100.0 100.0 
-100.0 100.0 
-0.09606656199804582 0.11231895796402636 79:1.0 
-100.0 100.0 
-100.0 100.0 
-100.0 100.0 
-100.0 100.0 
-100.0 100.0 
-100.0 100.0 
-100.0 100.0 
-100.0 100.0 
-100.0 100.0 
-100.0 100.0 
-100.0 100.0 
-100.0 100.0 
-100.0 100.0 
-0.5019254649958239 100.0 9:1.0 
-0.5015207210465256 99.9979398008183 72:1.0 
-100.0 100.0 
-100.0 100.0 
-100.0 100.0 
-0.0 100.0 82:1.0 
-100.0 100.0 
-0.6543984288008736 0.764290964779282 8:1.0 28:1.0 32:1.0 38:1.0 78:1.0 80:1.0 90:1.0 93:1.0 94:1.0 96:1.0 100:1.0 101:1.0 104:1.0 106:1.0 108:1.0 110:1.0 
-100.0 100.0 
-100.0 100.0 
-100.0 100.0 
-100.0 100.0 
-100.0 100.0 
-100.0 100.0 
-100.0 100.0 
-100.0 100.0 
-100.0 100.0 
-100.0 100.0 
-100.0 100.0 
-100.0 100.0 
-100.0 100.0 
-100.0 100.0 
-100.0 100.0 
-100.0 100.0 
-99.93128873518404 100.0 76:1.0 
-100.0 100.0 65:1.0 
-100.0 100.0 
-100.0 100.0 
-0.5018668842356682 99.74601490005469 46:1.0 
-100.0 100.0 
-0.6544627241864688 100.0 40:1.0 61:1.0 102:1.0 
-100.0 100.0 
-100.0 100.0 
-100.0 100.0 
-100.0 100.0 
-100.0 100.0 
-100.0 100.0 
-100.0 100.0 
-100.0 100.0 
-100.0 100.0 
-100.0 100.0 
-100.0 100.0 
-100.0 100.0 
-100.0 100.0 
-0.5016659410529449 99.80734683651451 50:1.0 
-100.0 100.0 
-100.0 100.0 
-100.0 100.0 
-100.0 100.0 
-100.0 100.0 
-100.0 100.0 
-100.0 100.0 
-100.0 0.5863645716875723 51:1.0 
-100.0 99.96058984075107 23:1.0 
-100.0 100.0 
-100.0 100.0 
-100.0 100.0 
-100.0 100.0 
-100.0 100.0 
-100.0 100.0 
-100.0 100.0 
-100.0 100.0 
-100.0 100.0 
-0.6802063473367346 2.3970088371388423 62:1.0 76:1.0 
-100.0 100.0 
-0.36780041101083094 1.4136438551927581 3:1.0 41:1.0 
-100.0 100.0 
-100.0 100.0 
-100.0 100.0 
-0.0 99.59331283523844 81:1.0 
-0.5025199893503821 0.5866722179584313 8:1.0 28:1.0 32:1.0 38:1.0 57:1.0 78:1.0 80:1.0 93:1.0 94:1.0 96:1.0 100:1.0 101:1.0 103:1.0 104:1.0 105:1.0 106:1.0 108:1.0 110:1.0 
-1.2234190900130488 0.42927319648249324 65:1.0 82:1.0 
-100.0 100.0 
-100.0 100.0 
-100.0 100.0 
-100.0 100.0 
-100.0 100.0 
-94.15919585343522 98.03962182902669 
-0.0 -100.0 
-0.0 -100.0 
-0.0 -100.0 
-0.0 -100.0 
-100.0 -1.7265733646701467 25:1.0 
-0.0 -100.0 
-0.0 -100.0 
-0.0 -2.276473973979696 24:1.0 
-0.0 -100.0 
-0.0 -100.0 
-0.0 -100.0 
-0.0 -100.0 
-0.0 -100.0 
-0.0 -100.0 
-0.0 -100.0 
-0.0 -100.0 
-100.0 -2.144325215625016 77:1.0 
-0.0 -100.0 
-0.0 -100.0 
-0.0 -100.0 
-0.0 -100.0 
-0.0 -100.0 
-0.0 -100.0 
-100.0 -0.0 30:1.0 
-0.0 -100.0 
-0.0219021144689366 -100.0 66:1.0 
-0.0 -100.0 
-0.0 -100.0 
-0.0 -100.0 
-0.0 -100.0 
-0.0 -100.0 
-0.0 -100.0 
-0.0 -100.0 
-0.0 -100.0 
-0.7873442413234721 -100.0 10:1.0 
-0.0 -100.0 
-0.0 -100.0 
-0.0 -100.0 
-0.0 -100.0 
-0.0 -100.0 
-0.7866520206311225 -100.0 91:1.0 
-0.799678406575858 -2.2459175900410315 17:1.0 19:1.0 
-0.0 -100.0 
-0.0010026822897795614 -0.0 1:1.0 
-0.0 -100.0 
-0.0 -100.0 
-0.0 -100.0 
-0.0 -100.0 
-0.0 -100.0 
-0.7869642803731539 -100.0 45:1.0 
-0.0 -100.0 
-0.0 -100.0 
-0.0 -100.0 
-0.0 -100.0 
-3.0385967396109335 -1.2618645411499032 64:1.0 69:1.0 
-0.0 -100.0 
-0.0 -100.0 
-0.0 -100.0 
-0.0 -100.0 
-0.0 -100.0 
-0.0 -100.0 
-0.0 -100.0 
-0.0 -100.0 
-0.0 -100.0 
-0.0 -100.0 
-0.0 -100.0 
-0.0 -100.0 
-0.0 -100.0 
-100.0 -100.0 10:1.0 
-0.0 -100.0 
-0.0 -100.0 
-0.0 -100.0 
-0.0 -100.0 
-0.0 -100.0 
-0.0 -100.0 
-0.0 -100.0 
-0.0 -100.0 
-0.7865181160288415 -100.0 46:1.0 
-0.0 -100.0 
-0.0 -100.0 
-0.0 -100.0 
-0.0 -100.0 
-0.0 -100.0 
-0.0 -100.0 58:1.0 
-0.0 -100.0 
-0.0 -100.0 
-0.0 -100.0 
-0.0 -100.0 
-0.0 -100.0 49:1.0 
-0.0 -100.0 
-100.0 -100.0 12:1.0 
-0.0 -100.0 
-0.0 -100.0 
-0.0 -100.0 
-0.0 -100.0 
-0.0 -100.0 
-0.0 -100.0 
-0.6936229917695396 -1.2619566886580562 11:1.0 27:1.0 33:1.0 
-0.0 -100.0 
-0.0 -100.0 
-0.0 -100.0 
-0.0 -100.0 
-0.7870512516268418 -100.0 4:1.0 
-0.0 -100.0 
-0.0 -100.0 
-0.0 -100.0 
-0.0 -100.0 
-0.0 -100.0 
-0.0 -100.0 
-1.1493169285104496 -1.8391103549773093 11:1.0 21:1.0 54:1.0 
-0.0 -100.0 
-0.0 -100.0 
-0.0 -100.0 
-0.0 -100.0 
-0.0 -3.1296158724319167 76:1.0 
-1.3485678604627565 -100.0 58:1.0 
-0.03935686894825342 -0.0 73:1.0 
-0.0 -100.0 
-0.0 -100.0 
-100.0 -100.0 16:1.0 
-0.0 -100.0 
-0.0 -100.0 
-0.0 -100.0 
-0.0 -100.0 
-0.0 -100.0 
-0.0 -100.0 
-0.011485396017212197 -2.263998177702668 41:1.0 
-0.0 -100.0 
-0.0 -100.0 
-0.0 -100.0 
-0.0 -100.0 
-0.0 -100.0 
-0.7733402597976134 -100.0 49:1.0 
-0.0 -100.0 
-0.0 -100.0 
-0.0 -100.0 
-0.0 -100.0 
-1.5597554462419454 -1.2614536790622568 43:1.0 64:1.0 
-0.0 -100.0 
-0.0 -100.0 
-100.0 -100.0 65:1.0 
-0.0 -100.0 
-0.0 -100.0 
-0.213485939540968 -100.0 43:1.0 
-0.0 -100.0 
-0.002680449994659818 -0.0 40:1.0 61:1.0 102:1.0 
-0.0482020754931898 -100.0 76:1.0 
-0.0 -100.0 
-0.0 -100.0 
-0.0 -100.0 
-0.0 -100.0 
-0.005286955747894194 -100.0 72:1.0 
-0.0 -100.0 
-0.0 -100.0 
-0.0 -100.0 
-0.0 -100.0 
-9.059290337529218 -100.0 
-100.0 -100.0 
-100.0 -100.0 
-0.04477228050883055 -100.0 50:1.0 
-100.0 -100.0 
-100.0 -100.0 
-100.0 -100.0 
-100.0 -100.0 
-100.0 -100.0 
-0.5026000569051803 -100.0 33:1.0 
-100.0 -100.0 
-100.0 -100.0 
-0.0 -100.0 34:1.0 74:1.0 95:1.0 
-100.0 -100.0 
-0.0 -100.0 23:1.0 
-100.0 -100.0 
-100.0 -100.0 
-100.0 -100.0 
-100.0 -100.0 
-0.7870186468076233 -100.0 44:1.0 
-100.0 -100.0 
-1.5594618712843857 -3.490395581660312 62:1.0 
-100.0 -1.2624398850110823 55:1.0 
-100.0 -100.0 
-100.0 -100.0 
-100.0 -100.0 
-0.06345193633062783 -100.0 23:1.0 
-100.0 -100.0 
-100.0 -100.0 
-100.0 -100.0 
-100.0 -100.0 
-100.0 -100.0 
-0.03376403432803372 -2.766122892431504 26:1.0 
-100.0 -100.0 
-100.0 -100.0 
-100.0 -100.0 
-100.0 -100.0 
-100.0 -100.0 
-100.0 -100.0 
-100.0 -100.0 
-0.0 -100.0 83:1.0 88:1.0 98:1.0 
-1.560013865356005 -1.261820929689414 49:1.0 55:1.0 
-0.00551403128492948 -100.0 24:1.0 
-100.0 -100.0 
-100.0 -100.0 
-0.787022196271298 -100.0 81:1.0 
-100.0 -100.0 
-0.060790781116444974 -1.8167759177958422 67:1.0 
-100.0 -100.0 
-100.0 -100.0 
-0.0 -2.612359355142091 37:1.0 
-100.0 -100.0 
-100.0 -100.0 
-100.0 -100.0 
-100.0 -100.0 
-100.0 -0.0 22:1.0 
-99.61141971708756 -100.0 
-0.5760421223010016 -2.2457219978931002 82:1.0 84:1.0 
-100.0 -100.0 
-100.0 -100.0 
-100.0 -100.0 
-100.0 -100.0 
-100.0 -100.0 
-100.0 -100.0 
-100.0 -100.0 
-100.0 -100.0 
-100.0 -100.0 
-100.0 -100.0 
-100.0 -100.0 
-100.0 -100.0 
-100.0 -100.0 
-100.0 -100.0 
-100.0 -100.0 
-100.0 -100.0 
-100.0 -100.0 
-100.0 -100.0 85:1.0 
-100.0 -100.0 
-100.0 -100.0 
-100.0 -100.0 
-100.0 -100.0 
-0.7419715215086697 -100.0 50:1.0 
-0.2127765845929168 -100.0 53:1.0 
-100.0 -100.0 
-100.0 -100.0 
-100.0 -100.0 
-100.0 -100.0 
-100.0 -100.0 
-100.0 -100.0 
-100.0 -100.0 
-100.0 -100.0 
-100.0 -100.0 
-0.5758158137509726 -2.2454769098454834 49:1.0 84:1.0 
-100.0 -100.0 
-100.0 -100.0 
-100.0 -100.0 
-100.0 -100.0 
-100.0 -100.0 
-1.0123778860595627 -1.2617484008583553 11:1.0 77:1.0 
-0.0 -100.0 67:1.0 
-100.0 -100.0 
-0.5270936260576141 -100.0 76:1.0 
-100.0 -100.0 
-100.0 -100.0 
-100.0 -100.0 
-100.0 -100.0 
-100.0 -100.0 
-100.0 -100.0 
-100.0 -100.0 
-100.0 -100.0 
-100.0 -100.0 
-100.0 -100.0 
-100.0 -100.0 
-100.0 -100.0 
-100.0 -100.0 
-100.0 -100.0 
-100.0 -100.0 
-100.0 -100.0 
-100.0 -100.0 
-100.0 -100.0 
-100.0 -100.0 
-100.0 -100.0 
-100.0 -100.0 
-100.0 -100.0 
-100.0 -100.0 
-100.0 -100.0 
-100.0 -100.0 
-100.0 -100.0 
-100.0 -100.0 
-0.03484416478591196 -100.0 82:1.0 
-100.0 -100.0 
-100.0 -100.0 
-100.0 -100.0 
-100.0 -100.0 
-100.0 -100.0 
-100.0 -100.0 
-0.7868980148309642 -100.0 18:1.0 
-100.0 -100.0 
-100.0 -100.0 
-100.0 -100.0 
-0.0 -100.0 82:1.0 
-100.0 -100.0 
-100.0 -100.0 
-100.0 -100.0 
-100.0 -100.0 
-100.0 -100.0 
-100.0 -100.0 
-100.0 -100.0 
-100.0 -100.0 
-100.0 -100.0 
-100.0 -100.0 
-100.0 -1.6275126610818682 87:1.0 
-100.0 -100.0 36:1.0 
-0.7814511187210118 -99.9698903436983 24:1.0 
-100.0 -100.0 
-1.3374658195523412 -100.0 67:1.0 
-0.7731043739991788 -0.9072587616094633 27:1.0 40:1.0 61:1.0 102:1.0 
-100.0 -100.0 
-100.0 -100.0 
-100.0 -100.0 
-100.0 -100.0 
-100.0 -100.0 
-100.0 -100.0 
-100.0 -100.0 
-0.7529423774128237 -100.0 26:1.0 
-100.0 -100.0 
-100.0 -100.0 
-100.0 -100.0 
-100.0 -100.0 
-100.0 -100.0 
-100.0 -100.0 
-100.0 -100.0 
-100.0 -100.0 
-0.0 -1.4048940497246587 1:1.0 
-100.0 -100.0 
-0.5755501341439122 -100.0 1:1.0 76:1.0 
-100.0 -100.0 
-100.0 -100.0 
-100.0 -100.0 
-100.0 -100.0 
-100.0 -100.0 
-100.0 -100.0 
-100.0 -100.0 
-100.0 -100.0 
-100.0 -100.0 
-100.0 -100.0 
-100.0 -100.0 
-100.0 -100.0 
-0.009908505168386072 -2.859913157354633 35:1.0 
-100.0 -100.0 
-100.0 -100.0 
-1.2249435796056571 -100.0 34:1.0 74:1.0 95:1.0 
-100.0 -100.0 
-100.0 -100.0 
-100.0 -100.0 
-100.0 -100.0 
-100.0 -0.7988005345076955 64:1.0 
-1.0261815301981834 -100.0 83:1.0 88:1.0 98:1.0 
-100.0 -100.0 
-100.0 -100.0 
-100.0 -100.0 
-100.0 -100.0 
-100.0 -100.0 
-100.0 -100.0 
-100.0 -100.0 
-1.634274968764828 -100.0 23:1.0 
-1.6412821473612749 -1.142831856186486 2:1.0 75:1.0 87:1.0 
-100.0 -100.0 
-100.0 -100.0 
-100.0 -100.0 
-100.0 -100.0 
-0.5180223722144223 -1.2624708668021312 27:1.0 33:1.0 
-100.0 -100.0 
-1.560000896738607 -1.261564441138809 53:1.0 87:1.0 
-1.1860107375793432 -100.0 41:1.0 
-100.0 -100.0 
-100.0 -99.99864766375008 76:1.0 
-100.0 -100.0 
-100.0 -100.0 
-100.0 -100.0 
-100.0 -100.0 
-100.0 -100.0 
-100.0 -100.0 
-100.0 -100.0 
-100.0 -100.0 
-100.0 -100.0 
-100.0 -100.0 74:1.0 
-0.7869127765052119 -100.0 63:1.0 
-100.0 -100.0 
-100.0 -100.0 
-100.0 -100.0 
-100.0 -100.0 
-100.0 -100.0 
-100.0 -100.0 
-100.0 -100.0 
-100.0 -100.0 
-100.0 -100.0 
-100.0 -100.0 
-100.0 -100.0 
-1.5602207976730358 -2.245548426285582 6:1.0 47:1.0 
-100.0 -100.0 
-100.0 -100.0 
-0.017870357467305385 -0.0 1:1.0 13:1.0 
-100.0 -100.0 
-0.0 -100.0 7:1.0 
-0.8761361793774768 -100.0 52:1.0 60:1.0 
-100.0 -100.0 
-100.0 -100.0 
-100.0 -100.0 
-100.0 -100.0 
-100.0 -100.0 
-100.0 -100.0 
-100.0 -100.0 
-0.04082842187331695 -0.0 59:1.0 
-100.0 -100.0 
-100.0 -100.0 
-100.0 -100.0 
-100.0 -100.0 
-100.0 -100.0 
-100.0 -100.0 
-0.5035867639908872 -1.26185815612953 9:1.0 14:1.0 
-100.0 -100.0 
-0.0 -1.7301620661268942 59:1.0 
-100.0 -100.0 
-100.0 -100.0 
-100.0 -100.0 
-100.0 -100.0 
-100.0 -100.0 
-100.0 -100.0 
-100.0 -100.0 
-100.0 -100.0 16:1.0 
-100.0 -100.0 
-100.0 -100.0 
-100.0 -100.0 
-100.0 -100.0 
-100.0 -100.0 
-100.0 -100.0 23:1.0 
-100.0 -100.0 
-100.0 -100.0 
-100.0 -100.0 
-100.0 -100.0 
-100.0 -100.0 
-100.0 -100.0 
-100.0 -100.0 39:1.0 
-100.0 -100.0 
-100.0 -100.0 
-100.0 -100.0 
-100.0 -100.0 
-100.0 -100.0 
-100.0 -100.0 
-100.0 -100.0 
-100.0 -100.0 
-100.0 -100.0 
-100.0 -100.0 
-100.0 -100.0 
-0.0 -100.0 37:1.0 
-100.0 -100.0 
-100.0 -100.0 
-100.0 -100.0 
-100.0 -100.0 
-100.0 -100.0 19:1.0 
-100.0 -100.0 
-0.3629019316140643 -100.0 84:1.0 
-100.0 -100.0 
-0.0 -0.9196081000632385 40:1.0 61:1.0 102:1.0 
-100.0 -100.0 
-100.0 -100.0 
-100.0 -100.0 
-0.7390669228014572 -99.98705164684532 40:1.0 61:1.0 102:1.0 
-100.0 -100.0 
-99.86343609205049 -100.0 23:1.0 
-100.0 -100.0 
-100.0 -100.0 
-100.0 -100.0 
-100.0 -100.0 
-100.0 -100.0 
-100.0 -100.0 
-100.0 -100.0 
-100.0 -100.0 
-100.0 -100.0 
-100.0 -100.0 
-100.0 -100.0 
-100.0 -100.0 
-100.0 -100.0 
-100.0 -100.0 
-100.0 -100.0 
-100.0 -100.0 
-100.0 -100.0 
-100.0 -100.0 
-0.7646160015599048 -100.0 66:1.0 
-100.0 -100.0 
-100.0 -100.0 
-0.0 -1.8581906869562204 9:1.0 
-100.0 -100.0 
-100.0 -100.0 
-100.0 -100.0 
-0.786609973572639 -99.99614631305745 37:1.0 
-100.0 -100.0 
-100.0 -100.0 42:1.0 
-100.0 -100.0 
-1.5185465659602737 -99.99642977287527 59:1.0 
-100.0 -100.0 
-100.0 -100.0 
-100.0 -100.0 
-0.16505860923160254 -100.0 11:1.0 
-100.0 -1.7262759303217723 22:1.0 
-100.0 -100.0 
-100.0 -100.0 
-100.0 -100.0 
-100.0 -100.0 
-100.0 -100.0 
-0.5402902974979116 -100.0 82:1.0 
-0.0 -2.6481757760151483 73:1.0 
-100.0 -1.3302704703041774 34:1.0 48:1.0 68:1.0 74:1.0 89:1.0 92:1.0 95:1.0 97:1.0 99:1.0 107:1.0 109:1.0 
-100.0 -100.0 
-0.6064708131782461 -2.2456685720669474 14:1.0 52:1.0 
-100.0 -100.0 
-100.0 -100.0 
-100.0 -100.0 
-100.0 -100.0 
-100.0 -100.0 
-100.0 -100.0 29:1.0 
-100.0 -100.0 
-100.0 -100.0 
-100.0 -100.0 
-100.0 -100.0 
-100.0 -100.0 
-100.0 -100.0 
-100.0 -100.0 
-100.0 -100.0 
-100.0 -100.0 
-100.0 -100.0 
-100.0 -100.0 
-100.0 -100.0 
-100.0 -100.0 
-100.0 -100.0 
-100.0 -100.0 
-100.0 -100.0 
-100.0 -100.0 
-100.0 -100.0 45:1.0 
-100.0 -100.0 
-100.0 -100.0 
-100.0 -100.0 
-100.0 -100.0 
-100.0 -100.0 
-100.0 -100.0 
-100.0 -100.0 
-0.7775802098370617 -99.90680146325795 35:1.0 
-100.0 -100.0 
-100.0 -100.0 
-100.0 -100.0 
-100.0 -100.0 
-100.0 -100.0 
-100.0 -100.0 
-0.6016653441658716 -99.40408550940968 9:1.0 
-100.0 -100.0 
-100.0 -100.0 
-100.0 -100.0 
-100.0 -100.0 
-100.0 -100.0 
-100.0 -100.0 
-100.0 -1.7417098961163942 90:1.0 
-100.0 -100.0 
-100.0 -100.0 
-0.7471299290238692 -100.0 73:1.0 
-100.0 -100.0 
-100.0 -100.0 
-100.0 -100.0 
-100.0 -100.0 
-100.0 -100.0 
-100.0 -100.0 
-100.0 -99.90992918338868 67:1.0 
-100.0 -100.0 
-100.0 -100.0 
-100.0 -100.0 
-100.0 -100.0 
-100.0 -100.0 
-100.0 -100.0 
-100.0 -100.0 
-100.0 -100.0 
-100.0 -100.0 
-0.7820791740226792 -100.0 72:1.0 
-100.0 -100.0 
-100.0 -100.0 31:1.0 
-100.0 -100.0 
-1.4884861021989122 -2.245734750153871 14:1.0 85:1.0 
-100.0 -100.0 
-100.0 -100.0 
-100.0 -100.0 
-100.0 -100.0 
-100.0 -100.0 
-100.0 -100.0 
-100.0 -100.0 19:1.0 
-100.0 -100.0 
-100.0 -100.0 
-100.0 -100.0 
-100.0 -1.7268717175696429 30:1.0 
-100.0 -100.0 
-1.5419840228448314 -0.8754323159291959 1:1.0 13:1.0 
-100.0 -100.0 
-100.0 -100.0 
-100.0 -100.0 
-100.0 -100.0 19:1.0 
-100.0 -100.0 
-100.0 -100.0 
-100.0 -100.0 
-100.0 -100.0 
-100.0 -100.0 
-100.0 -100.0 
-100.0 -100.0 
-100.0 -100.0 
-100.0 -100.0 
-0.21260080342386325 -100.0 6:1.0 
-100.0 -100.0 
-100.0 -100.0 
-100.0 -100.0 
-100.0 -100.0 
-100.0 -100.0 
-100.0 -100.0 
-100.0 -100.0 
-100.0 -100.0 
-100.0 -100.0 
-0.7870512516268415 -100.0 7:1.0 
-100.0 -100.0 
-100.0 -100.0 
-100.0 -100.0 
-100.0 -100.0 
-100.0 -100.0 
-100.0 -100.0 
-100.0 -100.0 
-100.0 -100.0 
-100.0 -100.0 
-100.0 -100.0 
-100.0 -100.0 
-100.0 -100.0 
-100.0 -100.0 
-100.0 -100.0 
-100.0 -100.0 
-100.0 -100.0 20:1.0 
-100.0 -100.0 
-100.0 -100.0 
-100.0 -100.0 
-100.0 -100.0 
-100.0 -100.0 
-0.49313717068412966 -100.0 17:1.0 
-100.0 -100.0 
-100.0 -100.0 
-100.0 -100.0 
-100.0 -100.0 
-100.0 -100.0 
-100.0 -100.0 
-100.0 -100.0 
-100.0 -100.0 
-100.0 -100.0 
-100.0 -100.0 
-100.0 -100.0 
-100.0 -100.0 
-100.0 -100.0 
-100.0 -100.0 
-100.0 -100.0 
-100.0 -100.0 
-100.0 -100.0 
-100.0 -100.0 
-100.0 -100.0 
-100.0 -100.0 
-100.0 -100.0 
-100.0 -100.0 
-100.0 -100.0 
-100.0 -99.98268618072905 41:1.0 
-100.0 -100.0 
-100.0 -100.0 
-100.0 -100.0 
-100.0 -100.0 
-100.0 -100.0 
-100.0 -100.0 
-96.69797455274272 -100.0 
