svm_type c_svc
kernel_type rbf
gamma 0.1
nr_class 3
total_sv 1908
rho -1.4538445316886808 -2.972419582789103 2.089976397629931
label 2 0 1
nr_sv 498 736 674
SV
100.0 100.0 
100.0 100.0 
100.0 100.0 
100.0 100.0 
5.088184906021327 4.720746792611503 2:1.0 41:1.0 
100.0 100.0 
100.0 100.0 
100.0 100.0 
100.0 100.0 
100.0 100.0 
100.0 100.0 
100.0 100.0 
100.0 100.0 
100.0 100.0 
100.0 100.0 
100.0 100.0 
100.0 100.0 
100.0 100.0 
100.0 100.0 
100.0 100.0 
100.0 8.945592236336017 31:1.0 
100.0 100.0 
100.0 100.0 
100.0 100.0 
100.0 100.0 
100.0 100.0 
100.0 100.0 
100.0 100.0 
100.0 100.0 
100.0 100.0 
100.0 100.0 
100.0 100.0 
100.0 100.0 
100.0 100.0 
100.0 100.0 
100.0 100.0 
100.0 100.0 
100.0 100.0 
0.0 8.963355346494364 25:1.0 
100.0 100.0 
0.5505750123950292 0.0 68:1.0 74:1.0 86:1.0 89:1.0 97:1.0 99:1.0 109:1.0 
100.0 100.0 
100.0 100.0 
100.0 100.0 
100.0 100.0 
100.0 100.0 
100.0 100.0 
100.0 100.0 
100.0 100.0 
100.0 100.0 
100.0 100.0 
100.0 100.0 
100.0 100.0 
100.0 8.94507822820997 51:1.0 
100.0 100.0 
100.0 100.0 
100.0 100.0 
100.0 9.323032718752446 29:1.0 
100.0 100.0 
100.0 100.0 
100.0 100.0 
100.0 100.0 
100.0 100.0 16:1.0 
100.0 100.0 41:1.0 
100.0 100.0 
100.0 100.0 
100.0 100.0 
100.0 100.0 
100.0 100.0 
9.968916788755521 9.105112588744518 12:1.0 
100.0 100.0 
100.0 100.0 10:1.0 
100.0 100.0 
100.0 100.0 
100.0 100.0 
100.0 100.0 
100.0 100.0 
100.0 100.0 
100.0 100.0 
100.0 100.0 
100.0 100.0 
100.0 100.0 
100.0 100.0 
100.0 100.0 
6.6680335772711326 98.98684426587491 34:1.0 48:1.0 68:1.0 74:1.0 89:1.0 92:1.0 95:1.0 97:1.0 99:1.0 107:1.0 109:1.0 
100.0 100.0 
9.7477565805831 56.29781624256241 75:1.0 
100.0 100.0 
100.0 100.0 
41.27491394227434 0.0 47:1.0 
100.0 100.0 
100.0 100.0 
100.0 100.0 
100.0 100.0 
100.0 100.0 
100.0 100.0 
100.0 100.0 
100.0 100.0 
100.0 99.62611154599382 29:1.0 
100.0 100.0 
100.0 100.0 
100.0 100.0 
100.0 100.0 
100.0 100.0 
100.0 100.0 
100.0 100.0 
100.0 0.0 54:1.0 
42.18410323761118 9.318754867260138 89:1.0 
100.0 100.0 
100.0 100.0 
100.0 100.0 
100.0 100.0 
100.0 8.9470541236488 86:1.0 
100.0 100.0 
100.0 100.0 
100.0 100.0 
100.0 100.0 
100.0 100.0 
100.0 100.0 
100.0 100.0 
100.0 100.0 
100.0 100.0 
100.0 100.0 
100.0 100.0 
100.0 100.0 
100.0 100.0 
100.0 100.0 
100.0 100.0 
100.0 100.0 
100.0 100.0 
100.0 100.0 
100.0 100.0 
100.0 100.0 
100.0 100.0 
100.0 100.0 36:1.0 
100.0 100.0 
100.0 100.0 
100.0 100.0 
100.0 100.0 
100.0 100.0 
100.0 100.0 
100.0 100.0 
100.0 100.0 
100.0 100.0 
100.0 100.0 
100.0 100.0 
100.0 100.0 
100.0 100.0 
100.0 100.0 
100.0 100.0 
100.0 100.0 23:1.0 
100.0 19.868884854782472 85:1.0 
0.0 67.21729956774423 87:1.0 
100.0 100.0 
99.77788949782446 99.84106400268122 12:1.0 
100.0 100.0 
100.0 100.0 
0.0 8.95424653511716 22:1.0 
100.0 0.0 71:1.0 
60.21400841312358 100.0 87:1.0 
60.16780865745831 59.80168292944229 23:1.0 49:1.0 
100.0 100.0 
100.0 100.0 
100.0 100.0 76:1.0 
100.0 100.0 
100.0 100.0 
100.0 100.0 31:1.0 
100.0 100.0 
100.0 100.0 
100.0 100.0 
100.0 100.0 
100.0 100.0 
100.0 100.0 
100.0 100.0 
100.0 100.0 
1.5811864176047468 0.0 19:1.0 68:1.0 74:1.0 99:1.0 
100.0 100.0 
100.0 100.0 
100.0 100.0 
100.0 100.0 
100.0 100.0 
100.0 100.0 
100.0 100.0 
100.0 100.0 
100.0 100.0 
100.0 100.0 
100.0 100.0 
100.0 100.0 
100.0 100.0 
100.0 100.0 19:1.0 
100.0 100.0 
100.0 100.0 
100.0 100.0 
100.0 100.0 
100.0 100.0 
100.0 100.0 
100.0 100.0 
100.0 100.0 
100.0 99.43270953230484 69:1.0 
100.0 100.0 
100.0 14.899784505580563 74:1.0 
100.0 100.0 
9.746578308127434 19.864243837823036 13:1.0 
100.0 100.0 
100.0 100.0 
100.0 100.0 20:1.0 
100.0 100.0 
100.0 100.0 19:1.0 
100.0 100.0 
100.0 100.0 
100.0 100.0 
19.98100905604166 0.0 65:1.0 
100.0 100.0 
100.0 100.0 
100.0 100.0 
15.345884428675353 100.0 77:1.0 
100.0 100.0 
100.0 100.0 
12.364939175177632 100.0 90:1.0 
100.0 100.0 
100.0 100.0 
0.0 59.74150606014905 55:1.0 
100.0 100.0 16:1.0 
100.0 100.0 
100.0 100.0 
100.0 100.0 
5.0901374680440785 14.745501467635714 67:1.0 77:1.0 
100.0 100.0 
100.0 100.0 
100.0 100.0 
100.0 99.90391100789746 74:1.0 
100.0 100.0 
100.0 100.0 67:1.0 
100.0 0.0 65:1.0 
100.0 100.0 
100.0 100.0 
100.0 100.0 
100.0 100.0 
100.0 100.0 
100.0 100.0 23:1.0 
100.0 100.0 
100.0 100.0 
100.0 100.0 
100.0 100.0 
100.0 100.0 
100.0 100.0 
100.0 100.0 
100.0 19.863497277977764 47:1.0 
100.0 100.0 
100.0 100.0 
100.0 100.0 
100.0 100.0 
100.0 100.0 
100.0 100.0 
100.0 100.0 
100.0 12.440786306652482 54:1.0 
0.0 8.94674628667574 30:1.0 
100.0 100.0 
100.0 100.0 
0.0 100.0 30:1.0 
9.748952654385096 100.0 30:1.0 
100.0 100.0 
100.0 100.0 
100.0 100.0 
100.0 100.0 
100.0 100.0 
100.0 100.0 
100.0 100.0 
100.0 8.956284569334445 65:1.0 
100.0 100.0 
100.0 100.0 
100.0 100.0 
100.0 100.0 
100.0 100.0 
100.0 100.0 
100.0 100.0 
100.0 100.0 
100.0 100.0 
100.0 100.0 
100.0 100.0 
100.0 100.0 
99.9673046942548 99.99056028678726 65:1.0 
100.0 100.0 
100.0 100.0 
0.0 10.34799969396914 64:1.0 
100.0 100.0 
100.0 100.0 
100.0 100.0 
100.0 100.0 
100.0 100.0 
9.744952552380079 0.0 29:1.0 69:1.0 
100.0 100.0 
100.0 100.0 
100.0 100.0 
100.0 100.0 
100.0 100.0 
100.0 100.0 
100.0 100.0 
100.0 100.0 
100.0 100.0 
100.0 100.0 
100.0 100.0 
100.0 100.0 
100.0 100.0 
100.0 100.0 
100.0 100.0 
100.0 100.0 
100.0 100.0 
100.0 100.0 
100.0 100.0 
100.0 100.0 
100.0 100.0 
100.0 100.0 
100.0 100.0 
100.0 100.0 
100.0 100.0 
100.0 8.945702865953741 71:1.0 
100.0 100.0 
100.0 100.0 
100.0 100.0 
100.0 100.0 
100.0 100.0 
100.0 100.0 
0.0 100.0 64:1.0 
100.0 100.0 
100.0 100.0 
100.0 100.0 
100.0 100.0 
100.0 100.0 
100.0 100.0 
100.0 100.0 
100.0 100.0 
100.0 100.0 
100.0 100.0 
100.0 100.0 
100.0 100.0 
100.0 100.0 
100.0 100.0 
100.0 100.0 
100.0 100.0 
100.0 100.0 
100.0 100.0 
100.0 100.0 
100.0 100.0 
100.0 100.0 
100.0 100.0 
100.0 100.0 
100.0 100.0 
100.0 100.0 
100.0 100.0 
100.0 100.0 
100.0 100.0 
9.923308307486908 9.245723742634354 39:1.0 
100.0 100.0 
100.0 100.0 
100.0 100.0 
100.0 100.0 
100.0 100.0 
100.0 100.0 
100.0 100.0 
100.0 100.0 
5.08757774629995 0.0 3:1.0 22:1.0 
100.0 100.0 
100.0 100.0 
100.0 100.0 
100.0 100.0 
100.0 100.0 
100.0 100.0 
100.0 100.0 
100.0 100.0 
100.0 100.0 
100.0 100.0 
100.0 100.0 
100.0 100.0 
100.0 100.0 
100.0 100.0 
100.0 100.0 
100.0 100.0 
100.0 0.0 3:1.0 
100.0 100.0 
100.0 100.0 
100.0 100.0 
100.0 100.0 
100.0 100.0 
100.0 100.0 
100.0 100.0 45:1.0 
100.0 100.0 
0.0 100.0 22:1.0 
100.0 100.0 
100.0 100.0 
100.0 100.0 
100.0 100.0 
100.0 100.0 
100.0 100.0 
100.0 100.0 
100.0 100.0 
100.0 100.0 
100.0 100.0 
100.0 100.0 
100.0 100.0 
100.0 100.0 
100.0 100.0 
100.0 100.0 
100.0 100.0 
100.0 100.0 
100.0 100.0 
100.0 100.0 
100.0 100.0 
100.0 100.0 
100.0 100.0 
60.163570112963036 8.948658152545425 58:1.0 70:1.0 
100.0 100.0 
100.0 100.0 
100.0 100.0 
100.0 100.0 
100.0 100.0 
35.34718731394836 59.759858393153735 59:1.0 62:1.0 
5.1443640352875075 99.99145633083657 22:1.0 
100.0 100.0 
100.0 100.0 
100.0 100.0 
100.0 100.0 
100.0 100.0 
100.0 100.0 
100.0 100.0 
100.0 100.0 
100.0 100.0 
100.0 100.0 
100.0 100.0 
100.0 100.0 
100.0 100.0 
100.0 100.0 
100.0 100.0 
100.0 100.0 
100.0 100.0 
100.0 100.0 
100.0 100.0 
100.0 100.0 85:1.0 
100.0 100.0 
100.0 100.0 
100.0 100.0 
100.0 100.0 
9.746966978114429 99.98159167331805 25:1.0 
100.0 100.0 
100.0 100.0 
100.0 100.0 
100.0 100.0 
100.0 100.0 
100.0 100.0 
100.0 100.0 
100.0 9.70762489306765 42:1.0 
100.0 100.0 
100.0 100.0 
100.0 8.948628342351464 3:1.0 
100.0 100.0 
100.0 100.0 
100.0 100.0 
100.0 100.0 
100.0 100.0 
100.0 100.0 
100.0 100.0 
100.0 100.0 
100.0 100.0 
100.0 100.0 
100.0 100.0 
100.0 100.0 
100.0 100.0 
100.0 100.0 
100.0 100.0 
100.0 100.0 
100.0 100.0 
9.12173437149642 0.0 2:1.0 
100.0 100.0 
100.0 100.0 
100.0 100.0 
9.74775968147553 100.0 64:1.0 
100.0 100.0 
100.0 100.0 
100.0 100.0 
3.1544761398320826 0.0 23:1.0 48:1.0 68:1.0 89:1.0 92:1.0 97:1.0 107:1.0 
100.0 100.0 
96.02342310633506 52.02930817064033 2:1.0 
100.0 100.0 
100.0 100.0 
100.0 100.0 
100.0 100.0 
100.0 100.0 
99.82656128101874 99.70194342221232 39:1.0 
9.747128891017043 100.0 55:1.0 
100.0 100.0 
100.0 100.0 
100.0 100.0 
100.0 99.2390762185607 42:1.0 
100.0 100.0 
100.0 100.0 19:1.0 
5.732433524796922 0.0 68:1.0 74:1.0 99:1.0 
100.0 100.0 
100.0 100.0 
-0.0 100.0 76:1.0 
-5.246831471588743 100.0 41:1.0 
-0.6899431761419351 0.857954023396433 14:1.0 58:1.0 
-0.643499572781961 0.0 42:1.0 
-0.4704012448536527 0.8395783432482795 4:1.0 15:1.0 
-0.0058960706468123006 0.0 31:1.0 
-1.2849850568628096 1.622589216523097 5:1.0 
-1.301436023201229 100.0 10:1.0 
-5.785913629995679 100.0 62:1.0 73:1.0 
-1.2865451227104765 100.0 1:1.0 76:1.0 
-0.0 100.0 34:1.0 74:1.0 95:1.0 
-100.0 0.0 71:1.0 
-0.7556213911053608 0.0 54:1.0 
-0.0 3.0683764527925295 83:1.0 88:1.0 98:1.0 
-38.50961433876712 0.8783517663708861 47:1.0 85:1.0 89:1.0 
-99.94622466095203 55.192266053784905 85:1.0 
-100.0 1.9118351851325612 42:1.0 
-4.3433930144153114 100.0 34:1.0 74:1.0 95:1.0 
-100.0 1.6232258508064579 86:1.0 
-5.505622920927139 0.0 74:1.0 
-100.0 100.0 39:1.0 
-0.0 100.0 37:1.0 
-1.7160857134845107 55.136247312113994 19:1.0 
-0.0 2.592531916517667 50:1.0 
-100.0 100.0 12:1.0 
-0.0 1.713237013969128 18:1.0 
-0.03942884410131234 9.060539455338773 6:1.0 
-0.0 0.8757743118060244 56:1.0 82:1.0 
-0.07685970434023653 0.0 83:1.0 
-0.7001875532878098 5.283950784441263 11:1.0 27:1.0 
-5.246883876603843 0.0 3:1.0 
-100.0 1.7927590886009115 2:1.0 
-1.3560335144992528 3.015066978178309 16:1.0 
-0.009599745471102723 0.0 46:1.0 
-0.0 0.8434905909115799 66:1.0 
-0.0 31.353702207984718 11:1.0 
-0.054120542259936455 100.0 24:1.0 
-0.0 100.0 76:1.0 
-0.0 100.0 84:1.0 
-0.0 0.8621322404572827 15:1.0 82:1.0 
-0.0 100.0 37:1.0 
-1.2846656023577026 100.0 33:1.0 
-10.150394285939997 0.0 29:1.0 
-100.0 0.0 65:1.0 
-100.0 0.0 71:1.0 
-1.016196252384175 1.3147163082624522 8:1.0 28:1.0 32:1.0 38:1.0 57:1.0 78:1.0 80:1.0 90:1.0 93:1.0 94:1.0 96:1.0 100:1.0 101:1.0 103:1.0 104:1.0 105:1.0 106:1.0 108:1.0 110:1.0 
-0.6973838198134779 55.9135744163572 6:1.0 26:1.0 
-0.8338574914847908 99.90781340932287 18:1.0 
-0.03562202656795471 1.996585844632736 72:1.0 
-100.0 100.0 20:1.0 
-0.0 94.15196209439469 58:1.0 
-0.0 100.0 67:1.0 
-100.0 100.0 19:1.0 
-0.680685132662156 19.63129499325366 6:1.0 76:1.0 
-0.301713935319966 0.8379683705086128 11:1.0 81:1.0 
-0.7029206417605818 100.0 52:1.0 60:1.0 
-100.0 2.458708692303135 29:1.0 
-0.0 100.0 83:1.0 88:1.0 98:1.0 
-99.98259994713952 100.0 10:1.0 
-12.00701989129427 5.6341489681791845 48:1.0 68:1.0 74:1.0 89:1.0 92:1.0 97:1.0 99:1.0 107:1.0 109:1.0 
-0.0 2.8009951814182257 45:1.0 
-0.0 0.877538356684429 53:1.0 82:1.0 
-0.48801349105627806 0.8601781773930083 4:1.0 66:1.0 
-100.0 0.0 3:1.0 
-0.0 100.0 73:1.0 
-0.0 48.343746423958706 82:1.0 
-0.8752773936968992 1.0251943695090326 8:1.0 32:1.0 38:1.0 57:1.0 78:1.0 80:1.0 90:1.0 100:1.0 101:1.0 103:1.0 105:1.0 
-0.0 48.3966173334842 
-0.0 100.0 
-0.0 100.0 
-0.0 100.0 
-0.0 100.0 
-0.0 100.0 
-0.0 100.0 
-0.0 100.0 
-0.0 100.0 
-0.0 100.0 
-0.0 100.0 
-0.0 100.0 
-0.0 99.32727544096036 4:1.0 
-0.0 100.0 
-0.0 100.0 
-0.0 100.0 
-0.0 100.0 
-0.0 100.0 
-0.0 100.0 
-0.00852893233835521 0.0 51:1.0 
-0.0 100.0 
-0.3849150313339908 0.0 56:1.0 
-0.1616479087227895 0.0 70:1.0 
-0.0 100.0 
-0.0 100.0 
-0.0 2.0084853061226235 3:1.0 14:1.0 32:1.0 73:1.0 
-0.0 100.0 
-0.0 100.0 
-0.0 100.0 
-0.0 100.0 
-0.0 100.0 
-0.0 100.0 
-0.022085808013093386 1.8489316297464857 7:1.0 
-0.0 100.0 
-0.0 100.0 
-0.0 100.0 
-0.0 100.0 
-0.0 100.0 
-0.0 100.0 
-0.0 100.0 
-0.0 100.0 
-0.0 100.0 
-0.2976173365711543 0.0 60:1.0 
-0.0 100.0 
-0.0 100.0 
-0.0 100.0 
-0.0 100.0 
-100.0 100.0 41:1.0 
-0.0 100.0 
-0.0 100.0 
-0.0 100.0 
-0.0 100.0 
-0.0 100.0 
-0.0 100.0 
-0.0 100.0 
-0.7000840924543484 30.316913666404734 21:1.0 54:1.0 
-0.0 100.0 
-0.0 100.0 
-0.0 100.0 
-0.0 100.0 
-0.0 100.0 66:1.0 
-0.0 100.0 
-0.0 100.0 
-0.0 100.0 
-5.891722267233295 100.0 67:1.0 
-0.0 100.0 
-0.0 100.0 
-0.0 100.0 
-0.0 100.0 
-0.0 100.0 
-0.0 100.0 
-0.6497423966816115 55.807864782147824 44:1.0 
-99.90107525681914 98.87518099953964 42:1.0 
-0.0 100.0 
-0.0 100.0 
-0.0 100.0 
-0.0 100.0 
-100.0 0.0 3:1.0 
-0.46616636724865407 2.3507382075910983 79:1.0 84:1.0 
-0.0 100.0 
-0.0 100.0 
-0.0 100.0 
-0.0 100.0 
-0.0 100.0 
-0.0 100.0 
-0.4989201944637449 0.0 18:1.0 79:1.0 
-0.0 100.0 
-0.0 100.0 
-100.0 100.0 19:1.0 
-0.0 100.0 
-0.3796807136005474 99.8840599388209 11:1.0 
-1.2892034133330326 11.604313068384084 24:1.0 71:1.0 
-0.0 100.0 
-1.3372727269271287 100.0 45:1.0 
-0.0 100.0 
-0.0 100.0 
-0.0 100.0 
-0.0 100.0 
-0.0 100.0 
-100.0 6.07315642534779 69:1.0 
-0.0 100.0 
-0.0 100.0 
-99.98934358782635 100.0 16:1.0 
-0.374044313809901 100.0 26:1.0 
-0.0 100.0 
-0.31820127250687813 0.0 52:1.0 
-0.0 100.0 
-0.0 100.0 
-0.0 100.0 
-0.0 100.0 
-0.0 100.0 
-0.0 100.0 
-0.0 100.0 
-0.0 100.0 
-0.0 100.0 
-0.0 100.0 
-0.0 100.0 
-0.0 100.0 
-0.0 100.0 
-0.0 100.0 
-0.0 100.0 
-0.0 100.0 
-0.0 100.0 
-0.0 100.0 
-0.0 100.0 
-0.3148269955395264 0.0 27:1.0 
-0.0 100.0 
-0.0 100.0 
-0.09530754103257014 0.0 17:1.0 
-0.01600187900591472 100.0 50:1.0 
-0.20865907490923818 0.0 36:1.0 
-0.0 100.0 
-0.0 100.0 
-0.0 100.0 
-0.0 100.0 
-0.0 100.0 
-0.0 100.0 
-0.0 100.0 
-0.0 100.0 
-0.0 100.0 
-0.0 100.0 
-0.0 100.0 
-0.0 100.0 
-0.0 100.0 
-0.0 100.0 
-0.0 100.0 
-0.0 100.0 
-0.0 100.0 
-0.0 100.0 
-0.0 100.0 
-0.0 100.0 
-0.012997982037285338 2.492853137972651 91:1.0 
-0.0 100.0 
-0.0 100.0 
-0.0 100.0 
-0.0 100.0 
-4.634141016799478 55.34511329248069 58:1.0 
-6.102395414773145 100.0 
-100.0 100.0 
-0.0 100.0 82:1.0 
-100.0 100.0 
-100.0 100.0 
-100.0 100.0 
-100.0 100.0 
-11.274717718321545 100.0 37:1.0 77:1.0 
-100.0 100.0 
-0.05140359214197781 0.0 32:1.0 
-100.0 100.0 
-100.0 100.0 
-100.0 100.0 
-100.0 100.0 
-100.0 100.0 
-100.0 100.0 
-100.0 100.0 
-100.0 100.0 
-100.0 100.0 
-100.0 100.0 
-100.0 100.0 
-100.0 100.0 
-100.0 100.0 
-0.04072316683468453 5.305189665150641 53:1.0 
-100.0 100.0 
-100.0 100.0 
-100.0 100.0 
-100.0 100.0 
-100.0 100.0 
-100.0 100.0 
-95.42922232882871 100.0 
-100.0 100.0 
-100.0 100.0 
-100.0 100.0 
-100.0 100.0 
-100.0 100.0 
-100.0 100.0 
-100.0 100.0 
-100.0 100.0 
-0.45471492530250723 2.985196127993314 23:1.0 
-100.0 100.0 
-100.0 100.0 
-100.0 100.0 
-100.0 100.0 
-100.0 100.0 
-100.0 100.0 
-0.31611194269996745 0.849874080137819 19:1.0 81:1.0 
-100.0 100.0 
-100.0 100.0 
-100.0 100.0 
-0.8504334193420773 55.931330828154266 49:1.0 
-0.3323858422010449 55.907219328219334 52:1.0 
-100.0 100.0 
-0.6982148060701232 0.8698597519347234 49:1.0 54:1.0 
-100.0 100.0 
-100.0 100.0 
-100.0 100.0 
-0.8443381185347257 100.0 66:1.0 
-100.0 100.0 67:1.0 
-0.38025925630668855 5.276036795277541 43:1.0 
-0.037280746381366386 100.0 35:1.0 
-100.0 100.0 
-100.0 100.0 
-100.0 100.0 
-100.0 100.0 
-100.0 100.0 
-100.0 1.323921216061474 74:1.0 
-100.0 100.0 
-0.6188993688626564 2.8869543676513767 36:1.0 
-100.0 100.0 
-0.0 100.0 49:1.0 
-100.0 100.0 
-0.2629282050337512 100.0 43:1.0 
-100.0 100.0 
-69.81259194479145 100.0 85:1.0 
-100.0 100.0 
-100.0 100.0 
-100.0 100.0 
-100.0 100.0 
-33.267553487892165 100.0 59:1.0 
-100.0 100.0 
-100.0 100.0 
-100.0 100.0 
-0.0 2.745468695911321 46:1.0 
-100.0 100.0 
-100.0 100.0 
-100.0 100.0 
-100.0 100.0 
-100.0 100.0 
-100.0 100.0 
-100.0 100.0 
-100.0 100.0 
-100.0 100.0 
-100.0 100.0 
-100.0 100.0 
-100.0 100.0 
-1.2428519053446077 100.0 53:1.0 
-0.3417197836843343 0.0 21:1.0 
-0.0 55.1358947686387 17:1.0 
-100.0 100.0 
-100.0 100.0 
-0.10441754169877517 0.2303231343639825 83:1.0 
-100.0 100.0 
-100.0 100.0 
-100.0 100.0 
-0.25724213379485306 0.03857901248855823 56:1.0 
-100.0 100.0 
-99.939232210748 98.60726053045248 16:1.0 
-100.0 100.0 
-100.0 100.0 
-100.0 100.0 
-100.0 100.0 
-0.0 100.0 23:1.0 
-100.0 100.0 
-100.0 100.0 
-99.95286518683389 99.16286784254928 29:1.0 
-100.0 100.0 
-100.0 100.0 
-100.0 100.0 
-100.0 100.0 
-100.0 100.0 
-100.0 100.0 
-100.0 100.0 
-100.0 100.0 
-100.0 100.0 
-100.0 100.0 
-100.0 100.0 
-100.0 100.0 
-0.8182677757904541 0.9247207226259182 20:1.0 42:1.0 
-1.2765205978863334 0.0 51:1.0 
-100.0 100.0 
-0.0 100.0 7:1.0 
-100.0 100.0 
-100.0 100.0 
-100.0 100.0 
-100.0 100.0 
-100.0 100.0 
-100.0 100.0 
-99.94656394773448 98.8212578085775 45:1.0 
-100.0 100.0 
-100.0 100.0 
-100.0 100.0 
-100.0 100.0 
-100.0 0.0 54:1.0 
-100.0 100.0 
-100.0 100.0 
-100.0 100.0 
-100.0 100.0 
-100.0 100.0 
-0.0 100.0 23:1.0 
-100.0 100.0 
-100.0 100.0 
-100.0 100.0 
-100.0 100.0 
-100.0 100.0 
-100.0 100.0 
-100.0 100.0 
-0.0 78.50730101974013 6:1.0 
-100.0 100.0 
-100.0 100.0 
-100.0 100.0 
-100.0 100.0 
-100.0 100.0 
-100.0 100.0 
-100.0 100.0 
-100.0 100.0 
-100.0 100.0 
-100.0 100.0 
-100.0 100.0 
-100.0 100.0 
-100.0 100.0 
-100.0 100.0 
-0.5011938251684792 0.0 19:1.0 79:1.0 
-100.0 100.0 
-100.0 100.0 
-100.0 100.0 
-100.0 100.0 
-100.0 100.0 
-100.0 100.0 
-100.0 100.0 
-100.0 100.0 
-100.0 100.0 
-100.0 100.0 
-100.0 100.0 
-100.0 100.0 
-1.2790801350222984 0.0 31:1.0 
-0.3363734479422668 6.390940984371912 27:1.0 
-100.0 100.0 
-100.0 100.0 
-100.0 100.0 
-100.0 100.0 
-100.0 100.0 
-100.0 100.0 
-100.0 100.0 
-100.0 100.0 
-100.0 100.0 
-100.0 100.0 
-100.0 100.0 
-100.0 100.0 
-0.30957242055955475 55.912167677100975 26:1.0 81:1.0 
-100.0 100.0 
-100.0 100.0 
-100.0 100.0 
-100.0 100.0 
-100.0 100.0 
-100.0 100.0 
-100.0 100.0 
-100.0 100.0 
-100.0 100.0 
-100.0 100.0 
-100.0 100.0 
-100.0 100.0 
-100.0 100.0 
-100.0 100.0 
-100.0 100.0 
-100.0 100.0 
-100.0 100.0 
-100.0 100.0 
-57.00245084954234 100.0 23:1.0 
-100.0 100.0 
-100.0 100.0 
-100.0 100.0 
-100.0 100.0 
-100.0 100.0 
-100.0 100.0 
-100.0 100.0 
-100.0 100.0 
-100.0 100.0 
-100.0 100.0 
-100.0 100.0 
-100.0 100.0 
-100.0 100.0 
-100.0 100.0 
-100.0 100.0 
-100.0 100.0 
-100.0 100.0 
-100.0 3.2888600801945547 31:1.0 
-100.0 100.0 
-100.0 100.0 
-100.0 100.0 
-100.0 100.0 
-55.56273968538654 1.6225180970428466 70:1.0 
-100.0 100.0 
-100.0 100.0 
-100.0 100.0 
-1.3487291220395652 98.6302045746003 83:1.0 88:1.0 98:1.0 
-0.0 0.8507705867999609 58:1.0 82:1.0 
-100.0 100.0 
-100.0 100.0 
-100.0 100.0 
-100.0 100.0 
-100.0 100.0 
-100.0 100.0 
-0.0 100.0 72:1.0 
-0.04818206368392196 66.55324749352023 14:1.0 
-0.06430534462993079 100.0 24:1.0 
-100.0 100.0 
-0.5402848551671059 0.0 32:1.0 
-100.0 100.0 
-100.0 100.0 
-100.0 100.0 
-100.0 100.0 
-100.0 100.0 
-100.0 100.0 
-2.8683561908281234 3.0312813514026153 38:1.0 78:1.0 80:1.0 90:1.0 100:1.0 
-0.6667312363196838 100.0 17:1.0 
-0.30847333792979814 0.8620205085239142 21:1.0 
-0.7098554359917993 0.8730753641439352 43:1.0 56:1.0 
-0.7005913893896323 50.6333893873178 35:1.0 44:1.0 
-100.0 100.0 
-100.0 100.0 
-100.0 100.0 
-100.0 98.33185168987522 31:1.0 
-100.0 100.0 
-100.0 100.0 
-100.0 55.20384746816011 47:1.0 
-100.0 100.0 
-0.6804984925620017 50.65134477103699 14:1.0 35:1.0 
-100.0 100.0 
-100.0 100.0 
-100.0 100.0 
-100.0 100.0 
-0.8648113017430831 100.0 84:1.0 
-100.0 100.0 
-100.0 100.0 
-100.0 100.0 
-100.0 100.0 
-0.037558601014684403 2.776420946752087 63:1.0 
-100.0 100.0 
-100.0 100.0 
-100.0 100.0 
-100.0 100.0 
-100.0 100.0 
-100.0 100.0 
-100.0 100.0 
-100.0 100.0 
-100.0 100.0 
-100.0 100.0 
-100.0 100.0 
-1.2628903976560173 99.77429630019451 7:1.0 
-100.0 100.0 
-99.26322085603415 0.0735435424943315 54:1.0 
-100.0 100.0 
-100.0 97.9797745610115 36:1.0 
-100.0 100.0 
-100.0 100.0 
-100.0 100.0 
-100.0 100.0 
-100.0 100.0 
-55.77216941101808 55.900051682420795 58:1.0 87:1.0 
-100.0 100.0 
-100.0 100.0 
-100.0 100.0 
-100.0 100.0 
-100.0 100.0 
-100.0 100.0 
-100.0 100.0 
-100.0 100.0 
-100.0 100.0 
-100.0 100.0 
-100.0 100.0 
-100.0 100.0 
-100.0 100.0 
-100.0 100.0 
-100.0 100.0 
-100.0 100.0 
-100.0 100.0 
-100.0 100.0 
-100.0 100.0 
-100.0 100.0 
-100.0 100.0 
-100.0 100.0 
-100.0 100.0 19:1.0 
-100.0 100.0 
-100.0 100.0 
-100.0 100.0 
-100.0 100.0 
-100.0 100.0 
-100.0 100.0 
-100.0 100.0 
-100.0 100.0 
-100.0 100.0 23:1.0 
-100.0 100.0 
-100.0 100.0 
-100.0 100.0 
-100.0 100.0 
-100.0 100.0 
-100.0 100.0 
-100.0 100.0 
-100.0 100.0 
-100.0 100.0 
-100.0 100.0 
-100.0 100.0 
-100.0 100.0 
-100.0 100.0 
-100.0 100.0 
-100.0 100.0 
-100.0 100.0 
-0.8614600532222702 0.0823904172985729 15:1.0 
-100.0 100.0 
-95.44992584452508 99.37417905270173 74:1.0 
-100.0 100.0 
-0.0 100.0 82:1.0 
-100.0 100.0 
-100.0 100.0 
-100.0 100.0 
-0.6377529609070771 0.939414922352474 17:1.0 20:1.0 81:1.0 
-100.0 100.0 
-100.0 100.0 
-100.0 100.0 
-100.0 100.0 
-100.0 100.0 
-100.0 100.0 
-100.0 100.0 
-0.5062650180653193 0.836471764207182 4:1.0 36:1.0 
-100.0 100.0 
-100.0 100.0 
-100.0 100.0 
-100.0 100.0 
-100.0 100.0 
-100.0 100.0 
-100.0 100.0 
-100.0 100.0 
-100.0 100.0 
-100.0 100.0 
-100.0 100.0 
-100.0 100.0 
-100.0 100.0 
-100.0 100.0 
-100.0 100.0 
-100.0 100.0 
-100.0 100.0 
-1.2470457427624784 98.84570300204618 63:1.0 
-100.0 100.0 
-1.2735655350207316 99.12880091251532 91:1.0 
-100.0 100.0 
-100.0 100.0 
-100.0 100.0 
-100.0 100.0 
-100.0 100.0 
-100.0 100.0 
-100.0 100.0 
-0.35112069518505945 1.6210564453468366 60:1.0 
-100.0 100.0 
-100.0 100.0 
-100.0 100.0 
-100.0 100.0 
-100.0 100.0 
-100.0 100.0 
-100.0 100.0 
-100.0 100.0 
-100.0 0.8197160897770294 65:1.0 
-100.0 100.0 
-100.0 100.0 
-100.0 100.0 
-100.0 100.0 
-100.0 100.0 
-100.0 100.0 
-100.0 100.0 
-54.246094241883476 100.0 49:1.0 
-100.0 100.0 
-100.0 100.0 
-100.0 100.0 
-100.0 100.0 
-100.0 100.0 
-100.0 100.0 
-100.0 100.0 
-100.0 100.0 
-100.0 100.0 
-100.0 100.0 
-100.0 100.0 
-100.0 100.0 
-100.0 100.0 
-100.0 100.0 
-100.0 100.0 
-1.2882065727784855 100.0 9:1.0 
-1.250145895898792 99.62395065906662 72:1.0 
-100.0 100.0 
-100.0 100.0 
-100.0 100.0 
-0.0 100.0 82:1.0 
-100.0 100.0 
-0.9131655348207558 1.103373818898992 8:1.0 28:1.0 32:1.0 38:1.0 78:1.0 80:1.0 90:1.0 93:1.0 94:1.0 96:1.0 100:1.0 101:1.0 104:1.0 106:1.0 108:1.0 110:1.0 
-100.0 100.0 
-100.0 100.0 
-100.0 100.0 
-100.0 100.0 
-100.0 100.0 
-100.0 100.0 
-100.0 100.0 
-100.0 100.0 
-100.0 100.0 
-100.0 100.0 
-100.0 100.0 
-100.0 100.0 
-100.0 100.0 
-100.0 100.0 
-100.0 100.0 
-100.0 100.0 
-76.4452744964673 100.0 76:1.0 
-100.0 100.0 65:1.0 
-100.0 100.0 
-100.0 100.0 
-1.2742109195214082 98.8769889185785 46:1.0 
-100.0 100.0 
-1.408785730447489 100.0 40:1.0 61:1.0 102:1.0 
-100.0 100.0 
-100.0 100.0 
-100.0 100.0 
-100.0 100.0 
-100.0 100.0 
-100.0 100.0 
-100.0 100.0 
-100.0 100.0 
-100.0 100.0 
-100.0 100.0 
-100.0 100.0 
-100.0 100.0 
-100.0 100.0 
-1.2696263307587252 99.03103282094801 50:1.0 
-100.0 100.0 
-100.0 100.0 
-100.0 100.0 
-100.0 100.0 
-100.0 100.0 
-100.0 100.0 
-100.0 100.0 
-100.0 1.6218045338046205 51:1.0 
-100.0 98.63499617552871 23:1.0 
-100.0 100.0 
-100.0 100.0 
-100.0 100.0 
-100.0 100.0 
-100.0 100.0 
-100.0 100.0 
-100.0 100.0 
-100.0 100.0 
-100.0 100.0 
-25.488505400179278 74.69280644059063 62:1.0 76:1.0 
-100.0 100.0 
-0.7084221866164182 10.25704855269069 3:1.0 41:1.0 
-100.0 100.0 
-100.0 100.0 
-100.0 100.0 
-0.0 48.736160396705074 81:1.0 
-11.270981730531267 0.8848879660660653 65:1.0 82:1.0 
-100.0 100.0 
-100.0 100.0 
-100.0 100.0 
-100.0 100.0 
-100.0 100.0 
-75.32348499134206 99.3797511832644 
-0.0 -100.0 
-0.0 -100.0 
-0.0 -100.0 
-0.0 -100.0 
-100.0 -9.412179929022901 25:1.0 
-0.0 -100.0 
-0.0 -100.0 
-0.0 -19.910276096221907 24:1.0 
-0.0 -100.0 
-0.0 -100.0 
-0.0 -100.0 
-0.0 -100.0 
-0.0 -100.0 
-0.0 -100.0 
-0.0 -100.0 
-0.0 -100.0 
-100.0 -95.43902045984953 77:1.0 
-0.0 -100.0 
-0.0 -100.0 
-0.0 -100.0 
-0.0 -100.0 
-0.0 -100.0 
-0.0 -100.0 
-100.0 -0.013841313255010831 30:1.0 
-0.0 -100.0 
-0.7282291088679469 -100.0 66:1.0 
-0.0 -100.0 
-0.0 -100.0 
-0.0 -100.0 
-0.0 -100.0 
-0.0 -100.0 
-0.0 -100.0 
-0.0 -100.0 
-0.0 -100.0 
-2.1346400973465443 -100.0 10:1.0 
-0.0 -100.0 
-0.0 -100.0 
-0.0 -100.0 
-0.0 -100.0 
-0.0 -100.0 
-2.086023909721466 -100.0 91:1.0 
-2.0812782461986488 -59.99402205981761 17:1.0 19:1.0 
-0.0 -100.0 
-0.0 -0.08172379669168345 1:1.0 
-0.0 -100.0 
-0.0 -100.0 
-0.0 -100.0 
-0.0 -100.0 
-0.0 -100.0 
-2.087480264190606 -100.0 45:1.0 
-0.0 -100.0 
-0.0 -100.0 
-0.0 -100.0 
-0.0 -100.0 
-100.0 -4.919964314582419 64:1.0 69:1.0 
-0.0 -100.0 
-0.0 -100.0 
-0.0 -100.0 
-0.0 -100.0 
-0.0 -10.592889941658658 26:1.0 
-0.0 -100.0 
-0.0 -100.0 
-0.0 -100.0 
-0.0 -100.0 
-0.0 -100.0 
-0.0 -100.0 
-0.0 -100.0 
-0.0 -100.0 
-0.0 -100.0 
-99.95245885297409 -100.0 10:1.0 
-0.0 -100.0 
-0.0 -100.0 
-0.0 -100.0 
-0.0 -100.0 
-0.0 -100.0 
-0.0 -100.0 
-0.0 -100.0 
-0.0 -100.0 
-2.088229278854664 -100.0 46:1.0 
-0.0 -100.0 
-0.0 -67.47872088203866 62:1.0 
-0.0 -100.0 
-0.0 -100.0 
-0.0 -100.0 
-0.0 -100.0 
-0.0 -100.0 58:1.0 
-0.0 -100.0 
-0.0 -100.0 
-0.0 -100.0 
-0.0 -100.0 
-0.0 -100.0 49:1.0 
-0.0 -100.0 
-100.0 -100.0 12:1.0 
-0.0 -100.0 
-0.0 -100.0 
-0.0 -100.0 
-0.0 -100.0 
-0.0 -100.0 
-0.0 -100.0 
-0.0 -4.916551435853944 11:1.0 27:1.0 33:1.0 
-0.0 -100.0 
-0.0 -100.0 
-0.0 -100.0 
-0.0 -100.0 
-2.0860661823262565 -100.0 4:1.0 
-0.0 -100.0 
-0.0 -100.0 
-0.0 -100.0 
-0.0 -100.0 
-0.0 -100.0 
-0.0 -100.0 
-4.265049756669976 -32.574859397810215 11:1.0 21:1.0 54:1.0 
-0.0 -100.0 
-0.0 -100.0 
-0.0 -100.0 
-0.0 -100.0 
-0.006347746689918113 -0.01923968630653967 37:1.0 
-0.0 -100.0 76:1.0 
-10.181683855615443 -100.0 58:1.0 
-0.0 -100.0 
-0.0 -100.0 
-100.0 -100.0 16:1.0 
-0.0 -100.0 
-0.0 -100.0 
-0.0 -100.0 
-0.0 -100.0 
-0.0 -100.0 
-0.0 -100.0 
-2.2981041491204532 -18.691084195253428 41:1.0 
-0.0 -100.0 
-0.0 -100.0 
-0.0 -100.0 
-0.0 -100.0 
-0.0 -100.0 
-4.433144120085136 -100.0 49:1.0 
-0.0 -100.0 
-0.0 -100.0 
-0.0 -100.0 
-0.0 -100.0 
-12.065804240057941 -4.913042748212167 43:1.0 64:1.0 
-0.0 -100.0 
-0.0 -100.0 
-100.0 -100.0 65:1.0 
-0.0 -100.0 
-0.0 -100.0 
-0.0 -100.0 43:1.0 
-0.0 -100.0 
-1.1455793150787044 -0.0 40:1.0 61:1.0 102:1.0 
-0.0 -100.0 76:1.0 
-0.0 -100.0 
-0.0 -100.0 
-0.0 -100.0 
-0.0 -100.0 
-0.46891188069623296 -100.0 72:1.0 
-0.0 -100.0 
-0.0 -100.0 
-50.71906945202925 -100.0 
-100.0 -100.0 
-100.0 -100.0 
-100.0 -100.0 
-100.0 -100.0 
-0.0 -100.0 50:1.0 
-100.0 -100.0 
-100.0 -100.0 
-100.0 -100.0 
-100.0 -100.0 
-100.0 -100.0 
-0.9613128737704525 -100.0 33:1.0 
-100.0 -100.0 
-100.0 -100.0 
-0.03648182849864738 -100.0 34:1.0 74:1.0 95:1.0 
-100.0 -100.0 
-0.0 -100.0 23:1.0 
-100.0 -100.0 
-100.0 -100.0 
-100.0 -100.0 
-100.0 -100.0 
-2.0870425755647832 -100.0 44:1.0 
-100.0 -100.0 
-56.159371402565675 -100.0 62:1.0 
-100.0 -4.96435053233371 55:1.0 
-100.0 -100.0 
-100.0 -100.0 
-100.0 -100.0 
-7.638829340669285 -100.0 23:1.0 
-100.0 -100.0 
-100.0 -100.0 
-100.0 -100.0 
-100.0 -100.0 
-100.0 -100.0 
-0.008554106677224558 -100.0 26:1.0 
-100.0 -100.0 
-100.0 -100.0 
-100.0 -100.0 
-100.0 -100.0 
-100.0 -100.0 
-100.0 -100.0 
-100.0 -100.0 
-0.16762142522456341 -100.0 83:1.0 88:1.0 98:1.0 
-56.13801415969354 -4.915859093902529 49:1.0 55:1.0 
-0.018894826819671855 -100.0 24:1.0 
-100.0 -100.0 
-100.0 -100.0 
-2.088404426369549 -100.0 81:1.0 
-100.0 -100.0 
-2.997438772948235 -10.364992027073036 67:1.0 
-100.0 -100.0 
-100.0 -100.0 
-0.0 -100.0 37:1.0 
-100.0 -100.0 
-100.0 -100.0 
-100.0 -100.0 
-100.0 -100.0 
-100.0 -0.04347012264342704 22:1.0 
-100.0 -100.0 
-1.0706191002476761 -55.988621636122055 82:1.0 84:1.0 
-100.0 -100.0 
-100.0 -100.0 
-100.0 -100.0 
-100.0 -100.0 
-100.0 -100.0 
-100.0 -100.0 
-100.0 -100.0 
-100.0 -100.0 
-100.0 -100.0 
-100.0 -100.0 
-100.0 -100.0 
-100.0 -100.0 
-100.0 -100.0 
-100.0 -100.0 
-100.0 -100.0 
-100.0 -100.0 
-100.0 -100.0 
-100.0 -100.0 85:1.0 
-100.0 -100.0 
-100.0 -100.0 
-100.0 -100.0 
-100.0 -100.0 
-2.0864389169445916 -100.0 50:1.0 
-0.0 -100.0 53:1.0 
-100.0 -100.0 
-100.0 -100.0 
-100.0 -100.0 
-100.0 -100.0 
-100.0 -100.0 
-100.0 -100.0 
-100.0 -100.0 
-100.0 -100.0 
-100.0 -100.0 
-1.0709863632816514 -55.976377899734345 49:1.0 84:1.0 
-100.0 -100.0 
-100.0 -100.0 
-100.0 -100.0 
-100.0 -100.0 
-100.0 -100.0 
-7.084579881971691 -4.926380674412622 11:1.0 77:1.0 
-0.0 -100.0 67:1.0 
-100.0 -100.0 
-2.0873135264823137 -100.0 76:1.0 
-100.0 -100.0 
-100.0 -100.0 
-100.0 -100.0 
-100.0 -100.0 
-100.0 -100.0 
-100.0 -100.0 
-100.0 -100.0 
-100.0 -100.0 
-100.0 -100.0 
-100.0 -100.0 
-100.0 -100.0 
-100.0 -100.0 
-100.0 -100.0 
-100.0 -100.0 
-100.0 -100.0 
-100.0 -100.0 
-100.0 -100.0 
-100.0 -100.0 
-100.0 -100.0 
-100.0 -100.0 
-100.0 -100.0 
-100.0 -100.0 
-100.0 -100.0 
-100.0 -100.0 
-100.0 -100.0 
-100.0 -100.0 
-100.0 -100.0 
-0.0 -100.0 82:1.0 
-100.0 -100.0 
-100.0 -100.0 
-100.0 -100.0 
-100.0 -100.0 
-100.0 -100.0 
-100.0 -100.0 
-2.086311578284993 -100.0 18:1.0 
-100.0 -100.0 
-100.0 -100.0 
-100.0 -100.0 
-0.0 -100.0 82:1.0 
-100.0 -100.0 
-100.0 -100.0 
-100.0 -100.0 
-100.0 -100.0 
-100.0 -100.0 
-100.0 -100.0 
-100.0 -100.0 
-100.0 -100.0 
-100.0 -100.0 
-100.0 -100.0 
-100.0 -55.342066261945895 87:1.0 
-100.0 -100.0 36:1.0 
-2.069339201048819 -100.0 24:1.0 
-100.0 -100.0 
-12.429525825152286 -100.0 67:1.0 
-1.2547130817484147 -1.3920590309328083 27:1.0 40:1.0 61:1.0 102:1.0 
-100.0 -100.0 
-100.0 -100.0 
-100.0 -100.0 
-100.0 -100.0 
-100.0 -100.0 
-100.0 -100.0 
-100.0 -100.0 
-2.0756525014610614 -100.0 26:1.0 
-100.0 -100.0 
-100.0 -100.0 
-100.0 -100.0 
-100.0 -100.0 
-100.0 -100.0 
-100.0 -100.0 
-100.0 -100.0 
-100.0 -100.0 
-0.0 -21.840466574134034 1:1.0 
-100.0 -100.0 
-0.0 -86.17222086891348 1:1.0 76:1.0 
-100.0 -100.0 
-100.0 -100.0 
-100.0 -100.0 
-100.0 -100.0 
-100.0 -100.0 
-100.0 -100.0 
-100.0 -100.0 
-100.0 -100.0 
-100.0 -100.0 
-100.0 -100.0 
-100.0 -100.0 
-100.0 -100.0 
-0.017408079910837534 -100.0 35:1.0 
-100.0 -100.0 
-100.0 -100.0 
-6.659296377846888 -100.0 34:1.0 74:1.0 95:1.0 
-100.0 -100.0 
-100.0 -100.0 
-100.0 -100.0 
-100.0 -100.0 
-100.0 -0.515923391783993 64:1.0 
-2.114508614588922 -100.0 83:1.0 88:1.0 98:1.0 
-100.0 -100.0 
-100.0 -100.0 
-100.0 -100.0 
-100.0 -100.0 
-100.0 -100.0 
-100.0 -100.0 
-100.0 -100.0 
-48.560015608628476 -100.0 23:1.0 
-57.83688819965938 -0.20753936304749832 2:1.0 75:1.0 87:1.0 
-100.0 -100.0 
-100.0 -100.0 
-100.0 -100.0 
-100.0 -100.0 
-1.2421836316203048 -4.964893837367874 27:1.0 33:1.0 
-100.0 -100.0 
-12.06763542842888 -4.949105414769912 53:1.0 87:1.0 
-4.061689216301824 -100.0 41:1.0 
-100.0 -100.0 
-100.0 -100.0 76:1.0 
-100.0 -100.0 
-100.0 -100.0 
-100.0 -100.0 
-100.0 -100.0 
-100.0 -100.0 
-100.0 -100.0 
-100.0 -100.0 
-100.0 -100.0 
-100.0 -100.0 
-100.0 -100.0 74:1.0 
-2.0866115320456835 -100.0 63:1.0 
-100.0 -100.0 
-100.0 -100.0 
-100.0 -100.0 
-100.0 -100.0 
-100.0 -100.0 
-100.0 -100.0 
-100.0 -100.0 
-100.0 -100.0 
-100.0 -100.0 
-100.0 -100.0 
-100.0 -100.0 
-12.06612568033338 -60.0126171773951 6:1.0 47:1.0 
-100.0 -100.0 
-100.0 -100.0 
-0.1580713709679581 -0.0 1:1.0 13:1.0 
-100.0 -100.0 
-0.0 -100.0 7:1.0 
-2.1854628341437587 -100.0 52:1.0 60:1.0 
-100.0 -100.0 
-100.0 -100.0 
-100.0 -100.0 
-100.0 -100.0 
-100.0 -100.0 
-100.0 -100.0 
-100.0 -100.0 
-15.083540601694905 -0.006723304929796734 59:1.0 
-100.0 -100.0 
-100.0 -100.0 
-100.0 -100.0 
-100.0 -100.0 
-100.0 -100.0 
-100.0 -100.0 
-0.0 -4.92071341764559 9:1.0 14:1.0 
-100.0 -100.0 
-0.0 -9.570043508329197 59:1.0 
-100.0 -100.0 
-100.0 -100.0 
-100.0 -100.0 
-100.0 -100.0 
-100.0 -100.0 
-100.0 -100.0 
-100.0 -100.0 
-100.0 -100.0 16:1.0 
-100.0 -100.0 
-100.0 -100.0 
-100.0 -100.0 
-100.0 -100.0 
-100.0 -100.0 
-100.0 -100.0 23:1.0 
-100.0 -100.0 
-100.0 -100.0 
-100.0 -100.0 
-100.0 -100.0 
-100.0 -100.0 
-100.0 -100.0 
-100.0 -100.0 39:1.0 
-100.0 -100.0 
-100.0 -100.0 
-100.0 -100.0 
-100.0 -100.0 
-100.0 -100.0 
-100.0 -100.0 
-100.0 -100.0 
-100.0 -100.0 
-100.0 -100.0 
-100.0 -100.0 
-100.0 -100.0 
-0.0 -100.0 37:1.0 
-100.0 -100.0 
-100.0 -100.0 
-100.0 -100.0 
-100.0 -100.0 
-100.0 -100.0 19:1.0 
-100.0 -100.0 
-0.14969141385266777 -100.0 84:1.0 
-100.0 -100.0 
-0.0 -2.7432756601508794 40:1.0 61:1.0 102:1.0 
-100.0 -100.0 
-100.0 -100.0 
-100.0 -100.0 
-0.0 -98.6548993571329 40:1.0 61:1.0 102:1.0 
-100.0 -100.0 
-100.0 -100.0 23:1.0 
-100.0 -100.0 
-100.0 -100.0 
-100.0 -100.0 
-100.0 -100.0 
-100.0 -100.0 
-100.0 -100.0 
-100.0 -100.0 
-100.0 -100.0 
-100.0 -100.0 
-100.0 -100.0 
-100.0 -100.0 
-100.0 -100.0 
-100.0 -100.0 
-100.0 -100.0 
-100.0 -100.0 
-100.0 -100.0 
-100.0 -100.0 
-100.0 -100.0 
-1.3593281748165407 -100.0 66:1.0 
-100.0 -100.0 
-100.0 -100.0 
-0.0 -8.25333515870341 9:1.0 
-100.0 -100.0 
-100.0 -100.0 
-100.0 -100.0 
-2.0802633977601763 -99.8750027556605 37:1.0 
-100.0 -100.0 
-100.0 -100.0 42:1.0 
-100.0 -100.0 
-41.073447186570206 -99.8361581806532 59:1.0 
-100.0 -100.0 
-100.0 -100.0 
-100.0 -100.0 
-0.0 -100.0 11:1.0 
-100.0 -9.369483906556209 22:1.0 
-100.0 -100.0 
-100.0 -100.0 
-100.0 -100.0 
-100.0 -100.0 
-0.0 -1.384776717280867 73:1.0 
-100.0 -100.0 
-1.117663645229316 -100.0 82:1.0 
-0.0 -100.0 73:1.0 
-100.0 -4.366773670455603 34:1.0 48:1.0 68:1.0 74:1.0 89:1.0 92:1.0 95:1.0 97:1.0 99:1.0 107:1.0 109:1.0 
-100.0 -100.0 
-0.0 -59.99546420981619 14:1.0 52:1.0 
-100.0 -100.0 
-100.0 -100.0 
-100.0 -100.0 
-100.0 -100.0 
-100.0 -100.0 
-100.0 -100.0 29:1.0 
-100.0 -100.0 
-100.0 -100.0 
-100.0 -100.0 
-100.0 -100.0 
-100.0 -100.0 
-100.0 -100.0 
-100.0 -100.0 
-100.0 -100.0 
-100.0 -100.0 
-100.0 -100.0 
-100.0 -100.0 
-100.0 -100.0 
-100.0 -100.0 
-100.0 -100.0 
-100.0 -100.0 
-100.0 -100.0 
-100.0 -100.0 
-100.0 -100.0 45:1.0 
-100.0 -100.0 
-100.0 -100.0 
-100.0 -100.0 
-100.0 -100.0 
-100.0 -100.0 
-100.0 -100.0 
-100.0 -100.0 
-2.070821198943821 -100.0 35:1.0 
-100.0 -100.0 
-100.0 -100.0 
-100.0 -100.0 
-100.0 -100.0 
-100.0 -100.0 
-100.0 -100.0 
-2.088339558446196 -96.70737849938068 9:1.0 
-100.0 -100.0 
-100.0 -100.0 
-100.0 -100.0 
-100.0 -100.0 
-100.0 -100.0 
-100.0 -100.0 
-100.0 -12.284476730460149 90:1.0 
-100.0 -100.0 
-100.0 -100.0 
-2.0866782069570458 -100.0 73:1.0 
-100.0 -100.0 
-100.0 -100.0 
-100.0 -100.0 
-100.0 -100.0 
-100.0 -100.0 
-100.0 -100.0 
-100.0 -99.04807519502297 67:1.0 
-100.0 -100.0 
-100.0 -100.0 
-100.0 -100.0 
-100.0 -100.0 
-100.0 -100.0 
-100.0 -100.0 
-100.0 -100.0 
-100.0 -100.0 
-100.0 -100.0 
-1.6172934042369265 -100.0 72:1.0 
-100.0 -100.0 
-100.0 -100.0 31:1.0 
-100.0 -100.0 
-12.068149368871639 -59.99966441762295 14:1.0 85:1.0 
-100.0 -100.0 
-100.0 -100.0 
-100.0 -100.0 
-100.0 -100.0 
-100.0 -100.0 
-100.0 -100.0 
-100.0 -100.0 19:1.0 
-100.0 -100.0 
-100.0 -100.0 
-100.0 -100.0 
-100.0 -9.398329609948249 30:1.0 
-100.0 -100.0 
-11.907823929574134 -0.0 1:1.0 13:1.0 
-100.0 -100.0 
-100.0 -100.0 
-100.0 -100.0 
-100.0 -100.0 19:1.0 
-100.0 -100.0 
-100.0 -100.0 
-100.0 -100.0 
-100.0 -100.0 
-100.0 -100.0 
-100.0 -100.0 
-100.0 -100.0 
-100.0 -100.0 
-100.0 -100.0 
-0.0 -100.0 6:1.0 
-100.0 -100.0 
-100.0 -100.0 
-100.0 -100.0 
-100.0 -100.0 
-100.0 -100.0 
-100.0 -100.0 
-100.0 -100.0 
-100.0 -100.0 
-100.0 -100.0 
-2.0864584293186974 -100.0 7:1.0 
-100.0 -100.0 
-100.0 -100.0 
-100.0 -100.0 
-100.0 -100.0 
-100.0 -100.0 
-100.0 -100.0 
-100.0 -100.0 
-100.0 -100.0 
-100.0 -100.0 
-100.0 -100.0 
-100.0 -100.0 
-100.0 -100.0 
-100.0 -100.0 
-100.0 -100.0 
-100.0 -100.0 
-100.0 -100.0 20:1.0 
-100.0 -100.0 
-100.0 -100.0 
-100.0 -100.0 
-100.0 -100.0 
-100.0 -100.0 
-0.2048386216211709 -100.0 17:1.0 
-100.0 -100.0 
-100.0 -100.0 
-100.0 -100.0 
-100.0 -100.0 
-100.0 -100.0 
-100.0 -100.0 
-100.0 -100.0 
-100.0 -100.0 
-100.0 -100.0 
-100.0 -100.0 
-100.0 -100.0 
-100.0 -100.0 
-100.0 -100.0 
-100.0 -100.0 
-100.0 -100.0 
-100.0 -100.0 
-100.0 -100.0 
-100.0 -100.0 
-100.0 -100.0 
-100.0 -100.0 
-100.0 -100.0 
-100.0 -100.0 
-100.0 -100.0 
-100.0 -100.0 41:1.0 
-100.0 -100.0 
-100.0 -100.0 
-100.0 -100.0 
-100.0 -100.0 
-100.0 -100.0 
-100.0 -100.0 
-100.0 -100.0 
