svm_type c_svc
kernel_type linear
nr_class 3
total_sv 1475
rho 0.999983860820891 0.9999713655234782 -0.9994900862216082
label 2 0 1
nr_sv 403 548 524
SV
100.0 100.0 
100.0 100.0 
100.0 100.0 
100.0 100.0 
100.0 100.0 
100.0 100.0 
100.0 100.0 
100.0 100.0 
100.0 100.0 
100.0 100.0 
100.0 100.0 
100.0 100.0 
100.0 100.0 
3.9991662005646607 3.999139220101692 84:1.0 
100.0 100.0 
100.0 100.0 
100.0 100.0 
100.0 100.0 
100.0 100.0 
100.0 0.0 18:1.0 
100.0 100.0 
100.0 100.0 
100.0 100.0 
100.0 100.0 
100.0 100.0 
100.0 100.0 
100.0 100.0 
100.0 100.0 
100.0 100.0 
100.0 100.0 
100.0 100.0 
100.0 100.0 
100.0 100.0 
100.0 100.0 
100.0 100.0 
100.0 100.0 
100.0 100.0 
0.0 100.0 4:1.0 
100.0 100.0 
0.2164385291568661 0.0 45:1.0 58:1.0 104:1.0 116:1.0 126:1.0 128:1.0 
100.0 100.0 
100.0 100.0 
100.0 100.0 
100.0 100.0 
100.0 100.0 
100.0 100.0 
100.0 100.0 
100.0 100.0 
100.0 100.0 
100.0 100.0 
100.0 100.0 
100.0 100.0 
100.0 2.0 32:1.0 
100.0 100.0 
100.0 100.0 
100.0 100.0 
100.0 2.0 81:1.0 
100.0 100.0 
100.0 100.0 
100.0 100.0 
100.0 100.0 
100.0 100.0 8:1.0 
100.0 100.0 86:1.0 
100.0 100.0 
100.0 100.0 
0.0 0.14320467655125652 20:1.0 45:1.0 58:1.0 92:1.0 104:1.0 124:1.0 125:1.0 126:1.0 128:1.0 
100.0 100.0 
100.0 100.0 
100.0 100.0 
2.0 0.0 6:1.0 
100.0 100.0 
100.0 100.0 3:1.0 
100.0 100.0 
100.0 100.0 
100.0 100.0 
100.0 100.0 
100.0 100.0 
100.0 100.0 
100.0 100.0 
100.0 100.0 
100.0 100.0 
100.0 100.0 
100.0 100.0 
100.0 100.0 
0.0 2.0 110:1.0 
0.0 99.8569012635808 20:1.0 45:1.0 58:1.0 92:1.0 104:1.0 124:1.0 125:1.0 126:1.0 128:1.0 
100.0 100.0 
2.0 100.0 110:1.0 
100.0 100.0 
100.0 100.0 
100.0 100.0 
100.0 100.0 
100.0 100.0 
100.0 100.0 
100.0 100.0 
100.0 100.0 
100.0 100.0 
100.0 100.0 
100.0 100.0 81:1.0 
100.0 100.0 
100.0 100.0 
100.0 100.0 
100.0 100.0 
100.0 100.0 
100.0 100.0 
100.0 100.0 
100.0 0.0 35:1.0 
6.863347782281784 1.9994915851732382 58:1.0 
100.0 100.0 
100.0 100.0 
100.0 100.0 
100.0 100.0 
100.0 2.0 116:1.0 
100.0 100.0 
100.0 100.0 
100.0 100.0 
100.0 100.0 
100.0 100.0 
100.0 100.0 
100.0 100.0 
100.0 100.0 
100.0 100.0 
100.0 100.0 
100.0 100.0 
100.0 100.0 
100.0 100.0 
100.0 100.0 
100.0 100.0 
100.0 100.0 
100.0 100.0 
100.0 100.0 
100.0 100.0 
100.0 100.0 
100.0 100.0 85:1.0 
100.0 100.0 
100.0 100.0 
100.0 100.0 
100.0 100.0 
100.0 100.0 
100.0 100.0 
100.0 100.0 
100.0 100.0 
100.0 100.0 
100.0 100.0 
100.0 100.0 
100.0 100.0 
100.0 100.0 
100.0 100.0 
0.0 99.46183162210684 1:1.0 
100.0 100.0 77:1.0 
6.701458395274355 2.5381683778931565 1:1.0 53:1.0 
0.0 100.0 54:1.0 
100.0 100.0 
100.0 3.999684856738749 6:1.0 
100.0 100.0 
100.0 100.0 
100.0 0.0 107:1.0 
2.0 100.0 54:1.0 
100.0 100.0 29:1.0 77:1.0 
100.0 100.0 
100.0 100.0 
100.0 100.0 47:1.0 
100.0 100.0 
0.0 2.0 108:1.0 
100.0 2.0 18:1.0 
100.0 100.0 
100.0 100.0 
100.0 100.0 
100.0 100.0 
2.0 0.0 25:1.0 
100.0 100.0 
100.0 100.0 
100.0 100.0 
100.0 100.0 
2.2157257465466054 0.0 13:1.0 45:1.0 104:1.0 128:1.0 
100.0 100.0 
100.0 100.0 
100.0 100.0 
100.0 100.0 
100.0 100.0 
100.0 100.0 
100.0 100.0 
100.0 100.0 
100.0 100.0 
0.0 100.0 37:1.0 
100.0 100.0 
100.0 100.0 
100.0 100.0 
100.0 100.0 
100.0 3.9994294580503498 13:1.0 
100.0 100.0 
100.0 100.0 
100.0 100.0 
100.0 100.0 
100.0 100.0 
100.0 100.0 
100.0 100.0 
100.0 100.0 
0.0 3.9993760860348484 101:1.0 
90.25 100.0 105:1.0 
100.0 100.0 
3.9992964043277244 2.9995313438281004 45:1.0 
100.0 100.0 
2.0 4.0 72:1.0 
100.0 100.0 
100.0 100.0 
100.0 100.0 
100.0 100.0 
100.0 100.0 13:1.0 
100.0 100.0 
100.0 100.0 
2.0 2.0 61:1.0 
100.0 100.0 
100.0 100.0 
2.0 2.0 67:1.0 
100.0 100.0 
0.007769692621048652 95.19067558123992 48:1.0 
100.0 100.0 
100.0 100.0 
2.499416645867494 1.0 82:1.0 121:1.0 
100.0 100.0 
100.0 100.0 
2.0 100.0 37:1.0 
100.0 100.0 8:1.0 
100.0 100.0 
2.7564191475532884 0.0 58:1.0 91:1.0 92:1.0 120:1.0 124:1.0 
100.0 100.0 
100.0 100.0 
2.64821119677541 1.8917131692161864E-4 4:1.0 58:1.0 120:1.0 
3.9914863176258533 8.807932338599851 43:1.0 48:1.0 
100.0 100.0 
100.0 100.0 
100.0 100.0 
100.0 100.0 45:1.0 
100.0 100.0 
100.0 100.0 43:1.0 
100.0 100.0 
100.0 100.0 
100.0 100.0 
100.0 100.0 
100.0 100.0 
100.0 100.0 77:1.0 
100.0 100.0 
100.0 100.0 
100.0 100.0 
100.0 100.0 
100.0 100.0 
100.0 100.0 
100.0 100.0 
7.295583545648855 4.0 91:1.0 
100.0 100.0 
100.0 100.0 
100.0 100.0 64:1.0 
100.0 100.0 
100.0 100.0 
100.0 100.0 
100.0 100.0 
100.0 2.0007213999247107 35:1.0 
100.0 100.0 
100.0 100.0 
0.0 2.0 17:1.0 
2.0 100.0 17:1.0 
100.0 100.0 
100.0 100.0 
100.0 100.0 
100.0 100.0 
100.0 100.0 
100.0 100.0 
100.0 100.0 
2.0 2.0 103:1.0 
100.0 100.0 
100.0 100.0 
100.0 100.0 
100.0 100.0 
100.0 100.0 
100.0 100.0 
100.0 100.0 
100.0 100.0 
100.0 100.0 
100.0 100.0 
4.0 100.0 108:1.0 
100.0 100.0 103:1.0 
100.0 100.0 
100.0 100.0 
0.0 100.0 101:1.0 
100.0 100.0 
100.0 100.0 
100.0 100.0 
100.0 100.0 
100.0 100.0 
11.75 0.0 81:1.0 105:1.0 
100.0 100.0 
100.0 100.0 
100.0 100.0 
100.0 100.0 
100.0 100.0 
100.0 100.0 
100.0 100.0 
100.0 100.0 
100.0 100.0 
100.0 100.0 
100.0 100.0 
100.0 100.0 61:1.0 
100.0 100.0 
100.0 100.0 
2.0 2.0 52:1.0 
2.0 2.0 100:1.0 
100.0 100.0 
100.0 100.0 
100.0 100.0 
100.0 100.0 
100.0 100.0 
100.0 100.0 
100.0 100.0 
100.0 100.0 
100.0 100.0 10:1.0 
100.0 100.0 
100.0 2.0 107:1.0 
100.0 100.0 
100.0 100.0 
100.0 100.0 
100.0 100.0 
100.0 100.0 
100.0 100.0 
2.0 100.0 101:1.0 
100.0 100.0 
100.0 100.0 
100.0 100.0 
100.0 100.0 
100.0 100.0 
100.0 100.0 
100.0 100.0 
100.0 100.0 
100.0 100.0 
100.0 100.0 
100.0 100.0 
100.0 100.0 
100.0 100.0 
100.0 100.0 
100.0 100.0 
100.0 100.0 
100.0 100.0 
100.0 100.0 
100.0 100.0 
100.0 100.0 
100.0 100.0 
100.0 100.0 
100.0 100.0 
100.0 100.0 
100.0 100.0 
100.0 100.0 
100.0 100.0 
100.0 100.0 
100.0 4.0 25:1.0 
100.0 100.0 
100.0 100.0 
100.0 100.0 
100.0 100.0 
100.0 100.0 
100.0 100.0 
100.0 100.0 
100.0 100.0 
2.0 0.0 15:1.0 62:1.0 
100.0 100.0 
100.0 100.0 
100.0 100.0 
100.0 100.0 
100.0 100.0 
100.0 100.0 
100.0 100.0 
100.0 100.0 
100.0 100.0 
100.0 100.0 
100.0 100.0 
100.0 100.0 
100.0 100.0 
100.0 100.0 
100.0 100.0 
100.0 100.0 
100.0 2.0 62:1.0 
100.0 100.0 
100.0 100.0 
100.0 100.0 
100.0 100.0 
100.0 100.0 
100.0 100.0 
100.0 100.0 89:1.0 
100.0 100.0 
0.0 100.0 15:1.0 67:1.0 
100.0 100.0 
100.0 100.0 
100.0 100.0 
100.0 100.0 
2.0 100.0 74:1.0 
100.0 100.0 
100.0 100.0 
100.0 100.0 
100.0 100.0 
100.0 100.0 
100.0 100.0 
100.0 100.0 
100.0 100.0 
100.0 100.0 
-0.0 100.0 47:1.0 
-0.0 100.0 86:1.0 
-0.0 0.9704388894581706 73:1.0 98:1.0 
-0.0 100.0 3:1.0 
-0.0 100.0 109:1.0 
-0.017909174840709374 0.0 82:1.0 
-0.0 100.0 47:1.0 60:1.0 
-0.0 97.95000155986818 71:1.0 
-100.0 0.0 107:1.0 
-100.0 0.0 35:1.0 
-0.0 1.6477744984636248E-4 11:1.0 114:1.0 118:1.0 127:1.0 
-0.0 100.0 9:1.0 
-8.052508835026158 0.0 53:1.0 58:1.0 91:1.0 120:1.0 
-0.0 100.0 56:1.0 
-0.0 3.9989037732021497 20:1.0 41:1.0 45:1.0 125:1.0 
-0.0 100.0 71:1.0 
-100.0 0.0 116:1.0 
-100.0 95.66819197278463 45:1.0 
-100.0 0.0 25:1.0 
-0.0 100.0 117:1.0 
-0.0 100.0 23:1.0 
-2.215458646698835 0.0 13:1.0 
-0.0 100.0 31:1.0 
-100.0 0.0 6:1.0 
-0.0 0.6674735704055351 16:1.0 71:1.0 76:1.0 129:1.0 
-100.0 0.0 61:1.0 
-0.0 100.0 11:1.0 117:1.0 
-100.0 0.0 8:1.0 
-5.969412065773199 100.0 77:1.0 
-0.0 0.9727347994405746 40:1.0 71:1.0 
-0.0 100.0 78:1.0 
-100.0 100.0 47:1.0 
-0.0 1.9991358563465107 21:1.0 115:1.0 
-0.0 100.0 23:1.0 93:1.0 
-0.0 100.0 19:1.0 
-11.75 0.0 81:1.0 
-100.0 100.0 103:1.0 
-100.0 0.0 107:1.0 
-0.0 9.239334935515675 2:1.0 79:1.0 
-0.0 82.61598887230801 
-0.0 100.0 12:1.0 
-0.0 100.0 
-0.0 100.0 
-0.0 100.0 
-1.9996576537456814 1.9968520387681947 44:1.0 84:1.0 
-0.0 100.0 
-0.0 100.0 
-0.0 100.0 
-0.0 100.0 
-0.0 100.0 
-0.0 100.0 
-0.0 100.0 
-0.0 100.0 
-0.0 96.33333333333333 98:1.0 
-0.0 100.0 
-0.0 100.0 
-0.0 100.0 
-0.0 100.0 
-0.0 100.0 
-0.0 100.0 
-0.0 100.0 
-0.0 100.0 
-0.0 100.0 43:1.0 
-0.0 100.0 
-0.0 97.33333333333333 113:1.0 
-0.0 100.0 
-0.0 100.0 
-100.0 100.0 13:1.0 
-0.0 100.0 73:1.0 
-0.0 0.7593945690504951 2:1.0 47:1.0 
-0.0 100.0 
-0.0 100.0 
-0.0 100.0 
-100.0 2.0 81:1.0 
-0.0 100.0 
-0.0 100.0 
-0.0 100.0 114:1.0 118:1.0 127:1.0 
-0.0 100.0 
-0.0 100.0 
-0.0 100.0 
-0.0 100.0 
-0.0 100.0 
-0.0 100.0 
-0.0 100.0 
-100.0 100.0 3:1.0 
-0.0 100.0 
-0.0 100.0 
-0.0 100.0 
-0.0 100.0 
-2.4321185892264134 6.331419912564686 34:1.0 45:1.0 58:1.0 92:1.0 104:1.0 124:1.0 126:1.0 128:1.0 
-0.0 100.0 
-0.0 100.0 
-0.0 100.0 
-0.0 100.0 
-0.0 100.0 
-0.0 100.0 
-0.0 100.0 
-0.0 100.0 
-0.0 2.226479981432784E-4 42:1.0 63:1.0 
-100.0 1.9984010683278104 10:1.0 62:1.0 
-0.0 100.0 
-0.0 100.0 
-0.0 100.0 
-0.0 100.0 
-0.0 100.0 
-0.0 100.0 109:1.0 
-0.0 2.0 36:1.0 
-0.0 100.0 
-0.0 100.0 
-0.0 100.0 
-0.0 100.0 
-0.0 100.0 
-0.0 100.0 113:1.0 
-0.0 100.0 
-0.0 100.0 
-0.0 100.0 
-0.0 100.0 
-0.0 100.0 
-0.0 100.0 
-0.0 100.0 
-0.0 100.0 
-0.0 100.0 
-0.0 100.0 
-0.0 100.0 
-0.0 100.0 
-0.0 100.0 
-0.0 100.0 
-0.0 100.0 
-0.0 2.0001136761897396 93:1.0 96:1.0 
-34.40367532769711 100.0 
-100.0 100.0 
-100.0 100.0 
-100.0 100.0 
-100.0 100.0 
-100.0 100.0 
-100.0 100.0 
-100.0 100.0 
-100.0 100.0 
-100.0 100.0 
-100.0 100.0 
-100.0 100.0 
-0.0 100.0 63:1.0 
-100.0 100.0 
-100.0 100.0 
-100.0 100.0 
-100.0 100.0 
-100.0 100.0 
-100.0 100.0 
-100.0 100.0 
-100.0 100.0 
-100.0 100.0 
-0.0 0.0012335111707694798 62:1.0 73:1.0 83:1.0 109:1.0 
-100.0 100.0 
-100.0 100.0 
-100.0 100.0 
-100.0 100.0 
-100.0 100.0 
-100.0 100.0 
-0.0 4.589898434663365E-4 68:1.0 
-100.0 100.0 
-100.0 100.0 
-100.0 100.0 
-100.0 100.0 
-100.0 100.0 
-100.0 100.0 
-100.0 100.0 
-0.0 0.6016981208413489 39:1.0 59:1.0 
-100.0 100.0 
-100.0 100.0 
-100.0 100.0 
-100.0 100.0 
-0.0 2.0 122:1.0 
-100.0 100.0 
-100.0 100.0 
-100.0 100.0 86:1.0 
-100.0 100.0 
-100.0 100.0 
-100.0 100.0 
-100.0 100.0 
-100.0 100.0 
-100.0 100.0 
-100.0 100.0 
-0.0 89.62568499466796 14:1.0 35:1.0 
-100.0 100.0 
-100.0 100.0 
-100.0 100.0 
-100.0 100.0 
-0.0 100.0 42:1.0 
-100.0 100.0 
-100.0 100.0 
-100.0 100.0 
-3.991549357139961 100.0 43:1.0 
-100.0 100.0 
-100.0 100.0 
-100.0 100.0 
-100.0 100.0 
-100.0 100.0 
-0.0 69.21265729740927 88:1.0 
-0.0 2.0 27:1.0 
-100.0 100.0 
-100.0 100.0 
-100.0 100.0 
-100.0 100.0 
-2.0 0.0 62:1.0 
-0.0 1.9988738489910156 111:1.0 115:1.0 
-100.0 100.0 
-100.0 100.0 
-100.0 100.0 
-100.0 100.0 
-100.0 100.0 
-100.0 100.0 
-100.0 100.0 
-100.0 100.0 
-100.0 100.0 13:1.0 
-100.0 100.0 
-0.0 100.0 71:1.0 
-0.0 2.0 78:1.0 107:1.0 
-100.0 100.0 
-0.0 1.3333333333333333 89:1.0 
-100.0 100.0 
-100.0 100.0 
-100.0 100.0 
-100.0 100.0 
-100.0 2.0 105:1.0 
-100.0 100.0 
-100.0 100.0 
-100.0 100.0 8:1.0 
-0.0 100.0 79:1.0 
-100.0 100.0 
-100.0 100.0 
-100.0 100.0 
-100.0 100.0 
-100.0 100.0 
-100.0 100.0 
-100.0 100.0 
-100.0 100.0 
-100.0 100.0 
-100.0 100.0 
-100.0 100.0 
-100.0 100.0 
-100.0 100.0 
-100.0 100.0 
-100.0 100.0 
-100.0 100.0 
-100.0 100.0 
-100.0 100.0 
-100.0 100.0 
-100.0 100.0 
-100.0 100.0 
-100.0 100.0 
-0.0 100.0 31:1.0 
-0.0 2.0 85:1.0 
-100.0 100.0 
-100.0 100.0 
-100.0 100.0 
-100.0 100.0 
-100.0 100.0 
-100.0 100.0 
-100.0 100.0 
-100.0 100.0 
-100.0 100.0 
-100.0 100.0 
-100.0 100.0 
-100.0 100.0 
-100.0 100.0 
-100.0 100.0 
-100.0 100.0 
-100.0 100.0 
-100.0 100.0 
-100.0 100.0 
-100.0 100.0 
-0.0 98.00072769817635 122:1.0 
-100.0 100.0 
-100.0 100.0 
-100.0 100.0 
-100.0 100.0 
-0.0 99.8705057042414 98:1.0 
-100.0 100.0 
-100.0 100.0 
-0.0 99.84022848281391 113:1.0 
-100.0 100.0 
-100.0 100.0 
-100.0 100.0 
-100.0 100.0 
-1.999481408702393 100.0 23:1.0 48:1.0 
-100.0 100.0 
-100.0 100.0 
-100.0 100.0 
-100.0 100.0 
-100.0 100.0 
-100.0 100.0 
-100.0 100.0 
-100.0 100.0 
-0.0 6.580939118224771E-4 51:1.0 
-100.0 100.0 
-100.0 100.0 
-100.0 100.0 
-0.0 2.0 30:1.0 
-0.0 2.0 95:1.0 
-100.0 100.0 
-100.0 100.0 
-100.0 100.0 
-100.0 100.0 
-100.0 100.0 
-100.0 100.0 
-100.0 100.0 
-3.3506602564021244 2.0 1:1.0 33:1.0 
-100.0 100.0 
-100.0 100.0 
-100.0 100.0 
-100.0 100.0 
-100.0 100.0 
-100.0 100.0 
-0.0 1.9998521894722077 77:1.0 102:1.0 
-100.0 100.0 
-100.0 100.0 
-100.0 100.0 
-0.0 100.0 94:1.0 
-100.0 100.0 
-0.0 98.00080607235964 36:1.0 
-100.0 100.0 
-0.0 4.7876924867498597E-4 13:1.0 50:1.0 
-100.0 100.0 
-100.0 100.0 
-100.0 100.0 
-0.0 100.0 29:1.0 
-0.0 100.0 94:1.0 
-100.0 100.0 
-0.0 9.994741929517575 29:1.0 35:1.0 
-100.0 100.0 
-100.0 100.0 
-100.0 100.0 
-0.0 100.0 42:1.0 
-100.0 100.0 43:1.0 
-0.0 4.3661868885087494E-4 28:1.0 80:1.0 
-0.0 0.9729039919821988 22:1.0 
-100.0 100.0 
-100.0 100.0 
-100.0 100.0 
-100.0 100.0 
-100.0 100.0 
-1.999562681136562 0.0 41:1.0 45:1.0 
-100.0 100.0 
-100.0 98.00068879898315 85:1.0 
-100.0 100.0 29:1.0 
-100.0 100.0 
-0.0 100.0 28:1.0 
-100.0 100.0 
-0.0 100.0 53:1.0 
-100.0 100.0 
-100.0 100.0 
-100.0 100.0 
-100.0 100.0 
-2.0 5.997780885757706 38:1.0 108:1.0 
-100.0 100.0 
-100.0 100.0 
-100.0 100.0 
-0.0 100.0 90:1.0 
-100.0 100.0 
-100.0 100.0 
-100.0 100.0 
-100.0 100.0 
-100.0 100.0 
-100.0 100.0 
-100.0 100.0 
-100.0 100.0 
-100.0 100.0 
-100.0 100.0 
-100.0 100.0 
-100.0 100.0 
-0.0 100.0 95:1.0 
-0.0 2.0 75:1.0 
-100.0 100.0 
-0.0 8.108807376787837E-4 119:1.0 
-0.0 6.716849298982197E-15 114:1.0 
-100.0 100.0 
-100.0 100.0 
-100.0 100.0 
-100.0 100.0 
-0.0 100.0 8:1.0 80:1.0 
-100.0 100.0 
-100.0 100.0 
-100.0 100.0 
-0.0 4.4673754996060744E-4 87:1.0 
-100.0 100.0 77:1.0 
-100.0 100.0 
-100.0 100.0 
-100.0 98.00074481857582 81:1.0 
-100.0 100.0 
-100.0 100.0 
-100.0 100.0 
-100.0 100.0 
-100.0 100.0 
-100.0 100.0 
-100.0 100.0 
-100.0 100.0 
-100.0 100.0 
-100.0 100.0 
-100.0 100.0 
-100.0 100.0 
-0.0 98.00079496568017 27:1.0 
-100.0 7.654992423690905E-4 32:1.0 
-100.0 100.0 
-0.0 100.0 56:1.0 68:1.0 
-100.0 100.0 
-100.0 100.0 
-100.0 100.0 
-100.0 100.0 
-100.0 100.0 
-100.0 98.66666666666667 89:1.0 
-100.0 100.0 
-100.0 100.0 
-100.0 100.0 
-0.0 99.39857767847664 39:1.0 59:1.0 
-100.0 0.38034685513842836 35:1.0 
-100.0 100.0 
-0.0 4.0953443753011243E-4 7:1.0 
-0.0 100.0 57:1.0 
-100.0 100.0 
-100.0 100.0 
-100.0 100.0 
-94.03156781725993 100.0 77:1.0 
-100.0 100.0 
-100.0 100.0 
-100.0 100.0 
-100.0 100.0 
-0.0 1.5 70:1.0 
-100.0 100.0 
-100.0 100.0 
-100.0 100.0 
-100.0 100.0 
-100.0 100.0 
-100.0 100.0 
-100.0 100.0 
-0.0 7.276981763411246E-4 46:1.0 
-100.0 100.0 
-100.0 100.0 
-100.0 100.0 
-100.0 100.0 
-0.0 100.0 5:1.0 
-100.0 100.0 
-100.0 100.0 
-100.0 100.0 
-100.0 100.0 
-100.0 100.0 
-100.0 100.0 
-100.0 100.0 
-100.0 100.0 
-100.0 100.0 
-100.0 100.0 
-100.0 100.0 
-100.0 100.0 
-100.0 100.0 
-100.0 100.0 
-100.0 100.0 
-0.0 100.0 16:1.0 
-100.0 100.0 
-100.0 100.0 
-100.0 100.0 
-100.0 100.0 
-100.0 100.0 
-100.0 100.0 
-100.0 100.0 
-100.0 100.0 
-100.0 100.0 
-100.0 100.0 
-100.0 100.0 
-100.0 100.0 
-0.0 100.0 50:1.0 79:1.0 
-100.0 100.0 
-100.0 100.0 
-100.0 100.0 
-100.0 100.0 
-100.0 100.0 
-100.0 100.0 
-100.0 100.0 
-100.0 100.0 
-100.0 100.0 
-0.0 98.50059148929385 70:1.0 
-100.0 100.0 
-100.0 100.0 
-100.0 100.0 
-100.0 100.0 
-100.0 100.0 
-100.0 100.0 
-100.0 100.0 
-100.0 100.0 
-99.99945161850829 100.0 64:1.0 77:1.0 
-100.0 100.0 
-100.0 100.0 
-100.0 100.0 
-100.0 100.0 
-100.0 100.0 
-100.0 100.0 
-100.0 100.0 
-100.0 100.0 
-100.0 100.0 
-100.0 100.0 
-100.0 100.0 
-100.0 100.0 
-100.0 100.0 
-100.0 100.0 
-100.0 100.0 
-100.0 100.0 
-100.0 100.0 
-100.0 0.0 18:1.0 
-100.0 100.0 
-100.0 100.0 
-100.0 100.0 
-100.0 100.0 
-0.0 5.403089699883568E-4 106:1.0 
-100.0 100.0 
-100.0 100.0 
-100.0 100.0 
-0.0 100.0 114:1.0 118:1.0 127:1.0 
-0.0 2.826523835877581 98:1.0 113:1.0 
-100.0 100.0 
-100.0 100.0 
-100.0 100.0 
-100.0 100.0 
-2.481481481481481 4.432162660132355E-4 82:1.0 
-100.0 100.0 
-0.0 98.00390315576252 44:1.0 
-0.0 100.0 78:1.0 
-100.0 100.0 
-0.0 98.00045898984347 30:1.0 
-100.0 100.0 
-100.0 100.0 
-100.0 100.0 
-100.0 100.0 
-100.0 100.0 
-0.4998246906050756 1.1829785877106745E-4 24:1.0 49:1.0 112:1.0 121:1.0 130:1.0 
-0.0 98.00076549924236 75:1.0 
-0.0 10.374394523911004 14:1.0 
-100.0 100.0 
-100.0 100.0 
-100.0 100.0 
-100.0 5.515986359717617E-4 18:1.0 
-100.0 100.0 
-100.0 100.0 
-0.0 3.9995874002812277 91:1.0 120:1.0 
-100.0 100.0 
-0.0 99.02772081097835 22:1.0 40:1.0 73:1.0 
-100.0 100.0 
-100.0 100.0 
-100.0 100.0 
-100.0 100.0 
-0.0 100.0 115:1.0 
-0.0 -100.0 
-0.0 -100.0 
-0.0 -100.0 
-0.0 -100.0 
-0.0 -100.0 
-0.0 -100.0 
-0.0 -100.0 
-0.0 -4.0 78:1.0 
-100.0 -3.9978607593578217 10:1.0 
-0.0 -100.0 
-0.0 -100.0 
-0.0 -100.0 
-0.0 -100.0 
-0.0 -100.0 
-0.0 -100.0 
-0.0 -100.0 
-100.0 -3.2273919753086417 48:1.0 
-0.0 -100.0 
-0.0 -100.0 
-0.0 -100.0 
-0.0 -100.0 
-0.0 -100.0 
-0.0 -100.0 117:1.0 
-100.0 -1.9995636575909426 17:1.0 
-0.0 -100.0 
-0.0 -100.0 42:1.0 
-0.0 -100.0 
-0.0 -100.0 
-0.0 -100.0 
-0.0 -100.0 
-0.0 -100.0 
-0.0 -100.0 
-0.0 -100.0 
-0.0 -100.0 
-0.0 -100.0 3:1.0 
-0.0 -100.0 
-0.0 -100.0 
-0.0 -100.0 
-0.0 -100.0 
-0.0 -100.0 
-0.0 -100.0 122:1.0 
-1.9997975040784441 -100.0 13:1.0 75:1.0 
-0.0 -100.0 
-0.0 -0.8450552613807006 60:1.0 
-0.0 -100.0 
-0.0 -100.0 
-0.0 -100.0 
-0.0 -100.0 
-0.0 -100.0 
-0.0 -100.0 
-100.0 -100.0 89:1.0 
-0.0 -100.0 
-0.0 -100.0 
-0.0 -100.0 
-0.0 -100.0 
-100.0 -1.9995904655624694 101:1.0 105:1.0 
-0.0 -100.0 
-0.0 -100.0 
-0.0 -100.0 
-0.0 -100.0 
-0.0 -21.04143876344139 79:1.0 
-0.0 -100.0 
-0.0 -100.0 
-0.0 -100.0 
-0.0 -100.0 
-0.0 -100.0 
-0.0 -0.864429137830764 109:1.0 
-0.0 -100.0 
-0.0 -100.0 
-0.0 -100.0 
-0.0 -100.0 
-100.0 -100.0 3:1.0 
-0.0 -100.0 
-0.0 -100.0 
-0.0 -100.0 
-0.0 -100.0 
-0.0 -100.0 
-0.0 -100.0 
-0.0 -100.0 
-0.0 -1.9995567837339867 9:1.0 
-0.0 -100.0 90:1.0 
-0.0 -100.0 
-0.0 -100.0 
-41.651940906377426 -100.0 
-100.0 -100.0 
-100.0 -100.0 
-100.0 -100.0 
-0.0 -100.0 98:1.0 
-100.0 -100.0 
-100.0 -100.0 
-100.0 -100.0 
-100.0 -100.0 
-0.0 -100.0 29:1.0 
-100.0 -100.0 
-1.999684856738749 -0.0 5:1.0 6:1.0 
-100.0 -100.0 
-0.0 -100.0 56:1.0 
-0.0 -8.330643683263311 34:1.0 
-100.0 -100.0 
-100.0 -100.0 
-100.0 -100.0 
-0.0 -0.8174418747981089 16:1.0 19:1.0 71:1.0 
-100.0 -100.0 
-100.0 -100.0 
-100.0 -100.0 
-100.0 -100.0 
-0.0 -100.0 63:1.0 
-100.0 -100.0 
-100.0 -100.0 
-100.0 -100.0 
-100.0 -100.0 
-100.0 -100.0 
-100.0 -100.0 
-5.317667763412685E-4 -100.0 14:1.0 35:1.0 71:1.0 
-100.0 -100.0 
-100.0 -100.0 
-100.0 -100.0 
-100.0 -100.0 
-0.0 -2.999553262450039 23:1.0 
-0.0 -3.2919432477168895 47:1.0 
-0.0 -100.0 98:1.0 
-0.0 -100.0 30:1.0 
-100.0 -100.0 
-100.0 -100.0 8:1.0 
-100.0 -100.0 
-100.0 -100.0 
-100.0 -100.0 
-100.0 -100.0 
-100.0 -100.0 
-100.0 -100.0 
-0.0 -100.0 86:1.0 
-100.0 -100.0 
-100.0 -100.0 
-100.0 -100.0 
-100.0 -100.0 
-100.0 -100.0 
-0.0 -100.0 29:1.0 
-100.0 -100.0 
-100.0 -100.0 
-100.0 -100.0 
-100.0 -100.0 
-1.9995285865144514 -0.0 28:1.0 101:1.0 
-100.0 -100.0 
-100.0 -100.0 
-100.0 -100.0 103:1.0 
-100.0 -100.0 
-100.0 -100.0 
-0.0 -100.0 28:1.0 
-100.0 -100.0 
-0.0 -100.0 47:1.0 
-100.0 -100.0 
-100.0 -100.0 
-100.0 -100.0 
-100.0 -100.0 
-0.0 -100.0 44:1.0 
-100.0 -100.0 
-100.0 -100.0 
-100.0 -100.0 
-100.0 -100.0 
-100.0 -100.0 
-100.0 -100.0 
-0.0 -100.0 57:1.0 
-0.0 -100.0 31:1.0 
-100.0 -100.0 
-0.0 -100.0 59:1.0 
-100.0 -100.0 
-100.0 -100.0 
-100.0 -100.0 
-1.9995987765993808 -1.997396441997986 19:1.0 84:1.0 
-100.0 -100.0 
-100.0 -100.0 
-0.9999917969882871 -0.0 20:1.0 45:1.0 125:1.0 
-100.0 -100.0 
-0.0 -3.9993653215457083 77:1.0 
-100.0 -100.0 
-100.0 -100.0 
-100.0 -100.0 
-100.0 -100.0 
-0.0 -69.21246408002348 5:1.0 88:1.0 
-100.0 -100.0 
-100.0 -100.0 
-100.0 -0.0 37:1.0 
-100.0 -100.0 
-0.0 -3.999868080902523 93:1.0 
-100.0 -100.0 
-0.0 -100.0 77:1.0 
-100.0 -100.0 
-100.0 -100.0 
-100.0 -100.0 
-100.0 -100.0 
-100.0 -100.0 
-0.0 -90.19731116729743 79:1.0 
-100.0 -100.0 
-100.0 -100.0 
-100.0 -100.0 
-0.0 -0.9996407285230436 74:1.0 
-100.0 -100.0 
-100.0 -100.0 
-100.0 -100.0 
-0.0 -100.0 114:1.0 118:1.0 127:1.0 
-100.0 -3.998503553216869 29:1.0 37:1.0 108:1.0 
-0.0 -99.99959046556248 78:1.0 
-100.0 -100.0 
-100.0 -100.0 
-0.0 -100.0 50:1.0 
-100.0 -100.0 
-4.553968281368233 -100.0 43:1.0 
-100.0 -100.0 
-100.0 -100.0 
-0.0 -100.0 23:1.0 
-100.0 -100.0 
-100.0 -100.0 
-100.0 -100.0 
-100.0 -100.0 
-100.0 -0.0 15:1.0 67:1.0 
-100.0 -100.0 
-100.0 -100.0 
-100.0 -100.0 
-100.0 -100.0 
-100.0 -100.0 
-100.0 -100.0 
-100.0 -100.0 
-100.0 -100.0 
-100.0 -100.0 
-100.0 -100.0 
-100.0 -100.0 
-100.0 -100.0 
-100.0 -100.0 
-100.0 -100.0 
-100.0 -100.0 
-100.0 -100.0 
-100.0 -100.0 
-100.0 -100.0 
-2.5381683778931565 -100.0 53:1.0 
-100.0 -100.0 
-100.0 -100.0 
-100.0 -100.0 
-100.0 -100.0 
-0.0 -100.0 31:1.0 
-0.0 -100.0 95:1.0 
-100.0 -100.0 
-100.0 -100.0 
-100.0 -100.0 
-100.0 -100.0 
-100.0 -100.0 
-100.0 -100.0 
-100.0 -100.0 
-100.0 -100.0 
-0.0 -100.0 56:1.0 
-0.0 -5.996747746427371 29:1.0 115:1.0 
-100.0 -100.0 
-100.0 -100.0 
-100.0 -100.0 
-100.0 -100.0 
-100.0 -100.0 
-1.9989500534677322 -98.77260802469135 48:1.0 71:1.0 
-4.254116074338199 -100.0 43:1.0 
-100.0 -100.0 
-0.0 -100.0 47:1.0 
-100.0 -100.0 
-100.0 -100.0 
-100.0 -100.0 
-100.0 -100.0 64:1.0 
-100.0 -100.0 
-0.0 -100.0 9:1.0 
-100.0 -100.0 
-100.0 -100.0 
-0.0 -1.154457870692795 60:1.0 
-100.0 -100.0 
-100.0 -3.999414265901996 1:1.0 
-100.0 -100.0 
-100.0 -100.0 
-100.0 -100.0 
-100.0 -100.0 
-100.0 -100.0 
-100.0 -100.0 
-100.0 -100.0 
-100.0 -100.0 
-100.0 -100.0 
-100.0 -100.0 
-100.0 -100.0 
-100.0 -100.0 
-100.0 -100.0 
-100.0 -100.0 
-100.0 -100.0 
-100.0 -100.0 
-100.0 -100.0 
-0.0 -100.0 113:1.0 
-100.0 -100.0 
-100.0 -100.0 
-100.0 -100.0 
-100.0 -1.999285450937869 4:1.0 
-100.0 -100.0 
-100.0 -100.0 
-0.0 -100.0 12:1.0 
-100.0 -100.0 
-100.0 -100.0 
-0.0 -100.0 113:1.0 
-100.0 -100.0 
-100.0 -100.0 
-100.0 -100.0 
-100.0 -100.0 
-100.0 -100.0 
-100.0 -100.0 
-100.0 -100.0 
-100.0 -100.0 
-100.0 -100.0 
-100.0 -100.0 
-100.0 -0.0 54:1.0 
-100.0 -100.0 85:1.0 
-0.0 -100.0 78:1.0 
-100.0 -100.0 
-100.0 -100.0 43:1.0 
-0.0 -0.6666947977434915 16:1.0 26:1.0 76:1.0 99:1.0 129:1.0 132:1.0 
-0.0 -100.0 93:1.0 
-100.0 -100.0 
-100.0 -100.0 
-100.0 -100.0 
-100.0 -100.0 
-100.0 -100.0 
-100.0 -100.0 
-0.0 -100.0 79:1.0 
-100.0 -100.0 
-0.0 -100.0 11:1.0 117:1.0 
-100.0 -100.0 
-0.0 -100.0 80:1.0 
-100.0 -100.0 
-100.0 -100.0 
-100.0 -100.0 
-100.0 -100.0 
-0.0 -100.0 60:1.0 
-100.0 -100.0 
-0.0 -100.0 36:1.0 
-100.0 -100.0 
-100.0 -100.0 
-100.0 -100.0 
-100.0 -100.0 
-100.0 -100.0 
-100.0 -100.0 
-100.0 -100.0 
-100.0 -100.0 
-100.0 -100.0 
-100.0 -100.0 
-100.0 -100.0 
-0.0 -100.0 22:1.0 
-100.0 -100.0 
-100.0 -100.0 
-100.0 -100.0 
-100.0 -100.0 
-100.0 -100.0 
-100.0 -100.0 
-100.0 -0.0 101:1.0 
-0.0 -100.0 114:1.0 118:1.0 127:1.0 
-100.0 -100.0 
-100.0 -100.0 
-100.0 -100.0 
-100.0 -100.0 
-100.0 -100.0 
-100.0 -100.0 
-100.0 -100.0 
-100.0 -100.0 77:1.0 
-100.0 -0.0 54:1.0 61:1.0 110:1.0 
-100.0 -100.0 
-100.0 -100.0 
-100.0 -100.0 
-0.0 -32.78733132210564 5:1.0 
-0.0 -99.18415910792308 16:1.0 19:1.0 
-100.0 -100.0 
-0.0 -1.9995321906830326 54:1.0 95:1.0 
-100.0 -100.0 86:1.0 
-100.0 -100.0 
-100.0 -99.46666666666667 47:1.0 
-100.0 -100.0 
-100.0 -100.0 
-100.0 -100.0 
-0.0 -1.9992050343198238 65:1.0 
-100.0 -100.0 
-100.0 -100.0 
-100.0 -100.0 
-100.0 -100.0 
-100.0 -100.0 
-100.0 -100.0 45:1.0 
-100.0 -100.0 
-100.0 -100.0 
-100.0 -100.0 
-100.0 -100.0 
-100.0 -100.0 
-100.0 -100.0 
-100.0 -100.0 
-100.0 -100.0 
-100.0 -100.0 
-100.0 -100.0 
-100.0 -100.0 
-100.0 -100.0 
-2.0 -7.998729504566169 2:1.0 91:1.0 
-100.0 -100.0 
-100.0 -100.0 
-0.0 -2.0 109:1.0 
-2.0 -0.0 60:1.0 72:1.0 
-100.0 -100.0 
-0.0 -100.0 68:1.0 
-0.0 -100.0 39:1.0 94:1.0 
-100.0 -100.0 
-100.0 -100.0 
-100.0 -100.0 
-100.0 -100.0 
-100.0 -100.0 
-100.0 -100.0 
-100.0 -100.0 
-0.0 -2.6906949095743924 38:1.0 
-100.0 -100.0 
-100.0 -100.0 
-100.0 -100.0 
-100.0 -100.0 
-100.0 -100.0 
-0.0 -100.0 73:1.0 
-100.0 -100.0 
-100.0 -100.0 
-100.0 -100.0 
-100.0 -100.0 
-100.0 -100.0 
-100.0 -100.0 
-100.0 -100.0 
-100.0 -100.0 
-100.0 -100.0 8:1.0 
-100.0 -100.0 
-100.0 -100.0 
-100.0 -100.0 
-100.0 -100.0 
-100.0 -100.0 
-100.0 -100.0 77:1.0 
-100.0 -100.0 
-100.0 -100.0 
-100.0 -100.0 
-100.0 -100.0 
-100.0 -100.0 
-100.0 -100.0 
-2.0 -0.0 25:1.0 65:1.0 
-0.0 -100.0 70:1.0 
-100.0 -100.0 
-100.0 -1.0 74:1.0 
-100.0 -100.0 
-100.0 -100.0 
-100.0 -100.0 
-100.0 -100.0 
-100.0 -100.0 
-100.0 -100.0 
-100.0 -100.0 
-100.0 -100.0 
-0.0 -100.0 23:1.0 
-100.0 -100.0 
-100.0 -100.0 
-100.0 -100.0 
-100.0 -100.0 
-100.0 -100.0 13:1.0 
-100.0 -100.0 
-0.0 -100.0 115:1.0 
-100.0 -100.0 
-100.0 -100.0 
-100.0 -100.0 
-100.0 -100.0 
-100.0 -100.0 
-100.0 -100.0 77:1.0 
-100.0 -100.0 
-100.0 -100.0 
-100.0 -100.0 
-100.0 -100.0 
-100.0 -100.0 
-100.0 -100.0 
-100.0 -100.0 
-100.0 -100.0 
-100.0 -100.0 
-100.0 -100.0 
-100.0 -100.0 
-100.0 -100.0 
-100.0 -100.0 
-100.0 -100.0 
-100.0 -100.0 
-100.0 -100.0 
-100.0 -100.0 
-100.0 -100.0 
-0.0 -100.0 42:1.0 
-100.0 -100.0 
-100.0 -100.0 
-100.0 -100.0 
-100.0 -100.0 
-100.0 -100.0 
-100.0 -100.0 
-0.0 -99.0 23:1.0 
-100.0 -100.0 
-0.0 -100.0 27:1.0 
-100.0 -100.0 
-0.0 -5.306279903823678 38:1.0 
-100.0 -100.0 
-100.0 -100.0 
-100.0 -100.0 
-0.0 -100.0 71:1.0 
-0.0 -2.0 15:1.0 
-100.0 -100.0 
-100.0 -100.0 
-100.0 -100.0 
-100.0 -100.0 
-0.0 -100.0 109:1.0 
-100.0 -100.0 
-0.0 -100.0 113:1.0 
-0.0 -99.13640760309414 109:1.0 
-100.0 -5.99825626870229 20:1.0 45:1.0 58:1.0 92:1.0 104:1.0 124:1.0 125:1.0 126:1.0 128:1.0 
-100.0 -100.0 
-0.0 -100.0 40:1.0 73:1.0 94:1.0 
-100.0 -100.0 
-100.0 -100.0 
-100.0 -100.0 
-100.0 -100.0 
-100.0 -100.0 
-100.0 -100.0 81:1.0 
-100.0 -100.0 
-100.0 -100.0 
-100.0 -100.0 
-100.0 -100.0 
-100.0 -100.0 
-100.0 -100.0 
-100.0 -100.0 
-100.0 -100.0 
-100.0 -100.0 
