svm_type c_svc
kernel_type rbf
gamma 0.01
nr_class 3
total_sv 1561
rho -2.7443665640645145 -3.176582274287899 2.523836794655244
label 2 0 1
nr_sv 418 606 537
SV
10.0 10.0 
10.0 10.0 
10.0 10.0 
10.0 10.0 
10.0 10.0 61:1.0 86:1.0 
10.0 10.0 
10.0 10.0 
10.0 10.0 
10.0 10.0 
10.0 10.0 
10.0 10.0 
10.0 10.0 
10.0 10.0 
10.0 10.0 
10.0 10.0 27:1.0 101:1.0 105:1.0 
10.0 10.0 84:1.0 
10.0 10.0 
10.0 10.0 
10.0 10.0 
10.0 10.0 
10.0 10.0 
10.0 10.0 18:1.0 
10.0 10.0 
10.0 10.0 
10.0 10.0 
10.0 10.0 
10.0 10.0 
10.0 10.0 
10.0 10.0 
10.0 10.0 
10.0 10.0 
10.0 10.0 
10.0 10.0 
10.0 10.0 
10.0 10.0 
10.0 10.0 
10.0 10.0 
10.0 10.0 
10.0 10.0 
10.0 10.0 4:1.0 
10.0 10.0 
7.84330259155832 0.0 45:1.0 58:1.0 104:1.0 116:1.0 126:1.0 128:1.0 
10.0 10.0 
10.0 10.0 
10.0 10.0 
10.0 10.0 
10.0 10.0 
10.0 10.0 
10.0 10.0 
10.0 10.0 
10.0 10.0 
10.0 10.0 61:1.0 
10.0 10.0 
10.0 10.0 
10.0 10.0 
10.0 10.0 32:1.0 
10.0 10.0 
10.0 10.0 
10.0 10.0 
10.0 10.0 81:1.0 
10.0 10.0 
10.0 10.0 
10.0 10.0 
10.0 10.0 
10.0 10.0 72:1.0 
10.0 10.0 8:1.0 
10.0 10.0 86:1.0 
10.0 10.0 
10.0 10.0 
0.0 7.033197516287504 20:1.0 45:1.0 58:1.0 92:1.0 104:1.0 124:1.0 125:1.0 126:1.0 128:1.0 
10.0 10.0 6:1.0 116:1.0 
10.0 10.0 
10.0 10.0 
10.0 10.0 
10.0 10.0 6:1.0 
10.0 10.0 
10.0 10.0 3:1.0 
10.0 10.0 
10.0 10.0 
10.0 10.0 
10.0 10.0 
10.0 10.0 
10.0 10.0 
10.0 10.0 
10.0 10.0 
10.0 10.0 
10.0 10.0 
10.0 10.0 
10.0 10.0 
9.22623526243545 10.0 72:1.0 101:1.0 
10.0 10.0 110:1.0 
8.613730425244965 8.309854963729384 20:1.0 45:1.0 58:1.0 92:1.0 104:1.0 124:1.0 125:1.0 126:1.0 128:1.0 
10.0 10.0 
10.0 10.0 110:1.0 
10.0 10.0 
10.0 10.0 
10.0 10.0 4:1.0 91:1.0 
10.0 10.0 
10.0 10.0 
10.0 10.0 
10.0 10.0 
10.0 10.0 
10.0 10.0 72:1.0 
10.0 10.0 
10.0 10.0 
10.0 10.0 
10.0 10.0 81:1.0 
10.0 10.0 
10.0 10.0 
10.0 10.0 
10.0 10.0 
10.0 10.0 
10.0 10.0 
10.0 10.0 
10.0 10.0 35:1.0 
10.0 10.0 58:1.0 
10.0 10.0 
10.0 10.0 
10.0 10.0 
10.0 10.0 
10.0 10.0 116:1.0 
10.0 10.0 
10.0 10.0 
10.0 10.0 
10.0 10.0 52:1.0 
10.0 10.0 
10.0 10.0 
10.0 10.0 
10.0 10.0 
10.0 10.0 
10.0 10.0 
10.0 10.0 
10.0 10.0 
10.0 10.0 
10.0 10.0 
10.0 10.0 
10.0 10.0 
10.0 10.0 
10.0 10.0 
10.0 10.0 
10.0 10.0 
10.0 10.0 
10.0 10.0 85:1.0 
10.0 10.0 
10.0 10.0 
10.0 10.0 
10.0 10.0 
10.0 10.0 
10.0 10.0 
10.0 10.0 
10.0 10.0 
10.0 10.0 
10.0 10.0 
10.0 10.0 101:1.0 
10.0 10.0 
10.0 10.0 
10.0 10.0 
10.0 10.0 
10.0 10.0 1:1.0 
10.0 10.0 77:1.0 
10.0 10.0 1:1.0 53:1.0 
10.0 10.0 54:1.0 
10.0 10.0 
10.0 10.0 6:1.0 
10.0 10.0 
10.0 10.0 
10.0 10.0 15:1.0 67:1.0 
10.0 10.0 107:1.0 
10.0 10.0 54:1.0 
10.0 10.0 29:1.0 77:1.0 
10.0 10.0 
10.0 10.0 
10.0 10.0 47:1.0 
10.0 10.0 
10.0 10.0 108:1.0 
10.0 10.0 18:1.0 
10.0 10.0 
10.0 10.0 
10.0 10.0 
10.0 10.0 
10.0 10.0 25:1.0 
10.0 10.0 
10.0 10.0 
10.0 10.0 
10.0 10.0 
10.0 10.0 13:1.0 45:1.0 104:1.0 128:1.0 
10.0 10.0 
10.0 10.0 
10.0 10.0 
10.0 10.0 
10.0 10.0 
10.0 10.0 
10.0 10.0 
10.0 10.0 
10.0 10.0 
10.0 10.0 37:1.0 
10.0 10.0 
10.0 10.0 
10.0 10.0 
10.0 10.0 
10.0 10.0 13:1.0 
10.0 10.0 
10.0 10.0 
10.0 10.0 
10.0 10.0 
10.0 10.0 
10.0 10.0 
10.0 10.0 
10.0 10.0 
10.0 10.0 101:1.0 
10.0 10.0 105:1.0 
10.0 10.0 
10.0 10.0 45:1.0 
10.0 10.0 
10.0 10.0 72:1.0 
10.0 10.0 
10.0 10.0 
10.0 10.0 
10.0 10.0 
10.0 10.0 13:1.0 
10.0 10.0 
10.0 10.0 
10.0 10.0 61:1.0 
10.0 10.0 
10.0 10.0 103:1.0 
10.0 10.0 
10.0 10.0 67:1.0 
10.0 10.0 
10.0 10.0 48:1.0 
10.0 10.0 
10.0 10.0 
10.0 10.0 82:1.0 121:1.0 
10.0 10.0 
10.0 10.0 
10.0 10.0 37:1.0 
10.0 10.0 8:1.0 
10.0 10.0 
10.0 7.9098288846311755 58:1.0 91:1.0 92:1.0 120:1.0 124:1.0 
10.0 10.0 
10.0 10.0 
10.0 10.0 4:1.0 58:1.0 120:1.0 
10.0 10.0 43:1.0 48:1.0 
10.0 10.0 
10.0 10.0 
10.0 10.0 
10.0 10.0 45:1.0 
10.0 10.0 
10.0 10.0 43:1.0 
10.0 10.0 103:1.0 
10.0 10.0 
10.0 10.0 
10.0 10.0 
10.0 10.0 
10.0 10.0 
10.0 10.0 77:1.0 
10.0 10.0 
10.0 10.0 
10.0 10.0 
10.0 10.0 
10.0 10.0 
10.0 10.0 
10.0 10.0 
10.0 10.0 91:1.0 
10.0 10.0 
10.0 10.0 
10.0 10.0 64:1.0 
10.0 10.0 
10.0 10.0 
10.0 10.0 
10.0 10.0 
10.0 10.0 35:1.0 
10.0 10.0 17:1.0 52:1.0 
10.0 10.0 
10.0 10.0 
10.0 10.0 17:1.0 
10.0 10.0 17:1.0 
10.0 10.0 
10.0 10.0 
10.0 10.0 
10.0 10.0 
10.0 10.0 
10.0 10.0 
10.0 10.0 
10.0 10.0 103:1.0 
10.0 10.0 
10.0 10.0 
10.0 10.0 
10.0 10.0 
10.0 10.0 52:1.0 102:1.0 
10.0 10.0 
10.0 10.0 
10.0 10.0 
10.0 10.0 
10.0 10.0 
10.0 10.0 
10.0 10.0 108:1.0 
10.0 10.0 103:1.0 
10.0 10.0 
10.0 10.0 
10.0 10.0 101:1.0 
10.0 10.0 
10.0 10.0 
10.0 10.0 
10.0 10.0 
10.0 10.0 
10.0 10.0 81:1.0 105:1.0 
10.0 10.0 
10.0 10.0 
10.0 10.0 
10.0 10.0 
10.0 10.0 
10.0 10.0 
10.0 10.0 
10.0 10.0 
10.0 10.0 
10.0 10.0 
10.0 10.0 
10.0 10.0 61:1.0 
10.0 10.0 
10.0 10.0 
10.0 10.0 52:1.0 
10.0 10.0 100:1.0 
10.0 10.0 
10.0 10.0 
10.0 10.0 
10.0 10.0 
10.0 10.0 
10.0 10.0 
10.0 10.0 
10.0 10.0 
10.0 10.0 10:1.0 
10.0 10.0 
10.0 10.0 107:1.0 
10.0 10.0 
10.0 10.0 
10.0 10.0 
10.0 10.0 
10.0 10.0 
10.0 10.0 
10.0 10.0 101:1.0 
10.0 10.0 
10.0 10.0 
10.0 10.0 
10.0 10.0 
10.0 10.0 
10.0 10.0 
10.0 10.0 
10.0 10.0 
10.0 10.0 
10.0 10.0 
10.0 10.0 
10.0 10.0 
10.0 10.0 
10.0 10.0 
10.0 10.0 
10.0 10.0 
10.0 10.0 
10.0 10.0 
10.0 10.0 
10.0 10.0 
10.0 10.0 
10.0 10.0 
10.0 10.0 
10.0 10.0 
10.0 10.0 
10.0 10.0 
10.0 10.0 
10.0 10.0 
10.0 10.0 25:1.0 
10.0 10.0 
10.0 10.0 
10.0 10.0 
10.0 10.0 
10.0 10.0 
10.0 10.0 
10.0 10.0 
10.0 10.0 
10.0 10.0 15:1.0 62:1.0 
10.0 10.0 
10.0 10.0 
10.0 10.0 
10.0 10.0 
10.0 10.0 
10.0 10.0 
10.0 10.0 
10.0 10.0 
10.0 10.0 
10.0 10.0 
10.0 10.0 
10.0 10.0 
10.0 10.0 
10.0 10.0 
10.0 10.0 
10.0 10.0 
10.0 10.0 62:1.0 
10.0 10.0 
10.0 10.0 
10.0 10.0 
10.0 10.0 
10.0 10.0 
10.0 10.0 
10.0 10.0 89:1.0 
10.0 10.0 
10.0 10.0 15:1.0 67:1.0 
10.0 10.0 
10.0 10.0 
10.0 10.0 
10.0 10.0 
10.0 10.0 74:1.0 
10.0 10.0 
10.0 10.0 
10.0 10.0 
10.0 10.0 
10.0 10.0 
10.0 10.0 
10.0 10.0 
10.0 10.0 
10.0 10.0 
-0.0 10.0 47:1.0 
-0.0 7.776956151265675 113:1.0 
-10.0 10.0 86:1.0 
-0.0 3.114516939544141 55:1.0 
-1.1690961258265116 0.04845504492976926 7:1.0 63:1.0 
-1.8853628952520844 1.7941104710184819 66:1.0 123:1.0 
-0.0 0.17661138248040686 80:1.0 113:1.0 
-2.0762702268453914 10.0 3:1.0 
-0.0 10.0 109:1.0 
-1.8549272096349987 8.592515455842488 55:1.0 
-0.0 3.1360910728995743 88:1.0 
-1.880478398343218 10.0 47:1.0 60:1.0 
-0.0 10.0 71:1.0 
-0.0 10.0 20:1.0 41:1.0 45:1.0 125:1.0 
-10.0 0.0 107:1.0 
-10.0 0.0 35:1.0 
-1.375295123928913 1.715760522425537 11:1.0 114:1.0 118:1.0 127:1.0 
-1.8599444246821006 10.0 9:1.0 
-10.0 1.6179249422432906 53:1.0 58:1.0 91:1.0 120:1.0 
-0.0 2.8747703504422435 53:1.0 
-0.0 10.0 56:1.0 
-0.2584035030135062 0.0 13:1.0 
-9.931369195239778 10.0 20:1.0 41:1.0 45:1.0 125:1.0 
-0.0 10.0 71:1.0 
-0.0 2.8000449144195207 95:1.0 
-10.0 1.7921191887532626 116:1.0 
-10.0 10.0 45:1.0 
-10.0 10.0 25:1.0 
-1.3352088589747497 10.0 117:1.0 
-0.0 10.0 23:1.0 
-10.0 3.434897296721862 13:1.0 
-0.0 10.0 31:1.0 
-0.5310320867194072 0.07303707388995369 8:1.0 
-10.0 10.0 6:1.0 
-0.0 2.917296984860321 12:1.0 
-0.0 2.9220969977771185 57:1.0 
-0.149295273923004 0.2264549728115595 40:1.0 114:1.0 
-0.5771692815578747 4.099536508666173 16:1.0 71:1.0 76:1.0 129:1.0 
-4.379155526908514 0.0 62:1.0 102:1.0 
-10.0 10.0 61:1.0 
-0.5392583344885383 10.0 11:1.0 117:1.0 
-10.0 10.0 8:1.0 
-0.0 2.9599636779205283 90:1.0 
-0.0 0.05496486680509949 42:1.0 
-0.0 10.0 77:1.0 
-1.3580892844760757 6.994360334505569 40:1.0 71:1.0 
-0.0 10.0 78:1.0 
-8.71294217005865 10.0 47:1.0 
-0.0 7.394155023642766 
-0.0 10.0 
-0.3296275179554967 7.759343856998956 21:1.0 115:1.0 
-0.0 10.0 
-0.0 10.0 
-0.07891368230738471 1.747784299992962 7:1.0 113:1.0 
-0.0 10.0 
-0.0 10.0 
-0.0 10.0 
-0.0 10.0 
-0.0 10.0 
-0.0 10.0 
-0.0 10.0 23:1.0 93:1.0 
-0.0 10.0 
-0.0 10.0 
-0.0 10.0 
-0.0 10.0 
-0.0 10.0 
-1.853174911239328 10.0 19:1.0 
-10.0 0.0 81:1.0 
-0.0 10.0 
-0.0 10.0 
-0.0 10.0 
-0.0 10.0 
-10.0 10.0 103:1.0 
-0.0 10.0 
-0.0 10.0 
-10.0 0.0 107:1.0 
-0.6031107619564102 6.842446681000294 2:1.0 79:1.0 
-0.0 10.0 
-0.0 10.0 
-0.0 10.0 
-0.0 10.0 
-0.7673264377625456 8.889064427028734 12:1.0 
-0.0 10.0 
-0.0 10.0 
-0.0 10.0 
-6.880961596166839 10.0 44:1.0 84:1.0 
-0.0 10.0 
-0.0 10.0 
-0.0 10.0 
-0.0 10.0 
-0.0 10.0 
-0.0 10.0 
-0.0 10.0 
-0.0 10.0 
-0.0 10.0 98:1.0 
-0.0 10.0 
-0.0 10.0 
-0.0 10.0 
-0.0 10.0 
-0.0 10.0 
-0.0 10.0 
-0.0 10.0 
-0.0 10.0 
-1.869389127775091 10.0 43:1.0 
-0.0 10.0 
-0.0 10.0 113:1.0 
-0.0 10.0 
-0.0 10.0 
-10.0 10.0 13:1.0 
-0.0 7.562245222860505 73:1.0 
-1.2958518424764098 10.0 2:1.0 47:1.0 
-0.0 10.0 
-0.0 0.3811597130611287 50:1.0 71:1.0 
-0.09618128575793715 0.0 39:1.0 94:1.0 
-0.0 10.0 
-0.0 10.0 
-10.0 3.02996158796728 81:1.0 
-0.0 10.0 
-0.0 10.0 
-0.0 10.0 114:1.0 118:1.0 127:1.0 
-0.0 10.0 
-0.0 10.0 
-0.0 10.0 
-0.0 10.0 
-0.0 10.0 
-0.0 10.0 
-0.0 10.0 
-9.782666963730643 10.0 3:1.0 
-0.0 10.0 
-0.0 10.0 
-8.692427075824023 10.0 
-10.0 10.0 
-10.0 10.0 34:1.0 45:1.0 58:1.0 92:1.0 104:1.0 124:1.0 126:1.0 128:1.0 
-10.0 10.0 
-0.5624034359056663 0.0373648136385444 95:1.0 113:1.0 
-10.0 10.0 
-10.0 10.0 
-10.0 10.0 
-10.0 10.0 
-10.0 10.0 
-10.0 10.0 
-10.0 10.0 
-0.7299032040220422 1.7495148260609565 42:1.0 63:1.0 
-10.0 6.89679022137398 10:1.0 62:1.0 
-10.0 10.0 
-10.0 10.0 
-10.0 10.0 
-10.0 10.0 
-10.0 10.0 
-1.7105750368425283 10.0 109:1.0 
-0.0 3.729006180582995 36:1.0 
-10.0 10.0 
-10.0 10.0 
-10.0 10.0 
-10.0 10.0 
-10.0 10.0 
-0.0 10.0 113:1.0 
-10.0 10.0 
-10.0 10.0 
-10.0 10.0 
-10.0 10.0 
-10.0 10.0 
-10.0 10.0 
-10.0 10.0 
-10.0 10.0 
-10.0 10.0 
-10.0 10.0 
-10.0 10.0 
-1.890106896189021 0.0 24:1.0 49:1.0 69:1.0 83:1.0 97:1.0 112:1.0 121:1.0 130:1.0 131:1.0 133:1.0 
-10.0 10.0 
-10.0 10.0 
-10.0 10.0 
-10.0 10.0 
-1.8282333571306137 6.850824682792845 93:1.0 96:1.0 
-10.0 10.0 
-10.0 10.0 
-10.0 10.0 
-10.0 10.0 
-10.0 10.0 
-10.0 10.0 
-10.0 10.0 
-10.0 10.0 
-10.0 10.0 
-10.0 10.0 
-10.0 10.0 
-10.0 10.0 
-0.0 10.0 63:1.0 
-10.0 10.0 
-10.0 10.0 
-10.0 10.0 
-10.0 10.0 
-10.0 10.0 
-10.0 10.0 
-1.9332349316545867 0.0 32:1.0 
-10.0 10.0 
-10.0 10.0 
-10.0 10.0 
-0.16927322594837335 10.0 62:1.0 73:1.0 83:1.0 109:1.0 
-10.0 10.0 
-10.0 10.0 
-10.0 10.0 
-10.0 10.0 
-10.0 10.0 
-10.0 10.0 
-0.0 1.907627274069971 68:1.0 
-10.0 10.0 
-10.0 10.0 
-10.0 10.0 
-10.0 10.0 
-10.0 10.0 
-10.0 10.0 
-10.0 10.0 
-0.0 10.0 39:1.0 59:1.0 
-10.0 10.0 
-10.0 10.0 
-10.0 10.0 
-10.0 10.0 
-0.0 3.0683289588979856 122:1.0 
-10.0 10.0 
-10.0 10.0 
-10.0 10.0 86:1.0 
-10.0 10.0 
-10.0 10.0 
-10.0 10.0 
-10.0 10.0 
-10.0 10.0 
-10.0 10.0 
-10.0 10.0 
-1.0435684738211424 1.8900174605691604 14:1.0 35:1.0 
-10.0 10.0 
-10.0 10.0 
-10.0 10.0 
-10.0 10.0 
-0.0 10.0 42:1.0 
-10.0 10.0 
-10.0 10.0 
-10.0 10.0 
-10.0 10.0 43:1.0 
-10.0 10.0 
-10.0 10.0 
-10.0 10.0 
-10.0 10.0 
-10.0 10.0 
-0.3355810493797808 8.56273845681856 88:1.0 
-1.859133748855395 2.8888681402720717 27:1.0 
-10.0 10.0 
-10.0 10.0 
-10.0 10.0 
-10.0 10.0 
-7.377002837716599 0.0 62:1.0 
-0.0 7.750076838824643 111:1.0 115:1.0 
-10.0 10.0 
-10.0 10.0 
-10.0 10.0 
-10.0 10.0 
-10.0 10.0 
-10.0 10.0 
-1.1025797638319808 0.0 12:1.0 111:1.0 
-10.0 10.0 
-10.0 10.0 
-9.914566657165228 8.259639242849808 13:1.0 
-10.0 10.0 
-0.0 10.0 71:1.0 
-1.878396640125378 6.79747159726792 78:1.0 107:1.0 
-10.0 10.0 
-2.1049187217533607 4.950257517059941 89:1.0 
-10.0 10.0 
-10.0 10.0 
-10.0 10.0 
-10.0 10.0 
-10.0 10.0 105:1.0 
-10.0 10.0 
-10.0 10.0 
-10.0 10.0 8:1.0 
-0.0 10.0 79:1.0 
-10.0 10.0 
-0.0 1.7595925526569 94:1.0 
-10.0 10.0 
-10.0 10.0 
-10.0 10.0 
-10.0 10.0 
-10.0 10.0 
-10.0 10.0 
-10.0 10.0 
-10.0 10.0 
-10.0 10.0 
-10.0 10.0 
-10.0 10.0 
-10.0 10.0 
-10.0 10.0 
-10.0 10.0 
-10.0 10.0 
-10.0 10.0 
-10.0 10.0 
-10.0 10.0 
-10.0 10.0 
-0.0 1.7323283693851668 16:1.0 76:1.0 129:1.0 
-10.0 10.0 
-10.0 10.0 
-1.85111719474969 10.0 31:1.0 
-2.1154429668771684 4.950257517059941 85:1.0 
-10.0 10.0 
-10.0 10.0 
-10.0 10.0 
-10.0 10.0 
-10.0 10.0 
-10.0 10.0 
-10.0 10.0 
-10.0 10.0 
-10.0 10.0 
-10.0 10.0 
-10.0 10.0 
-10.0 10.0 
-10.0 10.0 
-10.0 10.0 
-10.0 10.0 
-10.0 10.0 
-10.0 10.0 
-10.0 10.0 
-10.0 10.0 
-1.864774542667616 8.721300178371209 122:1.0 
-10.0 10.0 
-10.0 10.0 
-10.0 10.0 
-10.0 10.0 
-0.6014326086132202 10.0 98:1.0 
-10.0 10.0 
-10.0 10.0 
-0.0 10.0 113:1.0 
-10.0 10.0 
-10.0 10.0 
-10.0 10.0 
-10.0 10.0 
-10.0 10.0 23:1.0 48:1.0 
-10.0 10.0 
-10.0 10.0 
-10.0 10.0 
-10.0 10.0 
-10.0 10.0 
-10.0 10.0 
-10.0 10.0 
-10.0 10.0 
-1.8603429735105441 1.8083346621151903 51:1.0 
-10.0 10.0 
-10.0 10.0 
-10.0 10.0 
-0.0 3.6750672636794195 30:1.0 
-0.0 10.0 95:1.0 
-10.0 10.0 
-10.0 10.0 
-10.0 10.0 
-10.0 10.0 
-10.0 10.0 
-10.0 10.0 
-10.0 10.0 
-10.0 6.7899216808568905 1:1.0 33:1.0 
-10.0 10.0 
-10.0 10.0 
-10.0 10.0 
-10.0 10.0 
-10.0 10.0 
-1.9669508324463743 0.0 82:1.0 
-10.0 10.0 
-5.93617198617938 6.853885395074774 77:1.0 102:1.0 
-10.0 10.0 
-10.0 10.0 
-10.0 10.0 
-0.0 10.0 94:1.0 
-10.0 10.0 
-1.8567606577984737 8.058935042792152 36:1.0 
-10.0 10.0 
-0.6050029466862606 0.0 13:1.0 50:1.0 
-10.0 10.0 
-10.0 10.0 
-10.0 10.0 
-0.4108154009803318 10.0 29:1.0 
-1.7576972838246032 9.746382944089836 94:1.0 
-10.0 10.0 
-1.4108016781673705 10.0 29:1.0 35:1.0 
-10.0 10.0 
-10.0 10.0 
-10.0 10.0 
-1.1314604357202487 10.0 42:1.0 
-9.885675117164412 10.0 43:1.0 
-0.5483127122454053 10.0 28:1.0 80:1.0 
-0.0 7.453455660051498 22:1.0 
-10.0 10.0 
-10.0 10.0 
-10.0 10.0 
-10.0 10.0 
-10.0 10.0 
-5.034941837932596 0.0 41:1.0 45:1.0 
-0.024475506225271643 0.0 21:1.0 50:1.0 
-10.0 10.0 
-9.741347124645237 6.860283536648139 85:1.0 
-9.956187472432216 10.0 29:1.0 
-10.0 10.0 
-1.2209130702490105 10.0 28:1.0 
-10.0 10.0 
-2.062504225322826 7.3590351065017705 53:1.0 
-10.0 10.0 
-10.0 10.0 
-10.0 10.0 
-10.0 10.0 
-10.0 10.0 38:1.0 108:1.0 
-10.0 10.0 
-10.0 10.0 
-10.0 10.0 
-1.851419741400161 8.830989027896443 90:1.0 
-10.0 10.0 
-10.0 10.0 
-10.0 10.0 
-10.0 10.0 
-10.0 10.0 
-10.0 10.0 
-10.0 10.0 
-10.0 10.0 
-10.0 10.0 
-10.0 10.0 
-10.0 10.0 
-10.0 10.0 
-1.3129926203347315 8.861643630192036 95:1.0 
-0.0 2.8367209305656855 75:1.0 
-10.0 10.0 
-1.8511171947497262 1.8109800826644338 119:1.0 
-10.0 10.0 
-10.0 10.0 
-10.0 10.0 
-10.0 10.0 
-1.3483910177955405 1.7280972902433875 8:1.0 80:1.0 
-10.0 10.0 
-10.0 10.0 
-10.0 10.0 
-1.881661001791515 1.7989166349563206 87:1.0 
-10.0 10.0 77:1.0 
-10.0 10.0 
-10.0 10.0 
-10.0 8.749017429402674 81:1.0 
-10.0 10.0 
-10.0 10.0 
-10.0 10.0 
-10.0 10.0 
-10.0 10.0 
-10.0 10.0 
-10.0 10.0 
-10.0 10.0 
-10.0 10.0 
-10.0 10.0 
-10.0 10.0 
-10.0 10.0 
-9.824674363554701 8.91682061248409 27:1.0 
-1.3202641678321092 8.939031514728502 16:1.0 76:1.0 129:1.0 
-9.92408236945861 1.8109786545489275 32:1.0 
-10.0 10.0 
-1.8779440319807705 10.0 56:1.0 68:1.0 
-10.0 10.0 
-10.0 10.0 
-10.0 10.0 
-10.0 10.0 
-10.0 10.0 
-9.746163994532104 6.84186167169332 89:1.0 
-10.0 10.0 
-10.0 10.0 
-0.0 0.14355325984464823 11:1.0 
-10.0 10.0 
-1.8318586607814877 6.590343150925083 39:1.0 59:1.0 
-9.448542592283163 0.0 35:1.0 
-10.0 10.0 
-0.6367510467223636 0.0 7:1.0 
-1.8510568002762309 8.886237664338053 57:1.0 
-10.0 10.0 
-10.0 10.0 
-10.0 10.0 
-5.985534297659468 10.0 77:1.0 
-10.0 10.0 
-10.0 10.0 
-10.0 10.0 
-10.0 10.0 
-0.0 6.318123237901562 70:1.0 
-10.0 10.0 
-10.0 10.0 
-10.0 10.0 
-0.0 1.508556208579539 50:1.0 
-10.0 10.0 
-10.0 10.0 
-10.0 10.0 
-10.0 10.0 
-1.853108636927445 1.804959196312112 46:1.0 
-10.0 10.0 
-10.0 10.0 
-10.0 10.0 
-10.0 10.0 
-1.863059587325169 10.0 5:1.0 
-10.0 10.0 
-10.0 10.0 
-10.0 10.0 
-0.8007531344776726 0.0 13:1.0 111:1.0 
-10.0 10.0 
-10.0 10.0 
-10.0 10.0 
-10.0 10.0 
-10.0 10.0 
-10.0 10.0 
-10.0 10.0 
-10.0 10.0 
-10.0 10.0 
-10.0 10.0 
-10.0 10.0 
-10.0 10.0 
-2.169157881018005 0.0 18:1.0 
-0.0 10.0 16:1.0 
-10.0 10.0 
-10.0 10.0 
-10.0 10.0 
-10.0 10.0 
-10.0 10.0 
-10.0 10.0 
-10.0 10.0 
-10.0 10.0 
-10.0 10.0 
-10.0 10.0 
-10.0 10.0 
-10.0 10.0 
-1.2742901987424184 10.0 50:1.0 79:1.0 
-10.0 10.0 
-10.0 10.0 
-10.0 10.0 
-10.0 10.0 
-10.0 10.0 
-10.0 10.0 
-10.0 10.0 
-10.0 10.0 
-10.0 10.0 
-1.8666892278669023 5.452254909447871 70:1.0 
-10.0 10.0 
-10.0 10.0 
-10.0 10.0 
-10.0 10.0 
-10.0 10.0 
-10.0 10.0 
-10.0 10.0 
-10.0 10.0 
-10.0 10.0 64:1.0 77:1.0 
-10.0 10.0 
-10.0 10.0 
-10.0 10.0 
-10.0 10.0 
-10.0 10.0 
-10.0 10.0 
-10.0 10.0 
-10.0 10.0 
-10.0 10.0 
-10.0 10.0 
-10.0 10.0 
-10.0 10.0 
-10.0 10.0 
-10.0 10.0 
-10.0 10.0 
-10.0 10.0 
-10.0 10.0 
-10.0 0.0 18:1.0 
-10.0 10.0 
-10.0 10.0 
-10.0 10.0 
-10.0 10.0 
-1.855282038843176 1.7863627751789528 106:1.0 
-10.0 10.0 
-10.0 10.0 
-10.0 10.0 
-0.4792087438383351 10.0 114:1.0 118:1.0 127:1.0 
-1.2711481679763375 1.7894763412349766 98:1.0 113:1.0 
-10.0 10.0 
-10.0 10.0 
-10.0 10.0 
-10.0 10.0 
-9.798192398110066 1.7829268325514684 82:1.0 
-10.0 10.0 
-0.0 1.9085351332280793 44:1.0 
-1.4827250897962048 0.0 73:1.0 102:1.0 
-0.0 10.0 78:1.0 
-10.0 10.0 
-1.860021242485159 8.135912818984986 30:1.0 
-10.0 10.0 
-10.0 10.0 
-10.0 10.0 
-10.0 10.0 
-10.0 10.0 
-2.0970449232988395 1.813007496692625 24:1.0 49:1.0 112:1.0 121:1.0 130:1.0 
-1.859944424682205 8.871936411744061 75:1.0 
-0.8194731484433806 9.722853668036576 14:1.0 
-0.09332720809343394 0.0 28:1.0 96:1.0 
-1.5554582022715135 0.0 21:1.0 22:1.0 88:1.0 
-10.0 10.0 
-10.0 10.0 
-10.0 10.0 
-9.681898919258238 1.7839423941376 18:1.0 
-2.025544685302901 10.0 
-0.0 10.0 
-10.0 5.152357250266737 91:1.0 120:1.0 
-0.0 10.0 
-0.33860983357423297 4.4332602361499225 22:1.0 40:1.0 73:1.0 
-0.0 10.0 
-0.0 10.0 
-0.0 10.0 
-0.0 10.0 
-1.5403410081490378 10.0 115:1.0 
-0.0 -10.0 
-0.0 -10.0 
-0.0 -10.0 
-0.0 -10.0 
-0.0 -10.0 
-0.0 -10.0 
-0.0 -10.0 
-0.0 -10.0 78:1.0 
-10.0 -10.0 10:1.0 
-0.0 -10.0 
-0.0 -10.0 
-0.0 -10.0 
-0.0 -10.0 
-0.0 -10.0 
-0.0 -10.0 
-0.0 -10.0 
-10.0 -10.0 48:1.0 
-0.0 -10.0 
-0.0 -10.0 
-0.0 -10.0 
-0.0 -10.0 
-0.0 -10.0 
-0.0 -10.0 117:1.0 
-0.0 -10.0 109:1.0 
-10.0 -10.0 17:1.0 
-0.0 -10.0 
-0.0 -10.0 42:1.0 
-0.0 -10.0 
-0.0 -10.0 
-0.0 -10.0 
-0.0 -10.0 
-0.0 -10.0 
-0.0 -10.0 
-0.0 -10.0 
-0.0 -10.0 
-2.2986900227525693 -10.0 3:1.0 
-0.0 -10.0 
-0.0 -10.0 
-10.0 -10.0 
-10.0 -10.0 
-10.0 -10.0 
-2.061896862502832 -10.0 122:1.0 
-10.0 -10.0 13:1.0 75:1.0 
-10.0 -10.0 
-0.0 -10.0 60:1.0 
-10.0 -10.0 
-10.0 -10.0 
-10.0 -10.0 
-10.0 -10.0 
-10.0 -10.0 
-10.0 -10.0 
-10.0 -10.0 89:1.0 
-10.0 -10.0 
-10.0 -10.0 
-10.0 -10.0 
-10.0 -10.0 
-10.0 -10.0 101:1.0 105:1.0 
-10.0 -10.0 
-10.0 -10.0 
-10.0 -10.0 
-10.0 -10.0 
-0.0 -10.0 79:1.0 
-10.0 -10.0 
-10.0 -10.0 
-10.0 -10.0 
-10.0 -10.0 
-10.0 -10.0 
-0.0 -10.0 109:1.0 
-10.0 -10.0 
-10.0 -10.0 
-10.0 -10.0 
-10.0 -10.0 
-9.784698683842358 -10.0 3:1.0 
-10.0 -10.0 
-10.0 -10.0 
-10.0 -10.0 
-10.0 -10.0 
-10.0 -10.0 
-10.0 -10.0 
-10.0 -10.0 
-0.0 -10.0 9:1.0 
-2.0653417155845526 -10.0 90:1.0 
-10.0 -10.0 
-10.0 -10.0 
-10.0 -10.0 
-10.0 -10.0 
-10.0 -10.0 
-10.0 -10.0 
-0.0 -10.0 98:1.0 
-10.0 -10.0 
-10.0 -10.0 
-10.0 -10.0 
-10.0 -10.0 
-0.0 -10.0 29:1.0 
-10.0 -10.0 
-10.0 -10.0 5:1.0 6:1.0 
-10.0 -10.0 
-0.0 -10.0 56:1.0 
-2.061896862502831 -10.0 34:1.0 
-10.0 -10.0 
-10.0 -10.0 
-10.0 -10.0 
-0.0 -10.0 16:1.0 19:1.0 71:1.0 
-10.0 -10.0 
-10.0 -10.0 
-10.0 -10.0 
-10.0 -10.0 
-2.061422277372011 -10.0 63:1.0 
-10.0 -10.0 
-10.0 -10.0 
-10.0 -10.0 
-10.0 -10.0 
-10.0 -10.0 
-10.0 -10.0 
-7.698790379810851 -10.0 14:1.0 35:1.0 71:1.0 
-10.0 -10.0 
-10.0 -10.0 
-10.0 -10.0 
-10.0 -10.0 
-0.0 -10.0 23:1.0 
-0.0 -10.0 47:1.0 
-2.0801589789411112 -10.0 98:1.0 
-0.0 -10.0 109:1.0 
-2.080502101973761 -10.0 30:1.0 
-10.0 -10.0 
-10.0 -10.0 8:1.0 
-10.0 -10.0 
-10.0 -10.0 
-10.0 -10.0 
-10.0 -10.0 
-10.0 -10.0 
-10.0 -10.0 
-10.0 -10.0 86:1.0 
-10.0 -10.0 
-10.0 -10.0 
-10.0 -10.0 
-10.0 -10.0 
-10.0 -10.0 
-1.901301338881105 -10.0 29:1.0 
-10.0 -10.0 
-10.0 -10.0 
-10.0 -10.0 
-10.0 -10.0 
-10.0 -10.0 28:1.0 101:1.0 
-10.0 -10.0 
-10.0 -10.0 
-10.0 -10.0 103:1.0 
-10.0 -10.0 
-10.0 -10.0 
-0.0 -10.0 28:1.0 
-10.0 -10.0 
-0.0 -2.8888681402720717 26:1.0 99:1.0 132:1.0 
-0.0 -10.0 47:1.0 
-10.0 -10.0 
-10.0 -10.0 
-10.0 -10.0 
-10.0 -10.0 
-2.0617031690865937 -10.0 44:1.0 
-10.0 -10.0 
-10.0 -10.0 
-10.0 -10.0 
-10.0 -10.0 
-10.0 -10.0 
-10.0 -10.0 
-2.0617031690864924 -10.0 57:1.0 
-0.0 -10.0 31:1.0 
-10.0 -10.0 
-0.3074035175659964 -10.0 59:1.0 
-10.0 -10.0 
-10.0 -10.0 
-10.0 -10.0 
-7.090235861530818 -10.0 19:1.0 84:1.0 
-10.0 -10.0 
-10.0 -10.0 
-6.2111002919619756 -10.0 20:1.0 45:1.0 125:1.0 
-10.0 -10.0 
-0.0 -10.0 77:1.0 
-10.0 -10.0 
-10.0 -10.0 
-10.0 -10.0 
-10.0 -10.0 
-0.0 -10.0 5:1.0 88:1.0 
-10.0 -10.0 
-10.0 -10.0 
-10.0 -10.0 37:1.0 
-10.0 -10.0 
-0.0 -10.0 93:1.0 
-10.0 -10.0 
-2.098708282245942 -10.0 77:1.0 
-10.0 -10.0 
-10.0 -10.0 
-10.0 -10.0 
-10.0 -10.0 
-10.0 -10.0 
-0.0 -10.0 79:1.0 
-10.0 -10.0 
-10.0 -10.0 
-10.0 -10.0 
-0.0 -10.0 74:1.0 
-10.0 -10.0 
-10.0 -10.0 
-10.0 -10.0 
-0.0 -10.0 114:1.0 118:1.0 127:1.0 
-10.0 -10.0 29:1.0 37:1.0 108:1.0 
-0.0 -10.0 78:1.0 
-10.0 -10.0 
-10.0 -10.0 
-2.0613633704356857 -10.0 50:1.0 
-10.0 -10.0 
-2.1882640986625277 -10.0 43:1.0 
-10.0 -10.0 
-10.0 -10.0 
-0.0 -10.0 23:1.0 
-10.0 -10.0 
-10.0 -10.0 
-10.0 -10.0 
-10.0 -10.0 
-10.0 -10.0 15:1.0 67:1.0 
-10.0 -10.0 
-1.813921098597979 -10.0 9:1.0 59:1.0 113:1.0 115:1.0 
-10.0 -10.0 
-10.0 -10.0 
-10.0 -10.0 
-10.0 -10.0 
-10.0 -10.0 
-10.0 -10.0 
-10.0 -10.0 
-10.0 -10.0 
-10.0 -10.0 
-10.0 -10.0 
-10.0 -10.0 
-10.0 -10.0 
-10.0 -10.0 
-10.0 -10.0 
-10.0 -10.0 
-10.0 -10.0 
-10.0 -10.0 
-10.0 -10.0 53:1.0 
-10.0 -10.0 
-10.0 -10.0 
-10.0 -10.0 
-10.0 -10.0 
-2.0622358135820225 -10.0 31:1.0 
-0.0 -10.0 95:1.0 
-10.0 -10.0 
-10.0 -10.0 
-10.0 -10.0 
-10.0 -10.0 
-10.0 -10.0 
-10.0 -10.0 
-10.0 -10.0 
-10.0 -10.0 
-2.067282145864105 -10.0 56:1.0 
-0.28545424412748277 -10.0 29:1.0 115:1.0 
-10.0 -10.0 
-10.0 -10.0 
-10.0 -10.0 
-10.0 -10.0 
-10.0 -10.0 
-3.278621146151655 -10.0 48:1.0 71:1.0 
-0.0 -10.0 109:1.0 
-10.0 -10.0 43:1.0 
-10.0 -10.0 
-2.139566929144595 -10.0 47:1.0 
-10.0 -10.0 
-10.0 -10.0 
-10.0 -10.0 
-10.0 -10.0 64:1.0 
-10.0 -10.0 
-0.3143117697496506 -10.0 9:1.0 
-10.0 -10.0 
-10.0 -10.0 
-0.0 -10.0 60:1.0 
-10.0 -10.0 
-10.0 -10.0 1:1.0 
-10.0 -10.0 
-10.0 -10.0 
-10.0 -10.0 
-10.0 -10.0 
-10.0 -10.0 
-10.0 -10.0 
-10.0 -10.0 
-10.0 -10.0 
-10.0 -10.0 
-10.0 -10.0 
-10.0 -10.0 
-10.0 -10.0 
-10.0 -10.0 
-10.0 -10.0 
-10.0 -10.0 
-10.0 -10.0 
-10.0 -10.0 
-0.0 -10.0 113:1.0 
-10.0 -10.0 
-10.0 -10.0 
-10.0 -10.0 
-10.0 -10.0 4:1.0 
-10.0 -10.0 
-10.0 -10.0 
-2.0615126980892002 -10.0 12:1.0 
-10.0 -10.0 
-10.0 -10.0 
-2.101288065967924 -10.0 10:1.0 55:1.0 
-0.0 -10.0 113:1.0 
-10.0 -10.0 
-10.0 -10.0 
-10.0 -10.0 
-10.0 -10.0 
-10.0 -10.0 
-10.0 -10.0 
-10.0 -10.0 
-10.0 -10.0 
-10.0 -10.0 
-10.0 -10.0 
-0.0 -10.0 109:1.0 
-10.0 -10.0 54:1.0 
-10.0 -10.0 85:1.0 
-2.0801589789410913 -10.0 78:1.0 
-10.0 -10.0 
-9.792826940382108 -10.0 43:1.0 
-2.1211542807202175 -10.0 16:1.0 26:1.0 76:1.0 99:1.0 129:1.0 132:1.0 
-2.0853940197946175 -10.0 93:1.0 
-10.0 -10.0 
-10.0 -10.0 
-10.0 -10.0 
-10.0 -10.0 
-10.0 -10.0 
-10.0 -10.0 
-2.0622944897321305 -10.0 79:1.0 
-10.0 -10.0 
-2.1017751481912996 -10.0 11:1.0 117:1.0 
-10.0 -10.0 
-2.0988845264278857 -10.0 80:1.0 
-10.0 -10.0 
-10.0 -10.0 
-10.0 -10.0 
-10.0 -10.0 
-0.0 -10.0 60:1.0 
-10.0 -10.0 
-0.0 -10.0 47:1.0 60:1.0 
-2.0835189445420554 -10.0 36:1.0 
-10.0 -10.0 
-10.0 -10.0 
-10.0 -10.0 
-10.0 -10.0 
-10.0 -10.0 
-10.0 -10.0 
-10.0 -10.0 
-10.0 -10.0 
-10.0 -10.0 
-10.0 -10.0 
-10.0 -10.0 
-2.0741006358155167 -10.0 22:1.0 
-10.0 -10.0 
-10.0 -10.0 
-7.495668164705644 -10.0 20:1.0 45:1.0 125:1.0 
-10.0 -10.0 
-10.0 -10.0 
-10.0 -10.0 
-10.0 -10.0 
-10.0 -10.0 101:1.0 
-2.11364757812874 -10.0 114:1.0 118:1.0 127:1.0 
-10.0 -10.0 
-10.0 -10.0 
-10.0 -10.0 
-10.0 -10.0 
-10.0 -10.0 
-10.0 -10.0 
-10.0 -10.0 
-10.0 -10.0 77:1.0 
-10.0 -10.0 54:1.0 61:1.0 110:1.0 
-10.0 -10.0 
-10.0 -10.0 
-10.0 -10.0 
-0.0 -10.0 5:1.0 
-0.0 -10.0 16:1.0 19:1.0 
-10.0 -10.0 
-2.2005860304469493 -10.0 54:1.0 95:1.0 
-10.0 -10.0 86:1.0 
-10.0 -10.0 
-9.921945768944612 -10.0 47:1.0 
-10.0 -10.0 
-10.0 -10.0 
-10.0 -10.0 
-0.0 -10.0 65:1.0 
-10.0 -10.0 
-10.0 -10.0 
-10.0 -10.0 
-10.0 -10.0 
-10.0 -10.0 
-10.0 -10.0 45:1.0 
-10.0 -10.0 
-10.0 -10.0 
-10.0 -10.0 
-10.0 -10.0 
-10.0 -10.0 
-10.0 -10.0 
-10.0 -10.0 
-10.0 -10.0 
-10.0 -10.0 
-10.0 -10.0 
-10.0 -10.0 
-10.0 -10.0 
-10.0 -10.0 2:1.0 91:1.0 
-10.0 -10.0 
-10.0 -10.0 
-0.0 -10.0 109:1.0 
-10.0 -10.0 60:1.0 72:1.0 
-10.0 -10.0 
-2.0688049295736817 -10.0 68:1.0 
-1.394635635088236 -10.0 39:1.0 94:1.0 
-10.0 -10.0 
-10.0 -10.0 
-10.0 -10.0 
-10.0 -10.0 
-10.0 -10.0 
-10.0 -10.0 
-10.0 -10.0 
-0.0 -10.0 38:1.0 
-10.0 -10.0 
-10.0 -10.0 
-10.0 -10.0 
-10.0 -10.0 
-10.0 -10.0 
-2.4111022369176887 -10.0 74:1.0 
-0.6785056071001461 -10.0 73:1.0 
-10.0 -10.0 
-0.0 -10.0 38:1.0 
-10.0 -10.0 
-10.0 -10.0 
-10.0 -10.0 
-10.0 -10.0 
-10.0 -10.0 
-10.0 -10.0 
-10.0 -10.0 
-10.0 -10.0 8:1.0 
-10.0 -10.0 
-10.0 -10.0 
-10.0 -10.0 
-10.0 -10.0 
-10.0 -10.0 
-10.0 -10.0 77:1.0 
-10.0 -10.0 
-10.0 -10.0 
-10.0 -10.0 
-10.0 -10.0 
-10.0 -10.0 
-10.0 -10.0 
-10.0 -10.0 25:1.0 65:1.0 
-2.0688049295737323 -10.0 70:1.0 
-10.0 -10.0 
-9.672240201203593 -10.0 74:1.0 
-10.0 -10.0 
-10.0 -10.0 
-10.0 -10.0 
-10.0 -10.0 
-10.0 -10.0 
-10.0 -10.0 
-10.0 -10.0 
-10.0 -10.0 
-0.0 -10.0 23:1.0 
-10.0 -10.0 
-10.0 -10.0 
-10.0 -10.0 
-10.0 -10.0 
-10.0 -10.0 13:1.0 
-10.0 -10.0 
-0.04451751327216654 -10.0 115:1.0 
-10.0 -10.0 
-0.0 -10.0 26:1.0 99:1.0 132:1.0 
-10.0 -10.0 
-10.0 -10.0 
-10.0 -10.0 
-0.05157869672891816 -9.95674040779607 26:1.0 99:1.0 132:1.0 
-10.0 -10.0 
-9.90050461203424 -10.0 77:1.0 
-10.0 -10.0 
-10.0 -10.0 
-10.0 -10.0 
-10.0 -10.0 
-10.0 -10.0 
-10.0 -10.0 
-10.0 -10.0 
-10.0 -10.0 
-10.0 -10.0 
-10.0 -10.0 
-10.0 -10.0 
-10.0 -10.0 
-10.0 -10.0 
-10.0 -10.0 
-10.0 -10.0 
-10.0 -10.0 
-10.0 -10.0 
-10.0 -10.0 
-2.0825823008923843 -10.0 42:1.0 
-10.0 -10.0 
-10.0 -10.0 
-10.0 -10.0 
-10.0 -10.0 
-10.0 -10.0 
-10.0 -10.0 
-2.07111753815108 -10.0 23:1.0 
-10.0 -10.0 
-10.0 -10.0 27:1.0 
-10.0 -10.0 
-2.0622358135820806 -10.0 38:1.0 
-10.0 -10.0 
-10.0 -10.0 
-10.0 -10.0 
-0.0 -10.0 71:1.0 
-10.0 -10.0 15:1.0 
-10.0 -10.0 
-10.0 -10.0 
-10.0 -10.0 
-10.0 -10.0 
-0.0 -10.0 109:1.0 
-10.0 -10.0 
-0.3075261536152938 -10.0 113:1.0 
-2.0822093169304488 -10.0 109:1.0 
-10.0 -10.0 20:1.0 45:1.0 58:1.0 92:1.0 104:1.0 124:1.0 125:1.0 126:1.0 128:1.0 
-10.0 -10.0 
-1.4250455079213975 -10.0 40:1.0 73:1.0 94:1.0 
-10.0 -10.0 
-10.0 -10.0 
-10.0 -10.0 
-10.0 -10.0 
-10.0 -10.0 
-10.0 -10.0 81:1.0 
-10.0 -10.0 
-10.0 -10.0 
-2.4001399692754792 -10.0 
-0.0 -10.0 
-0.0 -10.0 
-0.0 -10.0 
-0.0 -10.0 
-0.0 -10.0 
-0.0 -10.0 
