svm_type c_svc
kernel_type rbf
gamma 1.0
nr_class 3
total_sv 1534
rho 0.31154661309607756 0.050575647356970704 -0.1847155855627554
label 2 0 1
nr_sv 408 597 529
SV
100.0 100.0 
100.0 100.0 
100.0 100.0 
100.0 100.0 
1.3230541721635853 1.1833140583719006 61:1.0 86:1.0 
100.0 100.0 
100.0 100.0 
100.0 100.0 
100.0 100.0 
100.0 100.0 
100.0 100.0 
100.0 100.0 
100.0 100.0 
100.0 100.0 
1.1567438179853 1.7448991734232795 27:1.0 101:1.0 105:1.0 
2.307832085939004 2.154814663541914 84:1.0 
100.0 100.0 
100.0 100.0 
100.0 100.0 
100.0 100.0 
100.0 100.0 
100.0 0.0 18:1.0 
100.0 100.0 
100.0 100.0 
100.0 100.0 
100.0 100.0 
100.0 100.0 
100.0 100.0 
100.0 100.0 
100.0 100.0 
100.0 100.0 
100.0 100.0 
100.0 100.0 
100.0 100.0 
100.0 100.0 
100.0 100.0 
100.0 100.0 
100.0 100.0 
100.0 100.0 
1.5464640517999189 100.0 4:1.0 
100.0 100.0 
1.272639129267034 1.0011754804158857 45:1.0 58:1.0 104:1.0 116:1.0 126:1.0 128:1.0 
100.0 100.0 
100.0 100.0 
100.0 100.0 
100.0 100.0 
100.0 100.0 
100.0 100.0 
100.0 100.0 
100.0 100.0 
100.0 100.0 
100.0 100.0 
100.0 100.0 
100.0 100.0 
100.0 1.619148142125093 32:1.0 
100.0 100.0 
100.0 100.0 
100.0 100.0 
100.0 1.5466031820703638 81:1.0 
100.0 100.0 
100.0 100.0 
100.0 100.0 
100.0 100.0 
100.0 100.0 8:1.0 
100.0 100.0 86:1.0 
100.0 100.0 
100.0 100.0 
0.0 1.0960573004356995 20:1.0 45:1.0 58:1.0 92:1.0 104:1.0 124:1.0 125:1.0 126:1.0 128:1.0 
0.9553380118704689 0.19908956938225267 6:1.0 116:1.0 
100.0 100.0 
100.0 100.0 
100.0 100.0 
1.6003908941073655 0.0 6:1.0 
100.0 100.0 
100.0 100.0 3:1.0 
100.0 100.0 
100.0 100.0 
100.0 100.0 
100.0 100.0 
100.0 100.0 
100.0 100.0 
100.0 100.0 
100.0 100.0 
100.0 100.0 
100.0 100.0 
100.0 100.0 
100.0 100.0 
0.33818972495840005 0.19891279047382723 72:1.0 101:1.0 
1.3400543524987991 99.94842699368863 20:1.0 45:1.0 58:1.0 92:1.0 104:1.0 124:1.0 125:1.0 126:1.0 128:1.0 
100.0 100.0 
1.8101673835609133 1.82875980976337 110:1.0 
100.0 100.0 
100.0 100.0 
0.33827695466581753 0.7236344487764704 4:1.0 91:1.0 
100.0 100.0 
100.0 100.0 
100.0 100.0 
100.0 100.0 
100.0 100.0 
100.0 100.0 
100.0 100.0 
100.0 100.0 
100.0 99.9992360036319 81:1.0 
100.0 100.0 
100.0 100.0 
100.0 100.0 
100.0 100.0 
100.0 100.0 
100.0 100.0 
100.0 100.0 
100.0 0.0 35:1.0 
1.6761207657250623 1.4748596585011424 58:1.0 
100.0 100.0 
100.0 100.0 
100.0 100.0 
100.0 100.0 
100.0 1.5396283322947357 116:1.0 
100.0 100.0 
100.0 100.0 
100.0 100.0 
100.0 100.0 
100.0 100.0 
100.0 100.0 
100.0 100.0 
100.0 100.0 
100.0 100.0 
100.0 100.0 
100.0 100.0 
100.0 100.0 
100.0 100.0 
100.0 100.0 
100.0 100.0 
100.0 100.0 
100.0 100.0 
100.0 100.0 
100.0 100.0 
100.0 100.0 
100.0 100.0 85:1.0 
100.0 100.0 
100.0 100.0 
100.0 100.0 
100.0 100.0 
100.0 100.0 
100.0 100.0 
100.0 100.0 
100.0 100.0 
100.0 100.0 
100.0 100.0 
100.0 100.0 
100.0 100.0 
100.0 100.0 
100.0 100.0 
1.806125812838319 100.0 1:1.0 
100.0 100.0 77:1.0 
1.3237520472673419 1.6186919513411284 1:1.0 53:1.0 
0.0 2.414201610996197 54:1.0 
100.0 100.0 
99.85801214391908 2.081256216937303 6:1.0 
100.0 100.0 
100.0 100.0 
0.0 1.1832214956170326 15:1.0 67:1.0 
100.0 0.0 107:1.0 
1.809885023309044 99.96383722017393 54:1.0 
2.3063392047680873 2.1675556352028185 29:1.0 77:1.0 
100.0 100.0 
100.0 100.0 
100.0 100.0 47:1.0 
100.0 100.0 
100.0 1.6192745360694178 18:1.0 
100.0 100.0 
100.0 100.0 
100.0 100.0 
100.0 100.0 
1.8186633766902924 0.0 25:1.0 
100.0 100.0 
100.0 100.0 
100.0 100.0 
100.0 100.0 
1.2515409687213501 0.9133892536690303 13:1.0 45:1.0 104:1.0 128:1.0 
100.0 100.0 
100.0 100.0 
100.0 100.0 
100.0 100.0 
100.0 100.0 
100.0 100.0 
100.0 100.0 
100.0 100.0 
100.0 100.0 
0.0 1.8747708984217228 37:1.0 
100.0 100.0 
100.0 100.0 
100.0 100.0 
100.0 100.0 
100.0 2.3324664047077883 13:1.0 
100.0 100.0 
100.0 100.0 
100.0 100.0 
100.0 100.0 
100.0 100.0 
100.0 100.0 
100.0 100.0 
100.0 100.0 
100.0 2.456942181687369 105:1.0 
100.0 100.0 
2.2447028472088864 1.8125118125294746 45:1.0 
100.0 100.0 
1.6855665611570156 2.0903376072527933 72:1.0 
100.0 100.0 
100.0 100.0 
100.0 100.0 
100.0 100.0 
100.0 99.80970142573689 13:1.0 
100.0 100.0 
100.0 100.0 
1.3888017127834122 0.0 61:1.0 
100.0 100.0 
100.0 100.0 
1.5371223156480542 1.1837357330668372 67:1.0 
100.0 100.0 
1.8017790294983422 100.0 48:1.0 
100.0 100.0 
100.0 100.0 
1.8145631917672074 1.2011449192698973 82:1.0 121:1.0 
100.0 100.0 
100.0 100.0 
1.8101161675537703 99.9153449946542 37:1.0 
100.0 100.0 8:1.0 
100.0 100.0 
1.3392334467525697 0.9920241524472342 58:1.0 91:1.0 92:1.0 120:1.0 124:1.0 
100.0 100.0 
100.0 100.0 
1.0279307994665223 0.8774764065779493 4:1.0 58:1.0 120:1.0 
1.3224169217781567 1.7445169701488121 43:1.0 48:1.0 
100.0 100.0 
100.0 100.0 
100.0 100.0 
99.99212485379188 99.9048680911883 45:1.0 
100.0 100.0 
100.0 100.0 43:1.0 
100.0 100.0 
100.0 100.0 
100.0 100.0 
100.0 100.0 
100.0 100.0 
100.0 100.0 77:1.0 
100.0 100.0 
100.0 100.0 
100.0 100.0 
100.0 100.0 
100.0 100.0 
100.0 100.0 
100.0 100.0 
2.2027417180278897 1.9037338204296717 91:1.0 
100.0 100.0 
100.0 100.0 
2.3077232878665543 100.0 64:1.0 
100.0 100.0 
100.0 100.0 
100.0 100.0 
100.0 100.0 
100.0 1.7606719672246136 35:1.0 
0.33828925468708015 0.19856757704550249 17:1.0 52:1.0 
100.0 100.0 
100.0 100.0 
0.0 1.7132551194118224 17:1.0 
1.6855401524198907 99.83282626601611 17:1.0 
100.0 100.0 
100.0 100.0 
100.0 100.0 
100.0 100.0 
100.0 100.0 
100.0 100.0 
100.0 100.0 
1.893633417034187 1.7089373174627025 103:1.0 
100.0 100.0 
100.0 100.0 
100.0 100.0 
100.0 100.0 
1.182329492196206 0.7678015270988106 52:1.0 102:1.0 
100.0 100.0 
100.0 100.0 
100.0 100.0 
100.0 100.0 
100.0 100.0 
100.0 100.0 
2.3085200756471127 1.7903711455145763 108:1.0 
99.9165580909553 99.91038275362423 103:1.0 
100.0 100.0 
100.0 100.0 
0.0 3.1314823374563527 101:1.0 
100.0 100.0 
100.0 100.0 
100.0 100.0 
100.0 100.0 
100.0 100.0 
1.752214118262901 0.1990365645744262 81:1.0 105:1.0 
100.0 100.0 
100.0 100.0 
100.0 100.0 
100.0 100.0 
100.0 100.0 
100.0 100.0 
100.0 100.0 
100.0 100.0 
100.0 100.0 
100.0 100.0 
100.0 100.0 
99.93450385142702 1.3936014518161601 61:1.0 
100.0 100.0 
100.0 100.0 
1.2509085820646617 1.2639469269080659 52:1.0 
1.809651859528806 1.6193288068928948 100:1.0 
100.0 100.0 
100.0 100.0 
100.0 100.0 
100.0 100.0 
100.0 100.0 
100.0 100.0 
100.0 100.0 
100.0 100.0 
2.353049953747911 100.0 10:1.0 
100.0 100.0 
100.0 1.6193200710869389 107:1.0 
100.0 100.0 
100.0 100.0 
100.0 100.0 
100.0 100.0 
100.0 100.0 
100.0 100.0 
1.529044702796748 99.87464032225697 101:1.0 
100.0 100.0 
100.0 100.0 
100.0 100.0 
100.0 100.0 
100.0 100.0 
100.0 100.0 
100.0 100.0 
100.0 100.0 
100.0 100.0 
100.0 100.0 
100.0 100.0 
100.0 100.0 
100.0 100.0 
100.0 100.0 
100.0 100.0 
100.0 100.0 
100.0 100.0 
100.0 100.0 
100.0 100.0 
100.0 100.0 
100.0 100.0 
100.0 100.0 
100.0 100.0 
100.0 100.0 
100.0 100.0 
100.0 100.0 
100.0 100.0 
100.0 100.0 
99.99141415721091 2.167887678301302 25:1.0 
100.0 100.0 
100.0 100.0 
100.0 100.0 
100.0 100.0 
100.0 100.0 
100.0 100.0 
100.0 100.0 
100.0 100.0 
1.603570416004327 1.1834228841782364 15:1.0 62:1.0 
100.0 100.0 
100.0 100.0 
100.0 100.0 
100.0 100.0 
100.0 100.0 
100.0 100.0 
100.0 100.0 
100.0 100.0 
100.0 100.0 
100.0 100.0 
100.0 100.0 
100.0 100.0 
100.0 100.0 
100.0 100.0 
100.0 100.0 
100.0 100.0 
100.0 1.1837328025764473 62:1.0 
100.0 100.0 
100.0 100.0 
100.0 100.0 
100.0 100.0 
100.0 100.0 
100.0 100.0 
100.0 100.0 89:1.0 
100.0 100.0 
0.7414493660267972 100.0 15:1.0 67:1.0 
100.0 100.0 
100.0 100.0 
100.0 100.0 
100.0 100.0 
1.8101744827039095 100.0 74:1.0 
100.0 100.0 
100.0 100.0 
100.0 100.0 
100.0 100.0 
100.0 100.0 
100.0 100.0 
100.0 100.0 
100.0 100.0 
100.0 100.0 
-0.18233282125935354 100.0 47:1.0 
-0.0058078255748225645 0.3445947832650453 41:1.0 
-1.066141500483123 100.0 86:1.0 
-0.3684061644258418 0.5501001944844155 73:1.0 98:1.0 
-0.3684782853512322 0.5245681334708804 7:1.0 63:1.0 
-0.001209835128251789 0.0 18:1.0 
-0.6066208943607871 0.7181641978669058 66:1.0 123:1.0 
-0.35603375828936334 1.419945603957374 80:1.0 113:1.0 
-0.5040188101503845 100.0 3:1.0 
-0.0 100.0 109:1.0 
-0.5030042535203595 1.056908838294425 55:1.0 
-0.5034344250547769 100.0 47:1.0 60:1.0 
-100.0 0.0 107:1.0 
-100.0 0.0 35:1.0 
-0.4795538678408587 0.752520668829789 11:1.0 114:1.0 118:1.0 127:1.0 
-0.502977982175135 100.0 9:1.0 
-0.7638241129148189 0.6934618442685287 53:1.0 58:1.0 91:1.0 120:1.0 
-0.0 0.5613911525966823 53:1.0 
-0.36787436782152577 100.0 56:1.0 
-0.6076718664266076 1.3618224797810938 20:1.0 41:1.0 45:1.0 125:1.0 
-0.0019562753385767586 0.0 70:1.0 
-0.0 1.2310040175600492 71:1.0 
-9.79610063899194E-4 0.0 85:1.0 
-100.0 0.5958472668138731 116:1.0 
-100.0 100.0 45:1.0 
-100.0 1.0575578865117656 25:1.0 
-0.3675146939719835 100.0 117:1.0 
-0.0 100.0 23:1.0 
-0.307958860654418 0.0 13:1.0 
-0.0 100.0 31:1.0 
-0.3559134954036801 0.07395138494056233 8:1.0 
-0.0023046251192870536 0.0 87:1.0 
-100.0 1.152683980005852 6:1.0 
-0.0 0.4352146788083248 12:1.0 
-0.0019923314220953643 0.0 30:1.0 
-0.0014462295088781283 0.5957568129141135 57:1.0 
-0.0031719969228388547 0.0 2:1.0 
-0.3241352858080088 0.3517038419321298 96:1.0 113:1.0 
-0.4203739825237192 0.5541858380907202 40:1.0 114:1.0 
-0.4795819881429245 0.6101400582367235 16:1.0 71:1.0 76:1.0 129:1.0 
-0.6314270141436359 0.32365444970998375 62:1.0 102:1.0 
-100.0 0.7490018608032835 61:1.0 
-0.36836181122750966 100.0 11:1.0 117:1.0 
-100.0 100.0 8:1.0 
-0.0012731193727589523 0.5958288390688306 90:1.0 
-0.0 0.28502959807901557 44:1.0 
-0.0 0.40352936627831093 42:1.0 
-0.6663275223830603 100.0 77:1.0 
-0.42075691899363216 0.5536628665001049 40:1.0 71:1.0 
-0.002777835637335462 100.0 78:1.0 
-100.0 100.0 47:1.0 
-0.36832081033929726 0.7251468104783086 21:1.0 115:1.0 
-0.32368295761388105 0.4357225652222328 7:1.0 113:1.0 
-0.3975091451450406 2.403772457038198 23:1.0 93:1.0 
-0.002171241669527069 0.0 119:1.0 
-0.5030521575590233 2.0930238544184445 19:1.0 
-1.561803858772881 0.0 81:1.0 
-0.0 0.23704653709515697 98:1.0 
-100.0 100.0 103:1.0 
-100.0 0.0730055614200077 107:1.0 
-0.0011717020996278116 0.0 46:1.0 
-0.36855188639584996 1.4204666537061863 2:1.0 79:1.0 
-0.3678237146816389 100.0 12:1.0 
-0.0 10.335094847919626 
-0.0 100.0 
-1.3529212108333317 0.8440798171338093 44:1.0 84:1.0 
-0.0 100.0 
-0.0 0.07319722285183317 68:1.0 
-0.0 100.0 
-0.0 100.0 
-0.0 100.0 
-0.0 100.0 
-0.177932749502725 0.08140261192563308 21:1.0 
-0.0 100.0 
-0.0 100.0 
-0.0 100.0 
-0.0030242119922876294 100.0 98:1.0 
-0.0 100.0 
-0.0 100.0 
-0.0 100.0 
-0.0 100.0 
-0.0 100.0 
-0.0 100.0 
-0.0 100.0 
-0.0 100.0 
-0.0 100.0 43:1.0 
-0.0 100.0 
-0.0 100.0 113:1.0 
-0.0 100.0 
-0.0 100.0 
-100.0 1.38799710160701 13:1.0 
-0.07991928692980503 100.0 73:1.0 
-0.3687431715018182 1.4200940103963837 2:1.0 47:1.0 
-0.0 100.0 
-0.33009021654317994 0.43595839229212835 50:1.0 71:1.0 
-0.3685307470292153 100.0 39:1.0 94:1.0 
-0.0 100.0 
-0.0 100.0 
-100.0 0.5959124889416532 81:1.0 
-0.0 100.0 
-0.0 100.0 
-0.0 100.0 114:1.0 118:1.0 127:1.0 
-0.0 100.0 
-0.0 100.0 
-0.0 100.0 
-0.0 100.0 
-0.0 100.0 
-0.0 100.0 
-0.0 100.0 
-99.9990447915431 100.0 3:1.0 
-0.0 100.0 
-0.0 100.0 
-0.0 100.0 
-0.0 100.0 
-0.7853929978762562 0.8771972131938914 34:1.0 45:1.0 58:1.0 92:1.0 104:1.0 124:1.0 126:1.0 128:1.0 
-0.0 100.0 
-0.32391173008376545 0.4353625736047038 95:1.0 113:1.0 
-0.0 100.0 
-0.0 100.0 
-0.0 100.0 
-0.0 100.0 
-0.0 100.0 
-0.0 100.0 
-0.0 100.0 
-0.36840225940417287 0.5252167736130817 42:1.0 63:1.0 
-1.475157601212397 1.3885837830003074 10:1.0 62:1.0 
-0.0 100.0 
-0.0 100.0 
-0.0 100.0 
-0.0 100.0 
-0.0 100.0 
-0.4730057015117423 100.0 109:1.0 
-0.0 0.5958617717111144 36:1.0 
-0.0 100.0 
-0.0 100.0 
-0.0 100.0 
-0.0 100.0 
-0.0 100.0 
-0.0 100.0 113:1.0 
-0.0 100.0 
-0.0 100.0 
-0.0 100.0 
-0.0 100.0 
-0.0 100.0 
-0.0 100.0 
-0.0 100.0 
-0.0 100.0 
-0.0 100.0 
-0.0 100.0 
-0.0 100.0 
-0.49912064649626126 0.5900261788956059 24:1.0 49:1.0 69:1.0 83:1.0 97:1.0 112:1.0 121:1.0 130:1.0 131:1.0 133:1.0 
-0.0 100.0 
-0.0 100.0 
-0.0 100.0 
-0.0 100.0 
-0.4498862150042924 1.3358419427790236 93:1.0 96:1.0 
-0.0 100.0 
-8.58910653225638 100.0 
-100.0 100.0 
-100.0 100.0 
-100.0 100.0 
-100.0 100.0 
-100.0 100.0 
-100.0 100.0 
-100.0 100.0 
-100.0 100.0 
-100.0 100.0 
-100.0 100.0 
-0.23205616318526956 100.0 63:1.0 
-100.0 100.0 
-100.0 100.0 
-100.0 100.0 
-100.0 100.0 
-100.0 100.0 
-100.0 100.0 
-0.5030292781198815 0.0 32:1.0 
-100.0 100.0 
-0.005046258243450404 0.0 96:1.0 
-0.0017443205626603555 0.0 106:1.0 
-100.0 100.0 
-100.0 100.0 
-0.6070343265525152 0.8130003532723393 62:1.0 73:1.0 83:1.0 109:1.0 
-100.0 100.0 
-100.0 100.0 
-100.0 100.0 
-100.0 100.0 
-100.0 100.0 
-100.0 100.0 
-0.3675044275573663 100.0 68:1.0 
-100.0 100.0 
-100.0 100.0 
-100.0 100.0 
-100.0 100.0 
-100.0 100.0 
-100.0 100.0 
-100.0 100.0 
-100.0 100.0 
-100.0 100.0 
-0.18236606916039697 0.07312907456173291 39:1.0 
-100.0 100.0 
-100.0 100.0 
-0.0023784546306165988 0.6148618043337615 122:1.0 
-100.0 100.0 
-100.0 100.0 
-99.92366997711439 100.0 86:1.0 
-100.0 100.0 
-100.0 100.0 
-100.0 100.0 
-100.0 100.0 
-100.0 100.0 
-100.0 100.0 
-100.0 100.0 
-0.4430995185787465 1.1098798610506209 14:1.0 35:1.0 
-100.0 100.0 
-100.0 100.0 
-100.0 100.0 
-100.0 100.0 
-0.004104340486533078 100.0 42:1.0 
-100.0 100.0 
-100.0 100.0 
-100.0 100.0 
-1.2094903576190845 100.0 43:1.0 
-100.0 100.0 
-0.0017843388851964909 0.0 51:1.0 
-100.0 100.0 
-100.0 100.0 
-100.0 100.0 
-100.0 100.0 
-0.43510241558239415 1.0649601468768226 88:1.0 
-9.891240888251207E-4 0.5957051990332548 27:1.0 
-100.0 100.0 
-100.0 100.0 
-100.0 100.0 
-100.0 100.0 
-100.0 0.0 62:1.0 
-0.36836178035763445 0.7245196496097547 111:1.0 115:1.0 
-99.96513461494409 100.0 
-100.0 100.0 
-100.0 100.0 
-100.0 100.0 
-100.0 100.0 
-100.0 100.0 
-0.3681315847691517 0.4364413274797096 12:1.0 111:1.0 
-100.0 100.0 
-100.0 100.0 
-100.0 99.71037390558661 13:1.0 
-100.0 100.0 
-0.20280805824112938 99.81417766487648 71:1.0 
-0.5033639314159617 1.4201286447080161 78:1.0 107:1.0 
-100.0 100.0 
-0.5030162288434591 0.5987103351145544 89:1.0 
-100.0 100.0 
-100.0 100.0 
-100.0 100.0 
-100.0 100.0 
-100.0 1.0571718885410055 105:1.0 
-100.0 100.0 
-100.0 100.0 
-100.0 100.0 8:1.0 
-0.24603901065403072 100.0 79:1.0 
-100.0 100.0 
-0.0019086529312709781 0.0 94:1.0 
-100.0 100.0 
-100.0 100.0 
-100.0 100.0 
-100.0 100.0 
-100.0 100.0 
-100.0 100.0 
-100.0 100.0 
-100.0 100.0 
-100.0 100.0 
-100.0 100.0 
-100.0 100.0 
-100.0 100.0 
-100.0 100.0 
-100.0 100.0 
-100.0 100.0 
-100.0 100.0 
-100.0 100.0 
-100.0 100.0 
-100.0 100.0 
-100.0 100.0 
-100.0 100.0 
-0.001170538667935443 0.0 75:1.0 
-0.5030952683792703 100.0 31:1.0 
-0.5221995949575707 0.6793258415971732 85:1.0 
-100.0 100.0 
-100.0 100.0 
-100.0 100.0 
-100.0 100.0 
-100.0 100.0 
-100.0 100.0 
-100.0 100.0 
-100.0 100.0 
-100.0 100.0 
-100.0 100.0 
-100.0 100.0 
-100.0 100.0 
-100.0 100.0 
-100.0 100.0 
-100.0 100.0 
-100.0 100.0 
-100.0 100.0 
-100.0 100.0 
-100.0 100.0 
-0.5005854567769233 99.98116683598413 122:1.0 
-100.0 100.0 
-100.0 100.0 
-100.0 100.0 
-100.0 100.0 
-0.24522803381019193 99.99624769332236 98:1.0 
-100.0 100.0 
-100.0 100.0 
-0.0 99.51759266097726 113:1.0 
-100.0 100.0 
-100.0 100.0 
-100.0 100.0 
-100.0 100.0 
-1.3009087574897853 2.4046172503864303 23:1.0 48:1.0 
-100.0 100.0 
-0.0012224501508618507 0.0 83:1.0 
-100.0 100.0 
-100.0 100.0 
-100.0 100.0 
-100.0 100.0 
-100.0 100.0 
-100.0 100.0 
-100.0 100.0 
-0.501071542081986 0.5957652967669668 51:1.0 
-100.0 100.0 
-100.0 100.0 
-100.0 100.0 
-0.0 0.5955946950478156 30:1.0 
-0.0 0.8975300059940797 95:1.0 
-100.0 100.0 
-100.0 100.0 
-100.0 100.0 
-100.0 100.0 
-100.0 100.0 
-100.0 100.0 
-100.0 100.0 
-1.3147095576687875 1.3918232934102113 1:1.0 33:1.0 
-100.0 100.0 
-100.0 100.0 
-100.0 100.0 
-100.0 100.0 
-100.0 100.0 
-100.0 100.0 
-0.5091204458078806 1.3393113012471327 77:1.0 102:1.0 
-100.0 100.0 
-100.0 100.0 
-100.0 100.0 
-100.0 100.0 
-0.5031653973851995 100.0 36:1.0 
-100.0 100.0 
-0.3300861362125385 0.436328405244393 13:1.0 50:1.0 
-100.0 100.0 
-100.0 100.0 
-100.0 100.0 
-7.08530390565832E-4 100.0 29:1.0 
-0.36553398747435567 0.803438023321403 94:1.0 
-100.0 100.0 
-0.443676335965038 0.8569056147618088 29:1.0 35:1.0 
-100.0 100.0 
-100.0 100.0 
-100.0 100.0 
-0.3634924809769445 99.99912625314566 42:1.0 
-99.78005883534964 100.0 43:1.0 
-0.40102304737964417 1.5373760742970435 28:1.0 80:1.0 
-0.36484044164919066 100.0 22:1.0 
-100.0 100.0 
-100.0 100.0 
-100.0 100.0 
-100.0 100.0 
-100.0 100.0 
-1.2699317448577279 0.4986532671633981 41:1.0 45:1.0 
-0.3298950033992762 0.43591363461633653 21:1.0 50:1.0 
-100.0 100.0 
-99.97981873378585 99.91667541966328 85:1.0 
-1.1876357041833985 100.0 29:1.0 
-100.0 100.0 
-0.21973923576523932 100.0 28:1.0 
-100.0 100.0 
-0.9525348790643917 100.0 53:1.0 
-100.0 100.0 
-100.0 100.0 
-100.0 100.0 
-100.0 100.0 
-1.354335125336158 1.5011602841663103 38:1.0 108:1.0 
-100.0 100.0 
-100.0 100.0 
-100.0 100.0 
-0.5017161331424854 100.0 90:1.0 
-100.0 100.0 
-100.0 100.0 
-100.0 100.0 
-100.0 100.0 
-100.0 100.0 
-100.0 100.0 
-100.0 100.0 
-0.5024237887878734 0.5964336924588571 24:1.0 49:1.0 69:1.0 83:1.0 97:1.0 112:1.0 130:1.0 131:1.0 133:1.0 
-100.0 100.0 
-100.0 100.0 
-100.0 100.0 
-100.0 100.0 
-100.0 100.0 
-0.3837326948763387 100.0 95:1.0 
-100.0 100.0 
-0.5013714859137254 0.5960171068930433 119:1.0 
-0.2664417173007823 0.35396872866685114 114:1.0 
-100.0 100.0 
-100.0 100.0 
-100.0 100.0 
-0.07767032126953656 0.0 96:1.0 
-100.0 100.0 
-0.4007517599776106 1.420004363911769 8:1.0 80:1.0 
-100.0 100.0 
-100.0 100.0 
-100.0 100.0 
-0.5007256430032592 0.5958401567391485 87:1.0 
-100.0 100.0 77:1.0 
-100.0 100.0 
-100.0 100.0 
-99.58628301166318 100.0 81:1.0 
-100.0 100.0 
-100.0 100.0 
-100.0 100.0 
-100.0 100.0 
-100.0 100.0 
-100.0 100.0 
-100.0 100.0 
-100.0 100.0 
-100.0 100.0 
-100.0 100.0 
-100.0 100.0 
-100.0 100.0 
-0.6584210248458037 100.0 27:1.0 
-0.42955894177646375 0.551927561408171 16:1.0 76:1.0 129:1.0 
-100.0 0.5960719187287704 32:1.0 
-100.0 100.0 
-0.36836378487293464 1.4201047301066738 56:1.0 68:1.0 
-100.0 100.0 
-100.0 100.0 
-100.0 100.0 
-100.0 100.0 
-100.0 100.0 
-100.0 99.99692732636015 89:1.0 
-100.0 100.0 
-100.0 100.0 
-0.34375105286855256 0.5584277604017368 11:1.0 
-100.0 100.0 
-0.5034268046022327 1.4201645437342323 39:1.0 59:1.0 
-100.0 0.120134492562909 35:1.0 
-100.0 100.0 
-0.2479920204998603 0.24248754504163364 7:1.0 
-0.501567566784512 100.0 57:1.0 
-100.0 100.0 
-100.0 100.0 
-100.0 100.0 
-100.0 100.0 77:1.0 
-100.0 100.0 
-100.0 100.0 
-100.0 100.0 
-100.0 100.0 
-0.0 0.596532086510567 70:1.0 
-100.0 100.0 
-100.0 100.0 
-0.22828249608086726 0.22914802033119175 2:1.0 
-100.0 100.0 
-0.0 99.44186188656265 50:1.0 
-100.0 100.0 
-100.0 100.0 
-100.0 100.0 
-100.0 100.0 
-0.004232976435785952 0.0 111:1.0 
-0.5018445267438311 0.5962853708623724 46:1.0 
-100.0 100.0 
-100.0 100.0 
-100.0 100.0 
-100.0 100.0 
-0.5032021796330821 100.0 5:1.0 
-100.0 100.0 
-100.0 100.0 
-100.0 100.0 
-0.368416226003298 0.43632727667633636 13:1.0 111:1.0 
-100.0 100.0 
-100.0 100.0 
-0.09191546597340759 0.007736749345737588 111:1.0 
-100.0 100.0 
-100.0 100.0 
-100.0 100.0 
-100.0 100.0 
-0.29211696189851033 0.4077613821545532 33:1.0 50:1.0 
-100.0 100.0 
-100.0 100.0 
-100.0 100.0 
-100.0 100.0 
-100.0 100.0 
-100.0 100.0 
-0.5739402561220412 0.0 18:1.0 
-0.42084091233279936 1.3217097963422355 16:1.0 
-100.0 100.0 
-100.0 100.0 
-100.0 100.0 
-100.0 100.0 
-100.0 100.0 
-100.0 100.0 
-100.0 100.0 
-100.0 100.0 
-100.0 100.0 
-100.0 100.0 
-100.0 100.0 
-100.0 100.0 
-0.3301740334890431 1.4204073527205265 50:1.0 79:1.0 
-100.0 100.0 
-100.0 100.0 
-100.0 100.0 
-100.0 100.0 
-100.0 100.0 
-100.0 100.0 
-100.0 100.0 
-100.0 100.0 
-100.0 100.0 
-0.5017023685601372 99.99937286542325 70:1.0 
-100.0 100.0 
-100.0 100.0 
-100.0 100.0 
-100.0 100.0 
-100.0 100.0 
-100.0 100.0 
-100.0 100.0 
-100.0 100.0 
-1.352373226062986 2.4043004302301454 64:1.0 77:1.0 
-100.0 100.0 
-100.0 100.0 
-100.0 100.0 
-100.0 100.0 
-100.0 100.0 
-100.0 100.0 
-100.0 100.0 
-100.0 100.0 
-100.0 100.0 
-100.0 100.0 
-100.0 100.0 
-100.0 100.0 
-100.0 100.0 
-100.0 100.0 
-100.0 100.0 
-100.0 100.0 
-100.0 100.0 
-100.0 0.0 18:1.0 
-100.0 100.0 
-100.0 100.0 
-100.0 100.0 
-100.0 100.0 
-0.5012336616124744 0.5960633003064844 106:1.0 
-100.0 100.0 
-100.0 100.0 
-100.0 100.0 
-0.4300613628528899 100.0 114:1.0 118:1.0 127:1.0 
-0.3237803819678656 0.4354869149273592 98:1.0 113:1.0 
-100.0 100.0 
-100.0 100.0 
-100.0 100.0 
-100.0 100.0 
-1.1711773372376548 0.5956244089499725 82:1.0 
-100.0 100.0 
-0.005360357829545754 100.0 44:1.0 
-0.5092441840495623 0.47012791543099175 73:1.0 102:1.0 
-0.31486670460466276 100.0 78:1.0 
-100.0 100.0 
-0.4713382271291664 0.5553581745803947 83:1.0 
-0.5009198451125303 100.0 30:1.0 
-100.0 100.0 
-100.0 100.0 
-100.0 100.0 
-100.0 100.0 
-100.0 100.0 
-0.6900546096844665 0.8040715781232353 24:1.0 49:1.0 112:1.0 121:1.0 130:1.0 
-0.5017783282799984 1.4195693610129634 75:1.0 
-0.34043453906919374 0.4352582993515447 14:1.0 
-0.3685785712956665 0.46928562507364263 28:1.0 96:1.0 
-0.5027998788385155 0.6433626242776718 21:1.0 22:1.0 88:1.0 
-100.0 100.0 
-100.0 100.0 
-100.0 100.0 
-99.92833965569127 0.5957303098936765 18:1.0 
-100.0 100.0 
-100.0 100.0 
-1.3691501313361563 0.8440705268136681 91:1.0 120:1.0 
-100.0 100.0 
-0.5180915635900994 0.8741893708087212 22:1.0 40:1.0 73:1.0 
-100.0 100.0 
-100.0 100.0 
-100.0 100.0 
-96.3848493785301 96.63558266747113 
-0.23209423893314132 100.0 115:1.0 
-0.0 -100.0 
-0.0 -100.0 
-0.0 -100.0 
-0.0 -100.0 
-0.0 -100.0 
-0.0 -100.0 
-0.0 -100.0 
-5.326944867313975E-4 -2.2525758245912217 78:1.0 
-100.0 -1.7663924069141335 10:1.0 
-0.0 -100.0 
-0.0 -100.0 
-0.0 -100.0 
-0.0 -100.0 
-0.0 -100.0 
-0.0 -100.0 
-0.0 -100.0 
-100.0 -2.140346904996843 48:1.0 
-0.0 -100.0 
-0.0 -100.0 
-0.0 -100.0 
-0.0 -100.0 
-0.0 -100.0 
-0.4385502826636471 -100.0 117:1.0 
-100.0 -1.717312769912077 17:1.0 
-0.0 -100.0 
-0.0 -100.0 42:1.0 
-0.0 -100.0 
-0.0 -100.0 
-0.0 -100.0 
-0.0 -100.0 
-0.0 -100.0 
-0.0 -100.0 
-0.0 -100.0 
-0.0 -100.0 
-0.6937064739375549 -100.0 3:1.0 
-0.0 -100.0 
-0.0 -100.0 
-0.0 -100.0 
-0.0 -100.0 
-0.0 -100.0 
-0.6936647837116178 -100.0 122:1.0 
-1.5454114626998614 -2.2390694218312053 13:1.0 75:1.0 
-0.0 -100.0 
-0.0 -0.16764958170876976 60:1.0 
-0.0 -100.0 
-0.0 -100.0 
-0.0 -100.0 
-0.0 -100.0 
-0.0 -100.0 
-0.0 -100.0 
-100.0 -100.0 89:1.0 
-0.0 -100.0 
-0.0 -100.0 
-0.0 -100.0 
-0.0 -100.0 
-3.1183225140607127 -1.254920075964172 101:1.0 105:1.0 
-0.0 -100.0 
-0.0 -100.0 
-0.0 -100.0 
-0.0 -100.0 
-0.0 -100.0 
-0.0 -100.0 
-0.0 -100.0 
-0.0 -100.0 
-0.0 -100.0 
-0.0 -0.06870480895097318 109:1.0 
-0.0 -100.0 
-0.0 -100.0 
-0.0 -100.0 
-0.0 -100.0 
-100.0 -100.0 3:1.0 
-0.0 -100.0 
-0.0 -100.0 
-0.0 -100.0 
-0.0 -100.0 
-0.0 -100.0 
-0.0 -100.0 
-0.0 -100.0 
-0.0 -1.6632631676579324 9:1.0 
-0.6934355750326278 -100.0 90:1.0 
-0.0 -100.0 
-0.0 -100.0 
-0.0 -100.0 
-0.0 -100.0 
-0.0 -100.0 
-0.0 -100.0 
-0.0 -100.0 98:1.0 
-10.290683311490188 -100.0 
-100.0 -100.0 
-100.0 -100.0 
-100.0 -100.0 
-0.0 -100.0 29:1.0 
-100.0 -100.0 
-1.4554004770243993 -1.5124131181579539 5:1.0 6:1.0 
-100.0 -100.0 
-0.0 -2.239990157113403 56:1.0 
-0.6937470601110357 -1.7181461365232444 34:1.0 
-100.0 -100.0 
-100.0 -100.0 
-100.0 -100.0 
-0.611450567340914 -0.9908857383539114 16:1.0 19:1.0 71:1.0 
-100.0 -100.0 
-100.0 -100.0 
-100.0 -100.0 
-100.0 -100.0 
-0.6937649052393146 -100.0 63:1.0 
-100.0 -100.0 
-100.0 -100.0 
-100.0 -100.0 
-100.0 -100.0 
-100.0 -100.0 
-100.0 -100.0 
-1.0461480228053908 -1.8315412010125873 14:1.0 35:1.0 71:1.0 
-100.0 -100.0 
-100.0 -100.0 
-100.0 -100.0 
-100.0 -100.0 
-0.0 -0.6410017163882015 23:1.0 
-0.0 -0.06412798589111444 47:1.0 
-0.6936868323328763 -100.0 98:1.0 
-5.651702141987945E-4 -0.0 109:1.0 
-0.6938762029698298 -100.0 30:1.0 
-100.0 -100.0 
-100.0 -100.0 8:1.0 
-100.0 -100.0 
-100.0 -100.0 
-100.0 -100.0 
-100.0 -100.0 
-100.0 -100.0 
-100.0 -100.0 
-1.1293762813711832 -100.0 86:1.0 
-100.0 -100.0 
-100.0 -100.0 
-100.0 -100.0 
-100.0 -100.0 
-100.0 -100.0 
-1.1337630010638404 -100.0 29:1.0 
-100.0 -100.0 
-100.0 -100.0 
-100.0 -100.0 
-100.0 -100.0 
-1.4920857209356992 -1.1374212283487815 28:1.0 101:1.0 
-100.0 -100.0 
-100.0 -100.0 
-100.0 -100.0 103:1.0 
-100.0 -100.0 
-100.0 -100.0 
-0.1445571382339693 -100.0 28:1.0 
-100.0 -100.0 
-0.0 -0.15919816128375203 26:1.0 99:1.0 132:1.0 
-0.0 -2.1755794698795876 47:1.0 
-100.0 -100.0 
-100.0 -100.0 
-100.0 -100.0 
-100.0 -100.0 
-0.6937470601110357 -100.0 44:1.0 
-100.0 -100.0 
-100.0 -100.0 
-100.0 -100.0 
-100.0 -100.0 
-100.0 -100.0 
-100.0 -100.0 
-0.6936467286533379 -100.0 57:1.0 
-8.401579474225042E-4 -100.0 31:1.0 
-99.99266396091406 -100.0 
-0.6526619219692096 -2.1855756902477697 59:1.0 
-100.0 -100.0 
-100.0 -100.0 
-100.0 -100.0 
-1.4551765429237191 -1.8310861007600878 19:1.0 84:1.0 
-100.0 -100.0 
-100.0 -100.0 
-6.248573813168911E-4 -0.15501372648348533 20:1.0 45:1.0 125:1.0 
-100.0 -100.0 
-0.0 -0.3736573265386657 77:1.0 
-100.0 -100.0 
-100.0 -100.0 
-100.0 -100.0 
-100.0 -100.0 
-0.6625046386115563 -1.512014307773969 5:1.0 88:1.0 
-100.0 -100.0 
-100.0 -100.0 
-100.0 -1.5711753779300168 37:1.0 
-100.0 -100.0 
-0.00190782417792269 -0.48515762029300114 93:1.0 
-100.0 -100.0 
-0.0 -2.720762110263581 77:1.0 
-100.0 -100.0 
-100.0 -100.0 
-100.0 -100.0 
-100.0 -100.0 
-100.0 -100.0 
-0.0 -2.762375693860556 79:1.0 
-100.0 -100.0 
-100.0 -100.0 
-100.0 -100.0 
-0.0 -0.32935054928051977 74:1.0 
-100.0 -100.0 
-100.0 -100.0 
-100.0 -100.0 
-0.0 -100.0 114:1.0 118:1.0 127:1.0 
-1.2632675634671695 -1.0797981984661293 29:1.0 37:1.0 108:1.0 
-0.0 -99.98727110492193 78:1.0 
-100.0 -100.0 
-100.0 -100.0 
-0.693769624628859 -100.0 50:1.0 
-100.0 -100.0 
-0.0 -100.0 43:1.0 
-100.0 -100.0 
-100.0 -100.0 
-100.0 -100.0 
-100.0 -100.0 
-100.0 -100.0 
-100.0 -100.0 
-100.0 -0.8663179698583788 15:1.0 67:1.0 
-100.0 -100.0 
-0.820054571972199 -1.083264467519204 9:1.0 59:1.0 113:1.0 115:1.0 
-100.0 -100.0 
-100.0 -100.0 
-100.0 -100.0 
-100.0 -100.0 
-100.0 -100.0 
-100.0 -100.0 
-100.0 -100.0 
-100.0 -100.0 
-100.0 -100.0 
-100.0 -100.0 
-100.0 -100.0 
-100.0 -100.0 
-100.0 -100.0 
-100.0 -100.0 
-100.0 -100.0 
-100.0 -100.0 
-100.0 -100.0 
-1.2892158741807644 -100.0 53:1.0 
-100.0 -100.0 
-100.0 -100.0 
-100.0 -100.0 
-100.0 -100.0 
-0.6931166524845561 -100.0 31:1.0 
-0.1446747502154797 -100.0 95:1.0 
-100.0 -100.0 
-100.0 -100.0 
-100.0 -100.0 
-100.0 -100.0 
-100.0 -100.0 
-100.0 -100.0 
-100.0 -100.0 
-100.0 -100.0 
-0.6937538489245074 -100.0 56:1.0 
-0.5079115821984221 -1.5292986546627176 29:1.0 115:1.0 
-100.0 -100.0 
-100.0 -100.0 
-100.0 -100.0 
-100.0 -100.0 
-100.0 -100.0 
-0.9301592596923948 -1.254946729714344 48:1.0 71:1.0 
-1.5002910129293467 -100.0 43:1.0 
-100.0 -100.0 
-0.5121247260901647 -100.0 47:1.0 
-100.0 -100.0 
-100.0 -100.0 
-100.0 -100.0 
-100.0 -2.602021876573646 64:1.0 
-100.0 -100.0 
-0.6529415130844463 -100.0 9:1.0 
-100.0 -100.0 
-100.0 -100.0 
-100.0 -100.0 
-100.0 -2.229646664260092 1:1.0 
-100.0 -100.0 
-100.0 -100.0 
-100.0 -100.0 
-100.0 -100.0 
-100.0 -100.0 
-100.0 -100.0 
-100.0 -100.0 
-100.0 -100.0 
-100.0 -100.0 
-100.0 -100.0 
-100.0 -100.0 
-100.0 -100.0 
-100.0 -100.0 
-100.0 -100.0 
-100.0 -100.0 
-100.0 -100.0 
-100.0 -100.0 
-0.0 -100.0 113:1.0 
-100.0 -100.0 
-100.0 -100.0 
-100.0 -100.0 
-100.0 -1.7168963656714438 4:1.0 
-100.0 -100.0 
-100.0 -100.0 
-0.6940200609643117 -100.0 12:1.0 
-100.0 -100.0 
-100.0 -100.0 
-0.8363904798688717 -1.2544840319013957 10:1.0 55:1.0 
-0.0 -100.0 113:1.0 
-100.0 -100.0 
-100.0 -100.0 
-100.0 -100.0 
-100.0 -100.0 
-100.0 -100.0 
-100.0 -100.0 
-100.0 -100.0 
-100.0 -100.0 
-100.0 -100.0 
-100.0 -100.0 
-100.0 -1.1025423369117293 54:1.0 
-100.0 -100.0 85:1.0 
-0.6933527155095579 -100.0 78:1.0 
-100.0 -100.0 
-99.83535713830587 -100.0 43:1.0 
-0.9033555882823054 -1.169889510758878 16:1.0 26:1.0 76:1.0 99:1.0 129:1.0 132:1.0 
-0.6925663185940025 -2.6079111842830662 93:1.0 
-100.0 -100.0 
-100.0 -100.0 
-100.0 -100.0 
-100.0 -100.0 
-100.0 -100.0 
-100.0 -100.0 
-0.6939055989885171 -100.0 79:1.0 
-100.0 -100.0 
-0.6942145686008414 -100.0 11:1.0 117:1.0 
-100.0 -100.0 
-0.6939055989885171 -3.327571764574367 80:1.0 
-100.0 -100.0 
-100.0 -100.0 
-100.0 -100.0 
-100.0 -100.0 
-0.0 -1.2310040175600534 60:1.0 
-100.0 -100.0 
-0.4940429002442901 -100.0 47:1.0 60:1.0 
-0.6936964280910879 -100.0 36:1.0 
-100.0 -100.0 
-100.0 -100.0 
-100.0 -100.0 
-100.0 -100.0 
-100.0 -100.0 
-100.0 -100.0 
-100.0 -100.0 
-100.0 -100.0 
-100.0 -100.0 
-100.0 -100.0 
-100.0 -100.0 
-0.6937571881897685 -100.0 22:1.0 
-100.0 -100.0 
-100.0 -100.0 
-1.114007791213408 -1.5928341188131712 20:1.0 45:1.0 125:1.0 
-100.0 -100.0 
-100.0 -100.0 
-100.0 -100.0 
-100.0 -100.0 
-100.0 -0.837256092364262 101:1.0 
-0.9046153275043344 -100.0 114:1.0 118:1.0 127:1.0 
-100.0 -100.0 
-100.0 -100.0 
-100.0 -100.0 
-100.0 -100.0 
-100.0 -100.0 
-100.0 -100.0 
-100.0 -100.0 
-1.5890300866950895 -100.0 77:1.0 
-1.5479895156705343 -1.1325410235760807 54:1.0 61:1.0 110:1.0 
-100.0 -100.0 
-100.0 -100.0 
-100.0 -100.0 
-0.0 -100.0 5:1.0 
-0.43624132903382995 -1.8742882741115516 16:1.0 19:1.0 
-100.0 -100.0 
-1.492094022055154 -1.2550171012496467 54:1.0 95:1.0 
-100.0 -100.0 86:1.0 
-100.0 -100.0 
-100.0 -100.0 47:1.0 
-100.0 -100.0 
-100.0 -100.0 
-100.0 -100.0 
-0.14508283770695654 -1.255747973186158 65:1.0 
-100.0 -100.0 
-100.0 -100.0 
-100.0 -100.0 
-100.0 -100.0 
-100.0 -100.0 
-100.0 -100.0 45:1.0 
-100.0 -100.0 
-100.0 -100.0 
-100.0 -100.0 
-100.0 -100.0 
-100.0 -100.0 
-100.0 -100.0 
-100.0 -100.0 
-100.0 -100.0 
-100.0 -100.0 
-100.0 -100.0 
-100.0 -100.0 
-100.0 -100.0 
-1.545173647329675 -1.8437029875104496 2:1.0 91:1.0 
-100.0 -100.0 
-100.0 -100.0 
-0.0 -1.6890253619346396 109:1.0 
-1.4783086873017945 -0.8657236053277889 60:1.0 72:1.0 
-100.0 -100.0 
-0.6938043376450337 -100.0 68:1.0 
-0.8010565297913426 -100.0 39:1.0 94:1.0 
-100.0 -100.0 
-100.0 -100.0 
-100.0 -100.0 
-100.0 -100.0 
-100.0 -100.0 
-100.0 -100.0 
-100.0 -100.0 
-0.001379119827560947 -0.0 38:1.0 
-100.0 -100.0 
-100.0 -100.0 
-100.0 -100.0 
-100.0 -100.0 
-100.0 -100.0 
-0.6936119855736065 -0.0 74:1.0 
-0.5850755445810013 -100.0 73:1.0 
-100.0 -100.0 
-100.0 -100.0 
-100.0 -100.0 
-100.0 -100.0 
-100.0 -100.0 
-100.0 -100.0 
-100.0 -100.0 
-100.0 -100.0 
-100.0 -100.0 8:1.0 
-100.0 -100.0 
-100.0 -100.0 
-100.0 -100.0 
-100.0 -100.0 
-100.0 -100.0 
-100.0 -100.0 77:1.0 
-100.0 -100.0 
-100.0 -100.0 
-100.0 -100.0 
-100.0 -100.0 
-100.0 -100.0 
-100.0 -100.0 
-1.4919554833666973 -1.2549064251289876 25:1.0 65:1.0 
-0.6938804234036432 -100.0 70:1.0 
-100.0 -100.0 
-100.0 -1.387997101607011 74:1.0 
-100.0 -100.0 
-100.0 -100.0 
-100.0 -100.0 
-100.0 -100.0 
-100.0 -100.0 
-100.0 -100.0 
-100.0 -100.0 
-100.0 -100.0 
-0.0 -2.8450508961561116 23:1.0 
-100.0 -100.0 
-100.0 -100.0 
-100.0 -100.0 
-100.0 -100.0 
-100.0 -100.0 13:1.0 
-100.0 -100.0 
-0.46585962238293327 -100.0 115:1.0 
-100.0 -100.0 
-100.0 -100.0 
-100.0 -100.0 
-100.0 -100.0 
-0.8597512524782821 -1.0109035658038998 26:1.0 99:1.0 132:1.0 
-100.0 -100.0 
-99.90229384245364 -100.0 77:1.0 
-100.0 -100.0 
-100.0 -100.0 
-100.0 -100.0 
-100.0 -100.0 
-100.0 -100.0 
-100.0 -100.0 
-100.0 -100.0 
-100.0 -100.0 
-100.0 -100.0 
-100.0 -100.0 
-100.0 -100.0 
-100.0 -100.0 
-100.0 -100.0 
-100.0 -100.0 
-100.0 -100.0 
-100.0 -100.0 
-100.0 -100.0 
-100.0 -100.0 
-0.6935026818475665 -100.0 42:1.0 
-100.0 -100.0 
-100.0 -100.0 
-100.0 -100.0 
-100.0 -100.0 
-100.0 -100.0 
-100.0 -100.0 
-0.6937237591561073 -100.0 23:1.0 
-100.0 -100.0 
-0.9295627511995412 -100.0 27:1.0 
-100.0 -100.0 
-0.6929806253606032 -2.26944518985403 38:1.0 
-100.0 -100.0 
-100.0 -100.0 
-100.0 -100.0 
-0.12724375374644176 -100.0 71:1.0 
-1.564551042973548 -1.3984517569174977 15:1.0 
-100.0 -100.0 
-100.0 -100.0 
-100.0 -100.0 
-100.0 -100.0 
-0.0 -100.0 109:1.0 
-100.0 -100.0 
-0.6526236582711455 -100.0 113:1.0 
-0.6933398322467997 -100.0 109:1.0 
-100.0 -1.2255457693758895 20:1.0 45:1.0 58:1.0 92:1.0 104:1.0 124:1.0 125:1.0 126:1.0 128:1.0 
-100.0 -100.0 
-0.801468128724703 -1.5355772401998498 40:1.0 73:1.0 94:1.0 
-100.0 -100.0 
-100.0 -100.0 
-100.0 -100.0 
-100.0 -100.0 
-100.0 -100.0 
-100.0 -100.0 81:1.0 
-100.0 -100.0 
-100.0 -100.0 
-100.0 -100.0 
-100.0 -100.0 
-100.0 -100.0 
-100.0 -100.0 
-100.0 -100.0 
-100.0 -100.0 
-95.61222111001605 -100.0 
