svm_type c_svc
kernel_type rbf
gamma 1.0
nr_class 3
total_sv 1542
rho 0.9930713723548892 0.9890834939091071 -0.992105486185583
label 2 0 1
nr_sv 419 586 537
SV
0.01 0.01 
0.01 0.01 
0.01 0.01 
0.01 0.01 45:1.0 58:1.0 104:1.0 116:1.0 126:1.0 128:1.0 
0.01 0.01 
0.01 0.01 61:1.0 86:1.0 
0.01 0.01 
0.01 0.01 
0.01 0.01 
0.01 0.01 
0.01 0.01 
0.01 0.01 
0.01 0.01 
0.01 0.01 
0.01 0.01 
0.01 0.01 27:1.0 101:1.0 105:1.0 
0.01 0.01 84:1.0 
0.01 0.01 
0.01 0.01 
0.01 0.01 
0.01 0.01 
0.01 0.01 
0.01 0.01 18:1.0 
0.01 0.01 
0.01 0.01 
0.01 0.01 
0.01 0.01 
0.01 0.01 
0.01 0.01 
0.01 0.01 
0.01 0.01 
0.01 0.01 
0.01 0.01 
0.01 0.01 
0.01 0.01 
0.01 0.01 
0.01 0.01 
0.01 0.01 
0.01 0.01 
0.01 0.01 
0.01 0.01 4:1.0 
0.01 0.01 
0.01 0.01 45:1.0 58:1.0 104:1.0 116:1.0 126:1.0 128:1.0 
0.01 0.01 
0.01 0.01 
0.01 0.01 
0.01 0.01 
0.01 0.01 
0.01 0.01 
0.01 0.01 
0.01 0.01 
0.01 0.01 
0.01 0.01 61:1.0 
0.01 0.01 
0.01 0.01 
0.01 0.01 
0.01 0.01 32:1.0 
0.01 0.01 
0.01 0.01 
0.01 0.01 
0.01 0.01 81:1.0 
0.01 0.01 
0.01 0.01 
0.01 0.01 
0.01 0.01 
0.01 0.01 72:1.0 
0.01 0.01 8:1.0 
0.01 0.01 86:1.0 
0.01 0.01 
0.01 0.01 
0.01 0.01 20:1.0 45:1.0 58:1.0 92:1.0 104:1.0 124:1.0 125:1.0 126:1.0 128:1.0 
0.01 0.01 6:1.0 116:1.0 
0.01 0.01 
0.01 0.01 
0.01 0.01 
0.01 0.01 6:1.0 
0.01 0.01 
0.01 0.01 3:1.0 
0.01 0.01 
0.01 0.01 
0.01 0.01 
0.01 0.01 
0.01 0.01 
0.01 0.01 
0.01 0.01 
0.01 0.01 
0.01 0.01 
0.01 0.01 
0.01 0.01 
0.01 0.01 
0.01 0.01 72:1.0 101:1.0 
0.01 0.01 110:1.0 
0.01 0.01 20:1.0 45:1.0 58:1.0 92:1.0 104:1.0 124:1.0 125:1.0 126:1.0 128:1.0 
0.01 0.01 
0.01 0.01 110:1.0 
0.01 0.01 
0.01 0.01 
0.01 0.01 4:1.0 91:1.0 
0.01 0.01 
0.01 0.01 
0.01 0.01 
0.01 0.01 
0.01 0.01 
0.01 0.01 72:1.0 
0.01 0.01 
0.01 0.01 
0.01 0.01 
0.01 0.01 81:1.0 
0.01 0.01 
0.01 0.01 
0.01 0.01 
0.01 0.01 
0.01 0.01 
0.01 0.01 
0.01 0.01 
0.01 0.01 35:1.0 
0.01 0.01 58:1.0 
0.01 0.01 
0.01 0.01 
0.01 0.01 
0.01 0.01 
0.01 0.01 116:1.0 
0.01 0.01 
0.01 0.01 
0.01 0.01 
0.01 0.01 52:1.0 
0.01 0.01 
0.01 0.01 
0.01 0.01 
0.01 0.01 
0.01 0.01 
0.01 0.01 
0.01 0.01 
0.01 0.01 
0.01 0.01 
0.01 0.01 
0.01 0.01 
0.01 0.01 
0.01 0.01 
0.01 0.01 
0.01 0.01 
0.01 0.01 
0.01 0.01 
0.01 0.01 85:1.0 
0.01 0.01 
0.01 0.01 
0.01 0.01 
0.01 0.01 
0.01 0.01 
0.01 0.01 
0.01 0.01 
0.01 0.01 
0.01 0.01 
0.01 0.01 
0.01 0.01 101:1.0 
0.01 0.01 
0.01 0.01 
0.01 0.01 
0.01 0.01 
0.01 0.01 1:1.0 
0.01 0.01 77:1.0 
0.01 0.01 1:1.0 53:1.0 
0.01 0.01 54:1.0 
0.01 0.01 
0.01 0.01 6:1.0 
0.01 0.01 
0.01 0.01 
0.01 0.01 15:1.0 67:1.0 
0.01 0.01 107:1.0 
0.01 0.01 54:1.0 
0.01 0.01 29:1.0 77:1.0 
0.01 0.01 
0.01 0.01 
0.01 0.01 47:1.0 
0.01 0.01 
0.01 0.01 108:1.0 
0.01 0.01 18:1.0 
0.01 0.01 
0.01 0.01 
0.01 0.01 
0.01 0.01 
0.01 0.01 25:1.0 
0.01 0.01 
0.01 0.01 
0.01 0.01 
0.01 0.01 
0.01 0.01 13:1.0 45:1.0 104:1.0 128:1.0 
0.01 0.01 
0.01 0.01 
0.01 0.01 
0.01 0.01 
0.01 0.01 
0.01 0.01 
0.01 0.01 
0.01 0.01 
0.01 0.01 
0.01 0.01 37:1.0 
0.01 0.01 
0.01 0.01 
0.01 0.01 
0.01 0.01 
0.01 0.01 13:1.0 
0.01 0.01 
0.01 0.01 
0.01 0.01 
0.01 0.01 
0.01 0.01 
0.01 0.01 
0.01 0.01 
0.01 0.01 
0.01 0.01 101:1.0 
0.01 0.01 105:1.0 
0.01 0.01 
0.01 0.01 45:1.0 
0.01 0.01 
0.01 0.01 72:1.0 
0.01 0.01 
0.01 0.01 
0.01 0.01 
0.01 0.01 
0.01 0.01 13:1.0 
0.01 0.01 
0.01 0.01 
0.01 0.01 61:1.0 
0.01 0.01 
0.01 0.01 103:1.0 
0.01 0.01 
0.01 0.01 67:1.0 
0.01 0.01 
0.01 0.01 48:1.0 
0.01 0.01 
0.01 0.01 
0.01 0.01 82:1.0 121:1.0 
0.01 0.01 
0.01 0.01 
0.01 0.01 37:1.0 
0.01 0.01 8:1.0 
0.01 0.01 
0.01 0.01 58:1.0 91:1.0 92:1.0 120:1.0 124:1.0 
0.01 0.01 
0.01 0.01 
0.01 0.01 4:1.0 58:1.0 120:1.0 
0.01 0.01 43:1.0 48:1.0 
0.01 0.01 
0.01 0.01 
0.01 0.01 
0.01 0.01 45:1.0 
0.01 0.01 
0.01 0.01 43:1.0 
0.01 0.01 103:1.0 
0.01 0.01 
0.01 0.01 
0.01 0.01 
0.01 0.01 
0.01 0.01 
0.01 0.01 77:1.0 
0.01 0.01 
0.01 0.01 
0.01 0.01 
0.01 0.01 
0.01 0.01 
0.01 0.01 
0.01 0.01 
0.01 0.01 91:1.0 
0.01 0.01 
0.01 0.01 
0.01 0.01 64:1.0 
0.01 0.01 
0.01 0.01 
0.01 0.01 
0.01 0.01 
0.01 0.01 35:1.0 
0.01 0.01 17:1.0 52:1.0 
0.01 0.01 
0.01 0.01 
0.01 0.01 17:1.0 
0.01 0.01 17:1.0 
0.01 0.01 
0.01 0.01 
0.01 0.01 
0.01 0.01 
0.01 0.01 
0.01 0.01 
0.01 0.01 
0.01 0.01 103:1.0 
0.01 0.01 
0.01 0.01 
0.01 0.01 
0.01 0.01 
0.01 0.01 52:1.0 102:1.0 
0.01 0.01 
0.01 0.01 
0.01 0.01 
0.01 0.01 
0.01 0.01 
0.01 0.01 
0.01 0.01 108:1.0 
0.01 0.01 103:1.0 
0.01 0.01 
0.01 0.01 
0.01 0.01 101:1.0 
0.01 0.01 
0.01 0.01 
0.01 0.01 
0.01 0.01 
0.01 0.01 
0.01 0.01 81:1.0 105:1.0 
0.01 0.01 
0.01 0.01 
0.01 0.01 
0.01 0.01 
0.01 0.01 
0.01 0.01 
0.01 0.01 
0.01 0.01 
0.01 0.01 
0.01 0.01 
0.01 0.01 
0.01 0.01 61:1.0 
0.01 0.01 
0.01 0.01 
0.01 0.01 52:1.0 
0.01 0.01 100:1.0 
0.01 0.01 
0.01 0.01 
0.01 0.01 
0.01 0.01 
0.01 0.01 
0.01 0.01 
0.01 0.01 
0.01 0.01 
0.01 0.01 10:1.0 
0.01 0.01 
0.01 0.01 107:1.0 
0.01 0.01 
0.01 0.01 
0.01 0.01 
0.01 0.01 
0.01 0.01 
0.01 0.01 
0.01 0.01 101:1.0 
0.01 0.01 
0.01 0.01 
0.01 0.01 
0.01 0.01 
0.01 0.01 
0.01 0.01 
0.01 0.01 
0.01 0.01 
0.01 0.01 
0.01 0.01 
0.01 0.01 
0.01 0.01 
0.01 0.01 
0.01 0.01 
0.01 0.01 
0.01 0.01 
0.01 0.01 
0.01 0.01 
0.01 0.01 
0.01 0.01 
0.01 0.01 
0.01 0.01 
0.01 0.01 
0.01 0.01 
0.01 0.01 
0.01 0.01 
0.01 0.01 
0.01 0.01 
0.01 0.01 25:1.0 
0.01 0.01 
0.01 0.01 
0.01 0.01 
0.01 0.01 
0.01 0.01 
0.01 0.01 
0.01 0.01 
0.01 0.01 
0.01 0.01 15:1.0 62:1.0 
0.01 0.01 
0.01 0.01 
0.01 0.01 
0.01 0.01 
0.01 0.01 
0.01 0.01 
0.01 0.01 
0.01 0.01 
0.01 0.01 
0.01 0.01 
0.01 0.01 
0.01 0.01 
0.01 0.01 
0.01 0.01 
0.01 0.01 
0.01 0.01 
0.01 0.01 62:1.0 
0.01 0.01 
0.01 0.01 
0.01 0.01 
0.01 0.01 
0.01 0.01 
0.01 0.01 
0.01 0.01 89:1.0 
0.01 0.01 
0.01 0.01 15:1.0 67:1.0 
0.01 0.01 
0.01 0.01 
0.01 0.01 
0.01 0.01 
0.01 0.01 74:1.0 
0.01 0.01 
0.01 0.01 
0.01 0.01 
0.01 0.01 
0.01 0.01 
0.01 0.01 
0.01 0.01 
0.01 0.01 
0.01 0.01 
-0.001481593166145552 0.01 47:1.0 
-0.0016545438718707662 0.0026983178191141597 41:1.0 
-0.01 0.01 86:1.0 
-0.004397566636965318 0.005067028911894395 73:1.0 98:1.0 
-0.004308600370383558 0.005089021423666551 7:1.0 63:1.0 
-0.006432262235398834 0.007089005097470093 66:1.0 123:1.0 
-0.003299274173873249 0.006753382905361087 80:1.0 113:1.0 
-0.004821508449286526 0.01 3:1.0 
-0.0 0.01 109:1.0 
-0.004802263780362301 0.00933939726367535 55:1.0 
-0.005080110149788896 0.01 47:1.0 60:1.0 
-0.0 0.01 20:1.0 41:1.0 45:1.0 125:1.0 
-0.01 0.0 107:1.0 
-0.01 0.0 35:1.0 
-0.00506530871590846 0.0073343697544830085 11:1.0 114:1.0 118:1.0 127:1.0 
-0.00490590639179182 0.01 9:1.0 
-0.007511545673308973 0.006414803343140327 53:1.0 58:1.0 91:1.0 120:1.0 
-0.0 0.005558836467872176 53:1.0 
-0.003090193792711416 0.01 56:1.0 
-0.006310431807334492 0.004273306264772595 20:1.0 41:1.0 45:1.0 125:1.0 
-0.0 0.01 71:1.0 
-0.01 0.0054435487762478875 116:1.0 
-0.01 0.01 45:1.0 
-0.01 0.00933939726367535 25:1.0 
-0.003066405196031111 0.01 117:1.0 
-0.0 0.01 23:1.0 
-0.0024488388666504663 0.0 13:1.0 
-0.0 0.01 31:1.0 
-0.003913848612530383 0.0026308467575784284 8:1.0 
-0.01 0.009339397263675286 6:1.0 
-0.0 0.0035207258323896855 12:1.0 
-0.0 0.0057844814894156505 57:1.0 
-0.003481845597195431 0.0031909105221008174 96:1.0 113:1.0 
-0.004185802648828895 0.005520129471871737 40:1.0 114:1.0 
-0.00489778281808926 0.0061665344293128956 16:1.0 71:1.0 76:1.0 129:1.0 
-0.005681393845472714 0.0038683535954889122 62:1.0 102:1.0 
-0.01 0.006940982839364662 61:1.0 
-0.0040958001247485085 0.01 11:1.0 117:1.0 
-0.01 0.01 8:1.0 
-0.0 0.005871469500828628 90:1.0 
-0.0 0.00278993282441494 44:1.0 
-0.0 0.0032466170946389133 42:1.0 
-0.0032960201905786485 0.01 77:1.0 
-0.004473255382514053 0.005102673682807465 40:1.0 71:1.0 
-0.0 0.01 78:1.0 
-0.01 0.01 47:1.0 
-0.004127838859130931 0.006479274167610315 21:1.0 115:1.0 
-0.0034819074724460625 0.004477688876872783 7:1.0 113:1.0 
-0.004433462958186926 0.01 23:1.0 93:1.0 
-0.004924677190948942 0.01 19:1.0 
-0.01 0.0 81:1.0 
-0.0 0.0024260673783350114 98:1.0 
-0.0 0.01 
-0.01 0.01 103:1.0 
-0.0 0.01 
-0.0 0.01 
-0.01 0.0024155812925804572 107:1.0 
-0.004089724699713068 0.01 2:1.0 79:1.0 
-0.0 0.01 
-0.0 0.01 
-0.0 0.01 
-0.0 0.01 
-0.0032704198671688234 0.01 12:1.0 
-0.0 0.01 
-0.0 0.01 
-0.0 0.01 
-0.008930364505795697 0.00721006717558506 44:1.0 84:1.0 
-0.0 0.01 
-0.0 0.0017726811276593008 68:1.0 
-0.0 0.01 
-0.0 0.01 
-0.0 0.01 
-0.0 0.01 
-0.00162851517935696 0.0012244394651574585 21:1.0 
-0.0 0.01 
-0.0 0.01 
-0.0 0.01 
-0.0 0.01 98:1.0 
-0.0 0.01 
-0.0 0.01 
-0.0 0.01 
-0.0 0.01 
-0.0 0.01 
-0.0 0.01 
-0.0 0.01 
-0.0 0.01 
-0.0 0.01 43:1.0 
-0.0 0.01 
-0.0 0.01 113:1.0 
-0.0 0.01 
-0.0 0.01 
-0.01 0.01 13:1.0 
-0.0 0.01 73:1.0 
-0.004084943875667523 0.01 2:1.0 47:1.0 
-0.0 0.01 
-0.0034259929657262716 0.004020100826030222 50:1.0 71:1.0 
-0.004106536852030139 0.01 39:1.0 94:1.0 
-0.0 0.01 
-0.0 0.01 
-0.01 0.0060725288381823705 81:1.0 
-0.0 0.01 
-0.0 0.01 
-0.0 0.01 114:1.0 118:1.0 127:1.0 
-0.0 0.01 
-0.0 0.01 
-0.0 0.01 
-0.0 0.01 
-0.0 0.01 
-0.0 0.01 
-0.0 0.01 
-0.01 0.01 3:1.0 
-0.0 0.01 
-0.0 0.01 
-0.0 0.01 
-0.0 0.01 
-0.008230731531886158 0.008767920131514912 34:1.0 45:1.0 58:1.0 92:1.0 104:1.0 124:1.0 126:1.0 128:1.0 
-0.0 0.01 
-0.003355655333238558 0.004073051163568763 95:1.0 113:1.0 
-0.0 0.01 
-0.0 0.01 
-0.0 0.01 
-0.0 0.01 
-0.01 0.01 
-0.01 0.01 
-0.01 0.01 
-0.004104492183060241 0.005731778589553202 42:1.0 63:1.0 
-0.01 0.01 10:1.0 62:1.0 
-0.01 0.01 
-0.01 0.01 
-0.01 0.01 
-0.01 0.01 
-0.01 0.01 
-0.004497334651635357 0.01 109:1.0 
-0.0 0.005805627426445638 36:1.0 
-0.01 0.01 
-0.01 0.01 
-0.01 0.01 
-0.01 0.01 
-0.01 0.01 
-0.0 0.01 113:1.0 
-0.01 0.01 
-0.01 0.01 
-0.01 0.01 
-0.01 0.01 
-0.01 0.01 
-0.01 0.01 
-0.01 0.01 
-0.01 0.01 
-0.01 0.01 
-0.01 0.01 
-0.01 0.01 
-0.004892265273162756 0.006172355017914639 24:1.0 49:1.0 69:1.0 83:1.0 97:1.0 112:1.0 121:1.0 130:1.0 131:1.0 133:1.0 
-0.01 0.01 
-0.01 0.01 
-0.01 0.01 
-0.01 0.01 
-0.004759822405069109 0.01 93:1.0 96:1.0 
-0.01 0.01 
-0.01 0.01 
-0.01 0.01 
-0.01 0.01 
-0.01 0.01 
-0.01 0.01 
-0.01 0.01 
-0.01 0.01 
-0.01 0.01 
-0.01 0.01 
-0.01 0.01 
-0.01 0.01 
-0.0014858929460321408 0.01 63:1.0 
-0.01 0.01 
-0.01 0.01 
-0.01 0.01 
-0.01 0.01 
-0.01 0.01 
-0.01 0.01 
-0.005295246789006291 0.0 32:1.0 
-0.01 0.01 
-0.01 0.01 
-0.01 0.01 
-0.006070891834255639 0.01 62:1.0 73:1.0 83:1.0 109:1.0 
-0.01 0.01 
-0.01 0.01 
-0.01 0.01 
-0.01 0.01 
-0.01 0.01 
-0.01 0.01 
-0.0031291362350711 0.01 68:1.0 
-0.01 0.01 
-0.01 0.01 
-0.01 0.01 
-0.01 0.01 
-0.01 0.01 
-0.01 0.01 
-0.01 0.01 
-0.01 0.01 
-0.01 0.01 
-0.0014187217606281895 0.00191810737556257 39:1.0 
-0.01 0.01 
-0.01 0.01 
-0.0 0.005840498983095783 122:1.0 
-0.01 0.01 
-0.01 0.01 
-0.007961507516668465 0.01 86:1.0 
-0.01 0.01 
-0.01 0.01 
-0.01 0.01 
-0.01 0.01 
-0.01 0.01 
-0.01 0.01 
-0.01 0.01 
-0.004811858283589928 0.008483739921031148 14:1.0 35:1.0 
-0.01 0.01 
-0.01 0.01 
-0.01 0.01 
-0.01 0.01 
-0.0 0.01 42:1.0 
-0.01 0.01 
-0.01 0.01 
-0.01 0.01 
-0.01 0.01 43:1.0 
-0.01 0.01 
-0.01 0.01 
-0.01 0.01 
-0.01 0.01 
-0.01 0.01 
-0.004222435838544383 0.008681979387619386 88:1.0 
-0.0 0.005660602736324665 27:1.0 
-0.01 0.01 
-0.01 0.01 
-0.01 0.01 
-0.01 0.01 
-0.01 0.0 62:1.0 
-0.00432332359792438 0.006492538266775594 111:1.0 115:1.0 
-0.01 0.01 
-0.01 0.01 
-0.01 0.01 
-0.01 0.01 
-0.01 0.01 
-0.01 0.01 
-0.0041881978434150004 0.0045575890946124645 12:1.0 111:1.0 
-0.01 0.01 
-0.01 0.01 
-0.01 0.006284437939310432 13:1.0 
-0.01 0.01 
-0.0014279167318044569 0.008392029687997215 71:1.0 
-0.0051349936354490215 0.009342059982112277 78:1.0 107:1.0 
-0.01 0.01 
-0.00432332359792438 0.005657940017887738 89:1.0 
-0.01 0.01 
-0.01 0.01 
-0.01 0.01 
-0.01 0.01 
-0.01 0.009339397263675414 105:1.0 
-0.01 0.01 
-0.01 0.01 
-0.00941309718064118 0.01 8:1.0 
-0.0016775669437864118 0.01 79:1.0 
-0.01 0.01 
-0.01 0.01 
-0.01 0.01 
-0.01 0.01 
-0.01 0.01 
-0.01 0.01 
-0.01 0.01 
-0.01 0.01 
-0.01 0.01 
-0.01 0.01 
-0.01 0.01 
-0.01 0.01 
-0.01 0.01 
-0.01 0.01 
-0.01 0.01 
-0.01 0.01 
-0.01 0.01 
-0.01 0.01 
-0.01 0.01 
-0.01 0.01 
-0.01 0.01 
-0.01 0.01 
-0.005115697101926204 0.01 31:1.0 
-0.004843338180407749 0.005754953807687191 85:1.0 
-0.01 0.01 
-0.01 0.01 
-0.01 0.01 
-0.01 0.01 
-0.01 0.01 
-0.01 0.01 
-0.01 0.01 
-0.01 0.01 
-0.01 0.01 
-0.01 0.01 
-0.01 0.01 
-0.01 0.01 
-0.01 0.01 
-0.01 0.01 
-0.01 0.01 
-0.01 0.01 
-0.01 0.01 
-0.01 0.01 
-0.01 0.01 
-0.004903837719723246 0.01 122:1.0 
-0.01 0.01 
-0.01 0.01 
-0.01 0.01 
-0.01 0.01 
-0.001892084013084729 0.01 98:1.0 
-0.01 0.01 
-0.01 0.01 
-0.0 0.007946037843013218 113:1.0 
-0.01 0.01 
-0.01 0.01 
-0.01 0.01 
-0.01 0.01 
-0.01 0.01 23:1.0 48:1.0 
-0.01 0.01 
-0.01 0.01 
-0.01 0.01 
-0.01 0.01 
-0.01 0.01 
-0.01 0.01 
-0.01 0.01 
-0.01 0.01 
-0.004813071012764452 0.005660602736324601 51:1.0 
-0.01 0.01 
-0.01 0.01 
-0.01 0.01 
-0.0 0.005578491037689325 30:1.0 
-0.0 0.01 95:1.0 
-0.01 0.01 
-0.01 0.01 
-0.01 0.01 
-0.01 0.01 
-0.01 0.01 
-0.01 0.01 
-0.01 0.01 
-0.01 0.01 1:1.0 33:1.0 
-0.01 0.01 
-0.01 0.01 
-0.01 0.01 
-0.01 0.01 
-0.01 0.01 
-0.01 0.01 
-0.005319007372612015 0.01 77:1.0 102:1.0 
-0.01 0.01 
-0.01 0.01 
-0.01 0.01 
-0.01 0.01 
-0.004377868013233706 0.01 36:1.0 
-0.01 0.01 
-0.003522320509610809 0.0037155620606895683 13:1.0 50:1.0 
-0.01 0.01 
-0.01 0.01 
-0.01 0.01 
-0.0 0.01 29:1.0 
-0.0034688182418557882 0.006809089477899183 94:1.0 
-0.01 0.01 
-0.0044673404345890655 0.007957029535270015 29:1.0 35:1.0 
-0.01 0.01 
-0.01 0.01 
-0.01 0.01 
-0.003132784017663828 0.01 42:1.0 
-0.007940499259133205 0.01 43:1.0 
-0.004608490981654767 0.00910902632024721 28:1.0 80:1.0 
-0.0030074752297574703 0.01 22:1.0 
-0.01 0.01 
-0.01 0.01 
-0.01 0.01 
-0.01 0.01 
-0.01 0.01 
-0.008345456128129234 0.005512393185934977 41:1.0 45:1.0 
-0.003567737764601166 0.004115777212098974 21:1.0 50:1.0 
-0.01 0.01 
-0.01 0.01 85:1.0 
-0.0069925247702425294 0.01 29:1.0 
-0.01 0.01 
-0.0011627500740721245 0.01 28:1.0 
-0.01 0.01 
-0.007728815792573269 0.01 53:1.0 
-0.01 0.01 
-0.01 0.01 
-0.01 0.01 
-0.01 0.01 
-0.01 0.01 38:1.0 108:1.0 
-0.01 0.01 
-0.01 0.01 
-0.01 0.01 
-0.004785739255842683 0.01 90:1.0 
-0.01 0.01 
-0.01 0.01 
-0.01 0.01 
-0.01 0.01 
-0.01 0.01 
-0.01 0.01 
-0.01 0.01 
-0.005186928987235548 0.005619500219640397 24:1.0 49:1.0 69:1.0 83:1.0 97:1.0 112:1.0 130:1.0 131:1.0 133:1.0 
-0.01 0.01 
-0.01 0.01 
-0.01 0.01 
-0.01 0.01 
-0.01 0.01 
-0.00365774278110403 0.0077671070791157735 95:1.0 
-0.01 0.01 
-0.004878539120126989 0.005968940629653128 119:1.0 
-0.0024662953792830766 0.003059017160635338 114:1.0 
-0.01 0.01 
-0.01 0.01 
-0.01 0.01 
-0.01 0.01 
-0.0041363053757329585 0.007369153242421572 8:1.0 80:1.0 
-0.01 0.01 
-0.01 0.01 
-0.01 0.01 
-0.005261619443942059 0.005587582788323487 87:1.0 
-0.01 0.01 77:1.0 
-0.01 0.01 
-0.01 0.01 
-0.008527402078492025 0.01 81:1.0 
-0.01 0.01 
-0.01 0.01 
-0.01 0.01 
-0.01 0.01 
-0.01 0.01 
-0.01 0.01 
-0.01 0.01 
-0.01 0.01 
-0.01 0.01 
-0.01 0.01 
-0.01 0.01 
-0.01 0.01 
-0.0056766764020756205 0.01 27:1.0 
-0.0042055066835843015 0.005171368497709664 16:1.0 76:1.0 129:1.0 
-0.01 0.005337403456624918 32:1.0 
-0.01 0.01 
-0.004101142703682425 0.01 56:1.0 68:1.0 
-0.01 0.01 
-0.01 0.01 
-0.01 0.01 
-0.01 0.01 
-0.01 0.01 
-0.01 0.01 89:1.0 
-0.01 0.01 
-0.01 0.01 
-0.002837359385970792 0.005271473460112392 11:1.0 
-0.01 0.01 
-0.005445639575898185 0.01 39:1.0 59:1.0 
-0.01 9.546059431145653E-4 35:1.0 
-0.01 0.01 
-0.001423565795612548 0.00213504969027769 7:1.0 
-0.004785739255842747 0.01 57:1.0 
-0.01 0.01 
-0.01 0.01 
-0.01 0.01 
-0.01 0.01 77:1.0 
-0.01 0.01 
-0.01 0.01 
-0.01 0.01 
-0.01 0.01 
-0.0 0.005452651554710276 70:1.0 
-0.01 0.01 
-0.01 0.01 
-0.001545161130403645 0.0020429704647299853 2:1.0 
-0.01 0.01 
-0.0 0.006192576257385524 50:1.0 
-0.01 0.01 
-0.01 0.01 
-0.01 0.01 
-0.01 0.01 
-0.004883852042476741 0.0056623631842864655 46:1.0 
-0.01 0.01 
-0.01 0.01 
-0.01 0.01 
-0.01 0.01 
-0.004318606154527286 0.01 5:1.0 
-0.01 0.01 
-0.01 0.01 
-0.01 0.01 
-0.004360815966500614 0.004252224924971103 13:1.0 111:1.0 
-0.01 0.01 
-0.01 0.01 
-0.01 0.01 
-0.01 0.01 
-0.01 0.01 
-0.01 0.01 
-0.0028076899987114576 0.0044774720298577245 33:1.0 50:1.0 
-0.01 0.01 
-0.01 0.01 
-0.01 0.01 
-0.01 0.01 
-0.01 0.01 
-0.01 0.01 
-0.004554360424101815 0.0 18:1.0 
-0.004342624393094467 0.01 16:1.0 
-0.01 0.01 
-0.01 0.01 
-0.01 0.01 
-0.01 0.01 
-0.01 0.01 
-0.01 0.01 
-0.01 0.01 
-0.01 0.01 
-0.01 0.01 
-0.01 0.01 
-0.01 0.01 
-0.01 0.01 
-0.0032950086835150365 0.01 50:1.0 79:1.0 
-0.01 0.01 
-0.01 0.01 
-0.01 0.01 
-0.01 0.01 
-0.01 0.01 
-0.01 0.01 
-0.01 0.01 
-0.01 0.01 
-0.01 0.01 
-0.004399702667533645 0.01 70:1.0 
-0.01 0.01 
-0.01 0.01 
-0.01 0.01 
-0.01 0.01 
-0.01 0.01 
-0.01 0.01 
-0.01 0.01 
-0.01 0.01 
-0.009039639692010154 0.01 64:1.0 77:1.0 
-0.01 0.01 
-0.01 0.01 
-0.01 0.01 
-0.01 0.01 
-0.01 0.01 
-0.01 0.01 
-0.01 0.01 
-0.01 0.01 
-0.01 0.01 
-0.01 0.01 
-0.01 0.01 
-0.01 0.01 
-0.01 0.01 
-0.01 0.01 
-0.01 0.01 
-0.01 0.01 
-0.01 0.01 
-0.01 0.0 18:1.0 
-0.01 0.01 
-0.01 0.01 
-0.004284424083054728 0.01 
-0.0 0.01 
-0.005120622105931263 0.00566060273632457 106:1.0 
-0.0 0.01 
-0.0 0.01 
-0.0 0.01 
-0.00418408041768478 0.01 114:1.0 118:1.0 127:1.0 
-0.003739668502011108 0.003833465570687105 98:1.0 113:1.0 
-0.0 0.01 
-0.0 0.01 
-0.0 0.01 
-0.0 0.01 
-0.008526529447516716 0.005660602736324634 82:1.0 
-0.0 0.01 
-0.0012458826635981532 0.01 44:1.0 
-0.005215429469175575 0.004256366876115567 73:1.0 102:1.0 
-0.0030039224766043367 0.01 78:1.0 
-0.0 0.01 
-0.004965103020905297 0.00516910697923678 83:1.0 
-0.004474741387341672 0.01 30:1.0 
-0.0 0.01 
-0.0 0.01 
-0.0 0.01 
-0.0 0.01 
-0.0 0.01 
-0.0071923100012885426 0.008227318872340699 24:1.0 49:1.0 112:1.0 121:1.0 130:1.0 
-0.004489319595270394 0.009339397263675414 75:1.0 
-0.0031849841127035796 0.004298088504984817 14:1.0 
-0.00425325089078989 0.005217722478508677 28:1.0 96:1.0 
-0.005002694395402056 0.005929293261265354 21:1.0 22:1.0 88:1.0 
-0.0 0.01 
-0.0 0.01 
-0.0 0.01 
-0.01 0.005660602736324634 18:1.0 
-0.0 0.01 
-0.0 0.01 
-0.01 0.007343936371418624 91:1.0 120:1.0 
-0.0 0.01 
-0.005378587719979545 0.00808189262443743 22:1.0 40:1.0 73:1.0 
-0.0 0.0011676264596556084 
-0.0016739706790720485 0.01 115:1.0 
-0.0 -0.01 
-0.0 -0.01 
-0.0 -0.01 
-0.0 -0.01 
-0.0 -0.01 
-0.0 -0.01 
-0.0 -0.01 
-0.0 -0.01 78:1.0 
-0.01 -0.01 10:1.0 
-0.0 -0.01 
-0.0 -0.01 
-0.0 -0.01 
-0.0 -0.01 
-0.0 -0.01 
-0.0 -0.01 
-0.0 -0.01 
-0.01 -0.01 48:1.0 
-0.0 -0.01 
-0.0 -0.01 
-0.0 -0.01 
-0.0 -0.01 
-0.0 -0.01 
-0.0047551726457808205 -0.01 117:1.0 
-0.0 -0.01 109:1.0 
-0.01 -0.01 17:1.0 
-0.0 -0.01 
-0.0 -0.01 42:1.0 
-0.0 -0.01 
-0.0 -0.01 
-0.0 -0.01 
-0.0 -0.01 
-0.0 -0.01 
-0.0 -0.01 
-0.0 -0.01 
-0.0 -0.01 
-0.008101439331438356 -0.01 3:1.0 
-0.0 -0.01 
-0.0 -0.01 
-0.0 -0.01 
-0.0 -0.01 
-0.0 -0.01 
-0.007870883023972704 -0.01 122:1.0 
-0.01 -0.01 13:1.0 75:1.0 
-0.0 -0.01 
-0.0 -0.01 60:1.0 
-0.0 -0.01 
-0.0 -0.01 
-0.0 -0.01 
-0.01 -0.01 
-0.01 -0.01 
-0.01 -0.01 
-0.01 -0.01 89:1.0 
-0.01 -0.01 
-0.01 -0.01 
-0.01 -0.01 
-0.01 -0.01 
-0.01 -0.01 101:1.0 105:1.0 
-0.01 -0.01 
-0.01 -0.01 
-0.01 -0.01 
-0.01 -0.01 
-0.0 -0.01 79:1.0 
-0.01 -0.01 
-0.01 -0.01 
-0.01 -0.01 
-0.01 -0.01 
-0.01 -0.01 
-0.0 -0.01 109:1.0 
-0.01 -0.01 
-0.01 -0.01 
-0.01 -0.01 
-0.01 -0.01 
-0.01 -0.01 3:1.0 
-0.01 -0.01 
-0.01 -0.01 
-0.01 -0.01 
-0.01 -0.01 
-0.01 -0.01 
-0.01 -0.01 
-0.01 -0.01 
-0.0 -0.01 9:1.0 
-0.0076800393700232825 -0.01 90:1.0 
-0.01 -0.01 
-0.01 -0.01 
-0.01 -0.01 
-0.01 -0.01 
-0.01 -0.01 
-0.01 -0.01 
-0.0 -0.01 98:1.0 
-0.01 -0.01 
-0.01 -0.01 
-0.01 -0.01 
-0.01 -0.01 
-0.0 -0.01 29:1.0 
-0.01 -0.01 
-0.01 -0.01 5:1.0 6:1.0 
-0.01 -0.01 
-0.0 -0.01 56:1.0 
-0.00838142489019284 -0.01 34:1.0 
-0.01 -0.01 
-0.01 -0.01 
-0.01 -0.01 
-0.0069385038952302965 -0.01 16:1.0 19:1.0 71:1.0 
-0.01 -0.01 
-0.01 -0.01 
-0.01 -0.01 
-0.01 -0.01 
-0.007769242760304439 -0.01 63:1.0 
-0.01 -0.01 
-0.01 -0.01 
-0.01 -0.01 
-0.01 -0.01 
-0.01 -0.01 
-0.01 -0.01 
-0.01 -0.01 14:1.0 35:1.0 71:1.0 
-0.01 -0.01 
-0.01 -0.01 
-0.01 -0.01 
-0.01 -0.01 
-0.0 -0.01 23:1.0 
-0.0 -0.01 47:1.0 
-0.0076177027936797535 -0.01 98:1.0 
-0.0 -0.01 109:1.0 
-0.008362495881968104 -0.01 30:1.0 
-0.01 -0.01 
-0.01 -0.01 8:1.0 
-0.01 -0.01 
-0.01 -0.01 
-0.01 -0.01 
-0.01 -0.01 
-0.01 -0.01 
-0.01 -0.01 
-0.01 -0.01 86:1.0 
-0.01 -0.01 
-0.01 -0.01 
-0.01 -0.01 
-0.01 -0.01 
-0.01 -0.01 
-0.007953364230583236 -0.01 29:1.0 
-0.01 -0.01 
-0.01 -0.01 
-0.01 -0.01 
-0.01 -0.01 
-0.01 -0.01 28:1.0 101:1.0 
-0.01 -0.01 
-0.01 -0.01 
-0.01 -0.01 103:1.0 
-0.01 -0.01 
-0.01 -0.01 
-0.004070411537977907 -0.01 28:1.0 
-0.01 -0.01 
-0.01 -0.01 26:1.0 99:1.0 132:1.0 
-0.0 -0.01 47:1.0 
-0.01 -0.01 
-0.01 -0.01 
-0.01 -0.01 
-0.01 -0.01 
-0.008160602736324643 -0.01 44:1.0 
-0.01 -0.01 
-0.01 -0.01 
-0.01 -0.01 
-0.01 -0.01 
-0.01 -0.01 
-0.01 -0.01 
-0.008381424890192904 -0.01 57:1.0 
-0.0 -0.01 31:1.0 
-0.01 -0.01 
-0.007286927294480062 -0.01 59:1.0 
-0.01 -0.01 
-0.01 -0.01 
-0.01 -0.01 
-0.01 -0.01 19:1.0 84:1.0 
-0.01 -0.01 
-0.01 -0.01 
-0.01 -0.01 20:1.0 45:1.0 125:1.0 
-0.01 -0.01 
-0.0 -0.01 77:1.0 
-0.01 -0.01 
-0.01 -0.01 
-0.01 -0.01 
-0.01 -0.01 
-0.00823977840040438 -0.01 5:1.0 88:1.0 
-0.01 -0.01 
-0.01 -0.01 
-0.01 -0.01 37:1.0 
-0.01 -0.01 
-0.0 -0.01 93:1.0 
-0.01 -0.01 
-0.001839397263675358 -0.01 77:1.0 
-0.01 -0.01 
-0.01 -0.01 
-0.01 -0.01 
-0.01 -0.01 
-0.01 -0.01 
-0.0 -0.01 79:1.0 
-0.01 -0.01 
-0.01 -0.01 
-0.01 -0.01 
-0.0 -0.01 74:1.0 
-0.01 -0.01 
-0.01 -0.01 
-0.01 -0.01 
-0.01 -0.01 114:1.0 118:1.0 127:1.0 
-0.01 -0.01 29:1.0 37:1.0 108:1.0 
-0.0 -0.01 78:1.0 
-0.01 -0.01 
-0.01 -0.01 
-0.008160602736324643 -0.01 50:1.0 
-0.01 -0.01 
-0.001839397263675358 -0.01 43:1.0 
-0.01 -0.01 
-0.01 -0.01 
-0.0 -0.01 23:1.0 
-0.01 -0.01 
-0.01 -0.01 
-0.01 -0.01 
-0.01 -0.01 
-0.01 -0.01 15:1.0 67:1.0 
-0.01 -0.01 
-0.01 -0.01 9:1.0 59:1.0 113:1.0 115:1.0 
-0.01 -0.01 
-0.01 -0.01 
-0.01 -0.01 
-0.01 -0.01 
-0.01 -0.01 
-0.01 -0.01 
-0.01 -0.01 
-0.01 -0.01 
-0.01 -0.01 
-0.01 -0.01 
-0.01 -0.01 
-0.01 -0.01 
-0.01 -0.01 
-0.01 -0.01 
-0.01 -0.01 
-0.01 -0.01 
-0.01 -0.01 
-0.01 -0.01 53:1.0 
-0.01 -0.01 
-0.01 -0.01 
-0.01 -0.01 
-0.01 -0.01 
-0.00810143933143828 -0.01 31:1.0 
-0.00394783047083463 -0.01 95:1.0 
-0.01 -0.01 
-0.01 -0.01 
-0.01 -0.01 
-0.01 -0.01 
-0.01 -0.01 
-0.01 -0.01 
-0.01 -0.01 
-0.01 -0.01 
-0.008090357870226338 -0.01 56:1.0 
-0.00605626213164709 -0.01 29:1.0 115:1.0 
-0.01 -0.01 
-0.01 -0.01 
-0.01 -0.01 
-0.01 -0.01 
-0.01 -0.01 
-0.0093171116184966 -0.01 48:1.0 71:1.0 
-0.0 -0.01 109:1.0 
-0.01 -0.01 43:1.0 
-0.01 -0.01 
-0.005329340761611349 -0.01 47:1.0 
-0.01 -0.01 
-0.01 -0.01 
-0.01 -0.01 
-0.01 -0.01 64:1.0 
-0.01 -0.01 
-0.007401004804853289 -0.01 9:1.0 
-0.01 -0.01 
-0.01 -0.01 
-0.0 -0.01 60:1.0 
-0.01 -0.01 
-0.01 -0.01 1:1.0 
-0.01 -0.01 
-0.01 -0.01 
-0.01 -0.01 
-0.01 -0.01 
-0.01 -0.01 
-0.01 -0.01 
-0.01 -0.01 
-0.01 -0.01 
-0.01 -0.01 
-0.01 -0.01 
-0.01 -0.01 
-0.01 -0.01 
-0.01 -0.01 
-0.01 -0.01 
-0.01 -0.01 
-0.01 -0.01 
-0.01 -0.01 
-0.0 -0.01 113:1.0 
-0.01 -0.01 
-0.01 -0.01 
-0.01 -0.01 
-0.01 -0.01 4:1.0 
-0.01 -0.01 
-0.01 -0.01 
-0.007958955299163486 -0.01 12:1.0 
-0.01 -0.01 
-0.01 -0.01 
-0.01 -0.01 10:1.0 55:1.0 
-0.0 -0.01 113:1.0 
-0.01 -0.01 
-0.01 -0.01 
-0.01 -0.01 
-0.01 -0.01 
-0.01 -0.01 
-0.01 -0.01 
-0.01 -0.01 
-0.01 -0.01 
-0.01 -0.01 
-0.01 -0.01 
-0.0 -0.01 109:1.0 
-0.01 -0.01 54:1.0 
-0.01 -0.01 85:1.0 
-0.007921428113780486 -0.01 78:1.0 
-0.01 -0.01 
-0.01 -0.01 43:1.0 
-0.01 -0.01 16:1.0 26:1.0 76:1.0 99:1.0 129:1.0 132:1.0 
-0.007898875470292185 -0.01 93:1.0 
-0.01 -0.01 
-0.01 -0.01 
-0.01 -0.01 
-0.01 -0.01 
-0.01 -0.01 
-0.01 -0.01 
-0.007898875470292185 -0.01 79:1.0 
-0.01 -0.01 
-0.008405430090543837 -0.01 11:1.0 117:1.0 
-0.01 -0.01 
-0.00783126197471331 -0.01 80:1.0 
-0.01 -0.01 
-0.01 -0.01 
-0.01 -0.01 
-0.01 -0.01 
-0.0019096421297736623 -0.01 60:1.0 
-0.01 -0.01 
-0.005981565907630057 -0.01 47:1.0 60:1.0 
-0.007648450967687265 -0.01 36:1.0 
-0.01 -0.01 
-0.01 -0.01 
-0.01 -0.01 
-0.01 -0.01 
-0.01 -0.01 
-0.01 -0.01 
-0.01 -0.01 
-0.01 -0.01 
-0.01 -0.01 
-0.01 -0.01 
-0.01 -0.01 
-0.008168892475402326 -0.01 22:1.0 
-0.01 -0.01 
-0.01 -0.01 
-0.0019565308825239304 -0.01 20:1.0 45:1.0 125:1.0 
-0.01 -0.01 
-0.01 -0.01 
-0.01 -0.01 
-0.01 -0.01 
-0.01 -0.01 101:1.0 
-5.79104982011226E-4 -0.01 114:1.0 118:1.0 127:1.0 
-0.01 -0.01 
-0.01 -0.01 
-0.01 -0.01 
-0.01 -0.01 
-0.01 -0.01 
-0.01 -0.01 
-0.01 -0.01 
-0.01 -0.01 77:1.0 
-0.01 -0.01 54:1.0 61:1.0 110:1.0 
-0.01 -0.01 
-0.01 -0.01 
-0.01 -0.01 
-0.0011213787429755913 -0.01 5:1.0 
-0.006148670369436102 -0.01 16:1.0 19:1.0 
-0.01 -0.01 
-0.01 -0.01 54:1.0 95:1.0 
-0.01 -0.01 86:1.0 
-0.01 -0.01 
-0.01 -0.01 47:1.0 
-0.01 -0.01 
-0.01 -0.01 
-0.01 -0.01 
-0.004509154402406249 -0.01 65:1.0 
-0.01 -0.01 
-0.01 -0.01 
-0.01 -0.01 
-0.01 -0.01 
-0.01 -0.01 
-0.01 -0.01 45:1.0 
-0.01 -0.01 
-0.01 -0.01 
-0.01 -0.01 
-0.01 -0.01 
-0.01 -0.01 
-0.01 -0.01 
-0.01 -0.01 
-0.01 -0.01 
-0.01 -0.01 
-0.01 -0.01 
-0.01 -0.01 
-0.01 -0.01 
-0.01 -0.01 2:1.0 91:1.0 
-0.01 -0.01 
-0.01 -0.01 
-0.0 -0.01 109:1.0 
-0.01 -0.01 60:1.0 72:1.0 
-0.01 -0.01 
-0.007757236100542187 -0.01 68:1.0 
-0.00909019119834675 -0.01 39:1.0 94:1.0 
-0.01 -0.01 
-0.01 -0.01 
-0.01 -0.01 
-0.01 -0.01 
-0.01 -0.01 
-0.01 -0.01 
-0.01 -0.01 
-0.0 -0.01 38:1.0 
-0.01 -0.01 
-0.01 -0.01 
-0.01 -0.01 
-0.01 -0.01 
-0.01 -0.01 
-0.01 -0.01 74:1.0 
-0.006333833049490766 -0.01 73:1.0 
-0.01 -0.01 
-0.0 -0.01 38:1.0 
-0.01 -0.01 
-0.01 -0.01 
-0.01 -0.01 
-0.01 -0.01 
-0.01 -0.01 
-0.01 -0.01 
-0.01 -0.01 
-0.01 -0.01 8:1.0 
-0.01 -0.01 
-0.01 -0.01 
-0.01 -0.01 
-0.01 -0.01 
-0.01 -0.01 
-0.01 -0.01 77:1.0 
-0.01 -0.01 
-0.01 -0.01 
-0.01 -0.01 
-0.01 -0.01 
-0.01 -0.01 
-0.01 -0.01 
-0.01 -0.01 25:1.0 65:1.0 
-0.007870883023972729 -0.01 70:1.0 
-0.01 -0.01 
-0.007892200871699404 -0.01 74:1.0 
-0.01 -0.01 
-0.01 -0.01 
-0.01 -0.01 
-0.01 -0.01 
-0.01 -0.01 
-0.01 -0.01 
-0.01 -0.01 
-0.01 -0.01 
-0.0 -0.01 23:1.0 
-0.01 -0.01 
-0.01 -0.01 
-0.01 -0.01 
-0.01 -0.01 
-0.01 -0.01 13:1.0 
-0.01 -0.01 
-0.004952712104441663 -0.01 115:1.0 
-0.01 -0.01 
-0.0 -0.01 26:1.0 99:1.0 132:1.0 
-0.01 -0.01 
-0.01 -0.01 
-0.01 -0.01 
-0.0 -0.01 26:1.0 99:1.0 132:1.0 
-0.01 -0.01 
-0.01 -0.01 77:1.0 
-0.01 -0.01 
-0.01 -0.01 
-0.01 -0.01 
-0.01 -0.01 
-0.01 -0.01 
-0.01 -0.01 
-0.01 -0.01 
-0.01 -0.01 
-0.01 -0.01 
-0.01 -0.01 
-0.01 -0.01 
-0.01 -0.01 
-0.01 -0.01 
-0.01 -0.01 
-0.01 -0.01 
-0.01 -0.01 
-0.01 -0.01 
-0.01 -0.01 
-0.007769242760304332 -0.01 42:1.0 
-0.008118553646693016 -0.01 
-0.0 -0.01 
-0.0 -0.01 
-0.0 -0.01 
-0.0 -0.01 
-0.0 -0.01 
-0.008020513881259737 -0.01 23:1.0 
-0.0 -0.01 
-0.009110588904693523 -0.01 27:1.0 
-0.0 -0.01 
-0.008381424890192711 -0.01 38:1.0 
-0.0 -0.01 
-0.0 -0.01 
-0.0 -0.01 
-0.002078571886219515 -0.01 71:1.0 
-0.01 -0.01 15:1.0 
-0.0 -0.01 
-0.0 -0.01 
-0.0 -0.01 
-0.0 -0.01 
-0.0 -0.01 109:1.0 
-0.0 -0.01 
-0.007883554224753784 -0.01 113:1.0 
-0.00789887547029225 -0.01 109:1.0 
-0.01 -0.01 20:1.0 45:1.0 58:1.0 92:1.0 104:1.0 124:1.0 125:1.0 126:1.0 128:1.0 
-0.0 -0.01 
-0.009251242773129085 -0.01 40:1.0 73:1.0 94:1.0 
-0.0 -0.01 
-0.0 -0.01 
-0.0 -0.01 
-0.0 -0.01 
-0.0 -0.01 
-0.01 -0.01 81:1.0 
-0.0 -0.01 
-0.0 -0.01 
-0.0 -0.01 
-0.0 -0.01 
-0.0 -0.01 
-0.0 -0.01 
-0.0 -0.01 
-0.0 -0.01 
-0.0 -0.01 
