svm_type c_svc
kernel_type rbf
gamma 1.0E-4
nr_class 3
total_sv 1504
rho 0.999935049116612 0.9999290215969092 -0.9999980041384693
label 2 0 1
nr_sv 419 548 537
SV
0.01 0.01 
0.01 0.01 
0.01 0.01 
0.01 0.01 45:1.0 58:1.0 104:1.0 116:1.0 126:1.0 128:1.0 
0.01 0.01 
0.01 0.01 61:1.0 86:1.0 
0.01 0.01 
0.01 0.01 
0.01 0.01 
0.01 0.01 
0.01 0.01 
0.01 0.01 
0.01 0.01 
0.01 0.01 
0.01 0.01 
0.01 0.01 27:1.0 101:1.0 105:1.0 
0.01 0.01 84:1.0 
0.01 0.01 
0.01 0.01 
0.01 0.01 
0.01 0.01 
0.01 0.01 
0.01 0.01 18:1.0 
0.01 0.01 
0.01 0.01 
0.01 0.01 
0.01 0.01 
0.01 0.01 
0.01 0.01 
0.01 0.01 
0.01 0.01 
0.01 0.01 
0.01 0.01 
0.01 0.01 
0.01 0.01 
0.01 0.01 
0.01 0.01 
0.01 0.01 
0.01 0.01 
0.01 0.01 
0.01 0.01 4:1.0 
0.01 0.01 
0.01 0.01 45:1.0 58:1.0 104:1.0 116:1.0 126:1.0 128:1.0 
0.01 0.01 
0.01 0.01 
0.01 0.01 
0.01 0.01 
0.01 0.01 
0.01 0.01 
0.01 0.01 
0.01 0.01 
0.01 0.01 
0.01 0.01 61:1.0 
0.01 0.01 
0.01 0.01 
0.01 0.01 
0.01 0.01 32:1.0 
0.01 0.01 
0.01 0.01 
0.01 0.01 
0.01 0.01 81:1.0 
0.01 0.01 
0.01 0.01 
0.01 0.01 
0.01 0.01 
0.01 0.01 72:1.0 
0.01 0.01 8:1.0 
0.01 0.01 86:1.0 
0.01 0.01 
0.01 0.01 
0.01 0.01 20:1.0 45:1.0 58:1.0 92:1.0 104:1.0 124:1.0 125:1.0 126:1.0 128:1.0 
0.01 0.01 6:1.0 116:1.0 
0.01 0.01 
0.01 0.01 
0.01 0.01 
0.01 0.01 6:1.0 
0.01 0.01 
0.01 0.01 3:1.0 
0.01 0.01 
0.01 0.01 
0.01 0.01 
0.01 0.01 
0.01 0.01 
0.01 0.01 
0.01 0.01 
0.01 0.01 
0.01 0.01 
0.01 0.01 
0.01 0.01 
0.01 0.01 
0.01 0.01 72:1.0 101:1.0 
0.01 0.01 110:1.0 
0.01 0.01 20:1.0 45:1.0 58:1.0 92:1.0 104:1.0 124:1.0 125:1.0 126:1.0 128:1.0 
0.01 0.01 
0.01 0.01 110:1.0 
0.01 0.01 
0.01 0.01 
0.01 0.01 4:1.0 91:1.0 
0.01 0.01 
0.01 0.01 
0.01 0.01 
0.01 0.01 
0.01 0.01 
0.01 0.01 72:1.0 
0.01 0.01 
0.01 0.01 
0.01 0.01 
0.01 0.01 81:1.0 
0.01 0.01 
0.01 0.01 
0.01 0.01 
0.01 0.01 
0.01 0.01 
0.01 0.01 
0.01 0.01 
0.01 0.01 35:1.0 
0.01 0.01 58:1.0 
0.01 0.01 
0.01 0.01 
0.01 0.01 
0.01 0.01 
0.01 0.01 116:1.0 
0.01 0.01 
0.01 0.01 
0.01 0.01 
0.01 0.01 52:1.0 
0.01 0.01 
0.01 0.01 
0.01 0.01 
0.01 0.01 
0.01 0.01 
0.01 0.01 
0.01 0.01 
0.01 0.01 
0.01 0.01 
0.01 0.01 
0.01 0.01 
0.01 0.01 
0.01 0.01 
0.01 0.01 
0.01 0.01 
0.01 0.01 
0.01 0.01 
0.01 0.01 85:1.0 
0.01 0.01 
0.01 0.01 
0.01 0.01 
0.01 0.01 
0.01 0.01 
0.01 0.01 
0.01 0.01 
0.01 0.01 
0.01 0.01 
0.01 0.01 
0.01 0.01 101:1.0 
0.01 0.01 
0.01 0.01 
0.01 0.01 
0.01 0.01 
0.01 0.01 1:1.0 
0.01 0.01 77:1.0 
0.01 0.01 1:1.0 53:1.0 
0.01 0.01 54:1.0 
0.01 0.01 
0.01 0.01 6:1.0 
0.01 0.01 
0.01 0.01 
0.01 0.01 15:1.0 67:1.0 
0.01 0.01 107:1.0 
0.01 0.01 54:1.0 
0.01 0.01 29:1.0 77:1.0 
0.01 0.01 
0.01 0.01 
0.01 0.01 47:1.0 
0.01 0.01 
0.01 0.01 108:1.0 
0.01 0.01 18:1.0 
0.01 0.01 
0.01 0.01 
0.01 0.01 
0.01 0.01 
0.01 0.01 25:1.0 
0.01 0.01 
0.01 0.01 
0.01 0.01 
0.01 0.01 
0.01 0.01 13:1.0 45:1.0 104:1.0 128:1.0 
0.01 0.01 
0.01 0.01 
0.01 0.01 
0.01 0.01 
0.01 0.01 
0.01 0.01 
0.01 0.01 
0.01 0.01 
0.01 0.01 
0.01 0.01 37:1.0 
0.01 0.01 
0.01 0.01 
0.01 0.01 
0.01 0.01 
0.01 0.01 13:1.0 
0.01 0.01 
0.01 0.01 
0.01 0.01 
0.01 0.01 
0.01 0.01 
0.01 0.01 
0.01 0.01 
0.01 0.01 
0.01 0.01 101:1.0 
0.01 0.01 105:1.0 
0.01 0.01 
0.01 0.01 45:1.0 
0.01 0.01 
0.01 0.01 72:1.0 
0.01 0.01 
0.01 0.01 
0.01 0.01 
0.01 0.01 
0.01 0.01 13:1.0 
0.01 0.01 
0.01 0.01 
0.01 0.01 61:1.0 
0.01 0.01 
0.01 0.01 103:1.0 
0.01 0.01 
0.01 0.01 67:1.0 
0.01 0.01 
0.01 0.01 48:1.0 
0.01 0.01 
0.01 0.01 
0.01 0.01 82:1.0 121:1.0 
0.01 0.01 
0.01 0.01 
0.01 0.01 37:1.0 
0.01 0.01 8:1.0 
0.01 0.01 
0.01 0.01 58:1.0 91:1.0 92:1.0 120:1.0 124:1.0 
0.01 0.01 
0.01 0.01 
0.01 0.01 4:1.0 58:1.0 120:1.0 
0.01 0.01 43:1.0 48:1.0 
0.01 0.01 
0.01 0.01 
0.01 0.01 
0.01 0.01 45:1.0 
0.01 0.01 
0.01 0.01 43:1.0 
0.01 0.01 103:1.0 
0.01 0.01 
0.01 0.01 
0.01 0.01 
0.01 0.01 
0.01 0.01 
0.01 0.01 77:1.0 
0.01 0.01 
0.01 0.01 
0.01 0.01 
0.01 0.01 
0.01 0.01 
0.01 0.01 
0.01 0.01 
0.01 0.01 91:1.0 
0.01 0.01 
0.01 0.01 
0.01 0.01 64:1.0 
0.01 0.01 
0.01 0.01 
0.01 0.01 
0.01 0.01 
0.01 0.01 35:1.0 
0.01 0.01 17:1.0 52:1.0 
0.01 0.01 
0.01 0.01 
0.01 0.01 17:1.0 
0.01 0.01 17:1.0 
0.01 0.01 
0.01 0.01 
0.01 0.01 
0.01 0.01 
0.01 0.01 
0.01 0.01 
0.01 0.01 
0.01 0.01 103:1.0 
0.01 0.01 
0.01 0.01 
0.01 0.01 
0.01 0.01 
0.01 0.01 52:1.0 102:1.0 
0.01 0.01 
0.01 0.01 
0.01 0.01 
0.01 0.01 
0.01 0.01 
0.01 0.01 
0.01 0.01 108:1.0 
0.01 0.01 103:1.0 
0.01 0.01 
0.01 0.01 
0.01 0.01 101:1.0 
0.01 0.01 
0.01 0.01 
0.01 0.01 
0.01 0.01 
0.01 0.01 
0.01 0.01 81:1.0 105:1.0 
0.01 0.01 
0.01 0.01 
0.01 0.01 
0.01 0.01 
0.01 0.01 
0.01 0.01 
0.01 0.01 
0.01 0.01 
0.01 0.01 
0.01 0.01 
0.01 0.01 
0.01 0.01 61:1.0 
0.01 0.01 
0.01 0.01 
0.01 0.01 52:1.0 
0.01 0.01 100:1.0 
0.01 0.01 
0.01 0.01 
0.01 0.01 
0.01 0.01 
0.01 0.01 
0.01 0.01 
0.01 0.01 
0.01 0.01 
0.01 0.01 10:1.0 
0.01 0.01 
0.01 0.01 107:1.0 
0.01 0.01 
0.01 0.01 
0.01 0.01 
0.01 0.01 
0.01 0.01 
0.01 0.01 
0.01 0.01 101:1.0 
0.01 0.01 
0.01 0.01 
0.01 0.01 
0.01 0.01 
0.01 0.01 
0.01 0.01 
0.01 0.01 
0.01 0.01 
0.01 0.01 
0.01 0.01 
0.01 0.01 
0.01 0.01 
0.01 0.01 
0.01 0.01 
0.01 0.01 
0.01 0.01 
0.01 0.01 
0.01 0.01 
0.01 0.01 
0.01 0.01 
0.01 0.01 
0.01 0.01 
0.01 0.01 
0.01 0.01 
0.01 0.01 
0.01 0.01 
0.01 0.01 
0.01 0.01 
0.01 0.01 25:1.0 
0.01 0.01 
0.01 0.01 
0.01 0.01 
0.01 0.01 
0.01 0.01 
0.01 0.01 
0.01 0.01 
0.01 0.01 
0.01 0.01 15:1.0 62:1.0 
0.01 0.01 
0.01 0.01 
0.01 0.01 
0.01 0.01 
0.01 0.01 
0.01 0.01 
0.01 0.01 
0.01 0.01 
0.01 0.01 
0.01 0.01 
0.01 0.01 
0.01 0.01 
0.01 0.01 
0.01 0.01 
0.01 0.01 
0.01 0.01 
0.01 0.01 62:1.0 
0.01 0.01 
0.01 0.01 
0.01 0.01 
0.01 0.01 
0.01 0.01 
0.01 0.01 
0.01 0.01 89:1.0 
0.01 0.01 
0.01 0.01 15:1.0 67:1.0 
0.01 0.01 
0.01 0.01 
0.01 0.01 
0.01 0.01 
0.01 0.01 74:1.0 
0.01 0.01 
0.01 0.01 
0.01 0.01 
0.01 0.01 
0.01 0.01 
0.01 0.01 
0.01 0.01 
0.01 0.01 
0.01 0.01 
-0.0 0.01 47:1.0 
-0.01 0.01 86:1.0 
-0.0 0.01 7:1.0 63:1.0 
-0.0 0.01 66:1.0 123:1.0 
-0.0 0.01 3:1.0 
-0.0 0.01 109:1.0 
-0.0 0.01 55:1.0 
-0.0 0.01 47:1.0 60:1.0 
-0.0 0.01 71:1.0 
-0.01 0.01 20:1.0 41:1.0 45:1.0 125:1.0 
-0.01 0.0 107:1.0 
-0.01 0.0 35:1.0 
-0.0 0.01 9:1.0 
-0.01 0.0 53:1.0 58:1.0 91:1.0 120:1.0 
-0.0 0.01 56:1.0 
-0.01 0.01 20:1.0 41:1.0 45:1.0 125:1.0 
-0.0 0.01 71:1.0 
-0.01 0.0 116:1.0 
-0.01 0.01 45:1.0 
-0.01 0.01 25:1.0 
-0.0 0.01 117:1.0 
-0.0 0.01 23:1.0 
-0.01 0.0 13:1.0 
-0.0 0.01 31:1.0 
-0.01 0.01 6:1.0 
-0.0 0.01 40:1.0 114:1.0 
-0.01 0.0 62:1.0 102:1.0 
-0.01 0.01 61:1.0 
-0.0 0.01 11:1.0 117:1.0 
-0.01 0.01 8:1.0 
-0.0 0.01 77:1.0 
-0.0 0.01 78:1.0 
-0.01 0.01 47:1.0 
-0.0 0.01 23:1.0 93:1.0 
-0.0 0.01 19:1.0 
-0.01 0.0 81:1.0 
-0.01 0.01 103:1.0 
-0.01 0.0 107:1.0 
-0.0 0.01 2:1.0 79:1.0 
-0.0 0.01 
-0.0 0.01 
-0.0 0.01 12:1.0 
-0.0 0.01 
-0.0 0.01 
-0.0 0.01 
-0.01 0.01 44:1.0 84:1.0 
-0.0 0.01 
-0.0 0.01 
-0.0 0.01 
-0.0 0.01 
-0.0 0.01 
-0.0 0.01 
-0.0 0.01 
-0.0 0.01 
-0.0 0.01 98:1.0 
-0.0 0.01 
-0.0 0.01 
-0.0 0.01 
-0.0 0.01 
-0.0 0.01 
-0.0 0.01 
-0.0 0.01 
-0.0 0.01 
-0.0 0.01 43:1.0 
-0.0 0.01 
-0.0 0.01 113:1.0 
-0.0 0.01 
-0.0 0.01 
-0.01 0.01 13:1.0 
-0.0 0.01 2:1.0 47:1.0 
-0.0 0.01 
-0.0 0.01 50:1.0 71:1.0 
-0.0 0.01 39:1.0 94:1.0 
-0.0 0.01 
-0.0 0.01 
-0.01 0.0 81:1.0 
-0.0 0.01 
-0.0 0.01 
-0.0 0.01 114:1.0 118:1.0 127:1.0 
-0.0 0.01 
-0.0 0.01 
-0.0 0.01 
-0.0 0.01 
-0.0 0.01 
-0.0 0.01 
-0.0 0.01 
-0.01 0.01 3:1.0 
-0.01 0.01 
-0.01 0.01 
-0.01 0.01 
-0.01 0.01 
-0.01 0.01 34:1.0 45:1.0 58:1.0 92:1.0 104:1.0 124:1.0 126:1.0 128:1.0 
-0.01 0.01 
-0.0 0.01 95:1.0 113:1.0 
-0.01 0.01 
-0.01 0.01 
-0.01 0.01 
-0.01 0.01 
-0.01 0.01 
-0.01 0.01 
-0.01 0.01 
-0.0 0.01 42:1.0 63:1.0 
-0.01 0.01 10:1.0 62:1.0 
-0.01 0.01 
-0.01 0.01 
-0.01 0.01 
-0.01 0.01 
-0.01 0.01 
-0.0 0.01 109:1.0 
-0.01 0.01 
-0.01 0.01 
-0.01 0.01 
-0.01 0.01 
-0.01 0.01 
-0.0 0.01 113:1.0 
-0.01 0.01 
-0.01 0.01 
-0.01 0.01 
-0.01 0.01 
-0.01 0.01 
-0.01 0.01 
-0.01 0.01 
-0.01 0.01 
-0.01 0.01 
-0.01 0.01 
-0.01 0.01 
-0.01 0.01 
-0.01 0.01 
-0.01 0.01 
-0.01 0.01 
-0.0 0.01 93:1.0 96:1.0 
-0.01 0.01 
-0.01 0.01 
-0.01 0.01 
-0.01 0.01 
-0.01 0.01 
-0.01 0.01 
-0.01 0.01 
-0.01 0.01 
-0.01 0.01 
-0.01 0.01 
-0.01 0.01 
-0.01 0.01 
-0.01 0.01 
-0.01 0.01 
-0.01 0.01 
-0.01 0.01 
-0.01 0.01 
-0.01 0.01 
-0.01 0.01 
-0.01 0.01 
-0.01 0.01 
-0.0 0.01 62:1.0 73:1.0 83:1.0 109:1.0 
-0.01 0.01 
-0.01 0.01 
-0.01 0.01 
-0.01 0.01 
-0.01 0.01 
-0.01 0.01 
-0.0 0.01 68:1.0 
-0.01 0.01 
-0.01 0.01 
-0.01 0.01 
-0.01 0.01 
-0.01 0.01 
-0.01 0.01 
-0.01 0.01 
-0.01 0.01 
-0.01 0.01 
-0.01 0.01 
-0.01 0.01 
-0.01 0.01 
-0.01 0.01 
-0.01 0.01 86:1.0 
-0.01 0.01 
-0.01 0.01 
-0.01 0.01 
-0.01 0.01 
-0.01 0.01 
-0.01 0.01 
-0.01 0.01 
-0.01 0.01 
-0.01 0.01 
-0.01 0.01 
-0.01 0.01 
-0.0 0.01 42:1.0 
-0.01 0.01 
-0.01 0.01 
-0.01 0.01 
-0.01 0.01 43:1.0 
-0.01 0.01 
-0.01 0.01 
-0.01 0.01 
-0.01 0.01 
-0.01 0.01 
-0.0 0.01 27:1.0 
-0.01 0.01 
-0.01 0.01 
-0.01 0.01 
-0.01 0.01 
-0.01 0.0 62:1.0 
-0.0 0.01 111:1.0 115:1.0 
-0.01 0.01 
-0.01 0.01 
-0.01 0.01 
-0.01 0.01 
-0.01 0.01 
-0.01 0.01 
-0.01 0.01 
-0.01 0.01 
-0.01 0.01 13:1.0 
-0.01 0.01 
-0.0 0.01 71:1.0 
-0.0 0.01 78:1.0 107:1.0 
-0.01 0.01 
-0.0 0.01 89:1.0 
-0.01 0.01 
-0.01 0.01 
-0.01 0.01 
-0.01 0.01 
-0.01 0.01 105:1.0 
-0.01 0.01 
-0.01 0.01 
-0.01 0.01 8:1.0 
-0.0 0.01 79:1.0 
-0.01 0.01 
-0.01 0.01 
-0.01 0.01 
-0.01 0.01 
-0.01 0.01 
-0.01 0.01 
-0.01 0.01 
-0.01 0.01 
-0.01 0.01 
-0.01 0.01 
-0.01 0.01 
-0.01 0.01 
-0.01 0.01 
-0.01 0.01 
-0.01 0.01 
-0.01 0.01 
-0.01 0.01 
-0.01 0.01 
-0.01 0.01 
-0.01 0.01 
-0.01 0.01 
-0.01 0.01 
-0.0 0.01 31:1.0 
-0.0 0.01 85:1.0 
-0.01 0.01 
-0.01 0.01 
-0.01 0.01 
-0.01 0.01 
-0.01 0.01 
-0.01 0.01 
-0.01 0.01 
-0.01 0.01 
-0.01 0.01 
-0.01 0.01 
-0.01 0.01 
-0.01 0.01 
-0.01 0.01 
-0.01 0.01 
-0.01 0.01 
-0.01 0.01 
-0.01 0.01 
-0.01 0.01 
-0.01 0.01 
-0.0 0.01 122:1.0 
-0.01 0.01 
-0.01 0.01 
-0.01 0.01 
-0.01 0.01 
-0.0 0.01 98:1.0 
-0.01 0.01 
-0.01 0.01 
-0.0 0.01 113:1.0 
-0.01 0.01 
-0.01 0.01 
-0.01 0.01 
-0.01 0.01 
-0.01 0.01 23:1.0 48:1.0 
-0.01 0.01 
-0.01 0.01 
-0.01 0.01 
-0.01 0.01 
-0.01 0.01 
-0.01 0.01 
-0.01 0.01 
-0.01 0.01 
-0.0 0.01 51:1.0 
-0.01 0.01 
-0.01 0.01 
-0.01 0.01 
-0.0 0.01 30:1.0 
-0.0 0.01 95:1.0 
-0.01 0.01 
-0.01 0.01 
-0.01 0.01 
-0.01 0.01 
-0.01 0.01 
-0.01 0.01 
-0.01 0.01 
-0.01 0.01 1:1.0 33:1.0 
-0.01 0.01 
-0.01 0.01 
-0.01 0.01 
-0.01 0.01 
-0.01 0.01 
-0.01 0.01 
-0.0 0.01 77:1.0 102:1.0 
-0.01 0.01 
-0.01 0.01 
-0.01 0.01 
-0.0 0.01 94:1.0 
-0.01 0.01 
-0.0 0.01 36:1.0 
-0.01 0.01 
-0.0 0.01 13:1.0 50:1.0 
-0.01 0.01 
-0.01 0.01 
-0.01 0.01 
-0.0 0.01 29:1.0 
-0.0 0.01 94:1.0 
-0.01 0.01 
-0.0 0.01 29:1.0 35:1.0 
-0.01 0.01 
-0.01 0.01 
-0.01 0.01 
-0.0 0.01 42:1.0 
-0.01 0.01 43:1.0 
-0.0 0.01 28:1.0 80:1.0 
-0.01 0.01 
-0.01 0.01 
-0.01 0.01 
-0.01 0.01 
-0.01 0.01 
-0.01 0.01 41:1.0 45:1.0 
-0.01 0.01 
-0.01 0.01 85:1.0 
-0.01 0.01 29:1.0 
-0.01 0.01 
-0.0 0.01 28:1.0 
-0.01 0.01 
-0.01 0.01 53:1.0 
-0.01 0.01 
-0.01 0.01 
-0.01 0.01 
-0.01 0.01 
-0.01 0.01 38:1.0 108:1.0 
-0.01 0.01 
-0.01 0.01 
-0.01 0.01 
-0.0 0.01 90:1.0 
-0.01 0.01 
-0.01 0.01 
-0.01 0.01 
-0.01 0.01 
-0.01 0.01 
-0.01 0.01 
-0.01 0.01 
-0.01 0.01 
-0.01 0.01 
-0.01 0.01 
-0.01 0.01 
-0.01 0.01 
-0.0 0.01 95:1.0 
-0.01 0.01 
-0.0 0.01 119:1.0 
-0.01 0.01 
-0.01 0.01 
-0.01 0.01 
-0.01 0.01 
-0.0 0.01 8:1.0 80:1.0 
-0.01 0.01 
-0.01 0.01 
-0.01 0.01 
-0.0 0.01 87:1.0 
-0.01 0.01 77:1.0 
-0.01 0.01 
-0.01 0.01 
-0.01 0.01 81:1.0 
-0.01 0.01 
-0.01 0.01 
-0.01 0.01 
-0.01 0.01 
-0.01 0.01 
-0.01 0.01 
-0.01 0.01 
-0.01 0.01 
-0.01 0.01 
-0.01 0.01 
-0.01 0.01 
-0.01 0.01 
-0.01 0.01 27:1.0 
-0.0 0.01 16:1.0 76:1.0 129:1.0 
-0.01 0.01 32:1.0 
-0.01 0.01 
-0.0 0.01 56:1.0 68:1.0 
-0.01 0.01 
-0.0 0.01 14:1.0 
-0.01 0.01 
-0.01 0.01 
-0.01 0.01 
-0.01 0.01 
-0.01 0.01 89:1.0 
-0.01 0.01 
-0.01 0.01 
-0.0 0.01 11:1.0 
-0.01 0.01 
-0.0 0.01 39:1.0 59:1.0 
-0.01 0.01 35:1.0 
-0.01 0.01 
-0.0 0.01 57:1.0 
-0.01 0.01 
-0.01 0.01 
-0.01 0.01 
-0.01 0.01 77:1.0 
-0.01 0.01 
-0.01 0.01 
-0.01 0.01 
-0.01 0.01 
-0.0 0.01 70:1.0 
-0.01 0.01 
-0.01 0.01 
-0.01 0.01 
-0.01 0.01 
-0.01 0.01 
-0.01 0.01 
-0.01 0.01 
-0.0 0.01 46:1.0 
-0.01 0.01 
-0.01 0.01 
-0.01 0.01 
-0.01 0.01 
-0.0 0.01 5:1.0 
-0.01 0.01 
-0.01 0.01 
-0.01 0.01 
-0.01 0.01 
-0.01 0.01 
-0.0 0.01 111:1.0 
-0.01 0.01 
-0.01 0.01 
-0.01 0.01 
-0.01 0.01 
-0.01 0.01 
-0.01 0.01 
-0.01 0.01 
-0.01 0.01 
-0.01 0.01 
-0.01 0.01 
-0.0 0.01 16:1.0 
-0.01 0.01 
-0.01 0.01 
-0.01 0.01 
-0.01 0.01 
-0.01 0.01 
-0.01 0.01 
-0.01 0.01 
-0.01 0.01 
-0.01 0.01 
-0.01 0.01 
-0.01 0.01 
-0.01 0.01 
-0.0 0.01 50:1.0 79:1.0 
-0.01 0.01 
-0.01 0.01 
-0.01 0.01 
-0.01 0.01 
-0.01 0.01 
-0.01 0.01 
-0.01 0.01 
-0.01 0.01 
-0.01 0.01 
-0.0 0.01 70:1.0 
-0.01 0.01 
-0.01 0.01 
-0.01 0.01 
-0.01 0.01 
-0.01 0.01 
-0.01 0.01 
-0.01 0.01 
-0.01 0.01 
-0.01 0.01 64:1.0 77:1.0 
-0.01 0.01 
-0.01 0.01 
-0.01 0.01 
-0.01 0.01 
-0.01 0.01 
-0.01 0.01 
-0.01 0.01 
-0.01 0.01 
-0.01 0.01 
-0.01 0.01 
-0.01 0.01 
-0.01 0.01 
-0.01 0.01 
-0.01 0.01 
-0.01 0.01 
-0.01 0.01 
-0.01 0.01 
-0.01 0.0 18:1.0 
-0.01 0.01 
-0.01 0.01 
-0.01 0.01 
-0.01 0.01 
-0.0 0.01 106:1.0 
-0.01 0.01 
-0.01 0.01 
-0.01 0.01 
-0.0 0.01 114:1.0 118:1.0 127:1.0 
-0.0 0.01 98:1.0 113:1.0 
-0.01 0.01 
-0.01 0.01 
-0.01 0.01 
-0.01 0.01 
-0.01 0.01 82:1.0 
-0.01 0.01 
-0.0 0.01 44:1.0 
-0.0 0.01 73:1.0 102:1.0 
-0.0 0.01 78:1.0 
-0.01 0.01 
-0.0 0.01 30:1.0 
-0.01 0.01 
-0.01 0.01 
-0.01 0.01 
-0.01 0.01 
-0.01 0.01 
-0.0 0.01 24:1.0 49:1.0 112:1.0 121:1.0 130:1.0 
-0.0 0.01 75:1.0 
-0.0 0.01 14:1.0 
-0.0 0.01 28:1.0 96:1.0 
-0.0 0.01 21:1.0 22:1.0 88:1.0 
-0.01 0.01 
-0.01 0.01 
-0.01 0.01 
-0.01 0.01 18:1.0 
-0.01 0.01 
-0.01 0.01 
-0.01 0.01 91:1.0 120:1.0 
-0.01 0.01 
-0.0 0.01 22:1.0 40:1.0 73:1.0 
-0.01 0.01 
-0.01 0.01 
-0.01 0.01 
-0.01 0.01 
-0.0 0.01 115:1.0 
-0.0 -0.01 
-0.0 -0.01 
-0.0 -0.01 
-0.0 -0.01 
-0.0 -0.01 
-0.0 -0.01 
-0.0 -0.01 
-0.0 -0.01 78:1.0 
-0.01 -0.01 10:1.0 
-0.0 -0.01 
-0.0 -0.01 
-0.0 -0.01 
-0.0 -0.01 
-0.0 -0.01 
-0.0 -0.01 
-0.0 -0.01 
-0.01 -0.01 48:1.0 
-0.0 -0.01 
-0.0 -0.01 
-0.0 -0.01 
-0.0 -0.01 
-0.0 -0.01 
-0.0 -0.01 117:1.0 
-0.0 -0.01 109:1.0 
-0.01 -0.01 17:1.0 
-0.0 -0.01 
-0.0 -0.01 42:1.0 
-0.0 -0.01 
-0.0 -0.01 
-0.0 -0.01 
-0.0 -0.01 
-0.01 -0.01 
-0.01 -0.01 
-0.01 -0.01 
-0.01 -0.01 
-0.0 -0.01 3:1.0 
-0.01 -0.01 
-0.01 -0.01 
-0.01 -0.01 
-0.01 -0.01 
-0.01 -0.01 
-0.0 -0.01 122:1.0 
-0.01 -0.01 13:1.0 75:1.0 
-0.01 -0.01 
-0.0 -0.01 60:1.0 
-0.01 -0.01 
-0.01 -0.01 
-0.01 -0.01 
-0.01 -0.01 
-0.01 -0.01 
-0.01 -0.01 
-0.01 -0.01 89:1.0 
-0.01 -0.01 
-0.01 -0.01 
-0.01 -0.01 
-0.01 -0.01 
-0.01 -0.01 101:1.0 105:1.0 
-0.01 -0.01 
-0.01 -0.01 
-0.01 -0.01 
-0.01 -0.01 
-0.0 -0.01 79:1.0 
-0.01 -0.01 
-0.01 -0.01 
-0.01 -0.01 
-0.01 -0.01 
-0.01 -0.01 
-0.0 -0.01 109:1.0 
-0.01 -0.01 
-0.01 -0.01 
-0.01 -0.01 
-0.01 -0.01 
-0.01 -0.01 3:1.0 
-0.01 -0.01 
-0.01 -0.01 
-0.01 -0.01 
-0.01 -0.01 
-0.01 -0.01 
-0.01 -0.01 
-0.01 -0.01 
-0.0 -0.01 9:1.0 
-0.0 -0.01 90:1.0 
-0.01 -0.01 
-0.01 -0.01 
-0.01 -0.01 
-0.01 -0.01 
-0.01 -0.01 
-0.01 -0.01 
-0.0 -0.01 98:1.0 
-0.01 -0.01 
-0.01 -0.01 
-0.01 -0.01 
-0.01 -0.01 
-0.0 -0.01 29:1.0 
-0.01 -0.01 
-0.01 -0.01 5:1.0 6:1.0 
-0.01 -0.01 
-0.0 -0.01 56:1.0 
-0.0 -0.01 34:1.0 
-0.01 -0.01 
-0.01 -0.01 
-0.01 -0.01 
-0.0 -0.01 16:1.0 19:1.0 71:1.0 
-0.01 -0.01 
-0.01 -0.01 
-0.01 -0.01 
-0.01 -0.01 
-0.0 -0.01 63:1.0 
-0.01 -0.01 
-0.01 -0.01 
-0.01 -0.01 
-0.01 -0.01 
-0.01 -0.01 
-0.01 -0.01 
-0.0 -0.01 14:1.0 35:1.0 71:1.0 
-0.01 -0.01 
-0.01 -0.01 
-0.01 -0.01 
-0.01 -0.01 
-0.0 -0.01 23:1.0 
-0.0 -0.01 47:1.0 
-0.0 -0.01 98:1.0 
-0.0 -0.01 109:1.0 
-0.0 -0.01 30:1.0 
-0.01 -0.01 
-0.01 -0.01 8:1.0 
-0.01 -0.01 
-0.01 -0.01 
-0.01 -0.01 
-0.01 -0.01 
-0.01 -0.01 
-0.01 -0.01 
-0.01 -0.01 86:1.0 
-0.01 -0.01 
-0.01 -0.01 
-0.01 -0.01 
-0.01 -0.01 
-0.01 -0.01 
-0.0 -0.01 29:1.0 
-0.01 -0.01 
-0.01 -0.01 
-0.01 -0.01 
-0.01 -0.01 
-0.01 -0.01 28:1.0 101:1.0 
-0.01 -0.01 
-0.01 -0.01 
-0.01 -0.01 103:1.0 
-0.01 -0.01 
-0.01 -0.01 
-0.0 -0.01 28:1.0 
-0.01 -0.01 
-0.0 -0.01 26:1.0 99:1.0 132:1.0 
-0.0 -0.01 47:1.0 
-0.01 -0.01 
-0.01 -0.01 
-0.01 -0.01 
-0.01 -0.01 
-0.0 -0.01 44:1.0 
-0.01 -0.01 
-0.01 -0.01 
-0.01 -0.01 
-0.01 -0.01 
-0.01 -0.01 
-0.01 -0.01 
-0.0 -0.01 57:1.0 
-0.0 -0.01 31:1.0 
-0.01 -0.01 
-0.0 -0.01 59:1.0 
-0.01 -0.01 
-0.01 -0.01 
-0.01 -0.01 
-0.01 -0.01 19:1.0 84:1.0 
-0.01 -0.01 
-0.01 -0.01 
-0.01 -0.01 20:1.0 45:1.0 125:1.0 
-0.01 -0.01 
-0.0 -0.01 77:1.0 
-0.01 -0.01 
-0.01 -0.01 
-0.01 -0.01 
-0.01 -0.01 
-0.0 -0.01 5:1.0 88:1.0 
-0.01 -0.01 
-0.01 -0.01 
-0.01 -0.01 37:1.0 
-0.01 -0.01 
-0.0 -0.01 93:1.0 
-0.01 -0.01 
-0.0 -0.01 77:1.0 
-0.01 -0.01 
-0.01 -0.01 
-0.01 -0.01 
-0.01 -0.01 
-0.01 -0.01 
-0.0 -0.01 79:1.0 
-0.01 -0.01 
-0.01 -0.01 
-0.01 -0.01 
-0.0 -0.01 74:1.0 
-0.01 -0.01 
-0.01 -0.01 
-0.01 -0.01 
-0.0 -0.01 114:1.0 118:1.0 127:1.0 
-0.0 -0.01 29:1.0 37:1.0 108:1.0 
-0.0 -0.01 78:1.0 
-0.01 -0.01 
-0.01 -0.01 
-0.0 -0.01 50:1.0 
-0.01 -0.01 
-0.0 -0.01 43:1.0 
-0.01 -0.01 
-0.01 -0.01 
-0.0 -0.01 23:1.0 
-0.01 -0.01 
-0.01 -0.01 
-0.01 -0.01 
-0.01 -0.01 
-0.01 -0.01 15:1.0 67:1.0 
-0.01 -0.01 
-0.0 -0.01 9:1.0 59:1.0 113:1.0 115:1.0 
-0.01 -0.01 
-0.01 -0.01 
-0.01 -0.01 
-0.01 -0.01 
-0.01 -0.01 
-0.01 -0.01 
-0.01 -0.01 
-0.01 -0.01 
-0.01 -0.01 
-0.01 -0.01 
-0.01 -0.01 
-0.01 -0.01 
-0.01 -0.01 
-0.01 -0.01 
-0.01 -0.01 
-0.01 -0.01 
-0.01 -0.01 
-0.01 -0.01 53:1.0 
-0.01 -0.01 
-0.01 -0.01 
-0.01 -0.01 
-0.01 -0.01 
-0.0 -0.01 31:1.0 
-0.0 -0.01 95:1.0 
-0.01 -0.01 
-0.01 -0.01 
-0.01 -0.01 
-0.01 -0.01 
-0.01 -0.01 
-0.01 -0.01 
-0.01 -0.01 
-0.01 -0.01 
-0.0 -0.01 56:1.0 
-0.0 -0.01 29:1.0 115:1.0 
-0.01 -0.01 
-0.01 -0.01 
-0.01 -0.01 
-0.01 -0.01 
-0.01 -0.01 
-0.0 -0.01 48:1.0 71:1.0 
-0.0 -0.01 109:1.0 
-0.01 -0.01 43:1.0 
-0.01 -0.01 
-0.0 -0.01 47:1.0 
-0.01 -0.01 
-0.01 -0.01 
-0.01 -0.01 
-0.01 -0.01 64:1.0 
-0.01 -0.01 
-0.0 -0.01 9:1.0 
-0.01 -0.01 
-0.01 -0.01 
-0.0 -0.01 60:1.0 
-0.01 -0.01 
-0.01 -0.01 1:1.0 
-0.01 -0.01 
-0.01 -0.01 
-0.01 -0.01 
-0.01 -0.01 
-0.01 -0.01 
-0.01 -0.01 
-0.01 -0.01 
-0.01 -0.01 
-0.01 -0.01 
-0.01 -0.01 
-0.01 -0.01 
-0.01 -0.01 
-0.01 -0.01 
-0.01 -0.01 
-0.01 -0.01 
-0.01 -0.01 
-0.01 -0.01 
-0.0 -0.01 113:1.0 
-0.01 -0.01 
-0.01 -0.01 
-0.01 -0.01 
-0.01 -0.01 4:1.0 
-0.01 -0.01 
-0.01 -0.01 
-0.0 -0.01 12:1.0 
-0.01 -0.01 
-0.01 -0.01 
-0.0 -0.01 10:1.0 55:1.0 
-0.0 -0.01 113:1.0 
-0.01 -0.01 
-0.01 -0.01 
-0.01 -0.01 
-0.01 -0.01 
-0.01 -0.01 
-0.01 -0.01 
-0.01 -0.01 
-0.01 -0.01 
-0.01 -0.01 
-0.01 -0.01 
-0.0 -0.01 109:1.0 
-0.01 -0.01 54:1.0 
-0.01 -0.01 85:1.0 
-0.0 -0.01 78:1.0 
-0.01 -0.01 
-0.01 -0.01 43:1.0 
-0.0 -0.01 16:1.0 26:1.0 76:1.0 99:1.0 129:1.0 132:1.0 
-0.0 -0.01 93:1.0 
-0.01 -0.01 
-0.01 -0.01 
-0.01 -0.01 
-0.01 -0.01 
-0.01 -0.01 
-0.01 -0.01 
-0.0 -0.01 79:1.0 
-0.01 -0.01 
-0.0 -0.01 11:1.0 117:1.0 
-0.01 -0.01 
-0.0 -0.01 80:1.0 
-0.01 -0.01 
-0.01 -0.01 
-0.01 -0.01 
-0.01 -0.01 
-0.0 -0.01 60:1.0 
-0.01 -0.01 
-0.0 -0.01 47:1.0 60:1.0 
-0.0 -0.01 36:1.0 
-0.01 -0.01 
-0.01 -0.01 
-0.01 -0.01 
-0.01 -0.01 
-0.01 -0.01 
-0.01 -0.01 
-0.01 -0.01 
-0.01 -0.01 
-0.01 -0.01 
-0.01 -0.01 
-0.01 -0.01 
-0.0 -0.01 22:1.0 
-0.01 -0.01 
-0.01 -0.01 
-0.01 -0.01 20:1.0 45:1.0 125:1.0 
-0.01 -0.01 
-0.01 -0.01 
-0.01 -0.01 
-0.01 -0.01 
-0.01 -0.01 101:1.0 
-0.0 -0.01 114:1.0 118:1.0 127:1.0 
-0.01 -0.01 
-0.01 -0.01 
-0.01 -0.01 
-0.01 -0.01 
-0.01 -0.01 
-0.01 -0.01 
-0.01 -0.01 
-0.01 -0.01 77:1.0 
-0.0 -0.01 54:1.0 61:1.0 110:1.0 
-0.01 -0.01 
-0.01 -0.01 
-0.01 -0.01 
-0.0 -0.01 5:1.0 
-0.0 -0.01 16:1.0 19:1.0 
-0.01 -0.01 
-0.01 -0.01 54:1.0 95:1.0 
-0.01 -0.01 86:1.0 
-0.01 -0.01 
-0.01 -0.01 47:1.0 
-0.01 -0.01 
-0.01 -0.01 
-0.01 -0.01 
-0.0 -0.01 65:1.0 
-0.01 -0.01 
-0.01 -0.01 
-0.01 -0.01 
-0.01 -0.01 
-0.01 -0.01 
-0.01 -0.01 45:1.0 
-0.01 -0.01 
-0.01 -0.01 
-0.01 -0.01 
-0.01 -0.01 
-0.01 -0.01 
-0.01 -0.01 
-0.01 -0.01 
-0.01 -0.01 
-0.01 -0.01 
-0.01 -0.01 
-0.01 -0.01 
-0.01 -0.01 
-0.01 -0.01 2:1.0 91:1.0 
-0.01 -0.01 
-0.01 -0.01 
-0.0 -0.01 109:1.0 
-0.01 -0.01 60:1.0 72:1.0 
-0.01 -0.01 
-0.0 -0.01 68:1.0 
-0.0 -0.01 39:1.0 94:1.0 
-0.01 -0.01 
-0.01 -0.01 
-0.01 -0.01 
-0.01 -0.01 
-0.01 -0.01 
-0.01 -0.01 
-0.01 -0.01 
-0.0 -0.01 38:1.0 
-0.01 -0.01 
-0.01 -0.01 
-0.01 -0.01 
-0.01 -0.01 
-0.01 -0.01 
-0.0 -0.01 74:1.0 
-0.0 -0.01 73:1.0 
-0.01 -0.01 
-0.0 -0.01 38:1.0 
-0.01 -0.01 
-0.01 -0.01 
-0.01 -0.01 
-0.01 -0.01 
-0.01 -0.01 
-0.01 -0.01 
-0.01 -0.01 
-0.01 -0.01 8:1.0 
-0.01 -0.01 
-0.01 -0.01 
-0.01 -0.01 
-0.01 -0.01 
-0.01 -0.01 
-0.01 -0.01 77:1.0 
-0.01 -0.01 
-0.01 -0.01 
-0.01 -0.01 
-0.01 -0.01 
-0.01 -0.01 
-0.01 -0.01 
-0.01 -0.01 25:1.0 65:1.0 
-0.0 -0.01 70:1.0 
-0.01 -0.01 
-0.01 -0.01 74:1.0 
-0.01 -0.01 
-0.01 -0.01 
-0.01 -0.01 
-0.01 -0.01 
-0.01 -0.01 
-0.01 -0.01 
-0.01 -0.01 
-0.01 -0.01 
-0.0 -0.01 23:1.0 
-0.01 -0.01 
-0.01 -0.01 
-0.01 -0.01 
-0.01 -0.01 
-0.01 -0.01 13:1.0 
-0.01 -0.01 
-0.0 -0.01 115:1.0 
-0.01 -0.01 
-0.0 -0.01 26:1.0 99:1.0 132:1.0 
-0.01 -0.01 
-0.01 -0.01 
-0.01 -0.01 
-0.0 -0.01 26:1.0 99:1.0 132:1.0 
-0.01 -0.01 
-0.01 -0.01 77:1.0 
-0.01 -0.01 
-0.01 -0.01 
-0.01 -0.01 
-0.01 -0.01 
-0.01 -0.01 
-0.01 -0.01 
-0.01 -0.01 
-0.01 -0.01 
-0.01 -0.01 
-0.01 -0.01 
-0.01 -0.01 
-0.01 -0.01 
-0.01 -0.01 
-0.01 -0.01 
-0.01 -0.01 
-0.01 -0.01 
-0.01 -0.01 
-0.01 -0.01 
-0.0 -0.01 42:1.0 
-0.01 -0.01 
-0.01 -0.01 
-0.01 -0.01 
-0.01 -0.01 
-0.01 -0.01 
-0.01 -0.01 
-0.0 -0.01 23:1.0 
-0.01 -0.01 
-0.0 -0.01 27:1.0 
-0.01 -0.01 
-0.0 -0.01 38:1.0 
-0.01 -0.01 
-0.01 -0.01 
-0.01 -0.01 
-0.0 -0.01 71:1.0 
-0.01 -0.01 15:1.0 
-0.01 -0.01 
-0.01 -0.01 
-0.01 -0.01 
-0.01 -0.01 
-0.0 -0.01 109:1.0 
-0.01 -0.01 
-0.0 -0.01 113:1.0 
-0.0 -0.01 109:1.0 
-0.01 -0.01 20:1.0 45:1.0 58:1.0 92:1.0 104:1.0 124:1.0 125:1.0 126:1.0 128:1.0 
-0.01 -0.01 
-0.0 -0.01 40:1.0 73:1.0 94:1.0 
-0.01 -0.01 
-0.01 -0.01 
-0.01 -0.01 
-0.01 -0.01 
-0.01 -0.01 
-0.01 -0.01 81:1.0 
-0.01 -0.01 
-0.01 -0.01 
-0.01 -0.01 
-0.01 -0.01 
-0.01 -0.01 
-0.01 -0.01 
-0.01 -0.01 
-0.01 -0.01 
-0.01 -0.01 
