svm_type c_svc
kernel_type rbf
gamma 10.0
nr_class 3
total_sv 1541
rho 0.9531224649635612 0.9148626487869981 -0.9366146922741906
label 2 0 1
nr_sv 419 585 537
SV
0.1 0.1 
0.1 0.1 
0.1 0.1 
0.1 0.1 45:1.0 58:1.0 104:1.0 116:1.0 126:1.0 128:1.0 
0.1 0.1 
0.1 0.1 61:1.0 86:1.0 
0.1 0.1 
0.1 0.1 
0.1 0.1 
0.1 0.1 
0.1 0.1 
0.1 0.1 
0.1 0.1 
0.1 0.1 
0.1 0.1 
0.1 0.1 27:1.0 101:1.0 105:1.0 
0.1 0.1 84:1.0 
0.1 0.1 
0.1 0.1 
0.1 0.1 
0.1 0.1 
0.1 0.1 
0.1 0.1 18:1.0 
0.1 0.1 
0.1 0.1 
0.1 0.1 
0.1 0.1 
0.1 0.1 
0.1 0.1 
0.1 0.1 
0.1 0.1 
0.1 0.1 
0.1 0.1 
0.1 0.1 
0.1 0.1 
0.1 0.1 
0.1 0.1 
0.1 0.1 
0.1 0.1 
0.1 0.1 
0.1 0.1 4:1.0 
0.1 0.1 
0.1 0.1 45:1.0 58:1.0 104:1.0 116:1.0 126:1.0 128:1.0 
0.1 0.1 
0.1 0.1 
0.1 0.1 
0.1 0.1 
0.1 0.1 
0.1 0.1 
0.1 0.1 
0.1 0.1 
0.1 0.1 
0.1 0.1 61:1.0 
0.1 0.1 
0.1 0.1 
0.1 0.1 
0.1 0.1 32:1.0 
0.1 0.1 
0.1 0.1 
0.1 0.1 
0.1 0.1 81:1.0 
0.1 0.1 
0.1 0.1 
0.1 0.1 
0.1 0.1 
0.1 0.1 72:1.0 
0.1 0.1 8:1.0 
0.1 0.1 86:1.0 
0.1 0.1 
0.1 0.1 
0.1 0.1 20:1.0 45:1.0 58:1.0 92:1.0 104:1.0 124:1.0 125:1.0 126:1.0 128:1.0 
0.1 0.1 6:1.0 116:1.0 
0.1 0.1 
0.1 0.1 
0.1 0.1 
0.1 0.1 6:1.0 
0.1 0.1 
0.1 0.1 3:1.0 
0.1 0.1 
0.1 0.1 
0.1 0.1 
0.1 0.1 
0.1 0.1 
0.1 0.1 
0.1 0.1 
0.1 0.1 
0.1 0.1 
0.1 0.1 
0.1 0.1 
0.1 0.1 
0.1 0.1 72:1.0 101:1.0 
0.1 0.1 110:1.0 
0.1 0.1 20:1.0 45:1.0 58:1.0 92:1.0 104:1.0 124:1.0 125:1.0 126:1.0 128:1.0 
0.1 0.1 
0.1 0.1 110:1.0 
0.1 0.1 
0.1 0.1 
0.1 0.1 4:1.0 91:1.0 
0.1 0.1 
0.1 0.1 
0.1 0.1 
0.1 0.1 
0.1 0.1 
0.1 0.1 72:1.0 
0.1 0.1 
0.1 0.1 
0.1 0.1 
0.1 0.1 81:1.0 
0.1 0.1 
0.1 0.1 
0.1 0.1 
0.1 0.1 
0.1 0.1 
0.1 0.1 
0.1 0.1 
0.1 0.1 35:1.0 
0.1 0.1 58:1.0 
0.1 0.1 
0.1 0.1 
0.1 0.1 
0.1 0.1 
0.1 0.1 116:1.0 
0.1 0.1 
0.1 0.1 
0.1 0.1 
0.1 0.1 52:1.0 
0.1 0.1 
0.1 0.1 
0.1 0.1 
0.1 0.1 
0.1 0.1 
0.1 0.1 
0.1 0.1 
0.1 0.1 
0.1 0.1 
0.1 0.1 
0.1 0.1 
0.1 0.1 
0.1 0.1 
0.1 0.1 
0.1 0.1 
0.1 0.1 
0.1 0.1 
0.1 0.1 85:1.0 
0.1 0.1 
0.1 0.1 
0.1 0.1 
0.1 0.1 
0.1 0.1 
0.1 0.1 
0.1 0.1 
0.1 0.1 
0.1 0.1 
0.1 0.1 
0.1 0.1 101:1.0 
0.1 0.1 
0.1 0.1 
0.1 0.1 
0.1 0.1 
0.1 0.1 1:1.0 
0.1 0.1 77:1.0 
0.1 0.1 1:1.0 53:1.0 
0.1 0.1 54:1.0 
0.1 0.1 
0.1 0.1 6:1.0 
0.1 0.1 
0.1 0.1 
0.1 0.1 15:1.0 67:1.0 
0.1 0.1 107:1.0 
0.1 0.1 54:1.0 
0.1 0.1 29:1.0 77:1.0 
0.1 0.1 
0.1 0.1 
0.1 0.1 47:1.0 
0.1 0.1 
0.1 0.1 108:1.0 
0.1 0.1 18:1.0 
0.1 0.1 
0.1 0.1 
0.1 0.1 
0.1 0.1 
0.1 0.1 25:1.0 
0.1 0.1 
0.1 0.1 
0.1 0.1 
0.1 0.1 
0.1 0.1 13:1.0 45:1.0 104:1.0 128:1.0 
0.1 0.1 
0.1 0.1 
0.1 0.1 
0.1 0.1 
0.1 0.1 
0.1 0.1 
0.1 0.1 
0.1 0.1 
0.1 0.1 
0.1 0.1 37:1.0 
0.1 0.1 
0.1 0.1 
0.1 0.1 
0.1 0.1 
0.1 0.1 13:1.0 
0.1 0.1 
0.1 0.1 
0.1 0.1 
0.1 0.1 
0.1 0.1 
0.1 0.1 
0.1 0.1 
0.1 0.1 
0.1 0.1 101:1.0 
0.1 0.1 105:1.0 
0.1 0.1 
0.1 0.1 45:1.0 
0.1 0.1 
0.1 0.1 72:1.0 
0.1 0.1 
0.1 0.1 
0.1 0.1 
0.1 0.1 
0.1 0.1 13:1.0 
0.1 0.1 
0.1 0.1 
0.1 0.1 61:1.0 
0.1 0.1 
0.1 0.1 103:1.0 
0.1 0.1 
0.1 0.1 67:1.0 
0.1 0.1 
0.1 0.1 48:1.0 
0.1 0.1 
0.1 0.1 
0.1 0.1 82:1.0 121:1.0 
0.1 0.1 
0.1 0.1 
0.1 0.1 37:1.0 
0.1 0.1 8:1.0 
0.1 0.1 
0.1 0.1 58:1.0 91:1.0 92:1.0 120:1.0 124:1.0 
0.1 0.1 
0.1 0.1 
0.1 0.1 4:1.0 58:1.0 120:1.0 
0.1 0.1 43:1.0 48:1.0 
0.1 0.1 
0.1 0.1 
0.1 0.1 
0.1 0.1 45:1.0 
0.1 0.1 
0.1 0.1 43:1.0 
0.1 0.1 103:1.0 
0.1 0.1 
0.1 0.1 
0.1 0.1 
0.1 0.1 
0.1 0.1 
0.1 0.1 77:1.0 
0.1 0.1 
0.1 0.1 
0.1 0.1 
0.1 0.1 
0.1 0.1 
0.1 0.1 
0.1 0.1 
0.1 0.1 91:1.0 
0.1 0.1 
0.1 0.1 
0.1 0.1 64:1.0 
0.1 0.1 
0.1 0.1 
0.1 0.1 
0.1 0.1 
0.1 0.1 35:1.0 
0.1 0.1 17:1.0 52:1.0 
0.1 0.1 
0.1 0.1 
0.1 0.1 17:1.0 
0.1 0.1 17:1.0 
0.1 0.1 
0.1 0.1 
0.1 0.1 
0.1 0.1 
0.1 0.1 
0.1 0.1 
0.1 0.1 
0.1 0.1 103:1.0 
0.1 0.1 
0.1 0.1 
0.1 0.1 
0.1 0.1 
0.1 0.1 52:1.0 102:1.0 
0.1 0.1 
0.1 0.1 
0.1 0.1 
0.1 0.1 
0.1 0.1 
0.1 0.1 
0.1 0.1 108:1.0 
0.1 0.1 103:1.0 
0.1 0.1 
0.1 0.1 
0.1 0.1 101:1.0 
0.1 0.1 
0.1 0.1 
0.1 0.1 
0.1 0.1 
0.1 0.1 
0.1 0.1 81:1.0 105:1.0 
0.1 0.1 
0.1 0.1 
0.1 0.1 
0.1 0.1 
0.1 0.1 
0.1 0.1 
0.1 0.1 
0.1 0.1 
0.1 0.1 
0.1 0.1 
0.1 0.1 
0.1 0.1 61:1.0 
0.1 0.1 
0.1 0.1 
0.1 0.1 52:1.0 
0.1 0.1 100:1.0 
0.1 0.1 
0.1 0.1 
0.1 0.1 
0.1 0.1 
0.1 0.1 
0.1 0.1 
0.1 0.1 
0.1 0.1 
0.1 0.1 10:1.0 
0.1 0.1 
0.1 0.1 107:1.0 
0.1 0.1 
0.1 0.1 
0.1 0.1 
0.1 0.1 
0.1 0.1 
0.1 0.1 
0.1 0.1 101:1.0 
0.1 0.1 
0.1 0.1 
0.1 0.1 
0.1 0.1 
0.1 0.1 
0.1 0.1 
0.1 0.1 
0.1 0.1 
0.1 0.1 
0.1 0.1 
0.1 0.1 
0.1 0.1 
0.1 0.1 
0.1 0.1 
0.1 0.1 
0.1 0.1 
0.1 0.1 
0.1 0.1 
0.1 0.1 
0.1 0.1 
0.1 0.1 
0.1 0.1 
0.1 0.1 
0.1 0.1 
0.1 0.1 
0.1 0.1 
0.1 0.1 
0.1 0.1 
0.1 0.1 25:1.0 
0.1 0.1 
0.1 0.1 
0.1 0.1 
0.1 0.1 
0.1 0.1 
0.1 0.1 
0.1 0.1 
0.1 0.1 
0.1 0.1 15:1.0 62:1.0 
0.1 0.1 
0.1 0.1 
0.1 0.1 
0.1 0.1 
0.1 0.1 
0.1 0.1 
0.1 0.1 
0.1 0.1 
0.1 0.1 
0.1 0.1 
0.1 0.1 
0.1 0.1 
0.1 0.1 
0.1 0.1 
0.1 0.1 
0.1 0.1 
0.1 0.1 62:1.0 
0.1 0.1 
0.1 0.1 
0.1 0.1 
0.1 0.1 
0.1 0.1 
0.1 0.1 
0.1 0.1 89:1.0 
0.1 0.1 
0.1 0.1 15:1.0 67:1.0 
0.1 0.1 
0.1 0.1 
0.1 0.1 
0.1 0.1 
0.1 0.1 74:1.0 
0.1 0.1 
0.1 0.1 
0.1 0.1 
0.1 0.1 
0.1 0.1 
0.1 0.1 
0.1 0.1 
0.1 0.1 
0.1 0.1 
-0.04999092094151937 0.1 47:1.0 
-0.0 0.0632663003949364 113:1.0 
-0.04687322554427511 0.06327734784087377 41:1.0 
-0.1 0.1 86:1.0 
-0.04687329746080854 0.06328020351600308 73:1.0 98:1.0 
-0.0468735099797761 0.06328020315615264 7:1.0 63:1.0 
-0.04687762475912158 0.06328311166493719 66:1.0 123:1.0 
-0.04687641792503833 0.06328484993697762 80:1.0 113:1.0 
-0.04999773232213035 0.1 3:1.0 
-0.0 0.1 109:1.0 
-0.046875355187698864 0.06406420240411043 55:1.0 
-0.046875214359417466 0.1 47:1.0 60:1.0 
-0.1 0.0 107:1.0 
-0.1 0.0 35:1.0 
-0.04687577978637579 0.06328309431379789 11:1.0 114:1.0 118:1.0 127:1.0 
-0.046875354934935665 0.1 9:1.0 
-0.04687762462547709 0.0632830940066599 53:1.0 58:1.0 91:1.0 120:1.0 
-0.0 0.07499659616461787 53:1.0 
-0.04687358129573571 0.1 56:1.0 
-0.04687854528986349 0.06329222730049719 20:1.0 41:1.0 45:1.0 125:1.0 
-0.0 0.1 71:1.0 
-0.1 0.06328066467810009 116:1.0 
-0.1 0.1 45:1.0 
-0.1 0.06328465551249485 25:1.0 
-0.04687414897842886 0.1 117:1.0 
-0.046872302781949725 0.1 23:1.0 
-0.0499954599040057 0.0 13:1.0 
-0.0 0.1 31:1.0 
-0.0499965968602577 0.07499262492012629 8:1.0 
-0.1 0.06406388331480668 6:1.0 
-0.0 0.0749948933837658 12:1.0 
-0.0 0.1 57:1.0 
-0.046873581938120995 0.06327738323134803 96:1.0 113:1.0 
-0.04687542606701908 0.06328013246105495 40:1.0 114:1.0 
-0.04687556815596097 0.06328020408970139 16:1.0 71:1.0 76:1.0 129:1.0 
-0.046877624821898306 0.06328016755510205 62:1.0 102:1.0 
-0.1 0.06405983985592086 61:1.0 
-0.04687329809657603 0.1 11:1.0 117:1.0 
-0.1 0.1 8:1.0 
-0.0 0.07499432632265049 90:1.0 
-0.0 0.06874233958611334 44:1.0 
-0.0 0.06405764128783713 42:1.0 
-0.04999659680867054 0.1 77:1.0 
-0.04687535463697168 0.0632801674993578 40:1.0 71:1.0 
-0.0 0.1 78:1.0 
-0.09687946789478345 0.1 47:1.0 
-0.046873368483480476 0.0632801864100368 21:1.0 115:1.0 
-0.04687358107013593 0.0632773833212216 7:1.0 113:1.0 
-0.046875495212463675 0.06330577552424495 23:1.0 93:1.0 
-0.046875354930093094 0.06328917770565777 19:1.0 
-0.1 0.0 81:1.0 
-0.0 0.0632744232004528 98:1.0 
-0.1 0.1 103:1.0 
-0.1 0.06327729473486621 107:1.0 
-0.04687358029568523 0.06328930156610953 2:1.0 79:1.0 
-0.046873581935019906 0.08828238480031494 12:1.0 
-0.0 0.1 
-0.0 0.1 
-0.04687982457172399 0.06328022080556378 44:1.0 84:1.0 
-0.0 0.1 
-0.0 0.07499262490728684 68:1.0 
-0.0 0.1 
-0.0 0.1 
-0.0 0.1 
-0.0 0.1 
-0.04687109804423281 0.06327445866657137 21:1.0 
-0.0 0.1 
-0.0 0.1 
-0.0 0.1 
-0.0 0.1 98:1.0 
-0.0 0.1 
-0.0 0.1 
-0.0 0.1 
-0.0 0.1 
-0.0 0.1 
-0.0 0.1 
-0.0 0.1 
-0.0 0.1 
-0.0 0.1 43:1.0 
-0.0 0.1 
-0.0 0.1 113:1.0 
-0.0 0.1 
-0.0 0.1 
-0.1 0.1 13:1.0 
-0.046871665385786736 0.1 73:1.0 
-0.04687336923843737 0.06328928405813739 2:1.0 47:1.0 
-0.0 0.1 
-0.04687414813769589 0.0632775972233497 50:1.0 71:1.0 
-0.046873581912360095 0.1 39:1.0 94:1.0 
-0.0 0.1 
-0.0 0.1 
-0.1 0.065621949722756 81:1.0 
-0.0 0.1 
-0.0 0.1 
-0.0 0.1 114:1.0 118:1.0 127:1.0 
-0.0 0.1 
-0.0 0.1 
-0.0 0.1 
-0.0 0.1 
-0.0 0.1 
-0.0 0.1 
-0.0 0.1 
-0.0968776228333548 0.1 3:1.0 
-0.0 0.1 
-0.0 0.1 
-0.0 0.1 
-0.0 0.1 
-0.046877554428704754 0.06328302390409249 34:1.0 45:1.0 58:1.0 92:1.0 104:1.0 124:1.0 126:1.0 128:1.0 
-0.0 0.1 
-0.04687343987002393 0.06327738388429598 95:1.0 113:1.0 
-0.0 0.1 
-0.0 0.1 
-0.0 0.1 
-0.0 0.1 
-0.0 0.1 
-0.0 0.1 
-0.0 0.1 
-0.04687322665039075 0.0632801324779563 42:1.0 63:1.0 
-0.046883085670957614 0.06328472600304774 10:1.0 62:1.0 
-0.0 0.1 
-0.0 0.1 
-0.0 0.1 
-0.0 0.1 
-0.0 0.1 
-0.046875355103948135 0.1 109:1.0 
-0.0 0.1 36:1.0 
-0.0 0.1 
-0.0 0.1 
-0.0 0.1 
-0.0 0.1 
-0.0 0.1 
-0.0 0.1 113:1.0 
-0.0 0.1 
-0.0 0.1 
-0.0 0.1 
-0.0 0.1 
-0.0 0.1 
-0.0 0.1 
-0.0 0.1 
-0.0 0.1 
-0.0 0.1 
-0.0 0.1 
-0.0 0.1 
-0.046875424962455725 0.06328018525112869 24:1.0 49:1.0 69:1.0 83:1.0 97:1.0 112:1.0 121:1.0 130:1.0 131:1.0 133:1.0 
-0.0 0.1 
-0.0 0.1 
-0.0 0.1 
-0.0 0.1 
-0.046875638137073836 0.06328930082549815 93:1.0 96:1.0 
-0.0 0.1 
-0.1 0.1 
-0.1 0.1 
-0.1 0.1 
-0.1 0.1 
-0.1 0.1 
-0.1 0.1 
-0.1 0.1 
-0.1 0.1 
-0.1 0.1 
-0.1 0.1 
-0.1 0.1 
-0.04687109815056287 0.1 63:1.0 
-0.1 0.1 
-0.1 0.1 
-0.1 0.1 
-0.1 0.1 
-0.1 0.1 
-0.1 0.1 
-0.04999773257974423 0.0 32:1.0 
-0.1 0.1 
-0.1 0.1 
-0.1 0.1 
-0.04687762475266609 0.06328309391239115 62:1.0 73:1.0 83:1.0 109:1.0 
-0.1 0.1 
-0.1 0.1 
-0.1 0.1 
-0.1 0.1 
-0.1 0.1 
-0.1 0.1 
-0.04687351057574018 0.08828468732441659 68:1.0 
-0.1 0.1 
-0.1 0.1 
-0.1 0.1 
-0.1 0.1 
-0.1 0.1 
-0.1 0.1 
-0.1 0.1 
-0.1 0.1 
-0.1 0.1 
-0.04686421542627269 0.06327736634720144 39:1.0 
-0.1 0.1 
-0.1 0.1 
-0.0 0.06562180805731752 122:1.0 
-0.1 0.1 
-0.1 0.1 
-0.04688081547341807 0.1 86:1.0 
-0.1 0.1 
-0.1 0.1 
-0.1 0.1 
-0.1 0.1 
-0.1 0.1 
-0.1 0.1 
-0.1 0.1 
-0.04687542618936988 0.06328185281392654 14:1.0 35:1.0 
-0.1 0.1 
-0.1 0.1 
-0.1 0.1 
-0.1 0.1 
-0.0 0.1 42:1.0 
-0.1 0.1 
-0.1 0.1 
-0.1 0.1 
-0.1 0.1 43:1.0 
-0.1 0.1 
-0.1 0.1 
-0.1 0.1 
-0.1 0.1 
-0.1 0.1 
-0.04687535498316127 0.06406437951407512 88:1.0 
-0.0 0.1 27:1.0 
-0.1 0.1 
-0.1 0.1 
-0.1 0.1 
-0.1 0.1 
-0.1 0.06327451060763038 62:1.0 
-0.04687329817235389 0.06328020366095585 111:1.0 115:1.0 
-0.1 0.1 
-0.1 0.1 
-0.1 0.1 
-0.1 0.1 
-0.1 0.1 
-0.1 0.1 
-0.04687343990062329 0.06327738335181374 12:1.0 111:1.0 
-0.1 0.1 
-0.1 0.1 
-0.09687648924724997 0.06405820853599084 13:1.0 
-0.1 0.1 
-0.046871027844244406 0.06327903435266233 71:1.0 
-0.04687542617006587 0.06328463749029527 78:1.0 107:1.0 
-0.1 0.1 
-0.0499977326312684 0.06562166572038189 89:1.0 
-0.1 0.1 
-0.1 0.1 
-0.1 0.1 
-0.1 0.1 
-0.1 0.06328474356190583 105:1.0 
-0.1 0.1 
-0.1 0.1 
-0.09687691390544574 0.08828472283257427 8:1.0 
-0.04687202008538887 0.1 79:1.0 
-0.1 0.1 
-0.1 0.1 
-0.1 0.1 
-0.1 0.1 
-0.1 0.1 
-0.1 0.1 
-0.1 0.1 
-0.1 0.1 
-0.1 0.1 
-0.1 0.1 
-0.1 0.1 
-0.1 0.1 
-0.1 0.1 
-0.1 0.1 
-0.1 0.1 
-0.1 0.1 
-0.1 0.1 
-0.1 0.1 
-0.1 0.1 
-0.1 0.1 
-0.1 0.1 
-0.1 0.1 
-0.04687535492847439 0.1 31:1.0 
-0.04999773278583626 0.1 85:1.0 
-0.1 0.1 
-0.1 0.1 
-0.1 0.1 
-0.1 0.1 
-0.1 0.1 
-0.0 0.06326592818995655 50:1.0 
-0.1 0.1 
-0.1 0.1 
-0.1 0.1 
-0.1 0.1 
-0.1 0.1 
-0.1 0.1 
-0.1 0.1 
-0.1 0.1 
-0.1 0.1 
-0.1 0.1 
-0.1 0.1 
-0.1 0.1 
-0.1 0.1 
-0.1 0.1 
-0.04687528496039145 0.0976583954337942 122:1.0 
-0.1 0.1 
-0.1 0.1 
-0.1 0.1 
-0.1 0.1 
-0.04687145313859453 0.1 98:1.0 
-0.1 0.1 
-0.1 0.1 
-0.046864004603185586 0.1 113:1.0 
-0.1 0.1 
-0.1 0.1 
-0.1 0.1 
-0.1 0.1 
-0.04687996511344308 0.06330120093769034 23:1.0 48:1.0 
-0.1 0.1 
-0.1 0.1 
-0.1 0.1 
-0.1 0.1 
-0.1 0.1 
-0.1 0.1 
-0.1 0.1 
-0.1 0.1 
-0.046875284950690044 0.06328018601276605 51:1.0 
-0.1 0.1 
-0.1 0.1 
-0.1 0.1 
-0.0 0.1 30:1.0 
-0.0 0.1 95:1.0 
-0.1 0.1 
-0.1 0.1 
-0.1 0.1 
-0.1 0.1 
-0.1 0.1 
-0.1 0.1 
-0.1 0.1 
-0.04688017733299836 0.0632847078705619 1:1.0 33:1.0 
-0.1 0.1 
-0.1 0.1 
-0.1 0.1 
-0.1 0.1 
-0.1 0.1 
-0.1 0.1 
-0.04687535480598981 0.06329224440248098 77:1.0 102:1.0 
-0.1 0.1 
-0.1 0.1 
-0.1 0.1 
-0.1 0.1 
-0.04687528458840273 0.06328016909287709 36:1.0 
-0.1 0.1 
-0.04687414885580116 0.0632773135389435 13:1.0 50:1.0 
-0.1 0.1 
-0.1 0.1 
-0.1 0.1 
-0.0 0.1 29:1.0 
-0.046873581261828834 0.06405934355678798 94:1.0 
-0.1 0.1 
-0.04687577979930817 0.06328023914541073 29:1.0 35:1.0 
-0.1 0.1 
-0.1 0.1 
-0.1 0.1 
-0.0468736522765697 0.09921961928265607 42:1.0 
-0.046880603513009475 0.1 43:1.0 
-0.04687549626057788 0.06328765143818259 28:1.0 80:1.0 
-0.04687535483988679 0.1 22:1.0 
-0.1 0.1 
-0.1 0.1 
-0.1 0.1 
-0.1 0.1 
-0.1 0.1 
-0.04687982444132191 0.06328013255000145 41:1.0 45:1.0 
-0.046873581947771095 0.06327733130314908 21:1.0 50:1.0 
-0.1 0.1 
-0.09687755216328316 0.0632801155917812 85:1.0 
-0.046878262698150146 0.1 29:1.0 
-0.1 0.1 
-0.04687152416948982 0.1 28:1.0 
-0.1 0.1 
-0.04688024895157186 0.08828360716473795 53:1.0 
-0.1 0.1 
-0.1 0.1 
-0.1 0.1 
-0.1 0.1 
-0.046886703418343514 0.0632967137097808 38:1.0 108:1.0 
-0.1 0.1 
-0.1 0.1 
-0.1 0.1 
-0.04687528459485585 0.08828580649272666 90:1.0 
-0.1 0.1 
-0.1 0.1 
-0.1 0.1 
-0.1 0.1 
-0.1 0.1 
-0.1 0.1 
-0.1 0.1 
-0.04687549677260258 0.06405994603147341 24:1.0 49:1.0 69:1.0 83:1.0 97:1.0 112:1.0 130:1.0 131:1.0 133:1.0 
-0.1 0.1 
-0.1 0.1 
-0.1 0.1 
-0.1 0.1 
-0.1 0.1 
-0.04687414816373368 0.06328181816427011 95:1.0 
-0.1 0.1 
-0.04687528461579232 0.0632801326422234 119:1.0 
-0.046873651381279274 0.06327731314502923 114:1.0 
-0.1 0.1 
-0.1 0.1 
-0.1 0.1 
-0.04686847347676992 0.06327158529790063 96:1.0 
-0.1 0.1 
-0.04687570870699548 0.06328472495836016 8:1.0 80:1.0 
-0.1 0.1 
-0.1 0.1 
-0.1 0.1 
-0.04687528463511842 0.06328011594052041 87:1.0 
-0.1 0.1 77:1.0 
-0.1 0.1 
-0.1 0.1 
-0.04688017844899909 0.09765818289773896 81:1.0 
-0.1 0.1 
-0.1 0.1 
-0.1 0.1 
-0.1 0.1 
-0.1 0.1 
-0.1 0.1 
-0.1 0.1 
-0.1 0.1 
-0.1 0.1 
-0.1 0.1 
-0.1 0.1 
-0.1 0.1 
-0.04687528474626146 0.06405934330240318 27:1.0 
-0.04687585000880384 0.06328018506152405 16:1.0 76:1.0 129:1.0 
-0.09687762232451837 0.06405934332170979 32:1.0 
-0.1 0.1 
-0.04687351047246403 0.06328467269853341 56:1.0 68:1.0 
-0.1 0.1 
-0.046871097361732866 0.06327447543748858 33:1.0 
-0.1 0.1 
-0.1 0.1 
-0.1 0.1 
-0.1 0.1 
-0.0968776222891964 0.09765851963590677 89:1.0 
-0.1 0.1 
-0.1 0.1 
-0.046873652265311205 0.06405934335066699 11:1.0 
-0.1 0.1 
-0.04687535412354124 0.0632846734736016 39:1.0 59:1.0 
-0.1 0.06327444080105242 35:1.0 
-0.1 0.1 
-0.046871381980587004 0.06327444107810368 7:1.0 
-0.046875284646396786 0.06405934333136812 57:1.0 
-0.1 0.1 
-0.1 0.1 
-0.1 0.1 
-0.09687854444157804 0.1 77:1.0 
-0.1 0.1 
-0.1 0.1 
-0.1 0.1 
-0.1 0.1 
-0.0 0.1 70:1.0 
-0.1 0.1 
-0.1 0.1 
-0.04687109794115735 0.06327885529982519 2:1.0 
-0.1 0.1 
-0.04685783127351095 0.1 50:1.0 
-0.1 0.1 
-0.1 0.1 
-0.1 0.1 
-0.1 0.1 
-0.046875284625471636 0.06405934333136792 46:1.0 
-0.1 0.1 
-0.1 0.1 
-0.1 0.1 
-0.1 0.1 
-0.04687528465768455 0.1 5:1.0 
-0.1 0.1 
-0.1 0.1 
-0.1 0.1 
-0.04687379391611273 0.06327733082247328 13:1.0 111:1.0 
-0.1 0.1 
-0.1 0.1 
-0.046866557586308574 0.06327158577594898 111:1.0 
-0.1 0.1 
-0.1 0.1 
-0.1 0.1 
-0.1 0.1 
-0.04687393566700945 0.06327733128064125 33:1.0 50:1.0 
-0.1 0.1 
-0.1 0.1 
-0.1 0.1 
-0.1 0.1 
-0.1 0.1 
-0.1 0.1 
-0.04999773345563886 0.0 18:1.0 
-0.04687535506047287 0.06328465574846708 16:1.0 
-0.1 0.1 
-0.1 0.1 
-0.1 0.1 
-0.1 0.1 
-0.1 0.1 
-0.1 0.1 
-0.1 0.1 
-0.1 0.1 
-0.1 0.1 
-0.1 0.1 
-0.1 0.1 
-0.1 0.1 
-0.04687344013253843 0.06328953103435912 50:1.0 79:1.0 
-0.1 0.1 
-0.1 0.1 
-0.1 0.1 
-0.1 0.1 
-0.1 0.1 
-0.1 0.1 
-0.1 0.1 
-0.1 0.1 
-0.1 0.1 
-0.04687528465446611 0.06328041581456498 70:1.0 
-0.1 0.1 
-0.1 0.1 
-0.1 0.1 
-0.1 0.1 
-0.1 0.1 
-0.1 0.1 
-0.1 0.1 
-0.1 0.1 
-0.04687982462479376 0.06329673135521023 64:1.0 77:1.0 
-0.1 0.1 
-0.1 0.1 
-0.1 0.1 
-0.1 0.1 
-0.1 0.1 
-0.1 0.1 
-0.1 0.1 
-0.1 0.1 
-0.1 0.1 
-0.1 0.1 
-0.1 0.1 
-0.1 0.1 
-0.1 0.1 
-0.1 0.1 
-0.1 0.1 
-0.1 0.1 
-0.1 0.1 
-0.1 0.0 18:1.0 
-0.1 0.1 
-0.1 0.1 
-0.1 0.1 
-0.1 0.1 
-0.046875284670555906 0.06328023915334262 106:1.0 
-0.1 0.1 
-0.1 0.1 
-0.1 0.1 
-0.04687577968332078 0.1 114:1.0 118:1.0 127:1.0 
-0.046873651445459796 0.06327738321606381 98:1.0 113:1.0 
-0.1 0.1 
-0.1 0.1 
-0.1 0.1 
-0.1 0.1 
-0.04688024934297226 0.06328020345646478 82:1.0 
-0.1 0.1 
-0.0468732253703499 0.0945349385946896 44:1.0 
-0.04687549549915729 0.06328312854347432 73:1.0 102:1.0 
-0.046873652073734104 0.1 78:1.0 
-0.1 0.1 
-0.046875355140979624 0.06328043465059512 83:1.0 
-0.04687528465286511 0.0640596624110137 30:1.0 
-0.1 0.1 
-0.1 0.1 
-0.1 0.1 
-0.1 0.1 
-0.1 0.1 
-0.04687762482351879 0.0632830943613327 24:1.0 49:1.0 112:1.0 121:1.0 130:1.0 
-0.04687521433382419 0.06328469013181748 75:1.0 
-0.046873652162293764 0.06405682470606797 14:1.0 
-0.04687343991191287 0.06328025632178988 28:1.0 96:1.0 
-0.04687840422350312 0.06328304078426497 21:1.0 22:1.0 88:1.0 
-0.1 0.1 
-0.1 0.1 
-0.1 0.1 
-0.09687755123904059 0.06405966207292149 18:1.0 
-0.1 0.1 
-0.1 0.1 
-0.046882448411485395 0.06328309380779658 91:1.0 120:1.0 
-0.1 0.1 
-0.04687762461900888 0.0632830767045405 22:1.0 40:1.0 73:1.0 
-0.1 0.1 
-0.1 0.1 
-0.1 0.1 
-0.04690287952118163 0.0640959168627356 
-0.04687109769979661 0.1 115:1.0 
-0.0 -0.1 
-0.0 -0.1 
-0.0 -0.1 
-0.0 -0.1 
-0.0 -0.1 
-0.0 -0.1 
-0.0 -0.1 
-0.0 -0.1 78:1.0 
-0.1 -0.1 10:1.0 
-0.0 -0.1 
-0.0 -0.1 
-0.0 -0.1 
-0.0 -0.1 
-0.0 -0.1 
-0.0 -0.1 
-0.0 -0.1 
-0.1 -0.1 48:1.0 
-0.0 -0.1 
-0.0 -0.1 
-0.0 -0.1 
-0.0 -0.1 
-0.0 -0.1 
-0.0851510007320712 -0.1 117:1.0 
-0.0 -0.1 109:1.0 
-0.1 -0.1 17:1.0 
-0.0 -0.1 
-0.0 -0.1 42:1.0 
-0.0 -0.1 
-0.0 -0.1 
-0.0 -0.1 
-0.0 -0.1 
-0.0 -0.1 
-0.0 -0.1 
-0.0 -0.1 
-0.0 -0.1 
-0.1 -0.1 3:1.0 
-0.0 -0.1 
-0.0 -0.1 
-0.0 -0.1 
-0.0 -0.1 
-0.0 -0.1 
-0.08515483092451268 -0.1 122:1.0 
-0.08516318369927145 -0.1 13:1.0 75:1.0 
-0.0 -0.1 
-0.0 -0.1 60:1.0 
-0.0 -0.1 
-0.0 -0.1 
-0.0 -0.1 
-0.0 -0.1 
-0.0 -0.1 
-0.0 -0.1 
-0.1 -0.1 89:1.0 
-0.0 -0.1 
-0.0 -0.1 
-0.0 -0.1 
-0.0 -0.1 
-0.08517930427233777 -0.1 101:1.0 105:1.0 
-0.0 -0.1 
-0.0 -0.1 
-0.0 -0.1 
-0.0 -0.1 
-0.0 -0.1 79:1.0 
-0.0 -0.1 
-0.0 -0.1 
-0.0 -0.1 
-0.0 -0.1 
-0.0 -0.1 
-0.0 -0.1 109:1.0 
-0.0 -0.1 
-0.0 -0.1 
-0.0 -0.1 
-0.0 -0.1 
-0.08515479580361199 -0.1 3:1.0 
-0.0 -0.1 
-0.0 -0.1 
-0.0 -0.1 
-0.0 -0.1 
-0.0 -0.1 
-0.0 -0.1 
-0.0 -0.1 
-0.0 -0.1 9:1.0 
-0.08515474252490204 -0.1 90:1.0 
-0.0 -0.1 
-0.0 -0.1 
-0.0 -0.1 
-0.0 -0.1 
-0.0 -0.1 
-0.0 -0.1 
-0.0 -0.1 98:1.0 
-0.1 -0.1 
-0.1 -0.1 
-0.1 -0.1 
-0.1 -0.1 
-0.0 -0.1 29:1.0 
-0.1 -0.1 
-0.08516398187619974 -0.1 5:1.0 6:1.0 
-0.1 -0.1 
-0.0 -0.1 56:1.0 
-0.08515465428630553 -0.1 34:1.0 
-0.1 -0.1 
-0.1 -0.1 
-0.1 -0.1 
-0.08437471592505856 -0.1 16:1.0 19:1.0 71:1.0 
-0.1 -0.1 
-0.1 -0.1 
-0.1 -0.1 
-0.1 -0.1 
-0.08515413969640759 -0.1 63:1.0 
-0.1 -0.1 
-0.1 -0.1 
-0.1 -0.1 
-0.1 -0.1 
-0.1 -0.1 
-0.1 -0.1 
-0.08515811213223864 -0.1 14:1.0 35:1.0 71:1.0 
-0.1 -0.1 
-0.1 -0.1 
-0.1 -0.1 
-0.1 -0.1 
-0.0 -0.1 23:1.0 
-0.0 -0.1 47:1.0 
-0.08515437036523611 -0.1 98:1.0 
-0.0 -0.1 109:1.0 
-0.08515461890859664 -0.1 30:1.0 
-0.1 -0.1 
-0.1 -0.1 8:1.0 
-0.1 -0.1 
-0.1 -0.1 
-0.1 -0.1 
-0.1 -0.1 
-0.1 -0.1 
-0.1 -0.1 
-0.1 -0.1 86:1.0 
-0.1 -0.1 
-0.1 -0.1 
-0.1 -0.1 
-0.1 -0.1 
-0.1 -0.1 
-0.08515337742052234 -0.1 29:1.0 
-0.1 -0.1 
-0.1 -0.1 
-0.1 -0.1 
-0.1 -0.1 
-0.08516798991123424 -0.1 28:1.0 101:1.0 
-0.1 -0.1 
-0.1 -0.1 
-0.1 -0.1 103:1.0 
-0.1 -0.1 
-0.1 -0.1 
-0.08515071688343755 -0.1 28:1.0 
-0.1 -0.1 
-0.0 -0.1 26:1.0 99:1.0 132:1.0 
-0.0 -0.1 47:1.0 
-0.1 -0.1 
-0.1 -0.1 
-0.1 -0.1 
-0.1 -0.1 
-0.08515273855161283 -0.1 44:1.0 
-0.1 -0.1 
-0.1 -0.1 
-0.1 -0.1 
-0.1 -0.1 
-0.1 -0.1 
-0.1 -0.1 
-0.08515303952918168 -0.1 57:1.0 
-0.0 -0.1 31:1.0 
-0.1 -0.1 
-0.08515421054514213 -0.1 59:1.0 
-0.1 -0.1 
-0.1 -0.1 
-0.1 -0.1 
-0.08516327192014012 -0.1 19:1.0 84:1.0 
-0.1 -0.1 
-0.1 -0.1 
-0.0 -0.1 20:1.0 45:1.0 125:1.0 
-0.1 -0.1 
-0.0 -0.1 77:1.0 
-0.1 -0.1 
-0.1 -0.1 
-0.1 -0.1 
-0.1 -0.1 
-0.08515472504244706 -0.1 5:1.0 88:1.0 
-0.1 -0.1 
-0.1 -0.1 
-0.1 -0.1 37:1.0 
-0.1 -0.1 
-0.0 -0.1 93:1.0 
-0.1 -0.1 
-0.0 -0.1 77:1.0 
-0.1 -0.1 
-0.1 -0.1 
-0.1 -0.1 
-0.1 -0.1 
-0.1 -0.1 
-0.0 -0.1 79:1.0 
-0.1 -0.1 
-0.1 -0.1 
-0.1 -0.1 
-0.0 -0.1 74:1.0 
-0.1 -0.1 
-0.1 -0.1 
-0.1 -0.1 
-0.0 -0.1 114:1.0 118:1.0 127:1.0 
-0.08515821873397103 -0.1 29:1.0 37:1.0 108:1.0 
-0.0 -0.1 78:1.0 
-0.1 -0.1 
-0.1 -0.1 
-0.08515479585517513 -0.1 50:1.0 
-0.1 -0.1 
-0.0 -0.1 43:1.0 
-0.1 -0.1 
-0.1 -0.1 
-0.0 -0.1 23:1.0 
-0.1 -0.1 
-0.1 -0.1 
-0.1 -0.1 
-0.1 -0.1 
-0.1 -0.1 15:1.0 67:1.0 
-0.1 -0.1 
-0.08515864387201058 -0.1 9:1.0 59:1.0 113:1.0 115:1.0 
-0.1 -0.1 
-0.1 -0.1 
-0.1 -0.1 
-0.1 -0.1 
-0.1 -0.1 
-0.1 -0.1 
-0.1 -0.1 
-0.1 -0.1 
-0.1 -0.1 
-0.1 -0.1 
-0.1 -0.1 
-0.1 -0.1 
-0.1 -0.1 
-0.1 -0.1 
-0.1 -0.1 
-0.1 -0.1 
-0.1 -0.1 
-0.08515924721679125 -0.1 53:1.0 
-0.1 -0.1 
-0.1 -0.1 
-0.1 -0.1 
-0.1 -0.1 
-0.08515470722369453 -0.1 31:1.0 
-0.0851509649413167 -0.1 95:1.0 
-0.1 -0.1 
-0.1 -0.1 
-0.1 -0.1 
-0.1 -0.1 
-0.1 -0.1 
-0.1 -0.1 
-0.1 -0.1 
-0.1 -0.1 
-0.08515470717457589 -0.1 56:1.0 
-0.08515107152761632 -0.1 29:1.0 115:1.0 
-0.1 -0.1 
-0.1 -0.1 
-0.1 -0.1 
-0.1 -0.1 
-0.1 -0.1 
-0.08515270319639562 -0.1 48:1.0 71:1.0 
-0.0 -0.1 109:1.0 
-0.1 -0.1 43:1.0 
-0.1 -0.1 
-0.08749460951827676 -0.1 47:1.0 
-0.1 -0.1 
-0.1 -0.1 
-0.1 -0.1 
-0.1 -0.1 64:1.0 
-0.1 -0.1 
-0.0851546542814859 -0.1 9:1.0 
-0.1 -0.1 
-0.1 -0.1 
-0.0 -0.1 60:1.0 
-0.1 -0.1 
-0.1 -0.1 1:1.0 
-0.1 -0.1 
-0.1 -0.1 
-0.1 -0.1 
-0.1 -0.1 
-0.1 -0.1 
-0.1 -0.1 
-0.1 -0.1 
-0.1 -0.1 
-0.1 -0.1 
-0.1 -0.1 
-0.1 -0.1 
-0.1 -0.1 
-0.1 -0.1 
-0.1 -0.1 
-0.1 -0.1 
-0.1 -0.1 
-0.1 -0.1 
-0.0 -0.1 113:1.0 
-0.1 -0.1 
-0.1 -0.1 
-0.1 -0.1 
-0.1 -0.1 4:1.0 
-0.1 -0.1 
-0.1 -0.1 
-0.08515479569980847 -0.1 12:1.0 
-0.1 -0.1 
-0.1 -0.1 
-0.08515759667470324 -0.1 10:1.0 55:1.0 
-0.0 -0.1 113:1.0 
-0.1 -0.1 
-0.1 -0.1 
-0.1 -0.1 
-0.1 -0.1 
-0.1 -0.1 
-0.1 -0.1 
-0.1 -0.1 
-0.1 -0.1 
-0.1 -0.1 
-0.1 -0.1 
-0.0 -0.1 109:1.0 
-0.1 -0.1 54:1.0 
-0.1 -0.1 85:1.0 
-0.08515479574725893 -0.1 78:1.0 
-0.1 -0.1 
-0.08515933585710456 -0.1 43:1.0 
-0.08515823591680141 -0.1 16:1.0 26:1.0 76:1.0 99:1.0 129:1.0 132:1.0 
-0.08515479573921003 -0.1 93:1.0 
-0.1 -0.1 
-0.1 -0.1 
-0.1 -0.1 
-0.1 -0.1 
-0.1 -0.1 
-0.1 -0.1 
-0.08515461895449113 -0.1 79:1.0 
-0.1 -0.1 
-0.08515303946797166 -0.1 11:1.0 117:1.0 
-0.1 -0.1 
-0.08515463664295028 -0.1 80:1.0 
-0.1 -0.1 
-0.1 -0.1 
-0.1 -0.1 
-0.1 -0.1 
-0.08514706323582726 -0.1 60:1.0 
-0.1 -0.1 
-0.08437088550721422 -0.1 47:1.0 60:1.0 
-0.08515479586400783 -0.1 36:1.0 
-0.1 -0.1 
-0.1 -0.1 
-0.1 -0.1 
-0.1 -0.1 
-0.1 -0.1 
-0.1 -0.1 
-0.1 -0.1 
-0.1 -0.1 
-0.1 -0.1 
-0.1 -0.1 
-0.1 -0.1 
-0.08515465428548179 -0.1 22:1.0 
-0.1 -0.1 
-0.1 -0.1 
-0.08515860873748707 -0.1 20:1.0 45:1.0 125:1.0 
-0.1 -0.1 
-0.1 -0.1 
-0.1 -0.1 
-0.1 -0.1 
-0.1 -0.1 101:1.0 
-0.08515864387203473 -0.1 114:1.0 118:1.0 127:1.0 
-0.1 -0.1 
-0.1 -0.1 
-0.1 -0.1 
-0.1 -0.1 
-0.1 -0.1 
-0.1 -0.1 
-0.1 -0.1 
-0.1 -0.1 77:1.0 
-0.08515829038066733 -0.1 54:1.0 61:1.0 110:1.0 
-0.1 -0.1 
-0.1 -0.1 
-0.1 -0.1 
-0.08514640723887094 -0.1 5:1.0 
-0.08515421008536563 -0.1 16:1.0 19:1.0 
-0.1 -0.1 
-0.0851575794675061 -0.1 54:1.0 95:1.0 
-0.08515933584827193 -0.1 86:1.0 
-0.1 -0.1 
-0.09765621433083943 -0.1 47:1.0 
-0.1 -0.1 
-0.1 -0.1 
-0.1 -0.1 
-0.08515075252041297 -0.1 65:1.0 
-0.1 -0.1 
-0.1 -0.1 
-0.1 -0.1 
-0.1 -0.1 
-0.1 -0.1 
-0.1 -0.1 45:1.0 
-0.1 -0.1 
-0.1 -0.1 
-0.1 -0.1 
-0.1 -0.1 
-0.1 -0.1 
-0.1 -0.1 
-0.1 -0.1 
-0.1 -0.1 
-0.1 -0.1 
-0.1 -0.1 
-0.1 -0.1 
-0.1 -0.1 
-0.08516327270434035 -0.1 2:1.0 91:1.0 
-0.1 -0.1 
-0.1 -0.1 
-0.0 -0.1 109:1.0 
-0.08516802588560132 -0.1 60:1.0 72:1.0 
-0.1 -0.1 
-0.08515463664295034 -0.1 68:1.0 
-0.08515660434316928 -0.1 39:1.0 94:1.0 
-0.1 -0.1 
-0.1 -0.1 
-0.1 -0.1 
-0.1 -0.1 
-0.1 -0.1 
-0.1 -0.1 
-0.1 -0.1 
-0.0 -0.1 38:1.0 
-0.1 -0.1 
-0.1 -0.1 
-0.1 -0.1 
-0.1 -0.1 
-0.1 -0.1 
-0.1 -0.1 74:1.0 
-0.08515431676203564 -0.1 73:1.0 
-0.1 -0.1 
-0.0 -0.1 38:1.0 
-0.1 -0.1 
-0.1 -0.1 
-0.1 -0.1 
-0.1 -0.1 
-0.1 -0.1 
-0.1 -0.1 
-0.1 -0.1 
-0.1 -0.1 8:1.0 
-0.1 -0.1 
-0.1 -0.1 
-0.1 -0.1 
-0.1 -0.1 
-0.1 -0.1 
-0.1 -0.1 77:1.0 
-0.1 -0.1 
-0.1 -0.1 
-0.1 -0.1 
-0.1 -0.1 
-0.1 -0.1 
-0.1 -0.1 
-0.08516387571078275 -0.1 25:1.0 65:1.0 
-0.08515270345571871 -0.1 70:1.0 
-0.1 -0.1 
-0.08515465428630555 -0.1 74:1.0 
-0.1 -0.1 
-0.1 -0.1 
-0.1 -0.1 
-0.1 -0.1 
-0.1 -0.1 
-0.1 -0.1 
-0.1 -0.1 
-0.1 -0.1 
-0.0 -0.1 23:1.0 
-0.1 -0.1 
-0.1 -0.1 
-0.1 -0.1 
-0.1 -0.1 
-0.1 -0.1 13:1.0 
-0.1 -0.1 
-0.08514887281400231 -0.1 115:1.0 
-0.1 -0.1 
-0.0 -0.1 26:1.0 99:1.0 132:1.0 
-0.1 -0.1 
-0.1 -0.1 
-0.1 -0.1 
-0.08515811191083603 -0.1 26:1.0 99:1.0 132:1.0 
-0.1 -0.1 
-0.08515937119777389 -0.1 77:1.0 
-0.1 -0.1 
-0.1 -0.1 
-0.1 -0.1 
-0.1 -0.1 
-0.1 -0.1 
-0.1 -0.1 
-0.1 -0.1 
-0.1 -0.1 
-0.1 -0.1 
-0.1 -0.1 
-0.1 -0.1 
-0.1 -0.1 
-0.1 -0.1 
-0.1 -0.1 
-0.1 -0.1 
-0.1 -0.1 
-0.1 -0.1 
-0.1 -0.1 
-0.08515413969553967 -0.1 42:1.0 
-0.1 -0.1 
-0.1 -0.1 
-0.1 -0.1 
-0.1 -0.1 
-0.1 -0.1 
-0.1 -0.1 
-0.08515483092531784 -0.1 23:1.0 
-0.1 -0.1 
-0.08515303972886251 -0.1 27:1.0 
-0.1 -0.1 
-0.08515421056047687 -0.1 38:1.0 
-0.1 -0.1 
-0.1 -0.1 
-0.1 -0.1 
-0.08514887239049947 -0.1 71:1.0 
-0.08516387572540365 -0.1 15:1.0 
-0.1 -0.1 
-0.1 -0.1 
-0.1 -0.1 
-0.1 -0.1 
-0.0 -0.1 109:1.0 
-0.1 -0.1 
-0.08515438778877711 -0.1 113:1.0 
-0.08515367780536232 -0.1 109:1.0 
-0.1 -0.1 20:1.0 45:1.0 58:1.0 92:1.0 104:1.0 124:1.0 125:1.0 126:1.0 128:1.0 
-0.1 -0.1 
-0.08515754360172853 -0.1 40:1.0 73:1.0 94:1.0 
-0.1 -0.1 
-0.1 -0.1 
-0.1 -0.1 
-0.1 -0.1 
-0.1 -0.1 
-0.1 -0.1 81:1.0 
-0.1 -0.1 
-0.1 -0.1 
-0.1 -0.1 
-0.1 -0.1 
-0.1 -0.1 
-0.1 -0.1 
-0.1 -0.1 
-0.1 -0.1 
-0.08517483949845171 -0.1 
