svm_type c_svc
kernel_type rbf
gamma 10.0
nr_class 3
total_sv 1530
rho 0.49705918538910904 0.23332499655144537 -0.3742156154426077
label 2 0 1
nr_sv 408 593 529
SV
10.0 10.0 
10.0 10.0 
10.0 10.0 
10.0 10.0 
1.4970082246242677 1.233364175952976 61:1.0 86:1.0 
10.0 10.0 
10.0 10.0 
10.0 10.0 
10.0 10.0 
10.0 10.0 
10.0 10.0 
10.0 10.0 
10.0 10.0 
10.0 10.0 
1.4970533497773615 1.2324456378163864 27:1.0 101:1.0 105:1.0 
1.497098983063371 1.2334551039261465 84:1.0 
10.0 10.0 
10.0 10.0 
10.0 10.0 
10.0 10.0 
10.0 10.0 
10.0 0.0 18:1.0 
10.0 10.0 
10.0 10.0 
10.0 10.0 
10.0 10.0 
10.0 10.0 
10.0 10.0 
10.0 10.0 
10.0 10.0 
10.0 10.0 
10.0 10.0 
10.0 10.0 
10.0 10.0 
10.0 10.0 
10.0 10.0 
10.0 10.0 
10.0 10.0 
10.0 10.0 
1.4970109137237653 10.0 4:1.0 
10.0 10.0 
1.4970533372748516 1.233384826494423 45:1.0 58:1.0 104:1.0 116:1.0 126:1.0 128:1.0 
10.0 10.0 
10.0 10.0 
10.0 10.0 
10.0 10.0 
10.0 10.0 
10.0 10.0 
10.0 10.0 
10.0 10.0 
10.0 10.0 
10.0 10.0 
10.0 10.0 
10.0 10.0 
10.0 1.23342023633552 32:1.0 
10.0 10.0 
10.0 10.0 
10.0 10.0 
10.0 1.2499772872807209 81:1.0 
10.0 10.0 
10.0 10.0 
10.0 10.0 
10.0 10.0 
10.0 10.0 8:1.0 
10.0 10.0 86:1.0 
10.0 10.0 
10.0 10.0 
0.0 1.2499773020967617 20:1.0 45:1.0 58:1.0 92:1.0 104:1.0 124:1.0 125:1.0 126:1.0 128:1.0 
1.4969853851015416 1.2332710418114383 6:1.0 116:1.0 
10.0 10.0 
10.0 10.0 
10.0 10.0 
1.499977291275302 0.0 6:1.0 
10.0 10.0 
10.0 10.0 3:1.0 
10.0 10.0 
10.0 10.0 
10.0 10.0 
10.0 10.0 
10.0 10.0 
10.0 10.0 
10.0 10.0 
10.0 10.0 
10.0 10.0 
10.0 10.0 
10.0 10.0 
10.0 10.0 
1.4969122629333595 1.2332721228821653 72:1.0 101:1.0 
1.4970560837798155 9.983408169638968 20:1.0 45:1.0 58:1.0 92:1.0 104:1.0 124:1.0 125:1.0 126:1.0 128:1.0 
10.0 10.0 
1.4970736630748798 1.2334200970039768 110:1.0 
10.0 10.0 
10.0 10.0 
1.49692220997587 1.2323547072469925 4:1.0 91:1.0 
10.0 10.0 
10.0 10.0 
10.0 10.0 
10.0 10.0 
10.0 10.0 
10.0 10.0 
10.0 10.0 
10.0 10.0 
10.0 9.983386662977201 81:1.0 
10.0 10.0 
10.0 10.0 
10.0 10.0 
10.0 10.0 
10.0 10.0 
10.0 10.0 
10.0 10.0 
10.0 0.0 35:1.0 
1.4970761829114339 1.233419060063176 58:1.0 
10.0 10.0 
10.0 10.0 
10.0 10.0 
10.0 10.0 
10.0 1.2333636029940873 116:1.0 
10.0 10.0 
10.0 10.0 
10.0 10.0 
10.0 10.0 
10.0 10.0 
10.0 10.0 
10.0 10.0 
10.0 10.0 
10.0 10.0 
10.0 10.0 
10.0 10.0 
10.0 10.0 
10.0 10.0 
10.0 10.0 
10.0 10.0 
10.0 10.0 
10.0 10.0 
10.0 10.0 
10.0 10.0 
10.0 10.0 
10.0 10.0 85:1.0 
10.0 10.0 
10.0 10.0 
10.0 10.0 
10.0 10.0 
10.0 10.0 
10.0 10.0 
10.0 10.0 
10.0 10.0 
10.0 10.0 
10.0 10.0 
10.0 10.0 
10.0 10.0 
10.0 10.0 
10.0 10.0 
1.497033788689968 10.0 1:1.0 
10.0 10.0 77:1.0 
1.497005746609826 1.233419946849754 1:1.0 53:1.0 
0.0 1.2500453964530815 54:1.0 
10.0 10.0 
9.99703088699708 1.233398203875063 6:1.0 
10.0 10.0 
10.0 10.0 
0.0 1.2499716349637637 15:1.0 67:1.0 
10.0 0.0 107:1.0 
1.4970761886389452 9.983409331793128 54:1.0 
1.49710173404457 1.2334538608300443 29:1.0 77:1.0 
10.0 10.0 
10.0 10.0 
10.0 10.0 47:1.0 
10.0 10.0 
10.0 1.23342023631743 18:1.0 
10.0 10.0 
10.0 10.0 
10.0 10.0 
10.0 10.0 
1.5000113437995024 0.0 25:1.0 
10.0 10.0 
10.0 10.0 
10.0 10.0 
10.0 10.0 
1.4970533506412347 1.2333851766386013 13:1.0 45:1.0 104:1.0 128:1.0 
10.0 10.0 
10.0 10.0 
10.0 10.0 
10.0 10.0 
10.0 10.0 
10.0 10.0 
10.0 10.0 
10.0 10.0 
10.0 10.0 
0.0 1.4999659459302612 37:1.0 
10.0 10.0 
10.0 10.0 
10.0 10.0 
10.0 10.0 
10.0 1.5000567452756228 13:1.0 
10.0 10.0 
10.0 10.0 
10.0 10.0 
10.0 10.0 
10.0 10.0 
10.0 10.0 
10.0 10.0 
10.0 10.0 
10.0 1.2324244570455047 105:1.0 
10.0 10.0 
1.500045397611971 1.4999999963931325 45:1.0 
10.0 10.0 
1.4970082061230947 1.2333976682006667 72:1.0 
10.0 10.0 
10.0 10.0 
10.0 10.0 
10.0 10.0 
10.0 9.733375130330744 13:1.0 
10.0 10.0 
10.0 10.0 
1.4999659448986429 0.0 61:1.0 
10.0 10.0 
10.0 10.0 
1.4970128366827362 1.2333628804433576 67:1.0 
10.0 10.0 
1.4970309347074924 10.0 48:1.0 
10.0 10.0 
10.0 10.0 
1.4970796044948715 1.23338516055217 82:1.0 121:1.0 
10.0 10.0 
10.0 10.0 
1.4970761224562386 9.733451737979024 37:1.0 
10.0 10.0 8:1.0 
10.0 10.0 
1.49705335180682 1.233385296813255 58:1.0 91:1.0 92:1.0 120:1.0 124:1.0 
10.0 10.0 
10.0 10.0 
1.4970533440360816 1.2333848016178204 4:1.0 58:1.0 120:1.0 
1.4970057006681052 1.233420101585986 43:1.0 48:1.0 
10.0 10.0 
10.0 10.0 
10.0 10.0 
9.997056377656314 9.733420103226445 45:1.0 
10.0 10.0 
10.0 10.0 43:1.0 
10.0 10.0 
10.0 10.0 
10.0 10.0 
10.0 10.0 
10.0 10.0 
10.0 10.0 77:1.0 
10.0 10.0 
10.0 10.0 
10.0 10.0 
10.0 10.0 
10.0 10.0 
10.0 10.0 
10.0 10.0 
1.4970310447252368 1.2333990706682063 91:1.0 
10.0 10.0 
10.0 10.0 
1.4971017395929476 10.0 64:1.0 
10.0 10.0 
10.0 10.0 
10.0 10.0 
10.0 10.0 
10.0 1.2334200994536941 35:1.0 
1.4969208860023144 1.2332734787721906 17:1.0 52:1.0 
10.0 10.0 
10.0 10.0 
0.0 1.249954607283174 17:1.0 
1.4970115591434636 9.983409324066303 17:1.0 
10.0 10.0 
10.0 10.0 
10.0 10.0 
10.0 10.0 
10.0 10.0 
10.0 10.0 
10.0 10.0 
1.5000113494673948 1.5000113443158907 103:1.0 
10.0 10.0 
10.0 10.0 
10.0 10.0 
10.0 10.0 
1.4969853941808158 1.2333294537470132 52:1.0 102:1.0 
10.0 10.0 
10.0 10.0 
10.0 10.0 
10.0 10.0 
10.0 10.0 
10.0 10.0 
1.497096500017218 1.2334202323460244 108:1.0 
9.997064818165683 9.73340771794739 103:1.0 
10.0 10.0 
10.0 10.0 
0.0 1.2500454001872676 101:1.0 
10.0 10.0 
10.0 10.0 
10.0 10.0 
10.0 10.0 
10.0 10.0 
1.4970796485114586 1.2332730344142568 81:1.0 105:1.0 
10.0 10.0 
10.0 10.0 
10.0 10.0 
10.0 10.0 
10.0 10.0 
10.0 10.0 
10.0 10.0 
10.0 10.0 
10.0 10.0 
10.0 10.0 
10.0 10.0 
9.997046890234161 1.2333635756855483 61:1.0 
10.0 10.0 
10.0 10.0 
1.49693773826881 1.233305810457484 52:1.0 
1.497080843133534 1.2334199238518 100:1.0 
10.0 10.0 
10.0 10.0 
10.0 10.0 
10.0 10.0 
10.0 10.0 
10.0 10.0 
10.0 10.0 
10.0 10.0 
1.4970965184442764 10.0 10:1.0 
10.0 10.0 
10.0 1.2334200954238665 107:1.0 
10.0 10.0 
10.0 10.0 
10.0 10.0 
10.0 10.0 
10.0 10.0 
10.0 10.0 
1.4970082024172053 9.982413821508414 101:1.0 
10.0 10.0 
10.0 10.0 
10.0 10.0 
10.0 10.0 
10.0 10.0 
10.0 10.0 
10.0 10.0 
10.0 10.0 
10.0 10.0 
10.0 10.0 
10.0 10.0 
10.0 10.0 
10.0 10.0 
10.0 10.0 
10.0 10.0 
10.0 10.0 
10.0 10.0 
10.0 10.0 
10.0 10.0 
10.0 10.0 
10.0 10.0 
10.0 10.0 
10.0 10.0 
10.0 10.0 
10.0 10.0 
10.0 10.0 
10.0 10.0 
10.0 10.0 
9.997064844768728 1.2334550762538976 25:1.0 
10.0 10.0 
10.0 10.0 
10.0 10.0 
10.0 10.0 
10.0 10.0 
10.0 10.0 
10.0 10.0 
10.0 10.0 
1.497056104233686 1.2333634151404667 15:1.0 62:1.0 
10.0 10.0 
10.0 10.0 
10.0 10.0 
10.0 10.0 
10.0 10.0 
10.0 10.0 
10.0 10.0 
10.0 10.0 
10.0 10.0 
10.0 10.0 
10.0 10.0 
10.0 10.0 
10.0 10.0 
10.0 10.0 
10.0 10.0 
10.0 10.0 
10.0 1.2333633503234431 62:1.0 
10.0 10.0 
10.0 10.0 
10.0 10.0 
10.0 10.0 
10.0 10.0 
10.0 10.0 
10.0 10.0 89:1.0 
10.0 10.0 
1.4979356936405133 9.983392266505135 15:1.0 67:1.0 
10.0 10.0 
10.0 10.0 
10.0 10.0 
10.0 10.0 
1.4970808251817291 10.0 74:1.0 
10.0 10.0 
10.0 10.0 
10.0 10.0 
10.0 10.0 
10.0 10.0 
10.0 10.0 
10.0 10.0 
10.0 10.0 
10.0 10.0 
-0.5077406790804371 10.0 47:1.0 
-0.0 0.6248666326810789 113:1.0 
-0.5028982511786386 0.6259345990000119 41:1.0 
-1.0000000200967163 10.0 86:1.0 
-0.5029010063488919 0.6259617123757739 73:1.0 98:1.0 
-0.5029010050122509 0.6259617135357108 7:1.0 63:1.0 
-0.5029466485044024 0.6259900872052958 66:1.0 123:1.0 
-0.5029204623739486 0.626024116943972 80:1.0 113:1.0 
-0.5077821857542401 10.0 3:1.0 
-0.0 10.0 109:1.0 
-0.5029238154603166 0.625056739544918 55:1.0 
-0.50291913757385 10.0 47:1.0 60:1.0 
-10.0 0.0 107:1.0 
-10.0 0.0 35:1.0 
-0.5029191612349638 0.6259888460119265 11:1.0 114:1.0 118:1.0 127:1.0 
-0.5029238370491715 10.0 9:1.0 
-0.5029491709382101 0.6259913513264903 53:1.0 58:1.0 91:1.0 120:1.0 
-9.644543649148584E-4 0.0 33:1.0 
-0.0 0.7499546134666181 53:1.0 
-0.5029010145119219 10.0 56:1.0 
-0.5029432307481274 0.6260511314414574 20:1.0 41:1.0 45:1.0 125:1.0 
-0.0 0.749965963579861 71:1.0 
-9.583243323201604E-4 0.0 85:1.0 
-10.0 0.6259617969023897 116:1.0 
-10.0 10.0 45:1.0 
-10.0 0.6260253977907493 25:1.0 
-0.5028963927120408 10.0 117:1.0 
-0.5028754191558393 10.0 23:1.0 
-0.5077404982432608 0.0 13:1.0 
-9.607833641790475E-4 10.0 31:1.0 
-0.5038645755473958 0.6269063965799907 8:1.0 
-10.0 0.6260228698878867 6:1.0 
-0.0 0.6259346033887654 12:1.0 
-0.0 0.7499546000713965 57:1.0 
-0.5029010480325449 0.6249659533373506 96:1.0 113:1.0 
-0.5029204191226796 0.6259616917194618 40:1.0 114:1.0 
-0.5029192042490893 0.6259629291537592 16:1.0 71:1.0 76:1.0 129:1.0 
-0.5029432546838785 0.6259617954019236 62:1.0 102:1.0 
-10.0 0.6259617987647952 61:1.0 
-0.5029035110956477 10.0 11:1.0 117:1.0 
-10.0 10.0 8:1.0 
-9.615600224389759E-4 0.7499546067703767 90:1.0 
-0.0 0.6259345568421075 44:1.0 
-0.0 0.6259345558162918 42:1.0 
-0.7499148849208557 10.0 77:1.0 
-0.5029190903447845 0.6259617126883554 40:1.0 71:1.0 
-0.0 10.0 78:1.0 
-9.99513290531275 10.0 47:1.0 
-0.5029035345368559 0.6259617156476994 21:1.0 115:1.0 
-0.5029010299161505 0.6249659485699248 7:1.0 113:1.0 
-0.5029191803445451 0.6261150238787615 23:1.0 93:1.0 
-9.583668933917441E-4 0.0 119:1.0 
-0.5029238586183291 0.6260877602563693 19:1.0 
-1.0000227246997033 0.0 81:1.0 
-0.0 0.6249404046061608 98:1.0 
-10.0 10.0 103:1.0 
-10.0 0.6259342029232292 107:1.0 
-0.5029010070779282 0.6260239623097716 2:1.0 79:1.0 
-0.5028976764191418 10.0 12:1.0 
-0.0 1.0000681019576996 
-0.0 10.0 
-0.502991804904289 0.6259617380923416 44:1.0 84:1.0 
-0.0 10.0 
-0.0 0.6288553582688635 68:1.0 
-0.0 10.0 
-0.0 10.0 
-0.0 10.0 
-0.0 10.0 
-0.5028783048739496 0.6249404073102548 21:1.0 
-0.0 10.0 
-0.0 10.0 
-0.0 10.0 
-0.0 10.0 98:1.0 
-0.0 10.0 
-0.0 10.0 
-0.0 10.0 
-0.0 10.0 
-0.0 10.0 
-0.0 10.0 
-0.0 10.0 
-0.0 10.0 
-0.0 10.0 43:1.0 
-0.0 10.0 
-0.0 10.0 113:1.0 
-0.0 10.0 
-0.0 10.0 
-10.0 1.0000000200968095 13:1.0 
-0.5028755274668485 10.0 73:1.0 
-0.5029035284000023 0.6260241410682428 2:1.0 47:1.0 
-0.0 10.0 
-0.5029009650647229 0.6249659512760657 50:1.0 71:1.0 
-0.5029010506650518 10.0 39:1.0 94:1.0 
-0.0 10.0 
-0.0 10.0 
-9.9990383078827 0.7499546000702715 81:1.0 
-0.0 10.0 
-0.0 10.0 
-9.616047744300804E-4 10.0 114:1.0 118:1.0 127:1.0 
-0.0 10.0 
-0.0 10.0 
-0.0 10.0 
-0.0 10.0 
-0.0 10.0 
-0.0 10.0 
-0.0 10.0 
-9.995141629268444 10.0 3:1.0 
-0.0 10.0 
-0.0 10.0 
-0.0 10.0 
-0.0 10.0 
-0.5029432319782327 0.6259900886776446 34:1.0 45:1.0 58:1.0 92:1.0 104:1.0 124:1.0 126:1.0 128:1.0 
-9.615414177010761E-4 0.0 89:1.0 
-0.0 10.0 
-0.502901030902765 0.6259333192966428 95:1.0 113:1.0 
-0.0 10.0 
-0.0 10.0 
-0.0 10.0 
-0.0 10.0 
-0.0 10.0 
-0.0 10.0 
-0.0 10.0 
-0.5029035515980882 0.625961712667975 42:1.0 63:1.0 
-0.5030171247374415 0.6260228980309942 10:1.0 62:1.0 
-0.0 10.0 
-0.0 10.0 
-0.0 10.0 
-0.0 10.0 
-0.0 10.0 
-0.5029238803421026 10.0 109:1.0 
-0.0 0.6269349468252633 36:1.0 
-0.0 10.0 
-0.0 10.0 
-0.0 10.0 
-0.0 10.0 
-0.0 10.0 
-9.612034452884338E-4 10.0 113:1.0 
-0.0 10.0 
-0.0 10.0 
-0.0 10.0 
-0.0 10.0 
-0.0 10.0 
-0.0 10.0 
-0.0 10.0 
-0.0 10.0 
-0.0 10.0 
-0.0 10.0 
-0.0 10.0 
-0.5029191316226965 0.6259629328665426 24:1.0 49:1.0 69:1.0 83:1.0 97:1.0 112:1.0 121:1.0 130:1.0 131:1.0 133:1.0 
-0.0 10.0 
-0.0 10.0 
-0.0 10.0 
-0.0 10.0 
-0.5029190725569215 0.6260253839217584 93:1.0 96:1.0 
-0.0 10.0 
-1.0010071076002256 10.0 
-10.0 10.0 
-10.0 10.0 
-10.0 10.0 
-10.0 10.0 
-10.0 10.0 
-10.0 10.0 
-10.0 10.0 
-10.0 10.0 
-10.0 10.0 
-10.0 10.0 
-0.5028783040901339 10.0 63:1.0 
-10.0 10.0 
-10.0 10.0 
-10.0 10.0 
-10.0 10.0 
-10.0 10.0 
-10.0 10.0 
-9.643012257640712E-4 0.0 50:1.0 
-0.5068221784472731 0.0 32:1.0 
-10.0 10.0 
-10.0 10.0 
-10.0 10.0 
-0.5029419704791381 0.6259888466891381 62:1.0 73:1.0 83:1.0 109:1.0 
-10.0 10.0 
-10.0 10.0 
-10.0 10.0 
-10.0 10.0 
-10.0 10.0 
-10.0 10.0 
-0.5028983640822898 9.997077976867908 68:1.0 
-10.0 10.0 
-10.0 10.0 
-10.0 10.0 
-10.0 10.0 
-10.0 10.0 
-10.0 10.0 
-10.0 10.0 
-9.61722051556847E-4 0.0 39:1.0 59:1.0 
-10.0 10.0 
-10.0 10.0 
-0.5028782616154092 0.6259334148943624 39:1.0 
-10.0 10.0 
-10.0 10.0 
-9.667470604387134E-4 0.6288840858743661 122:1.0 
-10.0 10.0 
-10.0 10.0 
-9.502987168293098 10.0 86:1.0 
-10.0 10.0 
-10.0 10.0 
-10.0 10.0 
-10.0 10.0 
-10.0 10.0 
-10.0 10.0 
-10.0 10.0 
-0.5029210624316754 0.625034054843092 14:1.0 35:1.0 
-10.0 10.0 
-10.0 10.0 
-10.0 10.0 
-10.0 10.0 
-0.0 10.0 42:1.0 
-10.0 10.0 
-10.0 10.0 
-10.0 10.0 
-0.999035550354189 10.0 43:1.0 
-10.0 10.0 
-10.0 10.0 
-10.0 10.0 
-10.0 10.0 
-10.0 10.0 
-0.5029238812516212 0.626022765631434 88:1.0 
-0.0 0.7499546137242734 27:1.0 
-10.0 10.0 
-10.0 10.0 
-10.0 10.0 
-10.0 10.0 
-10.0 0.6259058197192708 62:1.0 
-0.5029010051305183 0.6259617190956004 111:1.0 115:1.0 
-10.0 10.0 
-10.0 10.0 
-10.0 10.0 
-10.0 10.0 
-10.0 10.0 
-10.0 10.0 
-0.5029009862225944 0.6259342310487407 12:1.0 111:1.0 
-10.0 10.0 
-10.0 10.0 
-9.995133127766223 9.62596735469382 13:1.0 
-10.0 10.0 
-0.5028754863838274 9.87503403616355 71:1.0 
-0.5029210641921724 0.626025043775641 78:1.0 107:1.0 
-10.0 10.0 
-0.5077807647206254 0.6269344635159465 89:1.0 
-10.0 10.0 
-10.0 10.0 
-10.0 10.0 
-10.0 10.0 
-10.0 0.6260228955979531 105:1.0 
-10.0 10.0 
-10.0 10.0 
-9.99903312085045 9.999026965226204 8:1.0 
-0.5028783062575982 10.0 79:1.0 
-10.0 10.0 
-9.614916116559913E-4 0.0 94:1.0 
-10.0 10.0 
-10.0 10.0 
-10.0 10.0 
-10.0 10.0 
-10.0 10.0 
-10.0 10.0 
-10.0 10.0 
-10.0 10.0 
-10.0 10.0 
-10.0 10.0 
-10.0 10.0 
-10.0 10.0 
-10.0 10.0 
-10.0 10.0 
-10.0 10.0 
-10.0 10.0 
-10.0 10.0 
-10.0 10.0 
-10.0 10.0 
-9.616045821180808E-4 0.0 16:1.0 76:1.0 129:1.0 
-10.0 10.0 
-10.0 10.0 
-0.5019636289538908 10.0 31:1.0 
-0.5077804204349876 0.6269345078289632 85:1.0 
-10.0 10.0 
-10.0 10.0 
-10.0 10.0 
-10.0 10.0 
-10.0 10.0 
-0.0 0.6248581353306387 50:1.0 
-10.0 10.0 
-10.0 10.0 
-10.0 10.0 
-10.0 10.0 
-10.0 10.0 
-10.0 10.0 
-10.0 10.0 
-10.0 10.0 
-10.0 10.0 
-10.0 10.0 
-10.0 10.0 
-10.0 10.0 
-10.0 10.0 
-10.0 10.0 
-0.5019537378135146 9.997077711028023 122:1.0 
-10.0 10.0 
-10.0 10.0 
-10.0 10.0 
-10.0 10.0 
-0.5028782992619093 10.0 98:1.0 
-10.0 10.0 
-10.0 10.0 
-0.501848665697192 10.0 113:1.0 
-10.0 10.0 
-10.0 10.0 
-10.0 10.0 
-10.0 10.0 
-0.5029942204124305 0.62611365731042 23:1.0 48:1.0 
-10.0 10.0 
-10.0 10.0 
-10.0 10.0 
-10.0 10.0 
-10.0 10.0 
-10.0 10.0 
-10.0 10.0 
-10.0 10.0 
-0.5029191609887727 0.6259629764993125 51:1.0 
-10.0 10.0 
-10.0 10.0 
-10.0 10.0 
-0.0 0.7499148858215962 30:1.0 
-0.0 0.9999773144630126 95:1.0 
-10.0 10.0 
-10.0 10.0 
-10.0 10.0 
-10.0 10.0 
-10.0 10.0 
-10.0 10.0 
-10.0 10.0 
-0.5029884525669988 0.626024982317063 1:1.0 33:1.0 
-10.0 10.0 
-10.0 10.0 
-10.0 10.0 
-10.0 10.0 
-10.0 10.0 
-10.0 10.0 
-0.5029204002998894 0.6260512199635871 77:1.0 102:1.0 
-10.0 10.0 
-10.0 10.0 
-10.0 10.0 
-10.0 10.0 
-0.5029192022872088 9.999026850630058 36:1.0 
-10.0 10.0 
-0.5029009840668797 0.6249659505671264 13:1.0 50:1.0 
-10.0 10.0 
-10.0 10.0 
-10.0 10.0 
-0.0 10.0 29:1.0 
-0.5019395591609355 0.6259626272490462 94:1.0 
-10.0 10.0 
-0.5029204396897229 0.62596171624171 29:1.0 35:1.0 
-10.0 10.0 
-10.0 10.0 
-10.0 10.0 
-0.5028963904037133 10.0 42:1.0 
-9.503953501148214 10.0 43:1.0 
-0.5029203535106479 0.6260537115740011 28:1.0 80:1.0 
-0.5029238154662411 10.0 22:1.0 
-10.0 10.0 
-10.0 10.0 
-10.0 10.0 
-10.0 10.0 
-10.0 10.0 
-0.502991849817782 0.6259626038485632 41:1.0 45:1.0 
-0.5029009838733701 0.6249716089483904 21:1.0 50:1.0 
-10.0 10.0 
-9.994187507366888 9.999027114415506 85:1.0 
-0.5029643609488529 10.0 29:1.0 
-10.0 10.0 
-0.5028754861620421 10.0 28:1.0 
-10.0 10.0 
-0.5029890730540463 9.87600585937411 53:1.0 
-10.0 10.0 
-10.0 10.0 
-10.0 10.0 
-10.0 10.0 
-0.5030171158916511 0.626051271304398 38:1.0 108:1.0 
-10.0 10.0 
-10.0 10.0 
-10.0 10.0 
-0.5019623016171241 9.87600719065293 90:1.0 
-10.0 10.0 
-10.0 10.0 
-10.0 10.0 
-10.0 10.0 
-10.0 10.0 
-10.0 10.0 
-10.0 10.0 
-0.5029192483891014 0.6259629739574241 24:1.0 49:1.0 69:1.0 83:1.0 97:1.0 112:1.0 130:1.0 131:1.0 133:1.0 
-10.0 10.0 
-10.0 10.0 
-10.0 10.0 
-10.0 10.0 
-10.0 10.0 
-0.5029010309298477 9.626017067926242 95:1.0 
-10.0 10.0 
-0.5019679263365342 0.6259617974499345 119:1.0 
-0.5028963892508661 0.625933338228348 114:1.0 
-10.0 10.0 
-10.0 10.0 
-10.0 10.0 
-0.5028526990963509 0.6249177029649263 96:1.0 
-10.0 10.0 
-0.5029217035664496 0.6260249820864402 8:1.0 80:1.0 
-10.0 10.0 
-10.0 10.0 
-10.0 10.0 
-0.50291917503957 0.6259617974553203 87:1.0 
-10.0 10.0 77:1.0 
-10.0 10.0 
-10.0 10.0 
-9.503930796344493 9.876007196542215 81:1.0 
-10.0 10.0 
-10.0 10.0 
-10.0 10.0 
-10.0 10.0 
-10.0 10.0 
-10.0 10.0 
-10.0 10.0 
-10.0 10.0 
-10.0 10.0 
-10.0 10.0 
-10.0 10.0 
-10.0 10.0 
-0.5029238211453637 9.87600709868876 27:1.0 
-0.5019622126180114 0.6259617130871069 16:1.0 76:1.0 129:1.0 
-9.996104204653367 0.6259629754248507 32:1.0 
-10.0 10.0 
-0.5029061457062521 0.6250567508148759 56:1.0 68:1.0 
-10.0 10.0 
-0.5019110659472671 0.6259062212565594 33:1.0 
-10.0 10.0 
-10.0 10.0 
-10.0 10.0 
-10.0 10.0 
-9.99418157410587 9.999028512707131 89:1.0 
-10.0 10.0 
-10.0 10.0 
-0.5029036637528919 0.6259617962769364 11:1.0 
-10.0 10.0 
-0.5019621095797093 0.6250567521662505 39:1.0 59:1.0 
-10.0 0.6249432459000333 35:1.0 
-10.0 10.0 
-0.5028783055319876 0.6249404055074034 7:1.0 
-0.502923830023172 9.876007196330459 57:1.0 
-10.0 10.0 
-10.0 10.0 
-10.0 10.0 
-9.753026706919087 10.0 77:1.0 
-10.0 10.0 
-10.0 10.0 
-10.0 10.0 
-10.0 10.0 
-0.0 0.6269349471650025 70:1.0 
-10.0 10.0 
-10.0 10.0 
-0.5028736048068445 0.6259671591713798 2:1.0 
-10.0 10.0 
-0.501843055643593 10.0 50:1.0 
-10.0 10.0 
-10.0 10.0 
-10.0 10.0 
-10.0 10.0 
-0.5029238616395632 0.625960419462021 46:1.0 
-10.0 10.0 
-10.0 10.0 
-10.0 10.0 
-10.0 10.0 
-0.502923858618329 10.0 5:1.0 
-10.0 10.0 
-10.0 10.0 
-10.0 10.0 
-0.5029036207283654 0.6249687890920763 13:1.0 111:1.0 
-10.0 10.0 
-10.0 10.0 
-0.5028508399173091 0.6249063747534803 111:1.0 
-10.0 10.0 
-10.0 10.0 
-10.0 10.0 
-10.0 10.0 
-0.502901005568703 0.6249716231101587 33:1.0 50:1.0 
-10.0 10.0 
-10.0 10.0 
-10.0 10.0 
-10.0 10.0 
-10.0 10.0 
-10.0 10.0 
-0.502923817116435 0.0 18:1.0 
-0.5029238156418471 0.6260241374137153 16:1.0 
-10.0 10.0 
-10.0 10.0 
-10.0 10.0 
-10.0 10.0 
-10.0 10.0 
-10.0 10.0 
-10.0 10.0 
-10.0 10.0 
-10.0 10.0 
-10.0 10.0 
-10.0 10.0 
-10.0 10.0 
-0.5029009839611794 0.6250567488181963 50:1.0 79:1.0 
-10.0 10.0 
-10.0 10.0 
-10.0 10.0 
-10.0 10.0 
-10.0 10.0 
-10.0 10.0 
-10.0 10.0 
-10.0 10.0 
-10.0 10.0 
-0.5029238168608756 9.999026849236852 70:1.0 
-10.0 10.0 
-10.0 10.0 
-10.0 10.0 
-10.0 10.0 
-10.0 10.0 
-10.0 10.0 
-10.0 10.0 
-10.0 10.0 
-0.5029923808107576 0.6261136111485873 64:1.0 77:1.0 
-10.0 10.0 
-10.0 10.0 
-10.0 10.0 
-10.0 10.0 
-10.0 10.0 
-10.0 10.0 
-10.0 10.0 
-10.0 10.0 
-10.0 10.0 
-10.0 10.0 
-10.0 10.0 
-10.0 10.0 
-10.0 10.0 
-10.0 10.0 
-10.0 10.0 
-10.0 10.0 
-10.0 10.0 
-10.0 0.0 18:1.0 
-10.0 10.0 
-10.0 10.0 
-10.0 10.0 
-10.0 10.0 
-0.5029238155051712 0.6259604195476378 106:1.0 
-10.0 10.0 
-10.0 10.0 
-10.0 10.0 
-0.5019622124951988 10.0 114:1.0 118:1.0 127:1.0 
-0.5029010302549021 0.6249716196338896 98:1.0 113:1.0 
-10.0 10.0 
-10.0 10.0 
-10.0 10.0 
-10.0 10.0 
-0.5029871723684698 0.625961792427762 82:1.0 
-10.0 10.0 
-0.5029010261554814 10.0 44:1.0 
-0.5029210220082787 0.6259888438012489 73:1.0 102:1.0 
-0.5028963918749602 10.0 78:1.0 
-10.0 10.0 
-0.5029238802441492 0.6259604697150626 83:1.0 
-0.5029238154334313 9.875079437576172 30:1.0 
-10.0 10.0 
-10.0 10.0 
-10.0 10.0 
-10.0 10.0 
-10.0 10.0 
-0.5029432319532046 0.625988846025438 24:1.0 49:1.0 112:1.0 121:1.0 130:1.0 
-0.5029237965117977 0.6260241181141019 75:1.0 
-0.5028963720947528 0.6249659458657579 14:1.0 
-0.5029010072116943 0.6249943208233543 28:1.0 96:1.0 
-0.5029491525367616 0.6259900385192319 21:1.0 22:1.0 88:1.0 
-10.0 10.0 
-10.0 10.0 
-10.0 10.0 
-10.0 0.6259617974233059 18:1.0 
-10.0 10.0 
-10.0 10.0 
-0.5030124606576181 0.6259900911547436 91:1.0 120:1.0 
-10.0 10.0 
-0.5029432300453442 0.6259913355183448 22:1.0 40:1.0 73:1.0 
-10.0 10.0 
-10.0 10.0 
-10.0 10.0 
-9.50201743057466 9.625017105984048 
-0.5028757206586871 10.0 115:1.0 
-0.0 -10.0 
-0.0 -10.0 
-0.0 -10.0 
-0.0 -10.0 
-0.0 -10.0 
-0.0 -10.0 
-0.0 -10.0 
-0.0 -1.3750454099146048 78:1.0 
-10.0 -1.3749744624100306 10:1.0 
-0.0 -10.0 
-0.0 -10.0 
-0.0 -10.0 
-0.0 -10.0 
-0.0 -10.0 
-0.0 -10.0 
-0.0 -10.0 
-10.0 -1.3749659695048244 48:1.0 
-0.0 -10.0 
-0.0 -10.0 
-0.0 -10.0 
-0.0 -10.0 
-0.0 -10.0 
-0.7665454594437207 -10.0 117:1.0 
-10.0 -1.374038268320385 17:1.0 
-0.0 -10.0 
-0.0 -10.0 42:1.0 
-0.0 -10.0 
-0.0 -10.0 
-0.0 -10.0 
-0.0 -10.0 
-0.0 -10.0 
-0.0 -10.0 
-0.0 -10.0 
-0.0 -10.0 
-0.7812187946502741 -10.0 3:1.0 
-0.0 -10.0 
-0.0 -10.0 
-0.0 -10.0 
-0.0 -10.0 
-0.0 -10.0 
-0.7665797511276085 -10.0 122:1.0 
-0.7666707939669861 -1.3740666442120657 13:1.0 75:1.0 
-0.0 -10.0 
-9.748951169073227E-4 -0.3739522891206202 60:1.0 
-0.0 -10.0 
-0.0 -10.0 
-0.0 -10.0 
-0.0 -10.0 
-0.0 -10.0 
-0.0 -10.0 
-10.0 -10.0 89:1.0 
-0.0 -10.0 
-0.0 -10.0 
-0.0 -10.0 
-0.0 -10.0 
-0.7677570323152796 -1.3739772706429032 101:1.0 105:1.0 
-0.0 -10.0 
-0.0 -10.0 
-0.0 -10.0 
-0.0 -10.0 
-0.0 -0.3740033637204925 79:1.0 
-0.0 -10.0 
-0.0 -10.0 
-0.0 -10.0 
-0.0 -10.0 
-0.0 -10.0 
-0.0 -0.37399164172568705 109:1.0 
-0.0 -10.0 
-0.0 -10.0 
-0.0 -10.0 
-0.0 -10.0 
-9.985361268448264 -10.0 3:1.0 
-0.0 -10.0 
-0.0 -10.0 
-0.0 -10.0 
-0.0 -10.0 
-0.0 -10.0 
-0.0 -10.0 
-0.0 -10.0 
-9.747659922569593E-4 -1.3740382076830182 9:1.0 
-0.7665800802705072 -10.0 90:1.0 
-0.0 -10.0 
-0.0 -10.0 
-0.0 -10.0 
-0.0 -10.0 
-0.0 -10.0 
-0.0 -10.0 
-0.0 -10.0 98:1.0 
-1.0009974948415021 -10.0 
-10.0 -10.0 
-10.0 -10.0 
-10.0 -10.0 
-0.0 -10.0 29:1.0 
-10.0 -10.0 
-0.7666357942729769 -1.374039529422146 5:1.0 6:1.0 
-10.0 -10.0 
-0.0 -1.3740657396471772 56:1.0 
-0.7665799073120919 -1.3740382081895604 34:1.0 
-10.0 -10.0 
-10.0 -10.0 
-10.0 -10.0 
-0.7665799075817267 -1.3739474075256444 16:1.0 19:1.0 71:1.0 
-10.0 -10.0 
-10.0 -10.0 
-10.0 -10.0 
-10.0 -10.0 
-0.766580817745097 -10.0 63:1.0 
-10.0 -10.0 
-10.0 -10.0 
-10.0 -10.0 
-10.0 -10.0 
-10.0 -10.0 
-10.0 -10.0 
-0.76661451268117 -1.3740370280289504 14:1.0 35:1.0 71:1.0 
-10.0 -10.0 
-10.0 -10.0 
-10.0 -10.0 
-10.0 -10.0 
-9.774031008571958E-4 -0.12494891207446131 23:1.0 
-0.0 -0.12398064764143539 47:1.0 
-0.766581122445 -10.0 98:1.0 
-0.7665799060907845 -10.0 30:1.0 
-10.0 -10.0 
-10.0 -10.0 8:1.0 
-10.0 -10.0 
-10.0 -10.0 
-10.0 -10.0 
-10.0 -10.0 
-10.0 -10.0 
-10.0 -10.0 
-1.0009742070189616 -10.0 86:1.0 
-10.0 -10.0 
-10.0 -10.0 
-10.0 -10.0 
-10.0 -10.0 
-10.0 -10.0 
-0.7666016508533344 -10.0 29:1.0 
-10.0 -10.0 
-10.0 -10.0 
-10.0 -10.0 
-10.0 -10.0 
-0.7666370823871528 -1.3739463199278312 28:1.0 101:1.0 
-10.0 -10.0 
-10.0 -10.0 
-10.0 -10.0 103:1.0 
-10.0 -10.0 
-10.0 -10.0 
-0.7665463207539776 -10.0 28:1.0 
-10.0 -10.0 
-9.749628199443999E-4 -0.3740098902495125 26:1.0 99:1.0 132:1.0 
-9.744078121643264E-4 -1.2500851136609707 47:1.0 
-10.0 -10.0 
-10.0 -10.0 
-10.0 -10.0 
-10.0 -10.0 
-0.7665804130381444 -10.0 44:1.0 
-10.0 -10.0 
-10.0 -10.0 
-10.0 -10.0 
-10.0 -10.0 
-10.0 -10.0 
-10.0 -10.0 
-0.7665809418590257 -10.0 57:1.0 
-9.74993334016929E-4 -10.0 31:1.0 
-10.0 -10.0 
-0.7665800826732042 -1.3750283804979508 59:1.0 
-10.0 -10.0 
-10.0 -10.0 
-10.0 -10.0 
-0.7666708380250351 -1.3740371153992021 19:1.0 84:1.0 
-10.0 -10.0 
-10.0 -10.0 
-9.98015906960811E-4 -0.3739929108534148 20:1.0 45:1.0 125:1.0 
-10.0 -10.0 
-9.749670514757036E-4 -0.12493758804079161 77:1.0 
-10.0 -10.0 
-10.0 -10.0 
-10.0 -10.0 
-10.0 -10.0 
-0.7665817933198337 -1.374037071318805 5:1.0 88:1.0 
-10.0 -10.0 
-10.0 -10.0 
-10.0 -1.3740382657069536 37:1.0 
-10.0 -10.0 
-9.735008520168698E-4 -0.12495743460306441 93:1.0 
-10.0 -10.0 
-0.0 -1.2501248398912916 77:1.0 
-10.0 -10.0 
-10.0 -10.0 
-10.0 -10.0 
-10.0 -10.0 
-10.0 -10.0 
-0.0 -1.0000907916169357 79:1.0 
-10.0 -10.0 
-10.0 -10.0 
-10.0 -10.0 
-0.0 -0.3739916515162843 74:1.0 
-10.0 -10.0 
-10.0 -10.0 
-10.0 -10.0 
-9.749641971932149E-4 -10.0 114:1.0 118:1.0 127:1.0 
-0.7666145132806967 -1.3740099050433365 29:1.0 37:1.0 108:1.0 
-0.0 -9.9990203955163 78:1.0 
-10.0 -10.0 
-10.0 -10.0 
-0.7665799062487227 -10.0 50:1.0 
-10.0 -10.0 
-9.747289754254013E-4 -10.0 43:1.0 
-10.0 -10.0 
-10.0 -10.0 
-10.0 -10.0 
-10.0 -10.0 
-10.0 -10.0 
-10.0 -10.0 
-10.0 -1.373948871427896 15:1.0 67:1.0 
-10.0 -10.0 
-0.7666159111409077 -1.3740111538168833 9:1.0 59:1.0 113:1.0 115:1.0 
-10.0 -10.0 
-10.0 -10.0 
-10.0 -10.0 
-10.0 -10.0 
-10.0 -10.0 
-10.0 -10.0 
-10.0 -10.0 
-10.0 -10.0 
-10.0 -10.0 
-10.0 -10.0 
-10.0 -10.0 
-10.0 -10.0 
-10.0 -10.0 
-10.0 -10.0 
-10.0 -10.0 
-10.0 -10.0 
-10.0 -10.0 
-0.7666360966712625 -10.0 53:1.0 
-10.0 -10.0 
-10.0 -10.0 
-10.0 -10.0 
-10.0 -10.0 
-0.7656047744708591 -10.0 31:1.0 
-0.76654527702496 -10.0 95:1.0 
-10.0 -10.0 
-10.0 -10.0 
-10.0 -10.0 
-10.0 -10.0 
-10.0 -10.0 
-10.0 -10.0 
-10.0 -10.0 
-10.0 -10.0 
-0.7665820124408301 -10.0 56:1.0 
-0.766546282707417 -1.374008986755565 29:1.0 115:1.0 
-10.0 -10.0 
-10.0 -10.0 
-10.0 -10.0 
-10.0 -10.0 
-10.0 -10.0 
-0.766579664769816 -1.373977092046136 48:1.0 71:1.0 
-1.0000227277914573 -10.0 43:1.0 
-10.0 -10.0 
-0.7655710969220382 -10.0 47:1.0 
-10.0 -10.0 
-10.0 -10.0 
-10.0 -10.0 
-10.0 -1.3740680023567329 64:1.0 
-10.0 -10.0 
-0.7656051400984557 -10.0 9:1.0 
-10.0 -10.0 
-10.0 -10.0 
-10.0 -10.0 
-10.0 -1.3740679398494264 1:1.0 
-10.0 -10.0 
-10.0 -10.0 
-10.0 -10.0 
-10.0 -10.0 
-10.0 -10.0 
-10.0 -10.0 
-10.0 -10.0 
-10.0 -10.0 
-10.0 -10.0 
-10.0 -10.0 
-10.0 -10.0 
-10.0 -10.0 
-10.0 -10.0 
-10.0 -10.0 
-10.0 -10.0 
-10.0 -10.0 
-10.0 -10.0 
-9.759818816047553E-4 -10.0 113:1.0 
-10.0 -10.0 
-10.0 -10.0 
-10.0 -10.0 
-10.0 -1.374038206672373 4:1.0 
-10.0 -10.0 
-10.0 -10.0 
-0.7665800639210485 -10.0 12:1.0 
-10.0 -10.0 
-10.0 -10.0 
-0.7666148408266897 -1.3739758654606407 10:1.0 55:1.0 
-0.0 -10.0 113:1.0 
-10.0 -10.0 
-10.0 -10.0 
-10.0 -10.0 
-10.0 -10.0 
-10.0 -10.0 
-10.0 -10.0 
-10.0 -10.0 
-10.0 -10.0 
-10.0 -10.0 
-10.0 -10.0 
-10.0 -1.3749432535002912 54:1.0 
-10.0 -10.0 85:1.0 
-0.7665797484223799 -10.0 78:1.0 
-10.0 -10.0 
-9.765638438887452 -10.0 43:1.0 
-0.7666170822644991 -1.3740086522276194 16:1.0 26:1.0 76:1.0 99:1.0 129:1.0 132:1.0 
-0.7656076250816182 -1.250102167748666 93:1.0 
-10.0 -10.0 
-10.0 -10.0 
-10.0 -10.0 
-10.0 -10.0 
-10.0 -10.0 
-10.0 -10.0 
-0.7665797732594364 -10.0 79:1.0 
-10.0 -10.0 
-0.7665797008632109 -10.0 11:1.0 117:1.0 
-10.0 -10.0 
-0.7665809907406722 -1.3741246669197373 80:1.0 
-10.0 -10.0 
-10.0 -10.0 
-10.0 -10.0 
-10.0 -10.0 
-0.7655352758180588 -1.0000226901747933 60:1.0 
-10.0 -10.0 
-0.7665459744304717 -10.0 47:1.0 60:1.0 
-0.7665799060847319 -10.0 36:1.0 
-10.0 -10.0 
-10.0 -10.0 
-10.0 -10.0 
-10.0 -10.0 
-10.0 -10.0 
-10.0 -10.0 
-10.0 -10.0 
-10.0 -10.0 
-10.0 -10.0 
-10.0 -10.0 
-10.0 -10.0 
-0.7665811224449998 -10.0 22:1.0 
-10.0 -10.0 
-10.0 -10.0 
-0.7656391971061884 -1.0000454019922624 20:1.0 45:1.0 125:1.0 
-10.0 -10.0 
-10.0 -10.0 
-10.0 -10.0 
-10.0 -10.0 
-10.0 -1.373912274146153 101:1.0 
-0.7656395474058169 -10.0 114:1.0 118:1.0 127:1.0 
-10.0 -10.0 
-10.0 -10.0 
-10.0 -10.0 
-10.0 -10.0 
-10.0 -10.0 
-10.0 -10.0 
-10.0 -10.0 
-1.0000227288220342 -10.0 77:1.0 
-0.7666146765831998 -1.3740111494604506 54:1.0 61:1.0 110:1.0 
-10.0 -10.0 
-10.0 -10.0 
-10.0 -10.0 
-0.7665106982994032 -10.0 5:1.0 
-0.7665819670749556 -1.3749716360596267 16:1.0 19:1.0 
-10.0 -10.0 
-0.766635902865434 -1.373974977341997 54:1.0 95:1.0 
-9.765662224707226 -10.0 86:1.0 
-10.0 -10.0 
-10.0 -10.0 47:1.0 
-10.0 -10.0 
-10.0 -10.0 
-10.0 -10.0 
-0.7665452581300536 -1.3739771120782438 65:1.0 
-10.0 -10.0 
-10.0 -10.0 
-10.0 -10.0 
-10.0 -10.0 
-10.0 -10.0 
-10.0 -10.0 45:1.0 
-10.0 -10.0 
-10.0 -10.0 
-10.0 -10.0 
-10.0 -10.0 
-10.0 -10.0 
-10.0 -10.0 
-10.0 -10.0 
-10.0 -10.0 
-10.0 -10.0 
-10.0 -10.0 
-10.0 -10.0 
-10.0 -10.0 
-0.7666705310202646 -1.374037075581836 2:1.0 91:1.0 
-10.0 -10.0 
-10.0 -10.0 
-0.0 -1.00004540302284 109:1.0 
-0.7666359091963229 -1.3739462321332154 60:1.0 72:1.0 
-10.0 -10.0 
-0.7665800628977508 -10.0 68:1.0 
-0.7666148219856982 -10.0 39:1.0 94:1.0 
-10.0 -10.0 
-10.0 -10.0 
-10.0 -10.0 
-10.0 -10.0 
-10.0 -10.0 
-10.0 -10.0 
-10.0 -10.0 
-9.760054266762673E-4 -0.3739973542707325 38:1.0 
-10.0 -10.0 
-10.0 -10.0 
-10.0 -10.0 
-10.0 -10.0 
-10.0 -10.0 
-0.9990024159691899 -0.0 74:1.0 
-0.7665804114833012 -10.0 73:1.0 
-10.0 -10.0 
-10.0 -10.0 
-10.0 -10.0 
-10.0 -10.0 
-10.0 -10.0 
-10.0 -10.0 
-10.0 -10.0 
-10.0 -10.0 
-10.0 -10.0 8:1.0 
-10.0 -10.0 
-10.0 -10.0 
-10.0 -10.0 
-10.0 -10.0 
-10.0 -10.0 
-10.0 -10.0 77:1.0 
-10.0 -10.0 
-10.0 -10.0 
-10.0 -10.0 
-10.0 -10.0 
-10.0 -10.0 
-10.0 -10.0 
-0.7676104568302237 -1.3749432567855362 25:1.0 65:1.0 
-0.7665806386373675 -10.0 70:1.0 
-10.0 -10.0 
-9.767577356953385 -1.0000453932321847 74:1.0 
-10.0 -10.0 
-10.0 -10.0 
-10.0 -10.0 
-10.0 -10.0 
-10.0 -10.0 
-10.0 -10.0 
-10.0 -10.0 
-10.0 -10.0 
-0.0 -1.2501135459314239 23:1.0 
-10.0 -10.0 
-10.0 -10.0 
-10.0 -10.0 
-10.0 -10.0 
-10.0 -10.0 13:1.0 
-10.0 -10.0 
-0.7665449275790007 -10.0 115:1.0 
-10.0 -10.0 
-10.0 -10.0 
-10.0 -10.0 
-10.0 -10.0 
-0.7656395496591506 -1.0000000200968095 26:1.0 99:1.0 132:1.0 
-10.0 -10.0 
-9.765638095472022 -10.0 77:1.0 
-10.0 -10.0 
-10.0 -10.0 
-10.0 -10.0 
-10.0 -10.0 
-10.0 -10.0 
-10.0 -10.0 
-10.0 -10.0 
-10.0 -10.0 
-10.0 -10.0 
-10.0 -10.0 
-10.0 -10.0 
-10.0 -10.0 
-10.0 -10.0 
-10.0 -10.0 
-10.0 -10.0 
-10.0 -10.0 
-10.0 -10.0 
-10.0 -10.0 
-0.7665809415169343 -10.0 42:1.0 
-10.0 -10.0 
-10.0 -10.0 
-10.0 -10.0 
-10.0 -10.0 
-10.0 -10.0 
-10.0 -10.0 
-0.7656044324406055 -10.0 23:1.0 
-10.0 -10.0 
-0.7665797497026311 -10.0 27:1.0 
-10.0 -10.0 
-0.7656044316510642 -1.0000681019576998 38:1.0 
-10.0 -10.0 
-10.0 -10.0 
-10.0 -10.0 
-0.7675195613433001 -10.0 71:1.0 
-0.766714924566838 -1.3739749792372047 15:1.0 
-10.0 -10.0 
-10.0 -10.0 
-10.0 -10.0 
-10.0 -10.0 
-0.0 -10.0 109:1.0 
-10.0 -10.0 
-0.7656044311837441 -10.0 113:1.0 
-0.7665797520077845 -10.0 109:1.0 
-10.0 -1.37400989030139 20:1.0 45:1.0 58:1.0 92:1.0 104:1.0 124:1.0 125:1.0 126:1.0 128:1.0 
-10.0 -10.0 
-0.7675892600976721 -1.3740099136375288 40:1.0 73:1.0 94:1.0 
-10.0 -10.0 
-10.0 -10.0 
-10.0 -10.0 
-10.0 -10.0 
-10.0 -10.0 
-10.0 -10.0 81:1.0 
-10.0 -10.0 
-10.0 -10.0 
-10.0 -10.0 
-10.0 -10.0 
-10.0 -10.0 
-10.0 -10.0 
-10.0 -10.0 
-10.0 -10.0 
-9.765550570596856 -10.0 
