svm_type c_svc
kernel_type rbf
gamma 0.1
nr_class 3
total_sv 1550
rho 0.8887037833094137 0.8437909074671733 -0.9033552439589799
label 2 0 1
nr_sv 419 594 537
SV
0.1 0.1 
0.1 0.1 
0.1 0.1 
0.1 0.1 45:1.0 58:1.0 104:1.0 116:1.0 126:1.0 128:1.0 
0.1 0.1 
0.1 0.1 61:1.0 86:1.0 
0.1 0.1 
0.1 0.1 
0.1 0.1 
0.1 0.1 
0.1 0.1 
0.1 0.1 
0.1 0.1 
0.1 0.1 
0.1 0.1 
0.1 0.1 27:1.0 101:1.0 105:1.0 
0.1 0.1 84:1.0 
0.1 0.1 
0.1 0.1 
0.1 0.1 
0.1 0.1 
0.1 0.1 
0.1 0.1 18:1.0 
0.1 0.1 
0.1 0.1 
0.1 0.1 
0.1 0.1 
0.1 0.1 
0.1 0.1 
0.1 0.1 
0.1 0.1 
0.1 0.1 
0.1 0.1 
0.1 0.1 
0.1 0.1 
0.1 0.1 
0.1 0.1 
0.1 0.1 
0.1 0.1 
0.1 0.1 
0.1 0.1 4:1.0 
0.1 0.1 
0.1 0.1 45:1.0 58:1.0 104:1.0 116:1.0 126:1.0 128:1.0 
0.1 0.1 
0.1 0.1 
0.1 0.1 
0.1 0.1 
0.1 0.1 
0.1 0.1 
0.1 0.1 
0.1 0.1 
0.1 0.1 
0.1 0.1 61:1.0 
0.1 0.1 
0.1 0.1 
0.1 0.1 
0.1 0.1 32:1.0 
0.1 0.1 
0.1 0.1 
0.1 0.1 
0.1 0.1 81:1.0 
0.1 0.1 
0.1 0.1 
0.1 0.1 
0.1 0.1 
0.1 0.1 72:1.0 
0.1 0.1 8:1.0 
0.1 0.1 86:1.0 
0.1 0.1 
0.1 0.1 
0.1 0.1 20:1.0 45:1.0 58:1.0 92:1.0 104:1.0 124:1.0 125:1.0 126:1.0 128:1.0 
0.1 0.1 6:1.0 116:1.0 
0.1 0.1 
0.1 0.1 
0.1 0.1 
0.1 0.1 6:1.0 
0.1 0.1 
0.1 0.1 3:1.0 
0.1 0.1 
0.1 0.1 
0.1 0.1 
0.1 0.1 
0.1 0.1 
0.1 0.1 
0.1 0.1 
0.1 0.1 
0.1 0.1 
0.1 0.1 
0.1 0.1 
0.1 0.1 
0.1 0.1 72:1.0 101:1.0 
0.1 0.1 110:1.0 
0.1 0.1 20:1.0 45:1.0 58:1.0 92:1.0 104:1.0 124:1.0 125:1.0 126:1.0 128:1.0 
0.1 0.1 
0.1 0.1 110:1.0 
0.1 0.1 
0.1 0.1 
0.1 0.1 4:1.0 91:1.0 
0.1 0.1 
0.1 0.1 
0.1 0.1 
0.1 0.1 
0.1 0.1 
0.1 0.1 72:1.0 
0.1 0.1 
0.1 0.1 
0.1 0.1 
0.1 0.1 81:1.0 
0.1 0.1 
0.1 0.1 
0.1 0.1 
0.1 0.1 
0.1 0.1 
0.1 0.1 
0.1 0.1 
0.1 0.1 35:1.0 
0.1 0.1 58:1.0 
0.1 0.1 
0.1 0.1 
0.1 0.1 
0.1 0.1 
0.1 0.1 116:1.0 
0.1 0.1 
0.1 0.1 
0.1 0.1 
0.1 0.1 52:1.0 
0.1 0.1 
0.1 0.1 
0.1 0.1 
0.1 0.1 
0.1 0.1 
0.1 0.1 
0.1 0.1 
0.1 0.1 
0.1 0.1 
0.1 0.1 
0.1 0.1 
0.1 0.1 
0.1 0.1 
0.1 0.1 
0.1 0.1 
0.1 0.1 
0.1 0.1 
0.1 0.1 85:1.0 
0.1 0.1 
0.1 0.1 
0.1 0.1 
0.1 0.1 
0.1 0.1 
0.1 0.1 
0.1 0.1 
0.1 0.1 
0.1 0.1 
0.1 0.1 
0.1 0.1 101:1.0 
0.1 0.1 
0.1 0.1 
0.1 0.1 
0.1 0.1 
0.1 0.1 1:1.0 
0.1 0.1 77:1.0 
0.1 0.1 1:1.0 53:1.0 
0.1 0.1 54:1.0 
0.1 0.1 
0.1 0.1 6:1.0 
0.1 0.1 
0.1 0.1 
0.1 0.1 15:1.0 67:1.0 
0.1 0.1 107:1.0 
0.1 0.1 54:1.0 
0.1 0.1 29:1.0 77:1.0 
0.1 0.1 
0.1 0.1 
0.1 0.1 47:1.0 
0.1 0.1 
0.1 0.1 108:1.0 
0.1 0.1 18:1.0 
0.1 0.1 
0.1 0.1 
0.1 0.1 
0.1 0.1 
0.1 0.1 25:1.0 
0.1 0.1 
0.1 0.1 
0.1 0.1 
0.1 0.1 
0.1 0.1 13:1.0 45:1.0 104:1.0 128:1.0 
0.1 0.1 
0.1 0.1 
0.1 0.1 
0.1 0.1 
0.1 0.1 
0.1 0.1 
0.1 0.1 
0.1 0.1 
0.1 0.1 
0.1 0.1 37:1.0 
0.1 0.1 
0.1 0.1 
0.1 0.1 
0.1 0.1 
0.1 0.1 13:1.0 
0.1 0.1 
0.1 0.1 
0.1 0.1 
0.1 0.1 
0.1 0.1 
0.1 0.1 
0.1 0.1 
0.1 0.1 
0.1 0.1 101:1.0 
0.1 0.1 105:1.0 
0.1 0.1 
0.1 0.1 45:1.0 
0.1 0.1 
0.1 0.1 72:1.0 
0.1 0.1 
0.1 0.1 
0.1 0.1 
0.1 0.1 
0.1 0.1 13:1.0 
0.1 0.1 
0.1 0.1 
0.1 0.1 61:1.0 
0.1 0.1 
0.1 0.1 103:1.0 
0.1 0.1 
0.1 0.1 67:1.0 
0.1 0.1 
0.1 0.1 48:1.0 
0.1 0.1 
0.1 0.1 
0.1 0.1 82:1.0 121:1.0 
0.1 0.1 
0.1 0.1 
0.1 0.1 37:1.0 
0.1 0.1 8:1.0 
0.1 0.1 
0.1 0.1 58:1.0 91:1.0 92:1.0 120:1.0 124:1.0 
0.1 0.1 
0.1 0.1 
0.1 0.1 4:1.0 58:1.0 120:1.0 
0.1 0.1 43:1.0 48:1.0 
0.1 0.1 
0.1 0.1 
0.1 0.1 
0.1 0.1 45:1.0 
0.1 0.1 
0.1 0.1 43:1.0 
0.1 0.1 103:1.0 
0.1 0.1 
0.1 0.1 
0.1 0.1 
0.1 0.1 
0.1 0.1 
0.1 0.1 77:1.0 
0.1 0.1 
0.1 0.1 
0.1 0.1 
0.1 0.1 
0.1 0.1 
0.1 0.1 
0.1 0.1 
0.1 0.1 91:1.0 
0.1 0.1 
0.1 0.1 
0.1 0.1 64:1.0 
0.1 0.1 
0.1 0.1 
0.1 0.1 
0.1 0.1 
0.1 0.1 35:1.0 
0.1 0.1 17:1.0 52:1.0 
0.1 0.1 
0.1 0.1 
0.1 0.1 17:1.0 
0.1 0.1 17:1.0 
0.1 0.1 
0.1 0.1 
0.1 0.1 
0.1 0.1 
0.1 0.1 
0.1 0.1 
0.1 0.1 
0.1 0.1 103:1.0 
0.1 0.1 
0.1 0.1 
0.1 0.1 
0.1 0.1 
0.1 0.1 52:1.0 102:1.0 
0.1 0.1 
0.1 0.1 
0.1 0.1 
0.1 0.1 
0.1 0.1 
0.1 0.1 
0.1 0.1 108:1.0 
0.1 0.1 103:1.0 
0.1 0.1 
0.1 0.1 
0.1 0.1 101:1.0 
0.1 0.1 
0.1 0.1 
0.1 0.1 
0.1 0.1 
0.1 0.1 
0.1 0.1 81:1.0 105:1.0 
0.1 0.1 
0.1 0.1 
0.1 0.1 
0.1 0.1 
0.1 0.1 
0.1 0.1 
0.1 0.1 
0.1 0.1 
0.1 0.1 
0.1 0.1 
0.1 0.1 
0.1 0.1 61:1.0 
0.1 0.1 
0.1 0.1 
0.1 0.1 52:1.0 
0.1 0.1 100:1.0 
0.1 0.1 
0.1 0.1 
0.1 0.1 
0.1 0.1 
0.1 0.1 
0.1 0.1 
0.1 0.1 
0.1 0.1 
0.1 0.1 10:1.0 
0.1 0.1 
0.1 0.1 107:1.0 
0.1 0.1 
0.1 0.1 
0.1 0.1 
0.1 0.1 
0.1 0.1 
0.1 0.1 
0.1 0.1 101:1.0 
0.1 0.1 
0.1 0.1 
0.1 0.1 
0.1 0.1 
0.1 0.1 
0.1 0.1 
0.1 0.1 
0.1 0.1 
0.1 0.1 
0.1 0.1 
0.1 0.1 
0.1 0.1 
0.1 0.1 
0.1 0.1 
0.1 0.1 
0.1 0.1 
0.1 0.1 
0.1 0.1 
0.1 0.1 
0.1 0.1 
0.1 0.1 
0.1 0.1 
0.1 0.1 
0.1 0.1 
0.1 0.1 
0.1 0.1 
0.1 0.1 
0.1 0.1 
0.1 0.1 25:1.0 
0.1 0.1 
0.1 0.1 
0.1 0.1 
0.1 0.1 
0.1 0.1 
0.1 0.1 
0.1 0.1 
0.1 0.1 
0.1 0.1 15:1.0 62:1.0 
0.1 0.1 
0.1 0.1 
0.1 0.1 
0.1 0.1 
0.1 0.1 
0.1 0.1 
0.1 0.1 
0.1 0.1 
0.1 0.1 
0.1 0.1 
0.1 0.1 
0.1 0.1 
0.1 0.1 
0.1 0.1 
0.1 0.1 
0.1 0.1 
0.1 0.1 62:1.0 
0.1 0.1 
0.1 0.1 
0.1 0.1 
0.1 0.1 
0.1 0.1 
0.1 0.1 
0.1 0.1 89:1.0 
0.1 0.1 
0.1 0.1 15:1.0 67:1.0 
0.1 0.1 
0.1 0.1 
0.1 0.1 
0.1 0.1 
0.1 0.1 74:1.0 
0.1 0.1 
0.1 0.1 
0.1 0.1 
0.1 0.1 
0.1 0.1 
0.1 0.1 
0.1 0.1 
0.1 0.1 
0.1 0.1 
-0.0 0.1 47:1.0 
-0.1 0.1 86:1.0 
-0.0 0.021915417020841692 73:1.0 98:1.0 
-0.0 0.04472378738379817 55:1.0 
-0.02855181832145042 0.02325887814426491 7:1.0 63:1.0 
-0.060032251159382544 0.0525737074951368 66:1.0 123:1.0 
-0.0 0.025496408419583592 80:1.0 113:1.0 
-0.06886453555641026 0.1 3:1.0 
-0.0 0.1 109:1.0 
-0.05467046927077613 0.09534924673360143 55:1.0 
-0.0 0.039406105979514654 88:1.0 
-0.05932797840087252 0.1 47:1.0 60:1.0 
-0.0 0.1 71:1.0 
-0.1 0.1 20:1.0 41:1.0 45:1.0 125:1.0 
-0.1 0.0 107:1.0 
-0.1 0.0 35:1.0 
-0.04028123620897141 0.05095906290317696 11:1.0 114:1.0 118:1.0 127:1.0 
-0.0562913650858274 0.1 9:1.0 
-0.1 0.046129080526350744 53:1.0 58:1.0 91:1.0 120:1.0 
-0.0 0.016318912047091055 53:1.0 
-0.0 0.1 56:1.0 
-0.028525413270198918 0.0 13:1.0 
-0.061308034326698305 0.1 20:1.0 41:1.0 45:1.0 125:1.0 
-0.0 0.1 71:1.0 
-0.0 0.003370245006604358 95:1.0 
-0.1 0.04901770579734174 116:1.0 
-0.1 0.1 45:1.0 
-0.1 0.1 25:1.0 
-0.027543595411151825 0.1 117:1.0 
-0.0 0.1 23:1.0 
-0.1 0.0 13:1.0 
-0.0 0.1 31:1.0 
-0.01850799804754885 0.010915955401965534 8:1.0 
-0.1 0.1 6:1.0 
-0.0 0.05798073544954145 12:1.0 
-0.0 0.05091518628318489 57:1.0 
-0.01520713440476426 0.018419456274415772 40:1.0 114:1.0 
-0.039004675482390415 0.06643249839160707 16:1.0 71:1.0 76:1.0 129:1.0 
-0.04605511357391346 0.0 62:1.0 102:1.0 
-0.1 0.1 61:1.0 
-0.031435324823682755 0.1 11:1.0 117:1.0 
-0.1 0.1 8:1.0 
-0.0 0.05296470556042435 90:1.0 
-0.0 0.012443707742770418 42:1.0 
-0.0 0.1 77:1.0 
-0.02582586215314251 0.05288409356958447 40:1.0 71:1.0 
-0.0 0.1 78:1.0 
-0.062010034686357525 0.1 47:1.0 
-0.022811233885429806 0.09182896935271426 21:1.0 115:1.0 
-0.008042108652078757 0.033593942712318636 7:1.0 113:1.0 
-0.0 0.1 
-0.0 0.1 
-0.0 0.1 23:1.0 93:1.0 
-0.0 0.1 
-0.0 0.1 
-0.0 0.1 
-0.0 0.1 
-0.0 0.1 
-0.05472963125613371 0.1 19:1.0 
-0.1 0.0 81:1.0 
-0.0 0.1 
-0.0 0.1 
-0.0 0.1 
-0.0 0.1 
-0.1 0.1 103:1.0 
-0.0 0.1 
-0.0 0.1 
-0.1 0.0 107:1.0 
-0.06665373364424648 0.0 24:1.0 49:1.0 69:1.0 83:1.0 97:1.0 112:1.0 121:1.0 130:1.0 131:1.0 133:1.0 
-0.024170412373988856 0.1 2:1.0 79:1.0 
-0.0 0.1 
-0.0 0.1 
-0.0 0.1 
-0.0 0.1 
-0.019645262451276412 0.09173295845136711 12:1.0 
-0.0 0.1 
-0.0 0.1 
-0.0 0.1 
-0.1 0.1 44:1.0 84:1.0 
-0.0 0.1 
-0.0 0.1 
-0.0 0.1 
-0.0 0.1 
-0.0 0.1 
-0.0 0.1 
-0.0 0.1 
-0.0 0.1 
-0.0 0.1 98:1.0 
-0.0 0.1 
-0.0 0.1 
-0.0 0.1 
-0.0 0.1 
-0.0 0.1 
-0.0 0.1 
-0.0 0.1 
-0.0 0.1 
-0.05297127965200458 0.1 43:1.0 
-0.0 0.1 
-0.0 0.1 113:1.0 
-0.0 0.1 
-0.0 0.1 
-0.1 0.1 13:1.0 
-0.0 0.07346595543968948 73:1.0 
-0.042725136748880975 0.1 2:1.0 47:1.0 
-0.0 0.1 
-0.007165647314943622 0.013552283763913472 50:1.0 71:1.0 
-0.016700273319739254 0.002559204100013618 39:1.0 94:1.0 
-0.0 0.1 
-0.0 0.1 
-0.1 0.049441877805192096 81:1.0 
-0.0 0.1 
-0.0 0.1 
-0.0 0.1 114:1.0 118:1.0 127:1.0 
-0.0 0.1 
-0.0 0.1 
-0.0 0.1 
-0.0 0.1 
-0.0 0.1 
-0.0 0.1 
-0.0 0.1 
-0.08721003623932165 0.1 3:1.0 
-0.1 0.1 
-0.1 0.1 
-0.1 0.1 
-0.1 0.1 
-0.1 0.1 34:1.0 45:1.0 58:1.0 92:1.0 104:1.0 124:1.0 126:1.0 128:1.0 
-0.1 0.1 
-0.03100699216743514 0.04173480695158837 95:1.0 113:1.0 
-0.1 0.1 
-0.1 0.1 
-0.1 0.1 
-0.1 0.1 
-0.1 0.1 
-0.1 0.1 
-0.1 0.1 
-0.03607721107235547 0.039251638785282844 42:1.0 63:1.0 
-0.1 0.1 10:1.0 62:1.0 
-0.1 0.1 
-0.1 0.1 
-0.1 0.1 
-0.1 0.1 
-0.1 0.1 
-0.029861086047219848 0.1 109:1.0 
-0.0 0.05265041038653574 36:1.0 
-0.1 0.1 
-0.1 0.1 
-0.1 0.1 
-0.1 0.1 
-0.1 0.1 
-0.0 0.1 113:1.0 
-0.1 0.1 
-0.1 0.1 
-0.1 0.1 
-0.1 0.1 
-0.1 0.1 
-0.1 0.1 
-0.1 0.1 
-0.1 0.1 
-0.1 0.1 
-0.1 0.1 
-0.1 0.1 
-0.0 0.03276608268395822 24:1.0 49:1.0 69:1.0 83:1.0 97:1.0 112:1.0 121:1.0 130:1.0 131:1.0 133:1.0 
-0.1 0.1 
-0.1 0.1 
-0.1 0.1 
-0.1 0.1 
-0.050672234806891134 0.1 93:1.0 96:1.0 
-0.1 0.1 
-0.1 0.1 
-0.1 0.1 
-0.1 0.1 
-0.1 0.1 
-0.1 0.1 
-0.1 0.1 
-0.1 0.1 
-0.1 0.1 
-0.1 0.1 
-0.1 0.1 
-0.1 0.1 
-0.0 0.0921073636061416 63:1.0 
-0.1 0.1 
-0.1 0.1 
-0.1 0.1 
-0.1 0.1 
-0.1 0.1 
-0.1 0.1 
-0.0559726134671944 0.0 32:1.0 
-0.1 0.1 
-0.1 0.1 
-0.1 0.1 
-0.03264271201186794 0.1 62:1.0 73:1.0 83:1.0 109:1.0 
-0.1 0.1 
-0.1 0.1 
-0.1 0.1 
-0.1 0.1 
-0.1 0.1 
-0.1 0.1 
-0.0 0.058438571199578716 68:1.0 
-0.1 0.1 
-0.1 0.1 
-0.1 0.1 
-0.1 0.1 
-0.1 0.1 
-0.1 0.1 
-0.1 0.1 
-0.0 0.1 39:1.0 59:1.0 
-0.1 0.1 
-0.1 0.1 
-0.1 0.1 
-0.1 0.1 
-0.0 0.056016147044224064 122:1.0 
-0.1 0.1 
-0.1 0.1 
-0.1 0.1 86:1.0 
-0.1 0.1 
-0.1 0.1 
-0.1 0.1 
-0.1 0.1 
-0.1 0.1 
-0.1 0.1 
-0.1 0.1 
-0.059682749349461946 0.05821390270862771 14:1.0 35:1.0 
-0.1 0.1 
-0.1 0.1 
-0.1 0.1 
-0.1 0.1 
-0.0 0.1 42:1.0 
-0.1 0.1 
-0.1 0.1 
-0.1 0.1 
-0.1 0.1 43:1.0 
-0.1 0.1 
-0.1 0.1 
-0.1 0.1 
-0.1 0.1 
-0.1 0.1 
-0.018778628645840643 0.1 88:1.0 
-0.04253956314120243 0.05081807515637696 27:1.0 
-0.1 0.1 
-0.1 0.1 
-0.1 0.1 
-0.1 0.1 
-0.09134183322585251 0.0 62:1.0 
-0.02135129016153399 0.09279792351714922 111:1.0 115:1.0 
-0.1 0.1 
-0.1 0.1 
-0.1 0.1 
-0.1 0.1 
-0.1 0.1 
-0.1 0.1 
-0.037888706660173375 0.0 12:1.0 111:1.0 
-0.1 0.1 
-0.1 0.1 
-0.07794872883340481 0.1 13:1.0 
-0.1 0.1 
-0.0 0.09461512390851529 71:1.0 
-0.06050543570637532 0.1 78:1.0 107:1.0 
-0.1 0.1 
-0.06446739396235358 0.04974609192364774 89:1.0 
-0.1 0.1 
-0.1 0.1 
-0.1 0.1 
-0.1 0.1 
-0.1 0.1 105:1.0 
-0.1 0.1 
-0.1 0.1 
-0.1 0.1 8:1.0 
-0.0 0.1 79:1.0 
-0.1 0.1 
-0.0 0.01982154030073453 94:1.0 
-0.1 0.1 
-0.1 0.1 
-0.1 0.1 
-0.1 0.1 
-0.1 0.1 
-0.1 0.1 
-0.1 0.1 
-0.1 0.1 
-0.1 0.1 
-0.1 0.1 
-0.1 0.1 
-0.1 0.1 
-0.1 0.1 
-0.1 0.1 
-0.1 0.1 
-0.1 0.1 
-0.1 0.1 
-0.1 0.1 
-0.1 0.1 
-0.1 0.1 
-0.1 0.1 
-0.056298981657302884 0.1 31:1.0 
-0.08060787042532333 0.053222608147328994 85:1.0 
-0.1 0.1 
-0.1 0.1 
-0.1 0.1 
-0.1 0.1 
-0.1 0.1 
-0.1 0.1 
-0.1 0.1 
-0.1 0.1 
-0.1 0.1 
-0.1 0.1 
-0.1 0.1 
-0.1 0.1 
-0.1 0.1 
-0.1 0.1 
-0.1 0.1 
-0.1 0.1 
-0.1 0.1 
-0.1 0.1 
-0.1 0.1 
-0.05382885370183514 0.09300155875311682 122:1.0 
-0.1 0.1 
-0.1 0.1 
-0.1 0.1 
-0.1 0.1 
-0.029226480264381658 0.1 98:1.0 
-0.1 0.1 
-0.1 0.1 
-0.0 0.1 113:1.0 
-0.1 0.1 
-0.1 0.1 
-0.1 0.1 
-0.1 0.1 
-0.1 0.1 23:1.0 48:1.0 
-0.1 0.1 
-0.1 0.1 
-0.1 0.1 
-0.1 0.1 
-0.1 0.1 
-0.1 0.1 
-0.1 0.1 
-0.1 0.1 
-0.058738648957444725 0.05064906105436276 51:1.0 
-0.1 0.1 
-0.1 0.1 
-0.1 0.1 
-0.0 0.04923224592115722 30:1.0 
-0.0 0.1 95:1.0 
-0.1 0.1 
-0.1 0.1 
-0.1 0.1 
-0.1 0.1 
-0.1 0.1 
-0.1 0.1 
-0.1 0.1 
-0.1 0.1 1:1.0 33:1.0 
-0.1 0.1 
-0.1 0.1 
-0.1 0.1 
-0.1 0.1 
-0.1 0.1 
-0.05440918164840604 0.0 82:1.0 
-0.1 0.1 
-0.08695121096320152 0.1 77:1.0 102:1.0 
-0.1 0.1 
-0.1 0.1 
-0.1 0.1 
-0.0 0.1 94:1.0 
-0.1 0.1 
-0.05539167774392061 0.09712992635150698 36:1.0 
-0.1 0.1 
-0.018870949692375773 0.042209079825966674 13:1.0 50:1.0 
-0.1 0.1 
-0.1 0.1 
-0.1 0.1 
-0.0038227915467459635 0.1 29:1.0 
-0.039358107218851725 0.1 94:1.0 
-0.1 0.1 
-0.04738545906138176 0.1 29:1.0 35:1.0 
-0.1 0.1 
-0.1 0.1 
-0.1 0.1 
-0.022085611508634986 0.1 42:1.0 
-0.0911764568546193 0.1 43:1.0 
-0.02678002059338262 0.1 28:1.0 80:1.0 
-0.0 0.08539062291601783 22:1.0 
-0.1 0.1 
-0.1 0.1 
-0.1 0.1 
-0.1 0.1 
-0.1 0.1 
-0.0939066731116077 0.0 41:1.0 45:1.0 
-0.0024231373545361844 0.0 21:1.0 50:1.0 
-0.1 0.1 
-0.07322098327651164 0.0960096377738272 85:1.0 
-0.1 0.1 29:1.0 
-0.1 0.1 
-0.014885378894809183 0.1 28:1.0 
-0.1 0.1 
-0.07261712418156398 0.1 53:1.0 
-0.1 0.1 
-0.1 0.1 
-0.1 0.1 
-0.1 0.1 
-0.1 0.1 38:1.0 108:1.0 
-0.1 0.1 
-0.1 0.1 
-0.1 0.1 
-0.053830927148189774 0.09678138636322293 90:1.0 
-0.1 0.1 
-0.1 0.1 
-0.1 0.1 
-0.1 0.1 
-0.1 0.1 
-0.1 0.1 
-0.1 0.1 
-0.0 0.020461971698326482 24:1.0 49:1.0 69:1.0 83:1.0 97:1.0 112:1.0 130:1.0 131:1.0 133:1.0 
-0.1 0.1 
-0.1 0.1 
-0.1 0.1 
-0.1 0.1 
-0.1 0.1 
-0.027656796315001328 0.1 95:1.0 
-0.0 0.040953296338532424 75:1.0 
-0.1 0.1 
-0.05384498741661041 0.05158751411271742 119:1.0 
-0.1 0.1 
-0.1 0.1 
-0.1 0.1 
-0.1 0.1 
-0.03922007350583612 0.040850527787708694 8:1.0 80:1.0 
-0.1 0.1 
-0.1 0.1 
-0.1 0.1 
-0.05383092714819055 0.04978804762321055 87:1.0 
-0.1 0.1 77:1.0 
-0.1 0.1 
-0.1 0.1 
-0.1 0.1 81:1.0 
-0.1 0.1 
-0.1 0.1 
-0.1 0.1 
-0.1 0.1 
-0.1 0.1 
-0.1 0.1 
-0.1 0.1 
-0.1 0.1 
-0.1 0.1 
-0.1 0.1 
-0.1 0.1 
-0.1 0.1 
-0.09409449419233012 0.1 27:1.0 
-0.025128571466411287 0.09262887610431647 16:1.0 76:1.0 129:1.0 
-0.1 0.0511630141747649 32:1.0 
-0.1 0.1 
-0.05977072533068497 0.1 56:1.0 68:1.0 
-0.1 0.1 
-0.1 0.1 
-0.1 0.1 
-0.1 0.1 
-0.1 0.1 
-0.09173099348887825 0.1 89:1.0 
-0.1 0.1 
-0.1 0.1 
-0.0 0.011146411600342163 11:1.0 
-0.1 0.1 
-0.05130671447365403 0.08350622204350043 39:1.0 59:1.0 
-0.0569366131191661 0.0 35:1.0 
-0.1 0.1 
-0.023798369364289217 0.0 7:1.0 
-0.053844987416611034 0.1 57:1.0 
-0.1 0.1 
-0.1 0.1 
-0.1 0.1 
-0.07548910283476382 0.1 77:1.0 
-0.1 0.1 
-0.1 0.1 
-0.1 0.1 
-0.1 0.1 
-0.0 0.05120574387679796 70:1.0 
-0.1 0.1 
-0.1 0.1 
-0.1 0.1 
-0.0 0.010341422873009994 50:1.0 
-0.1 0.1 
-0.1 0.1 
-0.1 0.1 
-0.1 0.1 
-0.05624175043371158 0.0495892667274317 46:1.0 
-0.1 0.1 
-0.1 0.1 
-0.1 0.1 
-0.1 0.1 
-0.05629898165730221 0.1 5:1.0 
-0.1 0.1 
-0.1 0.1 
-0.1 0.1 
-0.007301972030712826 0.0 13:1.0 111:1.0 
-0.1 0.1 
-0.1 0.1 
-0.1 0.1 
-0.1 0.1 
-0.1 0.1 
-0.1 0.1 
-0.1 0.1 
-0.1 0.1 
-0.1 0.1 
-0.1 0.1 
-0.1 0.1 
-0.1 0.1 
-0.06134339741296383 0.0 18:1.0 
-0.005867124757932466 0.1 16:1.0 
-0.1 0.1 
-0.1 0.1 
-0.1 0.1 
-0.1 0.1 
-0.1 0.1 
-0.1 0.1 
-0.1 0.1 
-0.1 0.1 
-0.1 0.1 
-0.1 0.1 
-0.1 0.1 
-0.1 0.1 
-0.03673294062149286 0.1 50:1.0 79:1.0 
-0.1 0.1 
-0.1 0.1 
-0.1 0.1 
-0.1 0.1 
-0.1 0.1 
-0.1 0.1 
-0.1 0.1 
-0.1 0.1 
-0.1 0.1 
-0.05390794982862086 0.1 70:1.0 
-0.1 0.1 
-0.1 0.1 
-0.1 0.1 
-0.1 0.1 
-0.1 0.1 
-0.1 0.1 
-0.1 0.1 
-0.1 0.1 
-0.1 0.1 64:1.0 77:1.0 
-0.1 0.1 
-0.1 0.1 
-0.1 0.1 
-0.1 0.1 
-0.1 0.1 
-0.1 0.1 
-0.1 0.1 
-0.1 0.1 
-0.1 0.1 
-0.1 0.1 
-0.1 0.1 
-0.1 0.1 
-0.1 0.1 
-0.1 0.1 
-0.1 0.1 
-0.1 0.1 
-0.0674048081644996 0.1 
-0.1 0.0 18:1.0 
-0.0 0.1 
-0.0 0.1 
-0.0 0.1 
-0.0 0.1 
-0.053821784626627775 0.05029598275081276 106:1.0 
-0.0 0.1 
-0.0 0.1 
-0.0 0.1 
-0.021589261932853352 0.1 114:1.0 118:1.0 127:1.0 
-0.028086662547807898 0.035073781476778663 98:1.0 113:1.0 
-0.0 0.1 
-0.0 0.1 
-0.0 0.1 
-0.0 0.1 
-0.08998253557018403 0.05057083579412237 82:1.0 
-0.0 0.1 
-0.0 0.06043542735131949 44:1.0 
-0.023990309145411226 0.0 73:1.0 102:1.0 
-0.0 0.1 78:1.0 
-0.0 0.1 
-0.003200622129229154 0.0 83:1.0 
-0.056487624890740475 0.1 30:1.0 
-0.0 0.1 
-0.0 0.1 
-0.0 0.1 
-0.0 0.1 
-0.0 0.1 
-0.04531092406310433 0.030256391824410093 24:1.0 49:1.0 112:1.0 121:1.0 130:1.0 
-0.056291365085827515 0.1 75:1.0 
-0.0 0.08033718187529301 14:1.0 
-0.019197923508685814 0.007171285409983195 28:1.0 96:1.0 
-0.04404750016286189 0.0 21:1.0 22:1.0 88:1.0 
-0.0 0.1 
-0.0 0.1 
-0.0 0.1 
-0.09295041834521252 0.04893199355950928 18:1.0 
-0.0 0.0970128971112504 
-0.1 0.05983912337054728 91:1.0 120:1.0 
-0.024187651324498922 0.07659889148043734 22:1.0 40:1.0 73:1.0 
-0.016281834901519264 0.1 115:1.0 
-0.0 -0.1 
-0.0 -0.1 
-0.0 -0.1 
-0.0 -0.1 
-0.0 -0.1 
-0.0 -0.1 
-0.0 -0.1 
-0.0 -0.1 78:1.0 
-0.1 -0.1 10:1.0 
-0.0 -0.1 
-0.0 -0.1 
-0.0 -0.1 
-0.0 -0.1 
-0.0 -0.1 
-0.0 -0.1 
-0.0 -0.1 
-0.1 -0.1 48:1.0 
-0.0 -0.1 
-0.0 -0.1 
-0.0 -0.1 
-0.0 -0.1 
-0.0 -0.1 
-0.007032945775394214 -0.1 117:1.0 
-0.0 -0.1 109:1.0 
-0.1 -0.1 17:1.0 
-0.0 -0.1 
-0.0 -0.1 42:1.0 
-0.0 -0.1 
-0.0 -0.1 
-0.0 -0.1 
-0.0 -0.1 
-0.0 -0.1 
-0.0 -0.1 
-0.1 -0.1 
-0.1 -0.1 
-0.08445489437898826 -0.1 3:1.0 
-0.1 -0.1 
-0.1 -0.1 
-0.1 -0.1 
-0.1 -0.1 
-0.1 -0.1 
-0.07781859028264025 -0.1 122:1.0 
-0.1 -0.1 13:1.0 75:1.0 
-0.1 -0.1 
-0.0 -0.1 60:1.0 
-0.1 -0.1 
-0.1 -0.1 
-0.1 -0.1 
-0.1 -0.1 
-0.1 -0.1 
-0.1 -0.1 
-0.1 -0.1 89:1.0 
-0.1 -0.1 
-0.1 -0.1 
-0.1 -0.1 
-0.1 -0.1 
-0.1 -0.1 101:1.0 105:1.0 
-0.1 -0.1 
-0.1 -0.1 
-0.1 -0.1 
-0.1 -0.1 
-0.0 -0.1 79:1.0 
-0.1 -0.1 
-0.1 -0.1 
-0.1 -0.1 
-0.1 -0.1 
-0.1 -0.1 
-0.0 -0.1 109:1.0 
-0.1 -0.1 
-0.1 -0.1 
-0.1 -0.1 
-0.1 -0.1 
-0.09463274019896945 -0.1 3:1.0 
-0.1 -0.1 
-0.1 -0.1 
-0.1 -0.1 
-0.1 -0.1 
-0.1 -0.1 
-0.1 -0.1 
-0.1 -0.1 
-0.0 -0.1 9:1.0 
-0.08228071320365542 -0.1 90:1.0 
-0.1 -0.1 
-0.1 -0.1 
-0.1 -0.1 
-0.1 -0.1 
-0.1 -0.1 
-0.1 -0.1 
-0.0 -0.1 98:1.0 
-0.1 -0.1 
-0.1 -0.1 
-0.1 -0.1 
-0.1 -0.1 
-0.0 -0.1 29:1.0 
-0.1 -0.1 
-0.1 -0.1 5:1.0 6:1.0 
-0.1 -0.1 
-0.0 -0.1 56:1.0 
-0.07908171640863298 -0.1 34:1.0 
-0.1 -0.1 
-0.1 -0.1 
-0.1 -0.1 
-0.0 -0.1 16:1.0 19:1.0 71:1.0 
-0.1 -0.1 
-0.1 -0.1 
-0.1 -0.1 
-0.1 -0.1 
-0.07913965031061312 -0.1 63:1.0 
-0.1 -0.1 
-0.1 -0.1 
-0.1 -0.1 
-0.1 -0.1 
-0.1 -0.1 
-0.1 -0.1 
-0.1 -0.1 14:1.0 35:1.0 71:1.0 
-0.1 -0.1 
-0.1 -0.1 
-0.1 -0.1 
-0.1 -0.1 
-0.0 -0.1 23:1.0 
-0.0 -0.1 47:1.0 
-0.07908763457795812 -0.1 98:1.0 
-0.0 -0.1 109:1.0 
-0.07908058603611925 -0.1 30:1.0 
-0.1 -0.1 
-0.1 -0.1 8:1.0 
-0.1 -0.1 
-0.1 -0.1 
-0.1 -0.1 
-0.1 -0.1 
-0.1 -0.1 
-0.1 -0.1 
-0.1 -0.1 86:1.0 
-0.1 -0.1 
-0.1 -0.1 
-0.1 -0.1 
-0.1 -0.1 
-0.1 -0.1 
-0.05221380749195411 -0.1 29:1.0 
-0.1 -0.1 
-0.1 -0.1 
-0.1 -0.1 
-0.1 -0.1 
-0.1 -0.1 28:1.0 101:1.0 
-0.1 -0.1 
-0.1 -0.1 
-0.1 -0.1 103:1.0 
-0.1 -0.1 
-0.1 -0.1 
-0.0 -0.1 28:1.0 
-0.1 -0.1 
-0.0 -0.1 26:1.0 99:1.0 132:1.0 
-0.0 -0.1 47:1.0 
-0.1 -0.1 
-0.1 -0.1 
-0.1 -0.1 
-0.1 -0.1 
-0.07865541878725636 -0.1 44:1.0 
-0.1 -0.1 
-0.1 -0.1 
-0.1 -0.1 
-0.1 -0.1 
-0.1 -0.1 
-0.1 -0.1 
-0.07893630570600355 -0.1 57:1.0 
-0.0 -0.1 31:1.0 
-0.1 -0.1 
-0.03621460208033968 -0.1 59:1.0 
-0.1 -0.1 
-0.1 -0.1 
-0.1 -0.1 
-0.1 -0.1 19:1.0 84:1.0 
-0.1 -0.1 
-0.1 -0.1 
-0.1 -0.1 20:1.0 45:1.0 125:1.0 
-0.1 -0.1 
-0.0 -0.1 77:1.0 
-0.1 -0.1 
-0.1 -0.1 
-0.1 -0.1 
-0.1 -0.1 
-0.03965171713612968 -0.1 5:1.0 88:1.0 
-0.1 -0.1 
-0.1 -0.1 
-0.1 -0.1 37:1.0 
-0.1 -0.1 
-0.0 -0.1 93:1.0 
-0.1 -0.1 
-0.06857519571538394 -0.1 77:1.0 
-0.1 -0.1 
-0.1 -0.1 
-0.1 -0.1 
-0.1 -0.1 
-0.1 -0.1 
-0.0 -0.1 79:1.0 
-0.1 -0.1 
-0.1 -0.1 
-0.1 -0.1 
-0.0 -0.1 74:1.0 
-0.1 -0.1 
-0.1 -0.1 
-0.1 -0.1 
-0.0 -0.1 114:1.0 118:1.0 127:1.0 
-0.1 -0.1 29:1.0 37:1.0 108:1.0 
-0.0 -0.1 78:1.0 
-0.1 -0.1 
-0.1 -0.1 
-0.07775274920281204 -0.1 50:1.0 
-0.1 -0.1 
-0.07437827144986732 -0.1 43:1.0 
-0.1 -0.1 
-0.1 -0.1 
-0.0 -0.1 23:1.0 
-0.1 -0.1 
-0.1 -0.1 
-0.1 -0.1 
-0.1 -0.1 
-0.1 -0.1 15:1.0 67:1.0 
-0.1 -0.1 
-0.05724563084577739 -0.1 9:1.0 59:1.0 113:1.0 115:1.0 
-0.1 -0.1 
-0.1 -0.1 
-0.1 -0.1 
-0.1 -0.1 
-0.1 -0.1 
-0.1 -0.1 
-0.1 -0.1 
-0.1 -0.1 
-0.1 -0.1 
-0.1 -0.1 
-0.1 -0.1 
-0.1 -0.1 
-0.1 -0.1 
-0.1 -0.1 
-0.1 -0.1 
-0.1 -0.1 
-0.1 -0.1 
-0.1 -0.1 53:1.0 
-0.1 -0.1 
-0.1 -0.1 
-0.1 -0.1 
-0.1 -0.1 
-0.07915190033015794 -0.1 31:1.0 
-0.0 -0.1 95:1.0 
-0.1 -0.1 
-0.1 -0.1 
-0.1 -0.1 
-0.1 -0.1 
-0.1 -0.1 
-0.1 -0.1 
-0.1 -0.1 
-0.1 -0.1 
-0.07913965031061342 -0.1 56:1.0 
-0.04206861560166385 -0.1 29:1.0 115:1.0 
-0.1 -0.1 
-0.1 -0.1 
-0.1 -0.1 
-0.1 -0.1 
-0.1 -0.1 
-0.08973802193844525 -0.1 48:1.0 71:1.0 
-0.0 -0.1 109:1.0 
-0.1 -0.1 43:1.0 
-0.1 -0.1 
-0.08020949463618222 -0.1 47:1.0 
-0.1 -0.1 
-0.1 -0.1 
-0.1 -0.1 
-0.1 -0.1 64:1.0 
-0.1 -0.1 
-0.03594923930282418 -0.1 9:1.0 
-0.1 -0.1 
-0.1 -0.1 
-0.0 -0.1 60:1.0 
-0.1 -0.1 
-0.1 -0.1 1:1.0 
-0.1 -0.1 
-0.1 -0.1 
-0.1 -0.1 
-0.1 -0.1 
-0.1 -0.1 
-0.1 -0.1 
-0.1 -0.1 
-0.1 -0.1 
-0.1 -0.1 
-0.1 -0.1 
-0.1 -0.1 
-0.1 -0.1 
-0.1 -0.1 
-0.1 -0.1 
-0.1 -0.1 
-0.1 -0.1 
-0.1 -0.1 
-0.0 -0.1 113:1.0 
-0.1 -0.1 
-0.1 -0.1 
-0.1 -0.1 
-0.1 -0.1 4:1.0 
-0.1 -0.1 
-0.1 -0.1 
-0.07904593755275173 -0.1 12:1.0 
-0.1 -0.1 
-0.1 -0.1 
-0.08379316330846044 -0.1 10:1.0 55:1.0 
-0.0 -0.1 113:1.0 
-0.1 -0.1 
-0.1 -0.1 
-0.1 -0.1 
-0.1 -0.1 
-0.1 -0.1 
-0.1 -0.1 
-0.1 -0.1 
-0.1 -0.1 
-0.1 -0.1 
-0.1 -0.1 
-0.0 -0.1 109:1.0 
-0.1 -0.1 54:1.0 
-0.1 -0.1 85:1.0 
-0.0778185902826392 -0.1 78:1.0 
-0.1 -0.1 
-0.09518721234873358 -0.1 43:1.0 
-0.0874873813663422 -0.1 16:1.0 26:1.0 76:1.0 99:1.0 129:1.0 132:1.0 
-0.07915190033015725 -0.1 93:1.0 
-0.1 -0.1 
-0.1 -0.1 
-0.1 -0.1 
-0.1 -0.1 
-0.1 -0.1 
-0.1 -0.1 
-0.08018325797682366 -0.1 79:1.0 
-0.1 -0.1 
-0.08077907798202288 -0.1 11:1.0 117:1.0 
-0.1 -0.1 
-0.0780914283254164 -0.1 80:1.0 
-0.1 -0.1 
-0.1 -0.1 
-0.1 -0.1 
-0.1 -0.1 
-0.0 -0.1 60:1.0 
-0.1 -0.1 
-0.0 -0.1 47:1.0 60:1.0 
-0.07908058603611906 -0.1 36:1.0 
-0.1 -0.1 
-0.1 -0.1 
-0.1 -0.1 
-0.1 -0.1 
-0.1 -0.1 
-0.1 -0.1 
-0.1 -0.1 
-0.1 -0.1 
-0.1 -0.1 
-0.1 -0.1 
-0.1 -0.1 
-0.07865541878725785 -0.1 22:1.0 
-0.1 -0.1 
-0.1 -0.1 
-0.1 -0.1 20:1.0 45:1.0 125:1.0 
-0.1 -0.1 
-0.1 -0.1 
-0.1 -0.1 
-0.1 -0.1 
-0.1 -0.1 101:1.0 
-0.08989781874269887 -0.1 114:1.0 118:1.0 127:1.0 
-0.1 -0.1 
-0.1 -0.1 
-0.1 -0.1 
-0.1 -0.1 
-0.1 -0.1 
-0.1 -0.1 
-0.1 -0.1 
-0.1 -0.1 77:1.0 
-0.1 -0.1 54:1.0 61:1.0 110:1.0 
-0.1 -0.1 
-0.1 -0.1 
-0.1 -0.1 
-0.0 -0.1 5:1.0 
-0.01194286641298166 -0.1 16:1.0 19:1.0 
-0.1 -0.1 
-0.09396429212718607 -0.1 54:1.0 95:1.0 
-0.1 -0.1 86:1.0 
-0.1 -0.1 
-0.1 -0.1 47:1.0 
-0.1 -0.1 
-0.1 -0.1 
-0.1 -0.1 
-0.0 -0.1 65:1.0 
-0.1 -0.1 
-0.1 -0.1 
-0.1 -0.1 
-0.1 -0.1 
-0.1 -0.1 
-0.1 -0.1 45:1.0 
-0.1 -0.1 
-0.1 -0.1 
-0.1 -0.1 
-0.1 -0.1 
-0.1 -0.1 
-0.1 -0.1 
-0.1 -0.1 
-0.1 -0.1 
-0.1 -0.1 
-0.1 -0.1 
-0.1 -0.1 
-0.1 -0.1 
-0.1 -0.1 2:1.0 91:1.0 
-0.1 -0.1 
-0.1 -0.1 
-0.0 -0.1 109:1.0 
-0.1 -0.1 60:1.0 72:1.0 
-0.1 -0.1 
-0.07916647076409607 -0.1 68:1.0 
-0.058748445160102455 -0.1 39:1.0 94:1.0 
-0.1 -0.1 
-0.1 -0.1 
-0.1 -0.1 
-0.1 -0.1 
-0.1 -0.1 
-0.1 -0.1 
-0.1 -0.1 
-0.0 -0.1 38:1.0 
-0.1 -0.1 
-0.1 -0.1 
-0.1 -0.1 
-0.1 -0.1 
-0.1 -0.1 
-0.1 -0.1 74:1.0 
-0.029424183054301695 -0.1 73:1.0 
-0.1 -0.1 
-0.0 -0.1 38:1.0 
-0.1 -0.1 
-0.1 -0.1 
-0.1 -0.1 
-0.1 -0.1 
-0.1 -0.1 
-0.1 -0.1 
-0.1 -0.1 
-0.1 -0.1 8:1.0 
-0.1 -0.1 
-0.1 -0.1 
-0.1 -0.1 
-0.1 -0.1 
-0.1 -0.1 
-0.1 -0.1 77:1.0 
-0.1 -0.1 
-0.1 -0.1 
-0.1 -0.1 
-0.1 -0.1 
-0.1 -0.1 
-0.1 -0.1 
-0.1 -0.1 25:1.0 65:1.0 
-0.07967568174504103 -0.1 70:1.0 
-0.1 -0.1 
-0.08134890601351313 -0.1 74:1.0 
-0.1 -0.1 
-0.1 -0.1 
-0.1 -0.1 
-0.1 -0.1 
-0.1 -0.1 
-0.1 -0.1 
-0.1 -0.1 
-0.1 -0.1 
-0.0 -0.1 23:1.0 
-0.1 -0.1 
-0.1 -0.1 
-0.1 -0.1 
-0.1 -0.1 
-0.1 -0.1 13:1.0 
-0.1 -0.1 
-0.0 -0.1 115:1.0 
-0.1 -0.1 
-0.0 -0.1 26:1.0 99:1.0 132:1.0 
-0.1 -0.1 
-0.1 -0.1 
-0.1 -0.1 
-0.02343590075471315 -0.1 26:1.0 99:1.0 132:1.0 
-0.1 -0.1 
-0.1 -0.1 77:1.0 
-0.1 -0.1 
-0.1 -0.1 
-0.1 -0.1 
-0.1 -0.1 
-0.1 -0.1 
-0.1 -0.1 
-0.1 -0.1 
-0.1 -0.1 
-0.1 -0.1 
-0.1 -0.1 
-0.1 -0.1 
-0.1 -0.1 
-0.1 -0.1 
-0.1 -0.1 
-0.1 -0.1 
-0.004274261346523925 -0.1 
-0.0 -0.1 
-0.0 -0.1 
-0.07904593755275229 -0.1 42:1.0 
-0.0 -0.1 
-0.0 -0.1 
-0.0 -0.1 
-0.0 -0.1 
-0.0 -0.1 
-0.0 -0.1 
-0.07916647076409497 -0.1 23:1.0 
-0.0 -0.1 
-0.1 -0.1 27:1.0 
-0.0 -0.1 
-0.07839056184099924 -0.1 38:1.0 
-0.0 -0.1 
-0.0 -0.1 
-0.0 -0.1 
-0.0 -0.1 71:1.0 
-0.1 -0.1 15:1.0 
-0.0 -0.1 
-0.0 -0.1 
-0.0 -0.1 
-0.0 -0.1 
-0.0 -0.1 109:1.0 
-0.0 -0.1 
-0.038374509975451845 -0.1 113:1.0 
-0.07893630570600327 -0.1 109:1.0 
-0.1 -0.1 20:1.0 45:1.0 58:1.0 92:1.0 104:1.0 124:1.0 125:1.0 126:1.0 128:1.0 
-0.0 -0.1 
-0.062443342034434315 -0.1 40:1.0 73:1.0 94:1.0 
-0.0 -0.1 
-0.0 -0.1 
-0.0 -0.1 
-0.0 -0.1 
-0.0 -0.1 
-0.1 -0.1 81:1.0 
-0.0 -0.1 
-0.0 -0.1 
-0.0 -0.1 
-0.0 -0.1 
-0.0 -0.1 
-0.0 -0.1 
-0.0 -0.1 
-0.0 -0.1 
-0.0 -0.1 
