svm_type c_svc
kernel_type rbf
gamma 1.0E-4
nr_class 3
total_sv 1538
rho 0.9330590797804734 0.9295769909465083 -0.9638306137751376
label 2 0 1
nr_sv 419 582 537
SV
10.0 10.0 
10.0 10.0 
10.0 10.0 
10.0 10.0 45:1.0 58:1.0 104:1.0 116:1.0 126:1.0 128:1.0 
10.0 10.0 
10.0 10.0 61:1.0 86:1.0 
10.0 10.0 
10.0 10.0 
10.0 10.0 
10.0 10.0 
10.0 10.0 
10.0 10.0 
10.0 10.0 
10.0 10.0 
10.0 10.0 
10.0 10.0 27:1.0 101:1.0 105:1.0 
10.0 10.0 84:1.0 
10.0 10.0 
10.0 10.0 
10.0 10.0 
10.0 10.0 
10.0 10.0 
10.0 10.0 18:1.0 
10.0 10.0 
10.0 10.0 
10.0 10.0 
10.0 10.0 
10.0 10.0 
10.0 10.0 
10.0 10.0 
10.0 10.0 
10.0 10.0 
10.0 10.0 
10.0 10.0 
10.0 10.0 
10.0 10.0 
10.0 10.0 
10.0 10.0 
10.0 10.0 
10.0 10.0 
10.0 10.0 4:1.0 
10.0 10.0 
10.0 10.0 45:1.0 58:1.0 104:1.0 116:1.0 126:1.0 128:1.0 
10.0 10.0 
10.0 10.0 
10.0 10.0 
10.0 10.0 
10.0 10.0 
10.0 10.0 
10.0 10.0 
10.0 10.0 
10.0 10.0 
10.0 10.0 61:1.0 
10.0 10.0 
10.0 10.0 
10.0 10.0 
10.0 10.0 32:1.0 
10.0 10.0 
10.0 10.0 
10.0 10.0 
10.0 10.0 81:1.0 
10.0 10.0 
10.0 10.0 
10.0 10.0 
10.0 10.0 
10.0 10.0 72:1.0 
10.0 10.0 8:1.0 
10.0 10.0 86:1.0 
10.0 10.0 
10.0 10.0 
10.0 10.0 20:1.0 45:1.0 58:1.0 92:1.0 104:1.0 124:1.0 125:1.0 126:1.0 128:1.0 
10.0 10.0 6:1.0 116:1.0 
10.0 10.0 
10.0 10.0 
10.0 10.0 
10.0 10.0 6:1.0 
10.0 10.0 
10.0 10.0 3:1.0 
10.0 10.0 
10.0 10.0 
10.0 10.0 
10.0 10.0 
10.0 10.0 
10.0 10.0 
10.0 10.0 
10.0 10.0 
10.0 10.0 
10.0 10.0 
10.0 10.0 
10.0 10.0 
10.0 10.0 72:1.0 101:1.0 
10.0 10.0 110:1.0 
10.0 10.0 20:1.0 45:1.0 58:1.0 92:1.0 104:1.0 124:1.0 125:1.0 126:1.0 128:1.0 
10.0 10.0 
10.0 10.0 110:1.0 
10.0 10.0 
10.0 10.0 
10.0 10.0 4:1.0 91:1.0 
10.0 10.0 
10.0 10.0 
10.0 10.0 
10.0 10.0 
10.0 10.0 
10.0 10.0 72:1.0 
10.0 10.0 
10.0 10.0 
10.0 10.0 
10.0 10.0 81:1.0 
10.0 10.0 
10.0 10.0 
10.0 10.0 
10.0 10.0 
10.0 10.0 
10.0 10.0 
10.0 10.0 
10.0 10.0 35:1.0 
10.0 10.0 58:1.0 
10.0 10.0 
10.0 10.0 
10.0 10.0 
10.0 10.0 
10.0 10.0 116:1.0 
10.0 10.0 
10.0 10.0 
10.0 10.0 
10.0 10.0 52:1.0 
10.0 10.0 
10.0 10.0 
10.0 10.0 
10.0 10.0 
10.0 10.0 
10.0 10.0 
10.0 10.0 
10.0 10.0 
10.0 10.0 
10.0 10.0 
10.0 10.0 
10.0 10.0 
10.0 10.0 
10.0 10.0 
10.0 10.0 
10.0 10.0 
10.0 10.0 
10.0 10.0 85:1.0 
10.0 10.0 
10.0 10.0 
10.0 10.0 
10.0 10.0 
10.0 10.0 
10.0 10.0 
10.0 10.0 
10.0 10.0 
10.0 10.0 
10.0 10.0 
10.0 10.0 101:1.0 
10.0 10.0 
10.0 10.0 
10.0 10.0 
10.0 10.0 
10.0 10.0 1:1.0 
10.0 10.0 77:1.0 
10.0 10.0 1:1.0 53:1.0 
10.0 10.0 54:1.0 
10.0 10.0 
10.0 10.0 6:1.0 
10.0 10.0 
10.0 10.0 
10.0 10.0 15:1.0 67:1.0 
10.0 10.0 107:1.0 
10.0 10.0 54:1.0 
10.0 10.0 29:1.0 77:1.0 
10.0 10.0 
10.0 10.0 
10.0 10.0 47:1.0 
10.0 10.0 
10.0 10.0 108:1.0 
10.0 10.0 18:1.0 
10.0 10.0 
10.0 10.0 
10.0 10.0 
10.0 10.0 
10.0 10.0 25:1.0 
10.0 10.0 
10.0 10.0 
10.0 10.0 
10.0 10.0 
10.0 10.0 13:1.0 45:1.0 104:1.0 128:1.0 
10.0 10.0 
10.0 10.0 
10.0 10.0 
10.0 10.0 
10.0 10.0 
10.0 10.0 
10.0 10.0 
10.0 10.0 
10.0 10.0 
10.0 10.0 37:1.0 
10.0 10.0 
10.0 10.0 
10.0 10.0 
10.0 10.0 
10.0 10.0 13:1.0 
10.0 10.0 
10.0 10.0 
10.0 10.0 
10.0 10.0 
10.0 10.0 
10.0 10.0 
10.0 10.0 
10.0 10.0 
10.0 10.0 101:1.0 
10.0 10.0 105:1.0 
10.0 10.0 
10.0 10.0 45:1.0 
10.0 10.0 
10.0 10.0 72:1.0 
10.0 10.0 
10.0 10.0 
10.0 10.0 
10.0 10.0 
10.0 10.0 13:1.0 
10.0 10.0 
10.0 10.0 
10.0 10.0 61:1.0 
10.0 10.0 
10.0 10.0 103:1.0 
10.0 10.0 
10.0 10.0 67:1.0 
10.0 10.0 
10.0 10.0 48:1.0 
10.0 10.0 
10.0 10.0 
10.0 10.0 82:1.0 121:1.0 
10.0 10.0 
10.0 10.0 
10.0 10.0 37:1.0 
10.0 10.0 8:1.0 
10.0 10.0 
10.0 10.0 58:1.0 91:1.0 92:1.0 120:1.0 124:1.0 
10.0 10.0 
10.0 10.0 
10.0 10.0 4:1.0 58:1.0 120:1.0 
10.0 10.0 43:1.0 48:1.0 
10.0 10.0 
10.0 10.0 
10.0 10.0 
10.0 10.0 45:1.0 
10.0 10.0 
10.0 10.0 43:1.0 
10.0 10.0 103:1.0 
10.0 10.0 
10.0 10.0 
10.0 10.0 
10.0 10.0 
10.0 10.0 
10.0 10.0 77:1.0 
10.0 10.0 
10.0 10.0 
10.0 10.0 
10.0 10.0 
10.0 10.0 
10.0 10.0 
10.0 10.0 
10.0 10.0 91:1.0 
10.0 10.0 
10.0 10.0 
10.0 10.0 64:1.0 
10.0 10.0 
10.0 10.0 
10.0 10.0 
10.0 10.0 
10.0 10.0 35:1.0 
10.0 10.0 17:1.0 52:1.0 
10.0 10.0 
10.0 10.0 
10.0 10.0 17:1.0 
10.0 10.0 17:1.0 
10.0 10.0 
10.0 10.0 
10.0 10.0 
10.0 10.0 
10.0 10.0 
10.0 10.0 
10.0 10.0 
10.0 10.0 103:1.0 
10.0 10.0 
10.0 10.0 
10.0 10.0 
10.0 10.0 
10.0 10.0 52:1.0 102:1.0 
10.0 10.0 
10.0 10.0 
10.0 10.0 
10.0 10.0 
10.0 10.0 
10.0 10.0 
10.0 10.0 108:1.0 
10.0 10.0 103:1.0 
10.0 10.0 
10.0 10.0 
10.0 10.0 101:1.0 
10.0 10.0 
10.0 10.0 
10.0 10.0 
10.0 10.0 
10.0 10.0 
10.0 10.0 81:1.0 105:1.0 
10.0 10.0 
10.0 10.0 
10.0 10.0 
10.0 10.0 
10.0 10.0 
10.0 10.0 
10.0 10.0 
10.0 10.0 
10.0 10.0 
10.0 10.0 
10.0 10.0 
10.0 10.0 61:1.0 
10.0 10.0 
10.0 10.0 
10.0 10.0 52:1.0 
10.0 10.0 100:1.0 
10.0 10.0 
10.0 10.0 
10.0 10.0 
10.0 10.0 
10.0 10.0 
10.0 10.0 
10.0 10.0 
10.0 10.0 
10.0 10.0 10:1.0 
10.0 10.0 
10.0 10.0 107:1.0 
10.0 10.0 
10.0 10.0 
10.0 10.0 
10.0 10.0 
10.0 10.0 
10.0 10.0 
10.0 10.0 101:1.0 
10.0 10.0 
10.0 10.0 
10.0 10.0 
10.0 10.0 
10.0 10.0 
10.0 10.0 
10.0 10.0 
10.0 10.0 
10.0 10.0 
10.0 10.0 
10.0 10.0 
10.0 10.0 
10.0 10.0 
10.0 10.0 
10.0 10.0 
10.0 10.0 
10.0 10.0 
10.0 10.0 
10.0 10.0 
10.0 10.0 
10.0 10.0 
10.0 10.0 
10.0 10.0 
10.0 10.0 
10.0 10.0 
10.0 10.0 
10.0 10.0 
10.0 10.0 
10.0 10.0 25:1.0 
10.0 10.0 
10.0 10.0 
10.0 10.0 
10.0 10.0 
10.0 10.0 
10.0 10.0 
10.0 10.0 
10.0 10.0 
10.0 10.0 15:1.0 62:1.0 
10.0 10.0 
10.0 10.0 
10.0 10.0 
10.0 10.0 
10.0 10.0 
10.0 10.0 
10.0 10.0 
10.0 10.0 
10.0 10.0 
10.0 10.0 
10.0 10.0 
10.0 10.0 
10.0 10.0 
10.0 10.0 
10.0 10.0 
10.0 10.0 
10.0 10.0 62:1.0 
10.0 10.0 
10.0 10.0 
10.0 10.0 
10.0 10.0 
10.0 10.0 
10.0 10.0 
10.0 10.0 89:1.0 
10.0 10.0 
10.0 10.0 15:1.0 67:1.0 
10.0 10.0 
10.0 10.0 
10.0 10.0 
10.0 10.0 
10.0 10.0 74:1.0 
10.0 10.0 
10.0 10.0 
10.0 10.0 
10.0 10.0 
10.0 10.0 
10.0 10.0 
10.0 10.0 
10.0 10.0 
10.0 10.0 
-0.0 10.0 47:1.0 
-10.0 10.0 86:1.0 
-0.0 4.998509687034277 55:1.0 
-0.0 2.205815340937617 7:1.0 63:1.0 
-0.0 1.1309181417772378 66:1.0 123:1.0 
-0.0 10.0 3:1.0 
-0.0 10.0 109:1.0 
-0.0 7.523148825074006 55:1.0 
-0.0 3.74438207104841 88:1.0 
-0.0 10.0 47:1.0 60:1.0 
-0.0 10.0 71:1.0 
-10.0 10.0 20:1.0 41:1.0 45:1.0 125:1.0 
-10.0 0.0 107:1.0 
-10.0 0.0 35:1.0 
-0.0 10.0 9:1.0 
-10.0 0.0 53:1.0 58:1.0 91:1.0 120:1.0 
-0.0 3.2200809196936833 53:1.0 
-0.0 10.0 56:1.0 
-10.0 10.0 20:1.0 41:1.0 45:1.0 125:1.0 
-0.0 10.0 71:1.0 
-10.0 2.521215730774232 116:1.0 
-10.0 10.0 45:1.0 
-10.0 10.0 25:1.0 
-0.0 10.0 117:1.0 
-0.0 10.0 23:1.0 
-10.0 4.998509687034277 13:1.0 
-0.0 10.0 31:1.0 
-10.0 10.0 6:1.0 
-0.0 6.658475541230402 12:1.0 
-0.0 6.6578139937347665 57:1.0 
-0.0 1.3179830609758802 40:1.0 114:1.0 
-2.5 0.0 62:1.0 102:1.0 
-10.0 10.0 61:1.0 
-0.0 10.0 11:1.0 117:1.0 
-10.0 10.0 8:1.0 
-0.0 6.658146053945552 90:1.0 
-0.0 10.0 77:1.0 
-0.0 5.202588345355808 40:1.0 71:1.0 
-0.0 10.0 78:1.0 
-10.0 10.0 47:1.0 
-0.0 7.141822472476167 21:1.0 115:1.0 
-0.0 9.745432285242298 
-0.0 10.0 
-0.0 10.0 
-0.0 10.0 
-0.0 10.0 
-0.0 10.0 
-0.0 10.0 
-0.0 10.0 
-0.0 10.0 23:1.0 93:1.0 
-0.0 10.0 
-0.0 10.0 
-0.0 10.0 
-0.0 10.0 
-0.0 10.0 
-0.0 10.0 19:1.0 
-10.0 0.0 81:1.0 
-0.0 10.0 
-0.0 10.0 
-0.0 10.0 
-0.0 10.0 
-10.0 10.0 103:1.0 
-0.0 10.0 
-0.0 10.0 
-10.0 0.0 107:1.0 
-0.0 5.867691793117663 2:1.0 79:1.0 
-0.0 10.0 
-0.0 10.0 
-0.0 10.0 
-0.0 10.0 
-0.0 7.791637705795397 12:1.0 
-0.0 10.0 
-0.0 10.0 
-0.0 10.0 
-5.051301421510436 10.0 44:1.0 84:1.0 
-0.0 10.0 
-0.0 10.0 
-0.0 10.0 
-0.0 10.0 
-0.0 10.0 
-0.0 10.0 
-0.0 10.0 
-0.0 10.0 
-0.0 10.0 98:1.0 
-0.0 10.0 
-0.0 10.0 
-0.0 10.0 
-0.0 10.0 
-0.0 10.0 
-0.0 10.0 
-0.0 10.0 
-0.0 10.0 
-0.0 10.0 43:1.0 
-0.0 10.0 
-0.0 10.0 113:1.0 
-0.0 10.0 
-0.0 10.0 
-10.0 10.0 13:1.0 
-0.0 6.657484539185387 73:1.0 
-0.0 10.0 2:1.0 47:1.0 
-0.0 10.0 
-0.0 4.797411654644192 50:1.0 71:1.0 
-0.0 10.0 
-0.0 10.0 
-10.0 6.779919080306317 81:1.0 
-0.0 10.0 
-0.0 10.0 
-0.0 10.0 114:1.0 118:1.0 127:1.0 
-0.0 10.0 
-0.0 10.0 
-0.0 10.0 
-0.0 10.0 
-0.0 10.0 
-7.276110113761334 10.0 
-10.0 10.0 
-10.0 10.0 3:1.0 
-10.0 10.0 
-10.0 10.0 
-10.0 10.0 
-10.0 10.0 
-10.0 10.0 34:1.0 45:1.0 58:1.0 92:1.0 104:1.0 124:1.0 126:1.0 128:1.0 
-10.0 10.0 
-0.0 10.0 95:1.0 113:1.0 
-10.0 10.0 
-10.0 10.0 
-10.0 10.0 
-10.0 10.0 
-10.0 10.0 
-10.0 10.0 
-10.0 10.0 
-0.0 3.3418539460544476 42:1.0 63:1.0 
-10.0 6.7998778704709295 10:1.0 62:1.0 
-10.0 10.0 
-10.0 10.0 
-10.0 10.0 
-10.0 10.0 
-10.0 10.0 
-0.0 10.0 109:1.0 
-0.0 9.15221083379204 36:1.0 
-10.0 10.0 
-10.0 10.0 
-10.0 10.0 
-10.0 10.0 
-10.0 10.0 
-0.0 10.0 113:1.0 
-10.0 10.0 
-10.0 10.0 
-10.0 10.0 
-10.0 10.0 
-10.0 10.0 
-10.0 10.0 
-10.0 10.0 
-10.0 10.0 
-10.0 10.0 
-10.0 10.0 
-10.0 10.0 
-10.0 10.0 
-10.0 10.0 
-10.0 10.0 
-10.0 10.0 
-0.0 7.228483257993388 93:1.0 96:1.0 
-10.0 10.0 
-10.0 10.0 
-10.0 10.0 
-10.0 10.0 
-10.0 10.0 
-10.0 10.0 
-10.0 10.0 
-10.0 10.0 
-10.0 10.0 
-10.0 10.0 
-10.0 10.0 
-10.0 10.0 
-0.0 5.2617439361161455 63:1.0 
-10.0 10.0 
-10.0 10.0 
-10.0 10.0 
-10.0 10.0 
-10.0 10.0 
-10.0 10.0 
-10.0 10.0 
-10.0 10.0 
-10.0 10.0 
-0.0 10.0 62:1.0 73:1.0 83:1.0 109:1.0 
-10.0 10.0 
-10.0 10.0 
-10.0 10.0 
-10.0 10.0 
-10.0 10.0 
-10.0 10.0 
-0.0 2.525391776994958 68:1.0 
-10.0 10.0 
-10.0 10.0 
-10.0 10.0 
-10.0 10.0 
-10.0 10.0 
-10.0 10.0 
-10.0 10.0 
-0.0 7.497764530551416 39:1.0 59:1.0 
-10.0 10.0 
-10.0 10.0 
-10.0 10.0 
-10.0 10.0 
-0.0 10.0 122:1.0 
-10.0 10.0 
-10.0 10.0 
-10.0 10.0 86:1.0 
-10.0 10.0 
-10.0 10.0 
-10.0 10.0 
-10.0 10.0 
-10.0 10.0 
-10.0 10.0 
-10.0 10.0 
-10.0 10.0 
-10.0 10.0 
-10.0 10.0 
-10.0 10.0 
-0.0 10.0 42:1.0 
-10.0 10.0 
-10.0 10.0 
-10.0 10.0 
-10.0 10.0 43:1.0 
-10.0 10.0 
-10.0 10.0 
-10.0 10.0 
-10.0 10.0 
-10.0 10.0 
-0.0 10.0 88:1.0 
-0.0 10.0 27:1.0 
-10.0 10.0 
-10.0 10.0 
-10.0 10.0 
-10.0 10.0 
-10.0 0.0 62:1.0 
-0.0 8.224495695335943 111:1.0 115:1.0 
-10.0 10.0 
-10.0 10.0 
-10.0 10.0 
-10.0 10.0 
-10.0 10.0 
-10.0 10.0 
-10.0 10.0 
-10.0 10.0 
-10.0 7.21614340172064 13:1.0 
-10.0 10.0 
-0.0 10.0 71:1.0 
-0.0 7.229864825938198 78:1.0 107:1.0 
-10.0 10.0 
-0.0 10.0 89:1.0 
-10.0 10.0 
-10.0 10.0 
-10.0 10.0 
-10.0 10.0 
-10.0 10.0 105:1.0 
-10.0 10.0 
-10.0 10.0 
-10.0 10.0 8:1.0 
-0.0 10.0 79:1.0 
-10.0 10.0 
-0.0 3.0019406181266337 94:1.0 
-10.0 10.0 
-10.0 10.0 
-10.0 10.0 
-10.0 10.0 
-10.0 10.0 
-10.0 10.0 
-10.0 10.0 
-10.0 10.0 
-10.0 10.0 
-10.0 10.0 
-10.0 10.0 
-10.0 10.0 
-10.0 10.0 
-10.0 10.0 
-10.0 10.0 
-10.0 10.0 
-10.0 10.0 
-10.0 10.0 
-10.0 10.0 
-0.0 9.99165374985096 16:1.0 76:1.0 129:1.0 
-10.0 10.0 
-10.0 10.0 
-0.0 10.0 31:1.0 
-0.0 10.0 85:1.0 
-10.0 10.0 
-10.0 10.0 
-10.0 10.0 
-10.0 10.0 
-10.0 10.0 
-10.0 10.0 
-10.0 10.0 
-10.0 10.0 
-10.0 10.0 
-10.0 10.0 
-10.0 10.0 
-10.0 10.0 
-10.0 10.0 
-10.0 10.0 
-10.0 10.0 
-10.0 10.0 
-10.0 10.0 
-10.0 10.0 
-10.0 10.0 
-0.0 2.2494602511400887 122:1.0 
-10.0 10.0 
-10.0 10.0 
-10.0 10.0 
-10.0 10.0 
-0.0 10.0 98:1.0 
-10.0 10.0 
-10.0 10.0 
-0.0 10.0 113:1.0 
-10.0 10.0 
-10.0 10.0 
-10.0 10.0 
-10.0 10.0 
-10.0 10.0 23:1.0 48:1.0 
-10.0 10.0 
-10.0 10.0 
-10.0 10.0 
-10.0 10.0 
-10.0 10.0 
-10.0 10.0 
-10.0 10.0 
-10.0 10.0 
-0.0 2.521215730775758 51:1.0 
-10.0 10.0 
-10.0 10.0 
-10.0 10.0 
-0.0 10.0 30:1.0 
-0.0 10.0 95:1.0 
-10.0 10.0 
-10.0 10.0 
-10.0 10.0 
-10.0 10.0 
-10.0 10.0 
-10.0 10.0 
-10.0 10.0 
-10.0 7.229755234080029 1:1.0 33:1.0 
-10.0 10.0 
-10.0 10.0 
-10.0 10.0 
-10.0 10.0 
-10.0 10.0 
-10.0 10.0 
-5.0 7.044105572199057 77:1.0 102:1.0 
-10.0 10.0 
-10.0 10.0 
-10.0 10.0 
-0.0 10.0 94:1.0 
-10.0 10.0 
-0.0 4.65659468854224 36:1.0 
-10.0 10.0 
-10.0 10.0 
-10.0 10.0 
-10.0 10.0 
-0.0 10.0 29:1.0 
-0.0 10.0 94:1.0 
-10.0 10.0 
-0.0 10.0 29:1.0 35:1.0 
-10.0 10.0 
-10.0 10.0 
-10.0 10.0 
-0.0 10.0 42:1.0 
-10.0 10.0 43:1.0 
-0.0 10.0 28:1.0 80:1.0 
-0.0 7.692737811353563 22:1.0 
-10.0 10.0 
-10.0 10.0 
-10.0 10.0 
-10.0 10.0 
-10.0 10.0 
-7.116269165247019 0.0 41:1.0 45:1.0 
-10.0 10.0 
-10.0 2.2499078700032245 85:1.0 
-10.0 10.0 29:1.0 
-10.0 10.0 
-0.0 10.0 28:1.0 
-10.0 10.0 
-0.12053424122005474 10.0 53:1.0 
-10.0 10.0 
-10.0 10.0 
-10.0 10.0 
-10.0 10.0 
-10.0 10.0 38:1.0 108:1.0 
-10.0 10.0 
-10.0 10.0 
-10.0 10.0 
-0.0 7.791528113937229 90:1.0 
-10.0 10.0 
-10.0 10.0 
-10.0 10.0 
-10.0 10.0 
-10.0 10.0 
-10.0 10.0 
-10.0 10.0 
-10.0 10.0 
-10.0 10.0 
-10.0 10.0 
-10.0 10.0 
-10.0 10.0 
-0.0 2.5230316276852203 95:1.0 
-0.0 4.998509687034277 75:1.0 
-10.0 10.0 
-0.0 2.523031627682227 119:1.0 
-10.0 10.0 
-10.0 10.0 
-10.0 10.0 
-10.0 10.0 
-0.0 1.1299810877687255 8:1.0 80:1.0 
-10.0 10.0 
-10.0 10.0 
-10.0 10.0 
-0.0 1.7829723143880385 87:1.0 
-10.0 10.0 77:1.0 
-10.0 10.0 
-10.0 10.0 
-10.0 4.850249420874231 81:1.0 
-10.0 10.0 
-10.0 10.0 
-10.0 10.0 
-10.0 10.0 
-10.0 10.0 
-10.0 10.0 
-10.0 10.0 
-10.0 10.0 
-10.0 10.0 
-10.0 10.0 
-10.0 10.0 
-10.0 10.0 
-10.0 2.5231500857031 27:1.0 
-0.0 5.008334462812112 16:1.0 76:1.0 129:1.0 
-10.0 3.7379473252704645 32:1.0 
-10.0 10.0 
-0.0 10.0 56:1.0 68:1.0 
-10.0 10.0 
-0.0 10.0 14:1.0 
-10.0 10.0 
-10.0 10.0 
-10.0 10.0 
-10.0 10.0 
-10.0 0.05370049696860413 89:1.0 
-10.0 10.0 
-10.0 10.0 
-0.0 2.5239008813563477 11:1.0 
-10.0 10.0 
-0.0 10.0 39:1.0 59:1.0 
-10.0 2.5276249233071755 35:1.0 
-10.0 10.0 
-0.0 7.791419368916316 57:1.0 
-10.0 10.0 
-10.0 10.0 
-10.0 10.0 
-10.0 10.0 77:1.0 
-10.0 10.0 
-10.0 10.0 
-10.0 10.0 
-10.0 10.0 
-0.0 10.0 70:1.0 
-10.0 10.0 
-10.0 10.0 
-10.0 10.0 
-10.0 10.0 
-10.0 10.0 
-10.0 10.0 
-10.0 10.0 
-0.0 2.524639138038809 46:1.0 
-10.0 10.0 
-10.0 10.0 
-10.0 10.0 
-10.0 10.0 
-0.0 10.0 5:1.0 
-10.0 10.0 
-10.0 10.0 
-10.0 10.0 
-10.0 10.0 
-10.0 10.0 
-10.0 10.0 
-10.0 10.0 
-10.0 10.0 
-10.0 10.0 
-10.0 10.0 
-10.0 10.0 
-10.0 10.0 
-10.0 10.0 
-10.0 10.0 
-10.0 10.0 
-0.0 10.0 16:1.0 
-10.0 10.0 
-10.0 10.0 
-10.0 10.0 
-10.0 10.0 
-10.0 10.0 
-10.0 10.0 
-10.0 10.0 
-10.0 10.0 
-10.0 10.0 
-10.0 10.0 
-10.0 10.0 
-10.0 10.0 
-0.0 10.0 50:1.0 79:1.0 
-10.0 10.0 
-10.0 10.0 
-10.0 10.0 
-10.0 10.0 
-10.0 10.0 
-10.0 10.0 
-10.0 10.0 
-10.0 10.0 
-10.0 10.0 
-0.0 2.5239008813560253 70:1.0 
-10.0 10.0 
-10.0 10.0 
-10.0 10.0 
-10.0 10.0 
-10.0 10.0 
-10.0 10.0 
-10.0 10.0 
-10.0 10.0 
-7.552054223508176 10.0 64:1.0 77:1.0 
-10.0 10.0 
-10.0 10.0 
-10.0 10.0 
-10.0 10.0 
-10.0 10.0 
-10.0 10.0 
-10.0 10.0 
-10.0 10.0 
-10.0 10.0 
-10.0 10.0 
-10.0 10.0 
-10.0 10.0 
-10.0 10.0 
-10.0 10.0 
-10.0 10.0 
-10.0 10.0 
-10.0 10.0 
-10.0 0.0 18:1.0 
-10.0 10.0 
-10.0 10.0 
-10.0 10.0 
-10.0 10.0 
-0.0 2.522570527617041 106:1.0 
-10.0 10.0 
-10.0 10.0 
-10.0 10.0 
-0.0 10.0 114:1.0 118:1.0 127:1.0 
-0.0 1.085985966460795 98:1.0 113:1.0 
-10.0 10.0 
-10.0 10.0 
-10.0 10.0 
-10.0 10.0 
-10.0 2.522411151059851 82:1.0 
-10.0 10.0 
-0.0 4.843855630468113 44:1.0 
-2.5 0.0 73:1.0 102:1.0 
-0.0 10.0 78:1.0 
-10.0 10.0 
-0.0 2.5225705276128827 30:1.0 
-10.0 10.0 
-10.0 10.0 
-10.0 10.0 
-10.0 10.0 
-10.0 10.0 
-2.8837308347529813 0.8358709326152751 24:1.0 49:1.0 112:1.0 121:1.0 130:1.0 
-0.0 7.521659772735417 75:1.0 
-0.0 2.524644297373649 14:1.0 
-10.0 10.0 
-10.0 10.0 
-10.0 10.0 
-10.0 2.5022354694485838 18:1.0 
-10.0 10.0 
-10.0 10.0 
-10.0 7.045189847747492 91:1.0 120:1.0 
-10.0 10.0 
-0.0 4.524895903338774 22:1.0 40:1.0 73:1.0 
-10.0 10.0 
-10.0 10.0 
-10.0 10.0 
-10.0 10.0 
-0.0 10.0 115:1.0 
-0.0 -10.0 
-0.0 -10.0 
-0.0 -10.0 
-0.0 -10.0 
-0.0 -10.0 
-0.0 -10.0 
-0.0 -10.0 
-0.0 -10.0 78:1.0 
-10.0 -10.0 10:1.0 
-0.0 -10.0 
-0.0 -10.0 
-0.0 -10.0 
-0.0 -10.0 
-0.0 -10.0 
-0.0 -10.0 
-0.0 -10.0 
-10.0 -10.0 48:1.0 
-0.0 -10.0 
-0.0 -10.0 
-0.0 -10.0 
-0.0 -10.0 
-0.0 -10.0 
-0.0 -10.0 117:1.0 
-0.0 -10.0 109:1.0 
-10.0 -10.0 17:1.0 
-0.0 -10.0 
-0.0 -10.0 42:1.0 
-0.0 -10.0 
-0.0 -10.0 
-0.0 -10.0 
-0.0 -10.0 
-10.0 -10.0 
-10.0 -10.0 
-10.0 -10.0 
-10.0 -10.0 
-0.0 -10.0 3:1.0 
-10.0 -10.0 
-10.0 -10.0 
-10.0 -10.0 
-10.0 -10.0 
-10.0 -10.0 
-0.0 -10.0 122:1.0 
-10.0 -10.0 13:1.0 75:1.0 
-10.0 -10.0 
-0.0 -10.0 60:1.0 
-10.0 -10.0 
-10.0 -10.0 
-10.0 -10.0 
-10.0 -10.0 
-10.0 -10.0 
-10.0 -10.0 
-10.0 -10.0 89:1.0 
-10.0 -10.0 
-10.0 -10.0 
-10.0 -10.0 
-10.0 -10.0 
-10.0 -10.0 101:1.0 105:1.0 
-10.0 -10.0 
-10.0 -10.0 
-10.0 -10.0 
-10.0 -10.0 
-0.0 -10.0 79:1.0 
-10.0 -10.0 
-10.0 -10.0 
-10.0 -10.0 
-10.0 -10.0 
-10.0 -10.0 
-0.0 -10.0 109:1.0 
-10.0 -10.0 
-10.0 -10.0 
-10.0 -10.0 
-10.0 -10.0 
-10.0 -10.0 3:1.0 
-10.0 -10.0 
-10.0 -10.0 
-10.0 -10.0 
-10.0 -10.0 
-10.0 -10.0 
-10.0 -10.0 
-10.0 -10.0 
-0.0 -10.0 9:1.0 
-0.0 -10.0 90:1.0 
-10.0 -10.0 
-10.0 -10.0 
-10.0 -10.0 
-10.0 -10.0 
-10.0 -10.0 
-10.0 -10.0 
-0.0 -10.0 98:1.0 
-10.0 -10.0 
-10.0 -10.0 
-10.0 -10.0 
-10.0 -10.0 
-0.0 -10.0 29:1.0 
-10.0 -10.0 
-10.0 -10.0 5:1.0 6:1.0 
-10.0 -10.0 
-0.0 -10.0 56:1.0 
-0.0 -10.0 34:1.0 
-10.0 -10.0 
-10.0 -10.0 
-10.0 -10.0 
-0.0 -10.0 16:1.0 19:1.0 71:1.0 
-10.0 -10.0 
-10.0 -10.0 
-10.0 -10.0 
-10.0 -10.0 
-0.0 -10.0 63:1.0 
-10.0 -10.0 
-10.0 -10.0 
-10.0 -10.0 
-10.0 -10.0 
-10.0 -10.0 
-10.0 -10.0 
-6.65739558941468 -10.0 14:1.0 35:1.0 71:1.0 
-10.0 -10.0 
-10.0 -10.0 
-10.0 -10.0 
-10.0 -10.0 
-0.0 -10.0 23:1.0 
-0.0 -10.0 47:1.0 
-0.0 -10.0 98:1.0 
-0.0 -10.0 109:1.0 
-0.0 -10.0 30:1.0 
-10.0 -10.0 
-10.0 -10.0 8:1.0 
-10.0 -10.0 
-10.0 -10.0 
-10.0 -10.0 
-10.0 -10.0 
-10.0 -10.0 
-10.0 -10.0 
-10.0 -10.0 86:1.0 
-10.0 -10.0 
-10.0 -10.0 
-10.0 -10.0 
-10.0 -10.0 
-10.0 -10.0 
-0.0 -10.0 29:1.0 
-10.0 -10.0 
-10.0 -10.0 
-10.0 -10.0 
-10.0 -10.0 
-10.0 -10.0 28:1.0 101:1.0 
-10.0 -10.0 
-10.0 -10.0 
-10.0 -10.0 103:1.0 
-10.0 -10.0 
-10.0 -10.0 
-0.0 -10.0 28:1.0 
-10.0 -10.0 
-0.0 -10.0 26:1.0 99:1.0 132:1.0 
-0.0 -10.0 47:1.0 
-10.0 -10.0 
-10.0 -10.0 
-10.0 -10.0 
-10.0 -10.0 
-0.0 -10.0 44:1.0 
-10.0 -10.0 
-10.0 -10.0 
-10.0 -10.0 
-10.0 -10.0 
-10.0 -10.0 
-10.0 -10.0 
-0.0 -10.0 57:1.0 
-0.0 -10.0 31:1.0 
-10.0 -10.0 
-0.0 -10.0 59:1.0 
-10.0 -10.0 
-10.0 -10.0 
-10.0 -10.0 
-2.7948899796307924 -10.0 19:1.0 84:1.0 
-10.0 -10.0 
-10.0 -10.0 
-10.0 -10.0 20:1.0 45:1.0 125:1.0 
-10.0 -10.0 
-0.0 -10.0 77:1.0 
-10.0 -10.0 
-10.0 -10.0 
-10.0 -10.0 
-10.0 -10.0 
-0.0 -10.0 5:1.0 88:1.0 
-10.0 -10.0 
-10.0 -10.0 
-10.0 -10.0 37:1.0 
-10.0 -10.0 
-0.0 -10.0 93:1.0 
-10.0 -10.0 
-0.0 -10.0 77:1.0 
-10.0 -10.0 
-10.0 -10.0 
-10.0 -10.0 
-10.0 -10.0 
-10.0 -10.0 
-0.0 -10.0 79:1.0 
-10.0 -10.0 
-10.0 -10.0 
-10.0 -10.0 
-0.0 -10.0 74:1.0 
-10.0 -10.0 
-10.0 -10.0 
-10.0 -10.0 
-0.0 -10.0 114:1.0 118:1.0 127:1.0 
-10.0 -10.0 29:1.0 37:1.0 108:1.0 
-0.0 -10.0 78:1.0 
-10.0 -10.0 
-10.0 -10.0 
-0.0 -10.0 50:1.0 
-10.0 -10.0 
-0.0 -10.0 43:1.0 
-10.0 -10.0 
-10.0 -10.0 
-0.0 -10.0 23:1.0 
-10.0 -10.0 
-10.0 -10.0 
-10.0 -10.0 
-10.0 -10.0 
-10.0 -10.0 15:1.0 67:1.0 
-10.0 -10.0 
-0.0 -10.0 9:1.0 59:1.0 113:1.0 115:1.0 
-10.0 -10.0 
-10.0 -10.0 
-10.0 -10.0 
-10.0 -10.0 
-10.0 -10.0 
-10.0 -10.0 
-10.0 -10.0 
-10.0 -10.0 
-10.0 -10.0 
-10.0 -10.0 
-10.0 -10.0 
-10.0 -10.0 
-10.0 -10.0 
-10.0 -10.0 
-10.0 -10.0 
-10.0 -10.0 
-10.0 -10.0 
-10.0 -10.0 53:1.0 
-10.0 -10.0 
-10.0 -10.0 
-10.0 -10.0 
-10.0 -10.0 
-0.0 -10.0 31:1.0 
-0.0 -10.0 95:1.0 
-10.0 -10.0 
-10.0 -10.0 
-10.0 -10.0 
-10.0 -10.0 
-10.0 -10.0 
-10.0 -10.0 
-10.0 -10.0 
-10.0 -10.0 
-0.0 -10.0 56:1.0 
-0.0 -10.0 29:1.0 115:1.0 
-10.0 -10.0 
-10.0 -10.0 
-10.0 -10.0 
-10.0 -10.0 
-10.0 -10.0 
-0.0 -10.0 48:1.0 71:1.0 
-0.0 -10.0 109:1.0 
-10.0 -10.0 43:1.0 
-10.0 -10.0 
-0.0 -10.0 47:1.0 
-10.0 -10.0 
-10.0 -10.0 
-10.0 -10.0 
-10.0 -10.0 64:1.0 
-10.0 -10.0 
-0.0 -10.0 9:1.0 
-10.0 -10.0 
-10.0 -10.0 
-0.0 -10.0 60:1.0 
-10.0 -10.0 
-10.0 -10.0 1:1.0 
-10.0 -10.0 
-10.0 -10.0 
-10.0 -10.0 
-10.0 -10.0 
-10.0 -10.0 
-10.0 -10.0 
-10.0 -10.0 
-10.0 -10.0 
-10.0 -10.0 
-10.0 -10.0 
-10.0 -10.0 
-10.0 -10.0 
-10.0 -10.0 
-10.0 -10.0 
-10.0 -10.0 
-10.0 -10.0 
-10.0 -10.0 
-0.0 -10.0 113:1.0 
-10.0 -10.0 
-10.0 -10.0 
-10.0 -10.0 
-10.0 -10.0 4:1.0 
-10.0 -10.0 
-10.0 -10.0 
-0.0 -10.0 12:1.0 
-10.0 -10.0 
-10.0 -10.0 
-0.0 -10.0 10:1.0 55:1.0 
-0.0 -10.0 113:1.0 
-10.0 -10.0 
-10.0 -10.0 
-10.0 -10.0 
-10.0 -10.0 
-10.0 -10.0 
-10.0 -10.0 
-10.0 -10.0 
-10.0 -10.0 
-10.0 -10.0 
-10.0 -10.0 
-0.0 -10.0 109:1.0 
-10.0 -10.0 54:1.0 
-10.0 -10.0 85:1.0 
-0.0 -10.0 78:1.0 
-10.0 -10.0 
-10.0 -10.0 43:1.0 
-0.0 -10.0 16:1.0 26:1.0 76:1.0 99:1.0 129:1.0 132:1.0 
-0.0 -10.0 93:1.0 
-10.0 -10.0 
-10.0 -10.0 
-10.0 -10.0 
-10.0 -10.0 
-10.0 -10.0 
-10.0 -10.0 
-0.0 -10.0 79:1.0 
-10.0 -10.0 
-0.0 -10.0 11:1.0 117:1.0 
-10.0 -10.0 
-0.0 -10.0 80:1.0 
-10.0 -10.0 
-10.0 -10.0 
-10.0 -10.0 
-10.0 -10.0 
-0.0 -10.0 60:1.0 
-10.0 -10.0 
-0.0 -10.0 47:1.0 60:1.0 
-0.0 -10.0 36:1.0 
-10.0 -10.0 
-10.0 -10.0 
-10.0 -10.0 
-10.0 -10.0 
-10.0 -10.0 
-10.0 -10.0 
-10.0 -10.0 
-10.0 -10.0 
-10.0 -10.0 
-10.0 -10.0 
-10.0 -10.0 
-0.0 -10.0 22:1.0 
-10.0 -10.0 
-10.0 -10.0 
-10.0 -10.0 20:1.0 45:1.0 125:1.0 
-10.0 -10.0 
-10.0 -10.0 
-10.0 -10.0 
-10.0 -10.0 
-10.0 -10.0 101:1.0 
-0.0 -10.0 114:1.0 118:1.0 127:1.0 
-10.0 -10.0 
-10.0 -10.0 
-10.0 -10.0 
-10.0 -10.0 
-10.0 -10.0 
-10.0 -10.0 
-10.0 -10.0 
-10.0 -10.0 77:1.0 
-10.0 -10.0 54:1.0 61:1.0 110:1.0 
-10.0 -10.0 
-10.0 -10.0 
-10.0 -10.0 
-0.0 -10.0 5:1.0 
-0.0 -10.0 16:1.0 19:1.0 
-10.0 -10.0 
-0.0 -10.0 54:1.0 95:1.0 
-10.0 -10.0 86:1.0 
-10.0 -10.0 
-10.0 -10.0 47:1.0 
-10.0 -10.0 
-10.0 -10.0 
-10.0 -10.0 
-0.0 -10.0 65:1.0 
-10.0 -10.0 
-10.0 -10.0 
-10.0 -10.0 
-10.0 -10.0 
-10.0 -10.0 
-10.0 -10.0 45:1.0 
-10.0 -10.0 
-10.0 -10.0 
-10.0 -10.0 
-10.0 -10.0 
-10.0 -10.0 
-10.0 -10.0 
-10.0 -10.0 
-10.0 -10.0 
-10.0 -10.0 
-10.0 -10.0 
-10.0 -10.0 
-10.0 -10.0 
-10.0 -10.0 2:1.0 91:1.0 
-10.0 -10.0 
-10.0 -10.0 
-0.0 -10.0 109:1.0 
-10.0 -10.0 60:1.0 72:1.0 
-10.0 -10.0 
-0.0 -10.0 68:1.0 
-0.0 -10.0 39:1.0 94:1.0 
-10.0 -10.0 
-10.0 -10.0 
-10.0 -10.0 
-10.0 -10.0 
-10.0 -10.0 
-10.0 -10.0 
-10.0 -10.0 
-0.0 -10.0 38:1.0 
-10.0 -10.0 
-10.0 -10.0 
-10.0 -10.0 
-10.0 -10.0 
-10.0 -10.0 
-0.0 -10.0 74:1.0 
-0.0 -10.0 73:1.0 
-10.0 -10.0 
-0.0 -10.0 38:1.0 
-10.0 -10.0 
-10.0 -10.0 
-10.0 -10.0 
-10.0 -10.0 
-10.0 -10.0 
-10.0 -10.0 
-10.0 -10.0 
-10.0 -10.0 8:1.0 
-10.0 -10.0 
-10.0 -10.0 
-10.0 -10.0 
-10.0 -10.0 
-10.0 -10.0 
-10.0 -10.0 77:1.0 
-10.0 -10.0 
-10.0 -10.0 
-10.0 -10.0 
-10.0 -10.0 
-10.0 -10.0 
-10.0 -10.0 
-10.0 -10.0 25:1.0 65:1.0 
-0.0 -10.0 70:1.0 
-10.0 -10.0 
-10.0 -10.0 74:1.0 
-10.0 -10.0 
-10.0 -10.0 
-10.0 -10.0 
-10.0 -10.0 
-10.0 -10.0 
-10.0 -10.0 
-10.0 -10.0 
-10.0 -10.0 
-0.0 -10.0 23:1.0 
-10.0 -10.0 
-10.0 -10.0 
-10.0 -10.0 
-10.0 -10.0 
-10.0 -10.0 13:1.0 
-10.0 -10.0 
-0.0 -10.0 115:1.0 
-10.0 -10.0 
-0.0 -10.0 26:1.0 99:1.0 132:1.0 
-10.0 -10.0 
-10.0 -10.0 
-10.0 -10.0 
-0.0 -10.0 26:1.0 99:1.0 132:1.0 
-10.0 -10.0 
-10.0 -10.0 77:1.0 
-10.0 -10.0 
-10.0 -10.0 
-10.0 -10.0 
-10.0 -10.0 
-10.0 -10.0 
-10.0 -10.0 
-10.0 -10.0 
-10.0 -10.0 
-10.0 -10.0 
-10.0 -10.0 
-10.0 -10.0 
-10.0 -10.0 
-10.0 -10.0 
-10.0 -10.0 
-10.0 -10.0 
-10.0 -10.0 
-10.0 -10.0 
-10.0 -10.0 
-0.0 -10.0 42:1.0 
-10.0 -10.0 
-10.0 -10.0 
-10.0 -10.0 
-10.0 -10.0 
-10.0 -10.0 
-10.0 -10.0 
-0.0 -10.0 23:1.0 
-10.0 -10.0 
-5.597888784896915 -10.0 27:1.0 
-10.0 -10.0 
-0.0 -10.0 38:1.0 
-10.0 -10.0 
-10.0 -10.0 
-10.0 -10.0 
-0.0 -10.0 71:1.0 
-10.0 -10.0 15:1.0 
-10.0 -10.0 
-10.0 -10.0 
-10.0 -10.0 
-10.0 -10.0 
-0.0 -10.0 109:1.0 
-10.0 -10.0 
-0.0 -10.0 113:1.0 
-0.0 -10.0 109:1.0 
-10.0 -10.0 20:1.0 45:1.0 58:1.0 92:1.0 104:1.0 124:1.0 125:1.0 126:1.0 128:1.0 
-10.0 -10.0 
-0.0 -10.0 40:1.0 73:1.0 94:1.0 
-10.0 -10.0 
-10.0 -10.0 
-10.0 -10.0 
-10.0 -10.0 
-10.0 -10.0 
-10.0 -10.0 81:1.0 
-10.0 -10.0 
-10.0 -10.0 
-10.0 -10.0 
-10.0 -10.0 
-10.0 -10.0 
-10.0 -10.0 
-10.0 -10.0 
-4.949825646057614 -10.0 
-0.0 -10.0 
