svm_type c_svc
kernel_type linear
nr_class 3
total_sv 1548
rho 1.0000538368148688 0.8878991764880506 -0.9995430752736609
label 2 0 1
nr_sv 409 609 530
SV
1.0 1.0 
1.0 0.8887893195858263 271:1.0 
1.0 1.0 
1.0 1.0 
0.0 1.0 99:1.0 204:1.0 
1.0 1.0 
1.0 1.0 
1.0 1.0 
1.0 1.0 
1.0 1.0 
1.0 1.0 
1.0 1.0 
1.0 1.0 
1.0 1.0 
0.0 0.24671717171717175 33:1.0 115:1.0 226:1.0 258:1.0 
1.0 1.0 243:1.0 
1.0 1.0 
1.0 1.0 
1.0 1.0 
1.0 1.0 
1.0 1.0 
1.0 0.8878211566421794 151:1.0 
1.0 1.0 
1.0 1.0 
1.0 1.0 47:1.0 
1.0 1.0 
1.0 1.0 
1.0 1.0 205:1.0 
1.0 1.0 
1.0 1.0 
1.0 1.0 
1.0 1.0 
1.0 1.0 
1.0 1.0 
0.9999973184104887 0.7456036291729173 159:1.0 177:1.0 
1.0 1.0 
1.0 1.0 77:1.0 
1.0 1.0 
1.0 1.0 
0.17201329809730467 0.4998681716466847 13:1.0 23:1.0 54:1.0 
1.0 1.0 
1.0 1.0 
1.0 1.0 
1.0 1.0 
1.0 1.0 
1.0 1.0 
1.0 1.0 
1.0 1.0 
1.0 1.0 
1.0 1.0 
1.0 1.0 204:1.0 
1.0 1.0 
1.0 1.0 
1.0 1.0 
1.0 1.0 40:1.0 
1.0 1.0 
1.0 1.0 
1.0 1.0 
1.0 1.0 90:1.0 
1.0 1.0 
1.0 1.0 
1.0 1.0 
1.0 1.0 141:1.0 
1.0 1.0 99:1.0 
1.0 1.0 
1.0 1.0 
0.0 0.10944773375084547 27:1.0 64:1.0 104:1.0 182:1.0 225:1.0 261:1.0 283:1.0 290:1.0 292:1.0 299:1.0 
0.6666734643581858 0.22192769733140896 15:1.0 125:1.0 
1.0 1.0 
1.0 1.0 
1.0 1.0 
0.6666530712836285 0.22192379461675066 15:1.0 19:1.0 
1.0 1.0 
1.0 1.0 139:1.0 
1.0 1.0 
1.0 1.0 
1.0 1.0 
1.0 1.0 
1.0 1.0 
1.0 1.0 
1.0 1.0 
1.0 1.0 
1.0 1.0 
1.0 1.0 
1.0 1.0 
1.0 1.0 230:1.0 
1.0 1.0 266:1.0 
0.3365919783049671 1.0 27:1.0 64:1.0 104:1.0 182:1.0 261:1.0 283:1.0 290:1.0 292:1.0 299:1.0 
1.0 1.0 
1.0 1.0 266:1.0 
1.0 1.0 
1.0 1.0 
0.4839301896554772 1.0 13:1.0 103:1.0 
1.0 1.0 12:1.0 
1.0 1.0 19:1.0 
1.0 1.0 
1.0 1.0 219:1.0 
1.0 1.0 
1.0 1.0 74:1.0 
1.0 1.0 
1.0 1.0 
1.0 1.0 
1.0 1.0 90:1.0 
1.0 1.0 
1.0 1.0 
1.0 1.0 
1.0 1.0 
1.0 1.0 
1.0 1.0 
1.0 1.0 
1.0 0.90633547800529 150:1.0 168:1.0 
1.0 1.0 64:1.0 
1.0 1.0 
1.0 1.0 
1.0 1.0 
1.0 1.0 
1.0 1.0 125:1.0 
1.0 1.0 
1.0 1.0 
1.0 1.0 
1.0 1.0 
1.0 1.0 
1.0 1.0 
1.0 1.0 224:1.0 
1.0 1.0 
1.0 1.0 
1.0 1.0 45:1.0 
1.0 1.0 
1.0 1.0 
1.0 1.0 25:1.0 
1.0 1.0 
1.0 1.0 
1.0 1.0 
1.0 1.0 
1.0 1.0 
1.0 1.0 
0.42857142857142855 0.0 86:1.0 109:1.0 242:1.0 300:1.0 305:1.0 
1.0 1.0 244:1.0 
1.0 1.0 
1.0 1.0 
1.0 1.0 
1.0 1.0 
1.0 1.0 
1.0 1.0 
1.0 1.0 
1.0 1.0 
1.0 1.0 
1.0 1.0 
0.0 0.5604977284208731 66:1.0 258:1.0 
1.0 1.0 
1.0 1.0 
1.0 1.0 
1.0 1.0 
1.0 0.44422819931366336 8:1.0 9:1.0 
1.0 1.0 231:1.0 
1.0 1.0 8:1.0 9:1.0 189:1.0 
1.0 1.0 191:1.0 
1.0 1.0 
1.0 1.0 15:1.0 
1.0 1.0 70:1.0 
1.0 1.0 83:1.0 84:1.0 
0.0 0.37817532845941937 147:1.0 211:1.0 298:1.0 
1.0 0.5551145740357121 105:1.0 117:1.0 
1.0 1.0 191:1.0 
1.0 1.0 89:1.0 162:1.0 231:1.0 
1.0 1.0 
1.0 1.0 
1.0 1.0 184:1.0 
1.0 1.0 159:1.0 
1.0 1.0 264:1.0 
1.0 1.0 151:1.0 
0.999585252609703 0.8878607782673557 89:1.0 
1.0 1.0 
1.0 1.0 
1.0 1.0 
1.749636921129199E-4 0.0 30:1.0 89:1.0 
1.0 1.0 
1.0 1.0 
1.0 1.0 
1.0 1.0 
1.0 0.07778372889250652 143:1.0 182:1.0 225:1.0 261:1.0 283:1.0 
1.0 1.0 132:1.0 
1.0 1.0 
1.0 1.0 153:1.0 
1.0 1.0 
1.0 1.0 
1.0 1.0 
1.0 1.0 
1.0 1.0 
1.0 1.0 
1.0 1.0 171:1.0 
1.0 1.0 
1.0 1.0 229:1.0 
1.0 1.0 
1.0 1.0 
1.0 1.0 143:1.0 
1.0 1.0 
1.0 1.0 
1.0 1.0 
1.0 0.8879679202369101 246:1.0 
1.0 1.0 
1.0 1.0 
1.0 1.0 
1.0 1.0 97:1.0 
0.0 1.0 258:1.0 
0.5 1.0 22:1.0 115:1.0 
1.0 1.0 
1.0 1.0 182:1.0 
1.0 1.0 
1.0 1.0 74:1.0 
1.0 1.0 
1.0 1.0 
1.0 1.0 145:1.0 
1.0 1.0 
1.0 1.0 143:1.0 
1.0 1.0 
1.0 1.0 
1.0 0.8876036246301398 204:1.0 
1.0 1.0 
1.0 1.0 
1.0 1.0 211:1.0 
1.0 1.0 
1.0 1.0 56:1.0 
1.0 1.0 
1.0 1.0 
1.0 0.9439250217166658 131:1.0 239:1.0 
1.0 1.0 
1.0 1.0 
0.0 0.9144226374247529 96:1.0 171:1.0 
1.0 1.0 141:1.0 
1.0 1.0 
0.9570889261614277 0.0 64:1.0 103:1.0 104:1.0 130:1.0 282:1.0 290:1.0 297:1.0 
1.0 1.0 
1.0 1.0 
1.0 1.0 56:1.0 176:1.0 
1.0 1.0 
1.0 1.0 
1.0 1.0 
1.0 1.0 175:1.0 182:1.0 
1.0 1.0 
1.0 1.0 176:1.0 
1.0 0.8879361458196686 260:1.0 
1.0 1.0 
1.0 1.0 
1.0 1.0 
1.0 1.0 
1.0 1.0 
1.0 1.0 231:1.0 
1.0 1.0 
1.0 1.0 
1.0 1.0 
1.0 1.0 
1.0 1.0 
0.971482707761404 0.3776573482759224 86:1.0 109:1.0 242:1.0 300:1.0 305:1.0 
1.0 1.0 
1.0 1.0 103:1.0 
1.0 1.0 
1.0 1.0 
1.0 1.0 208:1.0 
1.0 1.0 
1.0 1.0 
1.0 1.0 
1.0 1.0 
1.0 1.0 168:1.0 
1.0 1.0 
1.0 1.0 
1.0 1.0 24:1.0 
1.0 1.0 24:1.0 
1.0 1.0 
1.0 1.0 
1.0 1.0 
1.0 1.0 
1.0 1.0 
1.0 1.0 
1.0 1.0 
1.0 1.0 260:1.0 
1.0 1.0 
1.0 1.0 
1.0 1.0 
1.0 1.0 
0.9993067733883594 0.6293084257158936 60:1.0 114:1.0 
1.0 1.0 
1.0 1.0 
1.0 1.0 
1.0 1.0 
1.0 1.0 
1.0 1.0 
1.0 1.0 264:1.0 
1.0 1.0 260:1.0 
1.0 1.0 126:1.0 
1.0 1.0 
1.0 1.0 28:1.0 258:1.0 
1.0 1.0 
1.0 1.0 
1.0 1.0 78:1.0 
1.0 1.0 
1.0 1.0 
1.0 0.0 22:1.0 90:1.0 115:1.0 
1.0 1.0 
1.0 1.0 
1.0 1.0 
1.0 1.0 
1.0 1.0 144:1.0 
1.0 1.0 
1.0 1.0 
1.0 1.0 
1.0 1.0 
1.0 1.0 
1.0 1.0 
1.0 0.0 204:1.0 226:1.0 
1.0 1.0 
1.0 1.0 
1.0 0.6292983010231636 60:1.0 233:1.0 
1.0 0.9440472514216354 256:1.0 307:1.0 
1.0 1.0 
1.0 1.0 246:1.0 
1.0 1.0 
1.0 1.0 
1.0 1.0 
1.0 1.0 207:1.0 
1.0 1.0 
1.0 1.0 18:1.0 
1.0 1.0 178:1.0 
1.0 1.0 117:1.0 
1.0 1.0 
1.0 1.0 
1.0 1.0 
1.0 1.0 
1.0 0.973549097029465 96:1.0 
1.0 1.0 
1.0 1.0 258:1.0 
1.0 1.0 
1.0 1.0 
1.0 1.0 
1.0 1.0 
1.0 1.0 
1.0 1.0 
1.0 1.0 
1.0 1.0 
1.0 1.0 
1.0 1.0 
1.0 1.0 
1.0 1.0 
0.4000439557622145 0.3776391080224499 72:1.0 92:1.0 195:1.0 278:1.0 306:1.0 
1.0 1.0 
1.0 1.0 
1.0 1.0 
1.0 1.0 
1.0 1.0 
1.0 1.0 
1.0 1.0 
1.0 1.0 
1.0 1.0 
1.0 1.0 
1.0 1.0 
1.0 1.0 54:1.0 
1.0 0.8878645438208626 3:1.0 
1.0 1.0 
1.0 1.0 
1.0 1.0 30:1.0 
1.0 1.0 
1.0 1.0 
1.0 1.0 
1.0 1.0 
1.0 1.0 
1.0 1.0 
1.0 1.0 
1.0 1.0 
1.0 0.7551336661831826 67:1.0 147:1.0 
1.0 1.0 
1.0 1.0 
1.0 0.9990861439151633 271:1.0 
1.0 1.0 47:1.0 
1.0 1.0 
1.0 1.0 142:1.0 
1.0 1.0 
1.0 1.0 
1.0 1.0 
1.0 1.0 
1.0 1.0 
1.0 1.0 
1.0 1.0 
1.0 1.0 
1.0 1.0 
1.0 1.0 
1.0 1.0 67:1.0 
1.0 1.0 
1.0 1.0 
1.0 1.0 
1.0 1.0 87:1.0 
1.0 1.0 
1.0 1.0 
1.0 1.0 102:1.0 
1.0 1.0 
0.0 0.9993915046321719 147:1.0 211:1.0 298:1.0 
1.0 1.0 
1.0 1.0 
1.0 1.0 
1.0 1.0 
1.0 1.0 222:1.0 
1.0 1.0 
1.0 1.0 
1.0 1.0 
1.0 1.0 
1.0 1.0 3:1.0 
1.0 1.0 
1.0 1.0 
1.0 1.0 
1.0 1.0 
-1.0 1.0 83:1.0 
-0.0 1.0 184:1.0 259:1.0 
-0.0 0.5482938938564923 52:1.0 
-0.0 1.0 99:1.0 
-0.0 1.0 194:1.0 
-0.0 0.5003210506369802 136:1.0 183:1.0 
-1.0 0.0 233:1.0 
-1.0 0.0 8:1.0 
-1.0 0.0 19:1.0 151:1.0 
-0.0 0.911865760065875 6:1.0 88:1.0 192:1.0 269:1.0 
-0.0 1.0 61:1.0 139:1.0 234:1.0 
-0.0 1.0 257:1.0 265:1.0 
-0.0 1.0 62:1.0 
-0.0 1.0 184:1.0 203:1.0 252:1.0 
-0.0 0.44815030474385165 38:1.0 73:1.0 
-0.0 1.0 193:1.0 
-1.0 0.0 117:1.0 
-1.0 0.0 226:1.0 
-1.0 0.0 168:1.0 
-0.0 1.0 2:1.0 
-0.0 1.0 267:1.0 
-0.0 1.0 140:1.0 223:1.0 
-0.0 1.0 16:1.0 
-1.0 0.2069663712724956 64:1.0 103:1.0 130:1.0 189:1.0 282:1.0 297:1.0 
-1.0 1.0 87:1.0 
-0.0 1.0 196:1.0 
-0.22225307997095745 0.0 143:1.0 267:1.0 
-0.33630654772743346 0.9999375686020606 27:1.0 50:1.0 182:1.0 299:1.0 304:1.0 
-0.49999999999999994 0.5001493043039853 150:1.0 218:1.0 
-0.0 1.0 73:1.0 
-1.0 0.0 125:1.0 
-1.0 1.0 182:1.0 
-1.0 1.0 30:1.0 230:1.0 
-0.0 1.0 129:1.0 
-0.0 1.0 157:1.0 
-1.0 1.0 143:1.0 
-0.0 1.0 164:1.0 
-1.0 0.5000430369726453 15:1.0 34:1.0 175:1.0 
-0.0 0.9994261229740664 121:1.0 198:1.0 
-0.0 0.1605791774934917 
-1.0 1.0 28:1.0 
-0.0 1.0 118:1.0 
-0.0 1.0 
-0.0 0.0021902307791157854 49:1.0 122:1.0 
-0.0 1.0 
-0.0 1.0 73:1.0 149:1.0 228:1.0 284:1.0 
-0.9981899389063569 0.0 67:1.0 114:1.0 
-1.0 3.6116691091984433E-4 204:1.0 
-0.0 1.0 
-0.0 1.0 
-0.0 1.0 
-0.0 1.0 20:1.0 129:1.0 
-0.0 1.0 
-0.0 1.0 
-0.0 1.0 
-0.0 1.0 
-0.0 1.0 
-0.0 1.0 
-0.0 1.0 
-0.0 2.3862306055467508E-4 214:1.0 
-0.0 1.0 
-0.0 1.0 
-1.0 3.130383111111653E-4 246:1.0 
-0.0 1.0 
-0.0 0.09053552500656292 237:1.0 
-1.0 1.0 141:1.0 
-0.0 0.11718061971926245 248:1.0 
-0.0 1.0 
-0.0 1.0 
-0.0 1.0 
-0.0 1.0 
-0.0 1.0 
-0.0 1.0 
-0.0 1.0 
-0.0 1.0 
-0.0 1.0 
-0.0 1.0 
-0.0 1.0 
-0.0 1.0 
-0.0 1.0 
-0.0 1.0 
-0.0 1.0 
-0.0 9.974333898489846E-5 51:1.0 65:1.0 199:1.0 
-0.0 1.0 231:1.0 
-0.0 1.0 
-0.0 0.004035387561783172 38:1.0 49:1.0 73:1.0 236:1.0 
-0.0 1.0 
-1.0 1.6997286497514967E-4 86:1.0 109:1.0 242:1.0 300:1.0 305:1.0 
-0.0 1.0 
-0.0 1.0 85:1.0 
-1.0 1.0 184:1.0 
-0.0 1.0 
-0.0 1.0 
-0.0 1.0 
-0.0 1.0 
-0.0 0.42873743117037033 155:1.0 270:1.0 
-0.0 1.0 
-0.0 1.0 
-0.0 1.0 
-0.0 1.0 
-0.0 1.0 
-0.0 1.0 
-0.0 1.0 66:1.0 106:1.0 157:1.0 
-0.0 1.0 
-0.0 1.0 
-1.0 6.711441481482006E-4 159:1.0 
-0.0 1.0 
-0.0 1.0 
-0.0 1.0 26:1.0 69:1.0 
-1.0 0.0 90:1.0 
-0.0 1.0 
-0.0 1.0 
-0.0 0.49334928350398083 255:1.0 
-0.0 1.0 
-1.0 1.0 260:1.0 
-0.0 1.0 
-0.0 1.0 
-1.0 0.0 117:1.0 
-0.023792674036777327 0.0 29:1.0 91:1.0 120:1.0 131:1.0 167:1.0 185:1.0 216:1.0 235:1.0 253:1.0 285:1.0 291:1.0 294:1.0 301:1.0 309:1.0 312:1.0 
-0.0 0.40753488713185776 138:1.0 227:1.0 232:1.0 
-0.0 1.0 
-0.0 1.0 
-0.0 1.0 
-0.0 1.0 
-0.0 1.0 21:1.0 
-0.0 1.0 
-0.8185827186734039 1.0 
-1.0 1.0 
-0.33327776531196657 0.24688646710306442 179:1.0 227:1.0 243:1.0 
-0.0 4.774066310230807E-4 238:1.0 
-1.0 0.0 145:1.0 
-1.0 1.0 
-1.0 1.0 
-1.0 1.0 
-1.0 1.0 
-0.0 1.0 255:1.0 
-1.0 1.0 
-1.0 1.0 
-1.0 1.0 
-1.0 1.0 
-1.0 1.0 
-1.0 1.0 
-1.0 1.0 
-1.0 1.0 
-0.0 1.0 176:1.0 
-1.0 1.0 
-0.0 0.03385412338676197 269:1.0 
-1.0 1.0 
-1.0 1.0 
-0.22225307997095725 0.0 143:1.0 215:1.0 
-0.0 0.15533583930099798 75:1.0 
-0.0 1.0 138:1.0 184:1.0 
-1.0 1.0 
-0.0 0.45255497072753065 59:1.0 73:1.0 
-1.0 1.0 
-1.0 1.0 
-1.0 0.25 90:1.0 
-0.0 1.0 133:1.0 
-0.0 1.0 37:1.0 
-0.0 0.9993319196162026 122:1.0 273:1.0 280:1.0 
-1.0 1.0 
-1.0 1.0 
-1.0 1.0 
-1.0 1.0 
-0.0 5.890201007904688E-4 249:1.0 
-1.0 1.0 
-1.0 1.0 139:1.0 
-1.0 1.0 
-1.0 1.0 
-0.9674071589150431 0.45482763708914964 46:1.0 64:1.0 104:1.0 166:1.0 182:1.0 225:1.0 261:1.0 283:1.0 290:1.0 292:1.0 
-1.0 1.0 
-1.0 3.957075716632212E-4 271:1.0 
-1.0 1.0 
-1.0 1.0 
-1.0 1.0 
-1.0 1.0 
-1.0 1.0 
-1.0 1.0 
-0.0 1.0 51:1.0 68:1.0 
-0.4997300176513663 0.29454604270285745 18:1.0 67:1.0 123:1.0 
-1.0 1.0 
-1.0 1.0 
-1.0 1.0 
-1.0 1.0 
-1.0 1.0 
-0.0 1.0 249:1.0 265:1.0 
-0.0 9.092401763740563E-5 11:1.0 152:1.0 161:1.0 170:1.0 
-0.49997200173924505 0.5004038912509151 25:1.0 197:1.0 
-1.0 1.0 
-1.0 1.0 
-1.0 1.0 
-1.0 1.0 
-0.0 1.0 269:1.0 
-1.0 1.0 
-1.0 1.0 
-1.0 1.0 
-1.0 1.0 
-1.0 1.0 
-1.0 1.0 
-1.0 1.0 
-1.0 1.0 
-1.0 4.8627925930389004E-4 219:1.0 
-1.0 1.0 
-1.0 1.0 
-0.0 1.0 254:1.0 
-1.0 1.0 
-1.0 1.0 
-1.0 1.0 
-0.0 0.0018173375946069956 41:1.0 148:1.0 
-1.0 1.0 
-1.0 1.0 
-1.0 1.0 
-1.0 1.0 
-1.0 1.0 
-1.0 1.0 
-0.0 1.0 212:1.0 
-1.0 1.0 
-1.0 1.0 
-0.0 1.0 200:1.0 
-1.0 1.0 
-1.0 1.0 
-1.0 1.0 
-0.0 4.8627925930389004E-4 134:1.0 
-1.0 1.0 
-1.0 1.0 
-1.0 1.0 
-0.0 0.875295987670957 111:1.0 201:1.0 
-0.0 1.0 58:1.0 116:1.0 
-1.0 1.0 
-1.0 1.0 
-0.0 0.8524576801120338 67:1.0 75:1.0 91:1.0 265:1.0 
-1.0 1.0 
-1.0 1.0 
-1.0 1.0 
-1.0 1.0 
-0.0 3.9449738021962727E-4 57:1.0 
-1.0 1.0 
-0.0 3.147590116932251E-4 213:1.0 
-1.0 1.0 
-1.0 1.0 
-0.0 5.890201007904688E-4 200:1.0 
-0.0 0.34895833333333337 55:1.0 135:1.0 181:1.0 187:1.0 277:1.0 288:1.0 303:1.0 
-1.0 1.0 
-1.0 1.0 
-1.0 1.0 
-1.0 1.0 
-0.0 0.7505672711694278 173:1.0 
-1.0 1.0 
-1.0 1.0 
-0.0 1.0 276:1.0 
-1.0 1.0 
-1.0 1.0 
-1.0 1.0 99:1.0 
-1.0 1.0 
-1.0 1.0 
-1.0 1.0 
-1.0 1.0 
-1.0 1.0 
-1.0 1.0 
-1.0 1.0 
-1.0 1.0 
-1.0 1.0 
-0.0 1.9724869010987665E-4 66:1.0 110:1.0 
-0.0 1.0 51:1.0 
-0.0 1.0 80:1.0 
-1.0 1.0 
-1.0 1.0 
-1.0 1.0 176:1.0 
-1.0 1.0 
-1.0 1.0 
-1.0 1.0 
-1.0 1.0 
-1.0 1.0 
-0.0 1.0 247:1.0 
-0.0 1.0 33:1.0 
-1.0 1.0 
-1.0 1.0 
-1.0 1.0 
-1.0 1.0 
-0.5022418453919243 0.0 67:1.0 
-0.0 0.14283817597037038 7:1.0 119:1.0 270:1.0 310:1.0 
-1.0 1.0 
-1.0 1.0 
-0.0 1.0 165:1.0 
-1.0 1.0 
-1.0 1.0 
-1.0 1.0 
-1.0 1.0 
-1.0 1.0 143:1.0 
-1.0 1.0 
-0.0 0.5001714677640604 85:1.0 117:1.0 
-1.0 1.0 
-2.0762176067901095E-4 4.8828125E-4 102:1.0 
-1.0 1.0 
-1.0 1.0 
-1.0 1.0 
-1.0 1.0 
-1.0 1.0 115:1.0 
-1.0 1.0 
-1.0 1.0 
-1.0 0.735930169151237 141:1.0 
-0.0 0.5309106426271825 127:1.0 215:1.0 232:1.0 
-1.0 1.0 
-0.0 1.0 250:1.0 
-1.0 1.0 
-1.0 1.0 
-1.0 1.0 
-1.0 1.0 
-0.0 1.0 268:1.0 
-1.0 1.0 
-1.0 1.0 
-1.0 1.0 
-1.0 1.0 
-1.0 1.0 
-1.0 1.0 
-0.0 1.0 93:1.0 
-1.0 1.0 
-1.0 1.0 
-1.0 1.0 
-1.0 1.0 
-1.0 4.8828125E-4 207:1.0 
-1.0 1.0 
-1.0 1.0 
-1.0 1.0 
-0.0 1.0 164:1.0 
-0.0 3.997663439273513E-4 31:1.0 244:1.0 
-1.0 1.0 
-1.0 1.0 
-1.0 1.0 
-1.0 1.0 
-1.0 1.0 
-1.0 1.0 
-1.0 1.0 
-1.0 1.0 
-1.0 1.0 
-1.0 1.0 
-1.0 1.0 
-1.0 1.0 
-0.0 1.0 17:1.0 220:1.0 
-1.0 1.0 
-1.0 1.0 
-0.0 4.8828125E-4 172:1.0 
-1.0 1.0 
-1.0 1.0 
-1.0 1.0 
-0.0 6.421012739602864E-4 276:1.0 
-1.0 1.0 
-0.0 1.0 95:1.0 
-1.0 1.0 178:1.0 
-1.0 1.0 
-0.0 0.45195648221085827 4:1.0 52:1.0 255:1.0 
-1.0 1.0 
-1.0 1.0 
-0.0 0.9995541481236231 269:1.0 
-1.0 1.0 
-1.0 1.0 
-1.0 1.0 
-1.0 1.0 
-1.0 1.0 56:1.0 157:1.0 
-1.0 1.0 
-1.0 1.0 
-1.0 1.0 
-0.0 0.6511710440688528 55:1.0 135:1.0 181:1.0 187:1.0 277:1.0 288:1.0 303:1.0 
-1.0 1.0 
-1.0 1.0 
-0.0 8.33817790686182E-5 76:1.0 112:1.0 311:1.0 
-1.0 1.0 
-0.0 4.8828125E-4 188:1.0 
-1.0 1.0 
-1.0 1.0 
-1.0 1.0 
-0.0 1.0 39:1.0 
-0.0 1.0 108:1.0 
-1.0 1.0 
-1.0 1.0 
-1.0 1.0 
-1.0 1.0 
-1.0 1.0 
-1.0 1.0 
-1.0 1.0 
-1.0 0.33343825300389773 9:1.0 42:1.0 78:1.0 
-1.0 1.0 
-1.0 1.0 
-1.0 1.0 
-1.0 1.0 
-1.0 1.0 
-1.3305642648119682E-4 0.2501839693188384 107:1.0 114:1.0 180:1.0 231:1.0 
-1.0 1.0 
-1.0 1.0 
-1.0 1.0 
-0.0 0.9971715498274563 41:1.0 236:1.0 
-0.0 1.0 170:1.0 
-1.0 1.0 
-0.11103699145430596 0.0 59:1.0 143:1.0 272:1.0 
-1.0 1.0 
-1.0 1.0 
-1.0 1.0 105:1.0 
-0.0 1.0 162:1.0 
-0.0 1.0 250:1.0 
-1.0 1.0 
-0.0 1.0 162:1.0 168:1.0 
-1.0 2.5014533720579823E-4 126:1.0 
-1.0 1.0 
-1.0 1.0 
-1.0 1.0 176:1.0 
-0.0 0.0079788299761605 156:1.0 
-1.0 1.0 
-1.0 1.0 
-0.0 5.316717597713868E-4 262:1.0 
-1.0 1.0 
-0.12005040537612302 0.0 50:1.0 182:1.0 304:1.0 
-1.0 1.0 
-1.0 1.0 244:1.0 
-1.0 1.0 162:1.0 
-1.0 1.0 
-0.0 1.0 35:1.0 
-1.0 1.0 
-0.0 0.7933764020615133 189:1.0 
-1.0 1.0 
-1.0 1.0 
-1.0 1.0 
-0.0 2.986086079706333E-4 241:1.0 
-1.0 1.0 48:1.0 264:1.0 
-1.0 1.0 
-1.0 1.0 
-1.0 1.0 
-0.0 0.8834344575095171 248:1.0 
-1.0 1.0 
-1.0 1.0 
-1.0 1.0 
-1.0 1.0 
-1.0 1.0 
-1.0 1.0 
-1.0 1.0 
-1.0 1.0 
-1.0 1.0 
-1.0 1.0 
-1.0 1.0 
-0.0 1.0 108:1.0 
-0.0 0.6754655467086383 82:1.0 
-1.0 1.0 
-0.0 6.131542719040778E-4 275:1.0 
-1.0 1.0 
-1.0 1.0 142:1.0 
-1.0 1.0 
-1.0 1.0 
-0.0 0.2645903099175933 88:1.0 123:1.0 141:1.0 274:1.0 
-1.0 1.0 
-1.0 1.0 
-1.0 1.0 
-0.0 1.3134785194445409E-4 44:1.0 100:1.0 124:1.0 295:1.0 308:1.0 
-1.0 1.0 231:1.0 
-1.0 1.0 
-1.0 1.0 
-1.0 0.7505422677630752 90:1.0 
-1.0 1.0 
-1.0 1.0 
-1.0 1.0 
-1.0 1.0 
-1.0 1.0 
-1.0 1.0 
-1.0 1.0 
-1.0 1.0 
-1.0 1.0 
-1.0 1.0 
-0.0 2.6991880285646497E-4 272:1.0 
-0.0 2.658358798856786E-4 33:1.0 145:1.0 
-1.0 2.651066542724845E-4 40:1.0 
-1.0 1.0 
-0.0 1.0 196:1.0 213:1.0 
-0.0 0.9098502774625729 237:1.0 
-0.0 0.9700395172102121 146:1.0 
-1.0 1.0 
-1.0 1.0 
-1.0 1.0 
-1.0 1.0 
-0.9998571982453921 1.0 45:1.0 102:1.0 
-1.0 1.0 
-1.0 1.0 
-0.0 5.53548377150918E-4 20:1.0 
-0.0 2.737514793957951E-4 81:1.0 
-0.0 0.2500043203843544 36:1.0 169:1.0 173:1.0 202:1.0 293:1.0 
-1.0 3.8580246913583194E-4 168:1.0 
-1.0 1.0 
-0.0 6.762196029686484E-4 5:1.0 121:1.0 198:1.0 
-1.0 1.0 
-1.0 1.0 
-1.0 1.0 231:1.0 
-1.0 1.0 
-1.0 1.0 
-1.0 1.0 
-1.0 1.0 
-0.0 1.0 218:1.0 221:1.0 
-1.0 1.0 
-1.0 1.0 
-1.0 1.0 
-1.0 1.0 
-1.0 1.0 
-1.0 1.0 
-1.0 1.0 
-1.0 1.0 
-1.0 1.0 
-1.0 1.0 
-0.0 1.0 14:1.0 
-1.0 1.0 
-1.0 1.0 
-0.22220240254617069 0.0 119:1.0 143:1.0 
-1.0 1.0 
-1.0 1.0 
-1.0 1.0 
-1.0 1.0 
-1.0 1.0 
-1.0 1.0 
-1.0 1.0 
-1.0 1.0 
-0.0 3.1581847612122127E-4 128:1.0 
-1.0 1.0 
-1.0 1.0 
-1.0 1.0 
-0.0 6.71144148148247E-4 151:1.0 
-0.0 1.0 149:1.0 
-1.0 1.0 
-1.0 1.0 
-1.0 1.0 
-1.0 1.0 
-1.0 1.0 
-1.0 1.0 
-1.0 1.0 
-1.0 1.0 
-1.0 1.0 
-1.0 1.0 
-1.0 1.0 
-1.0 1.0 
-0.0 1.0 59:1.0 232:1.0 
-1.0 1.0 
-1.0 1.0 
-0.0 1.0 101:1.0 
-1.0 1.0 
-1.0 1.0 
-0.0 1.0 94:1.0 
-1.0 1.0 
-1.0 5.535483771508809E-4 77:1.0 
-1.0 1.0 
-1.0 1.0 
-1.0 1.0 
-1.0 1.0 
-1.0 1.0 
-1.0 1.0 
-0.0 1.0 31:1.0 
-1.0 1.0 208:1.0 231:1.0 
-1.0 1.0 
-1.0 1.0 
-1.0 1.0 
-1.0 1.0 
-1.0 1.0 
-1.0 1.0 
-1.0 1.0 
-0.0 0.9878366293111924 190:1.0 
-0.0 4.031733629629386E-4 63:1.0 
-1.0 1.0 
-1.0 1.0 
-1.0 1.0 
-1.0 1.0 
-0.0 1.0 65:1.0 137:1.0 
-1.0 1.0 
-1.0 1.0 
-1.0 1.0 
-1.0 0.0 151:1.0 
-1.0 1.0 
-1.0 1.0 
-1.0 1.0 
-1.0 6.177787431311069E-4 132:1.0 
-1.0 1.0 
-1.0 1.0 
-0.0 0.5004343696583776 34:1.0 
-0.0 1.0 122:1.0 273:1.0 280:1.0 
-0.0 0.05496798576455678 255:1.0 269:1.0 
-1.0 1.0 
-1.0 1.0 
-0.0 0.012437139844151616 190:1.0 
-1.0 1.0 
-1.0 5.437274000946548E-4 239:1.0 
-1.0 1.0 
-0.0 0.753539801324249 179:1.0 
-4.6640565390278915E-4 0.0 75:1.0 114:1.0 
-0.0 1.0 85:1.0 
-1.0 1.0 
-0.0 5.686971421939857E-4 39:1.0 
-1.0 1.0 
-1.0 1.0 
-1.0 1.0 
-1.0 1.0 
-1.0 1.0 205:1.0 
-0.1071899675834914 4.719845295934853E-5 29:1.0 120:1.0 131:1.0 167:1.0 185:1.0 263:1.0 296:1.0 312:1.0 
-0.0 0.32518842070703713 82:1.0 
-0.0 0.030416828890458963 146:1.0 
-1.0 1.0 
-1.0 3.0695053997162325E-4 144:1.0 
-1.0 1.0 
-1.0 1.0 
-1.0 1.0 
-0.09696245071472363 0.0 46:1.0 103:1.0 130:1.0 297:1.0 
-1.0 1.0 
-0.0 0.9927848789154926 49:1.0 75:1.0 156:1.0 
-0.0 0.5001246448123404 1:1.0 98:1.0 
-1.0 1.0 
-1.0 1.0 
-1.0 1.0 
-0.0 1.0 71:1.0 197:1.0 270:1.0 
-1.0 -1.0 
-1.0 -1.0 
-1.0 -1.0 
-1.0 -1.0 
-0.6115735522521293 -1.0 23:1.0 
-1.0 -1.0 
-1.0 -1.0 
-0.0 -1.0 85:1.0 
-1.0 -1.0 18:1.0 
-1.0 -1.0 
-1.0 -1.0 
-1.0 -1.0 
-1.0 -1.0 
-1.0 -1.0 
-1.0 -1.0 
-1.0 -1.0 
-1.0 -1.0 56:1.0 
-1.0 -1.0 
-1.0 -1.0 205:1.0 
-1.0 -1.0 
-1.0 -1.0 
-1.0 -1.0 
-0.11212444308403907 -1.0 129:1.0 
-0.0 -0.04948525490567166 265:1.0 
-1.0 -1.0 24:1.0 
-1.0 -1.0 
-0.0 -1.0 51:1.0 
-1.0 -1.0 
-1.0 -1.0 
-0.0 -0.003101919517579272 43:1.0 158:1.0 160:1.0 281:1.0 302:1.0 
-1.0 -1.0 
-1.0 -1.0 
-1.0 -1.0 
-1.0 -1.0 
-1.0 -1.0 
-1.0 -1.0 139:1.0 
-1.0 -1.0 
-1.0 -1.0 
-1.0 -1.0 
-1.0 -1.0 
-1.0 -1.0 
-0.11217908086530894 -1.0 276:1.0 
-0.5950137568380827 -1.0 82:1.0 143:1.0 
-1.0 -1.0 
-0.0 -0.5 203:1.0 
-0.0 -1.0 223:1.0 
-1.0 -1.0 
-1.0 -1.0 
-1.0 -1.0 
-0.0 -0.01976761878676305 217:1.0 
-1.0 -1.0 
-1.0 -1.0 102:1.0 
-1.0 -1.0 
-1.0 -1.0 
-1.0 -1.0 25:1.0 
-1.0 -1.0 
-1.0 -0.9995999299624061 115:1.0 258:1.0 
-1.0 -1.0 
-1.0 -1.0 
-1.0 -1.0 
-1.0 -1.0 
-0.0 -1.0 232:1.0 
-1.0 -1.0 
-0.05596071036589228 -1.0 52:1.0 229:1.0 
-1.0 -1.0 
-1.0 -1.0 
-1.0 -1.0 
-1.0 -1.0 
-1.0 -1.0 
-1.0 -1.0 
-1.0 -1.0 
-0.0 -1.0 61:1.0 139:1.0 
-1.0 -1.0 
-1.0 -1.0 
-1.0 -1.0 
-0.11206385418033149 -1.0 267:1.0 
-1.0 -1.0 
-1.0 -1.0 
-1.0 -1.0 
-0.0 -1.0 16:1.0 
-0.0 -1.0 154:1.0 248:1.0 
-0.0 -0.5169678092179716 53:1.0 194:1.0 
-0.0 -1.0 257:1.0 
-1.0 -1.0 
-1.0 -1.0 
-1.0 -1.0 
-1.0 -1.0 
-0.0 -1.0 255:1.0 
-0.11212631782271591 -1.0 200:1.0 
-1.0 -1.0 
-1.0 -1.0 
-1.0 -1.0 
-0.0 -1.0 162:1.0 
-1.0 -1.0 
-0.777995356840402 -1.0 14:1.0 15:1.0 
-0.1120568706795856 -1.0 34:1.0 
-0.0 -1.0 80:1.0 196:1.0 
-0.11227375683846641 -1.0 166:1.0 
-1.0 -1.0 
-1.0 -1.0 
-0.0 -1.0 201:1.0 
-0.0 -0.9916626392161684 26:1.0 73:1.0 149:1.0 
-1.0 -1.0 
-0.11210354898328384 -1.0 190:1.0 
-1.0 -1.0 
-1.0 -1.0 
-0.11208484754504912 -1.0 68:1.0 
-1.0 -1.0 
-1.0 -1.0 
-1.0 -1.0 
-1.0 -1.0 
-1.0 -1.0 
-0.11216818954843549 -1.0 31:1.0 
-0.5566082597572659 -1.0 73:1.0 146:1.0 168:1.0 
-1.0 -1.0 
-1.0 -1.0 
-1.0 -1.0 
-1.0 -1.0 
-0.0 -1.0 65:1.0 157:1.0 
-0.125 -1.0 184:1.0 
-0.11197207478991095 -1.0 255:1.0 
-0.11239637536986019 -1.0 39:1.0 
-1.0 -1.0 
-0.956187860583948 -1.0 141:1.0 274:1.0 
-1.0 -1.0 
-1.0 -1.0 
-1.0 -1.0 
-1.0 -1.0 
-1.0 -1.0 
-1.0 -1.0 
-1.0 -1.0 99:1.0 
-1.0 -1.0 
-1.0 -1.0 
-1.0 -1.0 
-1.0 -1.0 
-1.0 -1.0 
-0.0 -1.0 162:1.0 
-1.0 -1.0 
-1.0 -1.0 
-1.0 -1.0 
-1.0 -1.0 
-0.47981820054571356 -0.0 35:1.0 186:1.0 258:1.0 286:1.0 
-1.0 -1.0 
-1.0 -1.0 
-1.0 -1.0 260:1.0 
-1.0 -1.0 
-1.0 -1.0 
-0.0 -1.0 35:1.0 
-1.0 -1.0 
-0.0 -1.0 121:1.0 184:1.0 
-1.0 -1.0 
-0.1123534375743972 -1.0 69:1.0 
-0.0 -0.9996690614846304 163:1.0 
-1.0 -1.0 
-0.11203207976308993 -1.0 179:1.0 
-1.0 -1.0 
-1.0 -1.0 
-1.0 -1.0 
-1.0 -1.0 
-1.0 -1.0 
-1.0 -1.0 
-0.11231962481962482 -1.0 198:1.0 
-0.11226851851851855 -1.0 164:1.0 
-1.0 -1.0 
-0.11212444308403907 -1.0 202:1.0 
-1.0 -1.0 
-1.0 -1.0 
-0.5561466942148761 -1.0 45:1.0 197:1.0 
-0.5560288456523775 -0.9013565021416254 26:1.0 243:1.0 
-1.0 -1.0 
-1.0 -1.0 
-0.0 -0.3286228047801759 27:1.0 182:1.0 299:1.0 
-0.11204387854009062 -1.0 137:1.0 
-0.0 -1.0 231:1.0 
-1.0 -1.0 
-1.0 -1.0 
-0.11201552652604746 -1.0 245:1.0 
-1.0 -1.0 
-0.0 -1.0 14:1.0 247:1.0 
-1.0 -1.0 
-0.11235375641941298 -1.0 257:1.0 
-1.0 -1.0 171:1.0 
-0.0 -1.0 58:1.0 
-0.25439310391377185 -0.8171598154618365 106:1.0 177:1.0 
-1.0 -1.0 
-0.125 -1.0 231:1.0 
-1.0 -1.0 
-1.0 -1.0 178:1.0 
-1.0 -1.0 
-1.0 -1.0 
-1.0 -1.0 
-0.0 -1.0 232:1.0 
-0.0 -1.0 2:1.0 
-1.0 -1.0 
-1.0 -1.0 
-0.0 -0.021452880189274427 222:1.0 
-1.0 -1.0 
-1.0 -1.0 
-1.0 -1.0 
-0.0 -1.0 122:1.0 273:1.0 280:1.0 
-0.9146670821300218 -0.7499488287114824 162:1.0 171:1.0 259:1.0 264:1.0 
-0.0 -1.0 85:1.0 
-1.0 -1.0 
-1.0 -1.0 
-0.11228255042438545 -1.0 59:1.0 
-1.0 -1.0 
-0.37052368611054437 -1.0 98:1.0 176:1.0 
-1.0 -1.0 
-1.0 -1.0 
-0.0 -1.0 157:1.0 
-1.0 -1.0 
-1.0 -1.0 
-1.0 -1.0 153:1.0 
-1.0 -1.0 
-1.0 -0.3332433603990479 147:1.0 211:1.0 298:1.0 
-0.11214995656666833 -0.9996140978534398 154:1.0 
-0.125 -0.9996570644718793 224:1.0 
-1.0 -1.0 
-1.0 -1.0 
-0.05595896479699789 -0.9828151749672969 53:1.0 194:1.0 
-1.0 -1.0 
-1.0 -1.0 
-1.0 -1.0 
-1.0 -1.0 
-1.0 -1.0 
-1.0 -1.0 
-1.0 -1.0 
-1.0 -1.0 
-1.0 -1.0 
-1.0 -1.0 70:1.0 
-0.11212444308403902 -1.0 10:1.0 
-1.0 -1.0 
-1.0 -1.0 
-1.0 -1.0 189:1.0 
-1.0 -1.0 
-1.0 -1.0 
-1.0 -1.0 
-1.0 -1.0 
-0.0 -1.0 164:1.0 221:1.0 
-0.037495704572374035 -1.0 97:1.0 108:1.0 
-1.0 -1.0 
-1.0 -1.0 
-1.0 -1.0 
-1.0 -1.0 
-1.0 -1.0 
-1.0 -1.0 
-1.0 -1.0 
-1.0 -1.0 
-0.11212631782271576 -1.0 196:1.0 
-0.36796365905080447 -1.0 150:1.0 162:1.0 270:1.0 
-1.0 -1.0 
-1.0 -1.0 
-1.0 -1.0 
-1.0 -1.0 
-1.0 -1.0 
-0.348892422078253 -0.3652828624551941 56:1.0 73:1.0 177:1.0 
-0.0 -0.8228041987335996 265:1.0 
-1.0 -1.0 176:1.0 
-1.0 -1.0 
-0.9873327339047036 -1.0 184:1.0 
-1.0 -1.0 
-1.0 -1.0 
-1.0 -1.0 
-0.3705961546617835 -0.7498251301658354 84:1.0 201:1.0 208:1.0 
-1.0 -1.0 
-0.11214848306096725 -1.0 16:1.0 
-1.0 -1.0 
-0.11206385418033148 -1.0 165:1.0 
-0.0 -1.0 203:1.0 220:1.0 
-1.0 -1.0 
-1.0 -1.0 9:1.0 
-1.0 -1.0 
-1.0 -1.0 
-1.0 -1.0 
-1.0 -1.0 
-1.0 -1.0 
-1.0 -1.0 
-1.0 -1.0 
-1.0 -1.0 
-0.11206385418033149 -1.0 71:1.0 
-1.0 -1.0 
-1.0 -0.9994321575489927 229:1.0 
-1.0 -1.0 
-0.11190726851792814 -1.0 58:1.0 
-1.0 -1.0 
-0.0 -0.99965498564858 206:1.0 
-1.0 -1.0 
-0.0 -1.0 249:1.0 269:1.0 
-1.0 -1.0 
-1.0 -1.0 
-1.0 -1.0 
-1.0 -0.625 13:1.0 84:1.0 
-1.0 -1.0 
-1.0 -1.0 
-0.11220935014613803 -1.0 21:1.0 
-0.022342651724077574 -0.39676245160934653 43:1.0 158:1.0 160:1.0 281:1.0 302:1.0 
-1.0 -1.0 
-0.05593321311175908 -1.0 18:1.0 62:1.0 
-0.0 -1.0 269:1.0 
-1.0 -1.0 
-1.0 -1.0 
-1.0 -1.0 
-1.0 -1.0 
-1.0 -1.0 
-1.0 -1.0 
-1.0 -0.9995659683705368 97:1.0 
-1.0 -1.0 
-1.0 -1.0 
-1.0 -1.0 
-0.0 -1.0 265:1.0 
-1.0 -1.0 191:1.0 
-1.0 -1.0 244:1.0 
-0.1123534375743972 -1.0 85:1.0 
-1.0 -1.0 
-0.37077729076782273 -1.0 176:1.0 236:1.0 
-0.013572685447344635 -0.7593126068686602 32:1.0 113:1.0 149:1.0 228:1.0 284:1.0 313:1.0 
-0.0 -1.0 106:1.0 
-0.11231962481962486 -1.0 17:1.0 
-1.0 -1.0 
-1.0 -1.0 
-1.0 -1.0 
-1.0 -1.0 
-1.0 -1.0 
-0.1122685185185185 -1.0 232:1.0 
-0.0 -0.4998345307423152 10:1.0 71:1.0 
-0.0 -1.0 20:1.0 129:1.0 
-1.0 -1.0 
-0.11229338842975212 -1.0 88:1.0 
-0.11231962481962476 -1.0 79:1.0 
-1.0 -1.0 
-1.0 -1.0 
-1.0 -1.0 
-0.0 -1.0 203:1.0 
-1.0 -1.0 
-0.0 -0.4998000442502717 184:1.0 203:1.0 252:1.0 
-0.11197207478991086 -1.0 170:1.0 
-1.0 -1.0 
-1.0 -1.0 
-1.0 -1.0 
-0.11214848306096725 -1.0 101:1.0 
-1.0 -1.0 
-1.0 -1.0 
-1.0 -1.0 
-1.0 -1.0 
-1.0 -1.0 
-1.0 -1.0 
-1.0 -1.0 
-0.112028265545782 -1.0 156:1.0 
-0.11217884335782058 -1.0 93:1.0 
-0.11239637536986025 -1.0 223:1.0 
-0.587124604734104 -1.0 27:1.0 182:1.0 299:1.0 
-0.11217884335782058 -1.0 41:1.0 
-1.0 -1.0 
-1.0 -1.0 
-0.9867973514855352 -1.0 224:1.0 
-1.0 -1.0 258:1.0 
-0.03739302695510293 -1.0 122:1.0 273:1.0 280:1.0 
-0.0 -1.0 206:1.0 
-1.0 -1.0 
-1.0 -1.0 
-1.0 -1.0 
-1.0 -1.0 
-1.0 -1.0 
-1.0 -1.0 
-1.0 -1.0 231:1.0 
-1.0 -6.270923918445283E-5 191:1.0 204:1.0 266:1.0 
-1.0 -1.0 
-1.0 -1.0 47:1.0 
-0.0 -1.0 6:1.0 
-0.0 -0.45182832421439767 4:1.0 26:1.0 37:1.0 149:1.0 
-1.0 -1.0 
-0.03723666636985061 -0.9997642515674494 108:1.0 191:1.0 
-1.0 -1.0 99:1.0 
-1.0 -1.0 
-0.0 -1.0 37:1.0 184:1.0 
-1.0 -1.0 
-1.0 -1.0 
-1.0 -1.0 
-0.0 -1.0 209:1.0 
-1.0 -1.0 
-0.11239637536986025 -1.0 80:1.0 
-1.0 -1.0 
-1.0 -1.0 
-1.0 -1.0 
-0.7563422192725733 -1.0 182:1.0 268:1.0 
-1.0 -1.0 
-1.0 -1.0 
-1.0 -1.0 
-1.0 -1.0 
-1.0 -1.0 
-1.0 -1.0 
-1.0 -1.0 
-1.0 -1.0 
-1.0 -1.0 
-1.0 -1.0 
-1.0 -1.0 
-1.0 -1.0 
-1.0 -1.0 103:1.0 138:1.0 
-1.0 -1.0 
-0.11188638764251768 -1.0 110:1.0 
-0.0 -1.0 265:1.0 
-1.0 -0.0 74:1.0 203:1.0 
-1.0 -1.0 
-0.11226851851851855 -1.0 213:1.0 
-0.02790220021280629 -1.0 95:1.0 173:1.0 212:1.0 250:1.0 
-1.0 -1.0 
-1.0 -1.0 
-1.0 -1.0 
-1.0 -1.0 
-0.555989536299342 -0.0 12:1.0 206:1.0 
-1.0 -1.0 
-1.0 -1.0 
-0.0 -1.0 48:1.0 
-1.0 -1.0 28:1.0 
-1.0 -1.0 
-1.0 -1.0 
-1.0 -1.0 
-1.0 -1.0 
-0.25 -1.0 222:1.0 
-0.22236454887813203 -1.0 75:1.0 105:1.0 217:1.0 
-1.0 -1.0 
-0.0 -1.0 48:1.0 
-1.0 -1.0 
-1.0 -1.0 
-1.0 -1.0 
-1.0 -1.0 
-0.11231962481962483 -1.0 163:1.0 
-1.0 -1.0 
-1.0 -1.0 
-0.19980268816130803 -1.0 141:1.0 268:1.0 
-1.0 -1.0 
-0.11210354898328384 -1.0 221:1.0 
-1.0 -1.0 
-1.0 -1.0 
-1.0 -1.0 
-1.0 -1.0 231:1.0 
-1.0 -1.0 
-1.0 -1.0 
-1.0 -1.0 
-1.0 -1.0 
-1.0 -1.0 
-1.0 -1.0 
-0.5560422345144567 -0.9998274928242901 30:1.0 209:1.0 
-0.11197255328963035 -1.0 218:1.0 
-0.11205687067958564 -1.0 61:1.0 
-0.8622825504243854 -0.9781898724505845 222:1.0 
-1.0 -1.0 
-1.0 -1.0 
-1.0 -1.0 
-1.0 -1.0 
-1.0 -1.0 
-1.0 -1.0 
-1.0 -1.0 
-1.0 -1.0 
-0.0 -1.0 157:1.0 
-1.0 -1.0 
-0.0 -1.0 254:1.0 
-1.0 -1.0 
-1.0 -1.0 
-1.0 -1.0 143:1.0 
-1.0 -1.0 
-0.0 -1.0 270:1.0 
-1.0 -1.0 
-1.0 -1.0 
-1.0 -1.0 
-1.0 -1.0 
-0.010180011461406114 -0.0 32:1.0 113:1.0 174:1.0 251:1.0 279:1.0 287:1.0 313:1.0 
-1.0 -1.0 
-0.9871245364990104 -1.0 231:1.0 
-1.0 -1.0 
-1.0 -1.0 
-1.0 -1.0 83:1.0 
-1.0 -1.0 
-1.0 -1.0 
-1.0 -1.0 
-0.1121003980134741 -1.0 133:1.0 
-0.1119725532896303 -1.0 193:1.0 
-1.0 -1.0 
-1.0 -1.0 
-1.0 -1.0 
-1.0 -1.0 
-1.0 -1.0 
-1.0 -1.0 
-1.0 -1.0 
-1.0 -1.0 
-1.0 -1.0 
-1.0 -1.0 
-0.11217884335782066 -1.0 51:1.0 
-1.0 -1.0 
-1.0 -1.0 
-0.0 -0.979663684071043 217:1.0 
-1.0 -1.0 
-0.37070126013213495 -1.0 118:1.0 142:1.0 237:1.0 
-1.0 -1.0 
-0.11235375641941302 -1.0 157:1.0 
-1.0 -1.0 
-0.17938753688099063 -1.0 33:1.0 254:1.0 
-1.0 -1.0 
-0.11233273390470361 -1.0 48:1.0 
-1.0 -1.0 
-1.0 -1.0 
-1.0 -1.0 
-0.0 -1.0 73:1.0 
-1.0 -1.0 147:1.0 
-1.0 -1.0 
-1.0 -1.0 
-1.0 -1.0 87:1.0 
-1.0 -1.0 
-0.0 -1.0 265:1.0 
-1.0 -1.0 
-0.11227375683846641 -1.0 269:1.0 
-0.11216818954843542 -0.979855423251643 265:1.0 
-1.0 -0.48937688385279504 27:1.0 64:1.0 104:1.0 182:1.0 261:1.0 283:1.0 290:1.0 292:1.0 299:1.0 
-1.0 -1.0 
-0.0 -1.0 49:1.0 69:1.0 75:1.0 250:1.0 
-1.0 -1.0 230:1.0 
-1.0 -1.0 
-1.0 -1.0 
-1.0 -1.0 
-1.0 -1.0 
-1.0 -1.0 90:1.0 
-0.1120844690289135 -1.0 2:1.0 
-0.11204387854009071 -1.0 136:1.0 
-1.0 -1.0 
-0.11226851851851855 -1.0 94:1.0 
-0.015972065698250056 -1.0 55:1.0 135:1.0 181:1.0 187:1.0 277:1.0 288:1.0 303:1.0 
-1.0 -1.0 
-1.0 -1.0 
-0.11212444308403903 -1.0 6:1.0 
-1.0 -1.0 
