svm_type c_svc
kernel_type linear
nr_class 3
total_sv 1586
rho 1.0001086276772613 0.9958955787996898 -0.9995689058152349
label 2 0 1
nr_sv 419 630 537
SV
0.01 0.01 
0.01 0.01 271:1.0 
0.01 0.01 
0.01 0.01 64:1.0 125:1.0 182:1.0 261:1.0 283:1.0 292:1.0 
0.01 0.01 
0.01 0.01 99:1.0 204:1.0 
0.01 0.01 
0.01 0.01 
0.01 0.01 
0.01 0.01 
0.01 0.01 
0.01 0.01 
0.01 0.01 
0.01 0.01 
0.01 0.01 
0.01 0.01 33:1.0 115:1.0 226:1.0 258:1.0 
0.01 0.01 243:1.0 
0.01 0.01 
0.01 0.01 
0.01 0.01 
0.01 0.01 
0.01 0.01 
0.01 0.01 151:1.0 
0.01 0.01 
0.01 0.01 
0.01 0.01 47:1.0 
0.01 0.01 
0.01 0.01 
0.01 0.01 205:1.0 
0.01 0.01 
0.01 0.01 
0.01 0.01 
0.01 0.01 
0.01 0.01 
0.01 0.01 
0.01 0.01 159:1.0 177:1.0 
0.01 0.01 
0.01 0.01 77:1.0 
0.01 0.01 
0.01 0.01 
0.01 0.01 13:1.0 23:1.0 54:1.0 
0.01 0.01 
0.01 0.01 64:1.0 125:1.0 182:1.0 261:1.0 283:1.0 292:1.0 
0.01 0.01 
0.01 0.01 
0.01 0.01 
0.01 0.01 
0.01 0.01 
0.01 0.01 
0.01 0.01 
0.01 0.01 
0.01 0.01 
0.01 0.01 204:1.0 
0.01 0.01 
0.01 0.01 
0.01 0.01 
0.01 0.01 40:1.0 
0.01 0.01 
0.01 0.01 
0.01 0.01 
0.01 0.01 90:1.0 
0.01 0.01 72:1.0 92:1.0 195:1.0 278:1.0 306:1.0 
0.01 0.01 
0.01 0.01 
0.01 0.01 
0.01 0.01 74:1.0 96:1.0 
0.01 0.01 141:1.0 
0.01 0.01 99:1.0 
0.01 0.01 
0.01 0.01 
0.01 0.01 27:1.0 64:1.0 104:1.0 182:1.0 225:1.0 261:1.0 283:1.0 290:1.0 292:1.0 299:1.0 
0.01 0.01 15:1.0 125:1.0 
0.01 0.01 
0.01 0.01 
0.01 0.01 
0.01 0.01 15:1.0 19:1.0 
0.01 0.01 
0.01 0.01 139:1.0 
0.01 0.01 
0.01 0.01 
0.01 0.01 
0.01 0.01 
0.01 0.01 
0.01 0.01 
0.01 0.01 
0.01 0.01 
0.01 0.01 
0.01 0.01 
0.01 0.01 
0.01 0.01 230:1.0 
0.01 0.01 74:1.0 258:1.0 
0.01 0.01 266:1.0 
0.01 0.01 27:1.0 64:1.0 104:1.0 182:1.0 261:1.0 283:1.0 290:1.0 292:1.0 299:1.0 
0.01 0.01 
0.01 0.01 266:1.0 
0.01 0.01 
0.01 0.01 
0.01 0.01 13:1.0 103:1.0 
0.01 0.01 12:1.0 
0.01 0.01 19:1.0 
0.01 0.01 
0.01 0.01 219:1.0 
0.01 0.01 
0.01 0.01 74:1.0 
0.01 0.01 
0.01 0.01 
0.01 0.01 
0.01 0.01 90:1.0 
0.01 0.01 
0.01 0.01 
0.01 0.01 
0.01 0.01 
0.01 0.01 
0.01 0.01 
0.01 0.01 
0.01 0.01 150:1.0 168:1.0 
0.01 0.01 64:1.0 
0.01 0.01 
0.01 0.01 
0.01 0.01 
0.01 0.01 
0.01 0.01 125:1.0 
0.01 0.01 
0.01 0.01 
0.01 0.01 
0.01 0.01 22:1.0 60:1.0 
0.01 0.01 
0.01 0.01 
0.01 0.01 
0.01 0.01 224:1.0 
0.01 0.01 
0.01 0.01 
0.01 0.01 45:1.0 
0.01 0.01 
0.01 0.01 
0.01 0.01 25:1.0 
0.01 0.01 
0.01 0.01 
0.01 0.01 
0.01 0.01 
0.01 0.01 
0.01 0.01 
0.01 0.01 86:1.0 109:1.0 242:1.0 300:1.0 305:1.0 
0.01 0.01 244:1.0 
0.01 0.01 
0.01 0.01 
0.01 0.01 
0.01 0.01 
0.01 0.01 
0.01 0.01 
0.01 0.01 
0.01 0.01 
0.01 0.01 
0.01 0.01 
0.01 0.01 66:1.0 258:1.0 
0.01 0.01 
0.01 0.01 
0.01 0.01 
0.01 0.01 
0.01 0.01 8:1.0 9:1.0 
0.01 0.01 231:1.0 
0.01 0.01 8:1.0 9:1.0 189:1.0 
0.01 0.01 191:1.0 
0.01 0.01 
0.01 0.01 15:1.0 
0.01 0.01 70:1.0 
0.01 0.01 83:1.0 84:1.0 
0.01 0.01 147:1.0 211:1.0 298:1.0 
0.01 0.01 105:1.0 117:1.0 
0.01 0.01 191:1.0 
0.01 0.01 89:1.0 162:1.0 231:1.0 
0.01 0.01 
0.01 0.01 
0.01 0.01 184:1.0 
0.01 0.01 159:1.0 
0.01 0.01 264:1.0 
0.01 0.01 151:1.0 
0.01 0.01 89:1.0 
0.01 0.01 
0.01 0.01 
0.01 0.01 
0.01 0.01 30:1.0 89:1.0 
0.01 0.01 
0.01 0.01 
0.01 0.01 
0.01 0.01 
0.01 0.01 143:1.0 182:1.0 225:1.0 261:1.0 283:1.0 
0.01 0.01 132:1.0 
0.01 0.01 
0.01 0.01 153:1.0 
0.01 0.01 
0.01 0.01 
0.01 0.01 
0.01 0.01 
0.01 0.01 
0.01 0.01 
0.01 0.01 171:1.0 
0.01 0.01 
0.01 0.01 229:1.0 
0.01 0.01 
0.01 0.01 
0.01 0.01 143:1.0 
0.01 0.01 
0.01 0.01 
0.01 0.01 
0.01 0.01 246:1.0 
0.01 0.01 
0.01 0.01 
0.01 0.01 
0.01 0.01 97:1.0 
0.01 0.01 258:1.0 
0.01 0.01 22:1.0 115:1.0 
0.01 0.01 
0.01 0.01 182:1.0 
0.01 0.01 
0.01 0.01 74:1.0 
0.01 0.01 
0.01 0.01 
0.01 0.01 145:1.0 
0.01 0.01 
0.01 0.01 143:1.0 
0.01 0.01 
0.01 0.01 
0.01 0.01 204:1.0 
0.01 0.01 
0.01 0.01 260:1.0 
0.01 0.01 
0.01 0.01 211:1.0 
0.01 0.01 
0.01 0.01 56:1.0 
0.01 0.01 
0.01 0.01 
0.01 0.01 131:1.0 239:1.0 
0.01 0.01 
0.01 0.01 
0.01 0.01 96:1.0 171:1.0 
0.01 0.01 141:1.0 
0.01 0.01 
0.01 0.01 64:1.0 103:1.0 104:1.0 130:1.0 282:1.0 290:1.0 297:1.0 
0.01 0.01 
0.01 0.01 
0.01 0.01 13:1.0 23:1.0 54:1.0 64:1.0 130:1.0 282:1.0 
0.01 0.01 56:1.0 176:1.0 
0.01 0.01 
0.01 0.01 
0.01 0.01 
0.01 0.01 175:1.0 182:1.0 
0.01 0.01 
0.01 0.01 176:1.0 
0.01 0.01 260:1.0 
0.01 0.01 
0.01 0.01 
0.01 0.01 
0.01 0.01 
0.01 0.01 
0.01 0.01 231:1.0 
0.01 0.01 
0.01 0.01 
0.01 0.01 
0.01 0.01 
0.01 0.01 
0.01 0.01 86:1.0 109:1.0 242:1.0 300:1.0 305:1.0 
0.01 0.01 
0.01 0.01 103:1.0 
0.01 0.01 
0.01 0.01 
0.01 0.01 208:1.0 
0.01 0.01 
0.01 0.01 
0.01 0.01 
0.01 0.01 
0.01 0.01 168:1.0 
0.01 0.01 24:1.0 60:1.0 
0.01 0.01 
0.01 0.01 
0.01 0.01 24:1.0 
0.01 0.01 24:1.0 
0.01 0.01 
0.01 0.01 
0.01 0.01 
0.01 0.01 
0.01 0.01 
0.01 0.01 
0.01 0.01 
0.01 0.01 260:1.0 
0.01 0.01 
0.01 0.01 
0.01 0.01 
0.01 0.01 
0.01 0.01 60:1.0 114:1.0 
0.01 0.01 
0.01 0.01 
0.01 0.01 
0.01 0.01 
0.01 0.01 
0.01 0.01 
0.01 0.01 264:1.0 
0.01 0.01 260:1.0 
0.01 0.01 126:1.0 
0.01 0.01 
0.01 0.01 28:1.0 258:1.0 
0.01 0.01 
0.01 0.01 
0.01 0.01 78:1.0 
0.01 0.01 
0.01 0.01 
0.01 0.01 22:1.0 90:1.0 115:1.0 
0.01 0.01 
0.01 0.01 
0.01 0.01 
0.01 0.01 
0.01 0.01 144:1.0 
0.01 0.01 
0.01 0.01 
0.01 0.01 
0.01 0.01 
0.01 0.01 
0.01 0.01 
0.01 0.01 204:1.0 226:1.0 
0.01 0.01 
0.01 0.01 
0.01 0.01 60:1.0 233:1.0 
0.01 0.01 256:1.0 307:1.0 
0.01 0.01 
0.01 0.01 246:1.0 
0.01 0.01 
0.01 0.01 
0.01 0.01 
0.01 0.01 207:1.0 
0.01 0.01 
0.01 0.01 72:1.0 92:1.0 195:1.0 278:1.0 306:1.0 
0.01 0.01 18:1.0 
0.01 0.01 178:1.0 
0.01 0.01 117:1.0 
0.01 0.01 
0.01 0.01 
0.01 0.01 
0.01 0.01 
0.01 0.01 96:1.0 
0.01 0.01 
0.01 0.01 258:1.0 
0.01 0.01 
0.01 0.01 
0.01 0.01 
0.01 0.01 
0.01 0.01 
0.01 0.01 
0.01 0.01 
0.01 0.01 
0.01 0.01 
0.01 0.01 
0.01 0.01 
0.01 0.01 
0.01 0.01 72:1.0 92:1.0 195:1.0 278:1.0 306:1.0 
0.01 0.01 
0.01 0.01 
0.01 0.01 
0.01 0.01 
0.01 0.01 
0.01 0.01 
0.01 0.01 
0.01 0.01 
0.01 0.01 
0.01 0.01 
0.01 0.01 
0.01 0.01 54:1.0 
0.01 0.01 3:1.0 
0.01 0.01 
0.01 0.01 
0.01 0.01 30:1.0 
0.01 0.01 
0.01 0.01 
0.01 0.01 
0.01 0.01 
0.01 0.01 
0.01 0.01 
0.01 0.01 
0.01 0.01 
0.01 0.01 67:1.0 147:1.0 
0.01 0.01 
0.01 0.01 
0.01 0.01 271:1.0 
0.01 0.01 47:1.0 
0.01 0.01 
0.01 0.01 142:1.0 
0.01 0.01 
0.01 0.01 
0.01 0.01 
0.01 0.01 
0.01 0.01 
0.01 0.01 
0.01 0.01 
0.01 0.01 
0.01 0.01 
0.01 0.01 
0.01 0.01 67:1.0 
0.01 0.01 
0.01 0.01 
0.01 0.01 
0.01 0.01 87:1.0 
0.01 0.01 
0.01 0.01 
0.01 0.01 102:1.0 
0.01 0.01 
0.01 0.01 147:1.0 211:1.0 298:1.0 
0.01 0.01 
0.01 0.01 
0.01 0.01 
0.01 0.01 
0.01 0.01 222:1.0 
0.01 0.01 
0.01 0.01 
0.01 0.01 
0.01 0.01 
0.01 0.01 3:1.0 
0.01 0.01 
0.01 0.01 
0.01 0.01 
0.01 0.01 
-0.01 0.01 83:1.0 
-0.0 0.01 184:1.0 259:1.0 
-0.01 0.01 99:1.0 
-0.0 0.01 194:1.0 
-0.0 0.005000000000000041 136:1.0 183:1.0 
-0.01 0.0 233:1.0 
-0.01 0.0 8:1.0 
-0.01 0.0 19:1.0 151:1.0 
-0.0 0.00881127251052527 6:1.0 88:1.0 192:1.0 269:1.0 
-0.0 0.01 61:1.0 139:1.0 234:1.0 
-0.0 0.01 257:1.0 265:1.0 
-0.0 0.01 62:1.0 
-0.0 0.01 184:1.0 203:1.0 252:1.0 
-0.0 0.005284263868847301 38:1.0 73:1.0 
-0.0 0.01 193:1.0 
-0.01 0.0077777777777777845 27:1.0 50:1.0 182:1.0 299:1.0 304:1.0 
-0.01 0.0 117:1.0 
-0.01 0.0 226:1.0 
-0.01 0.0 168:1.0 
-0.0 0.01 2:1.0 
-0.0 0.01 140:1.0 223:1.0 
-0.0 0.01 16:1.0 
-0.01 0.0023550359320505952 64:1.0 103:1.0 130:1.0 189:1.0 282:1.0 297:1.0 
-0.01 0.01 87:1.0 
-0.0 0.01 196:1.0 
-0.002230699050453533 0.01 143:1.0 267:1.0 
-0.00796116020813086 0.008659568741697848 27:1.0 50:1.0 182:1.0 299:1.0 304:1.0 
-0.0050000000000000044 0.005000000000000041 150:1.0 218:1.0 
-0.0 0.01 73:1.0 
-0.01 0.0 125:1.0 
-0.01 0.01 182:1.0 
-0.01 0.01 30:1.0 230:1.0 
-0.0 0.01 129:1.0 
-0.0 0.01 157:1.0 
-0.01 0.0 143:1.0 
-0.0 0.01 164:1.0 
-0.0 0.0012499999999999734 
-0.0 0.01 
-0.0 0.01 
-0.0 0.01 
-0.0 0.01 
-0.0 0.01 
-0.0 0.01 
-0.0 0.01 
-0.01 0.005163094171669919 15:1.0 34:1.0 175:1.0 
-0.0 0.0012499999999999734 21:1.0 
-0.0 0.01 
-0.0 0.01 
-0.0 0.01 
-0.0 0.00948151796616084 121:1.0 198:1.0 
-0.0 0.01 
-0.0 0.01 
-0.0 0.01 
-0.0 0.01 
-0.0 0.01 
-0.0 0.01 
-0.0 0.0025000000000000022 133:1.0 
-0.0 0.01 
-0.01 0.01 28:1.0 
-0.0 0.01 118:1.0 
-0.0 0.01 
-0.0 0.001611454996807371 49:1.0 122:1.0 
-0.0 0.01 
-0.0 0.01 73:1.0 149:1.0 228:1.0 284:1.0 
-0.01 0.0 67:1.0 114:1.0 
-0.01 0.01 204:1.0 
-0.0 0.01 
-0.0 0.01 
-0.0 0.01 
-0.0 0.01 20:1.0 129:1.0 
-0.0 0.01 
-0.0 0.01 
-0.0 0.01 
-0.0 0.01 
-0.0 0.01 
-0.0 0.01 
-0.0 0.01 
-0.0 5.346094097946802E-4 214:1.0 
-0.0 0.01 
-0.0 0.01 
-0.01 3.546520921307767E-4 246:1.0 
-0.0 0.01 
-0.0 0.0050000000000000044 237:1.0 
-0.01 0.008731802721088418 141:1.0 
-0.0 0.0050000000000000044 248:1.0 
-0.0 0.01 
-0.0 0.01 
-0.0 0.01 
-0.0 0.01 
-0.0 0.01 
-0.0 0.01 
-0.0 0.01 
-0.0 0.01 
-0.0 0.01 
-0.0 0.01 
-0.0 0.01 
-0.0 0.01 
-0.0 0.01 
-0.0 0.01 
-0.0 0.01 
-0.0 8.392966160824015E-5 51:1.0 65:1.0 199:1.0 
-0.0 0.01 231:1.0 
-0.0 0.01 
-0.0 0.0013650892523114672 38:1.0 49:1.0 73:1.0 236:1.0 
-0.0 0.01 
-0.01 1.0582010582011554E-4 86:1.0 109:1.0 242:1.0 300:1.0 305:1.0 
-0.0 0.01 
-0.0 0.01 85:1.0 
-0.01 0.01 184:1.0 
-0.0 0.01 
-0.0 0.01 
-0.0 0.01 
-0.01 0.01 
-0.0 0.008698412698412716 155:1.0 270:1.0 
-0.01 0.01 
-0.01 0.01 
-0.01 0.01 
-0.01 0.01 
-0.01 0.01 
-0.01 0.01 
-0.0 0.01 66:1.0 106:1.0 157:1.0 
-0.01 0.01 
-0.01 0.01 
-0.01 0.0 159:1.0 
-0.01 0.01 
-0.01 0.01 
-0.0 0.01 26:1.0 69:1.0 
-0.01 0.0 90:1.0 
-0.01 0.01 
-0.01 0.01 
-0.01 0.01 
-0.01 0.01 260:1.0 
-0.01 0.01 
-0.01 0.01 
-0.01 0.0 117:1.0 
-2.2259424603177395E-4 0.0 29:1.0 91:1.0 120:1.0 131:1.0 167:1.0 185:1.0 216:1.0 235:1.0 253:1.0 285:1.0 291:1.0 294:1.0 301:1.0 309:1.0 312:1.0 
-0.0 0.0040238455165708805 138:1.0 227:1.0 232:1.0 
-0.01 0.01 
-0.01 0.01 
-0.01 0.01 
-0.01 0.01 
-0.0 0.009374999999999958 21:1.0 
-0.01 0.01 
-0.01 0.01 
-0.01 0.01 
-0.003333333333333327 0.0028309355459355725 179:1.0 227:1.0 243:1.0 
-0.0 3.253968253969139E-4 238:1.0 
-0.01 0.0 145:1.0 
-0.01 0.01 
-0.01 0.01 
-0.01 0.01 
-0.01 0.01 
-0.0 0.006908842774289206 255:1.0 
-0.01 0.01 
-0.01 0.01 
-0.01 0.01 
-0.01 0.01 
-0.01 0.01 
-0.01 0.01 
-0.01 0.01 
-0.01 0.01 
-0.0 0.01 176:1.0 
-0.01 0.01 
-0.0 0.0046054044508211656 269:1.0 
-0.01 0.01 
-0.01 0.01 
-0.0020316043083899926 0.0 143:1.0 215:1.0 
-0.0 0.004018403868211326 75:1.0 
-0.0 0.01 138:1.0 184:1.0 
-0.01 0.01 
-0.0 0.006701293757682683 59:1.0 73:1.0 
-0.01 0.01 
-0.01 0.01 
-0.01 0.01 90:1.0 
-0.0 0.00812500000000004 133:1.0 
-0.0 0.01 37:1.0 
-0.0 0.01 122:1.0 273:1.0 280:1.0 
-0.01 0.01 
-0.01 0.01 
-0.01 0.01 
-0.01 0.01 
-0.0 6.250000000000335E-4 249:1.0 
-0.01 0.01 
-0.01 0.01 139:1.0 
-0.01 0.01 
-0.01 0.01 
-0.01 0.00801389593312671 46:1.0 64:1.0 104:1.0 166:1.0 182:1.0 225:1.0 261:1.0 283:1.0 290:1.0 292:1.0 
-0.01 0.01 
-0.0 0.0031978144078144057 108:1.0 269:1.0 
-0.01 6.250000000000422E-4 271:1.0 
-0.01 0.01 
-0.01 0.01 
-0.01 0.01 
-0.01 0.01 
-0.01 0.01 
-0.01 0.01 
-0.0 0.01 51:1.0 68:1.0 
-0.00500000000000006 0.0028523809523809396 18:1.0 67:1.0 123:1.0 
-0.01 0.01 
-0.01 0.01 
-0.01 0.01 
-0.01 0.01 
-0.01 0.01 
-0.0 0.01 249:1.0 265:1.0 
-0.0 2.49353121158653E-4 11:1.0 152:1.0 161:1.0 170:1.0 
-0.004999999999999973 0.005267304704897289 25:1.0 197:1.0 
-0.01 0.01 
-0.01 0.01 
-0.01 0.01 
-0.01 0.01 
-0.0 0.01 269:1.0 
-0.01 0.01 
-0.01 0.01 
-0.01 0.01 
-0.01 0.01 
-0.01 0.01 
-0.01 0.01 
-0.01 0.01 
-0.01 0.01 
-0.01 6.250000000000422E-4 219:1.0 
-0.01 0.01 
-0.01 0.01 
-0.0 0.01 254:1.0 
-0.01 0.01 
-0.01 0.01 
-0.01 0.01 
-0.01 0.01 
-0.01 0.01 
-0.01 0.01 
-0.01 0.01 
-0.01 0.01 
-0.01 0.01 
-0.0 0.01 212:1.0 
-0.01 0.01 
-0.01 0.01 
-0.0 0.01 200:1.0 
-0.01 0.01 
-0.0 1.46367533234548E-4 68:1.0 212:1.0 
-0.01 0.01 
-0.0 6.250000000000335E-4 252:1.0 
-0.01 0.01 
-0.0 6.250000000000422E-4 134:1.0 
-0.01 0.01 
-0.01 0.01 
-0.01 0.01 
-0.0 0.008024691358024704 111:1.0 201:1.0 
-0.0 0.01 58:1.0 116:1.0 
-0.01 0.01 
-0.01 0.01 
-0.0 0.01 67:1.0 75:1.0 91:1.0 265:1.0 
-0.01 0.01 
-0.01 0.01 
-0.01 0.01 
-0.01 0.01 
-0.0 6.250000000000335E-4 57:1.0 
-0.01 0.01 
-0.0 5.927328843994724E-4 213:1.0 
-0.01 0.01 
-0.01 0.01 
-0.0 6.250000000000335E-4 200:1.0 
-0.0 0.01 55:1.0 135:1.0 181:1.0 187:1.0 277:1.0 288:1.0 303:1.0 
-0.01 0.01 
-0.01 0.01 
-0.01 0.01 
-0.01 0.01 
-0.0 0.005000680272108862 173:1.0 
-0.01 0.01 
-0.01 0.01 
-0.0 0.01 276:1.0 
-0.01 0.01 
-0.01 0.01 
-0.01 0.01 99:1.0 
-0.01 0.01 
-0.01 0.01 
-0.01 0.01 
-0.01 0.01 
-0.01 0.01 
-0.01 0.01 
-0.01 0.01 
-0.01 0.01 
-0.01 0.01 
-0.004999999999999955 0.005198599240265911 66:1.0 110:1.0 
-0.0 0.01 51:1.0 
-0.0 0.01 80:1.0 
-0.01 0.01 
-0.01 0.01 
-0.01 0.01 176:1.0 
-0.01 0.01 
-0.01 0.01 
-0.01 0.01 
-0.01 0.01 
-0.01 0.01 
-0.0 0.01 247:1.0 
-0.01 0.01 33:1.0 
-0.01 0.01 
-0.01 0.01 
-0.01 0.01 
-0.01 0.01 
-0.004957682291666615 0.0 67:1.0 
-0.0 0.0029285714285714037 7:1.0 119:1.0 270:1.0 310:1.0 
-0.01 0.01 
-0.01 0.01 
-0.0 0.01 165:1.0 
-0.01 0.01 
-0.01 0.01 
-0.01 0.01 
-0.01 0.01 
-0.01 0.01 143:1.0 
-0.01 0.01 
-0.0 0.005237336326225242 85:1.0 117:1.0 
-0.01 0.01 
-1.0110189909300603E-4 6.250000000000509E-4 102:1.0 
-0.01 0.01 
-0.01 0.01 
-0.01 0.01 
-0.01 0.01 
-0.01 0.01 115:1.0 
-0.01 0.01 
-0.01 0.01 
-0.01 0.009480939298796445 141:1.0 
-0.0 0.005406270945237232 127:1.0 215:1.0 232:1.0 
-0.01 0.01 
-0.0 0.01 250:1.0 
-0.01 0.01 
-0.01 0.01 
-0.01 0.01 
-0.01 0.01 
-0.0 0.01 268:1.0 
-0.01 0.01 
-0.01 0.01 
-0.01 0.01 
-0.01 0.01 
-0.01 0.01 
-0.01 0.01 
-0.0 0.01 93:1.0 
-0.01 0.01 
-0.01 0.01 
-0.01 0.01 
-0.01 0.01 
-0.01 6.250000000000335E-4 207:1.0 
-0.01 0.01 
-0.01 0.01 
-0.01 0.01 
-0.0 0.01 164:1.0 
-0.0 2.70033670033696E-4 31:1.0 244:1.0 
-0.01 0.01 
-0.01 0.01 
-0.01 0.01 
-0.01 0.01 
-0.01 0.01 
-0.01 0.01 
-0.01 0.01 
-0.01 0.01 
-0.01 0.01 
-0.01 0.01 
-0.01 0.01 
-0.01 0.01 
-0.0 0.01 17:1.0 220:1.0 
-0.01 0.01 
-0.01 0.01 
-0.0 2.145442520424569E-5 172:1.0 
-0.01 0.01 
-0.01 0.01 
-0.01 0.01 
-0.0 6.250000000000335E-4 276:1.0 
-0.01 0.01 
-0.0 0.01 95:1.0 
-0.01 0.01 178:1.0 
-0.01 0.01 
-0.0 0.01 4:1.0 52:1.0 255:1.0 
-0.01 0.01 
-0.01 0.01 
-0.0 0.01 269:1.0 
-0.01 0.01 
-0.01 0.01 
-0.01 0.01 
-0.01 0.01 
-0.01 0.01 56:1.0 157:1.0 
-0.01 0.01 
-0.01 0.01 
-0.01 0.01 
-0.0 1.287878787878732E-4 55:1.0 135:1.0 181:1.0 187:1.0 277:1.0 288:1.0 303:1.0 
-0.01 0.01 
-0.01 0.01 
-0.0 2.5972222222222195E-4 76:1.0 112:1.0 311:1.0 
-0.01 0.01 
-0.0 6.250000000000509E-4 188:1.0 
-0.01 0.01 
-0.01 0.01 
-0.01 0.01 
-0.0 0.01 39:1.0 
-0.0 0.01 108:1.0 
-0.01 0.01 
-0.01 0.01 
-0.01 0.01 
-0.01 0.01 
-0.01 0.01 
-0.01 0.01 
-0.01 0.01 
-0.009854166666666664 0.003459821428571426 9:1.0 42:1.0 78:1.0 
-0.01 0.01 
-0.01 0.01 
-0.01 0.01 
-0.01 0.01 
-0.01 0.01 
-0.0 0.0026830125288542636 107:1.0 114:1.0 180:1.0 231:1.0 
-0.01 0.01 
-0.01 0.01 
-0.01 0.01 
-0.0 0.00954497024922954 41:1.0 236:1.0 
-0.0 0.01 170:1.0 
-0.01 0.01 
-0.0011467013888889117 0.0 59:1.0 143:1.0 272:1.0 
-0.01 0.01 
-0.01 0.01 
-0.01 0.01 105:1.0 
-0.0 0.01 162:1.0 
-0.0 0.01 250:1.0 
-0.01 0.01 
-0.0 0.01 162:1.0 168:1.0 
-0.01 6.250000000000335E-4 126:1.0 
-0.01 0.01 
-0.01 0.01 
-0.01 0.01 176:1.0 
-0.0 0.0014611123135691907 35:1.0 46:1.0 88:1.0 186:1.0 286:1.0 
-0.0 0.003940906535494873 156:1.0 
-0.01 0.01 
-0.01 0.01 
-0.0 6.250000000000422E-4 262:1.0 
-0.01 0.01 
-0.01 0.01 
-0.01 0.01 244:1.0 
-0.01 0.01 162:1.0 
-0.01 0.01 
-0.0 0.01 35:1.0 
-0.01 0.01 
-0.0 0.008046792713459344 189:1.0 
-0.01 0.01 
-0.01 0.01 
-0.01 0.01 
-0.0 6.235690301757413E-4 241:1.0 
-0.01 0.01 48:1.0 264:1.0 
-0.01 0.01 
-0.01 0.01 
-0.01 0.01 
-0.0 0.005625000000000038 248:1.0 
-0.01 0.01 
-0.01 0.01 
-0.01 0.01 
-0.01 0.01 
-0.01 0.01 
-0.01 0.01 
-0.01 0.01 
-0.01 0.01 
-0.01 0.01 
-0.01 0.01 
-0.01 0.01 
-0.0 0.0072788295831153 108:1.0 
-0.0 0.01 82:1.0 
-0.01 0.01 
-0.01 0.01 
-0.01 0.01 142:1.0 
-0.01 0.01 
-0.01 0.01 
-0.0 0.002275353218210363 88:1.0 123:1.0 141:1.0 274:1.0 
-0.01 0.01 
-0.01 0.01 
-0.01 0.01 
-0.0 4.629629629629545E-5 44:1.0 100:1.0 124:1.0 295:1.0 308:1.0 
-0.01 0.01 231:1.0 
-0.01 0.01 
-0.01 0.01 
-0.01 6.250000000000422E-4 90:1.0 
-0.01 0.01 
-0.01 0.01 
-0.01 0.01 
-0.01 0.01 
-0.01 0.01 
-0.01 0.01 
-0.01 0.01 
-0.01 0.01 
-0.01 0.01 
-0.01 0.01 
-0.0 2.0647070781910638E-4 272:1.0 
-0.0 2.3832199546486548E-4 33:1.0 145:1.0 
-0.0 0.003557959401709415 149:1.0 228:1.0 284:1.0 
-0.01 2.0062853050495377E-4 40:1.0 
-0.01 0.01 
-0.0 0.01 196:1.0 213:1.0 
-0.0 0.005042403775395166 237:1.0 
-0.0 0.01 146:1.0 
-0.01 0.01 
-0.01 0.01 
-0.01 0.01 
-0.01 0.01 
-0.009852349570780678 0.01 45:1.0 102:1.0 
-0.01 0.01 
-0.01 0.01 
-0.0 2.2412481345819544E-4 20:1.0 
-0.0 2.51788984824761E-4 81:1.0 
-0.0 0.005071080960189996 36:1.0 169:1.0 173:1.0 202:1.0 293:1.0 
-0.01 1.9090423888962923E-4 168:1.0 
-0.01 0.01 
-0.0 5.597133917669417E-4 5:1.0 121:1.0 198:1.0 
-0.01 0.01 
-0.0 6.249999999999954E-4 148:1.0 
-0.01 0.01 
-0.01 0.01 231:1.0 
-0.01 0.01 
-0.01 0.01 
-0.01 0.01 
-0.01 0.01 
-0.0 0.01 218:1.0 221:1.0 
-0.01 0.01 
-0.01 0.01 
-0.01 0.01 
-0.01 0.01 
-0.01 0.01 
-0.01 0.01 
-0.01 0.01 
-0.01 0.01 
-0.01 0.01 
-0.01 0.01 
-0.0 0.01 14:1.0 
-0.01 0.01 
-0.01 0.01 
-0.0022306990504535242 0.0 119:1.0 143:1.0 
-0.01 0.01 
-0.01 0.01 
-0.01 0.01 
-0.01 0.01 
-0.01 0.01 
-0.01 0.01 
-0.01 0.01 
-0.01 0.01 
-0.0 3.971984805318342E-4 128:1.0 
-0.01 0.01 
-0.01 0.01 
-0.01 0.01 
-0.0 0.01 149:1.0 
-0.01 0.01 
-0.01 0.01 
-0.01 0.01 
-0.01 0.01 
-0.01 0.01 
-0.01 0.01 
-0.01 0.01 
-0.01 0.01 
-0.01 0.01 
-0.01 0.01 
-0.01 0.01 
-0.01 0.01 
-0.0 0.01 59:1.0 232:1.0 
-0.01 0.01 
-0.01 0.01 
-0.0 0.01 101:1.0 
-0.01 0.01 
-0.01 0.01 
-0.0 0.01 94:1.0 
-0.01 0.01 
-0.01 3.703703703703629E-4 77:1.0 
-0.01 0.01 
-0.01 0.01 
-0.01 0.01 
-0.01 0.01 
-0.01 0.01 
-0.0 5.112591575091683E-4 220:1.0 
-0.01 0.01 
-0.0 0.01 31:1.0 
-0.01 0.01 208:1.0 231:1.0 
-0.01 0.01 
-0.01 0.01 
-0.01 0.01 
-0.01 0.01 
-0.01 0.01 
-0.01 0.01 
-0.01 0.01 
-0.0 0.01 190:1.0 
-0.0 3.7946428571438286E-4 63:1.0 
-0.01 0.01 
-0.01 0.01 
-0.01 0.01 
-0.01 0.01 
-0.0 0.01 65:1.0 137:1.0 
-0.01 0.01 
-0.01 0.01 
-0.01 0.01 
-0.01 0.0 151:1.0 
-0.01 0.01 
-0.01 0.01 
-0.01 0.01 
-0.01 4.550297507705439E-4 132:1.0 
-0.01 0.01 
-0.01 0.01 
-0.0 0.005081020869719741 34:1.0 
-0.0 0.009639568346204747 122:1.0 273:1.0 280:1.0 
-0.0 0.0034216962753027954 255:1.0 269:1.0 
-0.01 0.01 
-0.01 0.01 
-0.0 4.7467265245051043E-4 190:1.0 
-0.01 0.01 
-0.01 2.3148148148153616E-4 239:1.0 
-0.01 0.01 
-0.0 0.0075207664853407605 179:1.0 
-0.0 0.01 85:1.0 
-0.01 0.01 
-0.0 5.11259157509214E-4 39:1.0 
-0.01 0.01 
-0.01 0.01 
-0.01 0.01 
-0.01 0.01 
-0.01 0.01 205:1.0 
-0.0010779079861111206 1.0370370370371826E-4 29:1.0 120:1.0 131:1.0 167:1.0 185:1.0 263:1.0 296:1.0 312:1.0 
-0.0 5.291005291005272E-4 82:1.0 
-0.0 1.3939393939400337E-4 146:1.0 
-0.0 0.0045811770451770605 35:1.0 111:1.0 186:1.0 286:1.0 
-0.01 0.01 
-0.01 5.40067340067322E-4 144:1.0 
-0.01 0.01 
-0.0 3.116370580305376E-4 151:1.0 
-0.01 0.01 
-0.01 0.01 
-0.0050000000000000044 0.0 46:1.0 103:1.0 130:1.0 297:1.0 
-0.01 0.01 
-0.0 0.006502525941335105 49:1.0 75:1.0 156:1.0 
-0.0 0.00518518518518521 1:1.0 98:1.0 
-0.01 0.01 
-0.0 0.01 
-0.0 0.01 
-0.0 0.01 71:1.0 197:1.0 270:1.0 
-0.01 -0.01 
-0.01 -0.01 
-0.01 -0.01 
-0.01 -0.01 
-0.01 -0.01 23:1.0 
-0.01 -0.01 
-0.01 -0.01 
-0.0 -0.01 85:1.0 
-0.01 -0.01 18:1.0 
-0.01 -0.01 
-0.01 -0.01 
-0.01 -0.01 
-0.01 -0.01 
-0.01 -0.01 
-0.01 -0.01 
-0.01 -0.01 
-0.01 -0.01 56:1.0 
-0.01 -0.01 
-0.01 -0.01 205:1.0 
-0.01 -0.01 
-0.01 -0.01 
-0.01 -0.01 
-0.003750000000000031 -0.01 129:1.0 
-0.0 -0.01 265:1.0 
-0.01 -0.01 24:1.0 
-0.01 -0.01 
-0.0 -0.01 51:1.0 
-0.01 -0.01 
-0.01 -0.01 
-0.0 -0.01 43:1.0 158:1.0 160:1.0 281:1.0 302:1.0 
-0.01 -0.01 
-0.01 -0.01 
-0.01 -0.01 
-0.01 -0.01 
-0.01 -0.01 
-0.01 -0.01 139:1.0 
-0.01 -0.01 
-0.01 -0.01 
-0.01 -0.01 
-0.01 -0.01 
-0.01 -0.01 
-0.003750000000000031 -0.01 276:1.0 
-0.01 -0.01 82:1.0 143:1.0 
-0.01 -0.01 
-0.0 -0.01 203:1.0 
-0.0 -0.01 223:1.0 
-0.01 -0.01 
-0.01 -0.01 
-0.01 -0.01 
-0.0 -0.01 217:1.0 
-0.01 -0.01 
-0.01 -0.01 102:1.0 
-0.01 -0.01 
-0.01 -0.01 
-0.01 -0.01 25:1.0 
-0.01 -0.01 
-0.01 -0.01 115:1.0 258:1.0 
-0.01 -0.01 
-0.01 -0.01 
-0.01 -0.01 
-0.01 -0.01 
-0.0 -0.01 232:1.0 
-0.01 -0.01 
-0.0022222222222222365 -0.01 52:1.0 229:1.0 
-0.01 -0.01 
-0.01 -0.01 
-0.01 -0.01 
-0.0 -0.01 154:1.0 265:1.0 
-0.01 -0.01 
-0.01 -0.01 
-0.01 -0.01 
-0.01 -0.01 
-0.0 -0.01 61:1.0 139:1.0 
-0.01 -0.01 
-0.01 -0.01 
-0.01 -0.01 
-0.003750000000000031 -0.01 267:1.0 
-0.01 -0.01 
-0.01 -0.01 
-0.01 -0.01 
-0.0 -0.01 16:1.0 
-0.0 -0.01 154:1.0 248:1.0 
-0.0 -0.01 53:1.0 194:1.0 
-0.0 -0.01 257:1.0 
-0.01 -0.01 
-0.01 -0.01 
-0.01 -0.01 
-0.01 -0.01 
-0.0 -0.01 255:1.0 
-0.003888888888888886 -0.01 200:1.0 
-0.01 -0.01 
-0.01 -0.01 
-0.01 -0.01 
-0.0 -0.01 162:1.0 
-0.01 -0.01 
-0.01 -0.01 14:1.0 15:1.0 
-0.0038678075396826146 -0.01 34:1.0 
-0.0 -0.01 80:1.0 196:1.0 
-0.003750000000000031 -0.01 166:1.0 
-0.01 -0.01 
-0.01 -0.01 
-0.0 -0.01 201:1.0 
-0.0 -0.01 26:1.0 73:1.0 149:1.0 
-0.01 -0.01 
-0.0037962962962962976 -0.01 190:1.0 
-0.01 -0.01 
-0.01 -0.01 
-0.004166666666666652 -0.01 68:1.0 
-0.01 -0.01 
-0.01 -0.01 
-0.01 -0.01 
-0.01 -0.01 
-0.01 -0.01 
-0.004166666666666688 -0.01 31:1.0 
-0.006595875850340133 -0.01 73:1.0 146:1.0 168:1.0 
-0.01 -0.01 
-0.01 -0.01 
-0.01 -0.01 
-0.01 -0.01 
-0.0 -0.01 65:1.0 157:1.0 
-0.004166666666666688 -0.01 184:1.0 
-0.0037500000000000224 -0.01 255:1.0 
-0.0 -0.01 110:1.0 265:1.0 
-0.004374999999999962 -0.01 39:1.0 
-0.01 -0.01 
-0.01 -0.01 141:1.0 274:1.0 
-0.01 -0.01 
-0.01 -0.01 
-0.01 -0.01 
-0.01 -0.01 
-0.01 -0.01 
-0.01 -0.01 
-0.01 -0.01 99:1.0 
-0.01 -0.01 
-0.01 -0.01 
-0.01 -0.01 
-0.01 -0.01 
-0.01 -0.01 
-4.159226190460891E-5 -0.01 162:1.0 
-0.01 -0.01 
-0.01 -0.01 
-0.01 -0.01 
-0.01 -0.01 
-0.01 -0.01 35:1.0 186:1.0 258:1.0 286:1.0 
-0.01 -0.01 
-0.01 -0.01 
-0.01 -0.01 260:1.0 
-0.01 -0.01 
-0.01 -0.01 
-0.0 -0.01 35:1.0 
-0.01 -0.01 
-0.0 -0.01 32:1.0 113:1.0 174:1.0 251:1.0 279:1.0 287:1.0 313:1.0 
-0.0 -0.01 121:1.0 184:1.0 
-0.01 -0.01 
-0.004374999999999962 -0.01 69:1.0 
-0.0 -0.01 163:1.0 
-0.01 -0.01 
-0.004374999999999962 -0.01 179:1.0 
-0.01 -0.01 
-0.01 -0.01 
-0.01 -0.01 
-0.01 -0.01 
-0.01 -0.01 
-0.01 -0.01 
-0.004374999999999962 -0.01 198:1.0 
-0.004374999999999962 -0.01 164:1.0 
-0.01 -0.01 
-0.004374999999999962 -0.01 202:1.0 
-0.01 -0.01 
-0.01 -0.01 
-0.007222222222222233 -0.01 45:1.0 197:1.0 
-0.007222222222222233 -0.01 26:1.0 243:1.0 
-0.01 -0.01 
-0.01 -0.01 
-0.01 -0.01 27:1.0 182:1.0 299:1.0 
-0.004444444444444436 -0.01 137:1.0 
-0.0 -0.01 231:1.0 
-0.01 -0.01 
-0.01 -0.01 
-0.004444444444444436 -0.01 245:1.0 
-0.01 -0.01 
-0.0 -0.01 14:1.0 247:1.0 
-0.01 -0.01 
-0.004444444444444436 -0.01 257:1.0 
-0.01 -0.01 171:1.0 
-0.0 -0.01 58:1.0 
-0.004907407407407425 -0.01 106:1.0 177:1.0 
-0.01 -0.01 
-0.004166666666666688 -0.01 231:1.0 
-0.01 -0.01 
-0.01 -0.01 178:1.0 
-0.01 -0.01 
-0.01 -0.01 
-0.01 -0.01 
-0.0 -0.01 232:1.0 
-0.0 -0.01 2:1.0 
-0.01 -0.01 
-0.01 -0.01 
-0.0 -0.01 222:1.0 
-0.01 -0.01 
-0.01 -0.01 
-0.01 -0.01 
-0.0 -0.01 122:1.0 273:1.0 280:1.0 
-0.009789583333333397 -0.01 162:1.0 171:1.0 259:1.0 264:1.0 
-0.0 -0.01 85:1.0 
-0.01 -0.01 
-0.01 -0.01 
-0.004444444444444436 -0.01 59:1.0 
-0.01 -0.01 
-0.004444444444444473 -0.01 98:1.0 176:1.0 
-0.01 -0.01 
-0.01 -0.01 
-0.0 -0.01 157:1.0 
-0.01 -0.01 
-0.01 -0.01 
-0.01 -0.01 153:1.0 
-0.01 -0.01 
-0.01 -0.01 147:1.0 211:1.0 298:1.0 
-0.004444444444444436 -0.01 154:1.0 
-0.0 -0.01 16:1.0 202:1.0 269:1.0 270:1.0 
-0.0050000000000000044 -0.01 224:1.0 
-0.01 -0.01 
-0.01 -0.01 
-0.0022222222222222365 -0.01 53:1.0 194:1.0 
-0.01 -0.01 
-0.01 -0.01 
-0.01 -0.01 
-0.01 -0.01 
-0.01 -0.01 
-0.01 -0.01 
-0.01 -0.01 
-0.01 -0.01 
-0.01 -0.01 
-0.01 -0.01 70:1.0 
-0.004444444444444436 -0.01 10:1.0 
-0.01 -0.01 
-0.01 -0.01 
-0.01 -0.01 189:1.0 
-0.01 -0.01 
-0.01 -0.01 
-0.01 -0.01 
-0.01 -0.01 
-0.0 -0.01 164:1.0 221:1.0 
-0.0011111111111110998 -0.01 97:1.0 108:1.0 
-0.01 -0.01 
-0.01 -0.01 
-0.01 -0.01 
-0.01 -0.01 
-0.01 -0.01 
-0.01 -0.01 
-0.01 -0.01 
-0.01 -0.01 
-0.004270833333333335 -0.01 196:1.0 
-0.004594747574956047 -0.01 150:1.0 162:1.0 270:1.0 
-0.01 -0.01 
-0.01 -0.01 
-0.01 -0.01 
-0.01 -0.01 
-0.01 -0.01 
-0.004166666666666652 -0.01 56:1.0 73:1.0 177:1.0 
-0.0 -0.01 265:1.0 
-0.01 -0.01 176:1.0 
-0.01 -0.01 
-0.01 -0.01 184:1.0 
-0.01 -0.01 
-0.01 -0.01 
-0.01 -0.01 
-0.004714285714285715 -0.01 84:1.0 201:1.0 208:1.0 
-0.01 -0.01 
-0.004166666666666688 -0.01 16:1.0 
-0.01 -0.01 
-0.004270833333333335 -0.01 165:1.0 
-0.0 -0.01 203:1.0 220:1.0 
-0.01 -0.01 
-0.01 -0.01 9:1.0 
-0.01 -0.01 
-0.01 -0.01 
-0.01 -0.01 
-0.01 -0.01 
-0.01 -0.01 
-0.01 -0.01 
-0.01 -0.01 
-0.01 -0.01 
-0.004166666666666652 -0.01 71:1.0 
-0.01 -0.01 
-0.01 -0.01 229:1.0 
-0.0 -0.01 43:1.0 158:1.0 160:1.0 281:1.0 302:1.0 
-0.01 -0.01 
-0.004166666666666652 -0.01 58:1.0 
-0.01 -0.01 
-0.0 -0.01 206:1.0 
-0.01 -0.01 
-0.0 -0.01 249:1.0 269:1.0 
-0.01 -0.01 
-0.01 -0.01 
-0.01 -0.01 
-0.01 -0.01 13:1.0 84:1.0 
-0.01 -0.01 
-0.01 -0.01 
-0.004166666666666652 -0.01 21:1.0 
-7.783668154762077E-4 -0.01 43:1.0 158:1.0 160:1.0 281:1.0 302:1.0 
-0.01 -0.01 
-0.0018749999999999971 -0.01 18:1.0 62:1.0 
-0.0 -0.01 269:1.0 
-0.01 -0.01 
-0.01 -0.01 
-0.01 -0.01 
-0.01 -0.01 
-0.01 -0.01 
-0.01 -0.01 
-0.01 -0.01 97:1.0 
-0.01 -0.01 
-0.01 -0.01 
-0.01 -0.01 
-0.0 -0.01 265:1.0 
-0.01 -0.01 191:1.0 
-0.01 -0.01 244:1.0 
-0.004166666666666643 -0.01 85:1.0 
-0.01 -0.01 
-0.0048765432098765524 -0.01 176:1.0 236:1.0 
-4.88957782186949E-4 -0.01 32:1.0 113:1.0 149:1.0 228:1.0 284:1.0 313:1.0 
-0.0 -0.01 106:1.0 
-0.004166666666666652 -0.01 17:1.0 
-0.01 -0.01 
-0.01 -0.01 
-0.01 -0.01 
-0.01 -0.01 
-0.01 -0.01 
-0.004166666666666652 -0.01 232:1.0 
-0.0 -0.01 10:1.0 71:1.0 
-0.0 -0.01 20:1.0 129:1.0 
-0.01 -0.01 
-0.004436607142857119 -0.01 88:1.0 
-0.0037499999999999756 -0.01 79:1.0 
-0.01 -0.01 
-0.01 -0.01 
-0.01 -0.01 
-0.0 -0.01 203:1.0 
-0.01 -0.01 
-0.0 -0.01 184:1.0 203:1.0 252:1.0 
-0.004330357142857113 -0.01 170:1.0 
-0.01 -0.01 
-0.01 -0.01 
-0.01 -0.01 
-0.004197530864197525 -0.01 101:1.0 
-0.01 -0.01 
-0.01 -0.01 
-0.01 -0.01 
-0.01 -0.01 
-0.01 -0.01 
-0.01 -0.01 
-0.01 -0.01 
-0.0038888888888888775 -0.01 156:1.0 
-0.0038888888888888775 -0.01 93:1.0 
-0.003796296296296289 -0.01 223:1.0 
-0.01 -0.01 27:1.0 182:1.0 299:1.0 
-0.003981481481481466 -0.01 41:1.0 
-0.01 -0.01 
-0.01 -0.01 
-0.008749999999999971 -0.01 224:1.0 
-0.01 -0.01 258:1.0 
-0.0012500000000000011 -0.01 122:1.0 273:1.0 280:1.0 
-0.0 -0.01 206:1.0 
-0.01 -0.01 
-0.01 -0.01 
-0.01 -0.01 
-0.01 -0.01 
-0.01 -0.01 
-0.01 -0.01 
-0.01 -0.01 231:1.0 
-0.01 -0.01 191:1.0 204:1.0 266:1.0 
-0.01 -0.01 
-0.01 -0.01 47:1.0 
-0.0 -0.01 6:1.0 
-0.0 -0.01 14:1.0 70:1.0 
-0.0 -0.01 4:1.0 26:1.0 37:1.0 149:1.0 
-0.01 -0.01 
-0.00166666666666666 -0.01 108:1.0 191:1.0 
-0.01 -0.01 99:1.0 
-0.01 -0.01 
-0.0 -0.01 37:1.0 184:1.0 
-0.01 -0.01 
-0.01 -0.01 
-0.01 -0.01 
-0.0 -0.01 209:1.0 
-0.01 -0.01 
-0.003749999999999967 -0.01 80:1.0 
-0.01 -0.01 
-0.01 -0.01 
-0.01 -0.01 
-0.01 -0.01 182:1.0 268:1.0 
-0.01 -0.01 
-0.01 -0.01 
-0.01 -0.01 
-0.01 -0.01 
-0.01 -0.01 
-0.01 -0.01 
-0.01 -0.01 
-0.01 -0.01 
-0.01 -0.01 
-0.01 -0.01 
-0.01 -0.01 
-0.01 -0.01 
-0.01 -0.01 103:1.0 138:1.0 
-0.01 -0.01 
-0.003749999999999967 -0.01 110:1.0 
-0.0 -0.01 265:1.0 
-0.01 -0.01 74:1.0 203:1.0 
-0.01 -0.01 
-0.0039254712301585925 -0.01 213:1.0 
-9.885735544217678E-4 -0.01 95:1.0 173:1.0 212:1.0 250:1.0 
-0.01 -0.01 
-0.01 -0.01 
-0.01 -0.01 
-0.01 -0.01 
-0.007222222222222233 -0.01 12:1.0 206:1.0 
-0.01 -0.01 
-0.01 -0.01 
-0.0 -0.01 48:1.0 
-0.01 -0.01 28:1.0 
-0.01 -0.01 
-0.01 -0.01 
-0.01 -0.01 
-0.01 -0.01 
-0.01 -0.01 222:1.0 
-0.004630611359126985 -0.01 75:1.0 105:1.0 217:1.0 
-0.01 -0.01 
-0.0 -0.01 48:1.0 
-0.01 -0.01 
-0.01 -0.01 
-0.01 -0.01 
-0.01 -0.01 
-0.004375000000000009 -0.01 163:1.0 
-0.01 -0.01 
-0.01 -0.01 
-0.0021527777777777812 -0.01 141:1.0 268:1.0 
-0.01 -0.01 
-0.004375000000000009 -0.01 221:1.0 
-0.01 -0.01 
-0.01 -0.01 
-0.01 -0.01 
-0.01 -0.01 231:1.0 
-0.01 -0.01 
-0.01 -0.01 
-0.01 -0.01 
-0.01 -0.01 
-0.01 -0.01 
-0.01 -0.01 
-0.01 -0.01 30:1.0 209:1.0 
-0.004375000000000009 -0.01 218:1.0 
-0.004285714285714281 -0.01 61:1.0 
-0.0038888888888888957 -0.01 222:1.0 
-0.01 -0.01 
-0.01 -0.01 
-0.01 -0.01 
-0.01 -0.01 
-0.01 -0.01 
-0.01 -0.01 
-0.01 -0.01 
-0.01 -0.01 
-0.0 -0.01 157:1.0 
-0.01 -0.01 
-0.0 -0.01 254:1.0 
-0.01 -0.01 
-0.01 -0.01 
-0.01 -0.01 143:1.0 
-0.01 -0.01 
-0.0 -0.01 270:1.0 
-0.01 -0.01 
-0.0 -0.01 32:1.0 113:1.0 174:1.0 251:1.0 279:1.0 287:1.0 313:1.0 
-0.01 -0.01 
-0.01 -0.01 
-0.01 -0.01 
-2.8571428571428915E-4 -0.01 32:1.0 113:1.0 174:1.0 251:1.0 279:1.0 287:1.0 313:1.0 
-0.01 -0.01 
-0.01 -0.01 231:1.0 
-0.01 -0.01 
-0.01 -0.01 
-0.01 -0.01 83:1.0 
-0.01 -0.01 
-0.01 -0.01 
-0.01 -0.01 
-0.003851686507936483 -0.01 133:1.0 
-0.0037499999999999947 -0.01 193:1.0 
-0.01 -0.01 
-0.01 -0.01 
-0.01 -0.01 
-0.01 -0.01 
-0.01 -0.01 
-0.01 -0.01 
-0.01 -0.01 
-0.01 -0.01 
-0.01 -0.01 
-0.01 -0.01 
-0.0041666666666666805 -0.01 51:1.0 
-0.01 -0.01 
-0.01 -0.01 
-0.0 -0.01 217:1.0 
-0.01 -0.01 
-0.004776785714285715 -0.01 118:1.0 142:1.0 237:1.0 
-0.01 -0.01 
-0.0041666666666666805 -0.01 157:1.0 
-0.01 -0.01 
-0.007222222222222233 -0.01 33:1.0 254:1.0 
-0.01 -0.01 
-0.004270833333333354 -0.01 48:1.0 
-0.01 -0.01 
-0.01 -0.01 
-0.01 -0.01 
-0.0 -0.01 73:1.0 
-0.01 -0.01 147:1.0 
-0.01 -0.01 
-0.01 -0.01 
-0.01 -0.01 87:1.0 
-0.01 -0.01 
-0.0 -0.01 265:1.0 
-0.01 -0.01 
-0.004270833333333298 -0.01 269:1.0 
-0.0038888888888888775 -0.01 265:1.0 
-0.01 -0.01 27:1.0 64:1.0 104:1.0 182:1.0 261:1.0 283:1.0 290:1.0 292:1.0 299:1.0 
-0.01 -0.01 
-0.0 -0.01 49:1.0 69:1.0 75:1.0 250:1.0 
-0.01 -0.01 230:1.0 
-0.01 -0.01 
-0.01 -0.01 
-0.01 -0.01 
-0.01 -0.01 
-0.01 -0.01 90:1.0 
-0.004375000000000065 -0.01 2:1.0 
-0.004375000000000065 -0.01 136:1.0 
-0.01 -0.01 
-0.004375000000000065 -0.01 94:1.0 
-5.000000000000004E-4 -0.01 55:1.0 135:1.0 181:1.0 187:1.0 277:1.0 288:1.0 303:1.0 
-0.01 -0.01 
-0.01 -0.01 
-0.0042005952380953235 -0.01 6:1.0 
-0.01 -0.01 
