svm_type c_svc
kernel_type rbf
gamma 0.1
nr_class 3
total_sv 1595
rho 0.9055334950649696 0.8474657354665792 -0.8978679598243265
label 2 0 1
nr_sv 419 639 537
SV
0.1 0.1 
0.1 0.1 271:1.0 
0.1 0.1 
0.1 0.1 64:1.0 125:1.0 182:1.0 261:1.0 283:1.0 292:1.0 
0.1 0.1 
0.1 0.1 99:1.0 204:1.0 
0.1 0.1 
0.1 0.1 
0.1 0.1 
0.1 0.1 
0.1 0.1 
0.1 0.1 
0.1 0.1 
0.1 0.1 
0.1 0.1 
0.1 0.1 33:1.0 115:1.0 226:1.0 258:1.0 
0.1 0.1 243:1.0 
0.1 0.1 
0.1 0.1 
0.1 0.1 
0.1 0.1 
0.1 0.1 
0.1 0.1 151:1.0 
0.1 0.1 
0.1 0.1 
0.1 0.1 47:1.0 
0.1 0.1 
0.1 0.1 
0.1 0.1 205:1.0 
0.1 0.1 
0.1 0.1 
0.1 0.1 
0.1 0.1 
0.1 0.1 
0.1 0.1 
0.1 0.1 159:1.0 177:1.0 
0.1 0.1 
0.1 0.1 77:1.0 
0.1 0.1 
0.1 0.1 
0.1 0.1 13:1.0 23:1.0 54:1.0 
0.1 0.1 
0.1 0.1 64:1.0 125:1.0 182:1.0 261:1.0 283:1.0 292:1.0 
0.1 0.1 
0.1 0.1 
0.1 0.1 
0.1 0.1 
0.1 0.1 
0.1 0.1 
0.1 0.1 
0.1 0.1 
0.1 0.1 
0.1 0.1 204:1.0 
0.1 0.1 
0.1 0.1 
0.1 0.1 
0.1 0.1 40:1.0 
0.1 0.1 
0.1 0.1 
0.1 0.1 
0.1 0.1 90:1.0 
0.1 0.1 72:1.0 92:1.0 195:1.0 278:1.0 306:1.0 
0.1 0.1 
0.1 0.1 
0.1 0.1 
0.1 0.1 74:1.0 96:1.0 
0.1 0.1 141:1.0 
0.1 0.1 99:1.0 
0.1 0.1 
0.1 0.1 
0.1 0.1 27:1.0 64:1.0 104:1.0 182:1.0 225:1.0 261:1.0 283:1.0 290:1.0 292:1.0 299:1.0 
0.1 0.1 15:1.0 125:1.0 
0.1 0.1 
0.1 0.1 
0.1 0.1 
0.1 0.1 15:1.0 19:1.0 
0.1 0.1 
0.1 0.1 139:1.0 
0.1 0.1 
0.1 0.1 
0.1 0.1 
0.1 0.1 
0.1 0.1 
0.1 0.1 
0.1 0.1 
0.1 0.1 
0.1 0.1 
0.1 0.1 
0.1 0.1 
0.1 0.1 230:1.0 
0.1 0.1 74:1.0 258:1.0 
0.1 0.1 266:1.0 
0.1 0.1 27:1.0 64:1.0 104:1.0 182:1.0 261:1.0 283:1.0 290:1.0 292:1.0 299:1.0 
0.1 0.1 
0.1 0.1 266:1.0 
0.1 0.1 
0.1 0.1 
0.1 0.1 13:1.0 103:1.0 
0.1 0.1 12:1.0 
0.1 0.1 19:1.0 
0.1 0.1 
0.1 0.1 219:1.0 
0.1 0.1 
0.1 0.1 74:1.0 
0.1 0.1 
0.1 0.1 
0.1 0.1 
0.1 0.1 90:1.0 
0.1 0.1 
0.1 0.1 
0.1 0.1 
0.1 0.1 
0.1 0.1 
0.1 0.1 
0.1 0.1 
0.1 0.1 150:1.0 168:1.0 
0.1 0.1 64:1.0 
0.1 0.1 
0.1 0.1 
0.1 0.1 
0.1 0.1 
0.1 0.1 125:1.0 
0.1 0.1 
0.1 0.1 
0.1 0.1 
0.1 0.1 22:1.0 60:1.0 
0.1 0.1 
0.1 0.1 
0.1 0.1 
0.1 0.1 224:1.0 
0.1 0.1 
0.1 0.1 
0.1 0.1 45:1.0 
0.1 0.1 
0.1 0.1 
0.1 0.1 25:1.0 
0.1 0.1 
0.1 0.1 
0.1 0.1 
0.1 0.1 
0.1 0.1 
0.1 0.1 
0.1 0.1 86:1.0 109:1.0 242:1.0 300:1.0 305:1.0 
0.1 0.1 244:1.0 
0.1 0.1 
0.1 0.1 
0.1 0.1 
0.1 0.1 
0.1 0.1 
0.1 0.1 
0.1 0.1 
0.1 0.1 
0.1 0.1 
0.1 0.1 
0.1 0.1 66:1.0 258:1.0 
0.1 0.1 
0.1 0.1 
0.1 0.1 
0.1 0.1 
0.1 0.1 8:1.0 9:1.0 
0.1 0.1 231:1.0 
0.1 0.1 8:1.0 9:1.0 189:1.0 
0.1 0.1 191:1.0 
0.1 0.1 
0.1 0.1 15:1.0 
0.1 0.1 70:1.0 
0.1 0.1 83:1.0 84:1.0 
0.1 0.1 147:1.0 211:1.0 298:1.0 
0.1 0.1 105:1.0 117:1.0 
0.1 0.1 191:1.0 
0.1 0.1 89:1.0 162:1.0 231:1.0 
0.1 0.1 
0.1 0.1 
0.1 0.1 184:1.0 
0.1 0.1 159:1.0 
0.1 0.1 264:1.0 
0.1 0.1 151:1.0 
0.1 0.1 89:1.0 
0.1 0.1 
0.1 0.1 
0.1 0.1 
0.1 0.1 30:1.0 89:1.0 
0.1 0.1 
0.1 0.1 
0.1 0.1 
0.1 0.1 
0.1 0.1 143:1.0 182:1.0 225:1.0 261:1.0 283:1.0 
0.1 0.1 132:1.0 
0.1 0.1 
0.1 0.1 153:1.0 
0.1 0.1 
0.1 0.1 
0.1 0.1 
0.1 0.1 
0.1 0.1 
0.1 0.1 
0.1 0.1 171:1.0 
0.1 0.1 
0.1 0.1 229:1.0 
0.1 0.1 
0.1 0.1 
0.1 0.1 143:1.0 
0.1 0.1 
0.1 0.1 
0.1 0.1 
0.1 0.1 246:1.0 
0.1 0.1 
0.1 0.1 
0.1 0.1 
0.1 0.1 97:1.0 
0.1 0.1 258:1.0 
0.1 0.1 22:1.0 115:1.0 
0.1 0.1 
0.1 0.1 182:1.0 
0.1 0.1 
0.1 0.1 74:1.0 
0.1 0.1 
0.1 0.1 
0.1 0.1 145:1.0 
0.1 0.1 
0.1 0.1 143:1.0 
0.1 0.1 
0.1 0.1 
0.1 0.1 204:1.0 
0.1 0.1 
0.1 0.1 260:1.0 
0.1 0.1 
0.1 0.1 211:1.0 
0.1 0.1 
0.1 0.1 56:1.0 
0.1 0.1 
0.1 0.1 
0.1 0.1 131:1.0 239:1.0 
0.1 0.1 
0.1 0.1 
0.1 0.1 96:1.0 171:1.0 
0.1 0.1 141:1.0 
0.1 0.1 
0.1 0.1 64:1.0 103:1.0 104:1.0 130:1.0 282:1.0 290:1.0 297:1.0 
0.1 0.1 
0.1 0.1 
0.1 0.1 13:1.0 23:1.0 54:1.0 64:1.0 130:1.0 282:1.0 
0.1 0.1 56:1.0 176:1.0 
0.1 0.1 
0.1 0.1 
0.1 0.1 
0.1 0.1 175:1.0 182:1.0 
0.1 0.1 
0.1 0.1 176:1.0 
0.1 0.1 260:1.0 
0.1 0.1 
0.1 0.1 
0.1 0.1 
0.1 0.1 
0.1 0.1 
0.1 0.1 231:1.0 
0.1 0.1 
0.1 0.1 
0.1 0.1 
0.1 0.1 
0.1 0.1 
0.1 0.1 86:1.0 109:1.0 242:1.0 300:1.0 305:1.0 
0.1 0.1 
0.1 0.1 103:1.0 
0.1 0.1 
0.1 0.1 
0.1 0.1 208:1.0 
0.1 0.1 
0.1 0.1 
0.1 0.1 
0.1 0.1 
0.1 0.1 168:1.0 
0.1 0.1 24:1.0 60:1.0 
0.1 0.1 
0.1 0.1 
0.1 0.1 24:1.0 
0.1 0.1 24:1.0 
0.1 0.1 
0.1 0.1 
0.1 0.1 
0.1 0.1 
0.1 0.1 
0.1 0.1 
0.1 0.1 
0.1 0.1 260:1.0 
0.1 0.1 
0.1 0.1 
0.1 0.1 
0.1 0.1 
0.1 0.1 60:1.0 114:1.0 
0.1 0.1 
0.1 0.1 
0.1 0.1 
0.1 0.1 
0.1 0.1 
0.1 0.1 
0.1 0.1 264:1.0 
0.1 0.1 260:1.0 
0.1 0.1 126:1.0 
0.1 0.1 
0.1 0.1 28:1.0 258:1.0 
0.1 0.1 
0.1 0.1 
0.1 0.1 78:1.0 
0.1 0.1 
0.1 0.1 
0.1 0.1 22:1.0 90:1.0 115:1.0 
0.1 0.1 
0.1 0.1 
0.1 0.1 
0.1 0.1 
0.1 0.1 144:1.0 
0.1 0.1 
0.1 0.1 
0.1 0.1 
0.1 0.1 
0.1 0.1 
0.1 0.1 
0.1 0.1 204:1.0 226:1.0 
0.1 0.1 
0.1 0.1 
0.1 0.1 60:1.0 233:1.0 
0.1 0.1 256:1.0 307:1.0 
0.1 0.1 
0.1 0.1 246:1.0 
0.1 0.1 
0.1 0.1 
0.1 0.1 
0.1 0.1 207:1.0 
0.1 0.1 
0.1 0.1 72:1.0 92:1.0 195:1.0 278:1.0 306:1.0 
0.1 0.1 18:1.0 
0.1 0.1 178:1.0 
0.1 0.1 117:1.0 
0.1 0.1 
0.1 0.1 
0.1 0.1 
0.1 0.1 
0.1 0.1 96:1.0 
0.1 0.1 
0.1 0.1 258:1.0 
0.1 0.1 
0.1 0.1 
0.1 0.1 
0.1 0.1 
0.1 0.1 
0.1 0.1 
0.1 0.1 
0.1 0.1 
0.1 0.1 
0.1 0.1 
0.1 0.1 
0.1 0.1 
0.1 0.1 72:1.0 92:1.0 195:1.0 278:1.0 306:1.0 
0.1 0.1 
0.1 0.1 
0.1 0.1 
0.1 0.1 
0.1 0.1 
0.1 0.1 
0.1 0.1 
0.1 0.1 
0.1 0.1 
0.1 0.1 
0.1 0.1 
0.1 0.1 54:1.0 
0.1 0.1 3:1.0 
0.1 0.1 
0.1 0.1 
0.1 0.1 30:1.0 
0.1 0.1 
0.1 0.1 
0.1 0.1 
0.1 0.1 
0.1 0.1 
0.1 0.1 
0.1 0.1 
0.1 0.1 
0.1 0.1 67:1.0 147:1.0 
0.1 0.1 
0.1 0.1 
0.1 0.1 271:1.0 
0.1 0.1 47:1.0 
0.1 0.1 
0.1 0.1 142:1.0 
0.1 0.1 
0.1 0.1 
0.1 0.1 
0.1 0.1 
0.1 0.1 
0.1 0.1 
0.1 0.1 
0.1 0.1 
0.1 0.1 
0.1 0.1 
0.1 0.1 67:1.0 
0.1 0.1 
0.1 0.1 
0.1 0.1 
0.1 0.1 87:1.0 
0.1 0.1 
0.1 0.1 
0.1 0.1 102:1.0 
0.1 0.1 
0.1 0.1 147:1.0 211:1.0 298:1.0 
0.1 0.1 
0.1 0.1 
0.1 0.1 
0.1 0.1 
0.1 0.1 222:1.0 
0.1 0.1 
0.1 0.1 
0.1 0.1 
0.1 0.1 
0.1 0.1 3:1.0 
0.1 0.1 
0.1 0.1 
0.1 0.1 
0.1 0.1 
-0.013928314660141364 0.0 5:1.0 63:1.0 
-0.1 0.1 83:1.0 
-0.04502641362938411 0.1 184:1.0 259:1.0 
-0.028021060585135003 0.07266521291392344 52:1.0 
-0.0 0.010630985089720806 50:1.0 274:1.0 
-0.1 0.1 99:1.0 
-0.0 0.03725939958636034 198:1.0 
-0.004287761156920267 0.026792818067909733 75:1.0 255:1.0 
-0.047195520437360715 0.1 194:1.0 
-0.0 0.045284268020086574 62:1.0 
-0.050600428407283266 0.1 136:1.0 183:1.0 
-0.0 0.05670353772080873 193:1.0 
-0.1 0.05122319198288312 233:1.0 
-0.1 0.05401221163787772 8:1.0 
-0.009238844779383096 0.0 68:1.0 140:1.0 
-0.1 0.05513504286082836 19:1.0 151:1.0 
-0.05113661088714754 0.054865959474325605 210:1.0 289:1.0 
-0.043859529881345304 0.1 6:1.0 88:1.0 192:1.0 269:1.0 
-0.054051505416888704 0.1 61:1.0 139:1.0 234:1.0 
-0.040912692307827785 0.1 257:1.0 265:1.0 
-0.017282699571795988 0.074522704706035 137:1.0 
-0.04660582946198537 0.09775584860374366 62:1.0 
-0.04533734996925829 0.0 219:1.0 
-0.0 0.042149249153397114 247:1.0 
-0.04994869442237858 0.1 184:1.0 203:1.0 252:1.0 
-0.007082680487036511 0.03568690220022251 259:1.0 
-0.012064961558978005 0.052696114674921 38:1.0 73:1.0 
-0.05001054145240353 0.09517591721181659 193:1.0 
-0.1 0.1 27:1.0 50:1.0 182:1.0 299:1.0 304:1.0 
-0.09032345689606386 0.0 117:1.0 
-0.1 0.05255680685758465 226:1.0 
-0.1 0.0 168:1.0 
-0.03059474373492245 0.05394899357356954 20:1.0 122:1.0 273:1.0 280:1.0 
-0.04665143517896774 0.1 2:1.0 
-0.0 0.1 267:1.0 
-0.047698850893711564 0.1 140:1.0 223:1.0 
-0.045618519537937 0.1 16:1.0 
-0.1 0.07049645324168227 64:1.0 103:1.0 130:1.0 189:1.0 282:1.0 297:1.0 
-0.1 0.1 87:1.0 
-0.0 0.009052258477662235 189:1.0 
-0.002580917611981996 0.1 196:1.0 
-0.0 0.003689753403000696 33:1.0 
-0.0528025186010175 0.05238474071306713 143:1.0 267:1.0 
-0.059977822954266825 0.0 21:1.0 78:1.0 
-0.038972919417760064 0.1 27:1.0 50:1.0 182:1.0 299:1.0 304:1.0 
-0.09312044933629729 0.1 150:1.0 218:1.0 
-0.0 0.1 73:1.0 
-0.0 0.0015728231146292617 244:1.0 
-0.1 0.05281850927442758 125:1.0 
-0.1 0.1 182:1.0 
-0.1 0.1 30:1.0 230:1.0 
-0.02215189892524924 0.1 129:1.0 
-0.028463813830925756 0.035276278610900144 29:1.0 91:1.0 120:1.0 185:1.0 216:1.0 235:1.0 253:1.0 263:1.0 285:1.0 291:1.0 294:1.0 296:1.0 301:1.0 309:1.0 312:1.0 
-0.0 0.1 157:1.0 
-0.05301514477740127 0.0 144:1.0 
-0.1 0.1 143:1.0 
-0.0 0.1 164:1.0 
-0.039488703650402884 0.054285349917243333 141:1.0 165:1.0 
-0.1 0.08302900911507793 15:1.0 34:1.0 175:1.0 
-0.0 0.05069449379456002 21:1.0 
-0.012194670942107824 0.04441581767825252 5:1.0 101:1.0 
-0.01747600931965833 0.0 107:1.0 
-0.022049038412142057 0.1 121:1.0 198:1.0 
-0.0 0.05330677804157042 133:1.0 
-0.1 0.1 28:1.0 
-0.029402691240118194 0.1 118:1.0 
-0.008936682624554597 0.021907326791498417 49:1.0 122:1.0 
-0.0036406205678196795 0.009708795867828449 94:1.0 116:1.0 
-0.023585598658161733 0.1 73:1.0 149:1.0 228:1.0 284:1.0 
-0.08106893920231799 0.0 67:1.0 114:1.0 
-0.1 0.1 204:1.0 
-0.00822643718531473 0.0016376338126298311 199:1.0 
-0.027268268839807472 0.1 20:1.0 129:1.0 
-0.0470988149578887 0.05095251149174719 214:1.0 
-0.1 0.053725910059547605 246:1.0 
-0.020528090893522335 0.010028615302033564 152:1.0 
-0.0 0.03718573327709704 237:1.0 
-0.1 0.1 141:1.0 
-0.0 0.046251112378190816 248:1.0 
-0.0 0.1 
-0.0 0.1 
-0.0 0.1 
-0.0 0.1 
-0.0 0.1 
-0.0 0.1 
-0.0 0.1 
-0.0 0.1 
-0.0 0.1 
-0.0 0.1 
-0.0 0.1 
-0.0 0.1 
-0.0 0.1 
-0.0 0.1 
-0.0 0.1 
-0.025662590993006103 0.06162940519513462 51:1.0 65:1.0 199:1.0 
-0.006585775643127818 0.1 231:1.0 
-0.0 0.1 
-0.03599408812347897 0.05437094904036044 38:1.0 49:1.0 73:1.0 236:1.0 
-0.0 0.1 
-0.1 0.06290089011714606 86:1.0 109:1.0 242:1.0 300:1.0 305:1.0 
-0.0 0.1 
-0.0 0.1 85:1.0 
-0.018219077830807034 0.1 184:1.0 
-0.0 0.1 
-0.0 0.1 
-0.0 0.1 
-0.0 0.1 
-0.006131791923253597 0.1 155:1.0 270:1.0 
-0.0 0.1 
-0.0 0.1 
-0.0 0.1 
-0.0 0.1 
-0.0 0.1 
-0.0 0.1 
-0.049811106624623694 0.03786877156330959 4:1.0 175:1.0 240:1.0 
-0.025501688013300435 0.1 66:1.0 106:1.0 157:1.0 
-0.1 0.1 
-0.1 0.1 
-0.1 0.05343555385773677 159:1.0 
-0.1 0.1 
-0.1 0.1 
-0.05142091965911985 0.1 26:1.0 69:1.0 
-0.050195237857379504 0.04774294328901421 40:1.0 241:1.0 
-0.1 0.0 90:1.0 
-0.1 0.1 
-0.1 0.1 
-0.0 0.1 255:1.0 
-0.1 0.1 
-0.1 0.1 260:1.0 
-0.1 0.1 
-0.1 0.1 
-0.1 0.0 117:1.0 
-0.04018347380587411 0.03527686877810756 29:1.0 91:1.0 120:1.0 131:1.0 167:1.0 185:1.0 216:1.0 235:1.0 253:1.0 285:1.0 291:1.0 294:1.0 301:1.0 309:1.0 312:1.0 
-0.0 0.08311459510157543 138:1.0 227:1.0 232:1.0 
-0.1 0.1 
-0.1 0.1 
-0.1 0.1 
-0.1 0.1 
-0.0 0.1 21:1.0 
-0.1 0.1 
-0.1 0.1 
-0.1 0.1 
-0.08633130745539024 0.06627283411757909 179:1.0 227:1.0 243:1.0 
-0.02591463627300262 0.0 127:1.0 172:1.0 238:1.0 
-0.0 0.019578084342666724 238:1.0 
-0.1 0.012780423321705432 145:1.0 
-0.1 0.1 
-0.018069421379028214 0.0 155:1.0 199:1.0 
-0.1 0.1 
-0.1 0.1 
-0.1 0.1 
-0.01433016025989537 0.04185086481092424 255:1.0 
-0.1 0.1 
-0.1 0.1 
-0.1 0.1 
-0.1 0.1 
-0.1 0.1 
-0.1 0.1 
-0.1 0.1 
-0.1 0.1 
-0.04763650198436324 0.1 176:1.0 
-0.1 0.1 
-0.0 0.1 269:1.0 
-0.1 0.1 
-0.1 0.1 
-0.02770862923345774 0.0 143:1.0 215:1.0 
-0.0 0.047303885325079 75:1.0 
-0.05157973843221779 0.1 138:1.0 184:1.0 
-0.1 0.1 
-0.0 0.09893747927655716 59:1.0 73:1.0 
-0.02870429649256625 0.09789186039187542 95:1.0 173:1.0 250:1.0 
-0.1 0.1 
-0.1 0.1 
-0.1 0.053314429315271326 90:1.0 
-0.04983342099528388 0.1 133:1.0 
-0.046973553974621995 0.1 37:1.0 
-0.0 0.1 122:1.0 273:1.0 280:1.0 
-0.1 0.1 
-0.1 0.1 
-0.1 0.1 
-0.1 0.1 
-0.032515461334768146 0.03986286323611681 134:1.0 172:1.0 238:1.0 
-0.0418871694153771 0.05447034613885257 249:1.0 
-0.1 0.1 
-0.1 0.1 139:1.0 
-0.019267307334158188 0.010272511376219717 161:1.0 
-0.1 0.1 
-0.0533585734417369 0.0 126:1.0 
-0.1 0.1 
-0.1 0.1 46:1.0 64:1.0 104:1.0 166:1.0 182:1.0 225:1.0 261:1.0 283:1.0 290:1.0 292:1.0 
-0.1 0.1 
-0.01120045998416188 0.035051556672748445 108:1.0 269:1.0 
-0.1 0.054553532015090354 271:1.0 
-0.1 0.1 
-0.1 0.1 
-0.1 0.1 
-0.1 0.1 
-0.1 0.1 
-0.1 0.1 
-0.003433799619720521 0.07702077509878741 51:1.0 68:1.0 
-0.0903423890590216 0.08244728824053577 18:1.0 67:1.0 123:1.0 
-0.1 0.1 
-0.1 0.1 
-0.1 0.1 
-0.1 0.1 
-0.1 0.1 
-0.005941136870005322 0.1 249:1.0 265:1.0 
-0.03622211974005973 0.05649272916903293 11:1.0 152:1.0 161:1.0 170:1.0 
-0.09599146174077126 0.1 25:1.0 197:1.0 
-0.1 0.1 
-0.1 0.1 
-0.1 0.1 
-0.1 0.1 
-0.0 0.1 269:1.0 
-0.1 0.1 
-0.1 0.1 
-0.1 0.1 
-0.1 0.1 
-0.1 0.1 
-0.1 0.1 
-0.1 0.1 
-0.1 0.1 
-0.1 0.051870635496268386 219:1.0 
-0.1 0.1 
-0.1 0.1 
-0.017559626409155506 0.01623473794274125 29:1.0 91:1.0 120:1.0 131:1.0 167:1.0 185:1.0 216:1.0 253:1.0 263:1.0 285:1.0 294:1.0 296:1.0 312:1.0 
-0.04614556818265816 0.1 254:1.0 
-0.1 0.1 
-0.1 0.1 
-0.1 0.1 
-0.0091764118749334 0.047709489896773614 106:1.0 111:1.0 
-0.03182169626138838 0.05994664711147909 41:1.0 148:1.0 
-0.1 0.1 
-0.1 0.1 
-0.1 0.1 
-0.1 0.1 
-0.1 0.1 
-0.1 0.1 
-0.009989896312988474 0.0504167174893048 212:1.0 
-0.1 0.1 
-0.1 0.1 
-0.0 0.05208166988326288 200:1.0 
-0.1 0.1 
-0.03971531124445152 0.08290554892436451 68:1.0 212:1.0 
-0.1 0.1 
-0.0068044033192584865 0.05340681237228979 252:1.0 
-0.1 0.1 
-0.019736131420726354 0.020808150726171027 134:1.0 
-0.1 0.1 
-0.1 0.1 
-0.1 0.1 
-0.03290321341156151 0.1 111:1.0 201:1.0 
-0.04301553603185675 0.1 58:1.0 116:1.0 
-0.1 0.1 
-0.1 0.1 
-0.0176039849217769 0.1 67:1.0 75:1.0 91:1.0 265:1.0 
-0.1 0.1 
-0.1 0.1 
-0.1 0.1 
-0.1 0.1 
-0.03422481198784539 0.05325702652123566 57:1.0 
-0.1 0.1 
-0.003007496495065342 0.06177654346632436 213:1.0 
-0.1 0.1 
-0.1 0.1 
-0.04688502438145181 0.1 200:1.0 
-0.0 0.1 55:1.0 135:1.0 181:1.0 187:1.0 277:1.0 288:1.0 303:1.0 
-0.1 0.1 
-0.1 0.1 
-0.1 0.1 
-0.1 0.1 
-0.1 0.1 
-0.1 0.1 
-0.0 0.05401537307812198 276:1.0 
-0.1 0.1 
-0.1 0.1 
-0.1 0.1 99:1.0 
-0.1 0.1 
-0.1 0.1 
-0.1 0.1 
-0.1 0.1 
-0.1 0.1 
-0.1 0.1 
-0.1 0.1 
-0.04656026192873105 0.06297826790031329 146:1.0 168:1.0 
-0.02083671793046942 0.0018855173297574652 11:1.0 180:1.0 
-0.1 0.1 
-0.1 0.1 
-0.08449127352443596 0.1 66:1.0 110:1.0 
-0.0 0.1 51:1.0 
-0.0499903510509934 0.1 80:1.0 
-0.1 0.1 
-0.1 0.1 
-0.1 0.1 176:1.0 
-0.1 0.1 
-0.1 0.1 
-0.1 0.1 
-0.1 0.1 
-0.1 0.1 
-0.01347526925983519 0.1 247:1.0 
-0.07872565718704823 0.1 33:1.0 
-0.1 0.1 
-0.1 0.1 
-0.1 0.1 
-0.1 0.1 
-0.07634046497287343 0.0 67:1.0 
-0.03841803964388749 0.08176374444471646 7:1.0 119:1.0 270:1.0 310:1.0 
-0.1 0.1 
-0.1 0.1 
-0.010264668390658219 0.1 165:1.0 
-0.1 0.1 
-0.1 0.1 
-0.002132705684318866 0.0 234:1.0 
-0.1 0.1 
-0.1 0.1 
-0.1 0.09639967290177563 143:1.0 
-0.1 0.1 
-0.05143103141546055 0.1 85:1.0 117:1.0 
-0.1 0.1 
-0.05716246840347522 0.06333507295870797 102:1.0 
-0.1 0.1 
-0.1 0.1 
-0.1 0.1 
-0.1 0.1 
-0.1 0.1 115:1.0 
-0.1 0.1 
-0.1 0.1 
-0.09573502646672359 0.03654749404648354 141:1.0 
-0.03395304047636803 0.1 127:1.0 215:1.0 232:1.0 
-0.1 0.1 
-0.0 0.019560871150177205 250:1.0 
-0.1 0.1 
-0.1 0.1 
-0.1 0.1 
-0.1 0.1 
-0.04718690469677433 0.1 268:1.0 
-0.1 0.1 
-0.1 0.1 
-0.1 0.1 
-0.1 0.1 
-0.03974800149222114 0.04623508026904743 207:1.0 272:1.0 
-0.1 0.1 
-0.1 0.1 
-0.036836298878158306 0.1 93:1.0 
-0.1 0.1 
-0.1 0.1 
-0.1 0.1 
-0.1 0.1 
-0.1 0.009007130070592648 207:1.0 
-0.1 0.1 
-0.1 0.1 
-0.1 0.1 
-0.047003223126656 0.1 164:1.0 
-0.050242253730298336 0.05584122400065848 31:1.0 244:1.0 
-0.1 0.1 
-0.1 0.1 
-0.1 0.1 
-0.1 0.1 
-0.1 0.1 
-0.1 0.1 
-0.1 0.1 
-0.1 0.1 
-0.1 0.1 
-0.1 0.1 
-0.1 0.1 
-0.1 0.1 
-0.023406031423411494 0.09485682032980391 17:1.0 220:1.0 
-0.1 0.1 
-0.1 0.1 
-0.01157485983443335 0.010405132249376996 100:1.0 
-0.0 0.018720044011264113 172:1.0 
-0.1 0.1 
-0.1 0.1 
-0.1 0.1 
-0.04765626686257339 0.1 276:1.0 
-0.1 0.1 
-0.023044875395345235 0.047321945454727225 95:1.0 
-0.1 0.1 178:1.0 
-0.1 0.1 
-0.022114627124777124 0.08395471177862576 4:1.0 52:1.0 255:1.0 
-0.1 0.1 
-0.1 0.1 
-0.0 0.09380629540600453 269:1.0 
-0.1 0.1 
-0.1 0.1 
-0.1 0.1 
-0.1 0.1 
-0.1 0.1 56:1.0 157:1.0 
-0.1 0.1 
-0.1 0.1 
-0.1 0.1 
-0.06304250357638162 0.06882283619346279 55:1.0 135:1.0 181:1.0 187:1.0 277:1.0 288:1.0 303:1.0 
-0.1 0.1 
-0.1 0.1 
-0.0539870092208979 0.05811056314615859 76:1.0 112:1.0 311:1.0 
-0.1 0.1 
-0.04637392465194293 0.05404363059585234 188:1.0 
-0.1 0.1 
-0.1 0.1 
-0.1 0.1 
-0.0 0.05424733099536153 39:1.0 
-0.0 0.1 108:1.0 
-0.1 0.1 
-0.1 0.1 
-0.1 0.1 
-0.1 0.1 
-0.1 0.1 
-0.1 0.1 
-0.1 0.1 
-0.1 0.09212029220616402 9:1.0 42:1.0 78:1.0 
-0.1 0.1 
-0.1 0.1 
-0.1 0.1 
-0.1 0.1 
-0.04334306553610695 0.0 239:1.0 
-0.1 0.1 
-0.04184508287432504 0.0869408984505083 107:1.0 114:1.0 180:1.0 231:1.0 
-0.1 0.1 
-0.1 0.1 
-0.1 0.1 
-0.023620275041825872 0.0 36:1.0 169:1.0 250:1.0 293:1.0 
-0.02209649891566618 0.1 41:1.0 236:1.0 
-0.022040750958154602 0.1 170:1.0 
-0.1 0.1 
-0.02392400537086204 0.0 59:1.0 143:1.0 272:1.0 
-0.1 0.1 
-0.1 0.1 
-0.1 0.1 105:1.0 
-0.0 0.1 162:1.0 
-0.006317888295089055 0.1 250:1.0 
-0.1 0.1 
-0.032151394083164 0.1 162:1.0 168:1.0 
-0.09197877652752232 0.05152357553510811 126:1.0 
-0.1 0.1 
-0.1 0.1 
-0.033845119156570985 0.036942688694933876 1:1.0 51:1.0 98:1.0 
-0.09019207092989122 0.1 176:1.0 
-0.0018924018879192704 0.07489811889454819 35:1.0 46:1.0 88:1.0 186:1.0 286:1.0 
-0.0 0.08778346015520597 156:1.0 
-0.1 0.1 
-0.1 0.1 
-0.04722650305494303 0.05255634923386021 262:1.0 
-0.1 0.1 
-0.047186904696775285 0.0 132:1.0 
-0.04591190102300082 0.0 50:1.0 182:1.0 304:1.0 
-0.1 0.1 
-0.1 0.1 244:1.0 
-0.0326141007326259 0.06273032582519343 17:1.0 275:1.0 
-0.1 0.1 162:1.0 
-0.1 0.1 
-0.017024482422865025 0.1 35:1.0 
-0.1 0.1 
-0.0683060727115813 0.1 189:1.0 
-0.1 0.1 
-0.1 0.1 
-0.1 0.1 
-0.0 0.0092043872693315 241:1.0 
-0.1 0.1 48:1.0 264:1.0 
-0.1 0.1 
-0.1 0.1 
-0.1 0.1 
-0.04673637930789173 0.09598221824935549 248:1.0 
-0.1 0.1 
-0.1 0.1 
-0.1 0.1 
-0.1 0.1 
-0.1 0.1 
-0.1 0.1 
-0.0016172377664013273 0.005076053328548121 29:1.0 91:1.0 120:1.0 185:1.0 216:1.0 235:1.0 253:1.0 285:1.0 291:1.0 294:1.0 301:1.0 309:1.0 312:1.0 
-0.1 0.1 
-0.1 0.1 
-0.1 0.1 
-0.1 0.1 
-0.1 0.1 
-0.03752611637485058 0.1 108:1.0 
-0.0 0.04424179042911383 82:1.0 
-0.1 0.1 
-0.0159089744105362 0.0 275:1.0 
-0.012802683105394936 0.006006726442537772 91:1.0 93:1.0 
-0.1 0.1 
-0.1 0.1 142:1.0 
-0.1 0.1 
-0.1 0.1 
-0.021813632513107466 0.06194106060876308 88:1.0 123:1.0 141:1.0 274:1.0 
-0.1 0.1 
-0.1 0.1 
-0.1 0.1 
-0.056920236189049865 0.06112557857070003 44:1.0 100:1.0 124:1.0 295:1.0 308:1.0 
-0.1 0.1 231:1.0 
-0.1 0.1 
-0.1 0.1 
-0.1 0.1 90:1.0 
-0.1 0.1 
-0.1 0.1 
-0.1 0.1 
-0.1 0.1 
-0.1 0.1 
-0.1 0.1 
-0.1 0.1 
-0.1 0.1 
-0.1 0.1 
-0.1 0.1 
-0.0 0.011661978010959105 272:1.0 
-0.048245016926436894 0.04180107195002081 33:1.0 145:1.0 
-0.0317550555801669 0.06106702253418919 149:1.0 228:1.0 284:1.0 
-0.1 0.00830083439932727 40:1.0 
-0.1 0.1 
-0.04818632768603486 0.1 196:1.0 213:1.0 
-0.047656266862573425 0.09677381062540506 237:1.0 
-0.1 0.1 
-0.1 0.1 
-0.1 0.1 
-0.1 0.1 
-0.1 0.1 45:1.0 102:1.0 
-0.1 0.1 
-0.1 0.1 
-0.0 0.010863743708122152 20:1.0 
-0.04712820024550985 0.0533953743216666 81:1.0 
-0.041447550102047676 0.09614241416647604 36:1.0 169:1.0 173:1.0 202:1.0 293:1.0 
-0.06628138608058157 0.0 168:1.0 
-0.1 0.1 
-0.03193396837012012 0.02932146959999166 5:1.0 121:1.0 198:1.0 
-0.1 0.1 
-0.012299559807783885 0.0 148:1.0 
-0.1 0.1 
-0.1 0.1 231:1.0 
-0.1 0.1 
-0.1 0.1 
-0.1 0.1 
-0.1 0.1 
-0.008167931947667195 0.1 218:1.0 221:1.0 
-0.1 0.1 
-0.1 0.1 
-0.1 0.1 
-0.018439465184719186 0.008171199250062905 59:1.0 118:1.0 
-0.1 0.1 
-0.01333931616186378 0.0 192:1.0 
-0.1 0.1 
-0.1 0.1 
-0.1 0.1 
-0.1 0.1 
-0.1 0.1 
-0.1 0.1 
-0.047011354261868685 0.1 14:1.0 
-0.1 0.1 
-0.1 0.1 
-0.012971644282043851 0.0 57:1.0 116:1.0 
-0.018021635835806727 0.0 119:1.0 143:1.0 
-0.1 0.1 
-0.1 0.1 
-0.013035377803080766 0.0 7:1.0 119:1.0 310:1.0 
-0.1 0.1 
-0.1 0.1 
-0.1 0.1 
-0.1 0.1 
-0.1 0.1 
-0.1 0.1 
-0.046202646256590985 0.050839328221214536 128:1.0 
-0.1 0.1 
-0.1 0.1 
-0.1 0.1 
-0.003001643893102778 0.1 149:1.0 
-0.1 0.1 
-0.1 0.1 
-0.1 0.1 
-0.1 0.1 
-0.1 0.1 
-0.1 0.1 
-0.1 0.1 
-0.1 0.1 
-0.1 0.1 
-0.1 0.1 
-0.1 0.1 
-0.1 0.1 
-0.01795807463245506 0.1 59:1.0 232:1.0 
-0.1 0.1 
-0.03067971956753058 0.1 
-0.03817074584072356 0.1 101:1.0 
-0.0 0.1 
-0.0 0.1 
-0.04275079575654441 0.1 94:1.0 
-0.0 0.1 
-0.1 0.04952277694605081 77:1.0 
-0.0 0.1 
-0.0 0.1 
-0.0 0.1 
-0.0 0.1 
-0.0 0.1 
-0.025935479826334918 0.05709586410569225 220:1.0 
-0.0 0.1 
-0.0 0.1 31:1.0 
-0.1 0.1 208:1.0 231:1.0 
-0.0 0.1 
-0.0 0.1 
-0.0 0.1 
-0.0 0.1 
-0.0 0.1 
-0.0 0.1 
-0.0 0.1 
-0.0 0.06401103952086389 190:1.0 
-0.036331598032032876 0.053520801840463414 63:1.0 
-0.0 0.1 
-0.0 0.1 
-0.0 0.1 
-0.0 0.1 
-0.032937781218852644 0.08788019558706003 65:1.0 137:1.0 
-0.0 0.1 
-0.0 0.1 
-0.0 0.1 
-0.1 0.0 151:1.0 
-0.0 0.1 
-0.0 0.1 
-0.0 0.1 
-0.1 0.05226031085629358 132:1.0 
-0.0 0.1 
-0.0 0.1 
-0.0 0.08384166070746922 34:1.0 
-0.023430516869495533 0.1 122:1.0 273:1.0 280:1.0 
-0.012295594601970779 0.0208559538446863 255:1.0 269:1.0 
-0.0 0.04237160578683437 
-0.04719552043736063 0.0880754039240206 190:1.0 
-0.09275922139179836 0.05430228935843216 239:1.0 
-0.0 0.1 179:1.0 
-0.0273207050659379 0.0 75:1.0 114:1.0 
-0.0 0.1 85:1.0 
-0.007008774070972286 0.0 91:1.0 148:1.0 
-0.047128200245512133 0.1 39:1.0 
-0.1 0.1 205:1.0 
-0.04378114722705627 0.03862061915486878 29:1.0 120:1.0 131:1.0 167:1.0 185:1.0 263:1.0 296:1.0 312:1.0 
-0.04565772859261375 0.1 82:1.0 
-0.004755545281697014 0.078164822844586 146:1.0 
-0.04153671135677975 0.04933202898855417 35:1.0 111:1.0 186:1.0 286:1.0 
-0.04384355940287457 0.0024863243508341684 77:1.0 155:1.0 156:1.0 247:1.0 
-0.09381653366631518 0.053916397167121946 144:1.0 
-0.057859273081850175 0.0035734153357271543 151:1.0 
-0.1 0.02185498378289052 46:1.0 103:1.0 130:1.0 297:1.0 
-0.017415616314554773 0.07522696777434204 49:1.0 75:1.0 156:1.0 
-0.018914845082128373 0.06747552081060845 1:1.0 98:1.0 
-0.013750749901669313 0.1 71:1.0 197:1.0 270:1.0 
-0.1 -0.1 
-0.1 -0.1 
-0.1 -0.1 
-0.1 -0.1 
-0.1 -0.1 23:1.0 
-0.1 -0.1 
-0.1 -0.1 
-0.0 -0.1 85:1.0 
-0.1 -0.1 18:1.0 
-0.1 -0.1 
-0.1 -0.1 
-0.1 -0.1 
-0.1 -0.1 
-0.1 -0.1 
-0.1 -0.1 
-0.1 -0.1 
-0.1 -0.1 56:1.0 
-0.1 -0.1 
-0.1 -0.1 205:1.0 
-0.1 -0.1 
-0.1 -0.1 
-0.1 -0.1 
-0.0 -0.1 129:1.0 
-0.0 -0.1 265:1.0 
-0.1 -0.1 24:1.0 
-0.1 -0.1 
-0.0 -0.1 51:1.0 
-0.1 -0.1 
-0.1 -0.1 
-0.0 -0.1 43:1.0 158:1.0 160:1.0 281:1.0 302:1.0 
-0.1 -0.1 
-0.1 -0.1 
-0.1 -0.1 
-0.1 -0.1 
-0.1 -0.1 
-0.1 -0.1 139:1.0 
-0.1 -0.1 
-0.1 -0.1 
-0.1 -0.1 
-0.1 -0.1 
-0.1 -0.1 
-0.07745651103217281 -0.1 276:1.0 
-0.1 -0.1 82:1.0 143:1.0 
-0.1 -0.1 
-0.0 -0.1 203:1.0 
-0.0 -0.1 223:1.0 
-0.1 -0.1 
-0.1 -0.1 
-0.1 -0.1 
-0.0 -0.1 217:1.0 
-0.1 -0.1 
-0.1 -0.1 102:1.0 
-0.1 -0.1 
-0.1 -0.1 
-0.1 -0.1 25:1.0 
-0.1 -0.1 
-0.1 -0.1 115:1.0 258:1.0 
-0.1 -0.1 
-0.1 -0.1 
-0.1 -0.1 
-0.1 -0.1 
-0.0 -0.1 232:1.0 
-0.1 -0.1 
-0.0837051335988377 -0.1 52:1.0 229:1.0 
-0.1 -0.1 
-0.1 -0.1 
-0.1 -0.1 
-0.0146170946238409 -0.1 154:1.0 265:1.0 
-0.1 -0.1 
-0.1 -0.1 
-0.1 -0.1 
-0.1 -0.1 
-0.0834686782561685 -0.1 61:1.0 139:1.0 
-0.1 -0.1 
-0.1 -0.1 
-0.1 -0.1 
-0.07623241397215143 -0.1 267:1.0 
-0.1 -0.1 
-0.1 -0.1 
-0.1 -0.1 
-0.0 -0.1 16:1.0 
-0.07683702933685203 -0.1 154:1.0 248:1.0 
-0.0 -0.1 53:1.0 194:1.0 
-0.0 -0.1 257:1.0 
-0.1 -0.1 
-0.1 -0.1 
-0.1 -0.1 
-0.1 -0.1 
-0.0 -0.1 255:1.0 
-0.07668809849545867 -0.1 200:1.0 
-0.1 -0.1 
-0.1 -0.1 
-0.1 -0.1 
-0.0 -0.1 162:1.0 
-0.1 -0.1 
-0.1 -0.1 14:1.0 15:1.0 
-0.07596536960221036 -0.1 34:1.0 
-0.06750129104575836 -0.1 80:1.0 196:1.0 
-0.07665241303803527 -0.1 166:1.0 
-0.1 -0.1 
-0.1 -0.1 
-0.0 -0.1 201:1.0 
-0.0 -0.1 26:1.0 73:1.0 149:1.0 
-0.1 -0.1 
-0.07628831893504247 -0.1 190:1.0 
-0.1 -0.1 
-0.1 -0.1 
-0.07584678615926987 -0.1 68:1.0 
-0.1 -0.1 
-0.1 -0.1 
-0.1 -0.1 
-0.1 -0.1 
-0.1 -0.1 
-0.07687407881729572 -0.1 31:1.0 
-0.1 -0.1 73:1.0 146:1.0 168:1.0 
-0.1 -0.1 
-0.1 -0.1 
-0.1 -0.1 
-0.1 -0.1 
-0.07840823282074007 -0.1 65:1.0 157:1.0 
-0.0 -0.1 184:1.0 
-0.07678540462126246 -0.1 255:1.0 
-0.03853459926781314 -0.1 110:1.0 265:1.0 
-0.07661089993203593 -0.1 39:1.0 
-0.1 -0.1 
-0.1 -0.1 141:1.0 274:1.0 
-0.1 -0.1 
-0.1 -0.1 
-0.1 -0.1 
-0.1 -0.1 
-0.1 -0.1 
-0.1 -0.1 
-0.1 -0.1 99:1.0 
-0.1 -0.1 
-0.1 -0.1 
-0.1 -0.1 
-0.1 -0.1 
-0.1 -0.1 
-0.0034732893520366777 -0.1 162:1.0 
-0.1 -0.1 
-0.1 -0.1 
-0.1 -0.1 
-0.1 -0.1 
-0.1 -0.1 35:1.0 186:1.0 258:1.0 286:1.0 
-0.1 -0.1 
-0.1 -0.1 
-0.1 -0.1 260:1.0 
-0.1 -0.1 
-0.1 -0.1 
-0.0035316311051487607 -0.1 35:1.0 
-0.1 -0.1 
-0.0 -0.1 32:1.0 113:1.0 174:1.0 251:1.0 279:1.0 287:1.0 313:1.0 
-0.08395374994273702 -0.1 121:1.0 184:1.0 
-0.1 -0.1 
-0.04603645639933633 -0.1 69:1.0 
-0.0 -0.1 163:1.0 
-0.1 -0.1 
-0.07661089993203685 -0.1 179:1.0 
-0.1 -0.1 
-0.1 -0.1 
-0.1 -0.1 
-0.1 -0.1 
-0.1 -0.1 
-0.1 -0.1 
-0.07678540462126165 -0.1 198:1.0 
-0.01143808390064897 -0.1 164:1.0 
-0.1 -0.1 
-0.05692079497102133 -0.1 202:1.0 
-0.1 -0.1 
-0.1 -0.1 
-0.1 -0.1 45:1.0 197:1.0 
-0.1 -0.1 26:1.0 243:1.0 
-0.1 -0.1 
-0.1 -0.1 
-0.1 -0.1 27:1.0 182:1.0 299:1.0 
-0.0758907531822648 -0.1 137:1.0 
-0.0 -0.1 231:1.0 
-0.1 -0.1 
-0.1 -0.1 
-0.075965369602209 -0.1 245:1.0 
-0.1 -0.1 
-0.0252380076314009 -0.1 14:1.0 247:1.0 
-0.1 -0.1 
-0.07600054455684592 -0.1 257:1.0 
-0.1 -0.1 171:1.0 
-0.0 -0.1 58:1.0 
-0.08955221691327767 -0.1 106:1.0 177:1.0 
-0.1 -0.1 
-0.0621580864247317 -0.1 231:1.0 
-0.1 -0.1 
-0.1 -0.1 178:1.0 
-0.1 -0.1 
-0.1 -0.1 
-0.1 -0.1 
-0.0 -0.1 232:1.0 
-0.0 -0.1 2:1.0 
-0.1 -0.1 
-0.1 -0.1 
-0.0 -0.1 222:1.0 
-0.1 -0.1 
-0.1 -0.1 
-0.1 -0.1 
-0.0 -0.1 122:1.0 273:1.0 280:1.0 
-0.1 -0.1 162:1.0 171:1.0 259:1.0 264:1.0 
-0.0 -0.1 85:1.0 
-0.1 -0.1 
-0.1 -0.1 
-0.07740341182335143 -0.1 59:1.0 
-0.1 -0.1 
-0.08856592613660179 -0.1 98:1.0 176:1.0 
-0.1 -0.1 
-0.1 -0.1 
-0.0 -0.1 157:1.0 
-0.1 -0.1 
-0.1 -0.1 
-0.1 -0.1 153:1.0 
-0.1 -0.1 
-0.1 -0.1 147:1.0 211:1.0 298:1.0 
-0.0 -0.1 154:1.0 
-0.026235000902113077 -0.1 16:1.0 202:1.0 269:1.0 270:1.0 
-0.07628831893504126 -0.1 224:1.0 
-0.1 -0.1 
-0.1 -0.1 
-0.08396175669158011 -0.1 53:1.0 194:1.0 
-0.1 -0.1 
-0.1 -0.1 
-0.1 -0.1 
-0.1 -0.1 
-0.1 -0.1 
-0.1 -0.1 
-0.1 -0.1 
-0.1 -0.1 
-0.1 -0.1 
-0.1 -0.1 70:1.0 
-0.0 -0.1 10:1.0 
-0.1 -0.1 
-0.1 -0.1 
-0.1 -0.1 189:1.0 
-0.1 -0.1 
-0.1 -0.1 
-0.1 -0.1 
-0.1 -0.1 
-0.07078598856023814 -0.1 164:1.0 221:1.0 
-0.051191971191293165 -0.1 97:1.0 108:1.0 
-0.1 -0.1 
-0.1 -0.1 
-0.1 -0.1 
-0.1 -0.1 
-0.1 -0.1 
-0.1 -0.1 
-0.1 -0.1 
-0.1 -0.1 
-0.015455562115376008 -0.1 196:1.0 
-0.1 -0.1 150:1.0 162:1.0 270:1.0 
-0.1 -0.1 
-0.1 -0.1 
-0.1 -0.1 
-0.1 -0.1 
-0.1 -0.1 
-0.09313136160752411 -0.1 56:1.0 73:1.0 177:1.0 
-0.0 -0.1 265:1.0 
-0.1 -0.1 176:1.0 
-0.1 -0.1 
-0.027607113127337435 -0.1 184:1.0 
-0.1 -0.1 
-0.1 -0.1 
-0.1 -0.1 
-0.1 -0.1 84:1.0 201:1.0 208:1.0 
-0.1 -0.1 
-0.05883850851052062 -0.1 16:1.0 
-0.1 -0.1 
-0.07495724237593294 -0.1 165:1.0 
-0.022754809668845844 -0.1 203:1.0 220:1.0 
-0.1 -0.1 
-0.1 -0.1 9:1.0 
-0.1 -0.1 
-0.1 -0.1 
-0.1 -0.1 
-0.1 -0.1 
-0.1 -0.1 
-0.1 -0.1 
-0.1 -0.1 
-0.1 -0.1 
-0.0 -0.1 71:1.0 
-0.1 -0.1 
-0.1 -0.1 229:1.0 
-0.0 -0.1 43:1.0 158:1.0 160:1.0 281:1.0 302:1.0 
-0.1 -0.1 
-0.07745651103217312 -0.1 58:1.0 
-0.1 -0.1 
-0.0 -0.1 206:1.0 
-0.1 -0.1 
-0.07176694016674491 -0.1 249:1.0 269:1.0 
-0.1 -0.1 
-0.1 -0.1 
-0.1 -0.1 
-0.1 -0.1 13:1.0 84:1.0 
-0.1 -0.1 
-0.1 -0.1 
-0.0758063164153033 -0.1 21:1.0 
-0.09477875424162052 -0.1 43:1.0 158:1.0 160:1.0 281:1.0 302:1.0 
-0.1 -0.1 
-0.08392635931240906 -0.1 18:1.0 62:1.0 
-0.0 -0.1 269:1.0 
-0.1 -0.1 
-0.1 -0.1 
-0.1 -0.1 
-0.1 -0.1 
-0.1 -0.1 
-0.1 -0.1 
-0.1 -0.1 97:1.0 
-0.1 -0.1 
-0.1 -0.1 
-0.1 -0.1 
-0.0 -0.1 265:1.0 
-0.1 -0.1 191:1.0 
-0.1 -0.1 244:1.0 
-0.07694542115622999 -0.1 85:1.0 
-0.1 -0.1 
-0.08645965657622984 -0.1 176:1.0 236:1.0 
-0.06623211814063845 -0.1 32:1.0 113:1.0 149:1.0 228:1.0 284:1.0 313:1.0 
-0.0 -0.1 106:1.0 
-0.08020215826255911 -0.1 17:1.0 
-0.1 -0.1 
-0.1 -0.1 
-0.1 -0.1 
-0.1 -0.1 
-0.1 -0.1 
-0.07683471723771226 -0.1 232:1.0 
-0.08369311418335068 -0.1 10:1.0 71:1.0 
-0.08345648442654785 -0.1 20:1.0 129:1.0 
-0.1 -0.1 
-0.07580631641530253 -0.1 88:1.0 
-0.07634167800698523 -0.1 79:1.0 
-0.1 -0.1 
-0.1 -0.1 
-0.1 -0.1 
-0.0 -0.1 203:1.0 
-0.1 -0.1 
-0.03384259202271836 -0.1 184:1.0 203:1.0 252:1.0 
-0.07607240317411415 -0.1 170:1.0 
-0.1 -0.1 
-0.1 -0.1 
-0.1 -0.1 
-0.07692664263369384 -0.1 101:1.0 
-0.1 -0.1 
-0.1 -0.1 
-0.1 -0.1 
-0.1 -0.1 
-0.1 -0.1 
-0.1 -0.1 
-0.1 -0.1 
-0.07600054455684713 -0.1 156:1.0 
-0.07683108132669175 -0.1 93:1.0 
-0.0774034118233522 -0.1 223:1.0 
-0.1 -0.1 27:1.0 182:1.0 299:1.0 
-0.07761344702409866 -0.1 41:1.0 
-0.1 -0.1 
-0.1 -0.1 
-0.1 -0.1 224:1.0 
-0.1 -0.1 258:1.0 
-0.08791233962953644 -0.1 122:1.0 273:1.0 280:1.0 
-0.0 -0.1 206:1.0 
-0.1 -0.1 
-0.1 -0.1 
-0.1 -0.1 
-0.1 -0.1 
-0.1 -0.1 
-0.1 -0.1 
-0.1 -0.1 231:1.0 
-0.1 -0.1 191:1.0 204:1.0 266:1.0 
-0.1 -0.1 
-0.1 -0.1 47:1.0 
-0.0 -0.1 6:1.0 
-0.026474171141700885 -0.1 14:1.0 70:1.0 
-0.049162790725332084 -0.1 4:1.0 26:1.0 37:1.0 149:1.0 
-0.1 -0.1 
-0.06919936836809583 -0.1 108:1.0 191:1.0 
-0.1 -0.1 99:1.0 
-0.1 -0.1 
-0.04835314027819928 -0.1 37:1.0 184:1.0 
-0.1 -0.1 
-0.1 -0.1 
-0.1 -0.1 
-0.0 -0.1 209:1.0 
-0.1 -0.1 
-0.014564471020691305 -0.1 80:1.0 
-0.1 -0.1 
-0.1 -0.1 
-0.1 -0.1 
-0.1 -0.1 182:1.0 268:1.0 
-0.1 -0.1 
-0.1 -0.1 
-0.1 -0.1 
-0.1 -0.1 
-0.1 -0.1 
-0.1 -0.1 
-0.1 -0.1 
-0.1 -0.1 
-0.1 -0.1 
-0.1 -0.1 
-0.1 -0.1 
-0.1 -0.1 
-0.1 -0.1 103:1.0 138:1.0 
-0.1 -0.1 
-0.045454546512280036 -0.1 110:1.0 
-0.0 -0.1 265:1.0 
-0.1 -0.1 74:1.0 203:1.0 
-0.1 -0.1 
-0.07692664263369374 -0.1 213:1.0 
-0.08178981203334934 -0.1 95:1.0 173:1.0 212:1.0 250:1.0 
-0.1 -0.1 
-0.1 -0.1 
-0.1 -0.1 
-0.1 -0.1 
-0.1 -0.1 12:1.0 206:1.0 
-0.1 -0.1 
-0.1 -0.1 
-0.0 -0.1 48:1.0 
-0.1 -0.1 28:1.0 
-0.1 -0.1 
-0.1 -0.1 
-0.1 -0.1 
-0.1 -0.1 
-0.1 -0.1 222:1.0 
-0.1 -0.1 75:1.0 105:1.0 217:1.0 
-0.1 -0.1 
-0.0 -0.1 48:1.0 
-0.1 -0.1 
-0.1 -0.1 
-0.1 -0.1 
-0.1 -0.1 
-0.07750539201883874 -0.1 163:1.0 
-0.1 -0.1 
-0.1 -0.1 
-0.0925716821014167 -0.1 141:1.0 268:1.0 
-0.1 -0.1 
-0.014941625601012976 -0.1 221:1.0 
-0.1 -0.1 
-0.1 -0.1 
-0.1 -0.1 
-0.1 -0.1 231:1.0 
-0.1 -0.1 
-0.1 -0.1 
-0.1 -0.1 
-0.1 -0.1 
-0.1 -0.1 
-0.1 -0.1 
-0.1 -0.1 30:1.0 209:1.0 
-0.07694542115622945 -0.1 218:1.0 
-0.0 -0.1 61:1.0 
-0.07582164872428014 -0.1 222:1.0 
-0.1 -0.1 
-0.1 -0.1 
-0.1 -0.1 
-0.1 -0.1 
-0.1 -0.1 
-0.1 -0.1 
-0.1 -0.1 
-0.1 -0.1 
-0.0 -0.1 157:1.0 
-0.1 -0.1 
-0.0 -0.1 254:1.0 
-0.1 -0.1 
-0.1 -0.1 
-0.1 -0.1 143:1.0 
-0.1 -0.1 
-0.0 -0.1 270:1.0 
-0.1 -0.1 
-0.0 -0.1 32:1.0 113:1.0 174:1.0 251:1.0 279:1.0 287:1.0 313:1.0 
-0.1 -0.1 
-0.1 -0.1 
-0.1 -0.1 
-0.08155316965549009 -0.1 32:1.0 113:1.0 174:1.0 251:1.0 279:1.0 287:1.0 313:1.0 
-0.1 -0.1 
-0.1 -0.1 231:1.0 
-0.1 -0.1 
-0.1 -0.1 
-0.1 -0.1 83:1.0 
-0.04397947235669099 -0.1 
-0.0 -0.1 
-0.0 -0.1 
-0.07687407881729445 -0.1 133:1.0 
-0.07495724237593221 -0.1 193:1.0 
-0.0 -0.1 
-0.0 -0.1 
-0.0 -0.1 
-0.0 -0.1 
-0.0 -0.1 
-0.0 -0.1 
-0.0 -0.1 
-0.0 -0.1 
-0.0 -0.1 
-0.0 -0.1 
-0.07683108132669023 -0.1 51:1.0 
-0.0 -0.1 
-0.0 -0.1 
-0.0 -0.1 217:1.0 
-0.0 -0.1 
-0.1 -0.1 118:1.0 142:1.0 237:1.0 
-0.0 -0.1 
-0.0067631943403091204 -0.1 157:1.0 
-0.0 -0.1 
-0.1 -0.1 33:1.0 254:1.0 
-0.0 -0.1 
-0.07584678615926779 -0.1 48:1.0 
-0.0 -0.1 
-0.0 -0.1 
-0.0 -0.1 
-0.0 -0.1 73:1.0 
-0.1 -0.1 147:1.0 
-0.0 -0.1 
-0.0 -0.1 
-0.1 -0.1 87:1.0 
-0.0 -0.1 
-0.0 -0.1 265:1.0 
-0.0 -0.1 
-0.0 -0.1 269:1.0 
-0.029461450206234665 -0.1 265:1.0 
-0.1 -0.1 27:1.0 64:1.0 104:1.0 182:1.0 261:1.0 283:1.0 290:1.0 292:1.0 299:1.0 
-0.0 -0.1 
-0.044860036773188755 -0.1 49:1.0 69:1.0 75:1.0 250:1.0 
-0.1 -0.1 230:1.0 
-0.0 -0.1 
-0.0 -0.1 
-0.0 -0.1 
-0.0 -0.1 
-0.1 -0.1 90:1.0 
-0.07668809849545657 -0.1 2:1.0 
-0.07683471723771018 -0.1 136:1.0 
-0.0 -0.1 
-0.07676689754945394 -0.1 94:1.0 
-0.1 -0.1 55:1.0 135:1.0 181:1.0 187:1.0 277:1.0 288:1.0 303:1.0 
-0.0 -0.1 
-0.0 -0.1 
-0.0773594408906423 -0.1 6:1.0 
-0.0 -0.1 
