svm_type c_svc
kernel_type rbf
gamma 0.01
nr_class 3
total_sv 1570
rho 0.9279688618140357 0.9135382051980475 -0.9436388648511942
label 2 0 1
nr_sv 419 614 537
SV
0.1 0.1 
0.1 0.1 271:1.0 
0.1 0.1 
0.1 0.1 64:1.0 125:1.0 182:1.0 261:1.0 283:1.0 292:1.0 
0.1 0.1 
0.1 0.1 99:1.0 204:1.0 
0.1 0.1 
0.1 0.1 
0.1 0.1 
0.1 0.1 
0.1 0.1 
0.1 0.1 
0.1 0.1 
0.1 0.1 
0.1 0.1 
0.1 0.1 33:1.0 115:1.0 226:1.0 258:1.0 
0.1 0.1 243:1.0 
0.1 0.1 
0.1 0.1 
0.1 0.1 
0.1 0.1 
0.1 0.1 
0.1 0.1 151:1.0 
0.1 0.1 
0.1 0.1 
0.1 0.1 47:1.0 
0.1 0.1 
0.1 0.1 
0.1 0.1 205:1.0 
0.1 0.1 
0.1 0.1 
0.1 0.1 
0.1 0.1 
0.1 0.1 
0.1 0.1 
0.1 0.1 159:1.0 177:1.0 
0.1 0.1 
0.1 0.1 77:1.0 
0.1 0.1 
0.1 0.1 
0.1 0.1 13:1.0 23:1.0 54:1.0 
0.1 0.1 
0.1 0.1 64:1.0 125:1.0 182:1.0 261:1.0 283:1.0 292:1.0 
0.1 0.1 
0.1 0.1 
0.1 0.1 
0.1 0.1 
0.1 0.1 
0.1 0.1 
0.1 0.1 
0.1 0.1 
0.1 0.1 
0.1 0.1 204:1.0 
0.1 0.1 
0.1 0.1 
0.1 0.1 
0.1 0.1 40:1.0 
0.1 0.1 
0.1 0.1 
0.1 0.1 
0.1 0.1 90:1.0 
0.1 0.1 72:1.0 92:1.0 195:1.0 278:1.0 306:1.0 
0.1 0.1 
0.1 0.1 
0.1 0.1 
0.1 0.1 74:1.0 96:1.0 
0.1 0.1 141:1.0 
0.1 0.1 99:1.0 
0.1 0.1 
0.1 0.1 
0.1 0.1 27:1.0 64:1.0 104:1.0 182:1.0 225:1.0 261:1.0 283:1.0 290:1.0 292:1.0 299:1.0 
0.1 0.1 15:1.0 125:1.0 
0.1 0.1 
0.1 0.1 
0.1 0.1 
0.1 0.1 15:1.0 19:1.0 
0.1 0.1 
0.1 0.1 139:1.0 
0.1 0.1 
0.1 0.1 
0.1 0.1 
0.1 0.1 
0.1 0.1 
0.1 0.1 
0.1 0.1 
0.1 0.1 
0.1 0.1 
0.1 0.1 
0.1 0.1 
0.1 0.1 230:1.0 
0.1 0.1 74:1.0 258:1.0 
0.1 0.1 266:1.0 
0.1 0.1 27:1.0 64:1.0 104:1.0 182:1.0 261:1.0 283:1.0 290:1.0 292:1.0 299:1.0 
0.1 0.1 
0.1 0.1 266:1.0 
0.1 0.1 
0.1 0.1 
0.1 0.1 13:1.0 103:1.0 
0.1 0.1 12:1.0 
0.1 0.1 19:1.0 
0.1 0.1 
0.1 0.1 219:1.0 
0.1 0.1 
0.1 0.1 74:1.0 
0.1 0.1 
0.1 0.1 
0.1 0.1 
0.1 0.1 90:1.0 
0.1 0.1 
0.1 0.1 
0.1 0.1 
0.1 0.1 
0.1 0.1 
0.1 0.1 
0.1 0.1 
0.1 0.1 150:1.0 168:1.0 
0.1 0.1 64:1.0 
0.1 0.1 
0.1 0.1 
0.1 0.1 
0.1 0.1 
0.1 0.1 125:1.0 
0.1 0.1 
0.1 0.1 
0.1 0.1 
0.1 0.1 22:1.0 60:1.0 
0.1 0.1 
0.1 0.1 
0.1 0.1 
0.1 0.1 224:1.0 
0.1 0.1 
0.1 0.1 
0.1 0.1 45:1.0 
0.1 0.1 
0.1 0.1 
0.1 0.1 25:1.0 
0.1 0.1 
0.1 0.1 
0.1 0.1 
0.1 0.1 
0.1 0.1 
0.1 0.1 
0.1 0.1 86:1.0 109:1.0 242:1.0 300:1.0 305:1.0 
0.1 0.1 244:1.0 
0.1 0.1 
0.1 0.1 
0.1 0.1 
0.1 0.1 
0.1 0.1 
0.1 0.1 
0.1 0.1 
0.1 0.1 
0.1 0.1 
0.1 0.1 
0.1 0.1 66:1.0 258:1.0 
0.1 0.1 
0.1 0.1 
0.1 0.1 
0.1 0.1 
0.1 0.1 8:1.0 9:1.0 
0.1 0.1 231:1.0 
0.1 0.1 8:1.0 9:1.0 189:1.0 
0.1 0.1 191:1.0 
0.1 0.1 
0.1 0.1 15:1.0 
0.1 0.1 70:1.0 
0.1 0.1 83:1.0 84:1.0 
0.1 0.1 147:1.0 211:1.0 298:1.0 
0.1 0.1 105:1.0 117:1.0 
0.1 0.1 191:1.0 
0.1 0.1 89:1.0 162:1.0 231:1.0 
0.1 0.1 
0.1 0.1 
0.1 0.1 184:1.0 
0.1 0.1 159:1.0 
0.1 0.1 264:1.0 
0.1 0.1 151:1.0 
0.1 0.1 89:1.0 
0.1 0.1 
0.1 0.1 
0.1 0.1 
0.1 0.1 30:1.0 89:1.0 
0.1 0.1 
0.1 0.1 
0.1 0.1 
0.1 0.1 
0.1 0.1 143:1.0 182:1.0 225:1.0 261:1.0 283:1.0 
0.1 0.1 132:1.0 
0.1 0.1 
0.1 0.1 153:1.0 
0.1 0.1 
0.1 0.1 
0.1 0.1 
0.1 0.1 
0.1 0.1 
0.1 0.1 
0.1 0.1 171:1.0 
0.1 0.1 
0.1 0.1 229:1.0 
0.1 0.1 
0.1 0.1 
0.1 0.1 143:1.0 
0.1 0.1 
0.1 0.1 
0.1 0.1 
0.1 0.1 246:1.0 
0.1 0.1 
0.1 0.1 
0.1 0.1 
0.1 0.1 97:1.0 
0.1 0.1 258:1.0 
0.1 0.1 22:1.0 115:1.0 
0.1 0.1 
0.1 0.1 182:1.0 
0.1 0.1 
0.1 0.1 74:1.0 
0.1 0.1 
0.1 0.1 
0.1 0.1 145:1.0 
0.1 0.1 
0.1 0.1 143:1.0 
0.1 0.1 
0.1 0.1 
0.1 0.1 204:1.0 
0.1 0.1 
0.1 0.1 260:1.0 
0.1 0.1 
0.1 0.1 211:1.0 
0.1 0.1 
0.1 0.1 56:1.0 
0.1 0.1 
0.1 0.1 
0.1 0.1 131:1.0 239:1.0 
0.1 0.1 
0.1 0.1 
0.1 0.1 96:1.0 171:1.0 
0.1 0.1 141:1.0 
0.1 0.1 
0.1 0.1 64:1.0 103:1.0 104:1.0 130:1.0 282:1.0 290:1.0 297:1.0 
0.1 0.1 
0.1 0.1 
0.1 0.1 13:1.0 23:1.0 54:1.0 64:1.0 130:1.0 282:1.0 
0.1 0.1 56:1.0 176:1.0 
0.1 0.1 
0.1 0.1 
0.1 0.1 
0.1 0.1 175:1.0 182:1.0 
0.1 0.1 
0.1 0.1 176:1.0 
0.1 0.1 260:1.0 
0.1 0.1 
0.1 0.1 
0.1 0.1 
0.1 0.1 
0.1 0.1 
0.1 0.1 231:1.0 
0.1 0.1 
0.1 0.1 
0.1 0.1 
0.1 0.1 
0.1 0.1 
0.1 0.1 86:1.0 109:1.0 242:1.0 300:1.0 305:1.0 
0.1 0.1 
0.1 0.1 103:1.0 
0.1 0.1 
0.1 0.1 
0.1 0.1 208:1.0 
0.1 0.1 
0.1 0.1 
0.1 0.1 
0.1 0.1 
0.1 0.1 168:1.0 
0.1 0.1 24:1.0 60:1.0 
0.1 0.1 
0.1 0.1 
0.1 0.1 24:1.0 
0.1 0.1 24:1.0 
0.1 0.1 
0.1 0.1 
0.1 0.1 
0.1 0.1 
0.1 0.1 
0.1 0.1 
0.1 0.1 
0.1 0.1 260:1.0 
0.1 0.1 
0.1 0.1 
0.1 0.1 
0.1 0.1 
0.1 0.1 60:1.0 114:1.0 
0.1 0.1 
0.1 0.1 
0.1 0.1 
0.1 0.1 
0.1 0.1 
0.1 0.1 
0.1 0.1 264:1.0 
0.1 0.1 260:1.0 
0.1 0.1 126:1.0 
0.1 0.1 
0.1 0.1 28:1.0 258:1.0 
0.1 0.1 
0.1 0.1 
0.1 0.1 78:1.0 
0.1 0.1 
0.1 0.1 
0.1 0.1 22:1.0 90:1.0 115:1.0 
0.1 0.1 
0.1 0.1 
0.1 0.1 
0.1 0.1 
0.1 0.1 144:1.0 
0.1 0.1 
0.1 0.1 
0.1 0.1 
0.1 0.1 
0.1 0.1 
0.1 0.1 
0.1 0.1 204:1.0 226:1.0 
0.1 0.1 
0.1 0.1 
0.1 0.1 60:1.0 233:1.0 
0.1 0.1 256:1.0 307:1.0 
0.1 0.1 
0.1 0.1 246:1.0 
0.1 0.1 
0.1 0.1 
0.1 0.1 
0.1 0.1 207:1.0 
0.1 0.1 
0.1 0.1 72:1.0 92:1.0 195:1.0 278:1.0 306:1.0 
0.1 0.1 18:1.0 
0.1 0.1 178:1.0 
0.1 0.1 117:1.0 
0.1 0.1 
0.1 0.1 
0.1 0.1 
0.1 0.1 
0.1 0.1 96:1.0 
0.1 0.1 
0.1 0.1 258:1.0 
0.1 0.1 
0.1 0.1 
0.1 0.1 
0.1 0.1 
0.1 0.1 
0.1 0.1 
0.1 0.1 
0.1 0.1 
0.1 0.1 
0.1 0.1 
0.1 0.1 
0.1 0.1 
0.1 0.1 72:1.0 92:1.0 195:1.0 278:1.0 306:1.0 
0.1 0.1 
0.1 0.1 
0.1 0.1 
0.1 0.1 
0.1 0.1 
0.1 0.1 
0.1 0.1 
0.1 0.1 
0.1 0.1 
0.1 0.1 
0.1 0.1 
0.1 0.1 54:1.0 
0.1 0.1 3:1.0 
0.1 0.1 
0.1 0.1 
0.1 0.1 30:1.0 
0.1 0.1 
0.1 0.1 
0.1 0.1 
0.1 0.1 
0.1 0.1 
0.1 0.1 
0.1 0.1 
0.1 0.1 
0.1 0.1 67:1.0 147:1.0 
0.1 0.1 
0.1 0.1 
0.1 0.1 271:1.0 
0.1 0.1 47:1.0 
0.1 0.1 
0.1 0.1 142:1.0 
0.1 0.1 
0.1 0.1 
0.1 0.1 
0.1 0.1 
0.1 0.1 
0.1 0.1 
0.1 0.1 
0.1 0.1 
0.1 0.1 
0.1 0.1 
0.1 0.1 67:1.0 
0.1 0.1 
0.1 0.1 
0.1 0.1 
0.1 0.1 87:1.0 
0.1 0.1 
0.1 0.1 
0.1 0.1 102:1.0 
0.1 0.1 
0.1 0.1 147:1.0 211:1.0 298:1.0 
0.1 0.1 
0.1 0.1 
0.1 0.1 
0.1 0.1 
0.1 0.1 222:1.0 
0.1 0.1 
0.1 0.1 
0.1 0.1 
0.1 0.1 
0.1 0.1 3:1.0 
0.1 0.1 
0.1 0.1 
0.1 0.1 
0.1 0.1 
-0.1 0.1 83:1.0 
-0.03767816101545723 0.1 184:1.0 259:1.0 
-0.0 0.06986123113828817 52:1.0 
-0.1 0.1 99:1.0 
-0.0 0.050497424829398355 198:1.0 
-0.0 0.1 194:1.0 
-0.0 0.036346623475206404 62:1.0 
-0.020482990671735677 0.0767367179288471 136:1.0 183:1.0 
-0.0 0.030058698146018453 193:1.0 
-0.1 0.041057243114672806 233:1.0 
-0.1 0.031360950335951404 8:1.0 
-0.1 0.039100250478472875 19:1.0 151:1.0 
-0.020524013797653055 0.029090055412215647 210:1.0 289:1.0 
-0.024364708088830084 0.1 6:1.0 88:1.0 192:1.0 269:1.0 
-0.022318433640167543 0.1 61:1.0 139:1.0 234:1.0 
-0.0 0.1 257:1.0 265:1.0 
-0.0 0.05049742482940396 137:1.0 
-0.0 0.1 62:1.0 
-0.0 0.030031682697520826 247:1.0 
-0.02462938132230857 0.1 184:1.0 203:1.0 252:1.0 
-0.0 0.02915836785151273 259:1.0 
-0.0 0.06533793920752873 38:1.0 73:1.0 
-0.0 0.1 193:1.0 
-0.1 0.1 27:1.0 50:1.0 182:1.0 299:1.0 304:1.0 
-0.1 0.0 117:1.0 
-0.1 0.040031520972492046 226:1.0 
-0.1 0.0 168:1.0 
-0.02575840280245256 0.031255142428881735 20:1.0 122:1.0 273:1.0 280:1.0 
-0.0 0.1 2:1.0 
-0.0 0.1 267:1.0 
-0.017493491988469993 0.1 140:1.0 223:1.0 
-0.0 0.1 16:1.0 
-0.1 0.05031024585982068 64:1.0 103:1.0 130:1.0 189:1.0 282:1.0 297:1.0 
-0.1 0.1 87:1.0 
-0.0 0.1 196:1.0 
-0.03924323618211574 0.0323246977671249 143:1.0 267:1.0 
-0.02943496349599717 0.0 21:1.0 78:1.0 
-0.1 0.088143166642073 27:1.0 50:1.0 182:1.0 299:1.0 304:1.0 
-0.06654098836138136 0.08527313778906112 150:1.0 218:1.0 
-0.0 0.1 73:1.0 
-0.1 0.039414400055804114 125:1.0 
-0.1 0.1 182:1.0 
-0.1 0.1 30:1.0 230:1.0 
-0.0 0.1 129:1.0 
-0.0 0.1 157:1.0 
-0.1 0.1 143:1.0 
-0.0 0.1 164:1.0 
-0.020729240208110983 0.023862731591765468 141:1.0 165:1.0 
-0.1 0.062415370535718516 15:1.0 34:1.0 175:1.0 
-0.0 0.03296134769387765 21:1.0 
-0.018546293204589524 0.033225800160515934 5:1.0 101:1.0 
-0.0 0.1 121:1.0 198:1.0 
-0.0 0.03466206079247127 133:1.0 
-0.1 0.1 28:1.0 
-0.0 0.1 118:1.0 
-0.023554716528087702 0.1 73:1.0 149:1.0 228:1.0 284:1.0 
-0.1 0.0 67:1.0 114:1.0 
-0.1 0.1 204:1.0 
-0.01656056720077713 0.1 20:1.0 129:1.0 
-0.0 0.03120040541942347 214:1.0 
-0.0 0.1 
-0.1 0.03376314980473096 246:1.0 
-0.0 0.1 
-0.0 0.02346025481193029 237:1.0 
-0.1 0.1 141:1.0 
-0.0 0.03009232739682557 248:1.0 
-0.0 0.1 
-0.0 0.1 
-0.0 0.1 
-0.0 0.1 
-0.0 0.1 
-0.0 0.1 
-0.0 0.1 
-0.0 0.1 
-0.0 0.1 
-0.0 0.1 
-0.0 0.1 
-0.0 0.1 
-0.0 0.1 
-0.0 0.1 
-0.0 0.1 
-0.02358536364036695 0.03574742595851835 51:1.0 65:1.0 199:1.0 
-0.0 0.1 231:1.0 
-0.0 0.1 
-0.024364708088829807 0.03665405485710004 38:1.0 49:1.0 73:1.0 236:1.0 
-0.0 0.1 
-0.1 0.03721805497427541 86:1.0 109:1.0 242:1.0 300:1.0 305:1.0 
-0.0 0.1 
-0.0 0.1 85:1.0 
-0.04419231318577797 0.1 184:1.0 
-0.0 0.1 
-0.0 0.1 
-0.0 0.1 
-0.0 0.1 
-0.0 0.1 155:1.0 270:1.0 
-0.0 0.1 
-0.0 0.1 
-0.1 0.1 
-0.1 0.1 
-0.1 0.1 
-0.1 0.1 
-0.023309229753383183 0.029267355326216847 4:1.0 175:1.0 240:1.0 
-0.0 0.1 66:1.0 106:1.0 157:1.0 
-0.1 0.1 
-0.1 0.1 
-0.1 0.049009966557399885 159:1.0 
-0.1 0.1 
-0.1 0.1 
-0.020524013797654027 0.1 26:1.0 69:1.0 
-0.020729240208111947 0.029820597331846943 40:1.0 241:1.0 
-0.1 0.0 90:1.0 
-0.1 0.1 
-0.1 0.1 
-0.0 0.1 255:1.0 
-0.1 0.1 
-0.1 0.1 260:1.0 
-0.1 0.1 
-0.1 0.1 
-0.07429656835132295 0.0 117:1.0 
-0.031519252951562916 0.0028949393947329104 29:1.0 91:1.0 120:1.0 131:1.0 167:1.0 185:1.0 216:1.0 235:1.0 253:1.0 285:1.0 291:1.0 294:1.0 301:1.0 309:1.0 312:1.0 
-0.0 0.05278598388585896 138:1.0 227:1.0 232:1.0 
-0.1 0.1 
-0.1 0.1 
-0.1 0.1 
-0.1 0.1 
-0.0 0.1 21:1.0 
-0.1 0.1 
-0.1 0.1 
-0.1 0.1 
-0.06955314452050097 0.06229163101176672 179:1.0 227:1.0 243:1.0 
-0.1 0.0 145:1.0 
-0.1 0.1 
-0.1 0.1 
-0.1 0.1 
-0.1 0.1 
-0.0 0.07084163214848728 255:1.0 
-0.1 0.1 
-0.1 0.1 
-0.1 0.1 
-0.1 0.1 
-0.1 0.1 
-0.1 0.1 
-0.1 0.1 
-0.1 0.1 
-0.0 0.1 176:1.0 
-0.1 0.1 
-0.0 0.1 269:1.0 
-0.1 0.1 
-0.1 0.1 
-0.0 0.04950257517059044 75:1.0 
-0.017311429470173178 0.1 138:1.0 184:1.0 
-0.1 0.1 
-0.0 0.08056989659391127 59:1.0 73:1.0 
-0.016517552069840038 0.0786480195134181 95:1.0 173:1.0 250:1.0 
-0.1 0.1 
-0.1 0.1 
-0.1 0.049502575170596044 90:1.0 
-0.0 0.1 133:1.0 
-0.0 0.1 37:1.0 
-0.0 0.1 122:1.0 273:1.0 280:1.0 
-0.1 0.1 
-0.1 0.1 
-0.1 0.1 
-0.1 0.1 
-0.022423624133442153 0.028630500572779764 134:1.0 172:1.0 238:1.0 
-0.0 0.05000000000000337 249:1.0 
-0.1 0.1 
-0.1 0.1 139:1.0 
-0.1 0.1 
-0.1 0.1 
-0.1 0.1 46:1.0 64:1.0 104:1.0 166:1.0 182:1.0 225:1.0 261:1.0 283:1.0 290:1.0 292:1.0 
-0.1 0.1 
-0.017700656656317683 0.042677746590298785 108:1.0 269:1.0 
-0.1 0.049502575170596044 271:1.0 
-0.1 0.1 
-0.1 0.1 
-0.1 0.1 
-0.1 0.1 
-0.1 0.1 
-0.1 0.1 
-0.0 0.04186175970637223 51:1.0 68:1.0 
-0.08406386137613904 0.04965598086631257 18:1.0 67:1.0 123:1.0 
-0.1 0.1 
-0.1 0.1 
-0.1 0.1 
-0.1 0.1 
-0.1 0.1 
-0.019956365824694296 0.1 249:1.0 265:1.0 
-0.03318329773782706 0.03435731217382579 11:1.0 152:1.0 161:1.0 170:1.0 
-0.06681670226217296 0.08564030908407134 25:1.0 197:1.0 
-0.1 0.1 
-0.1 0.1 
-0.1 0.1 
-0.1 0.1 
-0.0 0.1 269:1.0 
-0.1 0.1 
-0.1 0.1 
-0.1 0.1 
-0.1 0.1 
-0.1 0.1 
-0.1 0.1 
-0.1 0.1 
-0.1 0.1 
-0.1 0.049502575170596044 219:1.0 
-0.1 0.1 
-0.1 0.1 
-0.006086608674249758 0.0 29:1.0 91:1.0 120:1.0 131:1.0 167:1.0 185:1.0 216:1.0 253:1.0 263:1.0 285:1.0 294:1.0 296:1.0 312:1.0 
-0.0 0.1 254:1.0 
-0.1 0.1 
-0.1 0.1 
-0.1 0.1 
-0.02101412968786746 0.0410112594774121 41:1.0 148:1.0 
-0.1 0.1 
-0.1 0.1 
-0.1 0.1 
-0.1 0.1 
-0.1 0.1 
-0.1 0.1 
-0.0 0.024062875553310624 212:1.0 
-0.1 0.1 
-0.1 0.1 
-0.0 0.04950257517060165 200:1.0 
-0.1 0.1 
-0.01552322676543906 0.1 68:1.0 212:1.0 
-0.1 0.1 
-0.0 0.04053902858306828 252:1.0 
-0.1 0.1 
-0.1 0.1 
-0.1 0.1 
-0.1 0.1 
-0.0 0.1 111:1.0 201:1.0 
-0.01812952579876481 0.1 58:1.0 116:1.0 
-0.1 0.1 
-0.1 0.1 
-0.009040080708624179 0.1 67:1.0 75:1.0 91:1.0 265:1.0 
-0.1 0.1 
-0.1 0.1 
-0.1 0.1 
-0.1 0.1 
-0.0 0.026235171256415793 57:1.0 
-0.1 0.1 
-0.0 0.05049742482940396 213:1.0 
-0.1 0.1 
-0.1 0.1 
-0.0 0.1 200:1.0 
-0.0 0.1 55:1.0 135:1.0 181:1.0 187:1.0 277:1.0 288:1.0 303:1.0 
-0.1 0.1 
-0.1 0.1 
-0.1 0.1 
-0.1 0.1 
-0.1 0.1 
-0.1 0.1 
-0.0 0.04999999999999664 276:1.0 
-0.1 0.1 
-0.1 0.1 
-0.1 0.1 99:1.0 
-0.1 0.1 
-0.1 0.1 
-0.1 0.1 
-0.1 0.1 
-0.1 0.1 
-0.1 0.1 
-0.1 0.1 
-0.019985456301884887 0.028041231259418823 146:1.0 168:1.0 
-0.1 0.1 
-0.1 0.1 
-0.06643242090849195 0.08455259784319295 66:1.0 110:1.0 
-0.0 0.1 51:1.0 
-0.0 0.1 80:1.0 
-0.1 0.1 
-0.1 0.1 
-0.1 0.1 176:1.0 
-0.1 0.1 
-0.1 0.1 
-0.1 0.1 
-0.1 0.1 
-0.1 0.1 
-0.0 0.1 247:1.0 
-0.1 0.1 33:1.0 
-0.1 0.1 
-0.1 0.1 
-0.1 0.1 
-0.1 0.1 
-0.030446855479499033 0.0 67:1.0 
-0.028091167206114584 0.05732225340970122 7:1.0 119:1.0 270:1.0 310:1.0 
-0.1 0.1 
-0.1 0.1 
-0.0 0.1 165:1.0 
-0.1 0.1 
-0.1 0.1 
-0.1 0.1 
-0.1 0.1 
-0.1 0.1 143:1.0 
-0.1 0.1 
-0.039575187201685146 0.07653974518806972 85:1.0 117:1.0 
-0.1 0.1 
-0.03386033952856887 0.05049742482940396 102:1.0 
-0.1 0.1 
-0.1 0.1 
-0.1 0.1 
-0.1 0.1 
-0.1 0.1 115:1.0 
-0.1 0.1 
-0.1 0.1 
-0.1 0.07736587429900679 141:1.0 
-0.022318433640166585 0.0828186054321717 127:1.0 215:1.0 232:1.0 
-0.1 0.1 
-0.0 0.05016287772569159 250:1.0 
-0.1 0.1 
-0.1 0.1 
-0.1 0.1 
-0.1 0.1 
-0.0 0.1 268:1.0 
-0.1 0.1 
-0.1 0.1 
-0.1 0.1 
-0.1 0.1 
-0.0 0.03310155286531244 207:1.0 272:1.0 
-0.1 0.1 
-0.1 0.1 
-0.0 0.1 93:1.0 
-0.1 0.1 
-0.1 0.1 
-0.1 0.1 
-0.1 0.1 
-0.1 0.0 207:1.0 
-0.1 0.1 
-0.1 0.1 
-0.1 0.1 
-0.0 0.1 164:1.0 
-0.021224256929412624 0.035768239971304884 31:1.0 244:1.0 
-0.1 0.1 
-0.1 0.1 
-0.1 0.1 
-0.1 0.1 
-0.1 0.1 
-0.1 0.1 
-0.1 0.1 
-0.1 0.1 
-0.1 0.1 
-0.1 0.1 
-0.1 0.1 
-0.1 0.1 
-0.015553953408340818 0.1 17:1.0 220:1.0 
-0.1 0.1 
-0.1 0.1 
-0.1 0.1 
-0.1 0.1 
-0.1 0.1 
-0.0 0.1 276:1.0 
-0.1 0.1 
-0.0 0.04513277345887208 95:1.0 
-0.1 0.1 178:1.0 
-0.1 0.1 
-0.019214905199271468 0.07335201684559649 4:1.0 52:1.0 255:1.0 
-0.1 0.1 
-0.1 0.1 
-0.0 0.1 269:1.0 
-0.1 0.1 
-0.1 0.1 
-0.1 0.1 
-0.1 0.1 
-0.1 0.1 56:1.0 157:1.0 
-0.1 0.1 
-0.1 0.1 
-0.1 0.1 
-0.03691409883236968 0.031006951218027403 55:1.0 135:1.0 181:1.0 187:1.0 277:1.0 288:1.0 303:1.0 
-0.1 0.1 
-0.1 0.1 
-0.022423624133441827 0.028974732702991182 76:1.0 112:1.0 311:1.0 
-0.1 0.1 
-0.0 0.03558964739720255 188:1.0 
-0.1 0.1 
-0.1 0.1 
-0.1 0.1 
-0.0 0.03758462946428149 39:1.0 
-0.0 0.1 108:1.0 
-0.1 0.1 
-0.1 0.1 
-0.1 0.1 
-0.1 0.1 
-0.1 0.1 
-0.1 0.1 
-0.1 0.1 
-0.1 0.07073264467378315 9:1.0 42:1.0 78:1.0 
-0.1 0.1 
-0.1 0.1 
-0.1 0.1 
-0.1 0.1 
-0.1 0.1 
-0.025512181019887555 0.05330113717759935 107:1.0 114:1.0 180:1.0 231:1.0 
-0.1 0.1 
-0.1 0.1 
-0.1 0.1 
-0.0 0.1 41:1.0 236:1.0 
-0.0 0.1 170:1.0 
-0.1 0.1 
-0.04749671065755256 0.0 59:1.0 143:1.0 272:1.0 
-0.1 0.1 
-0.1 0.1 
-0.1 0.1 105:1.0 
-0.0 0.1 162:1.0 
-0.0 0.1 250:1.0 
-0.1 0.1 
-0.027439840618159683 0.1 162:1.0 168:1.0 
-0.1 0.03850481651233053 126:1.0 
-0.1 0.1 
-0.1 0.1 
-0.012734683270833318 0.06879959458057654 1:1.0 51:1.0 98:1.0 
-0.1 0.1 176:1.0 
-0.0 0.022294924179809484 35:1.0 46:1.0 88:1.0 186:1.0 286:1.0 
-0.0 0.05099003344260012 156:1.0 
-0.1 0.1 
-0.1 0.1 
-0.0 0.040402389957132606 262:1.0 
-0.1 0.1 
-0.1 0.1 
-0.1 0.1 244:1.0 
-0.021014129687868196 0.04110815794339615 17:1.0 275:1.0 
-0.1 0.1 162:1.0 
-0.1 0.1 
-0.0 0.1 35:1.0 
-0.1 0.1 
-0.006621539646139346 0.1 189:1.0 
-0.1 0.1 
-0.1 0.1 
-0.1 0.1 
-0.1 0.1 48:1.0 264:1.0 
-0.1 0.1 
-0.1 0.1 
-0.1 0.1 
-0.0 0.1 248:1.0 
-0.1 0.1 
-0.1 0.1 
-0.1 0.1 
-0.1 0.1 
-0.1 0.1 
-0.1 0.1 
-0.0 0.016633491676310477 29:1.0 91:1.0 120:1.0 185:1.0 216:1.0 235:1.0 253:1.0 285:1.0 291:1.0 294:1.0 301:1.0 309:1.0 312:1.0 
-0.1 0.1 
-0.1 0.1 
-0.1 0.1 
-0.1 0.1 
-0.1 0.1 
-0.0 0.1 108:1.0 
-0.0 0.030138768861711834 82:1.0 
-0.1 0.1 
-0.1 0.1 
-0.1 0.1 142:1.0 
-0.1 0.1 
-0.1 0.1 
-0.0 0.04079836764932889 88:1.0 123:1.0 141:1.0 274:1.0 
-0.1 0.1 
-0.1 0.1 
-0.1 0.1 
-0.03701842642606374 0.036825975370185865 44:1.0 100:1.0 124:1.0 295:1.0 308:1.0 
-0.1 0.1 231:1.0 
-0.1 0.1 
-0.1 0.1 
-0.1 0.1 90:1.0 
-0.1 0.1 
-0.1 0.1 
-0.1 0.1 
-0.1 0.1 
-0.1 0.1 
-0.1 0.1 
-0.1 0.1 
-0.1 0.1 
-0.1 0.1 
-0.1 0.1 
-0.025703431648677062 0.02628114358037681 33:1.0 145:1.0 
-0.0 0.0595976100428674 149:1.0 228:1.0 284:1.0 
-0.1 0.0 40:1.0 
-0.1 0.1 
-0.021224256929412665 0.1 196:1.0 213:1.0 
-0.036580523167674434 0.1 237:1.0 
-0.1 0.1 
-0.1 0.1 
-0.1 0.1 
-0.1 0.1 
-0.1 0.1 45:1.0 102:1.0 
-0.1 0.1 
-0.1 0.1 
-0.024809909153018873 0.03702791361278452 81:1.0 
-0.03220350224387294 0.07680317114989016 36:1.0 169:1.0 173:1.0 202:1.0 293:1.0 
-0.07879355986279885 0.0 168:1.0 
-0.1 0.1 
-0.0229809897523204 0.0 5:1.0 121:1.0 198:1.0 
-0.1 0.1 
-0.1 0.1 
-0.1 0.1 231:1.0 
-0.1 0.1 
-0.1 0.1 
-0.1 0.1 
-0.1 0.1 
-0.0 0.1 218:1.0 221:1.0 
-0.1 0.1 
-0.1 0.1 
-0.1 0.1 
-0.1 0.1 
-0.1 0.1 
-0.1 0.1 
-0.1 0.1 
-0.1 0.1 
-0.1 0.1 
-0.1 0.1 
-0.02544531351599822 0.1 14:1.0 
-0.1 0.1 
-0.1 0.1 
-0.02454452245872389 0.0 57:1.0 116:1.0 
-0.023738337391820533 0.0 119:1.0 143:1.0 
-0.1 0.1 
-0.1 0.1 
-0.1 0.1 
-0.1 0.1 
-0.1 0.1 
-0.1 0.1 
-0.1 0.1 
-0.1 0.1 
-0.020786287626500137 0.03477930146136516 128:1.0 
-0.1 0.1 
-0.1 0.1 
-0.1 0.1 
-0.0 0.1 149:1.0 
-0.1 0.1 
-0.1 0.1 
-0.1 0.1 
-0.1 0.1 
-0.1 0.1 
-0.1 0.1 
-0.1 0.1 
-0.1 0.1 
-0.1 0.1 
-0.1 0.1 
-0.1 0.1 
-0.1 0.1 
-0.0 0.1 59:1.0 232:1.0 
-0.1 0.1 
-0.1 0.1 
-0.0 0.1 101:1.0 
-0.1 0.1 
-0.1 0.1 
-0.020809733926539176 0.1 94:1.0 
-0.1 0.1 
-0.1 0.025716295247550026 77:1.0 
-0.1 0.1 
-0.1 0.1 
-0.1 0.1 
-0.1 0.1 
-0.1 0.1 
-0.0 0.040105338212775406 220:1.0 
-0.1 0.1 
-0.0 0.1 31:1.0 
-0.1 0.1 208:1.0 231:1.0 
-0.1 0.1 
-0.1 0.1 
-0.1 0.1 
-0.1 0.1 
-0.1 0.1 
-0.1 0.1 
-0.1 0.1 
-0.0 0.058138240293627776 190:1.0 
-0.023647779152470565 0.04003152097249797 63:1.0 
-0.1 0.1 
-0.1 0.1 
-0.1 0.1 
-0.1 0.1 
-0.021206440137201153 0.1 65:1.0 137:1.0 
-0.1 0.1 
-0.1 0.1 
-0.1 0.1 
-0.1 0.0 151:1.0 
-0.1 0.1 
-0.1 0.1 
-0.1 0.1 
-0.1 0.03145998849788953 132:1.0 
-0.1 0.1 
-0.1 0.1 
-0.0 0.06990767260317443 34:1.0 
-0.0 0.1 122:1.0 273:1.0 280:1.0 
-0.1 0.1 
-0.1 0.1 
-0.020725793759417712 0.08291900282105202 190:1.0 
-0.026656057104989778 0.1 
-0.1 0.046698862822400655 239:1.0 
-0.0 0.1 
-0.0 0.06996831730247918 179:1.0 
-0.0 0.1 85:1.0 
-0.0 0.1 
-0.020614340961620868 0.1 39:1.0 
-0.0 0.1 
-0.0 0.1 
-0.0 0.1 
-0.0 0.1 
-0.1 0.1 205:1.0 
-0.02029978709857451 0.022833743028218875 29:1.0 120:1.0 131:1.0 167:1.0 185:1.0 263:1.0 296:1.0 312:1.0 
-0.003452802109186394 0.1 82:1.0 
-0.0 0.1 146:1.0 
-0.03345901163861865 0.06745461110047274 35:1.0 111:1.0 186:1.0 286:1.0 
-0.03356757909150805 0.0 77:1.0 155:1.0 156:1.0 247:1.0 
-0.0 0.1 
-0.1 0.03941440005580972 144:1.0 
-0.0 0.1 
-0.021508285787587386 0.0 151:1.0 
-0.0 0.1 
-0.0 0.1 
-0.07926496348433398 0.0 46:1.0 103:1.0 130:1.0 297:1.0 
-0.0 0.1 
-0.0 0.08711183783561219 49:1.0 75:1.0 156:1.0 
-0.016398097730185343 0.015447402156807056 1:1.0 98:1.0 
-0.0 0.1 
-0.0 0.1 
-0.0 0.1 
-0.0 0.1 71:1.0 197:1.0 270:1.0 
-0.1 -0.1 
-0.1 -0.1 
-0.1 -0.1 
-0.1 -0.1 
-0.1 -0.1 23:1.0 
-0.1 -0.1 
-0.1 -0.1 
-0.0 -0.1 85:1.0 
-0.1 -0.1 18:1.0 
-0.1 -0.1 
-0.1 -0.1 
-0.1 -0.1 
-0.1 -0.1 
-0.1 -0.1 
-0.1 -0.1 
-0.1 -0.1 
-0.1 -0.1 56:1.0 
-0.1 -0.1 
-0.1 -0.1 205:1.0 
-0.1 -0.1 
-0.1 -0.1 
-0.1 -0.1 
-0.0 -0.1 129:1.0 
-0.0 -0.1 265:1.0 
-0.1 -0.1 24:1.0 
-0.1 -0.1 
-0.0 -0.1 51:1.0 
-0.1 -0.1 
-0.1 -0.1 
-0.0 -0.1 43:1.0 158:1.0 160:1.0 281:1.0 302:1.0 
-0.1 -0.1 
-0.1 -0.1 
-0.1 -0.1 
-0.1 -0.1 
-0.1 -0.1 
-0.1 -0.1 139:1.0 
-0.1 -0.1 
-0.1 -0.1 
-0.1 -0.1 
-0.1 -0.1 
-0.1 -0.1 
-0.025907352233203354 -0.1 276:1.0 
-0.1 -0.1 82:1.0 143:1.0 
-0.1 -0.1 
-0.0 -0.1 203:1.0 
-0.0 -0.1 223:1.0 
-0.1 -0.1 
-0.1 -0.1 
-0.1 -0.1 
-0.0 -0.1 217:1.0 
-0.1 -0.1 
-0.1 -0.1 102:1.0 
-0.1 -0.1 
-0.1 -0.1 
-0.1 -0.1 25:1.0 
-0.1 -0.1 
-0.1 -0.1 115:1.0 258:1.0 
-0.1 -0.1 
-0.1 -0.1 
-0.1 -0.1 
-0.1 -0.1 
-0.0 -0.1 232:1.0 
-0.1 -0.1 
-0.04792256724191389 -0.1 52:1.0 229:1.0 
-0.1 -0.1 
-0.1 -0.1 
-0.1 -0.1 
-0.0 -0.1 154:1.0 265:1.0 
-0.1 -0.1 
-0.1 -0.1 
-0.1 -0.1 
-0.1 -0.1 
-0.01801168569938309 -0.1 61:1.0 139:1.0 
-0.1 -0.1 
-0.1 -0.1 
-0.1 -0.1 
-0.02592024662861091 -0.1 267:1.0 
-0.1 -0.1 
-0.1 -0.1 
-0.1 -0.1 
-0.0 -0.1 16:1.0 
-0.03713034207885915 -0.1 154:1.0 248:1.0 
-0.0 -0.1 53:1.0 194:1.0 
-0.0 -0.1 257:1.0 
-0.1 -0.1 
-0.1 -0.1 
-0.1 -0.1 
-0.1 -0.1 
-0.0 -0.1 255:1.0 
-0.017386078500950107 -0.1 200:1.0 
-0.1 -0.1 
-0.1 -0.1 
-0.1 -0.1 
-0.0 -0.1 162:1.0 
-0.1 -0.1 
-0.1 -0.1 14:1.0 15:1.0 
-0.025959801485038222 -0.1 34:1.0 
-0.0 -0.1 80:1.0 196:1.0 
-0.02599929136626708 -0.1 166:1.0 
-0.1 -0.1 
-0.1 -0.1 
-0.0 -0.1 201:1.0 
-0.0 -0.1 26:1.0 73:1.0 149:1.0 
-0.1 -0.1 
-0.02603871637904 -0.1 190:1.0 
-0.1 -0.1 
-0.1 -0.1 
-0.01746724951854316 -0.1 68:1.0 
-0.1 -0.1 
-0.1 -0.1 
-0.1 -0.1 
-0.1 -0.1 
-0.1 -0.1 
-0.01754864057980104 -0.1 31:1.0 
-0.09135670523023914 -0.1 73:1.0 146:1.0 168:1.0 
-0.1 -0.1 
-0.1 -0.1 
-0.1 -0.1 
-0.1 -0.1 
-0.0 -0.1 65:1.0 157:1.0 
-0.0 -0.1 184:1.0 
-0.01763025218907542 -0.1 255:1.0 
-0.0 -0.1 110:1.0 265:1.0 
-0.026862346003947435 -0.1 39:1.0 
-0.1 -0.1 
-0.1 -0.1 141:1.0 274:1.0 
-0.1 -0.1 
-0.1 -0.1 
-0.1 -0.1 
-0.1 -0.1 
-0.1 -0.1 
-0.1 -0.1 
-0.1 -0.1 99:1.0 
-0.1 -0.1 
-0.1 -0.1 
-0.1 -0.1 
-0.1 -0.1 
-0.1 -0.1 
-0.0 -0.1 162:1.0 
-0.1 -0.1 
-0.1 -0.1 
-0.1 -0.1 
-0.1 -0.1 
-0.1 -0.1 35:1.0 186:1.0 258:1.0 286:1.0 
-0.1 -0.1 
-0.1 -0.1 
-0.1 -0.1 260:1.0 
-0.1 -0.1 
-0.1 -0.1 
-0.0 -0.1 35:1.0 
-0.1 -0.1 
-0.0 -0.1 32:1.0 113:1.0 174:1.0 251:1.0 279:1.0 287:1.0 313:1.0 
-0.02251636134705557 -0.1 121:1.0 184:1.0 
-0.1 -0.1 
-0.0 -0.1 69:1.0 
-0.0 -0.1 163:1.0 
-0.1 -0.1 
-0.018778406991702322 -0.1 179:1.0 
-0.1 -0.1 
-0.1 -0.1 
-0.1 -0.1 
-0.1 -0.1 
-0.1 -0.1 
-0.1 -0.1 
-0.018809304290325502 -0.1 198:1.0 
-0.01884025242622715 -0.1 164:1.0 
-0.1 -0.1 
-0.01435558487984369 -0.1 202:1.0 
-0.1 -0.1 
-0.1 -0.1 
-0.08122159300829768 -0.1 45:1.0 197:1.0 
-0.0811906957096745 -0.1 26:1.0 243:1.0 
-0.1 -0.1 
-0.1 -0.1 
-0.1 -0.1 27:1.0 182:1.0 299:1.0 
-0.01448183563058747 -0.1 137:1.0 
-0.0 -0.1 231:1.0 
-0.1 -0.1 
-0.1 -0.1 
-0.019316409943598786 -0.1 245:1.0 
-0.1 -0.1 
-0.0 -0.1 14:1.0 247:1.0 
-0.1 -0.1 
-0.03239604925798959 -0.1 257:1.0 
-0.1 -0.1 171:1.0 
-0.0 -0.1 58:1.0 
-0.06750539638799702 -0.1 106:1.0 177:1.0 
-0.1 -0.1 
-0.02489059324748328 -0.1 231:1.0 
-0.1 -0.1 
-0.1 -0.1 178:1.0 
-0.1 -0.1 
-0.1 -0.1 
-0.1 -0.1 
-0.0 -0.1 232:1.0 
-0.0 -0.1 2:1.0 
-0.1 -0.1 
-0.1 -0.1 
-0.0 -0.1 222:1.0 
-0.1 -0.1 
-0.1 -0.1 
-0.1 -0.1 
-0.0 -0.1 122:1.0 273:1.0 280:1.0 
-0.1 -0.1 162:1.0 171:1.0 259:1.0 264:1.0 
-0.0 -0.1 85:1.0 
-0.1 -0.1 
-0.1 -0.1 
-0.027891192540259728 -0.1 59:1.0 
-0.1 -0.1 
-0.048001417267454265 -0.1 98:1.0 176:1.0 
-0.1 -0.1 
-0.1 -0.1 
-0.0 -0.1 157:1.0 
-0.1 -0.1 
-0.1 -0.1 
-0.1 -0.1 153:1.0 
-0.1 -0.1 
-0.1 -0.1 147:1.0 211:1.0 298:1.0 
-0.0 -0.1 154:1.0 
-0.0 -0.1 16:1.0 202:1.0 269:1.0 270:1.0 
-0.041725040914851005 -0.1 224:1.0 
-0.1 -0.1 
-0.1 -0.1 
-0.030694318528970713 -0.1 53:1.0 194:1.0 
-0.1 -0.1 
-0.1 -0.1 
-0.1 -0.1 
-0.1 -0.1 
-0.1 -0.1 
-0.1 -0.1 
-0.1 -0.1 
-0.1 -0.1 
-0.1 -0.1 
-0.1 -0.1 70:1.0 
-0.0 -0.1 10:1.0 
-0.1 -0.1 
-0.1 -0.1 
-0.1 -0.1 189:1.0 
-0.1 -0.1 
-0.1 -0.1 
-0.1 -0.1 
-0.1 -0.1 
-0.0 -0.1 164:1.0 221:1.0 
-0.023093044889945142 -0.1 97:1.0 108:1.0 
-0.1 -0.1 
-0.1 -0.1 
-0.1 -0.1 
-0.1 -0.1 
-0.1 -0.1 
-0.1 -0.1 
-0.1 -0.1 
-0.1 -0.1 
-0.03249460361200298 -0.1 196:1.0 
-0.0682518187220005 -0.1 150:1.0 162:1.0 270:1.0 
-0.1 -0.1 
-0.1 -0.1 
-0.1 -0.1 
-0.1 -0.1 
-0.1 -0.1 
-0.05734310114531293 -0.1 56:1.0 73:1.0 177:1.0 
-0.0 -0.1 265:1.0 
-0.1 -0.1 176:1.0 
-0.1 -0.1 
-0.07313765399605257 -0.1 184:1.0 
-0.1 -0.1 
-0.1 -0.1 
-0.1 -0.1 
-0.0697198952186585 -0.1 84:1.0 201:1.0 208:1.0 
-0.1 -0.1 
-0.04999999999999664 -0.1 16:1.0 
-0.1 -0.1 
-0.04999999999999664 -0.1 165:1.0 
-0.0 -0.1 203:1.0 220:1.0 
-0.1 -0.1 
-0.1 -0.1 9:1.0 
-0.1 -0.1 
-0.1 -0.1 
-0.1 -0.1 
-0.1 -0.1 
-0.1 -0.1 
-0.1 -0.1 
-0.1 -0.1 
-0.1 -0.1 
-0.0 -0.1 71:1.0 
-0.1 -0.1 
-0.1 -0.1 229:1.0 
-0.0 -0.1 43:1.0 158:1.0 160:1.0 281:1.0 302:1.0 
-0.1 -0.1 
-0.04999999999999664 -0.1 58:1.0 
-0.1 -0.1 
-0.0 -0.1 206:1.0 
-0.1 -0.1 
-0.04310870953586861 -0.1 249:1.0 269:1.0 
-0.1 -0.1 
-0.1 -0.1 
-0.1 -0.1 
-0.1 -0.1 13:1.0 84:1.0 
-0.1 -0.1 
-0.1 -0.1 
-0.04999999999999664 -0.1 21:1.0 
-0.0371044509104191 -0.1 43:1.0 158:1.0 160:1.0 281:1.0 302:1.0 
-0.1 -0.1 
-0.030692257224237077 -0.1 18:1.0 62:1.0 
-0.0 -0.1 269:1.0 
-0.1 -0.1 
-0.1 -0.1 
-0.1 -0.1 
-0.1 -0.1 
-0.1 -0.1 
-0.1 -0.1 
-0.1 -0.1 97:1.0 
-0.1 -0.1 
-0.1 -0.1 
-0.1 -0.1 
-0.0 -0.1 265:1.0 
-0.1 -0.1 191:1.0 
-0.1 -0.1 244:1.0 
-0.04999999999999664 -0.1 85:1.0 
-0.1 -0.1 
-0.06286965792114085 -0.1 176:1.0 236:1.0 
-0.02481469622269541 -0.1 32:1.0 113:1.0 149:1.0 228:1.0 284:1.0 313:1.0 
-0.0 -0.1 106:1.0 
-0.04999999999999664 -0.1 17:1.0 
-0.1 -0.1 
-0.1 -0.1 
-0.1 -0.1 
-0.1 -0.1 
-0.1 -0.1 
-0.04999999999999664 -0.1 232:1.0 
-0.03069010604003999 -0.1 10:1.0 71:1.0 
-0.030687864686200675 -0.1 20:1.0 129:1.0 
-0.1 -0.1 
-0.04999999999999664 -0.1 88:1.0 
-0.04999999999999664 -0.1 79:1.0 
-0.1 -0.1 
-0.1 -0.1 
-0.1 -0.1 
-0.0 -0.1 203:1.0 
-0.1 -0.1 
-0.0 -0.1 184:1.0 203:1.0 252:1.0 
-0.04999999999999664 -0.1 170:1.0 
-0.1 -0.1 
-0.1 -0.1 
-0.1 -0.1 
-0.04999999999999664 -0.1 101:1.0 
-0.1 -0.1 
-0.1 -0.1 
-0.1 -0.1 
-0.1 -0.1 
-0.1 -0.1 
-0.1 -0.1 
-0.1 -0.1 
-0.025920246628608857 -0.1 156:1.0 
-0.05000000000000337 -0.1 93:1.0 
-0.026870660132675694 -0.1 223:1.0 
-0.1 -0.1 27:1.0 182:1.0 299:1.0 
-0.03367019742534082 -0.1 41:1.0 
-0.1 -0.1 
-0.1 -0.1 
-0.1 -0.1 224:1.0 
-0.1 -0.1 258:1.0 
-0.03382971065375766 -0.1 122:1.0 273:1.0 280:1.0 
-0.0 -0.1 206:1.0 
-0.1 -0.1 
-0.1 -0.1 
-0.1 -0.1 
-0.1 -0.1 
-0.1 -0.1 
-0.1 -0.1 
-0.1 -0.1 231:1.0 
-0.1 -0.1 191:1.0 204:1.0 266:1.0 
-0.1 -0.1 
-0.1 -0.1 47:1.0 
-0.0 -0.1 6:1.0 
-0.0 -0.1 14:1.0 70:1.0 
-0.0 -0.1 4:1.0 26:1.0 37:1.0 149:1.0 
-0.1 -0.1 
-0.0165499181703027 -0.1 108:1.0 191:1.0 
-0.1 -0.1 99:1.0 
-0.1 -0.1 
-0.03174818127799949 -0.1 37:1.0 184:1.0 
-0.1 -0.1 
-0.1 -0.1 
-0.1 -0.1 
-0.0 -0.1 209:1.0 
-0.1 -0.1 
-0.05000000000000337 -0.1 80:1.0 
-0.1 -0.1 
-0.1 -0.1 
-0.1 -0.1 
-0.1 -0.1 182:1.0 268:1.0 
-0.1 -0.1 
-0.1 -0.1 
-0.1 -0.1 
-0.1 -0.1 
-0.1 -0.1 
-0.1 -0.1 
-0.1 -0.1 
-0.1 -0.1 
-0.1 -0.1 
-0.1 -0.1 
-0.1 -0.1 
-0.1 -0.1 
-0.1 -0.1 103:1.0 138:1.0 
-0.1 -0.1 
-0.05000000000000337 -0.1 110:1.0 
-0.0 -0.1 265:1.0 
-0.1 -0.1 74:1.0 203:1.0 
-0.1 -0.1 
-0.05000000000000337 -0.1 213:1.0 
-0.03429379117047113 -0.1 95:1.0 173:1.0 212:1.0 250:1.0 
-0.1 -0.1 
-0.1 -0.1 
-0.1 -0.1 
-0.1 -0.1 
-0.08115974757377285 -0.1 12:1.0 206:1.0 
-0.1 -0.1 
-0.1 -0.1 
-0.0 -0.1 48:1.0 
-0.1 -0.1 28:1.0 
-0.1 -0.1 
-0.1 -0.1 
-0.1 -0.1 
-0.1 -0.1 
-0.1 -0.1 222:1.0 
-0.06289554908958091 -0.1 75:1.0 105:1.0 217:1.0 
-0.1 -0.1 
-0.0 -0.1 48:1.0 
-0.1 -0.1 
-0.1 -0.1 
-0.1 -0.1 
-0.1 -0.1 
-0.05000000000000337 -0.1 163:1.0 
-0.1 -0.1 
-0.1 -0.1 
-0.030280104781341508 -0.1 141:1.0 268:1.0 
-0.1 -0.1 
-0.05000000000000337 -0.1 221:1.0 
-0.1 -0.1 
-0.1 -0.1 
-0.1 -0.1 
-0.1 -0.1 231:1.0 
-0.1 -0.1 
-0.1 -0.1 
-0.1 -0.1 
-0.1 -0.1 
-0.1 -0.1 
-0.1 -0.1 
-0.1 -0.1 30:1.0 209:1.0 
-0.05000000000000337 -0.1 218:1.0 
-0.025006253825304987 -0.1 61:1.0 
-0.05000000000000337 -0.1 222:1.0 
-0.1 -0.1 
-0.1 -0.1 
-0.1 -0.1 
-0.1 -0.1 
-0.1 -0.1 
-0.1 -0.1 
-0.1 -0.1 
-0.1 -0.1 
-0.0 -0.1 157:1.0 
-0.1 -0.1 
-0.0 -0.1 254:1.0 
-0.1 -0.1 
-0.1 -0.1 
-0.1 -0.1 143:1.0 
-0.1 -0.1 
-0.0 -0.1 270:1.0 
-0.1 -0.1 
-0.0 -0.1 32:1.0 113:1.0 174:1.0 251:1.0 279:1.0 287:1.0 313:1.0 
-0.1 -0.1 
-0.1 -0.1 
-0.1 -0.1 
-0.02953521307657684 -0.1 32:1.0 113:1.0 174:1.0 251:1.0 279:1.0 287:1.0 313:1.0 
-0.1 -0.1 
-0.1 -0.1 231:1.0 
-0.1 -0.1 
-0.1 -0.1 
-0.1 -0.1 83:1.0 
-0.1 -0.1 
-0.1 -0.1 
-0.1 -0.1 
-0.03239604925798308 -0.1 133:1.0 
-0.025907352233195305 -0.1 193:1.0 
-0.1 -0.1 
-0.1 -0.1 
-0.1 -0.1 
-0.1 -0.1 
-0.1 -0.1 
-0.1 -0.1 
-0.1 -0.1 
-0.1 -0.1 
-0.1 -0.1 
-0.1 -0.1 
-0.05000000000000337 -0.1 51:1.0 
-0.1 -0.1 
-0.1 -0.1 
-0.0 -0.1 217:1.0 
-0.1 -0.1 
-0.07345652653286011 -0.1 118:1.0 142:1.0 237:1.0 
-0.1 -0.1 
-0.05000000000000337 -0.1 157:1.0 
-0.1 -0.1 
-0.08358647270153305 -0.1 33:1.0 254:1.0 
-0.1 -0.1 
-0.05000000000000337 -0.1 48:1.0 
-0.1 -0.1 
-0.1 -0.1 
-0.1 -0.1 
-0.0 -0.1 73:1.0 
-0.1 -0.1 147:1.0 
-0.1 -0.1 
-0.1 -0.1 
-0.1 -0.1 87:1.0 
-0.1 -0.1 
-0.0 -0.1 265:1.0 
-0.1 -0.1 
-0.0 -0.1 269:1.0 
-0.026038716379046114 -0.1 265:1.0 
-0.1 -0.1 27:1.0 64:1.0 104:1.0 182:1.0 261:1.0 283:1.0 290:1.0 292:1.0 299:1.0 
-0.1 -0.1 
-0.013950935869094988 -0.1 49:1.0 69:1.0 75:1.0 250:1.0 
-0.1 -0.1 230:1.0 
-0.1 -0.1 
-0.1 -0.1 
-0.1 -0.1 
-0.1 -0.1 
-0.1 -0.1 90:1.0 
-0.02599929136627866 -0.1 2:1.0 
-0.025959801485040963 -0.1 136:1.0 
-0.1 -0.1 
-0.02789119254025848 -0.1 94:1.0 
-0.039928418337909125 -0.1 55:1.0 135:1.0 181:1.0 187:1.0 277:1.0 288:1.0 303:1.0 
-0.1 -0.1 
-0.1 -0.1 
-0.025362081859302166 -0.1 6:1.0 
-0.1 -0.1 
