svm_type c_svc
kernel_type rbf
gamma 0.001
nr_class 3
total_sv 1577
rho 0.8806468548480131 0.8979890120080362 -0.9059540861895858
label 2 0 1
nr_sv 419 621 537
SV
1.0 1.0 
1.0 1.0 271:1.0 
1.0 1.0 
1.0 1.0 64:1.0 125:1.0 182:1.0 261:1.0 283:1.0 292:1.0 
1.0 1.0 
1.0 1.0 99:1.0 204:1.0 
1.0 1.0 
1.0 1.0 
1.0 1.0 
1.0 1.0 
1.0 1.0 
1.0 1.0 
1.0 1.0 
1.0 1.0 
1.0 1.0 
1.0 1.0 33:1.0 115:1.0 226:1.0 258:1.0 
1.0 1.0 243:1.0 
1.0 1.0 
1.0 1.0 
1.0 1.0 
1.0 1.0 
1.0 1.0 
1.0 1.0 151:1.0 
1.0 1.0 
1.0 1.0 
1.0 1.0 47:1.0 
1.0 1.0 
1.0 1.0 
1.0 1.0 205:1.0 
1.0 1.0 
1.0 1.0 
1.0 1.0 
1.0 1.0 
1.0 1.0 
1.0 1.0 
1.0 1.0 159:1.0 177:1.0 
1.0 1.0 
1.0 1.0 77:1.0 
1.0 1.0 
1.0 1.0 
1.0 1.0 13:1.0 23:1.0 54:1.0 
1.0 1.0 
1.0 1.0 64:1.0 125:1.0 182:1.0 261:1.0 283:1.0 292:1.0 
1.0 1.0 
1.0 1.0 
1.0 1.0 
1.0 1.0 
1.0 1.0 
1.0 1.0 
1.0 1.0 
1.0 1.0 
1.0 1.0 
1.0 1.0 204:1.0 
1.0 1.0 
1.0 1.0 
1.0 1.0 
1.0 1.0 40:1.0 
1.0 1.0 
1.0 1.0 
1.0 1.0 
1.0 1.0 90:1.0 
1.0 1.0 72:1.0 92:1.0 195:1.0 278:1.0 306:1.0 
1.0 1.0 
1.0 1.0 
1.0 1.0 
1.0 1.0 74:1.0 96:1.0 
1.0 1.0 141:1.0 
1.0 1.0 99:1.0 
1.0 1.0 
1.0 1.0 
1.0 1.0 27:1.0 64:1.0 104:1.0 182:1.0 225:1.0 261:1.0 283:1.0 290:1.0 292:1.0 299:1.0 
1.0 1.0 15:1.0 125:1.0 
1.0 1.0 
1.0 1.0 
1.0 1.0 
1.0 1.0 15:1.0 19:1.0 
1.0 1.0 
1.0 1.0 139:1.0 
1.0 1.0 
1.0 1.0 
1.0 1.0 
1.0 1.0 
1.0 1.0 
1.0 1.0 
1.0 1.0 
1.0 1.0 
1.0 1.0 
1.0 1.0 
1.0 1.0 
1.0 1.0 230:1.0 
1.0 1.0 74:1.0 258:1.0 
1.0 1.0 266:1.0 
1.0 1.0 27:1.0 64:1.0 104:1.0 182:1.0 261:1.0 283:1.0 290:1.0 292:1.0 299:1.0 
1.0 1.0 
1.0 1.0 266:1.0 
1.0 1.0 
1.0 1.0 
1.0 1.0 13:1.0 103:1.0 
1.0 1.0 12:1.0 
1.0 1.0 19:1.0 
1.0 1.0 
1.0 1.0 219:1.0 
1.0 1.0 
1.0 1.0 74:1.0 
1.0 1.0 
1.0 1.0 
1.0 1.0 
1.0 1.0 90:1.0 
1.0 1.0 
1.0 1.0 
1.0 1.0 
1.0 1.0 
1.0 1.0 
1.0 1.0 
1.0 1.0 
1.0 1.0 150:1.0 168:1.0 
1.0 1.0 64:1.0 
1.0 1.0 
1.0 1.0 
1.0 1.0 
1.0 1.0 
1.0 1.0 125:1.0 
1.0 1.0 
1.0 1.0 
1.0 1.0 
1.0 1.0 22:1.0 60:1.0 
1.0 1.0 
1.0 1.0 
1.0 1.0 
1.0 1.0 224:1.0 
1.0 1.0 
1.0 1.0 
1.0 1.0 45:1.0 
1.0 1.0 
1.0 1.0 
1.0 1.0 25:1.0 
1.0 1.0 
1.0 1.0 
1.0 1.0 
1.0 1.0 
1.0 1.0 
1.0 1.0 
1.0 1.0 86:1.0 109:1.0 242:1.0 300:1.0 305:1.0 
1.0 1.0 244:1.0 
1.0 1.0 
1.0 1.0 
1.0 1.0 
1.0 1.0 
1.0 1.0 
1.0 1.0 
1.0 1.0 
1.0 1.0 
1.0 1.0 
1.0 1.0 
1.0 1.0 66:1.0 258:1.0 
1.0 1.0 
1.0 1.0 
1.0 1.0 
1.0 1.0 
1.0 1.0 8:1.0 9:1.0 
1.0 1.0 231:1.0 
1.0 1.0 8:1.0 9:1.0 189:1.0 
1.0 1.0 191:1.0 
1.0 1.0 
1.0 1.0 15:1.0 
1.0 1.0 70:1.0 
1.0 1.0 83:1.0 84:1.0 
1.0 1.0 147:1.0 211:1.0 298:1.0 
1.0 1.0 105:1.0 117:1.0 
1.0 1.0 191:1.0 
1.0 1.0 89:1.0 162:1.0 231:1.0 
1.0 1.0 
1.0 1.0 
1.0 1.0 184:1.0 
1.0 1.0 159:1.0 
1.0 1.0 264:1.0 
1.0 1.0 151:1.0 
1.0 1.0 89:1.0 
1.0 1.0 
1.0 1.0 
1.0 1.0 
1.0 1.0 30:1.0 89:1.0 
1.0 1.0 
1.0 1.0 
1.0 1.0 
1.0 1.0 
1.0 1.0 143:1.0 182:1.0 225:1.0 261:1.0 283:1.0 
1.0 1.0 132:1.0 
1.0 1.0 
1.0 1.0 153:1.0 
1.0 1.0 
1.0 1.0 
1.0 1.0 
1.0 1.0 
1.0 1.0 
1.0 1.0 
1.0 1.0 171:1.0 
1.0 1.0 
1.0 1.0 229:1.0 
1.0 1.0 
1.0 1.0 
1.0 1.0 143:1.0 
1.0 1.0 
1.0 1.0 
1.0 1.0 
1.0 1.0 246:1.0 
1.0 1.0 
1.0 1.0 
1.0 1.0 
1.0 1.0 97:1.0 
1.0 1.0 258:1.0 
1.0 1.0 22:1.0 115:1.0 
1.0 1.0 
1.0 1.0 182:1.0 
1.0 1.0 
1.0 1.0 74:1.0 
1.0 1.0 
1.0 1.0 
1.0 1.0 145:1.0 
1.0 1.0 
1.0 1.0 143:1.0 
1.0 1.0 
1.0 1.0 
1.0 1.0 204:1.0 
1.0 1.0 
1.0 1.0 260:1.0 
1.0 1.0 
1.0 1.0 211:1.0 
1.0 1.0 
1.0 1.0 56:1.0 
1.0 1.0 
1.0 1.0 
1.0 1.0 131:1.0 239:1.0 
1.0 1.0 
1.0 1.0 
1.0 1.0 96:1.0 171:1.0 
1.0 1.0 141:1.0 
1.0 1.0 
1.0 1.0 64:1.0 103:1.0 104:1.0 130:1.0 282:1.0 290:1.0 297:1.0 
1.0 1.0 
1.0 1.0 
1.0 1.0 13:1.0 23:1.0 54:1.0 64:1.0 130:1.0 282:1.0 
1.0 1.0 56:1.0 176:1.0 
1.0 1.0 
1.0 1.0 
1.0 1.0 
1.0 1.0 175:1.0 182:1.0 
1.0 1.0 
1.0 1.0 176:1.0 
1.0 1.0 260:1.0 
1.0 1.0 
1.0 1.0 
1.0 1.0 
1.0 1.0 
1.0 1.0 
1.0 1.0 231:1.0 
1.0 1.0 
1.0 1.0 
1.0 1.0 
1.0 1.0 
1.0 1.0 
1.0 1.0 86:1.0 109:1.0 242:1.0 300:1.0 305:1.0 
1.0 1.0 
1.0 1.0 103:1.0 
1.0 1.0 
1.0 1.0 
1.0 1.0 208:1.0 
1.0 1.0 
1.0 1.0 
1.0 1.0 
1.0 1.0 
1.0 1.0 168:1.0 
1.0 1.0 24:1.0 60:1.0 
1.0 1.0 
1.0 1.0 
1.0 1.0 24:1.0 
1.0 1.0 24:1.0 
1.0 1.0 
1.0 1.0 
1.0 1.0 
1.0 1.0 
1.0 1.0 
1.0 1.0 
1.0 1.0 
1.0 1.0 260:1.0 
1.0 1.0 
1.0 1.0 
1.0 1.0 
1.0 1.0 
1.0 1.0 60:1.0 114:1.0 
1.0 1.0 
1.0 1.0 
1.0 1.0 
1.0 1.0 
1.0 1.0 
1.0 1.0 
1.0 1.0 264:1.0 
1.0 1.0 260:1.0 
1.0 1.0 126:1.0 
1.0 1.0 
1.0 1.0 28:1.0 258:1.0 
1.0 1.0 
1.0 1.0 
1.0 1.0 78:1.0 
1.0 1.0 
1.0 1.0 
1.0 1.0 22:1.0 90:1.0 115:1.0 
1.0 1.0 
1.0 1.0 
1.0 1.0 
1.0 1.0 
1.0 1.0 144:1.0 
1.0 1.0 
1.0 1.0 
1.0 1.0 
1.0 1.0 
1.0 1.0 
1.0 1.0 
1.0 1.0 204:1.0 226:1.0 
1.0 1.0 
1.0 1.0 
1.0 1.0 60:1.0 233:1.0 
1.0 1.0 256:1.0 307:1.0 
1.0 1.0 
1.0 1.0 246:1.0 
1.0 1.0 
1.0 1.0 
1.0 1.0 
1.0 1.0 207:1.0 
1.0 1.0 
1.0 1.0 72:1.0 92:1.0 195:1.0 278:1.0 306:1.0 
1.0 1.0 18:1.0 
1.0 1.0 178:1.0 
1.0 1.0 117:1.0 
1.0 1.0 
1.0 1.0 
1.0 1.0 
1.0 1.0 
1.0 1.0 96:1.0 
1.0 1.0 
1.0 1.0 258:1.0 
1.0 1.0 
1.0 1.0 
1.0 1.0 
1.0 1.0 
1.0 1.0 
1.0 1.0 
1.0 1.0 
1.0 1.0 
1.0 1.0 
1.0 1.0 
1.0 1.0 
1.0 1.0 
1.0 1.0 72:1.0 92:1.0 195:1.0 278:1.0 306:1.0 
1.0 1.0 
1.0 1.0 
1.0 1.0 
1.0 1.0 
1.0 1.0 
1.0 1.0 
1.0 1.0 
1.0 1.0 
1.0 1.0 
1.0 1.0 
1.0 1.0 
1.0 1.0 54:1.0 
1.0 1.0 3:1.0 
1.0 1.0 
1.0 1.0 
1.0 1.0 30:1.0 
1.0 1.0 
1.0 1.0 
1.0 1.0 
1.0 1.0 
1.0 1.0 
1.0 1.0 
1.0 1.0 
1.0 1.0 
1.0 1.0 67:1.0 147:1.0 
1.0 1.0 
1.0 1.0 
1.0 1.0 271:1.0 
1.0 1.0 47:1.0 
1.0 1.0 
1.0 1.0 142:1.0 
1.0 1.0 
1.0 1.0 
1.0 1.0 
1.0 1.0 
1.0 1.0 
1.0 1.0 
1.0 1.0 
1.0 1.0 
1.0 1.0 
1.0 1.0 
1.0 1.0 67:1.0 
1.0 1.0 
1.0 1.0 
1.0 1.0 
1.0 1.0 87:1.0 
1.0 1.0 
1.0 1.0 
1.0 1.0 102:1.0 
1.0 1.0 
1.0 1.0 147:1.0 211:1.0 298:1.0 
1.0 1.0 
1.0 1.0 
1.0 1.0 
1.0 1.0 
1.0 1.0 222:1.0 
1.0 1.0 
1.0 1.0 
1.0 1.0 
1.0 1.0 
1.0 1.0 3:1.0 
1.0 1.0 
1.0 1.0 
1.0 1.0 
1.0 1.0 
-1.0 1.0 83:1.0 
-0.0 1.0 184:1.0 259:1.0 
-0.0 0.701195856852433 52:1.0 
-1.0 1.0 99:1.0 
-0.0 0.26730900770518407 198:1.0 
-0.0 1.0 194:1.0 
-0.0 0.2505757069198907 62:1.0 
-0.0 0.6798935204665061 136:1.0 183:1.0 
-0.0 0.22283273639459292 193:1.0 
-1.0 0.38571712646515677 233:1.0 
-1.0 0.3358324623992997 8:1.0 
-1.0 0.2302748057891233 19:1.0 151:1.0 
-0.0 0.230373002233564 210:1.0 289:1.0 
-0.0 1.0 6:1.0 88:1.0 192:1.0 269:1.0 
-0.0 1.0 61:1.0 139:1.0 234:1.0 
-0.0 1.0 257:1.0 265:1.0 
-0.0 0.5005071447749172 137:1.0 
-0.0 1.0 62:1.0 
-0.0 0.333425457919357 247:1.0 
-0.0 1.0 184:1.0 203:1.0 252:1.0 
-0.0 0.32016739443230874 259:1.0 
-0.0 0.5467980821130435 38:1.0 73:1.0 
-0.0 1.0 193:1.0 
-1.0 1.0 27:1.0 50:1.0 182:1.0 299:1.0 304:1.0 
-0.9979863369231228 0.0 117:1.0 
-1.0 0.16473515366904917 226:1.0 
-1.0 0.0 168:1.0 
-0.0 0.2416167592259477 20:1.0 122:1.0 273:1.0 280:1.0 
-0.0 1.0 2:1.0 
-0.0 1.0 267:1.0 
-0.0 1.0 140:1.0 223:1.0 
-0.0 1.0 16:1.0 
-1.0 0.262135298656089 64:1.0 103:1.0 130:1.0 189:1.0 282:1.0 297:1.0 
-1.0 1.0 87:1.0 
-0.0 1.0 196:1.0 
-0.2687429780715109 0.17802053334113377 143:1.0 267:1.0 
-0.12976218076378698 0.0 21:1.0 78:1.0 
-0.8289204684621131 0.7550880052376423 27:1.0 50:1.0 182:1.0 299:1.0 304:1.0 
-0.5007540126913027 0.687869920096891 150:1.0 218:1.0 
-0.0 1.0 73:1.0 
-1.0 0.22272405208952833 125:1.0 
-1.0 1.0 182:1.0 
-1.0 1.0 30:1.0 230:1.0 
-0.0 1.0 129:1.0 
-0.0 1.0 157:1.0 
-1.0 1.0 143:1.0 
-0.0 1.0 164:1.0 
-1.0 0.514491534585501 15:1.0 34:1.0 175:1.0 
-0.0 0.4994928552250828 21:1.0 
-0.0 0.23060256192145495 5:1.0 101:1.0 
-0.0 1.0 121:1.0 198:1.0 
-0.0 0.4994928552250828 133:1.0 
-1.0 1.0 28:1.0 
-0.0 1.0 118:1.0 
-0.0 0.34681304639047716 
-0.0 0.5292831671321069 49:1.0 122:1.0 
-0.0 1.0 
-0.0 1.0 73:1.0 149:1.0 228:1.0 284:1.0 
-1.0 0.0 67:1.0 114:1.0 
-1.0 1.0 204:1.0 
-0.0 1.0 
-0.0 1.0 
-0.0 1.0 
-0.0 1.0 20:1.0 129:1.0 
-0.0 1.0 
-0.0 1.0 
-0.0 1.0 
-0.0 1.0 
-0.0 1.0 
-0.0 1.0 
-0.0 1.0 
-0.0 0.27154304955708325 214:1.0 
-0.0 1.0 
-0.0 1.0 
-1.0 0.2436142051588867 246:1.0 
-0.0 1.0 
-0.0 0.3201064795334939 237:1.0 
-1.0 1.0 141:1.0 
-0.0 0.18789117040713024 248:1.0 
-0.0 1.0 
-0.0 1.0 
-0.0 1.0 
-0.0 1.0 
-0.0 1.0 
-0.0 1.0 
-0.0 1.0 
-0.0 1.0 
-0.0 1.0 
-0.0 1.0 
-0.0 1.0 
-0.0 1.0 
-0.0 1.0 
-0.0 1.0 
-0.0 1.0 
-0.0 0.1872495323240072 51:1.0 65:1.0 199:1.0 
-0.0 1.0 231:1.0 
-0.0 1.0 
-0.0 0.14444473196910917 38:1.0 49:1.0 73:1.0 236:1.0 
-0.0 1.0 
-1.0 0.06669711507674539 86:1.0 109:1.0 242:1.0 300:1.0 305:1.0 
-0.0 1.0 
-0.0 1.0 85:1.0 
-1.0 1.0 184:1.0 
-0.0 1.0 
-0.0 1.0 
-0.0 1.0 
-0.0 1.0 
-0.0 1.0 155:1.0 270:1.0 
-0.0 1.0 
-0.0 1.0 
-1.0 1.0 
-1.0 1.0 
-1.0 1.0 
-1.0 1.0 
-0.0 0.10484984425414506 4:1.0 175:1.0 240:1.0 
-0.0 1.0 66:1.0 106:1.0 157:1.0 
-1.0 1.0 
-1.0 1.0 
-1.0 0.16668070249393274 159:1.0 
-1.0 1.0 
-1.0 1.0 
-0.0 1.0 26:1.0 69:1.0 
-0.0 0.12504122210216395 40:1.0 241:1.0 
-1.0 0.0 90:1.0 
-1.0 1.0 
-1.0 1.0 
-0.0 1.0 255:1.0 
-1.0 1.0 
-1.0 1.0 260:1.0 
-1.0 1.0 
-1.0 1.0 
-1.0 0.0 117:1.0 
-0.06480122592675616 0.0 29:1.0 91:1.0 120:1.0 131:1.0 167:1.0 185:1.0 216:1.0 235:1.0 253:1.0 285:1.0 291:1.0 294:1.0 301:1.0 309:1.0 312:1.0 
-0.0 0.4122755767174201 138:1.0 227:1.0 232:1.0 
-1.0 1.0 
-1.0 1.0 
-1.0 1.0 
-1.0 1.0 
-0.0 0.7720501943320011 21:1.0 
-1.0 1.0 
-1.0 1.0 
-1.0 1.0 
-0.4119433588339703 0.4047811642162703 179:1.0 227:1.0 243:1.0 
-1.0 0.0 145:1.0 
-1.0 1.0 
-1.0 1.0 
-1.0 1.0 
-1.0 1.0 
-0.0 0.5293238934972992 255:1.0 
-1.0 1.0 
-1.0 1.0 
-1.0 1.0 
-1.0 1.0 
-1.0 1.0 
-1.0 1.0 
-1.0 1.0 
-1.0 1.0 
-0.0 1.0 176:1.0 
-1.0 1.0 
-0.0 1.0 269:1.0 
-1.0 1.0 
-1.0 1.0 
-0.1629363209076745 0.0 143:1.0 215:1.0 
-0.0 0.9595899358384852 75:1.0 
-0.0 1.0 138:1.0 184:1.0 
-1.0 1.0 
-0.0 0.8982799744837002 59:1.0 73:1.0 
-0.0 0.4067646480989291 95:1.0 173:1.0 250:1.0 
-1.0 1.0 
-1.0 1.0 
-1.0 0.42878523431250243 90:1.0 
-0.0 0.7429090515370469 133:1.0 
-0.0 1.0 37:1.0 
-0.0 0.7189628305854918 122:1.0 273:1.0 280:1.0 
-1.0 1.0 
-1.0 1.0 
-1.0 1.0 
-1.0 1.0 
-0.0 0.1700286268979973 134:1.0 172:1.0 238:1.0 
-0.0 0.19140512570425677 249:1.0 
-1.0 1.0 
-1.0 1.0 139:1.0 
-1.0 1.0 
-1.0 1.0 
-1.0 0.865645808027752 46:1.0 64:1.0 104:1.0 166:1.0 182:1.0 225:1.0 261:1.0 283:1.0 290:1.0 292:1.0 
-1.0 1.0 
-0.0 0.19665185459494283 108:1.0 269:1.0 
-1.0 0.2219743187764629 271:1.0 
-1.0 1.0 
-1.0 1.0 
-1.0 1.0 
-1.0 1.0 
-1.0 1.0 
-1.0 1.0 
-0.0 0.8568228747182964 51:1.0 68:1.0 
-0.41218241557036556 0.4416378575702764 18:1.0 67:1.0 123:1.0 
-1.0 1.0 
-1.0 1.0 
-1.0 1.0 
-1.0 1.0 
-1.0 1.0 
-0.0 1.0 249:1.0 265:1.0 
-0.0 0.0902660565340429 11:1.0 152:1.0 161:1.0 170:1.0 
-0.5880566411660297 0.6709374057052897 25:1.0 197:1.0 
-1.0 1.0 
-1.0 1.0 
-1.0 1.0 
-1.0 1.0 
-0.0 1.0 269:1.0 
-1.0 1.0 
-1.0 1.0 
-1.0 1.0 
-1.0 1.0 
-1.0 1.0 
-1.0 1.0 
-1.0 1.0 
-1.0 1.0 
-1.0 0.3408719914670415 219:1.0 
-1.0 1.0 
-1.0 1.0 
-0.0 1.0 254:1.0 
-1.0 1.0 
-1.0 1.0 
-1.0 1.0 
-0.0 0.14313438225035185 41:1.0 148:1.0 
-1.0 1.0 
-1.0 1.0 
-1.0 1.0 
-1.0 1.0 
-1.0 1.0 
-1.0 1.0 
-0.0 0.8993167374302218 212:1.0 
-1.0 1.0 
-1.0 1.0 
-0.0 0.39385363731716 200:1.0 
-1.0 1.0 
-0.0 0.2506775655998995 68:1.0 212:1.0 
-1.0 1.0 
-0.0 0.21457431923446216 252:1.0 
-1.0 1.0 
-1.0 1.0 
-1.0 1.0 
-1.0 1.0 
-0.0 1.0 111:1.0 201:1.0 
-0.0 1.0 58:1.0 116:1.0 
-1.0 1.0 
-1.0 1.0 
-0.0 1.0 67:1.0 75:1.0 91:1.0 265:1.0 
-1.0 1.0 
-1.0 1.0 
-1.0 1.0 
-1.0 1.0 
-0.0 0.08444208434677836 57:1.0 
-1.0 1.0 
-0.0 0.17891103107380912 213:1.0 
-1.0 1.0 
-1.0 1.0 
-0.0 0.7512048467713288 200:1.0 
-0.0 1.0 55:1.0 135:1.0 181:1.0 187:1.0 277:1.0 288:1.0 303:1.0 
-1.0 1.0 
-1.0 1.0 
-1.0 1.0 
-1.0 1.0 
-1.0 1.0 
-1.0 1.0 
-0.0 0.17961419786751753 276:1.0 
-1.0 1.0 
-1.0 1.0 
-1.0 1.0 99:1.0 
-1.0 1.0 
-1.0 1.0 
-1.0 1.0 
-1.0 1.0 
-1.0 1.0 
-1.0 1.0 
-1.0 1.0 
-0.0 0.18490462713244177 146:1.0 168:1.0 
-1.0 1.0 
-1.0 1.0 
-0.5878175844296345 0.6804589661605194 66:1.0 110:1.0 
-0.0 1.0 51:1.0 
-0.0 1.0 80:1.0 
-1.0 1.0 
-1.0 1.0 
-1.0 1.0 176:1.0 
-1.0 1.0 
-1.0 1.0 
-1.0 1.0 
-1.0 1.0 
-1.0 1.0 
-0.0 1.0 247:1.0 
-1.0 1.0 33:1.0 
-1.0 1.0 
-1.0 1.0 
-1.0 1.0 
-1.0 1.0 
-0.7312570219284891 0.0 67:1.0 
-0.0 0.33422556100765055 7:1.0 119:1.0 270:1.0 310:1.0 
-1.0 1.0 
-1.0 1.0 
-0.0 1.0 165:1.0 
-1.0 1.0 
-1.0 1.0 
-1.0 1.0 
-1.0 1.0 
-1.0 1.0 143:1.0 
-1.0 1.0 
-0.0 0.6798326055676913 85:1.0 117:1.0 
-1.0 1.0 
-0.15525849785077275 0.2433189667751688 102:1.0 
-1.0 1.0 
-1.0 1.0 
-1.0 1.0 
-1.0 1.0 
-1.0 1.0 115:1.0 
-1.0 1.0 
-1.0 1.0 
-1.0 1.0 141:1.0 
-0.0 0.6641675376007004 127:1.0 215:1.0 232:1.0 
-1.0 1.0 
-0.0 0.7252660452513835 250:1.0 
-1.0 1.0 
-1.0 1.0 
-1.0 1.0 
-1.0 1.0 
-0.0 1.0 268:1.0 
-1.0 1.0 
-1.0 1.0 
-1.0 1.0 
-1.0 1.0 
-0.0 0.24553729704110488 207:1.0 272:1.0 
-1.0 1.0 
-1.0 1.0 
-0.0 1.0 93:1.0 
-1.0 1.0 
-1.0 1.0 
-1.0 1.0 
-1.0 1.0 
-1.0 0.0 207:1.0 
-1.0 1.0 
-1.0 1.0 
-1.0 1.0 
-0.0 1.0 164:1.0 
-0.0 0.1428755164871082 31:1.0 244:1.0 
-1.0 1.0 
-1.0 1.0 
-1.0 1.0 
-1.0 1.0 
-1.0 1.0 
-1.0 1.0 
-1.0 1.0 
-1.0 1.0 
-1.0 1.0 
-1.0 1.0 
-1.0 1.0 
-1.0 1.0 
-0.0 0.7936585886202149 17:1.0 220:1.0 
-1.0 1.0 
-1.0 1.0 
-1.0 1.0 
-1.0 1.0 
-1.0 1.0 
-0.0 1.0 276:1.0 
-1.0 1.0 
-0.0 0.7122928752986672 95:1.0 
-1.0 1.0 178:1.0 
-1.0 1.0 
-0.0 0.6720805268172488 4:1.0 52:1.0 255:1.0 
-1.0 1.0 
-1.0 1.0 
-0.0 1.0 269:1.0 
-1.0 1.0 
-1.0 1.0 
-1.0 1.0 
-1.0 1.0 
-1.0 1.0 56:1.0 157:1.0 
-1.0 1.0 
-1.0 1.0 
-1.0 1.0 
-0.046347549840841024 0.06931762605991679 55:1.0 135:1.0 181:1.0 187:1.0 277:1.0 288:1.0 303:1.0 
-1.0 1.0 
-1.0 1.0 
-0.0 0.19140994735086792 76:1.0 112:1.0 311:1.0 
-1.0 1.0 
-0.0 0.2650239370952179 188:1.0 
-1.0 1.0 
-1.0 1.0 
-1.0 1.0 
-0.0 0.48650582181660373 39:1.0 
-0.0 1.0 108:1.0 
-1.0 1.0 
-1.0 1.0 
-1.0 1.0 
-1.0 1.0 
-1.0 1.0 
-1.0 1.0 
-1.0 1.0 
-1.0 0.4474116697752646 9:1.0 42:1.0 78:1.0 
-1.0 1.0 
-1.0 1.0 
-1.0 1.0 
-1.0 1.0 
-1.0 1.0 
-0.0 0.3497154039613357 107:1.0 114:1.0 180:1.0 231:1.0 
-1.0 1.0 
-1.0 1.0 
-1.0 1.0 
-0.0 1.0 41:1.0 236:1.0 
-0.0 1.0 170:1.0 
-1.0 1.0 
-0.18617664880437415 0.0 59:1.0 143:1.0 272:1.0 
-1.0 1.0 
-1.0 1.0 
-1.0 1.0 105:1.0 
-0.0 1.0 162:1.0 
-0.0 1.0 250:1.0 
-1.0 1.0 
-0.0 1.0 162:1.0 168:1.0 
-1.0 0.2662947181553815 126:1.0 
-1.0 1.0 
-1.0 1.0 
-1.0 1.0 176:1.0 
-0.0 0.1913750163274754 35:1.0 46:1.0 88:1.0 186:1.0 286:1.0 
-0.0 1.0 156:1.0 
-1.0 1.0 
-1.0 1.0 
-0.0 0.223753773475425 262:1.0 
-1.0 1.0 
-1.0 1.0 
-1.0 1.0 244:1.0 
-0.0 0.34244943982563136 17:1.0 275:1.0 
-1.0 1.0 162:1.0 
-1.0 1.0 
-0.0 1.0 35:1.0 
-1.0 1.0 
-0.0020136630768772257 1.0 189:1.0 
-1.0 1.0 
-1.0 1.0 
-1.0 1.0 
-1.0 1.0 48:1.0 264:1.0 
-1.0 1.0 
-1.0 1.0 
-1.0 1.0 
-0.0 1.0 248:1.0 
-1.0 1.0 
-1.0 1.0 
-1.0 1.0 
-1.0 1.0 
-1.0 1.0 
-1.0 1.0 
-1.0 1.0 
-1.0 1.0 
-1.0 1.0 
-1.0 1.0 
-1.0 1.0 
-0.0 1.0 108:1.0 
-0.0 0.3598652730259818 82:1.0 
-1.0 1.0 
-1.0 1.0 
-1.0 1.0 142:1.0 
-1.0 1.0 
-1.0 1.0 
-0.0 0.168791050231046 88:1.0 123:1.0 141:1.0 274:1.0 
-1.0 1.0 
-1.0 1.0 
-1.0 1.0 
-0.0 0.10881354811132865 44:1.0 100:1.0 124:1.0 295:1.0 308:1.0 
-1.0 1.0 231:1.0 
-1.0 1.0 
-1.0 1.0 
-1.0 0.7755251304522244 90:1.0 
-1.0 1.0 
-1.0 1.0 
-1.0 1.0 
-1.0 1.0 
-1.0 1.0 
-1.0 1.0 
-1.0 1.0 
-1.0 1.0 
-1.0 1.0 
-1.0 1.0 
-0.0 0.20950170931857293 33:1.0 145:1.0 
-0.0 0.5115103871863267 149:1.0 228:1.0 284:1.0 
-1.0 0.0 40:1.0 
-1.0 1.0 
-0.0 1.0 196:1.0 213:1.0 
-0.0 1.0 237:1.0 
-1.0 1.0 
-1.0 1.0 
-1.0 1.0 
-1.0 1.0 
-1.0 1.0 45:1.0 102:1.0 
-1.0 1.0 
-1.0 1.0 
-0.0 0.220075319880788 81:1.0 
-0.0 0.6460798618062361 36:1.0 169:1.0 173:1.0 202:1.0 293:1.0 
-1.0 0.0 168:1.0 
-1.0 1.0 
-1.0 1.0 
-1.0 1.0 
-1.0 1.0 231:1.0 
-1.0 1.0 
-1.0 1.0 
-1.0 1.0 
-1.0 1.0 
-0.0 1.0 218:1.0 221:1.0 
-1.0 1.0 
-1.0 1.0 
-1.0 1.0 
-1.0 1.0 
-1.0 1.0 
-1.0 1.0 
-1.0 1.0 
-1.0 1.0 
-1.0 1.0 
-1.0 1.0 
-0.0 1.0 14:1.0 
-1.0 1.0 
-1.0 1.0 
-0.31306933850432317 0.0 119:1.0 143:1.0 
-1.0 1.0 
-1.0 1.0 
-1.0 1.0 
-1.0 1.0 
-1.0 1.0 
-1.0 1.0 
-1.0 1.0 
-1.0 1.0 
-0.0 0.22272405208945967 128:1.0 
-1.0 1.0 
-1.0 1.0 
-1.0 1.0 
-0.0 1.0 149:1.0 
-1.0 1.0 
-1.0 1.0 
-1.0 1.0 
-1.0 1.0 
-1.0 1.0 
-1.0 1.0 
-1.0 1.0 
-1.0 1.0 
-1.0 1.0 
-1.0 1.0 
-1.0 1.0 
-1.0 1.0 
-0.0 1.0 59:1.0 232:1.0 
-1.0 1.0 
-1.0 1.0 
-0.0 1.0 101:1.0 
-1.0 1.0 
-1.0 1.0 
-0.0 1.0 94:1.0 
-1.0 1.0 
-1.0 0.34238200578594713 77:1.0 
-1.0 1.0 
-1.0 1.0 
-1.0 1.0 
-1.0 1.0 
-1.0 1.0 
-0.0 0.5583621424297236 220:1.0 
-1.0 1.0 
-0.0 1.0 31:1.0 
-1.0 1.0 208:1.0 231:1.0 
-1.0 1.0 
-1.0 1.0 
-1.0 1.0 
-1.0 1.0 
-1.0 1.0 
-1.0 1.0 
-1.0 1.0 
-0.0 0.6574458880062198 190:1.0 
-0.0 0.2634575222342215 63:1.0 
-1.0 1.0 
-1.0 1.0 
-1.0 1.0 
-1.0 1.0 
-0.0 0.7989372080640433 65:1.0 137:1.0 
-1.0 1.0 
-1.0 1.0 
-1.0 1.0 
-1.0 0.0 151:1.0 
-1.0 1.0 
-1.0 1.0 
-1.0 1.0 
-1.0 0.10699407721098225 132:1.0 
-1.0 1.0 
-1.0 1.0 
-0.0 0.7409476044529333 34:1.0 
-0.0 1.0 122:1.0 273:1.0 280:1.0 
-1.0 1.0 
-1.0 1.0 
-0.0 0.6181723657148281 190:1.0 
-1.0 1.0 
-1.0 0.2637293311123199 239:1.0 
-1.0 1.0 
-0.0 0.7314477066024965 179:1.0 
-0.0 1.0 85:1.0 
-1.0 1.0 
-0.0 0.7785181152785783 39:1.0 
-1.0 1.0 
-1.0 1.0 
-1.0 1.0 
-1.0 1.0 
-1.0 1.0 205:1.0 
-0.12473198169704591 0.058204433019915264 29:1.0 120:1.0 131:1.0 167:1.0 185:1.0 263:1.0 296:1.0 312:1.0 
-0.0 1.0 82:1.0 
-0.0 1.0 146:1.0 
-0.0 0.4268334130509194 35:1.0 111:1.0 186:1.0 286:1.0 
-1.0 1.0 
-1.0 0.25441080059932153 144:1.0 
-1.0 1.0 
-1.0 1.0 
-1.0 1.0 
-0.4872417745510096 0.0 46:1.0 103:1.0 130:1.0 297:1.0 
-1.0 1.0 
-0.0 0.2152664887411756 49:1.0 75:1.0 156:1.0 
-0.0 0.6790487723462946 1:1.0 98:1.0 
-1.0 1.0 
-1.0 1.0 
-1.0 1.0 
-0.0 1.0 71:1.0 197:1.0 270:1.0 
-1.0 -1.0 
-1.0 -1.0 
-1.0 -1.0 
-1.0 -1.0 
-1.0 -1.0 23:1.0 
-1.0 -1.0 
-1.0 -1.0 
-0.0 -1.0 85:1.0 
-1.0 -1.0 18:1.0 
-1.0 -1.0 
-1.0 -1.0 
-1.0 -1.0 
-1.0 -1.0 
-1.0 -1.0 
-1.0 -1.0 
-1.0 -1.0 
-1.0 -1.0 56:1.0 
-1.0 -1.0 
-1.0 -1.0 205:1.0 
-1.0 -1.0 
-1.0 -1.0 
-1.0 -1.0 
-0.25 -1.0 129:1.0 
-0.0 -1.0 265:1.0 
-1.0 -1.0 24:1.0 
-1.0 -1.0 
-0.0 -1.0 51:1.0 
-1.0 -1.0 
-1.0 -1.0 
-0.0 -1.0 43:1.0 158:1.0 160:1.0 281:1.0 302:1.0 
-1.0 -1.0 
-1.0 -1.0 
-1.0 -1.0 
-1.0 -1.0 
-1.0 -1.0 
-1.0 -1.0 139:1.0 
-1.0 -1.0 
-1.0 -1.0 
-1.0 -1.0 
-1.0 -1.0 
-1.0 -1.0 
-0.25 -1.0 276:1.0 
-1.0 -1.0 82:1.0 143:1.0 
-1.0 -1.0 
-0.0 -1.0 203:1.0 
-0.0 -1.0 223:1.0 
-1.0 -1.0 
-1.0 -1.0 
-1.0 -1.0 
-0.0 -1.0 217:1.0 
-1.0 -1.0 
-1.0 -1.0 102:1.0 
-1.0 -1.0 
-1.0 -1.0 
-1.0 -1.0 25:1.0 
-1.0 -1.0 
-1.0 -1.0 115:1.0 258:1.0 
-1.0 -1.0 
-1.0 -1.0 
-1.0 -1.0 
-1.0 -1.0 
-0.0 -1.0 232:1.0 
-1.0 -1.0 
-0.18406955023584973 -1.0 52:1.0 229:1.0 
-1.0 -1.0 
-1.0 -1.0 
-1.0 -1.0 
-0.0 -1.0 154:1.0 265:1.0 
-1.0 -1.0 
-1.0 -1.0 
-1.0 -1.0 
-1.0 -1.0 
-0.0 -1.0 61:1.0 139:1.0 
-1.0 -1.0 
-1.0 -1.0 
-1.0 -1.0 
-0.25 -1.0 267:1.0 
-1.0 -1.0 
-1.0 -1.0 
-1.0 -1.0 
-0.0 -1.0 16:1.0 
-0.0 -1.0 154:1.0 248:1.0 
-0.0 -1.0 53:1.0 194:1.0 
-0.0 -1.0 257:1.0 
-1.0 -1.0 
-1.0 -1.0 
-1.0 -1.0 
-1.0 -1.0 
-0.0 -1.0 255:1.0 
-0.25 -1.0 200:1.0 
-1.0 -1.0 
-1.0 -1.0 
-1.0 -1.0 
-0.0 -1.0 162:1.0 
-1.0 -1.0 
-1.0 -1.0 14:1.0 15:1.0 
-0.18138401596884468 -1.0 34:1.0 
-0.0 -1.0 80:1.0 196:1.0 
-0.24189911707937012 -1.0 166:1.0 
-1.0 -1.0 
-1.0 -1.0 
-0.0 -1.0 201:1.0 
-0.0 -1.0 26:1.0 73:1.0 149:1.0 
-1.0 -1.0 
-0.3684988430368936 -1.0 190:1.0 
-1.0 -1.0 
-1.0 -1.0 
-0.31587300124058254 -1.0 68:1.0 
-1.0 -1.0 
-1.0 -1.0 
-1.0 -1.0 
-1.0 -1.0 
-1.0 -1.0 
-0.31592329148118925 -1.0 31:1.0 
-0.7480295462717401 -1.0 73:1.0 146:1.0 168:1.0 
-1.0 -1.0 
-1.0 -1.0 
-1.0 -1.0 
-1.0 -1.0 
-0.0 -1.0 65:1.0 157:1.0 
-0.315973589728509 -1.0 184:1.0 
-0.4038164482618167 -1.0 255:1.0 
-0.0 -1.0 110:1.0 265:1.0 
-0.5 -1.0 39:1.0 
-1.0 -1.0 
-1.0 -1.0 141:1.0 274:1.0 
-1.0 -1.0 
-1.0 -1.0 
-1.0 -1.0 
-1.0 -1.0 
-1.0 -1.0 
-1.0 -1.0 
-1.0 -1.0 99:1.0 
-1.0 -1.0 
-1.0 -1.0 
-1.0 -1.0 
-1.0 -1.0 
-1.0 -1.0 
-0.0 -1.0 162:1.0 
-1.0 -1.0 
-1.0 -1.0 
-1.0 -1.0 
-1.0 -1.0 
-1.0 -1.0 35:1.0 186:1.0 258:1.0 286:1.0 
-1.0 -1.0 
-1.0 -1.0 
-1.0 -1.0 260:1.0 
-1.0 -1.0 
-1.0 -1.0 
-0.0 -1.0 35:1.0 
-1.0 -1.0 
-0.0 -1.0 32:1.0 113:1.0 174:1.0 251:1.0 279:1.0 287:1.0 313:1.0 
-0.0 -1.0 121:1.0 184:1.0 
-1.0 -1.0 
-0.5 -1.0 69:1.0 
-0.0 -1.0 163:1.0 
-1.0 -1.0 
-0.5 -1.0 179:1.0 
-1.0 -1.0 
-1.0 -1.0 
-1.0 -1.0 
-1.0 -1.0 
-1.0 -1.0 
-1.0 -1.0 
-0.5 -1.0 198:1.0 
-0.5 -1.0 164:1.0 
-1.0 -1.0 
-0.5 -1.0 202:1.0 
-1.0 -1.0 
-1.0 -1.0 
-0.6841269987594174 -1.0 45:1.0 197:1.0 
-0.6840767085188107 -1.0 26:1.0 243:1.0 
-1.0 -1.0 
-1.0 -1.0 
-1.0 -1.0 27:1.0 182:1.0 299:1.0 
-0.5 -1.0 137:1.0 
-0.0 -1.0 231:1.0 
-1.0 -1.0 
-1.0 -1.0 
-0.5 -1.0 245:1.0 
-1.0 -1.0 
-0.0 -1.0 14:1.0 247:1.0 
-1.0 -1.0 
-0.5 -1.0 257:1.0 
-1.0 -1.0 171:1.0 
-0.0 -1.0 58:1.0 
-0.5961835517381833 -1.0 106:1.0 177:1.0 
-1.0 -1.0 
-0.24900062647295726 -1.0 231:1.0 
-1.0 -1.0 
-1.0 -1.0 178:1.0 
-1.0 -1.0 
-1.0 -1.0 
-1.0 -1.0 
-0.0 -1.0 232:1.0 
-0.0 -1.0 2:1.0 
-1.0 -1.0 
-1.0 -1.0 
-0.0 -1.0 222:1.0 
-1.0 -1.0 
-1.0 -1.0 
-1.0 -1.0 
-0.0 -1.0 122:1.0 273:1.0 280:1.0 
-0.9960853608491418 -1.0 162:1.0 171:1.0 259:1.0 264:1.0 
-0.0 -1.0 85:1.0 
-1.0 -1.0 
-1.0 -1.0 
-0.5 -1.0 59:1.0 
-1.0 -1.0 
-0.5 -1.0 98:1.0 176:1.0 
-1.0 -1.0 
-1.0 -1.0 
-0.0 -1.0 157:1.0 
-1.0 -1.0 
-1.0 -1.0 
-1.0 -1.0 153:1.0 
-1.0 -1.0 
-1.0 -1.0 147:1.0 211:1.0 298:1.0 
-0.5 -1.0 154:1.0 
-0.0 -1.0 16:1.0 202:1.0 269:1.0 270:1.0 
-0.5 -1.0 224:1.0 
-1.0 -1.0 
-1.0 -1.0 
-0.18409885600726933 -1.0 53:1.0 194:1.0 
-1.0 -1.0 
-1.0 -1.0 
-1.0 -1.0 
-1.0 -1.0 
-1.0 -1.0 
-1.0 -1.0 
-1.0 -1.0 
-1.0 -1.0 
-1.0 -1.0 
-1.0 -1.0 70:1.0 
-0.5 -1.0 10:1.0 
-1.0 -1.0 
-1.0 -1.0 
-1.0 -1.0 189:1.0 
-1.0 -1.0 
-1.0 -1.0 
-1.0 -1.0 
-1.0 -1.0 
-0.0 -1.0 164:1.0 221:1.0 
-0.0 -1.0 97:1.0 108:1.0 
-1.0 -1.0 
-1.0 -1.0 
-1.0 -1.0 
-1.0 -1.0 
-1.0 -1.0 
-1.0 -1.0 
-1.0 -1.0 
-1.0 -1.0 
-0.5 -1.0 196:1.0 
-0.5250553335996226 -1.0 150:1.0 162:1.0 270:1.0 
-1.0 -1.0 
-1.0 -1.0 
-1.0 -1.0 
-1.0 -1.0 
-1.0 -1.0 
-0.26300231392621276 -1.0 56:1.0 73:1.0 177:1.0 
-0.0 -1.0 265:1.0 
-1.0 -1.0 176:1.0 
-1.0 -1.0 
-1.0 -1.0 184:1.0 
-1.0 -1.0 
-1.0 -1.0 
-1.0 -1.0 
-0.5001644048544269 -1.0 84:1.0 201:1.0 208:1.0 
-1.0 -1.0 
-0.5 -1.0 16:1.0 
-1.0 -1.0 
-0.5 -1.0 165:1.0 
-0.0 -1.0 203:1.0 220:1.0 
-1.0 -1.0 
-1.0 -1.0 9:1.0 
-1.0 -1.0 
-1.0 -1.0 
-1.0 -1.0 
-1.0 -1.0 
-1.0 -1.0 
-1.0 -1.0 
-1.0 -1.0 
-1.0 -1.0 
-0.5 -1.0 71:1.0 
-1.0 -1.0 
-1.0 -1.0 229:1.0 
-0.0 -1.0 43:1.0 158:1.0 160:1.0 281:1.0 302:1.0 
-1.0 -1.0 
-0.5 -1.0 58:1.0 
-1.0 -1.0 
-0.0 -1.0 206:1.0 
-1.0 -1.0 
-0.0 -1.0 249:1.0 269:1.0 
-1.0 -1.0 
-1.0 -1.0 
-1.0 -1.0 
-1.0 -1.0 13:1.0 84:1.0 
-1.0 -1.0 
-1.0 -1.0 
-0.5 -1.0 21:1.0 
-0.11785078867199422 -1.0 43:1.0 158:1.0 160:1.0 281:1.0 302:1.0 
-1.0 -1.0 
-0.18412816644445643 -1.0 18:1.0 62:1.0 
-0.0 -1.0 269:1.0 
-1.0 -1.0 
-1.0 -1.0 
-1.0 -1.0 
-1.0 -1.0 
-1.0 -1.0 
-1.0 -1.0 
-1.0 -1.0 97:1.0 
-1.0 -1.0 
-1.0 -1.0 
-1.0 -1.0 
-0.0 -1.0 265:1.0 
-1.0 -1.0 191:1.0 
-1.0 -1.0 244:1.0 
-0.5 -1.0 85:1.0 
-1.0 -1.0 
-0.5 -1.0 176:1.0 236:1.0 
-0.10824820649659968 -1.0 32:1.0 113:1.0 149:1.0 228:1.0 284:1.0 313:1.0 
-0.0 -1.0 106:1.0 
-0.5 -1.0 17:1.0 
-1.0 -1.0 
-1.0 -1.0 
-1.0 -1.0 
-1.0 -1.0 
-1.0 -1.0 
-0.5 -1.0 232:1.0 
-0.0 -1.0 10:1.0 71:1.0 
-0.0 -1.0 20:1.0 129:1.0 
-1.0 -1.0 
-0.5 -1.0 88:1.0 
-0.5 -1.0 79:1.0 
-1.0 -1.0 
-1.0 -1.0 
-1.0 -1.0 
-0.0 -1.0 203:1.0 
-1.0 -1.0 
-0.0 -1.0 184:1.0 203:1.0 252:1.0 
-0.3684988430368936 -1.0 170:1.0 
-1.0 -1.0 
-1.0 -1.0 
-1.0 -1.0 
-0.5 -1.0 101:1.0 
-1.0 -1.0 
-1.0 -1.0 
-1.0 -1.0 
-1.0 -1.0 
-1.0 -1.0 
-1.0 -1.0 
-1.0 -1.0 
-0.5 -1.0 156:1.0 
-0.5 -1.0 93:1.0 
-0.5 -1.0 223:1.0 
-1.0 -1.0 27:1.0 182:1.0 299:1.0 
-0.5 -1.0 41:1.0 
-1.0 -1.0 
-1.0 -1.0 
-1.0 -1.0 224:1.0 
-1.0 -1.0 258:1.0 
-0.1508385274981292 -1.0 122:1.0 273:1.0 280:1.0 
-0.0 -1.0 206:1.0 
-1.0 -1.0 
-1.0 -1.0 
-1.0 -1.0 
-1.0 -1.0 
-1.0 -1.0 
-1.0 -1.0 
-1.0 -1.0 231:1.0 
-1.0 -1.0 191:1.0 204:1.0 266:1.0 
-1.0 -1.0 
-1.0 -1.0 47:1.0 
-0.0 -1.0 6:1.0 
-0.0 -1.0 14:1.0 70:1.0 
-0.0 -1.0 4:1.0 26:1.0 37:1.0 149:1.0 
-1.0 -1.0 
-0.14815375224807265 -1.0 108:1.0 191:1.0 
-1.0 -1.0 99:1.0 
-1.0 -1.0 
-0.0 -1.0 37:1.0 184:1.0 
-1.0 -1.0 
-1.0 -1.0 
-1.0 -1.0 
-0.0 -1.0 209:1.0 
-1.0 -1.0 
-0.5 -1.0 80:1.0 
-1.0 -1.0 
-1.0 -1.0 
-1.0 -1.0 
-1.0 -1.0 182:1.0 268:1.0 
-1.0 -1.0 
-1.0 -1.0 
-1.0 -1.0 
-1.0 -1.0 
-1.0 -1.0 
-1.0 -1.0 
-1.0 -1.0 
-1.0 -1.0 
-1.0 -1.0 
-1.0 -1.0 
-1.0 -1.0 
-1.0 -1.0 
-1.0 -1.0 103:1.0 138:1.0 
-1.0 -1.0 
-0.5 -1.0 110:1.0 
-0.0 -1.0 265:1.0 
-1.0 -1.0 74:1.0 203:1.0 
-1.0 -1.0 
-0.5 -1.0 213:1.0 
-0.13107036216844525 -1.0 95:1.0 173:1.0 212:1.0 250:1.0 
-1.0 -1.0 
-1.0 -1.0 
-1.0 -1.0 
-1.0 -1.0 
-0.684026410271491 -1.0 12:1.0 206:1.0 
-1.0 -1.0 
-1.0 -1.0 
-0.0 -1.0 48:1.0 
-1.0 -1.0 28:1.0 
-1.0 -1.0 
-1.0 -1.0 
-1.0 -1.0 
-1.0 -1.0 
-1.0 -1.0 222:1.0 
-0.4998355951455731 -1.0 75:1.0 105:1.0 217:1.0 
-1.0 -1.0 
-0.0 -1.0 48:1.0 
-1.0 -1.0 
-1.0 -1.0 
-1.0 -1.0 
-1.0 -1.0 
-0.5 -1.0 163:1.0 
-1.0 -1.0 
-1.0 -1.0 
-0.14976784041768798 -1.0 141:1.0 268:1.0 
-1.0 -1.0 
-0.5 -1.0 221:1.0 
-1.0 -1.0 
-1.0 -1.0 
-1.0 -1.0 
-1.0 -1.0 231:1.0 
-1.0 -1.0 
-1.0 -1.0 
-1.0 -1.0 
-1.0 -1.0 
-1.0 -1.0 
-1.0 -1.0 
-1.0 -1.0 30:1.0 209:1.0 
-0.39917950735005214 -1.0 218:1.0 
-0.39175179350340034 -1.0 61:1.0 
-0.3821492113280058 -1.0 222:1.0 
-1.0 -1.0 
-1.0 -1.0 
-1.0 -1.0 
-1.0 -1.0 
-1.0 -1.0 
-1.0 -1.0 
-1.0 -1.0 
-1.0 -1.0 
-0.0 -1.0 157:1.0 
-1.0 -1.0 
-0.0 -1.0 254:1.0 
-1.0 -1.0 
-1.0 -1.0 
-1.0 -1.0 143:1.0 
-1.0 -1.0 
-0.0 -1.0 270:1.0 
-1.0 -1.0 
-0.0 -1.0 32:1.0 113:1.0 174:1.0 251:1.0 279:1.0 287:1.0 313:1.0 
-1.0 -1.0 
-1.0 -1.0 
-1.0 -1.0 
-0.0 -1.0 32:1.0 113:1.0 174:1.0 251:1.0 279:1.0 287:1.0 313:1.0 
-1.0 -1.0 
-1.0 -1.0 231:1.0 
-1.0 -1.0 
-1.0 -1.0 
-1.0 -1.0 83:1.0 
-1.0 -1.0 
-1.0 -1.0 
-1.0 -1.0 
-0.36892963783155475 -1.0 133:1.0 
-0.3491614725018708 -1.0 193:1.0 
-1.0 -1.0 
-1.0 -1.0 
-1.0 -1.0 
-1.0 -1.0 
-1.0 -1.0 
-1.0 -1.0 
-1.0 -1.0 
-1.0 -1.0 
-1.0 -1.0 
-1.0 -1.0 
-0.3159304497641503 -1.0 51:1.0 
-1.0 -1.0 
-1.0 -1.0 
-0.0 -1.0 217:1.0 
-1.0 -1.0 
-0.42856311470371256 -1.0 118:1.0 142:1.0 237:1.0 
-1.0 -1.0 
-0.31590114399273067 -1.0 157:1.0 
-1.0 -1.0 
-0.7269151201286372 -1.0 33:1.0 254:1.0 
-1.0 -1.0 
-0.3158718335555436 -1.0 48:1.0 
-1.0 -1.0 
-1.0 -1.0 
-1.0 -1.0 
-0.0 -1.0 73:1.0 
-1.0 -1.0 147:1.0 
-1.0 -1.0 
-1.0 -1.0 
-1.0 -1.0 87:1.0 
-1.0 -1.0 
-0.0 -1.0 265:1.0 
-1.0 -1.0 
-0.35414679873317023 -1.0 269:1.0 
-0.2509993735270427 -1.0 265:1.0 
-1.0 -1.0 27:1.0 64:1.0 104:1.0 182:1.0 261:1.0 283:1.0 290:1.0 292:1.0 299:1.0 
-1.0 -1.0 
-0.0 -1.0 49:1.0 69:1.0 75:1.0 250:1.0 
-1.0 -1.0 230:1.0 
-1.0 -1.0 
-1.0 -1.0 
-1.0 -1.0 
-1.0 -1.0 
-1.0 -1.0 90:1.0 
-0.25 -1.0 2:1.0 
-0.25 -1.0 136:1.0 
-1.0 -1.0 
-0.25 -1.0 94:1.0 
-0.10082049264994784 -1.0 55:1.0 135:1.0 181:1.0 187:1.0 277:1.0 288:1.0 303:1.0 
-1.0 -1.0 
-1.0 -1.0 
-0.25 -1.0 6:1.0 
-1.0 -1.0 
