svm_type c_svc
kernel_type rbf
gamma 1.0
nr_class 3
total_sv 1585
rho 0.5334964383480051 0.212390633531112 -0.36218901474428855
label 2 0 1
nr_sv 417 637 531
SV
1.0 1.0 
1.0 0.7486656787322318 271:1.0 
1.0 1.0 
0.5100149700208875 0.1866832130670102 64:1.0 125:1.0 182:1.0 261:1.0 283:1.0 292:1.0 
1.0 1.0 
1.0 1.0 99:1.0 204:1.0 
1.0 1.0 
1.0 1.0 
1.0 1.0 
1.0 1.0 
1.0 1.0 
1.0 1.0 
1.0 1.0 
1.0 1.0 
1.0 1.0 
1.0 1.0 33:1.0 115:1.0 226:1.0 258:1.0 
1.0 1.0 243:1.0 
1.0 1.0 
1.0 1.0 
1.0 1.0 
1.0 1.0 
1.0 1.0 
1.0 0.7491975797994865 151:1.0 
1.0 1.0 
1.0 1.0 
1.0 1.0 47:1.0 
1.0 1.0 
1.0 1.0 
1.0 1.0 205:1.0 
1.0 1.0 
1.0 1.0 
1.0 1.0 
1.0 1.0 
1.0 1.0 
1.0 1.0 
1.0 1.0 159:1.0 177:1.0 
1.0 1.0 
1.0 1.0 77:1.0 
1.0 1.0 
1.0 1.0 
1.0 1.0 13:1.0 23:1.0 54:1.0 
1.0 1.0 
1.0 1.0 64:1.0 125:1.0 182:1.0 261:1.0 283:1.0 292:1.0 
1.0 1.0 
1.0 1.0 
1.0 1.0 
1.0 1.0 
1.0 1.0 
1.0 1.0 
1.0 1.0 
1.0 1.0 
1.0 1.0 
1.0 0.4159243686790267 204:1.0 
1.0 1.0 
1.0 1.0 
1.0 1.0 
1.0 1.0 40:1.0 
1.0 1.0 
1.0 1.0 
1.0 1.0 
1.0 1.0 90:1.0 
1.0 1.0 
1.0 1.0 
1.0 1.0 
0.6304012788137217 0.3842520740837287 74:1.0 96:1.0 
1.0 1.0 141:1.0 
1.0 1.0 99:1.0 
1.0 1.0 
1.0 1.0 
1.0 1.0 27:1.0 64:1.0 104:1.0 182:1.0 225:1.0 261:1.0 283:1.0 290:1.0 292:1.0 299:1.0 
1.0 0.7255617168948838 15:1.0 125:1.0 
1.0 1.0 
1.0 1.0 
1.0 1.0 
0.9883778623551157 0.7282888746134232 15:1.0 19:1.0 
1.0 1.0 
1.0 1.0 139:1.0 
1.0 1.0 
1.0 1.0 
1.0 1.0 
1.0 1.0 
1.0 1.0 
1.0 1.0 
1.0 1.0 
1.0 1.0 
1.0 1.0 
1.0 1.0 
1.0 1.0 
1.0 1.0 230:1.0 
0.45722170922434585 0.3835698885758023 74:1.0 258:1.0 
1.0 0.886462176514857 266:1.0 
1.0 1.0 27:1.0 64:1.0 104:1.0 182:1.0 261:1.0 283:1.0 290:1.0 292:1.0 299:1.0 
1.0 1.0 
0.9723507401986292 0.9865274456930853 266:1.0 
1.0 1.0 
1.0 1.0 
1.0 1.0 13:1.0 103:1.0 
1.0 1.0 12:1.0 
1.0 1.0 19:1.0 
1.0 1.0 
1.0 1.0 219:1.0 
1.0 1.0 
0.6944300933520612 0.9053229116869551 74:1.0 
1.0 1.0 
1.0 1.0 
1.0 1.0 
1.0 1.0 90:1.0 
1.0 1.0 
1.0 1.0 
1.0 1.0 
1.0 1.0 
1.0 1.0 
1.0 1.0 
1.0 1.0 
1.0 1.0 150:1.0 168:1.0 
1.0 1.0 64:1.0 
1.0 1.0 
1.0 1.0 
1.0 1.0 
1.0 1.0 
1.0 1.0 125:1.0 
1.0 1.0 
1.0 1.0 
1.0 1.0 
1.0 0.8714042916294991 22:1.0 60:1.0 
1.0 1.0 
1.0 1.0 
1.0 1.0 
1.0 1.0 224:1.0 
1.0 1.0 
1.0 1.0 
1.0 1.0 45:1.0 
1.0 1.0 
1.0 1.0 
1.0 1.0 25:1.0 
1.0 1.0 
1.0 1.0 
1.0 1.0 
1.0 1.0 
1.0 1.0 
1.0 1.0 
1.0 0.2177910455989644 86:1.0 109:1.0 242:1.0 300:1.0 305:1.0 
1.0 1.0 244:1.0 
1.0 1.0 
1.0 1.0 
1.0 1.0 
1.0 1.0 
1.0 1.0 
1.0 1.0 
1.0 1.0 
1.0 1.0 
1.0 1.0 
1.0 1.0 
1.0 0.971086035400315 66:1.0 258:1.0 
1.0 1.0 
1.0 1.0 
1.0 1.0 
1.0 1.0 
1.0 1.0 8:1.0 9:1.0 
1.0 1.0 231:1.0 
1.0 1.0 8:1.0 9:1.0 189:1.0 
1.0 1.0 191:1.0 
1.0 1.0 
1.0 1.0 15:1.0 
1.0 1.0 70:1.0 
1.0 1.0 83:1.0 84:1.0 
0.4001455125481357 1.0 147:1.0 211:1.0 298:1.0 
1.0 1.0 105:1.0 117:1.0 
0.9722887164777327 1.0 191:1.0 
1.0 1.0 89:1.0 162:1.0 231:1.0 
1.0 1.0 
1.0 1.0 
1.0 1.0 184:1.0 
1.0 1.0 159:1.0 
1.0 0.8049383902742788 264:1.0 
1.0 0.9884803955426523 151:1.0 
1.0 1.0 89:1.0 
1.0 1.0 
1.0 1.0 
1.0 1.0 
1.0 0.7705723173032658 30:1.0 89:1.0 
1.0 1.0 
1.0 1.0 
1.0 1.0 
1.0 1.0 
1.0 1.0 143:1.0 182:1.0 225:1.0 261:1.0 283:1.0 
1.0 1.0 132:1.0 
1.0 1.0 
1.0 1.0 153:1.0 
1.0 1.0 
1.0 1.0 
1.0 1.0 
1.0 1.0 
1.0 1.0 
1.0 1.0 
1.0 1.0 171:1.0 
1.0 1.0 
1.0 1.0 229:1.0 
1.0 1.0 
1.0 1.0 
1.0 1.0 143:1.0 
1.0 1.0 
1.0 1.0 
1.0 1.0 
1.0 0.7492935207259781 246:1.0 
1.0 1.0 
1.0 1.0 
1.0 1.0 
1.0 1.0 97:1.0 
0.028332437622035096 1.0 258:1.0 
1.0 1.0 22:1.0 115:1.0 
1.0 1.0 
1.0 1.0 182:1.0 
1.0 1.0 
0.8779732807699799 0.9177170922197131 74:1.0 
1.0 1.0 
1.0 1.0 
1.0 1.0 145:1.0 
1.0 1.0 
1.0 1.0 143:1.0 
1.0 1.0 
1.0 1.0 
1.0 0.7690541731986771 204:1.0 
1.0 1.0 
1.0 1.0 
1.0 1.0 211:1.0 
1.0 1.0 
1.0 1.0 56:1.0 
1.0 1.0 
1.0 1.0 
1.0 1.0 131:1.0 239:1.0 
1.0 1.0 
1.0 1.0 
0.9031364733566103 0.9872497915416867 96:1.0 171:1.0 
1.0 1.0 141:1.0 
1.0 1.0 
1.0 1.0 64:1.0 103:1.0 104:1.0 130:1.0 282:1.0 290:1.0 297:1.0 
1.0 1.0 
1.0 1.0 
1.0 1.0 13:1.0 23:1.0 54:1.0 64:1.0 130:1.0 282:1.0 
1.0 1.0 56:1.0 176:1.0 
1.0 1.0 
1.0 1.0 
1.0 1.0 
1.0 1.0 175:1.0 182:1.0 
1.0 1.0 
1.0 1.0 176:1.0 
1.0 0.7493205554415445 260:1.0 
1.0 1.0 
1.0 1.0 
1.0 1.0 
1.0 1.0 
1.0 1.0 
1.0 1.0 231:1.0 
1.0 1.0 
1.0 1.0 
1.0 1.0 
1.0 1.0 
1.0 1.0 
1.0 1.0 86:1.0 109:1.0 242:1.0 300:1.0 305:1.0 
1.0 1.0 
1.0 1.0 103:1.0 
1.0 1.0 
1.0 1.0 
1.0 1.0 208:1.0 
1.0 1.0 
1.0 1.0 
1.0 1.0 
1.0 1.0 
1.0 1.0 168:1.0 
0.7150119935775612 0.6770232852448408 24:1.0 60:1.0 
1.0 1.0 
1.0 1.0 
0.7793782612265032 1.0 24:1.0 
0.9297788827731431 1.0 24:1.0 
1.0 1.0 
1.0 1.0 
1.0 1.0 
1.0 1.0 
1.0 1.0 
1.0 1.0 
1.0 1.0 
1.0 1.0 260:1.0 
1.0 1.0 
1.0 1.0 
1.0 1.0 
1.0 1.0 
1.0 1.0 60:1.0 114:1.0 
1.0 1.0 
1.0 1.0 
1.0 1.0 
1.0 1.0 
1.0 1.0 
1.0 1.0 
1.0 0.974089857807611 264:1.0 
0.9718315809196639 0.9884774861443345 260:1.0 
1.0 1.0 126:1.0 
1.0 1.0 
1.0 1.0 28:1.0 258:1.0 
1.0 1.0 
1.0 1.0 
1.0 1.0 78:1.0 
1.0 1.0 
1.0 1.0 
1.0 0.7750148647901377 22:1.0 90:1.0 115:1.0 
1.0 1.0 
1.0 1.0 
1.0 1.0 
1.0 1.0 
1.0 1.0 144:1.0 
1.0 1.0 
1.0 1.0 
1.0 1.0 
1.0 1.0 
1.0 1.0 
1.0 1.0 
1.0 0.8681144052393296 204:1.0 226:1.0 
1.0 1.0 
1.0 1.0 
1.0 1.0 60:1.0 233:1.0 
1.0 1.0 256:1.0 307:1.0 
1.0 1.0 
1.0 0.9875678896545576 246:1.0 
1.0 1.0 
1.0 1.0 
1.0 1.0 
1.0 1.0 207:1.0 
1.0 1.0 
0.5367617581621875 0.21762114789344855 72:1.0 92:1.0 195:1.0 278:1.0 306:1.0 
1.0 1.0 18:1.0 
1.0 1.0 178:1.0 
1.0 1.0 117:1.0 
1.0 1.0 
1.0 1.0 
1.0 1.0 
1.0 1.0 
1.0 1.0 96:1.0 
1.0 1.0 
0.9903492283649267 1.0 258:1.0 
1.0 1.0 
1.0 1.0 
1.0 1.0 
1.0 1.0 
1.0 1.0 
1.0 1.0 
1.0 1.0 
1.0 1.0 
1.0 1.0 
1.0 1.0 
1.0 1.0 
1.0 1.0 
1.0 1.0 72:1.0 92:1.0 195:1.0 278:1.0 306:1.0 
1.0 1.0 
1.0 1.0 
1.0 1.0 
1.0 1.0 
1.0 1.0 
1.0 1.0 
1.0 1.0 
1.0 1.0 
1.0 1.0 
1.0 1.0 
1.0 1.0 
1.0 1.0 54:1.0 
1.0 0.7499972588926356 3:1.0 
1.0 1.0 
1.0 1.0 
1.0 1.0 30:1.0 
1.0 1.0 
1.0 1.0 
1.0 1.0 
1.0 1.0 
1.0 1.0 
1.0 1.0 
1.0 1.0 
1.0 1.0 
1.0 1.0 67:1.0 147:1.0 
1.0 1.0 
1.0 1.0 
1.0 0.989002501622811 271:1.0 
0.9727009178011018 1.0 47:1.0 
1.0 1.0 
1.0 1.0 142:1.0 
1.0 1.0 
1.0 1.0 
1.0 1.0 
1.0 1.0 
1.0 1.0 
1.0 1.0 
1.0 1.0 
1.0 1.0 
1.0 1.0 
1.0 1.0 
1.0 1.0 67:1.0 
1.0 1.0 
1.0 1.0 
1.0 1.0 
1.0 1.0 87:1.0 
1.0 1.0 
1.0 1.0 
1.0 1.0 102:1.0 
1.0 1.0 
1.0 1.0 147:1.0 211:1.0 298:1.0 
1.0 1.0 
1.0 1.0 
1.0 1.0 
1.0 1.0 
1.0 1.0 222:1.0 
1.0 1.0 
1.0 1.0 
1.0 1.0 
1.0 1.0 
0.9722546148971277 0.987048414378646 3:1.0 
1.0 1.0 
1.0 1.0 
1.0 1.0 
1.0 1.0 
-0.2867186681016073 0.37805114723991207 5:1.0 63:1.0 
-0.7086356173327347 1.0 83:1.0 
-0.28387449900769773 0.9730562439145515 184:1.0 259:1.0 
-0.29075812514883487 0.7630563646148574 52:1.0 
-0.38318079718201614 0.6456132505525499 50:1.0 274:1.0 
-0.7676999337496074 1.0 99:1.0 
-0.21539560293473414 1.0 198:1.0 
-0.24961155646887304 0.38764005119060796 75:1.0 255:1.0 
-0.1977838927660544 0.23877132550114857 215:1.0 
-0.34045009199457815 1.0 194:1.0 
-0.34108488893211525 0.8348242688190903 136:1.0 183:1.0 
-0.0 0.4667948373931197 193:1.0 
-0.7087061056938754 0.46606790651413 233:1.0 
-0.8439729287638708 0.46630455519067404 8:1.0 
-0.26881019575754594 0.5418781193601355 68:1.0 140:1.0 
-0.8429018780021221 0.4662866032752393 19:1.0 151:1.0 
-0.4108914587572379 0.5617039729125284 210:1.0 289:1.0 
-0.4278896975694475 0.7112580835455014 6:1.0 88:1.0 192:1.0 269:1.0 
-0.410942167720262 1.0 61:1.0 139:1.0 234:1.0 
-0.36976392648388495 1.0 257:1.0 265:1.0 
-0.22174440781250843 1.0 137:1.0 
-0.3404578449310534 0.8338022263455029 62:1.0 
-0.3437080316796357 0.0 219:1.0 
-0.38587561249099545 1.0 184:1.0 203:1.0 252:1.0 
-0.23617266098123973 0.1579090651471722 259:1.0 
-0.167254878297593 0.3854136904170307 38:1.0 73:1.0 
-0.34057593811984815 0.9993582547817609 193:1.0 
-0.6186878735288616 0.0 117:1.0 
-0.7579581706835683 0.4659130403098282 226:1.0 
-1.0 0.0 168:1.0 
-0.32474652861841335 0.5887067579236579 20:1.0 122:1.0 273:1.0 280:1.0 
-0.3404892129522419 1.0 2:1.0 
-0.2463283986254443 1.0 267:1.0 
-0.3411131194443162 1.0 140:1.0 223:1.0 
-0.3404194917804251 1.0 16:1.0 
-0.5204562943670484 0.6242910027656876 64:1.0 103:1.0 130:1.0 189:1.0 282:1.0 297:1.0 
-1.0 1.0 87:1.0 
-0.0 0.46150664722386975 189:1.0 
-0.2487148591745059 1.0 196:1.0 
-0.2577723081760912 0.46640702449455346 143:1.0 267:1.0 
-0.6771829368727135 0.43345776572043165 21:1.0 78:1.0 
-0.41135710420917554 0.7760364563549554 27:1.0 50:1.0 182:1.0 299:1.0 304:1.0 
-0.4767256265737352 0.5159216072058745 150:1.0 218:1.0 
-0.12421947362456473 1.0 73:1.0 
-0.24914579195943878 0.29426939878243064 244:1.0 
-1.0 0.4660724556065732 125:1.0 
-1.0 0.9756093234827244 182:1.0 
-1.0 1.0 30:1.0 230:1.0 
-0.24920173533168696 1.0 129:1.0 
-0.4098636655917947 0.5599531603095342 29:1.0 91:1.0 120:1.0 185:1.0 216:1.0 235:1.0 253:1.0 263:1.0 285:1.0 291:1.0 294:1.0 296:1.0 301:1.0 309:1.0 312:1.0 
-0.0 1.0 157:1.0 
-0.341301410097537 0.0 144:1.0 
-1.0 1.0 143:1.0 
-0.0 1.0 164:1.0 
-0.3333067991837028 0.46603823064291827 141:1.0 165:1.0 
-0.6536094845966631 0.6415983973570022 15:1.0 34:1.0 175:1.0 
-0.0 0.16447790674884497 21:1.0 
-0.2869528389969635 0.49856654204976125 5:1.0 101:1.0 
-0.31952214952137775 0.4333034329990864 107:1.0 
-0.22627162719954508 0.5253142749882965 121:1.0 198:1.0 
-0.0 0.4670916067596949 133:1.0 
-0.7082149652658802 1.0 28:1.0 
-0.2657331512606214 0.47558918557845037 118:1.0 
-0.2338329932307233 0.2339541692565837 111:1.0 269:1.0 
-0.3157215661253076 0.44612782305926996 49:1.0 122:1.0 
-0.25014456153422265 0.40986039523606815 94:1.0 116:1.0 
-0.3252913841460888 0.5087285115213463 73:1.0 149:1.0 228:1.0 284:1.0 
-0.5642955412605452 0.39978722735860145 67:1.0 114:1.0 
-1.0 0.601210622239885 204:1.0 
-0.19585450373548685 0.2670547127188862 199:1.0 
-0.24944372155024758 1.0 20:1.0 129:1.0 
-0.3406564457003579 0.46598170618924406 214:1.0 
-1.0 0.46610415361897767 246:1.0 
-0.320271194759841 0.4372350027011027 152:1.0 
-1.0 0.0 141:1.0 
-0.0 0.3869716721618309 179:1.0 
-0.3618760782225183 0.6436110546555084 51:1.0 65:1.0 199:1.0 
-0.19955420043030395 1.0 231:1.0 
-0.39801002523262413 0.555092569979131 38:1.0 49:1.0 73:1.0 236:1.0 
-1.0 0.6336377066859169 86:1.0 109:1.0 242:1.0 300:1.0 305:1.0 
-0.0 1.0 85:1.0 
-1.0 1.0 184:1.0 
-0.3241339425430623 0.8180564444031249 155:1.0 270:1.0 
-0.23716216247452457 0.25772009341501034 140:1.0 269:1.0 
-0.47120809610607917 0.5953012265298446 4:1.0 175:1.0 240:1.0 
-0.41554674389572943 0.9229945733030976 66:1.0 106:1.0 157:1.0 
-0.0 1.0 
-1.0 0.4659055970194791 159:1.0 
-0.0 1.0 
-0.0 1.0 
-0.41084689546750436 1.0 26:1.0 69:1.0 
-0.24993272669311112 0.34108677614577754 40:1.0 241:1.0 
-0.7145131990169481 0.0 90:1.0 
-0.0 1.0 
-0.0 1.0 
-0.0 1.0 255:1.0 
-0.0 1.0 
-1.0 1.0 260:1.0 
-0.0 1.0 
-0.0 1.0 
-0.9983129289953573 0.15873605333469853 117:1.0 
-0.4096670158610185 0.560402236019453 29:1.0 91:1.0 120:1.0 131:1.0 167:1.0 185:1.0 216:1.0 235:1.0 253:1.0 285:1.0 291:1.0 294:1.0 301:1.0 309:1.0 312:1.0 
-0.38000095492171543 0.7782922131472526 138:1.0 227:1.0 232:1.0 
-0.0 1.0 
-0.0 1.0 
-0.0 1.0 
-0.0 1.0 
-0.0 1.0 21:1.0 
-0.0 1.0 
-0.0 1.0 
-0.0 1.0 
-0.5188073280312896 0.5859300359786389 179:1.0 227:1.0 243:1.0 
-0.3079451110336322 0.42102744161586275 127:1.0 172:1.0 238:1.0 
-0.0 0.24480663886180654 213:1.0 
-0.25744682110155725 0.35209971664538753 238:1.0 
-1.0 0.34004876249995447 145:1.0 
-0.0 1.0 
-0.26072542537345766 0.30418058101241124 155:1.0 199:1.0 
-0.0 1.0 
-0.0 1.0 
-0.0 1.0 
-0.11154842425291274 1.0 255:1.0 
-0.0 1.0 
-0.0 1.0 
-0.0 1.0 
-0.0 1.0 
-0.0 1.0 
-0.0 1.0 
-0.0 1.0 
-0.0 1.0 
-0.0 0.2019883689624726 176:1.0 
-0.0 1.0 
-0.0 1.0 269:1.0 
-0.0 1.0 
-0.0 1.0 
-0.2572585458257344 0.3416792309807967 143:1.0 215:1.0 
-0.0342899825264763 0.25036129573707155 75:1.0 
-0.2835713239079549 0.9734252170364384 138:1.0 184:1.0 
-0.0 1.0 
-0.20411400746603223 0.5223266041969483 59:1.0 73:1.0 
-0.34072752798146394 0.8336363679802464 95:1.0 173:1.0 250:1.0 
-0.0 1.0 
-0.0 1.0 
-1.0 0.4748777074449827 90:1.0 
-0.3407595238739721 0.9988951348158405 133:1.0 
-0.34083131498936353 0.8840042075429615 37:1.0 
-0.0 1.0 122:1.0 273:1.0 280:1.0 
-0.0 1.0 
-0.0 1.0 
-0.0 1.0 
-0.0 1.0 
-0.3080185839380799 0.4210113853048667 134:1.0 172:1.0 238:1.0 
-0.23629949847838136 0.46622973521995226 249:1.0 
-0.0 1.0 
-1.0 1.0 139:1.0 
-0.32035970158912447 0.4370823480462139 161:1.0 
-0.0 1.0 
-0.34050411607225356 0.0 126:1.0 
-0.0 1.0 
-0.4964181814506481 0.6449017103325466 46:1.0 64:1.0 104:1.0 166:1.0 182:1.0 225:1.0 261:1.0 283:1.0 290:1.0 292:1.0 
-0.0852703567223098 0.24459777310772868 102:1.0 
-0.0 1.0 
-0.2375441607941729 0.34054600240421146 108:1.0 269:1.0 
-1.0 0.4660849485217799 271:1.0 
-0.0 1.0 
-0.0 1.0 
-0.0 1.0 
-1.0 1.0 
-1.0 1.0 
-1.0 1.0 
-0.26831804976477563 1.0 51:1.0 68:1.0 
-0.5467982986267024 0.6801503862606332 18:1.0 67:1.0 123:1.0 
-1.0 1.0 
-1.0 1.0 
-1.0 1.0 
-1.0 1.0 
-1.0 1.0 
-0.2838059778835809 1.0 249:1.0 265:1.0 
-0.41053818318524543 0.5800044688573273 11:1.0 152:1.0 161:1.0 170:1.0 
-0.717643004219382 0.9670569813509847 25:1.0 197:1.0 
-1.0 1.0 
-1.0 1.0 
-1.0 1.0 
-1.0 1.0 
-0.0 1.0 269:1.0 
-1.0 1.0 
-1.0 1.0 
-1.0 1.0 
-1.0 1.0 
-1.0 1.0 
-1.0 1.0 
-1.0 1.0 
-1.0 1.0 
-0.9967081164649613 0.4657270584912284 219:1.0 
-1.0 1.0 
-1.0 1.0 
-0.4612091452850718 0.630535248498657 29:1.0 91:1.0 120:1.0 131:1.0 167:1.0 185:1.0 216:1.0 253:1.0 263:1.0 285:1.0 294:1.0 296:1.0 312:1.0 
-0.3411257733298043 1.0 254:1.0 
-1.0 1.0 
-1.0 1.0 
-1.0 1.0 
-0.3179681120539318 0.8311708939806959 106:1.0 111:1.0 
-0.29112119339783965 0.7104776861189098 41:1.0 148:1.0 
-1.0 1.0 
-1.0 1.0 
-1.0 1.0 
-1.0 1.0 
-1.0 1.0 
-1.0 1.0 
-0.24164328953385425 0.28550195855708654 212:1.0 
-1.0 1.0 
-1.0 1.0 
-0.0 0.46619536028693903 200:1.0 
-1.0 1.0 
-0.26853781497513823 0.625878555560295 68:1.0 212:1.0 
-1.0 1.0 
-0.28920474022454123 0.46597786179363826 252:1.0 
-1.0 1.0 
-0.29901579942019857 0.40894360581974293 134:1.0 
-1.0 1.0 
-1.0 1.0 
-0.2488276914572556 0.0 40:1.0 
-1.0 1.0 
-0.33835621152791795 0.7914140083772241 111:1.0 201:1.0 
-0.3411167587007375 1.0 58:1.0 116:1.0 
-1.0 1.0 
-1.0 1.0 
-0.42404655701921434 0.651399515564508 67:1.0 75:1.0 91:1.0 265:1.0 
-1.0 1.0 
-1.0 1.0 
-1.0 1.0 
-1.0 1.0 
-0.2492112602037982 0.36461599842086345 57:1.0 
-1.0 1.0 
-0.2490493226862815 1.0 213:1.0 
-1.0 1.0 
-1.0 1.0 
-0.34144432242501316 1.0 200:1.0 
-0.0 1.0 55:1.0 135:1.0 181:1.0 187:1.0 277:1.0 288:1.0 303:1.0 
-1.0 1.0 
-1.0 1.0 
-1.0 1.0 
-1.0 1.0 
-0.28664932145616984 0.39178535379756596 173:1.0 
-1.0 1.0 
-1.0 1.0 
-0.0 0.4951431072359558 276:1.0 
-1.0 1.0 
-1.0 1.0 
-0.9409675687303771 1.0 99:1.0 
-1.0 1.0 
-1.0 1.0 
-1.0 1.0 
-1.0 1.0 
-1.0 1.0 
-1.0 1.0 
-1.0 1.0 
-0.24969168501226566 0.7092372649745701 146:1.0 168:1.0 
-0.39721338102856774 0.5422324168812411 11:1.0 180:1.0 
-1.0 1.0 
-1.0 1.0 
-0.5120954577732909 0.9351628389218918 66:1.0 110:1.0 
-0.15268904746810735 1.0 51:1.0 
-0.34050809809769705 1.0 80:1.0 
-1.0 1.0 
-1.0 1.0 
-0.78421962166212 1.0 176:1.0 
-1.0 1.0 
-1.0 1.0 
-1.0 1.0 
-1.0 1.0 
-1.0 1.0 
-0.3195403591834367 0.8059166375367792 247:1.0 
-0.264460569680762 0.7081591936353535 33:1.0 
-1.0 1.0 
-1.0 1.0 
-1.0 1.0 
-1.0 1.0 
-1.0 0.19462520509392617 67:1.0 
-0.33283540454273214 0.5047207420964267 7:1.0 119:1.0 270:1.0 310:1.0 
-1.0 1.0 
-1.0 1.0 
-0.21767458090382671 1.0 165:1.0 
-1.0 1.0 
-1.0 1.0 
-0.28540542108261296 0.3306299620651308 234:1.0 
-0.27713241500966684 0.3860572560097477 21:1.0 119:1.0 
-1.0 1.0 
-1.0 1.0 
-1.0 0.331349065488572 143:1.0 
-1.0 1.0 
-0.32503033421836647 0.44103241949894545 38:1.0 73:1.0 227:1.0 
-0.24890339879548407 0.8343164870488733 85:1.0 117:1.0 
-1.0 1.0 
-0.9943490881846722 1.0 102:1.0 
-1.0 1.0 
-1.0 1.0 
-1.0 1.0 
-1.0 1.0 
-0.8941592652323335 0.8335448327105845 115:1.0 
-1.0 1.0 
-1.0 1.0 
-1.0 0.9936393880389481 141:1.0 
-0.35832364854349796 0.7506344969443138 127:1.0 215:1.0 232:1.0 
-1.0 1.0 
-1.0 1.0 
-1.0 1.0 
-1.0 1.0 
-1.0 1.0 
-0.3404578449310532 1.0 268:1.0 
-1.0 1.0 
-1.0 1.0 
-1.0 1.0 
-1.0 1.0 
-0.3410446099446178 0.34146511164651105 207:1.0 272:1.0 
-1.0 1.0 
-1.0 1.0 
-0.24839442357442468 1.0 93:1.0 
-1.0 1.0 
-1.0 1.0 
-1.0 1.0 
-1.0 1.0 
-1.0 0.3406475071238751 207:1.0 
-1.0 1.0 
-1.0 1.0 
-1.0 1.0 
-0.34079105948344346 0.8337792652010071 164:1.0 
-0.24953309606448731 0.4666227069796943 31:1.0 244:1.0 
-1.0 1.0 
-1.0 1.0 
-1.0 1.0 
-1.0 1.0 
-1.0 1.0 
-0.0 0.4794687753931345 59:1.0 
-1.0 1.0 
-1.0 1.0 
-1.0 1.0 
-1.0 1.0 
-1.0 1.0 
-1.0 1.0 
-1.0 1.0 
-0.3003596500292911 0.7345102102652404 17:1.0 220:1.0 
-1.0 1.0 
-1.0 1.0 
-0.33238267095150104 0.4545109571721912 100:1.0 
-0.25730222485623316 0.3516280404791666 172:1.0 
-1.0 1.0 
-1.0 1.0 
-1.0 1.0 
-0.3408527018535838 0.9705083346099539 276:1.0 
-1.0 1.0 
-0.29446722533677866 0.4030783787069175 95:1.0 
-1.0 1.0 178:1.0 
-1.0 1.0 
-0.36852234214547264 0.5241333494814547 4:1.0 52:1.0 255:1.0 
-1.0 1.0 
-1.0 1.0 
-0.0 0.39967751254832157 269:1.0 
-1.0 1.0 
-1.0 1.0 
-1.0 1.0 
-1.0 1.0 
-0.8363037659585307 1.0 56:1.0 157:1.0 
-1.0 1.0 
-0.13593290306292358 0.13690360920101888 91:1.0 
-1.0 1.0 
-1.0 1.0 
-0.46612309843370225 0.6371762677441138 55:1.0 135:1.0 181:1.0 187:1.0 277:1.0 288:1.0 303:1.0 
-1.0 1.0 
-1.0 1.0 
-0.44440162299631397 0.607979532626567 76:1.0 112:1.0 311:1.0 
-1.0 1.0 
-0.3407676077014485 0.46566537997551727 188:1.0 
-1.0 1.0 
-1.0 1.0 
-1.0 1.0 
-0.0 0.5169387801084613 39:1.0 
-0.0 0.08036136312128848 108:1.0 
-1.0 1.0 
-1.0 1.0 
-1.0 1.0 
-1.0 1.0 
-1.0 1.0 
-1.0 1.0 
-1.0 1.0 
-0.5604319420028777 0.6622524243309219 9:1.0 42:1.0 78:1.0 
-1.0 1.0 
-1.0 1.0 
-1.0 1.0 
-1.0 1.0 
-1.0 1.0 
-0.42512338785594733 0.6566320897158023 107:1.0 114:1.0 180:1.0 231:1.0 
-1.0 1.0 
-1.0 1.0 
-1.0 1.0 
-0.4230307740237043 0.5772909470791385 36:1.0 169:1.0 250:1.0 293:1.0 
-0.36982357617801104 0.9116153855411552 41:1.0 236:1.0 
-0.32032746864009587 1.0 170:1.0 
-1.0 1.0 
-0.32989267769685054 0.46635202084051436 59:1.0 143:1.0 272:1.0 
-1.0 1.0 
-1.0 1.0 
-0.7086675024799841 0.6010123250840587 105:1.0 
-0.0 1.0 162:1.0 
-0.273233202008777 0.42413522223152755 250:1.0 
-1.0 1.0 
-0.2502948506520474 0.5350235273123164 162:1.0 168:1.0 
-1.0 0.46613301133552737 126:1.0 
-1.0 1.0 
-1.0 1.0 
-0.30076356063816434 0.5402855751310351 1:1.0 51:1.0 98:1.0 
-0.9244612935654822 1.0 176:1.0 
-0.43703847144722063 0.6631541818181121 35:1.0 46:1.0 88:1.0 186:1.0 286:1.0 
-0.27118796047546073 1.0 156:1.0 
-1.0 1.0 
-1.0 1.0 
-0.34078403175631267 0.46606543774426806 262:1.0 
-1.0 1.0 
-0.3490054590853201 0.0 132:1.0 
-0.4186826945356851 0.4284754108088268 50:1.0 182:1.0 304:1.0 
-0.21522034532417364 0.30441707897440884 59:1.0 155:1.0 
-1.0 1.0 
-1.0 1.0 244:1.0 
-0.3008004279223892 0.7349125074369862 17:1.0 275:1.0 
-0.38384925717067725 1.0 162:1.0 
-1.0 1.0 
-0.3124635620482958 1.0 35:1.0 
-1.0 1.0 
-0.47219030796095524 1.0 189:1.0 
-1.0 1.0 
-1.0 1.0 
-1.0 1.0 
-0.2488074860314904 0.340518991238966 241:1.0 
-1.0 1.0 48:1.0 264:1.0 
-1.0 1.0 
-1.0 1.0 
-1.0 1.0 
-0.3408266529588077 0.8337980129790835 248:1.0 
-1.0 1.0 
-1.0 1.0 
-1.0 1.0 
-1.0 1.0 
-1.0 1.0 
-1.0 1.0 
-0.3556968703893816 0.4859642570283849 29:1.0 91:1.0 120:1.0 185:1.0 216:1.0 235:1.0 253:1.0 285:1.0 291:1.0 294:1.0 301:1.0 309:1.0 312:1.0 
-1.0 1.0 
-1.0 1.0 
-1.0 1.0 
-1.0 1.0 
-1.0 1.0 
-0.2539401029222044 0.9964382240602861 108:1.0 
-1.0 1.0 
-0.23012573494975003 0.1952643129707059 275:1.0 
-0.25005830831121945 0.46641369088820667 91:1.0 93:1.0 
-0.1693693539372217 0.2721438217605035 122:1.0 
-1.0 1.0 
-1.0 0.6014056660561643 142:1.0 
-1.0 1.0 
-1.0 1.0 
-0.43190183855420844 0.7371700636517781 88:1.0 123:1.0 141:1.0 274:1.0 
-1.0 1.0 
-1.0 1.0 
-1.0 1.0 
-0.45810875439170473 0.6265565860381019 44:1.0 100:1.0 124:1.0 295:1.0 308:1.0 
-1.0 1.0 231:1.0 
-1.0 1.0 
-1.0 1.0 
-0.7616031196079276 0.9910463825232853 90:1.0 
-1.0 1.0 
-1.0 1.0 
-1.0 1.0 
-1.0 1.0 
-1.0 1.0 
-1.0 1.0 
-1.0 1.0 
-1.0 1.0 
-1.0 1.0 
-1.0 1.0 
-0.17081484392604016 0.27687074940748996 272:1.0 
-0.34162733810221724 0.3415236447912513 33:1.0 145:1.0 
-0.2912864459646827 0.42481059164613527 149:1.0 228:1.0 284:1.0 
-1.0 0.34036498660000297 40:1.0 
-1.0 1.0 
-0.24965440667369002 0.601889669450398 196:1.0 213:1.0 
-0.34082896931673384 0.6011906651038122 237:1.0 
-0.18969004334296127 0.25042925952041895 42:1.0 
-1.0 1.0 
-1.0 1.0 
-1.0 1.0 
-1.0 1.0 
-0.7090330361653711 0.6019137306946996 45:1.0 102:1.0 
-1.0 1.0 
-1.0 1.0 
-0.2328692389014453 0.4367788484831935 20:1.0 
-0.3411194672858099 0.4661263650467526 81:1.0 
-0.43711030123830946 0.6143212696680463 36:1.0 169:1.0 173:1.0 202:1.0 293:1.0 
-0.5243599202465737 0.14317061045648133 168:1.0 
-1.0 1.0 
-0.02902444152064713 0.0 140:1.0 
-0.3126337430822751 0.42267521455706686 5:1.0 121:1.0 198:1.0 
-1.0 1.0 
-0.14183359362839004 0.07939815270366922 148:1.0 
-1.0 1.0 
-0.995063307390012 1.0 231:1.0 
-1.0 1.0 
-1.0 1.0 
-1.0 1.0 
-1.0 1.0 
-0.3411333797266885 0.9694158937595971 218:1.0 221:1.0 
-1.0 1.0 
-1.0 1.0 
-0.18467624161586024 0.3706709940476684 138:1.0 
-1.0 1.0 
-0.2044329503813388 0.34129261012009204 59:1.0 118:1.0 
-1.0 1.0 
-0.31996499351997965 0.43069779039208606 192:1.0 
-1.0 1.0 
-1.0 1.0 
-0.21506880674922602 0.15879358870986351 183:1.0 
-1.0 1.0 
-1.0 1.0 
-1.0 1.0 
-1.0 1.0 
-0.3407085918112948 1.0 14:1.0 
-1.0 1.0 
-1.0 1.0 
-0.2451880532296694 0.33685131713137506 123:1.0 
-0.24990343548385333 0.2754285154377281 57:1.0 116:1.0 
-0.2895109513311516 0.3852127777964081 119:1.0 143:1.0 
-1.0 1.0 
-1.0 1.0 
-0.29714750820159536 0.38819127498359834 7:1.0 119:1.0 310:1.0 
-1.0 1.0 
-1.0 1.0 
-1.0 1.0 
-1.0 1.0 
-0.20432863709877092 0.3412896123299937 42:1.0 59:1.0 
-1.0 1.0 
-1.0 1.0 
-0.34077672673742804 0.46583603192787876 128:1.0 
-1.0 1.0 
-1.0 1.0 
-1.0 1.0 
-0.031058922145905284 0.0 151:1.0 
-0.28483756509128644 0.5753158711943008 149:1.0 
-1.0 1.0 
-1.0 1.0 
-1.0 1.0 
-1.0 1.0 
-1.0 1.0 
-1.0 1.0 
-1.0 1.0 
-1.0 1.0 
-1.0 1.0 
-1.0 1.0 
-1.0 1.0 
-1.0 1.0 
-0.2648728268390241 1.0 59:1.0 232:1.0 
-1.0 1.0 
-1.0 1.0 
-0.23482620839647173 1.0 101:1.0 
-1.0 1.0 
-1.0 1.0 
-0.24874673169217154 1.0 94:1.0 
-1.0 1.0 
-1.0 0.4380281303531809 77:1.0 
-1.0 1.0 
-0.039634200702478244 0.9196936102263135 218:1.0 
-1.0 1.0 
-0.25051063077511665 0.3073519285829787 127:1.0 
-1.0 1.0 
-1.0 1.0 
-1.0 1.0 
-0.23039419235869063 0.5639187579324243 220:1.0 
-1.0 1.0 
-0.24857494323688586 1.0 31:1.0 
-0.7087649355785205 1.0 208:1.0 231:1.0 
-1.0 1.0 
-1.0 1.0 
-1.0 1.0 
-1.0 1.0 
-1.0 1.0 
-1.0 1.0 
-1.0 1.0 
-0.0 0.4668761589588491 190:1.0 
-0.23538458363543832 0.3272454886169892 63:1.0 
-1.0 1.0 
-1.0 1.0 
-1.0 1.0 
-1.0 1.0 
-0.3231807063857165 0.6530425649424135 65:1.0 137:1.0 
-1.0 1.0 
-1.0 1.0 
-1.0 1.0 
-1.0 0.0 151:1.0 
-1.0 1.0 
-1.0 1.0 
-1.0 1.0 
-0.991805855456835 0.466106596211168 132:1.0 
-0.031180166382245498 0.0 116:1.0 
-1.0 1.0 
-1.0 1.0 
-0.2529187770185862 1.0 34:1.0 
-0.29164894535499586 1.0 122:1.0 273:1.0 280:1.0 
-0.23791846252752039 0.38769386543122175 255:1.0 269:1.0 
-1.0 1.0 
-1.0 1.0 
-0.34106885754190297 0.9992728991400032 190:1.0 
-1.0 1.0 
-0.709317209329993 0.4664062583915306 239:1.0 
-1.0 1.0 
-0.27043663217267233 1.0 179:1.0 
-0.39269312317231725 0.40022913643758473 75:1.0 114:1.0 
-0.24921621080820452 1.0 85:1.0 
-1.0 1.0 
-0.2496966211841143 0.3408675100605523 91:1.0 148:1.0 
-0.3408490234466759 0.9497135623887161 39:1.0 
-1.0 1.0 
-1.0 1.0 
-1.0 1.0 
-0.4565953323504344 1.0 
-1.0 1.0 205:1.0 
-0.46377528564610015 0.6333542470627487 29:1.0 120:1.0 131:1.0 167:1.0 185:1.0 263:1.0 296:1.0 312:1.0 
-0.34057820800791483 0.8338174052246917 82:1.0 
-0.24867310498618514 0.3400584317104284 146:1.0 
-0.4090189244971562 0.6989185132370926 35:1.0 111:1.0 186:1.0 286:1.0 
-0.4176818356839375 0.5625390035458108 77:1.0 155:1.0 156:1.0 247:1.0 
-0.0 1.0 
-1.0 0.46647886009987155 144:1.0 
-0.0 1.0 
-1.0 0.2943454760522278 151:1.0 
-0.0 1.0 
-0.0 0.4663457387862502 
-0.5140887609350516 0.6302560975358181 46:1.0 103:1.0 130:1.0 297:1.0 
-0.36005950003579446 0.5795054278240376 49:1.0 75:1.0 156:1.0 
-0.29974098831701573 0.4817942194513008 1:1.0 98:1.0 
-0.39744331463028343 0.864474268615663 71:1.0 197:1.0 270:1.0 
-0.0 -1.0 
-0.0 -1.0 
-0.0 -1.0 
-0.0 -1.0 
-0.7176065279454683 -1.0 23:1.0 
-0.0 -1.0 
-0.0 -1.0 
-0.0 -1.0 85:1.0 
-1.0 -1.0 18:1.0 
-0.0 -1.0 
-0.0 -1.0 
-0.0 -1.0 
-0.0 -1.0 
-0.0 -1.0 
-0.0 -1.0 
-0.0 -1.0 
-1.0 -1.0 56:1.0 
-0.0 -1.0 
-1.0 -1.0 205:1.0 
-0.0 -1.0 
-0.0 -1.0 
-0.0 -1.0 
-0.3641231326582266 -1.0 129:1.0 
-1.0 -1.0 24:1.0 
-0.0 -1.0 
-0.0 -1.0 51:1.0 
-0.0 -1.0 
-0.0 -1.0 
-0.0 -1.0 
-0.0 -1.0 
-0.0 -1.0 
-0.0 -1.0 
-0.0 -1.0 
-1.0 -1.0 139:1.0 
-0.0 -1.0 
-0.0 -1.0 
-0.0 -1.0 
-0.0 -1.0 
-1.0 -1.0 
-0.5752460635496897 -1.0 276:1.0 
-1.0 -1.0 82:1.0 143:1.0 
-1.0 -1.0 
-0.0 -0.11380802122431963 203:1.0 
-0.0 -1.0 223:1.0 
-1.0 -1.0 
-1.0 -1.0 
-1.0 -1.0 
-0.0 -0.7133147658306936 217:1.0 
-1.0 -1.0 
-1.0 -1.0 102:1.0 
-1.0 -1.0 
-1.0 -1.0 
-1.0 -1.0 25:1.0 
-1.0 -1.0 
-1.0 -1.0 115:1.0 258:1.0 
-1.0 -1.0 
-1.0 -1.0 
-1.0 -1.0 
-1.0 -1.0 
-0.0 -0.4757926471978824 232:1.0 
-1.0 -1.0 
-0.6941884004176545 -1.0 52:1.0 229:1.0 
-1.0 -1.0 
-1.0 -1.0 
-1.0 -1.0 
-0.4214829059136488 -0.4926501316993927 154:1.0 265:1.0 
-1.0 -1.0 
-1.0 -1.0 
-1.0 -1.0 
-1.0 -1.0 
-0.5755395725634613 -1.0 61:1.0 139:1.0 
-1.0 -1.0 
-1.0 -1.0 
-1.0 -1.0 
-0.5754045941677393 -1.0 267:1.0 
-1.0 -1.0 
-1.0 -1.0 
-1.0 -1.0 
-0.0 -1.0 16:1.0 
-0.5761787288250668 -1.0 154:1.0 248:1.0 
-0.0 -0.7994876827271462 53:1.0 194:1.0 
-0.0 -1.0 257:1.0 
-1.0 -1.0 
-1.0 -1.0 
-1.0 -1.0 
-1.0 -1.0 
-0.0 -1.0 255:1.0 
-0.575419408063051 -1.0 200:1.0 
-1.0 -1.0 
-1.0 -1.0 
-1.0 -1.0 
-0.0 -1.0 162:1.0 
-1.0 -1.0 
-1.0 -1.0 14:1.0 15:1.0 
-0.5754264496501487 -1.0 34:1.0 
-0.4215689873879384 -1.0 80:1.0 196:1.0 
-0.5759181968648923 -1.0 166:1.0 
-1.0 -1.0 
-1.0 -1.0 
-0.46502814205374315 -1.0 201:1.0 
-0.614268719231371 -1.0 26:1.0 73:1.0 149:1.0 
-1.0 -1.0 
-0.5753119873175345 -1.0 190:1.0 
-1.0 -1.0 
-1.0 -1.0 
-0.5754940130351226 -1.0 68:1.0 
-1.0 -1.0 
-1.0 -1.0 
-1.0 -1.0 
-1.0 -1.0 
-1.0 -1.0 
-0.5759255583558276 -1.0 31:1.0 
-0.8565878732705475 -1.0 73:1.0 146:1.0 168:1.0 
-1.0 -1.0 
-1.0 -1.0 
-1.0 -1.0 
-1.0 -1.0 
-0.5756875767253644 -1.0 65:1.0 157:1.0 
-0.0713588688876992 -1.0 184:1.0 
-0.5757764893990847 -1.0 255:1.0 
-0.4213028783816811 -0.7541368697466992 110:1.0 265:1.0 
-0.5754264496501487 -1.0 39:1.0 
-1.0 -1.0 
-1.0 -1.0 141:1.0 274:1.0 
-1.0 -1.0 
-1.0 -1.0 
-1.0 -1.0 
-1.0 -1.0 
-1.0 -1.0 
-1.0 -1.0 
-1.0 -1.0 99:1.0 
-1.0 -1.0 
-1.0 -1.0 
-1.0 -1.0 
-1.0 -1.0 
-1.0 -1.0 
-0.5766685296653111 -1.0 162:1.0 
-1.0 -1.0 
-1.0 -1.0 
-1.0 -1.0 
-1.0 -1.0 
-0.8171684372194667 -1.0 35:1.0 186:1.0 258:1.0 286:1.0 
-1.0 -1.0 
-1.0 -1.0 
-1.0 -1.0 260:1.0 
-1.0 -1.0 
-1.0 -1.0 
-0.5345193730087631 -1.0 35:1.0 
-1.0 -1.0 
-0.5765872792640852 -1.0 121:1.0 184:1.0 
-1.0 -1.0 
-0.5384359966386584 -1.0 69:1.0 
-0.0 -0.8804528519203108 163:1.0 
-1.0 -1.0 
-0.5759585573333447 -1.0 179:1.0 
-1.0 -1.0 
-1.0 -1.0 
-1.0 -1.0 
-1.0 -1.0 
-1.0 -1.0 
-1.0 -1.0 
-0.5762258123921672 -1.0 198:1.0 
-0.42015141369973974 -1.0 164:1.0 
-1.0 -1.0 
-0.5417389063318085 -1.0 202:1.0 
-1.0 -1.0 
-1.0 -1.0 
-1.0 -1.0 45:1.0 197:1.0 
-0.9796699316144449 -1.0 26:1.0 243:1.0 
-1.0 -1.0 
-1.0 -1.0 
-0.0 -0.5946339845906781 27:1.0 182:1.0 299:1.0 
-0.5753866897746532 -1.0 137:1.0 
-0.0 -1.0 231:1.0 
-1.0 -1.0 
-1.0 -1.0 
-0.5754244307971547 -1.0 245:1.0 
-1.0 -1.0 
-0.5133615237940179 -1.0 14:1.0 247:1.0 
-1.0 -1.0 
-0.5753573054883112 -1.0 257:1.0 
-1.0 -1.0 171:1.0 
-0.0 -1.0 58:1.0 
-0.6739004173581387 -1.0 106:1.0 177:1.0 
-1.0 -1.0 
-0.0 -1.0 231:1.0 
-1.0 -1.0 
-1.0 -1.0 178:1.0 
-1.0 -1.0 
-1.0 -1.0 
-1.0 -1.0 
-0.0 -1.0 232:1.0 
-0.0 -1.0 2:1.0 
-1.0 -1.0 
-1.0 -1.0 
-1.0 -1.0 
-1.0 -1.0 
-1.0 -1.0 
-0.0 -1.0 122:1.0 273:1.0 280:1.0 
-0.8426935797150724 -1.0 162:1.0 171:1.0 259:1.0 264:1.0 
-0.0 -1.0 85:1.0 
-1.0 -1.0 
-1.0 -1.0 
-0.5753866897746533 -1.0 59:1.0 
-1.0 -1.0 
-0.7265990528362444 -1.0 98:1.0 176:1.0 
-1.0 -1.0 
-1.0 -1.0 
-0.0 -1.0 157:1.0 
-1.0 -1.0 
-1.0 -1.0 
-1.0 -1.0 153:1.0 
-1.0 -1.0 
-1.0 -1.0 147:1.0 211:1.0 298:1.0 
-0.20861974772575037 -1.0 154:1.0 
-0.6802281027401531 -1.0 16:1.0 202:1.0 269:1.0 270:1.0 
-0.5756653720910945 -0.9128120372122881 224:1.0 
-1.0 -1.0 
-1.0 -1.0 
-0.6939758484379809 -1.0 53:1.0 194:1.0 
-1.0 -1.0 
-1.0 -1.0 
-1.0 -1.0 
-1.0 -1.0 
-1.0 -1.0 
-1.0 -1.0 
-1.0 -1.0 
-1.0 -1.0 
-1.0 -1.0 
-1.0 -1.0 70:1.0 
-0.4204045244683103 -1.0 10:1.0 
-1.0 -1.0 
-1.0 -1.0 
-0.7113134995375723 -1.0 189:1.0 
-1.0 -1.0 
-1.0 -1.0 
-1.0 -1.0 
-1.0 -1.0 
-0.42144971182522095 -1.0 164:1.0 221:1.0 
-0.5858046741836892 -1.0 97:1.0 108:1.0 
-1.0 -1.0 
-1.0 -1.0 
-1.0 -1.0 
-1.0 -1.0 
-1.0 -1.0 
-1.0 -1.0 
-1.0 -1.0 
-1.0 -1.0 
-0.420398173983221 -1.0 196:1.0 
-0.6801016351898651 -1.0 150:1.0 162:1.0 270:1.0 
-1.0 -1.0 
-1.0 -1.0 
-1.0 -1.0 
-1.0 -1.0 
-1.0 -1.0 
-0.7518209718734438 -1.0 56:1.0 73:1.0 177:1.0 
-1.0 -1.0 176:1.0 
-1.0 -1.0 
-1.0 -1.0 184:1.0 
-1.0 -1.0 
-1.0 -1.0 
-1.0 -1.0 
-0.8155452691494972 -1.0 84:1.0 201:1.0 208:1.0 
-1.0 -1.0 
-0.5413100833145815 -1.0 16:1.0 
-1.0 -1.0 
-0.5753915479927215 -1.0 165:1.0 
-0.5473271188407375 -1.0 203:1.0 220:1.0 
-1.0 -1.0 
-1.0 -1.0 9:1.0 
-1.0 -1.0 
-1.0 -1.0 
-1.0 -1.0 
-1.0 -1.0 
-1.0 -1.0 
-1.0 -1.0 
-1.0 -1.0 
-1.0 -1.0 
-0.4204618155468521 -1.0 71:1.0 
-1.0 -1.0 
-1.0 -1.0 229:1.0 
-0.0 -0.41469669097343675 43:1.0 158:1.0 160:1.0 281:1.0 302:1.0 
-1.0 -1.0 
-0.5755282321100282 -1.0 58:1.0 
-1.0 -1.0 
-0.0 -0.4951431072359558 206:1.0 
-1.0 -1.0 
-0.5753919117618549 -1.0 249:1.0 269:1.0 
-1.0 -1.0 
-1.0 -1.0 
-1.0 -1.0 
-0.9424488590850989 -1.0 13:1.0 84:1.0 
-1.0 -1.0 
-1.0 -1.0 
-0.5753111347373213 -1.0 21:1.0 
-0.7825003239461247 -0.9517526057917527 43:1.0 158:1.0 160:1.0 281:1.0 302:1.0 
-1.0 -1.0 
-0.6935560970164262 -1.0 18:1.0 62:1.0 
-0.0 -1.0 269:1.0 
-1.0 -1.0 
-1.0 -1.0 
-1.0 -1.0 
-1.0 -1.0 
-1.0 -1.0 
-1.0 -1.0 
-1.0 -1.0 97:1.0 
-1.0 -1.0 
-1.0 -1.0 
-1.0 -1.0 
-1.0 -1.0 191:1.0 
-1.0 -1.0 244:1.0 
-0.5753808639228343 -1.0 85:1.0 
-1.0 -1.0 
-0.7266215517490995 -1.0 176:1.0 236:1.0 
-0.7844208154176863 -1.0 32:1.0 113:1.0 149:1.0 228:1.0 284:1.0 313:1.0 
-0.32727225532614224 -1.0 106:1.0 
-0.5756213411242829 -1.0 17:1.0 
-1.0 -1.0 
-1.0 -1.0 
-1.0 -1.0 
-1.0 -1.0 
-1.0 -1.0 
-0.5754026436804953 -0.94635046071383 232:1.0 
-0.4212693690677532 -0.8659040045951613 10:1.0 71:1.0 
-0.5755255584593764 -1.0 20:1.0 129:1.0 
-1.0 -1.0 
-0.5753671004754071 -1.0 88:1.0 
-0.5756636275581103 -1.0 79:1.0 
-1.0 -1.0 
-1.0 -1.0 
-1.0 -1.0 
-0.0 -0.9990490410217027 203:1.0 
-1.0 -1.0 
-0.6260967087483749 -1.0 184:1.0 203:1.0 252:1.0 
-0.575295725325103 -1.0 170:1.0 
-1.0 -1.0 
-1.0 -1.0 
-1.0 -1.0 
-0.5754396094784233 -1.0 101:1.0 
-1.0 -1.0 
-1.0 -1.0 
-1.0 -1.0 
-1.0 -1.0 
-1.0 -1.0 
-1.0 -1.0 
-1.0 -1.0 
-0.5753953696742699 -1.0 156:1.0 
-0.575669220913371 -1.0 93:1.0 
-0.5752827166652946 -1.0 223:1.0 
-0.8719298341834716 -0.9834126587635036 27:1.0 182:1.0 299:1.0 
-0.575425868837169 -1.0 41:1.0 
-1.0 -1.0 
-1.0 -1.0 
-1.0 -0.9342316357967557 224:1.0 
-1.0 -1.0 258:1.0 
-0.7503158513761764 -1.0 122:1.0 273:1.0 280:1.0 
-0.2282514292898047 -0.9854761752938824 206:1.0 
-1.0 -1.0 
-1.0 -1.0 
-1.0 -1.0 
-1.0 -1.0 
-1.0 -1.0 
-1.0 -1.0 
-0.8166334512743558 -1.0 231:1.0 
-1.0 -1.0 191:1.0 204:1.0 266:1.0 
-1.0 -1.0 
-1.0 -1.0 47:1.0 
-0.0 -0.9336140430586654 6:1.0 
-0.5131609782890864 -1.0 14:1.0 70:1.0 
-0.7187172640111238 -1.0 4:1.0 26:1.0 37:1.0 149:1.0 
-1.0 -1.0 
-0.9041877181555873 -1.0 108:1.0 191:1.0 
-0.9436207587606582 -1.0 99:1.0 
-1.0 -1.0 
-0.5628486334739368 -1.0 37:1.0 184:1.0 
-1.0 -1.0 
-1.0 -1.0 
-1.0 -1.0 
-0.20736425588315785 -1.0 209:1.0 
-1.0 -1.0 
-0.42103135419138005 -1.0 80:1.0 
-1.0 -1.0 
-1.0 -1.0 
-1.0 -1.0 
-0.9880420240093101 -1.0 182:1.0 268:1.0 
-1.0 -1.0 
-1.0 -1.0 
-1.0 -1.0 
-1.0 -1.0 
-1.0 -1.0 
-1.0 -1.0 
-1.0 -1.0 
-1.0 -1.0 
-1.0 -1.0 
-1.0 -1.0 
-1.0 -1.0 
-1.0 -1.0 
-1.0 -1.0 103:1.0 138:1.0 
-1.0 -1.0 
-0.42068202830425966 -1.0 110:1.0 
-0.0 -0.18434000990877736 265:1.0 
-1.0 -0.995357949234133 74:1.0 203:1.0 
-1.0 -1.0 
-0.575991166899123 -1.0 213:1.0 
-0.7718779101658875 -1.0 95:1.0 173:1.0 212:1.0 250:1.0 
-1.0 -1.0 
-1.0 -1.0 
-1.0 -1.0 
-1.0 -1.0 
-0.9440773093852357 -0.995671204155878 12:1.0 206:1.0 
-1.0 -1.0 
-1.0 -1.0 
-0.0 -0.26964162638564776 48:1.0 
-0.9434151574792892 -1.0 28:1.0 
-1.0 -1.0 
-1.0 -1.0 
-1.0 -1.0 
-1.0 -1.0 
-0.575545017444346 -0.8956616921778844 222:1.0 
-0.7331121289520728 -1.0 75:1.0 105:1.0 217:1.0 
-1.0 -1.0 
-0.0 -1.0 48:1.0 
-1.0 -1.0 
-1.0 -1.0 
-1.0 -1.0 
-1.0 -1.0 
-0.5756198160640331 -0.9659395456784015 163:1.0 
-1.0 -1.0 
-1.0 -1.0 
-1.0 -1.0 141:1.0 268:1.0 
-1.0 -1.0 
-0.4205786517826685 -1.0 221:1.0 
-1.0 -1.0 
-1.0 -1.0 
-1.0 -1.0 
-1.0 -1.0 231:1.0 
-1.0 -1.0 
-1.0 -1.0 
-1.0 -1.0 
-1.0 -1.0 
-1.0 -1.0 
-1.0 -1.0 
-1.0 -1.0 30:1.0 209:1.0 
-0.5752828869183473 -1.0 218:1.0 
-0.36444732365091637 -1.0 61:1.0 
-1.0 -0.9512958669992111 222:1.0 
-1.0 -1.0 
-1.0 -1.0 
-1.0 -1.0 
-1.0 -1.0 
-1.0 -1.0 
-1.0 -1.0 
-1.0 -1.0 
-1.0 -1.0 
-0.0 -1.0 157:1.0 
-1.0 -1.0 
-0.3569379614984508 -1.0 254:1.0 
-1.0 -1.0 
-1.0 -1.0 
-1.0 -1.0 143:1.0 
-1.0 -1.0 
-0.4492768120475396 -1.0 270:1.0 
-1.0 -1.0 
-0.0 -0.3616095122252405 32:1.0 113:1.0 174:1.0 251:1.0 279:1.0 287:1.0 313:1.0 
-1.0 -1.0 
-1.0 -1.0 
-1.0 -1.0 
-0.7866960600552195 -1.0 32:1.0 113:1.0 174:1.0 251:1.0 279:1.0 287:1.0 313:1.0 
-1.0 -1.0 
-0.8941697940218282 -1.0 231:1.0 
-1.0 -1.0 
-1.0 -1.0 
-0.9430178570154255 -1.0 83:1.0 
-1.0 -1.0 
-1.0 -1.0 
-1.0 -1.0 
-0.575380863922834 -1.0 133:1.0 
-0.5752116960648253 -1.0 193:1.0 
-1.0 -1.0 
-1.0 -1.0 
-1.0 -1.0 
-1.0 -1.0 
-1.0 -1.0 
-1.0 -1.0 
-1.0 -1.0 
-1.0 -1.0 
-1.0 -1.0 
-1.0 -1.0 
-0.5757433485570336 -1.0 51:1.0 
-1.0 -1.0 
-1.0 -1.0 
-0.47629107930182046 -0.9985086240216259 217:1.0 
-1.0 -1.0 
-0.8672465342818578 -1.0 118:1.0 142:1.0 237:1.0 
-1.0 -1.0 
-0.3638412349207827 -0.9718569068238194 157:1.0 
-1.0 -1.0 
-0.5940953127926022 -1.0 33:1.0 254:1.0 
-1.0 -1.0 
-0.575404594167739 -0.945023908628962 48:1.0 
-1.0 -1.0 
-1.0 -1.0 
-1.0 -1.0 
-0.2745959522333516 -1.0 73:1.0 
-1.0 -1.0 147:1.0 
-1.0 -1.0 
-1.0 -1.0 
-1.0 -1.0 87:1.0 
-0.8363794404137408 -1.0 
-0.0 -1.0 265:1.0 
-0.0 -1.0 
-0.32991220430838664 -1.0 269:1.0 
-0.2658819467800992 -0.9724234189686726 265:1.0 
-1.0 -1.0 27:1.0 64:1.0 104:1.0 182:1.0 261:1.0 283:1.0 290:1.0 292:1.0 299:1.0 
-0.0 -1.0 
-0.7443631508038684 -1.0 49:1.0 69:1.0 75:1.0 250:1.0 
-1.0 -1.0 230:1.0 
-0.0 -1.0 
-0.0 -1.0 
-0.0 -1.0 
-0.0 -1.0 
-1.0 -1.0 90:1.0 
-0.5757413060255907 -1.0 2:1.0 
-0.5754303163912386 -1.0 136:1.0 
-0.0 -1.0 
-0.5756636275581101 -1.0 94:1.0 
-0.7868853076092341 -1.0 55:1.0 135:1.0 181:1.0 187:1.0 277:1.0 288:1.0 303:1.0 
-0.0 -1.0 
-0.0 -1.0 
-0.5752108451677268 -0.9490209440285243 6:1.0 
-0.0 -1.0 
