svm_type c_svc
kernel_type rbf
gamma 0.001
nr_class 3
total_sv 1615
rho -8.18916085283717 -6.9292977604769606 8.46816869343332
label 2 0 1
nr_sv 417 662 536
SV
100.0 100.0 
100.0 100.0 271:1.0 
100.0 100.0 
100.0 100.0 
100.0 100.0 99:1.0 204:1.0 
100.0 100.0 
100.0 100.0 
100.0 100.0 
100.0 100.0 
100.0 100.0 
100.0 100.0 
100.0 100.0 
100.0 100.0 
100.0 100.0 
100.0 100.0 33:1.0 115:1.0 226:1.0 258:1.0 
100.0 100.0 243:1.0 
100.0 100.0 
100.0 100.0 
100.0 100.0 
100.0 100.0 
100.0 100.0 
100.0 100.0 151:1.0 
100.0 100.0 
100.0 100.0 
100.0 100.0 47:1.0 
100.0 100.0 
100.0 100.0 
100.0 100.0 205:1.0 
100.0 100.0 
100.0 100.0 
100.0 100.0 
100.0 100.0 
100.0 100.0 
100.0 100.0 
100.0 100.0 159:1.0 177:1.0 
100.0 100.0 
100.0 100.0 77:1.0 
100.0 100.0 
100.0 100.0 
100.0 100.0 13:1.0 23:1.0 54:1.0 
100.0 100.0 
78.93951933173028 7.751941169927811 64:1.0 125:1.0 182:1.0 261:1.0 283:1.0 292:1.0 
100.0 100.0 
100.0 100.0 
100.0 100.0 
100.0 100.0 
100.0 100.0 
100.0 100.0 
100.0 100.0 
100.0 100.0 
100.0 100.0 
100.0 100.0 204:1.0 
100.0 100.0 
100.0 100.0 
100.0 100.0 
100.0 100.0 40:1.0 
100.0 100.0 
100.0 100.0 
100.0 100.0 
100.0 100.0 90:1.0 
100.0 100.0 
100.0 100.0 
100.0 100.0 
100.0 100.0 74:1.0 96:1.0 
100.0 100.0 141:1.0 
100.0 100.0 99:1.0 
100.0 100.0 
100.0 100.0 
0.0 43.37642465722178 27:1.0 64:1.0 104:1.0 182:1.0 225:1.0 261:1.0 283:1.0 290:1.0 292:1.0 299:1.0 
100.0 100.0 15:1.0 125:1.0 
100.0 100.0 
100.0 100.0 
100.0 100.0 
100.0 100.0 15:1.0 19:1.0 
100.0 100.0 
100.0 100.0 139:1.0 
100.0 100.0 
100.0 100.0 
100.0 100.0 
100.0 100.0 
100.0 100.0 
100.0 100.0 
100.0 100.0 
100.0 100.0 
100.0 100.0 
100.0 100.0 
100.0 100.0 
100.0 100.0 230:1.0 
96.7657312823501 100.0 74:1.0 258:1.0 
100.0 100.0 266:1.0 
87.73874108847822 100.0 27:1.0 64:1.0 104:1.0 182:1.0 261:1.0 283:1.0 290:1.0 292:1.0 299:1.0 
100.0 100.0 
100.0 100.0 266:1.0 
100.0 100.0 
100.0 100.0 
100.0 100.0 13:1.0 103:1.0 
100.0 100.0 12:1.0 
100.0 100.0 19:1.0 
100.0 100.0 
100.0 100.0 219:1.0 
100.0 100.0 
100.0 100.0 74:1.0 
100.0 100.0 
100.0 100.0 
100.0 100.0 
100.0 100.0 90:1.0 
100.0 100.0 
100.0 100.0 
100.0 100.0 
100.0 100.0 
100.0 100.0 
100.0 100.0 
100.0 100.0 
100.0 100.0 150:1.0 168:1.0 
100.0 100.0 64:1.0 
100.0 100.0 
100.0 100.0 
100.0 100.0 
100.0 100.0 
100.0 100.0 125:1.0 
100.0 100.0 
100.0 100.0 
100.0 100.0 
100.0 100.0 22:1.0 60:1.0 
100.0 100.0 
100.0 100.0 
100.0 100.0 
100.0 100.0 224:1.0 
100.0 100.0 
100.0 100.0 
100.0 100.0 45:1.0 
100.0 100.0 
100.0 100.0 
100.0 100.0 25:1.0 
100.0 100.0 
100.0 100.0 
100.0 100.0 
100.0 100.0 
100.0 100.0 
100.0 100.0 
100.0 93.89987562396045 86:1.0 109:1.0 242:1.0 300:1.0 305:1.0 
100.0 100.0 244:1.0 
100.0 100.0 
100.0 100.0 
100.0 100.0 
100.0 100.0 
100.0 100.0 
100.0 100.0 
100.0 100.0 
100.0 100.0 
100.0 100.0 
100.0 100.0 
100.0 100.0 66:1.0 258:1.0 
100.0 100.0 
100.0 100.0 
100.0 100.0 
100.0 100.0 
100.0 100.0 8:1.0 9:1.0 
100.0 100.0 231:1.0 
100.0 100.0 8:1.0 9:1.0 189:1.0 
100.0 100.0 191:1.0 
100.0 100.0 
100.0 100.0 15:1.0 
100.0 100.0 70:1.0 
100.0 100.0 83:1.0 84:1.0 
100.0 100.0 147:1.0 211:1.0 298:1.0 
100.0 100.0 105:1.0 117:1.0 
100.0 100.0 191:1.0 
100.0 100.0 89:1.0 162:1.0 231:1.0 
100.0 100.0 
100.0 100.0 
100.0 100.0 184:1.0 
100.0 100.0 159:1.0 
100.0 100.0 264:1.0 
100.0 100.0 151:1.0 
100.0 100.0 89:1.0 
100.0 100.0 
100.0 100.0 
100.0 100.0 
100.0 100.0 30:1.0 89:1.0 
100.0 100.0 
100.0 100.0 
100.0 100.0 
100.0 100.0 
100.0 100.0 143:1.0 182:1.0 225:1.0 261:1.0 283:1.0 
100.0 100.0 132:1.0 
100.0 100.0 
100.0 100.0 153:1.0 
100.0 100.0 
100.0 100.0 
100.0 100.0 
100.0 100.0 
100.0 100.0 
100.0 100.0 
100.0 100.0 171:1.0 
100.0 100.0 
100.0 100.0 229:1.0 
100.0 100.0 
100.0 100.0 
100.0 100.0 143:1.0 
100.0 100.0 
100.0 100.0 
100.0 100.0 
100.0 100.0 246:1.0 
100.0 100.0 
100.0 100.0 
100.0 100.0 
100.0 100.0 97:1.0 
100.0 100.0 258:1.0 
100.0 100.0 22:1.0 115:1.0 
100.0 100.0 
100.0 100.0 182:1.0 
100.0 100.0 
100.0 100.0 74:1.0 
100.0 100.0 
100.0 100.0 
100.0 100.0 145:1.0 
100.0 100.0 
100.0 100.0 143:1.0 
100.0 100.0 
100.0 100.0 
100.0 100.0 204:1.0 
100.0 100.0 
100.0 100.0 260:1.0 
100.0 100.0 
100.0 100.0 211:1.0 
100.0 100.0 
100.0 100.0 56:1.0 
100.0 100.0 
100.0 100.0 
100.0 100.0 131:1.0 239:1.0 
100.0 100.0 
100.0 100.0 
100.0 100.0 96:1.0 171:1.0 
100.0 100.0 141:1.0 
100.0 100.0 
100.0 65.67018456741741 64:1.0 103:1.0 104:1.0 130:1.0 282:1.0 290:1.0 297:1.0 
100.0 100.0 
100.0 100.0 
59.44334900470954 50.69383008258734 13:1.0 23:1.0 54:1.0 64:1.0 130:1.0 282:1.0 
100.0 100.0 56:1.0 176:1.0 
100.0 100.0 
100.0 100.0 
100.0 100.0 
100.0 100.0 175:1.0 182:1.0 
100.0 100.0 
100.0 100.0 176:1.0 
100.0 100.0 260:1.0 
100.0 100.0 
100.0 100.0 
100.0 100.0 
100.0 100.0 
100.0 100.0 
100.0 100.0 231:1.0 
100.0 100.0 
100.0 100.0 
100.0 100.0 
100.0 100.0 
100.0 100.0 
100.0 96.95062938993837 86:1.0 109:1.0 242:1.0 300:1.0 305:1.0 
100.0 100.0 
100.0 100.0 103:1.0 
100.0 100.0 
100.0 100.0 
100.0 100.0 208:1.0 
100.0 100.0 
100.0 100.0 
100.0 100.0 
100.0 100.0 
100.0 100.0 168:1.0 
100.0 100.0 24:1.0 60:1.0 
100.0 100.0 
100.0 100.0 
100.0 100.0 24:1.0 
100.0 100.0 24:1.0 
100.0 100.0 
100.0 100.0 
100.0 100.0 
100.0 100.0 
100.0 100.0 
100.0 100.0 
100.0 100.0 
100.0 100.0 260:1.0 
100.0 100.0 
100.0 100.0 
100.0 100.0 
100.0 100.0 
100.0 100.0 60:1.0 114:1.0 
100.0 100.0 
100.0 100.0 
100.0 100.0 
100.0 100.0 
100.0 100.0 
100.0 100.0 
100.0 100.0 264:1.0 
100.0 100.0 260:1.0 
100.0 100.0 126:1.0 
100.0 100.0 
100.0 100.0 28:1.0 258:1.0 
100.0 100.0 
100.0 100.0 
100.0 100.0 78:1.0 
100.0 100.0 
100.0 100.0 
100.0 100.0 22:1.0 90:1.0 115:1.0 
100.0 100.0 
100.0 100.0 
100.0 100.0 
100.0 100.0 
100.0 100.0 144:1.0 
100.0 100.0 
100.0 100.0 
100.0 100.0 
100.0 100.0 
100.0 100.0 
100.0 100.0 
100.0 100.0 204:1.0 226:1.0 
100.0 100.0 
100.0 100.0 
100.0 100.0 60:1.0 233:1.0 
100.0 100.0 256:1.0 307:1.0 
100.0 100.0 
100.0 100.0 246:1.0 
100.0 100.0 
100.0 100.0 
100.0 100.0 
100.0 100.0 207:1.0 
100.0 100.0 
96.7087003182585 93.87740158499902 72:1.0 92:1.0 195:1.0 278:1.0 306:1.0 
100.0 100.0 18:1.0 
100.0 100.0 178:1.0 
100.0 100.0 117:1.0 
100.0 100.0 
100.0 100.0 
100.0 100.0 
100.0 100.0 
100.0 100.0 96:1.0 
100.0 100.0 
100.0 100.0 258:1.0 
100.0 100.0 
100.0 100.0 
100.0 100.0 
100.0 100.0 
100.0 100.0 
100.0 100.0 
100.0 100.0 
100.0 100.0 
100.0 100.0 
100.0 100.0 
100.0 100.0 
100.0 100.0 
99.70548044519276 96.97310342889988 72:1.0 92:1.0 195:1.0 278:1.0 306:1.0 
100.0 100.0 
100.0 100.0 
100.0 100.0 
100.0 100.0 
100.0 100.0 
100.0 100.0 
100.0 100.0 
100.0 100.0 
100.0 100.0 
100.0 100.0 
100.0 100.0 
100.0 100.0 54:1.0 
100.0 100.0 3:1.0 
100.0 100.0 
100.0 100.0 
100.0 100.0 30:1.0 
100.0 100.0 
100.0 100.0 
100.0 100.0 
100.0 100.0 
100.0 100.0 
100.0 100.0 
100.0 100.0 
100.0 100.0 
100.0 100.0 67:1.0 147:1.0 
100.0 100.0 
100.0 100.0 
100.0 100.0 271:1.0 
100.0 100.0 47:1.0 
100.0 100.0 
100.0 100.0 142:1.0 
100.0 100.0 
100.0 100.0 
100.0 100.0 
100.0 100.0 
100.0 100.0 
100.0 100.0 
100.0 100.0 
100.0 100.0 
100.0 100.0 
100.0 100.0 
100.0 100.0 67:1.0 
100.0 100.0 
100.0 100.0 
100.0 100.0 
100.0 100.0 87:1.0 
100.0 100.0 
100.0 100.0 
100.0 100.0 102:1.0 
100.0 100.0 
100.0 100.0 147:1.0 211:1.0 298:1.0 
100.0 100.0 
100.0 100.0 
100.0 100.0 
100.0 100.0 
100.0 100.0 222:1.0 
100.0 100.0 
100.0 100.0 
100.0 100.0 
100.0 100.0 
100.0 100.0 3:1.0 
100.0 100.0 
100.0 100.0 
100.0 100.0 
100.0 100.0 
-100.0 100.0 83:1.0 
-4.322664207353853 100.0 184:1.0 259:1.0 
-0.0 8.314835009065977 269:1.0 
-4.118681004372836 5.121099961459169 52:1.0 
-100.0 100.0 99:1.0 
-0.0 2.201451925922697 198:1.0 
-3.6387206824121803 0.0 75:1.0 255:1.0 
-4.521793422192471 100.0 194:1.0 
-0.0 32.412246232594974 62:1.0 
-4.506022678705125 54.95995778574621 136:1.0 183:1.0 
-0.0 49.949285522508276 193:1.0 
-100.0 5.028661260178417 233:1.0 
-100.0 5.117338950469924 8:1.0 
-0.32441841896127616 0.0 68:1.0 140:1.0 
-100.0 4.8686783479092615 19:1.0 151:1.0 
-4.525866741747279 4.893978029548667 210:1.0 289:1.0 
-4.485440838938793 90.39532354952019 6:1.0 88:1.0 192:1.0 269:1.0 
-4.539373038397304 100.0 61:1.0 139:1.0 234:1.0 
-4.445912093933597 100.0 257:1.0 265:1.0 
-1.5239515223058997 6.422479331157677 137:1.0 
-4.523447821636756 72.51531945830475 62:1.0 
-4.726229051693693 0.0 219:1.0 
-0.0 25.450357378893944 247:1.0 
-4.450406996316871 100.0 184:1.0 203:1.0 252:1.0 
-0.19452265224385032 4.7270710641968945 259:1.0 
-0.30304421086163913 61.514121019990554 38:1.0 73:1.0 
-4.513921888391132 55.025629620553 193:1.0 
-0.0 100.0 27:1.0 50:1.0 182:1.0 299:1.0 304:1.0 
-100.0 0.0 117:1.0 
-100.0 4.998152783320044 226:1.0 
-100.0 0.0 168:1.0 
-2.207996070852705 4.094370762031849 20:1.0 122:1.0 273:1.0 280:1.0 
-4.5185736074469665 100.0 2:1.0 
-0.0 100.0 267:1.0 
-4.3341990858329185 100.0 140:1.0 223:1.0 
-4.505223305920805 100.0 16:1.0 
-100.0 28.059845501792918 64:1.0 103:1.0 130:1.0 189:1.0 282:1.0 297:1.0 
-100.0 100.0 87:1.0 
-0.0 100.0 196:1.0 
-23.59699409364814 4.833596447316565 143:1.0 267:1.0 
-4.670013104415475 0.0 21:1.0 78:1.0 
-91.7593700919169 67.91129801806584 27:1.0 50:1.0 182:1.0 299:1.0 304:1.0 
-54.505570730838315 54.84200028034515 150:1.0 218:1.0 
-0.0 100.0 73:1.0 
-100.0 5.0318247863800885 125:1.0 
-100.0 100.0 182:1.0 
-100.0 100.0 30:1.0 230:1.0 
-1.9510329287043964 100.0 129:1.0 
-0.0 100.0 157:1.0 
-4.697864657725312 0.0 144:1.0 
-100.0 100.0 143:1.0 
-0.0 100.0 164:1.0 
-4.525911780372427 4.838208709500549 141:1.0 165:1.0 
-0.0 41.148956848427034 
-0.0 100.0 
-100.0 54.71709390783126 15:1.0 34:1.0 175:1.0 
-0.0 35.444121516762316 21:1.0 
-0.22711612706426484 3.5327983495919884 5:1.0 101:1.0 
-0.0 100.0 
-0.0 100.0 
-0.0 100.0 
-0.19505495525332003 100.0 121:1.0 198:1.0 
-0.0 100.0 
-0.0 100.0 
-0.0 100.0 
-0.0 100.0 
-0.0 100.0 
-0.0 100.0 
-0.0 29.80350832196237 133:1.0 
-0.0 100.0 
-100.0 100.0 28:1.0 
-4.518119950285045 100.0 118:1.0 
-0.0 100.0 
-0.0 1.9066496880078645 49:1.0 122:1.0 
-0.0 100.0 
-0.5020166720310463 100.0 73:1.0 149:1.0 228:1.0 284:1.0 
-99.75299905669736 0.0 67:1.0 114:1.0 
-100.0 100.0 204:1.0 
-0.0 100.0 
-0.0 100.0 
-0.0 100.0 
-2.7838274078883996 0.0 199:1.0 
-2.4575671310375773 100.0 20:1.0 129:1.0 
-0.0 100.0 
-0.0 100.0 
-0.0 100.0 
-0.0 100.0 
-0.0 100.0 
-0.0 100.0 
-0.0 100.0 
-4.520858298229453 4.913931715023575 214:1.0 
-0.0 100.0 
-0.0 100.0 
-100.0 5.033355344187152 246:1.0 
-0.0 100.0 
-0.0 32.29314872745065 237:1.0 
-100.0 100.0 141:1.0 
-0.0 33.638312971247295 248:1.0 
-0.0 100.0 
-0.0 100.0 
-0.0 100.0 
-0.0 100.0 
-0.0 100.0 
-0.0 100.0 
-0.0 100.0 
-0.0 100.0 
-0.0 100.0 
-0.0 100.0 
-0.0 100.0 
-0.0 100.0 
-0.0 100.0 
-0.0 100.0 
-0.0 100.0 
-1.659871190088646 5.547044957539648 51:1.0 65:1.0 199:1.0 
-0.0 100.0 231:1.0 
-0.0 100.0 
-3.972340733069948 8.218273696071343 38:1.0 49:1.0 73:1.0 236:1.0 
-0.0 100.0 
-100.0 4.836988742395883 86:1.0 109:1.0 242:1.0 300:1.0 305:1.0 
-0.0 100.0 
-0.0 100.0 85:1.0 
-91.49717276788343 100.0 184:1.0 
-0.0 100.0 
-0.0 100.0 
-0.0 100.0 
-0.0 100.0 
-2.9149027887719714 88.43443476813256 155:1.0 270:1.0 
-0.0 100.0 
-0.0 100.0 
-0.0 100.0 
-0.0 100.0 
-0.0 100.0 
-95.60528025640451 100.0 
-4.4086465271835324 0.0 4:1.0 175:1.0 240:1.0 
-0.0 100.0 66:1.0 106:1.0 157:1.0 
-100.0 100.0 
-100.0 100.0 
-100.0 5.101445764414744 159:1.0 
-100.0 100.0 
-100.0 100.0 
-4.525936174886892 100.0 26:1.0 69:1.0 
-4.5637269016439586 4.929189288324971 40:1.0 241:1.0 
-100.0 0.0 90:1.0 
-100.0 100.0 
-100.0 100.0 
-0.0 100.0 255:1.0 
-100.0 100.0 
-100.0 100.0 260:1.0 
-100.0 100.0 
-100.0 100.0 
-99.8945304462872 0.0 117:1.0 
-6.358889303891606 0.0 29:1.0 91:1.0 120:1.0 131:1.0 167:1.0 185:1.0 216:1.0 235:1.0 253:1.0 285:1.0 291:1.0 294:1.0 301:1.0 309:1.0 312:1.0 
-0.0 40.95662981047988 138:1.0 227:1.0 232:1.0 
-100.0 100.0 
-100.0 100.0 
-100.0 100.0 
-100.0 100.0 
-0.0 69.65332904847439 21:1.0 
-100.0 100.0 
-100.0 100.0 
-100.0 100.0 
-37.86040957855459 34.089461510007645 179:1.0 227:1.0 243:1.0 
-0.0 1.2308180030306521 238:1.0 
-100.0 0.0 145:1.0 
-100.0 100.0 
-100.0 100.0 
-100.0 100.0 
-100.0 100.0 
-0.4662569823763552 5.198027488720273 255:1.0 
-100.0 100.0 
-100.0 100.0 
-100.0 100.0 
-100.0 100.0 
-100.0 100.0 
-100.0 100.0 
-100.0 100.0 
-100.0 100.0 
-4.605462005486 100.0 176:1.0 
-100.0 100.0 
-0.0 100.0 269:1.0 
-100.0 100.0 
-100.0 100.0 
-23.720603185454255 0.0 143:1.0 215:1.0 
-0.0 11.56135147327707 75:1.0 
-4.32392778087846 100.0 138:1.0 184:1.0 
-100.0 100.0 
-0.0 70.03132530940208 59:1.0 73:1.0 
-0.5273882912515038 19.756159050988334 95:1.0 173:1.0 250:1.0 
-100.0 100.0 
-100.0 100.0 
-100.0 25.829971168624287 90:1.0 
-4.537291729963796 75.30370240090609 133:1.0 
-4.480391563948719 100.0 37:1.0 
-0.0 100.0 122:1.0 273:1.0 280:1.0 
-100.0 100.0 
-100.0 100.0 
-100.0 100.0 
-100.0 100.0 
-4.540272466226406 3.549951295636588 134:1.0 172:1.0 238:1.0 
-4.288323706929106 5.105379570384222 249:1.0 
-100.0 100.0 
-100.0 100.0 139:1.0 
-100.0 100.0 
-4.790878918917862 0.0 126:1.0 
-100.0 100.0 
-100.0 83.34629051378653 46:1.0 64:1.0 104:1.0 166:1.0 182:1.0 225:1.0 261:1.0 283:1.0 290:1.0 292:1.0 
-100.0 100.0 
-0.28436659562149247 6.093904069524897 108:1.0 269:1.0 
-100.0 4.912329451779438 271:1.0 
-100.0 100.0 
-100.0 100.0 
-100.0 100.0 
-100.0 100.0 
-100.0 100.0 
-100.0 100.0 
-0.0 94.91377375200975 51:1.0 68:1.0 
-54.50650099893115 29.641522376452144 18:1.0 67:1.0 123:1.0 
-100.0 100.0 
-100.0 100.0 
-100.0 100.0 
-100.0 100.0 
-100.0 100.0 
-0.16172476274679295 100.0 249:1.0 265:1.0 
-4.544700878745654 4.813342090883643 11:1.0 152:1.0 161:1.0 170:1.0 
-54.475600636470006 54.940686399208296 25:1.0 197:1.0 
-100.0 100.0 
-100.0 100.0 
-100.0 100.0 
-100.0 100.0 
-0.0 100.0 269:1.0 
-100.0 100.0 
-100.0 100.0 
-100.0 100.0 
-100.0 100.0 
-100.0 100.0 
-100.0 100.0 
-100.0 100.0 
-100.0 100.0 
-99.77085624824433 5.115395557394475 219:1.0 
-100.0 100.0 
-100.0 100.0 
-4.501351289251786 100.0 254:1.0 
-100.0 100.0 
-100.0 100.0 
-100.0 100.0 
-1.9393330719607227 0.0 106:1.0 111:1.0 
-4.2007287887464475 6.072701819961287 41:1.0 148:1.0 
-100.0 100.0 
-100.0 100.0 
-100.0 100.0 
-100.0 100.0 
-100.0 100.0 
-100.0 100.0 
-0.2851593746184129 94.46778120798358 212:1.0 
-100.0 100.0 
-100.0 100.0 
-0.0 45.551806575724534 200:1.0 
-100.0 100.0 
-4.267637075037604 10.119656248650507 68:1.0 212:1.0 
-100.0 100.0 
-0.0 5.084901083910856 252:1.0 
-100.0 100.0 
-0.0 1.3599956623872258 134:1.0 
-100.0 100.0 
-100.0 100.0 
-100.0 100.0 
-1.9715434385081696 81.6849869727369 111:1.0 201:1.0 
-4.451138722954578 100.0 58:1.0 116:1.0 
-100.0 100.0 
-100.0 100.0 
-0.0 100.0 67:1.0 75:1.0 91:1.0 265:1.0 
-100.0 100.0 
-100.0 100.0 
-100.0 100.0 
-100.0 100.0 
-4.296269711202937 4.913814096088597 57:1.0 
-100.0 100.0 
-0.0 5.07172877221095 213:1.0 
-100.0 100.0 
-100.0 100.0 
-4.519519506989404 59.470668961282605 200:1.0 
-0.0 100.0 55:1.0 135:1.0 181:1.0 187:1.0 277:1.0 288:1.0 303:1.0 
-100.0 100.0 
-100.0 100.0 
-100.0 100.0 
-100.0 100.0 
-0.0 30.50352934325629 173:1.0 
-100.0 100.0 
-100.0 100.0 
-0.0 45.63877732326398 276:1.0 
-100.0 100.0 
-100.0 100.0 
-100.0 100.0 99:1.0 
-100.0 100.0 
-100.0 100.0 
-100.0 100.0 
-100.0 100.0 
-100.0 100.0 
-100.0 100.0 
-100.0 100.0 
-4.500113893357396 4.9273580605483325 146:1.0 168:1.0 
-100.0 100.0 
-100.0 100.0 
-54.513917880783325 54.941051473090766 66:1.0 110:1.0 
-0.0 100.0 51:1.0 
-4.425142968021453 100.0 80:1.0 
-100.0 100.0 
-100.0 100.0 
-100.0 100.0 176:1.0 
-100.0 100.0 
-100.0 100.0 
-100.0 100.0 
-100.0 100.0 
-100.0 100.0 
-1.3157532992897623 79.4708256707884 247:1.0 
-100.0 100.0 33:1.0 
-100.0 100.0 
-100.0 100.0 
-100.0 100.0 
-100.0 100.0 
-50.2711196275075 0.0 67:1.0 
-0.0 32.659115962798495 7:1.0 119:1.0 270:1.0 310:1.0 
-100.0 100.0 
-100.0 100.0 
-0.0 100.0 165:1.0 
-100.0 100.0 
-100.0 100.0 
-100.0 100.0 
-100.0 100.0 
-100.0 100.0 143:1.0 
-100.0 100.0 
-4.570921638523885 54.92296244076297 85:1.0 117:1.0 
-100.0 100.0 
-4.623150250168123 5.0078182258847495 102:1.0 
-100.0 100.0 
-100.0 100.0 
-100.0 100.0 
-100.0 100.0 
-100.0 100.0 115:1.0 
-100.0 100.0 
-100.0 100.0 
-100.0 74.15836710025035 141:1.0 
-0.0 57.90240281098947 127:1.0 215:1.0 232:1.0 
-100.0 100.0 
-0.0 84.54972927772087 250:1.0 
-100.0 100.0 
-100.0 100.0 
-100.0 100.0 
-100.0 100.0 
-4.5189913476007035 100.0 268:1.0 
-100.0 100.0 
-100.0 100.0 
-100.0 100.0 
-100.0 100.0 
-0.0 4.919711560846422 207:1.0 272:1.0 
-100.0 100.0 
-100.0 100.0 
-4.518119950286388 100.0 93:1.0 
-100.0 100.0 
-100.0 100.0 
-100.0 100.0 
-100.0 100.0 
-100.0 0.0 207:1.0 
-100.0 100.0 
-100.0 100.0 
-100.0 100.0 
-4.518277243564373 100.0 164:1.0 
-4.505430206051954 4.972651450616406 31:1.0 244:1.0 
-100.0 100.0 
-100.0 100.0 
-100.0 100.0 
-100.0 100.0 
-100.0 100.0 
-100.0 100.0 
-100.0 100.0 
-100.0 100.0 
-100.0 100.0 
-100.0 100.0 
-100.0 100.0 
-100.0 100.0 
-1.8002212350138713 99.17129110779275 17:1.0 220:1.0 
-100.0 100.0 
-100.0 100.0 
-0.0 1.3628174036034908 172:1.0 
-100.0 100.0 
-100.0 100.0 
-100.0 100.0 
-4.49212987109886 59.38875361936681 276:1.0 
-100.0 100.0 
-3.9332458819314224 84.9237915780517 95:1.0 
-100.0 100.0 178:1.0 
-100.0 100.0 
-0.3719949818984312 100.0 4:1.0 52:1.0 255:1.0 
-100.0 100.0 
-100.0 100.0 
-0.0 100.0 269:1.0 
-100.0 100.0 
-100.0 100.0 
-100.0 100.0 
-100.0 100.0 
-100.0 100.0 56:1.0 157:1.0 
-100.0 100.0 
-100.0 100.0 
-100.0 100.0 
-4.574092932334326 4.785908165509728 55:1.0 135:1.0 181:1.0 187:1.0 277:1.0 288:1.0 303:1.0 
-100.0 100.0 
-100.0 100.0 
-4.501941113500235 4.827079370041157 76:1.0 112:1.0 311:1.0 
-100.0 100.0 
-4.556377367960634 4.976938265234971 188:1.0 
-100.0 100.0 
-100.0 100.0 
-100.0 100.0 
-0.0 17.363521539671222 39:1.0 
-0.0 100.0 108:1.0 
-100.0 100.0 
-100.0 100.0 
-100.0 100.0 
-100.0 100.0 
-100.0 100.0 
-100.0 100.0 
-100.0 100.0 
-100.0 38.08529577263344 9:1.0 42:1.0 78:1.0 
-100.0 100.0 
-100.0 100.0 
-100.0 100.0 
-100.0 100.0 
-4.674949202880932 0.1657613284795686 239:1.0 
-100.0 100.0 
-4.579345138355436 29.814424657836344 107:1.0 114:1.0 180:1.0 231:1.0 
-100.0 100.0 
-100.0 100.0 
-100.0 100.0 
-0.39546851852539144 0.0 36:1.0 169:1.0 250:1.0 293:1.0 
-0.4911367921891039 97.67395446040479 41:1.0 236:1.0 
-0.0 100.0 170:1.0 
-100.0 100.0 
-14.062270606723967 0.0 59:1.0 143:1.0 272:1.0 
-100.0 100.0 
-100.0 100.0 
-100.0 100.0 105:1.0 
-0.0 100.0 162:1.0 
-3.5988965764903327 100.0 250:1.0 
-100.0 100.0 
-4.248641568916361 100.0 162:1.0 168:1.0 
-99.6378170175691 5.022475537011924 126:1.0 
-100.0 100.0 
-100.0 100.0 
-2.8806390795137355 4.214726908564988 1:1.0 51:1.0 98:1.0 
-99.80126964351032 100.0 176:1.0 
-0.0 17.242473965545127 35:1.0 46:1.0 88:1.0 186:1.0 286:1.0 
-0.6354655847313281 11.63075984564247 156:1.0 
-100.0 100.0 
-100.0 100.0 
-4.518277243564122 5.101445764416664 262:1.0 
-100.0 100.0 
-4.648371592063286 0.3239516875093144 132:1.0 
-1.588008414892358 0.0 50:1.0 182:1.0 304:1.0 
-100.0 100.0 
-100.0 100.0 244:1.0 
-2.828326200189562 5.331266414783563 17:1.0 275:1.0 
-100.0 100.0 162:1.0 
-100.0 100.0 
-1.365776272498507 100.0 35:1.0 
-100.0 100.0 
-4.818779824258629 77.0838724586577 189:1.0 
-100.0 100.0 
-100.0 100.0 
-100.0 100.0 
-100.0 100.0 48:1.0 264:1.0 
-100.0 100.0 
-100.0 100.0 
-100.0 100.0 
-4.529887629181054 71.18875449968407 248:1.0 
-100.0 100.0 
-100.0 100.0 
-100.0 100.0 
-100.0 100.0 
-100.0 100.0 
-100.0 100.0 
-100.0 100.0 
-100.0 100.0 
-100.0 100.0 
-100.0 100.0 
-100.0 100.0 
-4.147683177404366 98.6444330749499 108:1.0 
-0.0 24.17258227572098 82:1.0 
-100.0 100.0 
-1.6803048013259279 0.0 275:1.0 
-100.0 100.0 
-100.0 100.0 142:1.0 
-100.0 100.0 
-100.0 100.0 
-0.0 25.831631814998946 88:1.0 123:1.0 141:1.0 274:1.0 
-100.0 100.0 
-100.0 100.0 
-100.0 100.0 
-4.572077757647198 4.8232744533835366 44:1.0 100:1.0 124:1.0 295:1.0 308:1.0 
-100.0 100.0 231:1.0 
-100.0 100.0 
-100.0 100.0 
-100.0 79.26747939661036 90:1.0 
-100.0 100.0 
-100.0 100.0 
-100.0 100.0 
-100.0 100.0 
-100.0 100.0 
-100.0 100.0 
-100.0 100.0 
-100.0 100.0 
-100.0 100.0 
-100.0 100.0 
-0.0 0.2013733462942322 63:1.0 
-4.340876061377295 4.843203113916535 33:1.0 145:1.0 
-3.9951520867811645 37.7572365688357 149:1.0 228:1.0 284:1.0 
-100.0 0.0 40:1.0 
-100.0 100.0 
-4.560199844456975 100.0 196:1.0 213:1.0 
-4.518185363202061 72.53620356610661 237:1.0 
-100.0 100.0 
-100.0 100.0 
-100.0 100.0 
-100.0 100.0 
-100.0 100.0 45:1.0 102:1.0 
-100.0 100.0 
-100.0 100.0 
-0.0 0.9711322835984582 20:1.0 
-4.538427458392261 4.969791980295755 81:1.0 
-4.22712067454828 54.67912924885686 36:1.0 169:1.0 173:1.0 202:1.0 293:1.0 
-95.77619948320061 0.0 168:1.0 
-100.0 100.0 
-4.344167866111507 2.833811097437217 5:1.0 121:1.0 198:1.0 
-100.0 100.0 
-0.228674934588797 0.0 148:1.0 
-100.0 100.0 
-99.89775484940506 100.0 231:1.0 
-100.0 100.0 
-100.0 100.0 
-100.0 100.0 
-100.0 100.0 
-0.0 100.0 218:1.0 221:1.0 
-100.0 100.0 
-100.0 100.0 
-0.19361944710867257 0.0 138:1.0 
-100.0 100.0 
-100.0 100.0 
-100.0 100.0 
-100.0 100.0 
-100.0 100.0 
-100.0 100.0 
-100.0 100.0 
-100.0 100.0 
-4.518185363204005 100.0 14:1.0 
-100.0 100.0 
-100.0 100.0 
-0.23981598494826029 0.0 57:1.0 116:1.0 
-23.67722560837829 0.0 119:1.0 143:1.0 
-100.0 100.0 
-100.0 100.0 
-100.0 100.0 
-100.0 100.0 
-100.0 100.0 
-100.0 100.0 
-100.0 100.0 
-100.0 100.0 
-4.493991260784237 5.050311485709373 128:1.0 
-100.0 100.0 
-100.0 100.0 
-100.0 100.0 
-0.0 100.0 149:1.0 
-100.0 100.0 
-100.0 100.0 
-100.0 100.0 
-100.0 100.0 
-100.0 100.0 
-100.0 100.0 
-100.0 100.0 
-100.0 100.0 
-100.0 100.0 
-100.0 100.0 
-100.0 100.0 
-100.0 100.0 
-0.0 100.0 59:1.0 232:1.0 
-100.0 100.0 
-100.0 100.0 
-4.1883581327509765 100.0 101:1.0 
-100.0 100.0 
-100.0 100.0 
-4.595031778868615 100.0 94:1.0 
-100.0 100.0 
-100.0 4.954919194100674 77:1.0 
-100.0 100.0 
-100.0 100.0 
-4.439669335722318 0.0 127:1.0 
-100.0 100.0 
-100.0 100.0 
-100.0 100.0 
-2.722463008800708 5.820860665191985 220:1.0 
-100.0 100.0 
-0.0 100.0 31:1.0 
-100.0 100.0 208:1.0 231:1.0 
-100.0 100.0 
-100.0 100.0 
-100.0 100.0 
-100.0 100.0 
-100.0 100.0 
-100.0 100.0 
-100.0 100.0 
-0.0 75.6483976204543 190:1.0 
-4.455282799215044 4.7589601781387 63:1.0 
-100.0 100.0 
-100.0 100.0 
-100.0 100.0 
-100.0 100.0 
-2.9695814649821672 98.76362095266157 65:1.0 137:1.0 
-100.0 100.0 
-100.0 100.0 
-100.0 100.0 
-100.0 0.0 151:1.0 
-100.0 100.0 
-100.0 100.0 
-100.0 100.0 
-99.89195496294337 4.7742544646266545 132:1.0 
-100.0 100.0 
-100.0 100.0 
-0.0 50.31459771340835 34:1.0 
-2.2855668486452614 100.0 122:1.0 273:1.0 280:1.0 
-100.0 100.0 
-100.0 100.0 
-4.518573607450337 29.37425659058873 190:1.0 
-100.0 100.0 
-99.71018622844691 4.783990145123246 239:1.0 
-100.0 100.0 
-0.0 71.0401756293506 179:1.0 
-0.17778913581560596 0.0 75:1.0 114:1.0 
-0.0 100.0 85:1.0 
-100.0 100.0 
-4.529998579387231 87.55360542641219 39:1.0 
-100.0 100.0 
-100.0 100.0 
-100.0 100.0 
-100.0 100.0 
-100.0 100.0 205:1.0 
-12.318951007363633 4.798400407087906 29:1.0 120:1.0 131:1.0 167:1.0 185:1.0 263:1.0 296:1.0 312:1.0 
-4.46097278816069 80.7486007739586 82:1.0 
-0.0 100.0 146:1.0 
-3.2177503291496836 46.405373661267994 35:1.0 111:1.0 186:1.0 286:1.0 
-3.1634126658138366 0.0 77:1.0 155:1.0 156:1.0 247:1.0 
-100.0 100.0 
-99.81640152365743 4.905673244545625 144:1.0 
-100.0 100.0 
-4.620420302587651 0.0 151:1.0 
-100.0 100.0 
-100.0 100.0 
-44.45127262134482 0.0 46:1.0 103:1.0 130:1.0 297:1.0 
-85.01751645136696 100.0 
-0.6984728482288944 93.5746266134115 49:1.0 75:1.0 156:1.0 
-1.6743037054526146 50.629165322539755 1:1.0 98:1.0 
-0.0 100.0 
-0.0 100.0 
-0.0 100.0 
-0.0 100.0 71:1.0 197:1.0 270:1.0 
-100.0 -100.0 
-100.0 -100.0 
-100.0 -100.0 
-100.0 -100.0 
-100.0 -100.0 23:1.0 
-100.0 -100.0 
-100.0 -100.0 
-0.0 -100.0 85:1.0 
-100.0 -100.0 18:1.0 
-100.0 -100.0 
-100.0 -100.0 
-100.0 -100.0 
-100.0 -100.0 
-100.0 -100.0 
-100.0 -100.0 
-100.0 -100.0 
-100.0 -100.0 56:1.0 
-100.0 -100.0 
-100.0 -100.0 205:1.0 
-100.0 -100.0 
-100.0 -100.0 
-100.0 -100.0 
-31.286148952605117 -100.0 129:1.0 
-0.0 -100.0 265:1.0 
-100.0 -100.0 24:1.0 
-100.0 -100.0 
-0.0 -100.0 51:1.0 
-100.0 -100.0 
-100.0 -100.0 
-0.0 -0.09658293730477376 43:1.0 158:1.0 160:1.0 281:1.0 302:1.0 
-100.0 -100.0 
-100.0 -100.0 
-100.0 -100.0 
-100.0 -100.0 
-100.0 -100.0 
-100.0 -100.0 139:1.0 
-100.0 -100.0 
-100.0 -100.0 
-100.0 -100.0 
-100.0 -100.0 
-100.0 -100.0 
-35.19447182601655 -100.0 276:1.0 
-100.0 -100.0 82:1.0 143:1.0 
-100.0 -100.0 
-0.0 -100.0 203:1.0 
-0.0 -100.0 223:1.0 
-100.0 -100.0 
-100.0 -100.0 
-100.0 -100.0 
-0.0 -100.0 217:1.0 
-100.0 -100.0 
-100.0 -100.0 102:1.0 
-100.0 -100.0 
-100.0 -100.0 
-100.0 -100.0 25:1.0 
-100.0 -100.0 
-100.0 -100.0 115:1.0 258:1.0 
-100.0 -100.0 
-100.0 -100.0 
-100.0 -100.0 
-100.0 -100.0 
-0.0 -100.0 232:1.0 
-100.0 -100.0 
-19.550367441119015 -100.0 52:1.0 229:1.0 
-100.0 -100.0 
-100.0 -100.0 
-100.0 -100.0 
-0.0 -100.0 154:1.0 265:1.0 
-100.0 -100.0 
-100.0 -100.0 
-100.0 -100.0 
-100.0 -100.0 
-3.8502765111320048 -100.0 61:1.0 139:1.0 
-100.0 -100.0 
-100.0 -100.0 
-100.0 -100.0 
-35.206908923501985 -100.0 267:1.0 
-100.0 -100.0 
-100.0 -100.0 
-100.0 -100.0 
-0.0 -100.0 16:1.0 
-3.8727063372516 -100.0 154:1.0 248:1.0 
-0.0 -100.0 53:1.0 194:1.0 
-0.0 -100.0 257:1.0 
-100.0 -100.0 
-100.0 -100.0 
-100.0 -100.0 
-100.0 -100.0 
-0.0 -100.0 255:1.0 
-35.16031074409552 -100.0 200:1.0 
-100.0 -100.0 
-100.0 -100.0 
-100.0 -100.0 
-0.0 -100.0 162:1.0 
-100.0 -100.0 
-100.0 -100.0 14:1.0 15:1.0 
-35.168755913775506 -100.0 34:1.0 
-0.0 -100.0 80:1.0 196:1.0 
-35.076162306049596 -100.0 166:1.0 
-100.0 -100.0 
-100.0 -100.0 
-0.0 -100.0 201:1.0 
-0.0 -100.0 26:1.0 73:1.0 149:1.0 
-100.0 -100.0 
-35.076162306049596 -100.0 190:1.0 
-100.0 -100.0 
-100.0 -100.0 
-35.18932060129472 -100.0 68:1.0 
-100.0 -100.0 
-100.0 -100.0 
-100.0 -100.0 
-100.0 -100.0 
-100.0 -100.0 
-35.215012640207625 -100.0 31:1.0 
-66.82657771812441 -100.0 73:1.0 146:1.0 168:1.0 
-100.0 -100.0 
-100.0 -100.0 
-100.0 -100.0 
-100.0 -100.0 
-3.740396607328413 -100.0 65:1.0 157:1.0 
-35.841354476508876 -100.0 184:1.0 
-35.07356342634449 -100.0 255:1.0 
-0.0 -100.0 110:1.0 265:1.0 
-35.076162306049596 -100.0 39:1.0 
-100.0 -100.0 
-100.0 -100.0 141:1.0 274:1.0 
-100.0 -100.0 
-100.0 -100.0 
-100.0 -100.0 
-100.0 -100.0 
-100.0 -100.0 
-100.0 -100.0 
-100.0 -100.0 99:1.0 
-100.0 -100.0 
-100.0 -100.0 
-100.0 -100.0 
-100.0 -100.0 
-100.0 -100.0 
-0.0 -100.0 162:1.0 
-100.0 -100.0 
-100.0 -100.0 
-100.0 -100.0 
-100.0 -100.0 
-100.0 -100.0 35:1.0 186:1.0 258:1.0 286:1.0 
-100.0 -100.0 
-100.0 -100.0 
-100.0 -100.0 260:1.0 
-100.0 -100.0 
-100.0 -100.0 
-0.0 -100.0 35:1.0 
-100.0 -100.0 
-0.0 -0.23933006833439768 32:1.0 113:1.0 174:1.0 251:1.0 279:1.0 287:1.0 313:1.0 
-3.976610586388111 -100.0 121:1.0 184:1.0 
-100.0 -100.0 
-35.155118171215264 -100.0 69:1.0 
-0.0 -100.0 163:1.0 
-100.0 -100.0 
-35.138557795552074 -100.0 179:1.0 
-100.0 -100.0 
-100.0 -100.0 
-100.0 -100.0 
-100.0 -100.0 
-100.0 -100.0 
-100.0 -100.0 
-34.979003234561574 -100.0 198:1.0 
-35.20722292561635 -100.0 164:1.0 
-100.0 -100.0 
-35.09561727163411 -100.0 202:1.0 
-100.0 -100.0 
-100.0 -100.0 
-69.52902959497177 -100.0 45:1.0 197:1.0 
-69.54936882948903 -100.0 26:1.0 243:1.0 
-100.0 -100.0 
-100.0 -100.0 
-26.538992477058905 -100.0 27:1.0 182:1.0 299:1.0 
-35.20652791812939 -100.0 137:1.0 
-0.0 -100.0 231:1.0 
-100.0 -100.0 
-100.0 -100.0 
-35.07356342634449 -100.0 245:1.0 
-100.0 -100.0 
-0.0 -100.0 14:1.0 247:1.0 
-100.0 -100.0 
-35.07356342634449 -100.0 257:1.0 
-100.0 -100.0 171:1.0 
-0.0 -100.0 58:1.0 
-48.19525792679549 -100.0 106:1.0 177:1.0 
-100.0 -100.0 
-34.887521737067075 -100.0 231:1.0 
-100.0 -100.0 
-100.0 -100.0 178:1.0 
-100.0 -100.0 
-100.0 -100.0 
-100.0 -100.0 
-0.0 -100.0 232:1.0 
-0.0 -100.0 2:1.0 
-100.0 -100.0 
-100.0 -100.0 
-0.0 -100.0 222:1.0 
-100.0 -100.0 
-100.0 -100.0 
-100.0 -100.0 
-0.0 -100.0 122:1.0 273:1.0 280:1.0 
-99.77691636244748 -100.0 162:1.0 171:1.0 259:1.0 264:1.0 
-0.0 -100.0 85:1.0 
-100.0 -100.0 
-100.0 -100.0 
-35.09163366859951 -100.0 59:1.0 
-100.0 -100.0 
-46.394955017941605 -100.0 98:1.0 176:1.0 
-100.0 -100.0 
-100.0 -100.0 
-0.0 -100.0 157:1.0 
-100.0 -100.0 
-100.0 -100.0 
-100.0 -100.0 153:1.0 
-100.0 -100.0 
-100.0 -100.0 147:1.0 211:1.0 298:1.0 
-31.284523297601517 -100.0 154:1.0 
-0.0 -100.0 16:1.0 202:1.0 269:1.0 270:1.0 
-50.0 -100.0 224:1.0 
-100.0 -100.0 
-100.0 -100.0 
-19.513716626145445 -100.0 53:1.0 194:1.0 
-100.0 -100.0 
-100.0 -100.0 
-100.0 -100.0 
-100.0 -100.0 
-100.0 -100.0 
-100.0 -100.0 
-100.0 -100.0 
-100.0 -100.0 
-100.0 -100.0 
-100.0 -100.0 70:1.0 
-34.995146532211095 -100.0 10:1.0 
-100.0 -100.0 
-100.0 -100.0 
-100.0 -100.0 189:1.0 
-100.0 -100.0 
-100.0 -100.0 
-100.0 -100.0 
-100.0 -100.0 
-0.0 -100.0 164:1.0 221:1.0 
-12.98272145975675 -100.0 97:1.0 108:1.0 
-100.0 -100.0 
-100.0 -100.0 
-100.0 -100.0 
-100.0 -100.0 
-100.0 -100.0 
-100.0 -100.0 
-100.0 -100.0 
-100.0 -100.0 
-34.979374773706795 -100.0 196:1.0 
-47.759583851878304 -100.0 150:1.0 162:1.0 270:1.0 
-100.0 -100.0 
-100.0 -100.0 
-100.0 -100.0 
-100.0 -100.0 
-100.0 -100.0 
-42.6038604861745 -100.0 56:1.0 73:1.0 177:1.0 
-0.0 -100.0 265:1.0 
-100.0 -100.0 176:1.0 
-100.0 -100.0 
-91.52650085741456 -100.0 184:1.0 
-100.0 -100.0 
-100.0 -100.0 
-100.0 -100.0 
-47.611894709777616 -100.0 84:1.0 201:1.0 208:1.0 
-100.0 -100.0 
-35.011285487464605 -100.0 16:1.0 
-100.0 -100.0 
-35.2335858611956 -100.0 165:1.0 
-0.0 -100.0 203:1.0 220:1.0 
-100.0 -100.0 
-100.0 -100.0 9:1.0 
-100.0 -100.0 
-100.0 -100.0 
-100.0 -100.0 
-100.0 -100.0 
-100.0 -100.0 
-100.0 -100.0 
-100.0 -100.0 
-100.0 -100.0 
-35.16875591377536 -100.0 71:1.0 
-100.0 -100.0 
-100.0 -100.0 229:1.0 
-0.0 -96.11557862900563 43:1.0 158:1.0 160:1.0 281:1.0 302:1.0 
-100.0 -100.0 
-35.194471826016546 -100.0 58:1.0 
-100.0 -100.0 
-0.0 -100.0 206:1.0 
-100.0 -100.0 
-3.726346857030858 -100.0 249:1.0 269:1.0 
-100.0 -100.0 
-100.0 -100.0 
-100.0 -100.0 
-100.0 -100.0 13:1.0 84:1.0 
-100.0 -100.0 
-100.0 -100.0 
-35.20652791812955 -100.0 21:1.0 
-10.194871143482061 -100.0 43:1.0 158:1.0 160:1.0 281:1.0 302:1.0 
-100.0 -100.0 
-19.479082717986014 -100.0 18:1.0 62:1.0 
-0.0 -100.0 269:1.0 
-100.0 -100.0 
-100.0 -100.0 
-100.0 -100.0 
-100.0 -100.0 
-100.0 -100.0 
-100.0 -100.0 
-100.0 -100.0 97:1.0 
-100.0 -100.0 
-100.0 -100.0 
-100.0 -100.0 
-0.0 -100.0 265:1.0 
-100.0 -100.0 191:1.0 
-100.0 -100.0 244:1.0 
-35.20672472877245 -100.0 85:1.0 
-100.0 -100.0 
-46.30361341489873 -100.0 176:1.0 236:1.0 
-6.322055119781196 -100.0 32:1.0 113:1.0 149:1.0 228:1.0 284:1.0 313:1.0 
-0.0 -100.0 106:1.0 
-35.235449015164136 -100.0 17:1.0 
-100.0 -100.0 
-100.0 -100.0 
-100.0 -100.0 
-100.0 -100.0 
-100.0 -100.0 
-35.2072229256155 -100.0 232:1.0 
-0.0 -100.0 10:1.0 71:1.0 
-3.8703511110659203 -100.0 20:1.0 129:1.0 
-100.0 -100.0 
-35.21501264020684 -100.0 88:1.0 
-35.20682855630213 -100.0 79:1.0 
-100.0 -100.0 
-100.0 -100.0 
-100.0 -100.0 
-0.0 -100.0 203:1.0 
-100.0 -100.0 
-0.0 -100.0 184:1.0 203:1.0 252:1.0 
-35.215012640206076 -100.0 170:1.0 
-100.0 -100.0 
-100.0 -100.0 
-100.0 -100.0 
-34.97813665824169 -100.0 101:1.0 
-100.0 -100.0 
-100.0 -100.0 
-100.0 -100.0 
-100.0 -100.0 
-100.0 -100.0 
-100.0 -100.0 
-100.0 -100.0 
-35.09128679133065 -100.0 156:1.0 
-35.12016809576116 -100.0 93:1.0 
-35.08931355834516 -100.0 223:1.0 
-100.0 -100.0 27:1.0 182:1.0 299:1.0 
-35.235449015163056 -100.0 41:1.0 
-100.0 -100.0 
-100.0 -100.0 
-85.18932060129421 -100.0 224:1.0 
-100.0 -100.0 258:1.0 
-14.292800424047863 -100.0 122:1.0 273:1.0 280:1.0 
-0.0 -100.0 206:1.0 
-100.0 -100.0 
-100.0 -100.0 
-100.0 -100.0 
-100.0 -100.0 
-100.0 -100.0 
-100.0 -100.0 
-100.0 -100.0 231:1.0 
-100.0 -100.0 191:1.0 204:1.0 266:1.0 
-100.0 -100.0 
-100.0 -100.0 47:1.0 
-0.0 -100.0 6:1.0 
-0.0 -100.0 14:1.0 70:1.0 
-0.0 -100.0 4:1.0 26:1.0 37:1.0 149:1.0 
-100.0 -100.0 
-13.128411719142061 -100.0 108:1.0 191:1.0 
-100.0 -100.0 99:1.0 
-100.0 -100.0 
-3.876181761406966 -100.0 37:1.0 184:1.0 
-100.0 -100.0 
-100.0 -100.0 
-100.0 -100.0 
-0.0 -100.0 209:1.0 
-100.0 -100.0 
-35.07356342634726 -100.0 80:1.0 
-100.0 -100.0 
-100.0 -100.0 
-100.0 -100.0 
-100.0 -100.0 182:1.0 268:1.0 
-100.0 -100.0 
-100.0 -100.0 
-100.0 -100.0 
-100.0 -100.0 
-100.0 -100.0 
-100.0 -100.0 
-100.0 -100.0 
-100.0 -100.0 
-100.0 -100.0 
-100.0 -100.0 
-100.0 -100.0 
-100.0 -100.0 
-100.0 -100.0 103:1.0 138:1.0 
-100.0 -100.0 
-35.076162306050634 -100.0 110:1.0 
-0.0 -100.0 265:1.0 
-100.0 -100.0 74:1.0 203:1.0 
-100.0 -100.0 
-35.12074262309289 -100.0 213:1.0 
-11.75069058618364 -100.0 95:1.0 173:1.0 212:1.0 250:1.0 
-100.0 -100.0 
-100.0 -100.0 
-100.0 -100.0 
-100.0 -100.0 
-69.4901623843596 -100.0 12:1.0 206:1.0 
-100.0 -100.0 
-100.0 -100.0 
-0.0 -100.0 48:1.0 
-100.0 -100.0 28:1.0 
-100.0 -100.0 
-100.0 -100.0 
-100.0 -100.0 
-100.0 -100.0 
-100.0 -100.0 222:1.0 
-47.59325278649625 -100.0 75:1.0 105:1.0 217:1.0 
-100.0 -100.0 
-0.0 -100.0 48:1.0 
-100.0 -100.0 
-100.0 -100.0 
-100.0 -100.0 
-100.0 -100.0 
-34.92679470255422 -100.0 163:1.0 
-100.0 -100.0 
-100.0 -100.0 
-19.578016182702438 -100.0 141:1.0 268:1.0 
-100.0 -100.0 
-35.160310744095916 -100.0 221:1.0 
-100.0 -100.0 
-100.0 -100.0 
-100.0 -100.0 
-100.0 -100.0 231:1.0 
-100.0 -100.0 
-100.0 -100.0 
-100.0 -100.0 
-100.0 -100.0 
-100.0 -100.0 
-100.0 -100.0 
-100.0 -100.0 30:1.0 209:1.0 
-35.21501264020684 -100.0 218:1.0 
-31.39795884871812 -100.0 61:1.0 
-35.11791055234465 -100.0 222:1.0 
-100.0 -100.0 
-100.0 -100.0 
-100.0 -100.0 
-100.0 -100.0 
-100.0 -100.0 
-100.0 -100.0 
-100.0 -100.0 
-100.0 -100.0 
-0.0 -100.0 157:1.0 
-100.0 -100.0 
-0.0 -100.0 254:1.0 
-100.0 -100.0 
-100.0 -100.0 
-100.0 -100.0 143:1.0 
-100.0 -100.0 
-0.0 -100.0 270:1.0 
-100.0 -100.0 
-100.0 -100.0 
-100.0 -100.0 
-100.0 -100.0 
-5.726638533050877 -96.10092381224933 32:1.0 113:1.0 174:1.0 251:1.0 279:1.0 287:1.0 313:1.0 
-100.0 -100.0 
-100.0 -100.0 231:1.0 
-100.0 -100.0 
-100.0 -100.0 
-100.0 -100.0 83:1.0 
-100.0 -100.0 
-100.0 -100.0 
-100.0 -100.0 
-35.20682855630126 -100.0 133:1.0 
-35.20672472877193 -100.0 193:1.0 
-100.0 -100.0 
-100.0 -100.0 
-100.0 -100.0 
-100.0 -100.0 
-100.0 -100.0 
-100.0 -100.0 
-100.0 -100.0 
-100.0 -100.0 
-100.0 -100.0 
-100.0 -100.0 
-35.20690892350102 -100.0 51:1.0 
-100.0 -100.0 
-100.0 -100.0 
-0.0 -100.0 217:1.0 
-100.0 -100.0 
-47.59980928874521 -100.0 118:1.0 142:1.0 237:1.0 
-100.0 -100.0 
-31.45576675146604 -100.0 157:1.0 
-100.0 -100.0 
-69.36313603045258 -100.0 33:1.0 254:1.0 
-100.0 -100.0 
-35.04717844751442 -100.0 48:1.0 
-100.0 -100.0 
-100.0 -100.0 
-100.0 -100.0 
-0.0 -100.0 73:1.0 
-100.0 -100.0 147:1.0 
-100.0 -100.0 
-100.0 -100.0 
-100.0 -100.0 87:1.0 
-100.0 -100.0 
-0.0 -100.0 265:1.0 
-100.0 -100.0 
-31.506972425307616 -100.0 269:1.0 
-35.08931355834466 -100.0 265:1.0 
-100.0 -100.0 27:1.0 64:1.0 104:1.0 182:1.0 261:1.0 283:1.0 290:1.0 292:1.0 299:1.0 
-100.0 -100.0 
-0.0 -100.0 49:1.0 69:1.0 75:1.0 250:1.0 
-100.0 -100.0 230:1.0 
-100.0 -100.0 
-100.0 -100.0 
-100.0 -100.0 
-100.0 -100.0 
-100.0 -100.0 90:1.0 
-35.001939104138124 -100.0 2:1.0 
-35.09163366859967 -100.0 136:1.0 
-100.0 -100.0 
-35.08739644247548 -100.0 94:1.0 
-8.434299963474196 -100.0 55:1.0 135:1.0 181:1.0 187:1.0 277:1.0 288:1.0 303:1.0 
-100.0 -100.0 
-100.0 -100.0 
-35.13855779555221 -100.0 6:1.0 
-100.0 -100.0 
