svm_type c_svc
kernel_type rbf
gamma 10.0
nr_class 3
total_sv 1599
rho 0.6454165303494552 0.3576014920902647 -0.4541459872469082
label 2 0 1
nr_sv 417 649 533
SV
1.0 1.0 
1.0 0.5000000020611536 271:1.0 
1.0 1.0 
0.6484218944178376 0.37498013431065735 64:1.0 125:1.0 182:1.0 261:1.0 283:1.0 292:1.0 
1.0 1.0 
1.0 1.0 99:1.0 204:1.0 
1.0 1.0 
1.0 1.0 
1.0 1.0 
1.0 1.0 
1.0 1.0 
1.0 1.0 
1.0 1.0 
1.0 1.0 
1.0 1.0 
1.0 1.0 33:1.0 115:1.0 226:1.0 258:1.0 
1.0 1.0 243:1.0 
1.0 1.0 
1.0 1.0 
1.0 1.0 
1.0 1.0 
1.0 1.0 
1.0 0.5000000020611531 151:1.0 
1.0 1.0 
1.0 1.0 
0.6562407869615074 1.0 47:1.0 
1.0 1.0 
1.0 1.0 
1.0 1.0 205:1.0 
1.0 1.0 
1.0 1.0 
1.0 1.0 
1.0 1.0 
1.0 1.0 
1.0 1.0 
1.0 1.0 159:1.0 177:1.0 
1.0 1.0 
1.0 1.0 77:1.0 
1.0 1.0 
1.0 1.0 
1.0 1.0 13:1.0 23:1.0 54:1.0 
1.0 1.0 
0.9970720147390111 0.9833939402830785 64:1.0 125:1.0 182:1.0 261:1.0 283:1.0 292:1.0 
1.0 1.0 
1.0 1.0 
1.0 1.0 
1.0 1.0 
1.0 1.0 
1.0 1.0 
1.0 1.0 
1.0 1.0 
1.0 1.0 
1.0 0.35929024723915864 204:1.0 
1.0 1.0 
1.0 1.0 
1.0 1.0 
1.0 1.0 40:1.0 
1.0 1.0 
1.0 1.0 
1.0 1.0 
1.0 1.0 90:1.0 
1.0 1.0 
1.0 1.0 
1.0 1.0 
1.0 1.0 74:1.0 96:1.0 
1.0 0.5000454019921218 141:1.0 
1.0 1.0 99:1.0 
1.0 1.0 
1.0 1.0 
1.0 1.0 27:1.0 64:1.0 104:1.0 182:1.0 225:1.0 261:1.0 283:1.0 290:1.0 292:1.0 299:1.0 
1.0 1.0 15:1.0 125:1.0 
1.0 1.0 
1.0 1.0 
1.0 1.0 
1.0 1.0 15:1.0 19:1.0 
1.0 1.0 
1.0 1.0 139:1.0 
1.0 1.0 
1.0 1.0 
1.0 1.0 
1.0 1.0 
1.0 1.0 
1.0 1.0 
1.0 1.0 
1.0 1.0 
1.0 1.0 
1.0 1.0 
1.0 1.0 
1.0 1.0 230:1.0 
1.0 1.0 74:1.0 258:1.0 
0.749999987891869 0.5000000030917303 266:1.0 
1.0 1.0 27:1.0 64:1.0 104:1.0 182:1.0 261:1.0 283:1.0 290:1.0 292:1.0 299:1.0 
1.0 1.0 
0.8955100250065614 0.8584001037188126 266:1.0 
1.0 1.0 
1.0 1.0 
1.0 1.0 13:1.0 103:1.0 
1.0 1.0 12:1.0 
1.0 1.0 19:1.0 
1.0 1.0 
1.0 1.0 219:1.0 
1.0 1.0 
0.6483461779544738 0.3573715599636671 74:1.0 
1.0 1.0 
1.0 1.0 
1.0 1.0 
1.0 1.0 90:1.0 
1.0 1.0 
1.0 1.0 
1.0 1.0 
1.0 1.0 
1.0 1.0 
1.0 1.0 
1.0 1.0 
1.0 1.0 150:1.0 168:1.0 
1.0 1.0 64:1.0 
1.0 1.0 
1.0 1.0 
1.0 1.0 
1.0 1.0 
1.0 1.0 125:1.0 
1.0 1.0 
1.0 1.0 
1.0 1.0 
1.0 1.0 22:1.0 60:1.0 
1.0 1.0 
1.0 1.0 
1.0 1.0 
1.0 1.0 224:1.0 
1.0 1.0 
1.0 1.0 
1.0 1.0 45:1.0 
1.0 1.0 
1.0 1.0 
1.0 1.0 25:1.0 
1.0 1.0 
1.0 1.0 
1.0 1.0 
1.0 1.0 
1.0 1.0 
1.0 1.0 
1.0 0.3749801375306927 86:1.0 109:1.0 242:1.0 300:1.0 305:1.0 
1.0 1.0 244:1.0 
1.0 1.0 
1.0 1.0 
1.0 1.0 
1.0 1.0 
1.0 1.0 
1.0 1.0 
1.0 1.0 
1.0 1.0 
1.0 1.0 
1.0 1.0 
1.0 1.0 66:1.0 258:1.0 
1.0 1.0 
1.0 1.0 
1.0 1.0 
1.0 1.0 
1.0 1.0 8:1.0 9:1.0 
1.0 1.0 231:1.0 
1.0 1.0 8:1.0 9:1.0 189:1.0 
0.7499999881489168 1.0 191:1.0 
1.0 1.0 
1.0 1.0 15:1.0 
1.0 1.0 70:1.0 
1.0 1.0 83:1.0 84:1.0 
0.7499716294237402 1.0 147:1.0 211:1.0 298:1.0 
1.0 1.0 105:1.0 117:1.0 
0.8955000700552427 1.0 191:1.0 
1.0 1.0 89:1.0 162:1.0 231:1.0 
1.0 1.0 
1.0 1.0 
1.0 1.0 184:1.0 
1.0 1.0 159:1.0 
0.750022690433164 0.5000000020612003 264:1.0 
1.0 0.8574310585504012 151:1.0 
1.0 1.0 89:1.0 
1.0 1.0 
1.0 1.0 
1.0 1.0 
1.0 1.0 30:1.0 89:1.0 
1.0 1.0 
1.0 1.0 
1.0 1.0 
1.0 1.0 
1.0 1.0 143:1.0 182:1.0 225:1.0 261:1.0 283:1.0 
1.0 1.0 132:1.0 
1.0 1.0 
1.0 1.0 153:1.0 
1.0 1.0 
1.0 1.0 
1.0 1.0 
1.0 1.0 
1.0 1.0 
1.0 1.0 
1.0 1.0 171:1.0 
1.0 1.0 
1.0 1.0 229:1.0 
1.0 1.0 
1.0 1.0 
1.0 1.0 143:1.0 
1.0 1.0 
1.0 1.0 
1.0 1.0 
1.0 0.5000000020611536 246:1.0 
1.0 1.0 
1.0 1.0 
1.0 1.0 
1.0 1.0 97:1.0 
0.6453648790751895 1.0 258:1.0 
1.0 1.0 22:1.0 115:1.0 
1.0 1.0 
1.0 1.0 182:1.0 
1.0 1.0 
0.9970729669277267 1.0 74:1.0 
1.0 1.0 
1.0 1.0 
1.0 1.0 145:1.0 
1.0 1.0 
1.0 1.0 143:1.0 
1.0 1.0 
1.0 1.0 
1.0 0.9980506370918695 204:1.0 
1.0 1.0 
1.0 1.0 
1.0 1.0 211:1.0 
1.0 1.0 
1.0 1.0 56:1.0 
1.0 1.0 
1.0 1.0 
1.0 1.0 131:1.0 239:1.0 
1.0 1.0 
1.0 1.0 
1.0 1.0 96:1.0 171:1.0 
1.0 0.8584156985139179 141:1.0 
1.0 1.0 
1.0 1.0 64:1.0 103:1.0 104:1.0 130:1.0 282:1.0 290:1.0 297:1.0 
1.0 1.0 
1.0 1.0 
1.0 1.0 13:1.0 23:1.0 54:1.0 64:1.0 130:1.0 282:1.0 
1.0 1.0 56:1.0 176:1.0 
1.0 1.0 
1.0 1.0 
1.0 1.0 
1.0 1.0 175:1.0 182:1.0 
1.0 1.0 
1.0 1.0 176:1.0 
0.6484364460108912 0.5000000020611535 260:1.0 
1.0 1.0 
1.0 1.0 
1.0 1.0 
1.0 1.0 
1.0 1.0 
1.0 1.0 231:1.0 
1.0 1.0 
1.0 1.0 
1.0 1.0 
1.0 1.0 
1.0 1.0 
1.0 0.9824231122739682 86:1.0 109:1.0 242:1.0 300:1.0 305:1.0 
1.0 1.0 
1.0 1.0 103:1.0 
1.0 1.0 
1.0 1.0 
1.0 1.0 208:1.0 
1.0 1.0 
1.0 1.0 
1.0 1.0 
1.0 1.0 
1.0 1.0 168:1.0 
1.0 1.0 24:1.0 60:1.0 
1.0 1.0 
1.0 1.0 
0.6483921056725319 1.0 24:1.0 
0.99707261684651 1.0 24:1.0 
1.0 1.0 
1.0 1.0 
1.0 1.0 
1.0 1.0 
1.0 1.0 
1.0 1.0 
1.0 1.0 
1.0 1.0 260:1.0 
1.0 1.0 
1.0 1.0 
1.0 1.0 
1.0 1.0 
1.0 1.0 60:1.0 114:1.0 
1.0 1.0 
1.0 1.0 
1.0 1.0 
1.0 1.0 
1.0 1.0 
1.0 1.0 
0.8955033524028864 0.8574316808033142 264:1.0 
0.9970735237201303 0.857431542331239 260:1.0 
1.0 1.0 126:1.0 
1.0 1.0 
1.0 1.0 28:1.0 258:1.0 
1.0 1.0 
1.0 1.0 
1.0 1.0 78:1.0 
1.0 1.0 
1.0 1.0 
1.0 1.0 22:1.0 90:1.0 115:1.0 
1.0 1.0 
1.0 1.0 
1.0 1.0 
1.0 1.0 
1.0 1.0 144:1.0 
1.0 1.0 
1.0 1.0 
1.0 1.0 
1.0 1.0 
1.0 1.0 
1.0 1.0 
1.0 1.0 204:1.0 226:1.0 
1.0 1.0 
1.0 1.0 
1.0 1.0 60:1.0 233:1.0 
1.0 1.0 256:1.0 307:1.0 
1.0 1.0 
1.0 0.8574305649863109 246:1.0 
1.0 1.0 
1.0 1.0 
1.0 1.0 
1.0 1.0 207:1.0 
1.0 1.0 
0.6484218975974576 0.3749801372733176 72:1.0 92:1.0 195:1.0 278:1.0 306:1.0 
1.0 1.0 18:1.0 
1.0 1.0 178:1.0 
1.0 1.0 117:1.0 
1.0 1.0 
1.0 1.0 
1.0 1.0 
1.0 1.0 
1.0 1.0 96:1.0 
1.0 1.0 
1.0 1.0 258:1.0 
1.0 1.0 
1.0 1.0 
1.0 1.0 
1.0 1.0 
1.0 1.0 
1.0 1.0 
1.0 1.0 
1.0 1.0 
1.0 1.0 
1.0 1.0 
1.0 1.0 
1.0 1.0 
0.9970720108108191 0.9824234270584434 72:1.0 92:1.0 195:1.0 278:1.0 306:1.0 
1.0 1.0 
1.0 1.0 
1.0 1.0 
1.0 1.0 
1.0 1.0 
1.0 1.0 
1.0 1.0 
1.0 1.0 
1.0 1.0 
1.0 1.0 
1.0 1.0 
1.0 1.0 54:1.0 
0.6562450386977041 0.5000000020611536 3:1.0 
1.0 1.0 
1.0 1.0 
1.0 1.0 30:1.0 
1.0 1.0 
1.0 1.0 
1.0 1.0 
1.0 1.0 
1.0 1.0 
1.0 1.0 
1.0 1.0 
1.0 1.0 
1.0 1.0 67:1.0 147:1.0 
1.0 1.0 
1.0 1.0 
1.0 0.8574323369459131 271:1.0 
0.989269268923762 1.0 47:1.0 
1.0 1.0 
1.0 1.0 142:1.0 
1.0 1.0 
1.0 1.0 
1.0 1.0 
1.0 1.0 
1.0 1.0 
1.0 1.0 
1.0 1.0 
1.0 1.0 
1.0 1.0 
1.0 1.0 
1.0 1.0 67:1.0 
1.0 1.0 
1.0 1.0 
1.0 1.0 
1.0 1.0 87:1.0 
1.0 1.0 
1.0 1.0 
1.0 1.0 102:1.0 
1.0 1.0 
0.8955223692683765 1.0 147:1.0 211:1.0 298:1.0 
1.0 1.0 
1.0 1.0 
1.0 1.0 
1.0 1.0 
1.0 1.0 222:1.0 
1.0 1.0 
1.0 1.0 
1.0 1.0 
1.0 1.0 
0.9892550025115501 0.857432336963554 3:1.0 
1.0 1.0 
1.0 1.0 
1.0 1.0 
1.0 1.0 
-0.002927198965867587 0.0 262:1.0 
-0.35449003698880505 0.5458787173731275 5:1.0 63:1.0 
-0.35453534655716934 1.0 83:1.0 
-0.35449001767354754 0.5459312671510729 184:1.0 259:1.0 
-0.35541731384186426 0.545930598447818 52:1.0 
-0.35450609011022505 0.5459106517698574 50:1.0 274:1.0 
-1.0 1.0 99:1.0 
-0.3544739389825353 1.0 198:1.0 
-0.3554466714154159 0.545878696079918 75:1.0 255:1.0 
-0.3544738961071363 0.5458603529542668 215:1.0 
-0.3544900378177936 0.5459518001655759 194:1.0 
-0.35448997017140166 0.5459309630064438 136:1.0 183:1.0 
-0.0 0.624931935531493 193:1.0 
-0.3545353482572821 0.5458858275698726 233:1.0 
-0.3545354385945818 0.5458856533046776 8:1.0 
-0.35546386583705286 0.5459309325148051 68:1.0 140:1.0 
-0.35453541747318035 0.5458852243282416 19:1.0 151:1.0 
-0.0029251017800106154 0.0 241:1.0 
-0.3545147328212035 0.5459103169169419 210:1.0 289:1.0 
-0.35548000556656256 0.5459110092983719 6:1.0 88:1.0 192:1.0 269:1.0 
-0.3545060934384638 0.5449834622625391 61:1.0 139:1.0 234:1.0 
-0.3545060879072025 0.545070222202955 257:1.0 265:1.0 
-0.3544738554366764 1.0 137:1.0 
-0.3544898817303855 0.5459305797031585 62:1.0 
-0.4999546253169949 0.0 219:1.0 
-0.0029274558190326948 0.0 239:1.0 
-0.0029259441952432207 0.0 247:1.0 
-0.35450599819535067 1.0 184:1.0 203:1.0 252:1.0 
-0.35448387254186703 0.5458607216371635 259:1.0 
-0.3553998532015316 0.5458855583240142 38:1.0 73:1.0 
-0.35448994833636593 0.9209473829294399 193:1.0 
-1.0 0.0 117:1.0 
-0.3545354585286484 0.5458859965342859 226:1.0 
-0.995121751266821 0.0 168:1.0 
-0.35449001461448404 0.545910333697106 20:1.0 122:1.0 273:1.0 280:1.0 
-0.35448985978470615 1.0 2:1.0 
-0.35544781814055537 1.0 267:1.0 
-0.3554624561982799 0.5459510485473833 140:1.0 223:1.0 
-0.3544900342604313 1.0 16:1.0 
-0.3545059992075316 0.5459103180189703 64:1.0 103:1.0 130:1.0 189:1.0 282:1.0 297:1.0 
-0.002927015369632746 0.0 42:1.0 
-1.0 1.0 87:1.0 
-0.0029273636065198123 0.5624758881154184 189:1.0 
-0.35447402818915075 1.0 196:1.0 
-0.002927627053339432 0.0 33:1.0 
-0.3544899496177353 0.5458790523966467 143:1.0 267:1.0 
-0.3545354171452227 0.545878694804968 21:1.0 78:1.0 
-0.35450609036413894 0.5459103214470178 27:1.0 50:1.0 182:1.0 299:1.0 304:1.0 
-0.35449006446688425 0.5459099906043484 150:1.0 218:1.0 
-0.3544577195635025 1.0 73:1.0 
-0.37010104464594606 0.6249375775461553 244:1.0 
-9.756945124835809E-4 0.0 108:1.0 
-1.0 0.5458855072191243 125:1.0 
-1.0 0.54593043273038 182:1.0 
-0.3545968428264894 0.5449835061874572 30:1.0 230:1.0 
-0.35448387288999283 1.0 129:1.0 
-0.35450611117572045 0.5459034961098398 29:1.0 91:1.0 120:1.0 185:1.0 216:1.0 235:1.0 253:1.0 263:1.0 285:1.0 291:1.0 294:1.0 296:1.0 301:1.0 309:1.0 312:1.0 
-0.3544825429020763 1.0 157:1.0 
-0.4950752286487373 0.0 144:1.0 
-1.0 1.0 143:1.0 
-0.002927716530114056 0.999977346922955 164:1.0 
-0.3544900385809977 0.5458861820740648 141:1.0 165:1.0 
-0.002936582529255327 0.0 44:1.0 100:1.0 124:1.0 295:1.0 308:1.0 
-0.3545061336324768 0.5459100073053635 15:1.0 34:1.0 175:1.0 
-0.0 0.5624304843237482 21:1.0 
-0.35448995154138363 0.5459106481248996 5:1.0 101:1.0 
-0.354499965973484 0.5458851768528992 107:1.0 
-0.0029273642784114475 0.0 39:1.0 
-0.3544738324769894 0.5458855617438702 121:1.0 198:1.0 
-0.0 0.6248524315116396 133:1.0 
-0.35454407965646684 1.0 28:1.0 
-0.35447378775295585 0.545853029606047 118:1.0 
-0.3544738561202101 0.5458619683108501 111:1.0 269:1.0 
-0.002927608988412847 0.0 188:1.0 
-0.3544901709194443 0.5458780350148525 49:1.0 122:1.0 
-0.355401179907717 0.5449132317210051 94:1.0 116:1.0 
-0.35448990207371944 0.5458854909023179 73:1.0 149:1.0 228:1.0 284:1.0 
-0.35450611109664687 0.545885822374897 67:1.0 114:1.0 
-1.0 0.5458851825903437 204:1.0 
-0.35447380927437605 0.5458607559872276 199:1.0 
-0.3544737443736112 1.0 20:1.0 129:1.0 
-0.3544900808859305 0.5458851820270292 214:1.0 
-1.0 0.5458851818474153 246:1.0 
-0.3544899053510417 0.5458854915307869 152:1.0 
-1.0 0.0 141:1.0 
-0.0029274264974983337 0.0 248:1.0 
-0.0029372887221674098 0.0 128:1.0 
-0.002927236607694566 0.6249546058682732 179:1.0 
-0.3545061105860803 0.5459108239422936 51:1.0 65:1.0 199:1.0 
-0.3701045709187611 1.0 231:1.0 
-0.354505931350139 0.545911157305984 38:1.0 49:1.0 73:1.0 236:1.0 
-1.0 0.5459110023107776 86:1.0 109:1.0 242:1.0 300:1.0 305:1.0 
-0.0 1.0 85:1.0 
-1.0 1.0 184:1.0 
-0.35450610757441864 0.5459554032435388 155:1.0 270:1.0 
-9.750123649832989E-4 0.0 192:1.0 
-0.0029266311533564316 0.0 111:1.0 
-0.35447396551472105 0.5458610533068287 140:1.0 269:1.0 
-0.354506130809191 0.5459100085211016 4:1.0 175:1.0 240:1.0 
-0.3545061090565348 0.54591100737103 66:1.0 106:1.0 157:1.0 
-1.0 0.5458854951423505 159:1.0 
-0.3545060904052153 0.5449835040394806 26:1.0 69:1.0 
-0.3544739047605034 0.5458610365150365 40:1.0 241:1.0 
-0.5038804569579385 0.0 90:1.0 
-0.0 1.0 255:1.0 
-1.0 1.0 260:1.0 
-0.3545192996845716 0.5458615152706449 117:1.0 
-0.35450609046147213 0.5449381041953866 29:1.0 91:1.0 120:1.0 131:1.0 167:1.0 185:1.0 216:1.0 235:1.0 253:1.0 285:1.0 291:1.0 294:1.0 301:1.0 309:1.0 312:1.0 
-0.3545060652461 0.5459113447566192 138:1.0 227:1.0 232:1.0 
-0.35445780503925683 0.9833986008206915 21:1.0 
-0.0 1.0 
-0.0 1.0 
-0.0 1.0 
-0.35450593257631297 0.5459103322278726 179:1.0 227:1.0 243:1.0 
-0.354506088137902 0.5459100017575815 127:1.0 172:1.0 238:1.0 
-0.0 0.6249404226393745 213:1.0 
-0.35449003595332296 0.5458854882225318 238:1.0 
-0.0029274966838551825 0.0 81:1.0 
-1.0 0.5458607130887764 145:1.0 
-0.0 1.0 
-0.3544901037072104 0.5458787118167818 155:1.0 199:1.0 
-0.0 1.0 
-0.0 1.0 
-0.0 1.0 
-0.35445767393139355 1.0 255:1.0 
-0.0 1.0 
-0.0 1.0 
-0.0 1.0 
-0.0 1.0 
-0.0 1.0 
-0.0 1.0 
-0.0029273210404830705 0.0 140:1.0 
-0.0 1.0 
-0.0 1.0 
-0.0029259649534764476 0.0 176:1.0 
-0.0 1.0 
-0.0 1.0 269:1.0 
-0.0 1.0 
-0.0 1.0 
-0.3544900542298526 0.5458545797538352 143:1.0 215:1.0 
-0.354457692615937 0.5458362595714061 75:1.0 
-0.35448997053739373 0.5459317908581411 138:1.0 184:1.0 
-0.0 1.0 
-0.35447398938202884 0.5458852428058438 59:1.0 73:1.0 
-0.35450590852124597 0.5459557145995684 95:1.0 173:1.0 250:1.0 
-0.0 1.0 
-0.0 1.0 
-0.9990244325693096 0.5624744847920506 90:1.0 
-0.35449004046472743 0.9210255600616425 133:1.0 
-0.35449001569191624 0.5459312237614372 37:1.0 
-0.0 1.0 122:1.0 273:1.0 280:1.0 
-0.0 1.0 
-0.0 1.0 
-0.0 1.0 
-0.0 1.0 
-0.35450599581003833 0.5459102780950673 134:1.0 172:1.0 238:1.0 
-0.3544739024364379 0.5459062410996685 249:1.0 
-0.0 1.0 
-1.0 1.0 139:1.0 
-0.3544900387197187 0.545886470749249 161:1.0 
-0.0 1.0 
-0.5028932520647553 0.0 126:1.0 
-0.0 1.0 
-0.3545060941691553 0.5459099927884268 46:1.0 64:1.0 104:1.0 166:1.0 182:1.0 225:1.0 261:1.0 283:1.0 290:1.0 292:1.0 
-0.3779079124028738 0.6249404266354924 102:1.0 
-0.0 1.0 
-0.35448247805590927 0.5448886253071754 108:1.0 269:1.0 
-1.0 0.5458854955597496 271:1.0 
-0.0 1.0 
-0.0 1.0 
-0.0 1.0 
-0.0 1.0 
-0.0 1.0 
-0.0 1.0 
-0.3544901485178856 0.5460007875567783 51:1.0 68:1.0 
-0.35451473268274897 0.5459106506035434 18:1.0 67:1.0 123:1.0 
-0.0 1.0 
-0.0 1.0 
-0.0 1.0 
-0.0 1.0 
-0.0 1.0 
-0.3544900159239543 0.5459515614126443 249:1.0 265:1.0 
-0.35450606674278656 0.5459099930466964 11:1.0 152:1.0 161:1.0 170:1.0 
-0.35455150727254325 0.5459568350518463 25:1.0 197:1.0 
-0.0 1.0 
-0.0 1.0 
-0.0028976286870348285 1.0 
-1.0 1.0 
-0.0029240614843529015 1.0 269:1.0 
-1.0 1.0 
-1.0 1.0 
-1.0 1.0 
-1.0 1.0 
-1.0 1.0 
-1.0 1.0 
-1.0 1.0 
-1.0 1.0 
-0.8545353449200359 0.5458854755898271 219:1.0 
-1.0 1.0 
-1.0 1.0 
-0.354505999246669 0.5459100127697654 29:1.0 91:1.0 120:1.0 131:1.0 167:1.0 185:1.0 216:1.0 253:1.0 263:1.0 285:1.0 294:1.0 296:1.0 312:1.0 
-0.3544900349013465 1.0 254:1.0 
-1.0 1.0 
-1.0 1.0 
-1.0 1.0 
-0.3544900415278897 0.5459312920763562 106:1.0 111:1.0 
-0.35449004084042185 0.5459321037339645 41:1.0 148:1.0 
-1.0 1.0 
-1.0 1.0 
-1.0 1.0 
-1.0 1.0 
-1.0 1.0 
-1.0 1.0 
-0.3544739211502166 0.545861351863247 212:1.0 
-1.0 1.0 
-1.0 1.0 
-0.0 0.6249546068988856 200:1.0 
-1.0 1.0 
-0.35448983655594274 0.5459306204307967 68:1.0 212:1.0 
-1.0 1.0 
-0.3544999849544616 0.5458851808025822 252:1.0 
-1.0 1.0 
-0.354499984318594 0.5458856635142555 134:1.0 
-1.0 1.0 
-1.0 1.0 
-0.0029241744552289473 0.5467405724069133 59:1.0 
-0.37888301041794065 0.0 40:1.0 
-1.0 1.0 
-0.3544900823699292 0.5459320936441211 111:1.0 201:1.0 
-0.35448986081338996 0.54595104889548 58:1.0 116:1.0 
-1.0 1.0 
-1.0 1.0 
-0.35450608744748235 0.5459103172228862 67:1.0 75:1.0 91:1.0 265:1.0 
-1.0 1.0 
-1.0 1.0 
-1.0 1.0 
-1.0 1.0 
-0.3544740999379868 0.5448885818297482 57:1.0 
-1.0 1.0 
-0.35447394357099243 0.9209203298804527 213:1.0 
-1.0 1.0 
-1.0 1.0 
-0.354499985672918 0.9209308911647301 200:1.0 
-0.0 1.0 55:1.0 135:1.0 181:1.0 187:1.0 277:1.0 288:1.0 303:1.0 
-1.0 1.0 
-1.0 1.0 
-1.0 1.0 
-1.0 1.0 
-0.3544899878105261 0.5458851783420802 173:1.0 
-1.0 1.0 
-1.0 1.0 
-0.0028938673768183253 0.5624744838269643 276:1.0 
-1.0 1.0 
-1.0 1.0 
-0.35453543768829066 1.0 99:1.0 
-1.0 1.0 
-1.0 1.0 
-1.0 1.0 
-1.0 1.0 
-1.0 1.0 
-1.0 1.0 
-1.0 1.0 
-0.35447383491606466 0.5459062453872904 146:1.0 168:1.0 
-0.3545147789795729 0.545910317139308 11:1.0 180:1.0 
-1.0 1.0 
-1.0 1.0 
-0.35451473268265893 0.5459553921518069 66:1.0 110:1.0 
-0.3544738307121781 1.0 51:1.0 
-0.3544900804147722 1.0 80:1.0 
-1.0 1.0 
-1.0 1.0 
-1.0 1.0 176:1.0 
-1.0 1.0 
-1.0 1.0 
-1.0 1.0 
-1.0 1.0 
-1.0 1.0 
-0.3515639157881848 0.5459309090670428 247:1.0 
-0.3515461803980553 0.5459072697962456 33:1.0 
-1.0 1.0 
-1.0 1.0 
-1.0 1.0 
-1.0 1.0 
-1.0 0.5458604019897707 67:1.0 
-0.3544899938008484 0.5458854898923952 7:1.0 119:1.0 270:1.0 310:1.0 
-1.0 1.0 
-1.0 1.0 
-0.3544739678157522 1.0 165:1.0 
-1.0 1.0 
-1.0 1.0 
-0.35449005801218975 0.5458790079620383 234:1.0 
-0.3544898813068945 0.5458858630855516 21:1.0 119:1.0 
-1.0 1.0 
-1.0 1.0 
-1.0 0.5458565243346124 143:1.0 
-1.0 1.0 
-0.35448995014608226 0.5449132720244991 38:1.0 73:1.0 227:1.0 
-0.35447370007760226 0.5459309381561768 85:1.0 117:1.0 
-1.0 1.0 
-0.9765660503047464 0.920920748125293 102:1.0 
-1.0 1.0 
-1.0 1.0 
-1.0 1.0 
-1.0 1.0 
-0.3545353271774649 0.5459305807521864 115:1.0 
-1.0 1.0 
-1.0 1.0 
-1.0 0.5459516699715796 141:1.0 
-0.35450611048700564 0.5459107912933012 127:1.0 215:1.0 232:1.0 
-1.0 1.0 
-0.00289386673491929 0.0 250:1.0 
-1.0 1.0 
-1.0 1.0 
-1.0 1.0 
-1.0 1.0 
-0.3544900342604314 0.545976799331888 268:1.0 
-1.0 1.0 
-1.0 1.0 
-1.0 1.0 
-1.0 1.0 
-0.3544900113849726 0.5458607958700233 207:1.0 272:1.0 
-1.0 1.0 
-1.0 1.0 
-0.3544739888187744 1.0 93:1.0 
-1.0 1.0 
-1.0 1.0 
-1.0 1.0 
-1.0 1.0 
-1.0 0.5458603990571825 207:1.0 
-1.0 1.0 
-1.0 1.0 
-1.0 1.0 
-0.0029272350532663118 0.0 82:1.0 
-0.35156232279305477 0.5459532532973631 164:1.0 
-0.3544738117385314 0.5458861819358449 31:1.0 244:1.0 
-1.0 1.0 
-1.0 1.0 
-1.0 1.0 
-1.0 1.0 
-1.0 1.0 
-0.35148553012272177 0.9990219869502637 59:1.0 
-1.0 1.0 
-1.0 1.0 
-1.0 1.0 
-1.0 1.0 
-1.0 1.0 
-1.0 1.0 
-1.0 1.0 
-0.3554158142719286 0.5459309376944376 17:1.0 220:1.0 
-1.0 1.0 
-1.0 1.0 
-0.3544899043477183 0.5458851801895024 100:1.0 
-0.35449003417195735 0.5458851781831938 172:1.0 
-1.0 1.0 
-1.0 1.0 
-1.0 1.0 
-0.35160611830833466 0.9834115129171865 276:1.0 
-1.0 1.0 
-0.354489967470574 0.5458863435392425 95:1.0 
-1.0 1.0 178:1.0 
-1.0 1.0 
-0.35450610753069517 0.5459100047569169 4:1.0 52:1.0 255:1.0 
-1.0 1.0 
-1.0 1.0 
-0.3515018468625266 0.5458318248175104 269:1.0 
-1.0 1.0 
-1.0 1.0 
-1.0 1.0 
-1.0 1.0 
-0.3545439770269333 0.5460219587493381 56:1.0 157:1.0 
-1.0 1.0 
-0.3544664515199958 0.545826780892874 91:1.0 
-1.0 1.0 
-1.0 1.0 
-0.35450610913120695 0.5459103195771257 55:1.0 135:1.0 181:1.0 187:1.0 277:1.0 288:1.0 303:1.0 
-1.0 1.0 
-1.0 1.0 
-0.35450593136651515 0.5459103182329312 76:1.0 112:1.0 311:1.0 
-1.0 1.0 
-0.3515623196780844 0.545885200546761 188:1.0 
-1.0 1.0 
-1.0 1.0 
-1.0 1.0 
-0.0 0.5624744840193405 39:1.0 
-1.0 1.0 
-1.0 1.0 
-1.0 1.0 
-1.0 1.0 
-1.0 1.0 
-1.0 1.0 
-1.0 1.0 
-0.3545061105997415 0.5459100094422812 9:1.0 42:1.0 78:1.0 
-1.0 1.0 
-1.0 1.0 
-1.0 1.0 
-1.0 1.0 
-1.0 1.0 
-0.35450608969534186 0.5459114439494759 107:1.0 114:1.0 180:1.0 231:1.0 
-1.0 1.0 
-1.0 1.0 
-1.0 1.0 
-0.3545059970325583 0.5459101625963876 36:1.0 169:1.0 250:1.0 293:1.0 
-0.3545147116268629 0.545955392786404 41:1.0 236:1.0 
-0.35449009909980045 1.0 170:1.0 
-1.0 1.0 
-0.35450603991543694 0.545910004966023 59:1.0 143:1.0 272:1.0 
-1.0 1.0 
-1.0 1.0 
-0.3545354344565575 0.5458852026079148 105:1.0 
-0.0 1.0 162:1.0 
-0.35160611758364146 0.5458851808870969 250:1.0 
-1.0 1.0 
-0.35447374367179363 0.545886558180307 162:1.0 168:1.0 
-0.8515966954581289 0.5458854915308375 126:1.0 
-1.0 1.0 
-1.0 1.0 
-0.3544901044298457 0.5458856928968834 1:1.0 51:1.0 98:1.0 
-0.35160931580476584 0.545975999503991 176:1.0 
-0.3545059992074049 0.5459098541585875 35:1.0 46:1.0 88:1.0 186:1.0 286:1.0 
-0.3544999849421935 1.0 156:1.0 
-1.0 1.0 
-1.0 1.0 
-0.3515628611278833 0.5458850309278055 262:1.0 
-1.0 1.0 
-0.5028931591602183 0.0 132:1.0 
-0.3545062430667431 0.5459099890345381 50:1.0 182:1.0 304:1.0 
-0.35449005872679556 0.5458852419372014 59:1.0 155:1.0 
-1.0 1.0 
-0.9843728769019631 0.9209234419061801 244:1.0 
-0.35546245548611416 0.5459309382028069 17:1.0 275:1.0 
-0.35447383580899466 1.0 162:1.0 
-1.0 1.0 
-0.35449003986056304 1.0 35:1.0 
-1.0 1.0 
-0.3515626751258466 0.9834091428123877 189:1.0 
-1.0 1.0 
-1.0 1.0 
-1.0 1.0 
-0.35154884180039675 0.5458610400281606 241:1.0 
-0.35458079378757684 0.5459766794045513 48:1.0 264:1.0 
-1.0 1.0 
-1.0 1.0 
-1.0 1.0 
-0.351562502168999 0.5459306005879764 248:1.0 
-1.0 1.0 
-1.0 1.0 
-1.0 1.0 
-1.0 1.0 
-1.0 1.0 
-1.0 1.0 
-0.3545060894650936 0.545910999578103 29:1.0 91:1.0 120:1.0 185:1.0 216:1.0 235:1.0 253:1.0 285:1.0 291:1.0 294:1.0 301:1.0 309:1.0 312:1.0 
-1.0 1.0 
-1.0 1.0 
-1.0 1.0 
-1.0 1.0 
-1.0 1.0 
-0.35349829245241554 0.5459447158617311 108:1.0 
-1.0 1.0 
-0.3544739390504081 0.5458615025832873 275:1.0 
-0.35447385705777873 0.5458852679945609 91:1.0 93:1.0 
-0.35447385217221394 0.5458607565643727 122:1.0 
-1.0 1.0 
-1.0 0.5458851830827609 142:1.0 
-1.0 1.0 
-0.3515151508965125 0.5448390557473861 111:1.0 
-1.0 1.0 
-0.35450611190637904 0.5459114799837324 88:1.0 123:1.0 141:1.0 274:1.0 
-1.0 1.0 
-1.0 1.0 
-1.0 1.0 
-0.35157810778804194 0.545910005884228 44:1.0 100:1.0 124:1.0 295:1.0 308:1.0 
-1.0 1.0 231:1.0 
-1.0 1.0 
-1.0 1.0 
-0.8515851934198355 0.9834106956415525 90:1.0 
-1.0 1.0 
-1.0 1.0 
-1.0 1.0 
-1.0 1.0 
-1.0 1.0 
-1.0 1.0 
-1.0 1.0 
-1.0 1.0 
-1.0 1.0 
-1.0 1.0 
-9.640800094831547E-4 0.0 63:1.0 
-0.35544781746337345 0.5458612250795375 272:1.0 
-0.35449994684765707 0.5458610408766655 33:1.0 145:1.0 
-0.3544900374993146 0.5458855380765402 149:1.0 228:1.0 284:1.0 
-0.9765637482737716 0.545861036697733 40:1.0 
-1.0 1.0 
-0.35447383456642473 0.5458850331611008 196:1.0 213:1.0 
-0.3554628960909382 0.5458851818112259 237:1.0 
-0.3515467090195777 0.545860441025747 42:1.0 
-1.0 1.0 
-1.0 1.0 
-1.0 1.0 
-1.0 1.0 
-0.35453541506996933 0.5458850327954371 45:1.0 102:1.0 
-1.0 1.0 
-1.0 1.0 
-0.3554466688225881 0.5458854917963656 20:1.0 
-0.3515624927789626 0.5449133197357674 81:1.0 
-0.3545059987427535 0.5459035016667279 36:1.0 169:1.0 173:1.0 202:1.0 293:1.0 
-0.35938138643286577 0.5448637113630468 168:1.0 
-1.0 1.0 
-0.35151443579437447 0.545811421889175 140:1.0 
-0.35448990411105646 0.5449132340667693 5:1.0 121:1.0 198:1.0 
-1.0 1.0 
-0.3544577191303646 0.5448636652463494 148:1.0 
-1.0 1.0 
-0.9843693256358987 1.0 231:1.0 
-1.0 1.0 
-1.0 1.0 
-1.0 1.0 
-1.0 1.0 
-0.3544898375454593 0.5459553908144537 218:1.0 221:1.0 
-1.0 1.0 
-1.0 1.0 
-0.3554478208401179 0.5459061057050332 138:1.0 
-1.0 1.0 
-0.3544738978477283 0.5458606920241539 59:1.0 118:1.0 
-1.0 1.0 
-0.35351486907007706 0.5458861829571142 192:1.0 
-1.0 1.0 
-1.0 1.0 
-0.35544781734842357 0.5458606840861321 183:1.0 
-1.0 1.0 
-1.0 1.0 
-1.0 1.0 
-1.0 1.0 
-0.3544900582731253 0.5460228512614852 14:1.0 
-1.0 1.0 
-1.0 1.0 
-0.3544999457052629 0.5458854910396332 123:1.0 
-0.35448247806103916 0.5448886263122852 57:1.0 116:1.0 
-0.35543309825525043 0.5458855556762475 119:1.0 143:1.0 
-1.0 1.0 
-1.0 1.0 
-0.3544900148481478 0.5458855388781325 7:1.0 119:1.0 310:1.0 
-1.0 1.0 
-1.0 1.0 
-1.0 1.0 
-1.0 1.0 
-0.35540117880186706 0.5458532528146385 42:1.0 59:1.0 
-1.0 1.0 
-1.0 1.0 
-0.35156267764203025 0.5458851797500723 128:1.0 
-1.0 1.0 
-1.0 1.0 
-1.0 1.0 
-0.3779107408954318 0.0 151:1.0 
-0.35449003955703506 0.5458851809727489 149:1.0 
-1.0 1.0 
-1.0 1.0 
-1.0 1.0 
-1.0 1.0 
-1.0 1.0 
-1.0 1.0 
-1.0 1.0 
-1.0 1.0 
-1.0 1.0 
-1.0 1.0 
-1.0 1.0 
-1.0 1.0 
-0.35448986060004545 0.5459527557438071 59:1.0 232:1.0 
-1.0 1.0 
-1.0 1.0 
-0.35544666806585073 1.0 101:1.0 
-1.0 1.0 
-1.0 1.0 
-0.3544739021912226 1.0 94:1.0 
-1.0 1.0 
-1.0 0.5458861850925811 77:1.0 
-1.0 1.0 
-0.35445784609160713 1.0 218:1.0 
-1.0 1.0 
-0.35449003483456104 0.5458850254340523 127:1.0 
-1.0 1.0 
-1.0 1.0 
-1.0 1.0 
-0.3544825934444049 0.5459062180936434 220:1.0 
-1.0 1.0 
-0.3544739031278755 1.0 31:1.0 
-0.3555078544812839 0.5459768408462928 208:1.0 231:1.0 
-1.0 1.0 
-1.0 1.0 
-1.0 1.0 
-1.0 1.0 
-1.0 1.0 
-1.0 1.0 
-1.0 1.0 
-0.002937270321472349 0.5624744842121152 190:1.0 
-0.3535197890803634 0.5458607699262013 63:1.0 
-1.0 1.0 
-1.0 1.0 
-1.0 1.0 
-1.0 1.0 
-0.35448997644867886 0.5459100071443296 65:1.0 137:1.0 
-1.0 1.0 
-1.0 1.0 
-1.0 1.0 
-1.0 0.0 151:1.0 
-1.0 1.0 
-1.0 1.0 
-1.0 1.0 
-0.8515968816496516 0.5458855089349988 132:1.0 
-0.3544417326828831 0.5458116065590876 116:1.0 
-1.0 1.0 
-1.0 1.0 
-0.35449868240678595 1.0 34:1.0 
-0.35448994870064215 1.0 122:1.0 273:1.0 280:1.0 
-0.35447397184077106 0.545886705085673 255:1.0 269:1.0 
-1.0 1.0 
-1.0 1.0 
-0.3515626755966764 0.9834116916275993 190:1.0 
-1.0 1.0 
-0.3516078925166046 0.5458851808025825 239:1.0 
-1.0 1.0 
-0.35156266801268893 0.9209313897486675 179:1.0 
-0.35449004286857516 0.5449133630058468 75:1.0 114:1.0 
-0.3544739645824879 1.0 85:1.0 
-1.0 1.0 
-0.35539958953101963 0.545860844510764 91:1.0 148:1.0 
-0.35156267238019934 0.9834116913390829 39:1.0 
-1.0 1.0 
-1.0 1.0 
-1.0 1.0 
-1.0 1.0 
-1.0 1.0 205:1.0 
-0.3545060866681831 0.5459103181756177 29:1.0 120:1.0 131:1.0 167:1.0 185:1.0 263:1.0 296:1.0 312:1.0 
-0.35156266995701524 0.5459306008468668 82:1.0 
-0.3544739029224901 0.5458530275379276 146:1.0 
-0.3554316878390527 0.5459110097493 35:1.0 111:1.0 186:1.0 286:1.0 
-0.35548000547075825 0.5459110115545651 77:1.0 155:1.0 156:1.0 247:1.0 
-1.0 1.0 
-0.8594146965365144 0.5458851810996332 144:1.0 
-1.0 1.0 
-0.9765632230750975 0.5458609256344797 151:1.0 
-1.0 1.0 
-1.0 1.0 
-0.3545059547562424 0.5459103179929921 46:1.0 103:1.0 130:1.0 297:1.0 
-1.0 1.0 
-0.35450599763741064 0.5459098562784384 49:1.0 75:1.0 156:1.0 
-0.35449003712982213 0.5458859995293341 1:1.0 98:1.0 
-1.0 1.0 
-1.0 1.0 
-0.35167762594608915 0.5462499065044297 
-0.3545059990967277 0.5459099969107681 71:1.0 197:1.0 270:1.0 
-0.0 -1.0 
-0.0 -1.0 
-0.0 -1.0 
-0.0 -1.0 
-0.6415970875592341 -1.0 23:1.0 
-0.0 -1.0 
-0.0 -1.0 
-0.0 -1.0 85:1.0 
-1.0 -1.0 18:1.0 
-0.0 -1.0 
-0.0 -1.0 
-0.0 -1.0 
-0.0 -1.0 
-0.0 -1.0 
-0.0 -1.0 
-0.0 -1.0 
-1.0 -1.0 56:1.0 
-0.0 -1.0 
-1.0 -1.0 205:1.0 
-0.0 -1.0 
-0.0 -1.0 
-0.0 -1.0 
-0.6415681127921388 -1.0 129:1.0 
-1.0 -1.0 24:1.0 
-0.0 -1.0 
-0.0 -1.0 51:1.0 
-0.0 -1.0 
-0.0 -1.0 
-0.0 -9.728149251998219E-4 43:1.0 158:1.0 160:1.0 281:1.0 302:1.0 
-0.0 -1.0 
-0.0 -1.0 
-0.0 -1.0 
-0.0 -1.0 
-0.0 -1.0 
-1.0 -1.0 139:1.0 
-0.0 -1.0 
-0.0 -1.0 
-0.0 -1.0 
-0.0 -1.0 
-0.0 -1.0 
-0.6425677051307526 -1.0 276:1.0 
-0.6426432564276683 -1.0 82:1.0 143:1.0 
-0.0 -1.0 
-0.0 -0.46961294465791376 203:1.0 
-0.0 -0.5010212864482544 223:1.0 
-0.0 -1.0 
-0.0 -1.0 
-0.0 -1.0 
-0.0 -0.5009724405023371 217:1.0 
-0.0 -1.0 
-1.0 -1.0 102:1.0 
-0.0 -1.0 
-0.0 -1.0 
-1.0 -1.0 25:1.0 
-0.0 -1.0 
-0.6426434817534937 -1.0 115:1.0 258:1.0 
-0.0 -1.0 
-0.0 -1.0 
-0.0 -1.0 
-0.0 -1.0 
-0.0 -9.753228403818853E-4 232:1.0 
-1.0 -1.0 
-0.642596297455217 -1.0 52:1.0 229:1.0 
-1.0 -1.0 
-1.0 -1.0 
-1.0 -1.0 
-0.6415679149014285 -1.0 154:1.0 265:1.0 
-1.0 -1.0 
-1.0 -1.0 
-1.0 -1.0 
-1.0 -1.0 
-0.6425671767604698 -1.0 61:1.0 139:1.0 
-1.0 -1.0 
-1.0 -1.0 
-1.0 -1.0 
-0.6425672125156855 -1.0 267:1.0 
-1.0 -1.0 
-1.0 -1.0 
-1.0 -1.0 
-0.0 -1.0 16:1.0 
-0.6415968617777287 -1.0 154:1.0 248:1.0 
-0.0 -0.5009947239633593 53:1.0 194:1.0 
-0.0 -0.4932232303810731 257:1.0 
-1.0 -1.0 
-1.0 -1.0 
-1.0 -1.0 
-1.0 -1.0 
-0.0 -1.0 255:1.0 
-0.6416059139558267 -1.0 200:1.0 
-1.0 -1.0 
-1.0 -1.0 
-1.0 -1.0 
-0.0 -1.0 162:1.0 
-1.0 -1.0 
-0.6426412169334264 -1.0 14:1.0 15:1.0 
-0.6425689458426761 -1.0 34:1.0 
-0.642539823672264 -1.0 80:1.0 196:1.0 
-0.642567665097599 -1.0 166:1.0 
-1.0 -1.0 
-1.0 -1.0 
-0.6425676637751196 -1.0 201:1.0 
-0.6425975026636506 -1.0 26:1.0 73:1.0 149:1.0 
-1.0 -1.0 
-0.6425678389036035 -1.0 190:1.0 
-1.0 -1.0 
-1.0 -1.0 
-0.6425689466294151 -1.0 68:1.0 
-1.0 -1.0 
-1.0 -1.0 
-1.0 -1.0 
-1.0 -1.0 
-1.0 -1.0 
-0.6425683213363271 -1.0 31:1.0 
-0.6425978594101394 -1.0 73:1.0 146:1.0 168:1.0 
-1.0 -1.0 
-1.0 -1.0 
-1.0 -1.0 
-1.0 -1.0 
-0.6425675281640786 -1.0 65:1.0 157:1.0 
-0.6425089598814808 -1.0 184:1.0 
-0.6425684157344773 -1.0 255:1.0 
-0.6425384455250683 -1.0 110:1.0 265:1.0 
-0.6425672177258585 -1.0 39:1.0 
-1.0 -1.0 
-0.6426604153153753 -1.0 141:1.0 274:1.0 
-1.0 -1.0 
-1.0 -1.0 
-1.0 -1.0 
-1.0 -1.0 
-1.0 -1.0 
-1.0 -1.0 
-1.0 -1.0 99:1.0 
-1.0 -1.0 
-1.0 -1.0 
-1.0 -1.0 
-1.0 -1.0 
-1.0 -1.0 
-0.642567081520419 -1.0 162:1.0 
-1.0 -1.0 
-1.0 -1.0 
-1.0 -1.0 
-1.0 -1.0 
-0.6425960801518794 -1.0 35:1.0 186:1.0 258:1.0 286:1.0 
-1.0 -1.0 
-1.0 -1.0 
-1.0 -1.0 260:1.0 
-1.0 -1.0 
-1.0 -1.0 
-0.6425691239805242 -1.0 35:1.0 
-1.0 -1.0 
-0.0 -9.724626323745211E-4 32:1.0 113:1.0 174:1.0 251:1.0 279:1.0 287:1.0 313:1.0 
-0.642567044425924 -1.0 121:1.0 184:1.0 
-1.0 -1.0 
-0.6425682813565644 -1.0 69:1.0 
-0.0 -0.5009986951244068 163:1.0 
-1.0 -1.0 
-0.6415970842007506 -1.0 179:1.0 
-1.0 -1.0 
-1.0 -1.0 
-1.0 -1.0 
-1.0 -1.0 
-1.0 -1.0 
-1.0 -1.0 
-0.6425689466294152 -1.0 198:1.0 
-0.6415676690566277 -1.0 164:1.0 
-1.0 -1.0 
-0.6425689466337516 -1.0 202:1.0 
-1.0 -1.0 
-1.0 -1.0 
-0.6426418792863117 -1.0 45:1.0 197:1.0 
-0.6426412148985765 -1.0 26:1.0 243:1.0 
-1.0 -1.0 
-1.0 -1.0 
-0.0 -0.5009509168413976 27:1.0 182:1.0 299:1.0 
-0.6425687735732032 -1.0 137:1.0 
-0.0 -0.4971236254234154 231:1.0 
-1.0 -1.0 
-1.0 -1.0 
-0.6425676650996096 -1.0 245:1.0 
-1.0 -1.0 
-0.6425958126434655 -1.0 14:1.0 247:1.0 
-1.0 -1.0 
-0.6425677033042388 -0.9609157419904198 257:1.0 
-1.0 -1.0 171:1.0 
-0.0 -0.5010214154437446 58:1.0 
-0.6425669122396941 -1.0 106:1.0 177:1.0 
-1.0 -1.0 
-0.0 -1.0 231:1.0 
-1.0 -1.0 
-1.0 -1.0 178:1.0 
-1.0 -1.0 
-1.0 -1.0 
-1.0 -1.0 
-0.0 -0.5000453618017303 232:1.0 
-0.0 -1.0 2:1.0 
-1.0 -1.0 
-1.0 -1.0 
-0.0 -9.763823592882271E-4 222:1.0 
-1.0 -1.0 
-1.0 -1.0 
-1.0 -1.0 
-0.0 -1.0 122:1.0 273:1.0 280:1.0 
-0.6416261705902961 -1.0 162:1.0 171:1.0 259:1.0 264:1.0 
-0.0 -1.0 85:1.0 
-1.0 -1.0 
-1.0 -1.0 
-0.6425670807657191 -1.0 59:1.0 
-1.0 -1.0 
-0.6425964353325441 -1.0 98:1.0 176:1.0 
-1.0 -1.0 
-1.0 -1.0 
-0.0 -0.5009992807524807 157:1.0 
-1.0 -1.0 
-1.0 -1.0 
-1.0 -1.0 153:1.0 
-1.0 -1.0 
-1.0 -1.0 147:1.0 211:1.0 298:1.0 
-0.6425091836319947 -1.0 154:1.0 
-0.6416260608991076 -1.0 16:1.0 202:1.0 269:1.0 270:1.0 
-0.6874702166008585 -0.5009724413805526 224:1.0 
-1.0 -1.0 
-1.0 -1.0 
-0.6425970536793043 -0.9531203851356057 53:1.0 194:1.0 
-1.0 -1.0 
-1.0 -1.0 
-1.0 -1.0 
-1.0 -1.0 
-1.0 -1.0 
-1.0 -1.0 
-1.0 -1.0 
-1.0 -1.0 
-1.0 -1.0 
-1.0 -1.0 70:1.0 
-0.6425398165198483 -1.0 10:1.0 
-1.0 -1.0 
-1.0 -1.0 
-0.6425683227592636 -1.0 189:1.0 
-1.0 -1.0 
-1.0 -1.0 
-1.0 -1.0 
-1.0 -1.0 
-0.642539688159859 -1.0 164:1.0 221:1.0 
-0.6425967448975746 -1.0 97:1.0 108:1.0 
-1.0 -1.0 
-1.0 -1.0 
-1.0 -1.0 
-1.0 -1.0 
-1.0 -1.0 
-1.0 -1.0 
-1.0 -1.0 
-1.0 -1.0 
-0.6415676690617109 -1.0 196:1.0 
-0.6425970517530326 -1.0 150:1.0 162:1.0 270:1.0 
-1.0 -1.0 
-1.0 -1.0 
-1.0 -1.0 
-1.0 -1.0 
-1.0 -1.0 
-0.6416258804526711 -1.0 56:1.0 73:1.0 177:1.0 
-1.0 -1.0 176:1.0 
-1.0 -1.0 
-1.0 -1.0 184:1.0 
-1.0 -1.0 
-1.0 -1.0 
-1.0 -1.0 
-0.6425962614370843 -1.0 84:1.0 201:1.0 208:1.0 
-1.0 -1.0 
-0.6425667309529361 -1.0 16:1.0 
-1.0 -1.0 
-0.642567042622051 -1.0 165:1.0 
-0.6425668673237718 -1.0 203:1.0 220:1.0 
-1.0 -1.0 
-0.6426124442331099 -1.0 9:1.0 
-1.0 -1.0 
-1.0 -1.0 
-1.0 -1.0 
-1.0 -1.0 
-1.0 -1.0 
-1.0 -1.0 
-1.0 -1.0 
-1.0 -1.0 
-0.6425385797822215 -1.0 71:1.0 
-1.0 -1.0 
-1.0 -1.0 229:1.0 
-0.0 -0.4999773361047977 43:1.0 158:1.0 160:1.0 281:1.0 302:1.0 
-1.0 -1.0 
-0.6425689495315177 -0.9531175950510001 58:1.0 
-1.0 -1.0 
-0.0 -0.5009384222618424 206:1.0 
-1.0 -1.0 
-0.6425671250743981 -1.0 249:1.0 269:1.0 
-1.0 -1.0 
-1.0 -1.0 
-1.0 -1.0 
-0.6425961686034205 -1.0 13:1.0 84:1.0 
-1.0 -1.0 
-1.0 -1.0 
-0.6425683206981101 -1.0 21:1.0 
-0.642595994139055 -0.9531395123329036 43:1.0 158:1.0 160:1.0 281:1.0 302:1.0 
-1.0 -1.0 
-0.6425970530773697 -1.0 18:1.0 62:1.0 
-0.0 -1.0 269:1.0 
-1.0 -1.0 
-1.0 -1.0 
-1.0 -1.0 
-1.0 -1.0 
-1.0 -1.0 
-1.0 -1.0 
-1.0 -1.0 97:1.0 
-1.0 -1.0 
-1.0 -1.0 
-1.0 -1.0 
-1.0 -1.0 191:1.0 
-1.0 -1.0 244:1.0 
-0.6425677003440957 -1.0 85:1.0 
-1.0 -1.0 
-0.6425969681187103 -1.0 176:1.0 236:1.0 
-0.6425980286109334 -1.0 32:1.0 113:1.0 149:1.0 228:1.0 284:1.0 313:1.0 
-0.6425382231184752 -1.0 106:1.0 
-0.6425671759517737 -1.0 17:1.0 
-1.0 -1.0 
-1.0 -1.0 
-1.0 -1.0 
-1.0 -1.0 
-1.0 -1.0 
-0.6425670426909394 -0.9531175915173631 232:1.0 
-0.6425387133744345 -1.0 10:1.0 71:1.0 
-0.6425684196855591 -1.0 20:1.0 129:1.0 
-1.0 -1.0 
-0.6425684157344776 -1.0 88:1.0 
-0.6425683252941069 -1.0 79:1.0 
-1.0 -1.0 
-1.0 -1.0 
-1.0 -1.0 
-0.6415473874514914 -0.9844182678958682 203:1.0 
-1.0 -1.0 
-0.6416261666459805 -1.0 184:1.0 203:1.0 252:1.0 
-0.6425676651172507 -1.0 170:1.0 
-1.0 -1.0 
-1.0 -1.0 
-1.0 -1.0 
-0.6415972569683752 -1.0 101:1.0 
-1.0 -1.0 
-1.0 -1.0 
-1.0 -1.0 
-1.0 -1.0 
-1.0 -1.0 
-1.0 -1.0 
-1.0 -1.0 
-0.6415971735357883 -1.0 156:1.0 
-0.6425687727251642 -1.0 93:1.0 
-0.6425689458386558 -0.9531175944310061 223:1.0 
-0.642596167880825 -0.9531380831052507 27:1.0 182:1.0 299:1.0 
-0.6425683252941063 -1.0 41:1.0 
-1.0 -1.0 
-1.0 -1.0 
-0.955098729237798 -0.9531423825522511 224:1.0 
-1.0 -1.0 258:1.0 
-0.6416258817769773 -1.0 122:1.0 273:1.0 280:1.0 
-0.6425392851052982 -0.9531310050765458 206:1.0 
-1.0 -1.0 
-1.0 -1.0 
-1.0 -1.0 
-1.0 -1.0 
-1.0 -1.0 
-1.0 -1.0 
-0.99997734537854 -1.0 231:1.0 
-0.6425975083058515 -1.0 191:1.0 204:1.0 266:1.0 
-1.0 -1.0 
-1.0 -1.0 47:1.0 
-0.0 -0.5009990258761892 6:1.0 
-0.6416260569297566 -1.0 14:1.0 70:1.0 
-0.6425970549997639 -1.0 4:1.0 26:1.0 37:1.0 149:1.0 
-1.0 -1.0 
-0.6426418300210784 -1.0 108:1.0 191:1.0 
-0.6426121315121626 -1.0 99:1.0 
-1.0 -1.0 
-0.6425679246349232 -1.0 37:1.0 184:1.0 
-1.0 -1.0 
-1.0 -1.0 
-1.0 -1.0 
-0.6425387489505641 -1.0 209:1.0 
-1.0 -1.0 
-0.642539332755738 -1.0 80:1.0 
-1.0 -1.0 
-1.0 -1.0 
-1.0 -1.0 
-0.6426418350150722 -1.0 182:1.0 268:1.0 
-1.0 -1.0 
-1.0 -1.0 
-1.0 -1.0 
-1.0 -1.0 
-1.0 -1.0 
-1.0 -1.0 
-1.0 -1.0 
-1.0 -1.0 
-1.0 -1.0 
-1.0 -1.0 
-1.0 -1.0 
-1.0 -1.0 
-0.6426421860836452 -1.0 103:1.0 138:1.0 
-1.0 -1.0 
-0.642539281948326 -1.0 110:1.0 
-0.6426308898179705 -1.0 74:1.0 203:1.0 
-1.0 -1.0 
-0.6425691239805845 -1.0 213:1.0 
-0.6425969239877213 -1.0 95:1.0 173:1.0 212:1.0 250:1.0 
-1.0 -1.0 
-1.0 -1.0 
-1.0 -1.0 
-1.0 -1.0 
-0.6426138540995026 -1.0 12:1.0 206:1.0 
-1.0 -1.0 
-1.0 -1.0 
-0.0 -9.760619331004922E-4 48:1.0 
-0.6426141701665026 -1.0 28:1.0 
-1.0 -1.0 
-1.0 -1.0 
-1.0 -1.0 
-1.0 -1.0 
-0.9999546268638182 -0.5000226535916553 222:1.0 
-0.6416259240951064 -1.0 75:1.0 105:1.0 217:1.0 
-1.0 -1.0 
-0.0 -0.5000453587099537 48:1.0 
-1.0 -1.0 
-1.0 -1.0 
-1.0 -1.0 
-1.0 -1.0 
-0.6425677033042386 -0.9531158172943505 163:1.0 
-1.0 -1.0 
-1.0 -1.0 
-0.6426576647801093 -1.0 141:1.0 268:1.0 
-1.0 -1.0 
-0.6415679116740354 -1.0 221:1.0 
-1.0 -1.0 
-1.0 -1.0 
-1.0 -1.0 
-1.0 -1.0 231:1.0 
-1.0 -1.0 
-1.0 -1.0 
-1.0 -1.0 
-1.0 -1.0 
-1.0 -1.0 
-1.0 -1.0 
-0.6426135958974627 -1.0 30:1.0 209:1.0 
-0.6415995447847189 -1.0 218:1.0 
-0.642538041214285 -1.0 61:1.0 
-0.6426143226676991 -0.9531154701077476 222:1.0 
-1.0 -1.0 
-1.0 -1.0 
-1.0 -1.0 
-1.0 -1.0 
-1.0 -1.0 
-1.0 -1.0 
-1.0 -1.0 
-1.0 -1.0 
-0.0 -1.0 157:1.0 
-1.0 -1.0 
-0.6415677766793363 -1.0 254:1.0 
-1.0 -1.0 
-1.0 -1.0 
-1.0 -1.0 143:1.0 
-1.0 -1.0 
-0.6416057353388855 -1.0 270:1.0 
-1.0 -1.0 
-0.0 -0.4999773366200628 32:1.0 113:1.0 174:1.0 251:1.0 279:1.0 287:1.0 313:1.0 
-1.0 -1.0 
-1.0 -1.0 
-1.0 -1.0 
-0.6416286298728566 -0.9531402078928416 32:1.0 113:1.0 174:1.0 251:1.0 279:1.0 287:1.0 313:1.0 
-1.0 -1.0 
-0.641619942036649 -0.9570163142837121 231:1.0 
-1.0 -1.0 
-1.0 -1.0 
-0.6426124426219071 -1.0 83:1.0 
-1.0 -1.0 
-1.0 -1.0 
-1.0 -1.0 
-0.6425683213363276 -1.0 133:1.0 
-0.6425688179159884 -1.0 193:1.0 
-1.0 -1.0 
-1.0 -1.0 
-1.0 -1.0 
-1.0 -1.0 
-1.0 -1.0 
-1.0 -1.0 
-1.0 -1.0 
-1.0 -1.0 
-1.0 -1.0 
-1.0 -1.0 
-0.6425689940636585 -1.0 51:1.0 
-1.0 -1.0 
-1.0 -1.0 
-0.642568945313329 -0.9531423813608343 217:1.0 
-1.0 -1.0 
-0.6425964348003868 -1.0 118:1.0 142:1.0 237:1.0 
-1.0 -1.0 
-0.6425396453945669 -0.9530949136339484 157:1.0 
-1.0 -1.0 
-0.6425674891589183 -1.0 33:1.0 254:1.0 
-1.0 -1.0 
-0.6425684092168231 -0.9531175962119605 48:1.0 
-1.0 -1.0 
-1.0 -1.0 
-1.0 -1.0 
-0.6425689418732081 -1.0 73:1.0 
-0.6426138112089446 -1.0 147:1.0 
-1.0 -1.0 
-1.0 -1.0 
-1.0 -1.0 87:1.0 
-1.0 -1.0 
-0.0 -0.49710026476112745 265:1.0 
-1.0 -1.0 
-0.6425377340536003 -1.0 269:1.0 
-0.6425094509673883 -0.9569731357085843 265:1.0 
-1.0 -1.0 27:1.0 64:1.0 104:1.0 182:1.0 261:1.0 283:1.0 290:1.0 292:1.0 299:1.0 
-1.0 -1.0 
-0.6425958159928384 -1.0 49:1.0 69:1.0 75:1.0 250:1.0 
-1.0 -1.0 230:1.0 
-1.0 -1.0 
-1.0 -1.0 
-1.0 -1.0 
-1.0 -1.0 
-1.0 -1.0 90:1.0 
-0.6425670426220509 -1.0 2:1.0 
-0.6425667318259234 -1.0 136:1.0 
-1.0 -1.0 
-0.6415998986362561 -1.0 94:1.0 
-0.642596261003735 -1.0 55:1.0 135:1.0 181:1.0 187:1.0 277:1.0 288:1.0 303:1.0 
-1.0 -1.0 
-1.0 -1.0 
-0.6415970829315228 -0.9531154691100436 6:1.0 
-0.6415364948336512 -1.0 
