svm_type c_svc
kernel_type rbf
gamma 1.0
nr_class 3
total_sv 1592
rho 0.9948058595665948 0.9907289704182994 -0.9927135206310876
label 2 0 1
nr_sv 419 636 537
SV
0.01 0.01 
0.01 0.01 271:1.0 
0.01 0.01 
0.01 0.01 64:1.0 125:1.0 182:1.0 261:1.0 283:1.0 292:1.0 
0.01 0.01 
0.01 0.01 99:1.0 204:1.0 
0.01 0.01 
0.01 0.01 
0.01 0.01 
0.01 0.01 
0.01 0.01 
0.01 0.01 
0.01 0.01 
0.01 0.01 
0.01 0.01 
0.01 0.01 33:1.0 115:1.0 226:1.0 258:1.0 
0.01 0.01 243:1.0 
0.01 0.01 
0.01 0.01 
0.01 0.01 
0.01 0.01 
0.01 0.01 
0.01 0.01 151:1.0 
0.01 0.01 
0.01 0.01 
0.01 0.01 47:1.0 
0.01 0.01 
0.01 0.01 
0.01 0.01 205:1.0 
0.01 0.01 
0.01 0.01 
0.01 0.01 
0.01 0.01 
0.01 0.01 
0.01 0.01 
0.01 0.01 159:1.0 177:1.0 
0.01 0.01 
0.01 0.01 77:1.0 
0.01 0.01 
0.01 0.01 
0.01 0.01 13:1.0 23:1.0 54:1.0 
0.01 0.01 
0.01 0.01 64:1.0 125:1.0 182:1.0 261:1.0 283:1.0 292:1.0 
0.01 0.01 
0.01 0.01 
0.01 0.01 
0.01 0.01 
0.01 0.01 
0.01 0.01 
0.01 0.01 
0.01 0.01 
0.01 0.01 
0.01 0.01 204:1.0 
0.01 0.01 
0.01 0.01 
0.01 0.01 
0.01 0.01 40:1.0 
0.01 0.01 
0.01 0.01 
0.01 0.01 
0.01 0.01 90:1.0 
0.01 0.01 72:1.0 92:1.0 195:1.0 278:1.0 306:1.0 
0.01 0.01 
0.01 0.01 
0.01 0.01 
0.01 0.01 74:1.0 96:1.0 
0.01 0.01 141:1.0 
0.01 0.01 99:1.0 
0.01 0.01 
0.01 0.01 
0.01 0.01 27:1.0 64:1.0 104:1.0 182:1.0 225:1.0 261:1.0 283:1.0 290:1.0 292:1.0 299:1.0 
0.01 0.01 15:1.0 125:1.0 
0.01 0.01 
0.01 0.01 
0.01 0.01 
0.01 0.01 15:1.0 19:1.0 
0.01 0.01 
0.01 0.01 139:1.0 
0.01 0.01 
0.01 0.01 
0.01 0.01 
0.01 0.01 
0.01 0.01 
0.01 0.01 
0.01 0.01 
0.01 0.01 
0.01 0.01 
0.01 0.01 
0.01 0.01 
0.01 0.01 230:1.0 
0.01 0.01 74:1.0 258:1.0 
0.01 0.01 266:1.0 
0.01 0.01 27:1.0 64:1.0 104:1.0 182:1.0 261:1.0 283:1.0 290:1.0 292:1.0 299:1.0 
0.01 0.01 
0.01 0.01 266:1.0 
0.01 0.01 
0.01 0.01 
0.01 0.01 13:1.0 103:1.0 
0.01 0.01 12:1.0 
0.01 0.01 19:1.0 
0.01 0.01 
0.01 0.01 219:1.0 
0.01 0.01 
0.01 0.01 74:1.0 
0.01 0.01 
0.01 0.01 
0.01 0.01 
0.01 0.01 90:1.0 
0.01 0.01 
0.01 0.01 
0.01 0.01 
0.01 0.01 
0.01 0.01 
0.01 0.01 
0.01 0.01 
0.01 0.01 150:1.0 168:1.0 
0.01 0.01 64:1.0 
0.01 0.01 
0.01 0.01 
0.01 0.01 
0.01 0.01 
0.01 0.01 125:1.0 
0.01 0.01 
0.01 0.01 
0.01 0.01 
0.01 0.01 22:1.0 60:1.0 
0.01 0.01 
0.01 0.01 
0.01 0.01 
0.01 0.01 224:1.0 
0.01 0.01 
0.01 0.01 
0.01 0.01 45:1.0 
0.01 0.01 
0.01 0.01 
0.01 0.01 25:1.0 
0.01 0.01 
0.01 0.01 
0.01 0.01 
0.01 0.01 
0.01 0.01 
0.01 0.01 
0.01 0.01 86:1.0 109:1.0 242:1.0 300:1.0 305:1.0 
0.01 0.01 244:1.0 
0.01 0.01 
0.01 0.01 
0.01 0.01 
0.01 0.01 
0.01 0.01 
0.01 0.01 
0.01 0.01 
0.01 0.01 
0.01 0.01 
0.01 0.01 
0.01 0.01 66:1.0 258:1.0 
0.01 0.01 
0.01 0.01 
0.01 0.01 
0.01 0.01 
0.01 0.01 8:1.0 9:1.0 
0.01 0.01 231:1.0 
0.01 0.01 8:1.0 9:1.0 189:1.0 
0.01 0.01 191:1.0 
0.01 0.01 
0.01 0.01 15:1.0 
0.01 0.01 70:1.0 
0.01 0.01 83:1.0 84:1.0 
0.01 0.01 147:1.0 211:1.0 298:1.0 
0.01 0.01 105:1.0 117:1.0 
0.01 0.01 191:1.0 
0.01 0.01 89:1.0 162:1.0 231:1.0 
0.01 0.01 
0.01 0.01 
0.01 0.01 184:1.0 
0.01 0.01 159:1.0 
0.01 0.01 264:1.0 
0.01 0.01 151:1.0 
0.01 0.01 89:1.0 
0.01 0.01 
0.01 0.01 
0.01 0.01 
0.01 0.01 30:1.0 89:1.0 
0.01 0.01 
0.01 0.01 
0.01 0.01 
0.01 0.01 
0.01 0.01 143:1.0 182:1.0 225:1.0 261:1.0 283:1.0 
0.01 0.01 132:1.0 
0.01 0.01 
0.01 0.01 153:1.0 
0.01 0.01 
0.01 0.01 
0.01 0.01 
0.01 0.01 
0.01 0.01 
0.01 0.01 
0.01 0.01 171:1.0 
0.01 0.01 
0.01 0.01 229:1.0 
0.01 0.01 
0.01 0.01 
0.01 0.01 143:1.0 
0.01 0.01 
0.01 0.01 
0.01 0.01 
0.01 0.01 246:1.0 
0.01 0.01 
0.01 0.01 
0.01 0.01 
0.01 0.01 97:1.0 
0.01 0.01 258:1.0 
0.01 0.01 22:1.0 115:1.0 
0.01 0.01 
0.01 0.01 182:1.0 
0.01 0.01 
0.01 0.01 74:1.0 
0.01 0.01 
0.01 0.01 
0.01 0.01 145:1.0 
0.01 0.01 
0.01 0.01 143:1.0 
0.01 0.01 
0.01 0.01 
0.01 0.01 204:1.0 
0.01 0.01 
0.01 0.01 260:1.0 
0.01 0.01 
0.01 0.01 211:1.0 
0.01 0.01 
0.01 0.01 56:1.0 
0.01 0.01 
0.01 0.01 
0.01 0.01 131:1.0 239:1.0 
0.01 0.01 
0.01 0.01 
0.01 0.01 96:1.0 171:1.0 
0.01 0.01 141:1.0 
0.01 0.01 
0.01 0.01 64:1.0 103:1.0 104:1.0 130:1.0 282:1.0 290:1.0 297:1.0 
0.01 0.01 
0.01 0.01 
0.01 0.01 13:1.0 23:1.0 54:1.0 64:1.0 130:1.0 282:1.0 
0.01 0.01 56:1.0 176:1.0 
0.01 0.01 
0.01 0.01 
0.01 0.01 
0.01 0.01 175:1.0 182:1.0 
0.01 0.01 
0.01 0.01 176:1.0 
0.01 0.01 260:1.0 
0.01 0.01 
0.01 0.01 
0.01 0.01 
0.01 0.01 
0.01 0.01 
0.01 0.01 231:1.0 
0.01 0.01 
0.01 0.01 
0.01 0.01 
0.01 0.01 
0.01 0.01 
0.01 0.01 86:1.0 109:1.0 242:1.0 300:1.0 305:1.0 
0.01 0.01 
0.01 0.01 103:1.0 
0.01 0.01 
0.01 0.01 
0.01 0.01 208:1.0 
0.01 0.01 
0.01 0.01 
0.01 0.01 
0.01 0.01 
0.01 0.01 168:1.0 
0.01 0.01 24:1.0 60:1.0 
0.01 0.01 
0.01 0.01 
0.01 0.01 24:1.0 
0.01 0.01 24:1.0 
0.01 0.01 
0.01 0.01 
0.01 0.01 
0.01 0.01 
0.01 0.01 
0.01 0.01 
0.01 0.01 
0.01 0.01 260:1.0 
0.01 0.01 
0.01 0.01 
0.01 0.01 
0.01 0.01 
0.01 0.01 60:1.0 114:1.0 
0.01 0.01 
0.01 0.01 
0.01 0.01 
0.01 0.01 
0.01 0.01 
0.01 0.01 
0.01 0.01 264:1.0 
0.01 0.01 260:1.0 
0.01 0.01 126:1.0 
0.01 0.01 
0.01 0.01 28:1.0 258:1.0 
0.01 0.01 
0.01 0.01 
0.01 0.01 78:1.0 
0.01 0.01 
0.01 0.01 
0.01 0.01 22:1.0 90:1.0 115:1.0 
0.01 0.01 
0.01 0.01 
0.01 0.01 
0.01 0.01 
0.01 0.01 144:1.0 
0.01 0.01 
0.01 0.01 
0.01 0.01 
0.01 0.01 
0.01 0.01 
0.01 0.01 
0.01 0.01 204:1.0 226:1.0 
0.01 0.01 
0.01 0.01 
0.01 0.01 60:1.0 233:1.0 
0.01 0.01 256:1.0 307:1.0 
0.01 0.01 
0.01 0.01 246:1.0 
0.01 0.01 
0.01 0.01 
0.01 0.01 
0.01 0.01 207:1.0 
0.01 0.01 
0.01 0.01 72:1.0 92:1.0 195:1.0 278:1.0 306:1.0 
0.01 0.01 18:1.0 
0.01 0.01 178:1.0 
0.01 0.01 117:1.0 
0.01 0.01 
0.01 0.01 
0.01 0.01 
0.01 0.01 
0.01 0.01 96:1.0 
0.01 0.01 
0.01 0.01 258:1.0 
0.01 0.01 
0.01 0.01 
0.01 0.01 
0.01 0.01 
0.01 0.01 
0.01 0.01 
0.01 0.01 
0.01 0.01 
0.01 0.01 
0.01 0.01 
0.01 0.01 
0.01 0.01 
0.01 0.01 72:1.0 92:1.0 195:1.0 278:1.0 306:1.0 
0.01 0.01 
0.01 0.01 
0.01 0.01 
0.01 0.01 
0.01 0.01 
0.01 0.01 
0.01 0.01 
0.01 0.01 
0.01 0.01 
0.01 0.01 
0.01 0.01 
0.01 0.01 54:1.0 
0.01 0.01 3:1.0 
0.01 0.01 
0.01 0.01 
0.01 0.01 30:1.0 
0.01 0.01 
0.01 0.01 
0.01 0.01 
0.01 0.01 
0.01 0.01 
0.01 0.01 
0.01 0.01 
0.01 0.01 
0.01 0.01 67:1.0 147:1.0 
0.01 0.01 
0.01 0.01 
0.01 0.01 271:1.0 
0.01 0.01 47:1.0 
0.01 0.01 
0.01 0.01 142:1.0 
0.01 0.01 
0.01 0.01 
0.01 0.01 
0.01 0.01 
0.01 0.01 
0.01 0.01 
0.01 0.01 
0.01 0.01 
0.01 0.01 
0.01 0.01 
0.01 0.01 67:1.0 
0.01 0.01 
0.01 0.01 
0.01 0.01 
0.01 0.01 87:1.0 
0.01 0.01 
0.01 0.01 
0.01 0.01 102:1.0 
0.01 0.01 
0.01 0.01 147:1.0 211:1.0 298:1.0 
0.01 0.01 
0.01 0.01 
0.01 0.01 
0.01 0.01 
0.01 0.01 222:1.0 
0.01 0.01 
0.01 0.01 
0.01 0.01 
0.01 0.01 
0.01 0.01 3:1.0 
0.01 0.01 
0.01 0.01 
0.01 0.01 
0.01 0.01 
-0.002786526224178909 0.004722878709172156 5:1.0 63:1.0 
-0.0068393972636753425 0.01 83:1.0 
-0.003478231288899686 0.01 184:1.0 259:1.0 
-0.0030359308887969194 0.008296126091642856 52:1.0 
-0.00454847087756203 0.006940016859221529 50:1.0 274:1.0 
-0.01 0.01 99:1.0 
-0.0015414935240249436 0.01 198:1.0 
-0.0030068189545496204 0.004745583560921025 75:1.0 255:1.0 
-0.0012984444004598148 0.0022952045279153563 215:1.0 
-0.004242688516909531 0.01 194:1.0 
-0.00398629528812519 0.009155104714680387 136:1.0 183:1.0 
-0.0 0.005234013042613734 193:1.0 
-0.0068393972636753425 0.005121503207254323 233:1.0 
-0.009056739782124162 0.005358915778511926 8:1.0 
-0.0030356709244976276 0.005804880867498054 68:1.0 140:1.0 
-0.00903817734539986 0.005888969688410502 19:1.0 151:1.0 
-0.004561711013586579 0.005973194727637843 210:1.0 289:1.0 
-0.004523763846582536 0.00850127459378846 6:1.0 88:1.0 192:1.0 269:1.0 
-0.004842049351595576 0.01 61:1.0 139:1.0 234:1.0 
-0.004442678947758102 0.01 257:1.0 265:1.0 
-0.002299760389287407 0.01 137:1.0 
-0.0034722573624023 0.00893602331234151 62:1.0 
-0.003984237067879242 0.0 219:1.0 
-0.004117938840172629 0.01 184:1.0 203:1.0 252:1.0 
-0.0023340238186130915 0.002055093954095914 259:1.0 
-0.0013638646349400446 0.004133238424834554 38:1.0 73:1.0 
-0.00400012250371003 0.01 193:1.0 
-0.006395453218062026 0.0 117:1.0 
-0.00786748989612179 0.005253944234722051 226:1.0 
-0.01 0.0 168:1.0 
-0.0037883412514149507 0.006804047714607669 20:1.0 122:1.0 273:1.0 280:1.0 
-0.0031606027363246573 0.01 2:1.0 
-0.002168244399706847 0.01 267:1.0 
-0.00382341001573105 0.01 140:1.0 223:1.0 
-0.0031606027363246573 0.01 16:1.0 
-0.005781304041976956 0.007110751960877064 64:1.0 103:1.0 130:1.0 189:1.0 282:1.0 297:1.0 
-0.01 0.01 87:1.0 
-0.0 0.005166234367949293 189:1.0 
-0.002097858608569051 0.01 196:1.0 
-0.003115593304274177 0.00558774219377967 143:1.0 267:1.0 
-0.006915088861587029 0.005054018137764062 21:1.0 78:1.0 
-0.0049520167460048855 0.00916445987256853 27:1.0 50:1.0 182:1.0 299:1.0 304:1.0 
-0.0053073320109380965 0.005641513014683475 150:1.0 218:1.0 
-0.0011171113509980057 0.01 73:1.0 
-0.002408967231449553 0.002491875909029244 244:1.0 
-0.01 0.005309674966869135 125:1.0 
-0.01 0.01 182:1.0 
-0.01 0.01 30:1.0 230:1.0 
-0.0023173066467435458 0.01 129:1.0 
-0.00455946980616813 0.006298681350471993 29:1.0 91:1.0 120:1.0 185:1.0 216:1.0 235:1.0 253:1.0 263:1.0 285:1.0 291:1.0 294:1.0 296:1.0 301:1.0 309:1.0 312:1.0 
-0.0 0.01 157:1.0 
-0.0031606027363246573 0.0 144:1.0 
-0.01 0.01 143:1.0 
-0.0 0.01 164:1.0 
-0.004068330102243236 0.0055306849561509224 141:1.0 165:1.0 
-0.007104322204529055 0.00734385207208829 15:1.0 34:1.0 175:1.0 
-0.0 0.0014987254062115397 21:1.0 
-0.003648971174155541 0.005208845026570795 5:1.0 101:1.0 
-0.0037899224273613887 0.00484487755421943 107:1.0 
-0.003363393501916409 0.005966475323516194 121:1.0 198:1.0 
-0.0 0.004837861434337231 133:1.0 
-0.0068393972636753425 0.01 28:1.0 
-0.0027536616371597977 0.005552940529258497 118:1.0 
-0.0026314116629101198 0.002164155145689911 111:1.0 269:1.0 
-0.0036618669942662142 0.005734166691529316 49:1.0 122:1.0 
-0.00306227560280912 0.0049999999999999515 94:1.0 116:1.0 
-0.003864188608579053 0.00556408139292567 73:1.0 149:1.0 228:1.0 284:1.0 
-0.006424921264617812 0.004799447121181507 67:1.0 114:1.0 
-0.01 0.006427576461546769 204:1.0 
-0.001872082835849939 0.0023801167201686125 199:1.0 
-0.0033922189285952873 0.01 20:1.0 129:1.0 
-0.0031606027363246573 0.0047006611892915105 214:1.0 
-0.01 0.005263791794668786 246:1.0 
-0.003368037223783597 0.004974002667155855 152:1.0 
-0.01 0.0 141:1.0 
-0.0 0.004388117943327759 179:1.0 
-0.004339092750419957 0.007619883279831388 51:1.0 65:1.0 199:1.0 
-0.00223589256146354 0.01 231:1.0 
-0.004598135997248118 0.0064047253267083964 38:1.0 49:1.0 73:1.0 236:1.0 
-0.01 0.007315653803572746 86:1.0 109:1.0 242:1.0 300:1.0 305:1.0 
-0.0 0.01 85:1.0 
-0.01 0.01 184:1.0 
-0.0 0.01 
-0.003176352835708941 0.00887736073199988 155:1.0 270:1.0 
-0.0 0.01 
-0.0026639286217032283 0.0028861313336050235 140:1.0 269:1.0 
-0.0 0.01 
-0.0 0.01 
-0.0 0.01 
-0.0 0.01 
-0.0 0.01 
-0.005236728832888477 0.006556491322689005 4:1.0 175:1.0 240:1.0 
-0.00468699969443236 0.01 66:1.0 106:1.0 157:1.0 
-0.0 0.01 
-0.0 0.01 
-0.01 0.005473494539473412 159:1.0 
-0.0 0.01 
-0.0 0.01 
-0.00458712279623893 0.01 26:1.0 69:1.0 
-0.003423554743281631 0.004625053780788101 40:1.0 241:1.0 
-0.01 0.0 90:1.0 
-0.0 0.01 
-0.0 0.01 
-0.0 0.01 255:1.0 
-0.0 0.01 
-0.01 0.01 260:1.0 
-0.0 0.01 
-0.0 0.01 
-0.01 0.0021544821544441533 117:1.0 
-0.0046540365624880954 0.005990662573212041 29:1.0 91:1.0 120:1.0 131:1.0 167:1.0 185:1.0 216:1.0 235:1.0 253:1.0 285:1.0 291:1.0 294:1.0 301:1.0 309:1.0 312:1.0 
-0.004406784892522158 0.009393041332977442 138:1.0 227:1.0 232:1.0 
-0.0 0.01 
-0.0 0.01 
-0.0 0.01 
-0.0 0.01 
-0.0 0.01 21:1.0 
-0.0 0.01 
-0.0 0.01 
-0.0 0.01 
-0.005506597626511164 0.006645587181290024 179:1.0 227:1.0 243:1.0 
-0.0035797040843343233 0.004779054561565315 127:1.0 172:1.0 238:1.0 
-0.0 0.0024426253571872103 213:1.0 
-0.0025751359637894416 0.003793443096104002 238:1.0 
-0.01 0.00359644276791379 145:1.0 
-0.0 0.01 
-0.003450373619145062 0.0037922191631401037 155:1.0 199:1.0 
-0.0 0.01 
-0.01 0.01 
-0.01 0.01 
-8.984043266147373E-4 0.01 255:1.0 
-0.01 0.01 
-0.01 0.01 
-0.01 0.01 
-0.01 0.01 
-0.01 0.01 
-0.01 0.01 
-0.01 0.01 
-0.01 0.01 
-0.0 0.002263826480893531 176:1.0 
-0.01 0.01 
-0.0 0.01 269:1.0 
-0.01 0.01 
-0.01 0.01 
-0.003895710068797056 0.00418485543081805 143:1.0 215:1.0 
-0.0 0.0019078870131190688 75:1.0 
-0.003269935765446339 0.01 138:1.0 184:1.0 
-0.01 0.01 
-0.002557466881222292 0.0054543635491869965 59:1.0 73:1.0 
-0.0037951261346284067 0.009234755661285328 95:1.0 173:1.0 250:1.0 
-0.01 0.01 
-0.01 0.01 
-0.01 0.005462420644204878 90:1.0 
-0.0031606027363246573 0.01 133:1.0 
-0.0031606027363246573 0.00946203624845705 37:1.0 
-0.0 0.01 122:1.0 273:1.0 280:1.0 
-0.01 0.01 
-0.01 0.01 
-0.01 0.01 
-0.01 0.01 
-0.003551751385091723 0.004899210806006853 134:1.0 172:1.0 238:1.0 
-0.0023009521755677355 0.0054334173878100665 249:1.0 
-0.01 0.01 
-0.01 0.01 139:1.0 
-0.0034344633400464303 0.005331767931923377 161:1.0 
-0.01 0.01 
-0.004025165746457008 0.0 126:1.0 
-0.01 0.01 
-0.005218577176898856 0.007736173519106469 46:1.0 64:1.0 104:1.0 166:1.0 182:1.0 225:1.0 261:1.0 283:1.0 290:1.0 292:1.0 
-8.847062253605079E-4 0.0026642277487717403 102:1.0 
-0.01 0.01 
-0.0026549776545198877 0.0037671848672280787 108:1.0 269:1.0 
-0.01 0.005255143470974839 271:1.0 
-0.01 0.01 
-0.01 0.01 
-0.01 0.01 
-0.01 0.01 
-0.01 0.01 
-0.01 0.01 
-0.0032005433867757756 0.01 51:1.0 68:1.0 
-0.006051478982481829 0.007655916085730244 18:1.0 67:1.0 123:1.0 
-0.01 0.01 
-0.01 0.01 
-0.01 0.01 
-0.01 0.01 
-0.01 0.01 
-0.0033660712890812936 0.01 249:1.0 265:1.0 
-0.004684593688345142 0.006604325027546586 11:1.0 152:1.0 161:1.0 170:1.0 
-0.007246114519660511 0.01 25:1.0 197:1.0 
-0.01 0.01 
-0.01 0.01 
-0.01 0.01 
-0.01 0.01 
-0.0 0.01 269:1.0 
-0.01 0.01 
-0.01 0.01 
-0.01 0.01 
-0.01 0.01 
-0.01 0.01 
-0.01 0.01 
-0.01 0.01 
-0.01 0.01 
-0.01 0.005162138565662769 219:1.0 
-0.01 0.01 
-0.01 0.01 
-0.005271603545070365 0.007527078136535694 29:1.0 91:1.0 120:1.0 131:1.0 167:1.0 185:1.0 216:1.0 253:1.0 263:1.0 285:1.0 294:1.0 296:1.0 312:1.0 
-0.0031606027363246573 0.01 254:1.0 
-0.01 0.01 
-0.01 0.01 
-0.01 0.01 
-0.003567661743752571 0.00909349661102743 106:1.0 111:1.0 
-0.003060960159751664 0.007578961283169352 41:1.0 148:1.0 
-0.01 0.01 
-0.01 0.01 
-0.01 0.01 
-0.01 0.01 
-0.01 0.01 
-0.01 0.01 
-0.002560205481360464 0.0027285499616042253 212:1.0 
-0.01 0.01 
-0.01 0.01 
-0.0 0.005258162302575519 200:1.0 
-0.01 0.01 
-0.003321009749261702 0.007271450038395775 68:1.0 212:1.0 
-0.01 0.01 
-0.0034080424537014688 0.00526905420657999 252:1.0 
-0.01 0.01 
-0.0031556213077788015 0.0044623889443717295 134:1.0 
-0.01 0.01 
-0.01 0.01 
-0.0023538322121644827 0.0 40:1.0 
-0.01 0.01 
-0.0034710846229474793 0.008766396869644857 111:1.0 201:1.0 
-0.003814637880032057 0.01 58:1.0 116:1.0 
-0.01 0.01 
-0.01 0.01 
-0.004844880802210061 0.009240728800344641 67:1.0 75:1.0 91:1.0 265:1.0 
-0.01 0.01 
-0.01 0.01 
-0.01 0.01 
-0.01 0.01 
-0.002225326275872004 0.0036887498790708043 57:1.0 
-0.01 0.01 
-0.0024537103648104904 0.01 213:1.0 
-0.01 0.01 
-0.01 0.01 
-0.0036065501014933077 0.01 200:1.0 
-0.004811325050411485 0.01 55:1.0 135:1.0 181:1.0 187:1.0 277:1.0 288:1.0 303:1.0 
-0.01 0.01 
-0.01 0.01 
-0.01 0.01 
-0.01 0.01 
-0.0029742040893239027 0.004541147783474059 173:1.0 
-0.01 0.01 
-0.01 0.01 
-0.0 0.005183387282214995 276:1.0 
-0.01 0.01 
-0.01 0.01 
-0.0068393972636753425 0.01 99:1.0 
-0.01 0.01 
-0.01 0.01 
-0.01 0.01 
-0.01 0.01 
-0.01 0.01 
-0.01 0.01 
-0.01 0.01 
-0.0030566957024721363 0.00798062091375166 146:1.0 168:1.0 
-0.004670133887911727 0.00628371211692144 11:1.0 180:1.0 
-0.01 0.01 
-0.01 0.01 
-0.005583506871432727 0.01 66:1.0 110:1.0 
-9.618226546001414E-4 0.01 51:1.0 
-0.0036413930823176437 0.01 80:1.0 
-0.01 0.01 
-0.01 0.01 
-0.01 0.01 176:1.0 
-0.01 0.01 
-0.01 0.01 
-0.01 0.01 
-0.01 0.01 
-0.01 0.01 
-0.00372432024861709 0.008692040088264822 247:1.0 
-0.002372205728618553 0.00715831899938411 33:1.0 
-0.01 0.01 
-0.01 0.01 
-0.01 0.01 
-0.01 0.01 
-0.01 0.0016766093874629598 67:1.0 
-0.0035219649415579968 0.005674725652986354 7:1.0 119:1.0 270:1.0 310:1.0 
-0.01 0.01 
-0.01 0.01 
-0.0021506326886560822 0.01 165:1.0 
-0.01 0.01 
-0.01 0.01 
-0.0029433874028812076 0.0038793179024886105 234:1.0 
-0.003411252350878749 0.004829227691673373 21:1.0 119:1.0 
-0.01 0.01 
-0.01 0.01 
-0.008989916878457545 0.0029868948721655467 143:1.0 
-0.01 0.01 
-0.00385475373894229 0.0054410929622687445 38:1.0 73:1.0 227:1.0 
-0.002996450134787921 0.009055359056003834 85:1.0 117:1.0 
-0.01 0.01 
-0.01 0.01 102:1.0 
-0.01 0.01 
-0.01 0.01 
-0.01 0.01 
-0.01 0.01 
-0.009220842700273062 0.008936956829926427 115:1.0 
-0.01 0.01 
-0.01 0.01 
-0.01 0.01 141:1.0 
-0.003945505457694981 0.009153956465132751 127:1.0 215:1.0 232:1.0 
-0.01 0.01 
-0.01 0.01 
-0.01 0.01 
-0.01 0.01 
-0.01 0.01 
-0.0035861346186632052 0.01 268:1.0 
-0.01 0.01 
-0.01 0.01 
-0.01 0.01 
-0.01 0.01 
-0.00408778663187249 0.00459872076559964 207:1.0 272:1.0 
-0.01 0.01 
-0.01 0.01 
-0.0028508765988454086 0.01 93:1.0 
-0.01 0.01 
-0.01 0.01 
-0.01 0.01 
-0.01 0.01 
-0.01 0.00378120628104338 207:1.0 
-0.01 0.01 
-0.01 0.01 
-0.01 0.01 
-0.0037777067472195332 0.00897231391791098 164:1.0 
-0.003206909941673225 0.005946198347497903 31:1.0 244:1.0 
-0.01 0.01 
-0.01 0.01 
-0.01 0.01 
-0.01 0.01 
-0.01 0.01 
-0.0 0.004891056535704014 59:1.0 
-0.01 0.01 
-0.01 0.01 
-0.01 0.01 
-0.01 0.01 
-0.01 0.01 
-0.01 0.01 
-0.01 0.01 
-0.0035898909580635682 0.007997341882680096 17:1.0 220:1.0 
-0.01 0.01 
-0.01 0.01 
-0.003952026686421693 0.005211680471636426 100:1.0 
-0.0026248622411143173 0.003959802834369452 172:1.0 
-0.01 0.01 
-0.01 0.01 
-0.01 0.01 
-0.003210452200806089 0.01 276:1.0 
-0.01 0.01 
-0.003089707358752926 0.004651744579718358 95:1.0 
-0.01 0.01 178:1.0 
-0.01 0.01 
-0.003827598120892821 0.005655117195362602 4:1.0 52:1.0 255:1.0 
-0.01 0.01 
-0.01 0.01 
-0.0 0.00423941680452694 269:1.0 
-0.01 0.01 
-0.01 0.01 
-0.01 0.01 
-0.01 0.01 
-0.008552199145337912 0.01 56:1.0 157:1.0 
-0.01 0.01 
-6.602193274854308E-4 0.0014159565760787276 91:1.0 
-0.01 0.01 
-0.01 0.01 
-0.0 0.007441515525093751 55:1.0 135:1.0 181:1.0 187:1.0 277:1.0 288:1.0 303:1.0 
-0.01 0.01 
-0.01 0.01 
-0.004996772176559328 0.0067704324139280965 76:1.0 112:1.0 311:1.0 
-0.01 0.01 
-0.0034421454493088767 0.0052935193905597035 188:1.0 
-0.01 0.01 
-0.01 0.01 
-0.01 0.01 
-0.0 0.005183047314579062 39:1.0 
-0.0 0.0013079599117351776 108:1.0 
-0.01 0.01 
-0.01 0.01 
-0.01 0.01 
-0.01 0.01 
-0.01 0.01 
-0.01 0.01 
-0.01 0.01 
-0.006557854550691123 0.007768036944728803 9:1.0 42:1.0 78:1.0 
-0.01 0.01 
-0.01 0.01 
-0.01 0.01 
-0.01 0.01 
-0.01 0.01 
-0.004505553892916899 0.007704795472084644 107:1.0 114:1.0 180:1.0 231:1.0 
-0.01 0.01 
-0.01 0.01 
-0.01 0.01 
-0.0047779778267542 0.006259600463199289 36:1.0 169:1.0 250:1.0 293:1.0 
-0.004517157777391374 0.01 41:1.0 236:1.0 
-0.0036518077157308617 0.01 170:1.0 
-0.01 0.01 
-0.0038026689728541422 0.00519415330104972 59:1.0 143:1.0 272:1.0 
-0.01 0.01 
-0.01 0.01 
-0.0068393972636753425 0.006583179791047836 105:1.0 
-0.0 0.01 162:1.0 
-0.0029421453662146577 0.004566147945311115 250:1.0 
-0.01 0.01 
-0.002599265414351832 0.005868337563958603 162:1.0 168:1.0 
-0.01 0.0052143200713155695 126:1.0 
-0.01 0.01 
-0.01 0.01 
-0.003403283456131157 0.005717760852149331 1:1.0 51:1.0 98:1.0 
-0.0068393972636753425 0.01 176:1.0 
-0.00490259009569512 0.007640085254432456 35:1.0 46:1.0 88:1.0 186:1.0 286:1.0 
-0.003240593421449528 0.01 156:1.0 
-0.01 0.01 
-0.01 0.01 
-0.003509931579408019 0.005395224284883958 262:1.0 
-0.01 0.01 
-0.003271457540598785 0.0 132:1.0 
-0.00458237263627184 0.0054240185358447 50:1.0 182:1.0 304:1.0 
-0.0022849323986046002 0.0033753244390001534 59:1.0 155:1.0 
-0.01 0.01 
-0.01 0.01 244:1.0 
-0.0035891061041085906 0.007973028571612296 17:1.0 275:1.0 
-0.004157330533917681 0.01 162:1.0 
-0.01 0.01 
-0.003227869709143018 0.01 35:1.0 
-0.01 0.01 
-0.0047661694832260345 0.01 189:1.0 
-0.01 0.01 
-0.01 0.01 
-0.01 0.01 
-0.002052789220546272 0.003455144077150326 241:1.0 
-0.01 0.01 48:1.0 264:1.0 
-0.01 0.01 
-0.01 0.01 
-0.01 0.01 
-0.0036012489605067493 0.008926589322280833 248:1.0 
-0.01 0.01 
-0.01 0.01 
-0.01 0.01 
-0.01 0.01 
-0.01 0.01 
-0.01 0.01 
-0.004220791775573973 0.005643513715340772 29:1.0 91:1.0 120:1.0 185:1.0 216:1.0 235:1.0 253:1.0 285:1.0 291:1.0 294:1.0 301:1.0 309:1.0 312:1.0 
-0.01 0.01 
-0.01 0.01 
-0.01 0.01 
-0.01 0.01 
-0.01 0.01 
-0.0021836987296994423 0.01 108:1.0 
-0.01 0.01 
-0.0023149675967534936 0.0020269714283877036 275:1.0 
-0.0033350393345024263 0.005576223885076297 91:1.0 93:1.0 
-0.0016005228218549544 0.002558484474906249 122:1.0 
-0.01 0.01 
-0.01 0.006545904166968257 142:1.0 
-0.01 0.01 
-0.01 0.01 
-0.004606895530603117 0.008595284304718698 88:1.0 123:1.0 141:1.0 274:1.0 
-0.01 0.01 
-0.01 0.01 
-0.01 0.01 
-0.005270481435161855 0.007311488841837946 44:1.0 100:1.0 124:1.0 295:1.0 308:1.0 
-0.01 0.01 231:1.0 
-0.01 0.01 
-0.01 0.01 
-0.004962925040924237 0.01 90:1.0 
-0.01 0.01 
-0.01 0.01 
-0.01 0.01 
-0.01 0.01 
-0.01 0.01 
-0.01 0.01 
-0.01 0.01 
-0.01 0.01 
-0.01 0.01 
-0.01 0.01 
-0.0012403243704714594 0.002359914745567544 272:1.0 
-0.0037055409427230613 0.003983516687042631 33:1.0 145:1.0 
-0.003171841581943521 0.0044359186070743305 149:1.0 228:1.0 284:1.0 
-0.01 0.003546332541183474 40:1.0 
-0.01 0.01 
-0.003307491058556249 0.006853005915932998 196:1.0 213:1.0 
-0.003922175165896306 0.006526084060856561 237:1.0 
-0.00142529005340601 0.0022319630552711978 42:1.0 
-0.01 0.01 
-0.01 0.01 
-0.01 0.01 
-0.01 0.01 
-0.0072736388139532 0.006884070959547025 45:1.0 102:1.0 
-0.01 0.01 
-0.01 0.01 
-0.0023324683292130764 0.004989053114215581 20:1.0 
-0.0032399292990762 0.005204530520183773 81:1.0 
-0.004937333204870203 0.007211195518472784 36:1.0 169:1.0 173:1.0 202:1.0 293:1.0 
-0.005375789394221919 0.0013221134781181824 168:1.0 
-0.01 0.01 
-0.003075458597313064 0.004792966976864278 5:1.0 121:1.0 198:1.0 
-0.01 0.01 
-9.752534536564142E-4 7.444293293676884E-4 148:1.0 
-0.01 0.01 
-0.01 0.01 231:1.0 
-0.01 0.01 
-0.01 0.01 
-0.01 0.01 
-0.01 0.01 
-0.00410630248649204 0.01 218:1.0 221:1.0 
-0.01 0.01 
-0.01 0.01 
-0.0019488086442906315 0.004085866601031132 138:1.0 
-0.01 0.01 
-0.0025044961641569365 0.0032295675860719033 59:1.0 118:1.0 
-0.01 0.01 
-0.0032910474838048678 0.004515320528888354 192:1.0 
-0.01 0.01 
-0.01 0.01 
-0.0022325563281504657 0.001703873908357145 183:1.0 
-0.01 0.01 
-0.01 0.01 
-0.01 0.01 
-0.01 0.01 
-0.003575078735382188 0.01 14:1.0 
-0.01 0.01 
-0.01 0.01 
-0.002548176129809832 0.003802704375338255 123:1.0 
-0.0027746737241279664 0.003799956067645961 57:1.0 116:1.0 
-0.003504511414666479 0.0043762283897400295 119:1.0 143:1.0 
-0.01 0.01 
-0.01 0.01 
-0.0036896184359158654 0.004325274347013647 7:1.0 119:1.0 310:1.0 
-0.01 0.01 
-0.01 0.01 
-0.01 0.01 
-0.01 0.01 
-0.0023919677907629482 0.004091461109076529 42:1.0 59:1.0 
-0.01 0.01 
-0.01 0.01 
-0.0033078389177836538 0.0052261810900147265 128:1.0 
-0.01 0.01 
-0.01 0.01 
-0.01 0.01 
-0.002891269226896556 0.00581514456918195 149:1.0 
-0.01 0.01 
-0.01 0.01 
-0.01 0.01 
-0.01 0.01 
-0.01 0.01 
-0.01 0.01 
-0.01 0.01 
-0.01 0.01 
-0.01 0.01 
-0.01 0.01 
-0.01 0.01 
-0.01 0.01 
-0.0029331547777080866 0.01 59:1.0 232:1.0 
-0.01 0.01 
-0.01 0.01 
-0.00220521466127541 0.01 101:1.0 
-0.01 0.01 
-0.01 0.01 
-0.0025713308578777317 0.01 94:1.0 
-0.01 0.01 
-0.01 0.005023088317997569 77:1.0 
-0.01 0.01 
-0.0 0.01 218:1.0 
-0.01 0.01 
-0.0024824791604947027 0.003196342571879357 127:1.0 
-0.01 0.01 
-0.01 0.01 
-0.01 0.01 
-0.0020735305713700204 0.005743607167774665 220:1.0 
-0.01 0.01 
-0.002499200984536886 0.01 31:1.0 
-0.00770562955378634 0.01 208:1.0 231:1.0 
-0.01 0.01 
-0.002784496390019835 0.01 
-0.0 0.01 
-0.0 0.01 
-0.0 0.01 
-0.0 0.01 
-0.0 0.01 
-0.0 0.0053684002953765676 190:1.0 
-0.0024108562730140973 0.003557614812497066 63:1.0 
-0.0 0.01 
-0.0 0.01 
-0.0 0.01 
-0.0 0.01 
-0.003656796761820371 0.007113868666394976 65:1.0 137:1.0 
-0.0 0.01 
-0.0 0.01 
-0.0 0.01 
-0.01 0.0 151:1.0 
-0.0 0.01 
-0.0 0.01 
-0.0 0.01 
-0.01 0.005203409919261869 132:1.0 
-0.0 0.01 
-0.0 0.01 
-0.002684858506535508 0.01 34:1.0 
-0.0035876806760125135 0.01 122:1.0 273:1.0 280:1.0 
-0.003076765521168115 0.004428472689323292 255:1.0 269:1.0 
-0.0 0.01 
-0.0 0.01 
-0.0034439566119118226 0.01 190:1.0 
-0.0 0.01 
-0.0068393972636753425 0.00480584669895028 239:1.0 
-0.0 0.01 
-0.0028847724566294403 0.01 179:1.0 
-0.00461941487000952 0.004239160277858113 75:1.0 114:1.0 
-0.0022822728490746987 0.01 85:1.0 
-0.0 0.01 
-0.0033049415696435915 0.00419921238271918 91:1.0 148:1.0 
-0.0037124106603730342 0.01 39:1.0 
-0.0 0.01 
-0.0 2.2590057622516114E-4 
-0.01 0.01 205:1.0 
-0.005210673965507322 0.007508124090970757 29:1.0 120:1.0 131:1.0 167:1.0 185:1.0 263:1.0 296:1.0 312:1.0 
-0.00365636170314683 0.008966294875382218 82:1.0 
-0.0025208724292445834 0.003188525276405071 146:1.0 
-0.004652590741029492 0.008092112986880931 35:1.0 111:1.0 186:1.0 286:1.0 
-0.004438599028958609 0.006487532322123563 77:1.0 155:1.0 156:1.0 247:1.0 
-0.01 0.005236017816007139 144:1.0 
-0.01 0.0026843461964272545 151:1.0 
-0.005712481961672924 0.007365863430141584 46:1.0 103:1.0 130:1.0 297:1.0 
-0.003862720267524945 0.006360699460679313 49:1.0 75:1.0 156:1.0 
-0.003079256756268945 0.005898503634988032 1:1.0 98:1.0 
-0.004582674571449111 0.01 71:1.0 197:1.0 270:1.0 
-0.01 -0.01 
-0.01 -0.01 
-0.01 -0.01 
-0.01 -0.01 
-0.008210366136958119 -0.01 23:1.0 
-0.01 -0.01 
-0.01 -0.01 
-0.0 -0.01 85:1.0 
-0.01 -0.01 18:1.0 
-0.01 -0.01 
-0.01 -0.01 
-0.01 -0.01 
-0.01 -0.01 
-0.01 -0.01 
-0.01 -0.01 
-0.01 -0.01 
-0.01 -0.01 56:1.0 
-0.01 -0.01 
-0.01 -0.01 205:1.0 
-0.01 -0.01 
-0.01 -0.01 
-0.01 -0.01 
-0.003635711420682414 -0.01 129:1.0 
-0.0 -0.01 265:1.0 
-0.01 -0.01 24:1.0 
-0.01 -0.01 
-0.0 -0.01 51:1.0 
-0.01 -0.01 
-0.01 -0.01 
-0.008825337956692877 -0.01 43:1.0 158:1.0 160:1.0 281:1.0 302:1.0 
-0.01 -0.01 
-0.01 -0.01 
-0.01 -0.01 
-0.01 -0.01 
-0.01 -0.01 
-0.01 -0.01 139:1.0 
-0.01 -0.01 
-0.01 -0.01 
-0.01 -0.01 
-0.01 -0.01 
-0.01 -0.01 
-0.006246131884003492 -0.01 276:1.0 
-0.01 -0.01 82:1.0 143:1.0 
-0.01 -0.01 
-0.0 -0.01 203:1.0 
-0.0 -0.01 223:1.0 
-0.01 -0.01 
-0.01 -0.01 
-0.01 -0.01 
-0.0 -0.01 217:1.0 
-0.01 -0.01 
-0.01 -0.01 102:1.0 
-0.01 -0.01 
-0.01 -0.01 
-0.01 -0.01 25:1.0 
-0.01 -0.01 
-0.01 -0.01 115:1.0 258:1.0 
-0.01 -0.01 
-0.01 -0.01 
-0.01 -0.01 
-0.01 -0.01 
-0.0 -0.01 232:1.0 
-0.01 -0.01 
-0.008455189321604658 -0.01 52:1.0 229:1.0 
-0.01 -0.01 
-0.01 -0.01 
-0.01 -0.01 
-0.0050737039934746885 -0.01 154:1.0 265:1.0 
-0.01 -0.01 
-0.01 -0.01 
-0.01 -0.01 
-0.01 -0.01 
-0.007316239935742893 -0.01 61:1.0 139:1.0 
-0.01 -0.01 
-0.01 -0.01 
-0.01 -0.01 
-0.006251608653740434 -0.01 267:1.0 
-0.01 -0.01 
-0.01 -0.01 
-0.01 -0.01 
-0.0 -0.01 16:1.0 
-0.006502506625742803 -0.01 154:1.0 248:1.0 
-0.008409944140677616 -0.01 53:1.0 194:1.0 
-0.0 -0.01 257:1.0 
-0.01 -0.01 
-0.01 -0.01 
-0.01 -0.01 
-0.01 -0.01 
-0.0 -0.01 255:1.0 
-0.006289013226129975 -0.01 200:1.0 
-0.01 -0.01 
-0.01 -0.01 
-0.01 -0.01 
-0.0 -0.01 162:1.0 
-0.01 -0.01 
-0.01 -0.01 14:1.0 15:1.0 
-0.006186284214336632 -0.01 34:1.0 
-0.005105979549164677 -0.01 80:1.0 196:1.0 
-0.0061992569706439404 -0.01 166:1.0 
-0.01 -0.01 
-0.01 -0.01 
-0.005045442287650928 -0.01 201:1.0 
-0.007878308849058447 -0.01 26:1.0 73:1.0 149:1.0 
-0.01 -0.01 
-0.006921293000894727 -0.01 190:1.0 
-0.01 -0.01 
-0.01 -0.01 
-0.006279893667670542 -0.01 68:1.0 
-0.01 -0.01 
-0.01 -0.01 
-0.01 -0.01 
-0.01 -0.01 
-0.01 -0.01 
-0.006356328411544994 -0.01 31:1.0 
-0.01 -0.01 73:1.0 146:1.0 168:1.0 
-0.01 -0.01 
-0.01 -0.01 
-0.01 -0.01 
-0.01 -0.01 
-0.007400065049556264 -0.01 65:1.0 157:1.0 
-0.0 -0.01 184:1.0 
-0.006867585796506358 -0.01 255:1.0 
-0.0054807969707933064 -0.01 110:1.0 265:1.0 
-0.00626248995564428 -0.01 39:1.0 
-0.01 -0.01 
-0.01 -0.01 141:1.0 274:1.0 
-0.01 -0.01 
-0.01 -0.01 
-0.01 -0.01 
-0.01 -0.01 
-0.01 -0.01 
-0.01 -0.01 
-0.01 -0.01 99:1.0 
-0.01 -0.01 
-0.01 -0.01 
-0.01 -0.01 
-0.01 -0.01 
-0.01 -0.01 
-0.006542440311844383 -0.01 162:1.0 
-0.01 -0.01 
-0.01 -0.01 
-0.01 -0.01 
-0.01 -0.01 
-0.01 -0.01 35:1.0 186:1.0 258:1.0 286:1.0 
-0.01 -0.01 
-0.01 -0.01 
-0.01 -0.01 260:1.0 
-0.01 -0.01 
-0.01 -0.01 
-0.00579114256069096 -0.01 35:1.0 
-0.01 -0.01 
-0.00899195655152597 -0.01 32:1.0 113:1.0 174:1.0 251:1.0 279:1.0 287:1.0 313:1.0 
-0.007438958693161571 -0.01 121:1.0 184:1.0 
-0.01 -0.01 
-0.006405998997490873 -0.01 69:1.0 
-0.0 -0.01 163:1.0 
-0.01 -0.01 
-0.0064301990932274225 -0.01 179:1.0 
-0.01 -0.01 
-0.01 -0.01 
-0.01 -0.01 
-0.01 -0.01 
-0.01 -0.01 
-0.01 -0.01 
-0.00710446004450546 -0.01 198:1.0 
-0.004161339148819164 -0.01 164:1.0 
-0.01 -0.01 
-0.006142398005859022 -0.01 202:1.0 
-0.01 -0.01 
-0.01 -0.01 
-0.01 -0.01 45:1.0 197:1.0 
-0.01 -0.01 26:1.0 243:1.0 
-0.01 -0.01 
-0.01 -0.01 
-0.01 -0.01 27:1.0 182:1.0 299:1.0 
-0.006330736273456411 -0.01 137:1.0 
-0.0 -0.01 231:1.0 
-0.01 -0.01 
-0.01 -0.01 
-0.006462643519381021 -0.01 245:1.0 
-0.01 -0.01 
-0.005851752655892704 -0.01 14:1.0 247:1.0 
-0.01 -0.01 
-0.006786471601187028 -0.01 257:1.0 
-0.01 -0.01 171:1.0 
-0.0 -0.01 58:1.0 
-0.007818754374214067 -0.01 106:1.0 177:1.0 
-0.01 -0.01 
-0.0 -0.01 231:1.0 
-0.01 -0.01 
-0.01 -0.01 178:1.0 
-0.01 -0.01 
-0.01 -0.01 
-0.01 -0.01 
-0.0 -0.01 232:1.0 
-0.0 -0.01 2:1.0 
-0.01 -0.01 
-0.01 -0.01 
-0.0 -0.01 222:1.0 
-0.01 -0.01 
-0.01 -0.01 
-0.01 -0.01 
-0.008720106332329473 -0.01 122:1.0 273:1.0 280:1.0 
-0.01 -0.01 162:1.0 171:1.0 259:1.0 264:1.0 
-0.0 -0.01 85:1.0 
-0.01 -0.01 
-0.01 -0.01 
-0.006701297390572375 -0.01 59:1.0 
-0.01 -0.01 
-0.008420565641371659 -0.01 98:1.0 176:1.0 
-0.01 -0.01 
-0.01 -0.01 
-0.0 -0.01 157:1.0 
-0.01 -0.01 
-0.01 -0.01 
-0.01 -0.01 153:1.0 
-0.01 -0.01 
-0.01 -0.01 147:1.0 211:1.0 298:1.0 
-0.0023112091599205814 -0.01 154:1.0 
-0.008547395976774678 -0.01 16:1.0 202:1.0 269:1.0 270:1.0 
-0.007925287038762047 -0.01 224:1.0 
-0.01 -0.01 
-0.01 -0.01 
-0.0 -0.01 53:1.0 194:1.0 
-0.01 -0.01 
-0.01 -0.01 
-0.01 -0.01 
-0.01 -0.01 
-0.01 -0.01 
-0.01 -0.01 
-0.01 -0.01 
-0.01 -0.01 
-0.01 -0.01 
-0.01 -0.01 70:1.0 
-0.004559785134948989 -0.01 10:1.0 
-0.01 -0.01 
-0.01 -0.01 
-0.008139824405338284 -0.01 189:1.0 
-0.01 -0.01 
-0.01 -0.01 
-0.01 -0.01 
-0.01 -0.01 
-0.005298527636921649 -0.01 164:1.0 221:1.0 
-0.007324409250159129 -0.01 97:1.0 108:1.0 
-0.01 -0.01 
-0.01 -0.01 
-0.01 -0.01 
-0.01 -0.01 
-0.01 -0.01 
-0.01 -0.01 
-0.01 -0.01 
-0.01 -0.01 
-0.004659090684678973 -0.01 196:1.0 
-0.00785858227738208 -0.01 150:1.0 162:1.0 270:1.0 
-0.01 -0.01 
-0.01 -0.01 
-0.01 -0.01 
-0.01 -0.01 
-0.01 -0.01 
-0.008737510044355737 -0.01 56:1.0 73:1.0 177:1.0 
-0.0 -0.01 265:1.0 
-0.01 -0.01 176:1.0 
-0.01 -0.01 
-0.01 -0.01 184:1.0 
-0.01 -0.01 
-0.01 -0.01 
-0.01 -0.01 
-0.009229441669547988 -0.01 84:1.0 201:1.0 208:1.0 
-0.01 -0.01 
-0.005847242224025892 -0.01 16:1.0 
-0.01 -0.01 
-0.006215716736117204 -0.01 165:1.0 
-0.00665043579118932 -0.01 203:1.0 220:1.0 
-0.01 -0.01 
-0.01 -0.01 9:1.0 
-0.01 -0.01 
-0.01 -0.01 
-0.01 -0.01 
-0.01 -0.01 
-0.01 -0.01 
-0.01 -0.01 
-0.01 -0.01 
-0.01 -0.01 
-0.004480883151034597 -0.01 71:1.0 
-0.01 -0.01 
-0.01 -0.01 229:1.0 
-0.0 -0.01 43:1.0 158:1.0 160:1.0 281:1.0 302:1.0 
-0.01 -0.01 
-0.006296353929808237 -0.01 58:1.0 
-0.01 -0.01 
-0.0 -0.01 206:1.0 
-0.01 -0.01 
-0.007439499018055708 -0.01 249:1.0 269:1.0 
-0.01 -0.01 
-0.01 -0.01 
-0.01 -0.01 
-0.01 -0.01 13:1.0 84:1.0 
-0.01 -0.01 
-0.01 -0.01 
-0.0066402686712980575 -0.01 21:1.0 
-0.0 -0.01 43:1.0 158:1.0 160:1.0 281:1.0 302:1.0 
-0.01 -0.01 
-0.008384314278375334 -0.01 18:1.0 62:1.0 
-0.0 -0.01 269:1.0 
-0.01 -0.01 
-0.01 -0.01 
-0.01 -0.01 
-0.01 -0.01 
-0.01 -0.01 
-0.01 -0.01 
-0.01 -0.01 97:1.0 
-0.01 -0.01 
-0.01 -0.01 
-0.01 -0.01 
-0.0 -0.01 265:1.0 
-0.01 -0.01 191:1.0 
-0.01 -0.01 244:1.0 
-0.006826961140684584 -0.01 85:1.0 
-0.01 -0.01 
-0.008363373796463092 -0.01 176:1.0 236:1.0 
-0.008922959677359347 -0.01 32:1.0 113:1.0 149:1.0 228:1.0 284:1.0 313:1.0 
-0.0033991354596231587 -0.01 106:1.0 
-0.00627279199629866 -0.01 17:1.0 
-0.01 -0.01 
-0.01 -0.01 
-0.01 -0.01 
-0.01 -0.01 
-0.01 -0.01 
-0.006132576009645587 -0.01 232:1.0 
-0.005137399310186662 -0.01 10:1.0 71:1.0 
-0.006897559374312105 -0.01 20:1.0 129:1.0 
-0.01 -0.01 
-0.006136242446969769 -0.01 88:1.0 
-0.0071352239372228276 -0.01 79:1.0 
-0.01 -0.01 
-0.01 -0.01 
-0.01 -0.01 
-0.0 -0.01 203:1.0 
-0.01 -0.01 
-0.007386998102583908 -0.01 184:1.0 203:1.0 252:1.0 
-0.006640661440811744 -0.01 170:1.0 
-0.01 -0.01 
-0.01 -0.01 
-0.01 -0.01 
-0.006674564547611412 -0.01 101:1.0 
-0.01 -0.01 
-0.01 -0.01 
-0.01 -0.01 
-0.01 -0.01 
-0.01 -0.01 
-0.01 -0.01 
-0.01 -0.01 
-0.006370977750781083 -0.01 156:1.0 
-0.006296353929808451 -0.01 93:1.0 
-0.006579434358628325 -0.01 223:1.0 
-0.0 -0.01 27:1.0 182:1.0 299:1.0 
-0.006725748169654222 -0.01 41:1.0 
-0.01 -0.01 
-0.01 -0.01 
-0.008537356480618995 -0.01 224:1.0 
-0.01 -0.01 258:1.0 
-0.0 -0.01 122:1.0 273:1.0 280:1.0 
-0.0025728141263898097 -0.01 206:1.0 
-0.01 -0.01 
-0.01 -0.01 
-0.01 -0.01 
-0.01 -0.01 
-0.01 -0.01 
-0.01 -0.01 
-0.01 -0.01 231:1.0 
-0.01 -0.01 191:1.0 204:1.0 266:1.0 
-0.01 -0.01 
-0.01 -0.01 47:1.0 
-0.0 -0.01 6:1.0 
-0.006198342707627692 -0.01 14:1.0 70:1.0 
-0.008629022249218903 -0.01 4:1.0 26:1.0 37:1.0 149:1.0 
-0.01 -0.01 
-0.01 -0.01 108:1.0 191:1.0 
-0.01 -0.01 99:1.0 
-0.01 -0.01 
-0.00647237017143181 -0.01 37:1.0 184:1.0 
-0.01 -0.01 
-0.01 -0.01 
-0.01 -0.01 
-0.0025068292415630247 -0.01 209:1.0 
-0.01 -0.01 
-0.004469367222489676 -0.01 80:1.0 
-0.01 -0.01 
-0.01 -0.01 
-0.01 -0.01 
-0.01 -0.01 182:1.0 268:1.0 
-0.01 -0.01 
-0.01 -0.01 
-0.01 -0.01 
-0.01 -0.01 
-0.01 -0.01 
-0.01 -0.01 
-0.01 -0.01 
-0.01 -0.01 
-0.01 -0.01 
-0.01 -0.01 
-0.01 -0.01 
-0.01 -0.01 
-0.01 -0.01 103:1.0 138:1.0 
-0.01 -0.01 
-0.004556327948326383 -0.01 110:1.0 
-0.0 -0.01 265:1.0 
-0.01 -0.01 74:1.0 203:1.0 
-0.01 -0.01 
-0.007231872547812804 -0.01 213:1.0 
-0.008800743029356075 -0.01 95:1.0 173:1.0 212:1.0 250:1.0 
-0.01 -0.01 
-0.01 -0.01 
-0.01 -0.01 
-0.01 -0.01 
-0.01 -0.01 12:1.0 206:1.0 
-0.01 -0.01 
-0.01 -0.01 
-0.0 -0.01 48:1.0 
-0.01 -0.01 28:1.0 
-0.01 -0.01 
-0.01 -0.01 
-0.01 -0.01 
-0.01 -0.01 
-0.01 -0.01 222:1.0 
-0.008569800906772593 -0.01 75:1.0 105:1.0 217:1.0 
-0.01 -0.01 
-0.0 -0.01 48:1.0 
-0.01 -0.01 
-0.01 -0.01 
-0.01 -0.01 
-0.01 -0.01 
-0.006640661440811689 -0.01 163:1.0 
-0.01 -0.01 
-0.01 -0.01 
-0.01 -0.01 141:1.0 268:1.0 
-0.01 -0.01 
-0.004309981892330609 -0.01 221:1.0 
-0.01 -0.01 
-0.01 -0.01 
-0.01 -0.01 
-0.01 -0.01 231:1.0 
-0.01 -0.01 
-0.01 -0.01 
-0.01 -0.01 
-0.01 -0.01 
-0.01 -0.01 
-0.01 -0.01 
-0.01 -0.01 30:1.0 209:1.0 
-0.006452604023225307 -0.01 218:1.0 
-0.0036057428341638915 -0.01 61:1.0 
-0.006615685721624651 -0.01 222:1.0 
-0.01 -0.01 
-0.01 -0.01 
-0.01 -0.01 
-0.01 -0.01 
-0.01 -0.01 
-0.01 -0.01 
-0.01 -0.01 
-0.01 -0.01 
-0.0 -0.01 157:1.0 
-0.01 -0.01 
-0.0034575596881556174 -0.01 254:1.0 
-0.01 -0.01 
-0.01 -0.01 
-0.01 -0.01 143:1.0 
-0.01 -0.01 
-0.00487452470006399 -0.01 270:1.0 
-0.01 -0.01 
-0.0 -0.01 32:1.0 113:1.0 174:1.0 251:1.0 279:1.0 287:1.0 313:1.0 
-0.01 -0.01 
-0.0063479388767042925 -0.01 
-0.0 -0.01 
-0.0 -0.01 32:1.0 113:1.0 174:1.0 251:1.0 279:1.0 287:1.0 313:1.0 
-0.0 -0.01 
-0.00811905179940914 -0.01 231:1.0 
-0.0 -0.01 
-0.0 -0.01 
-0.01 -0.01 83:1.0 
-0.0 -0.01 
-0.0 -0.01 
-0.0 -0.01 
-0.00648460659839468 -0.01 133:1.0 
-0.006544810678395328 -0.01 193:1.0 
-0.0 -0.01 
-0.0 -0.01 
-0.0 -0.01 
-0.0 -0.01 
-0.0 -0.01 
-0.0 -0.01 
-0.0 -0.01 
-0.0 -0.01 
-0.0 -0.01 
-0.0 -0.01 
-0.006590055859322368 -0.01 51:1.0 
-0.0 -0.01 
-0.0 -0.01 
-0.005294730010256969 -0.01 217:1.0 
-0.0 -0.01 
-0.01 -0.01 118:1.0 142:1.0 237:1.0 
-0.0 -0.01 
-0.0036390738954299217 -0.01 157:1.0 
-0.0 -0.01 
-0.007493170758436975 -0.01 33:1.0 254:1.0 
-0.0 -0.01 
-0.006636626203536893 -0.01 48:1.0 
-0.0 -0.01 
-0.0 -0.01 
-0.0 -0.01 
-0.0029611791320001968 -0.01 73:1.0 
-0.01 -0.01 147:1.0 
-0.0 -0.01 
-0.0 -0.01 
-0.01 -0.01 87:1.0 
-0.0 -0.01 
-0.0 -0.01 265:1.0 
-0.0 -0.01 
-0.003245641011885816 -0.01 269:1.0 
-0.0025605009819442918 -0.01 265:1.0 
-0.01 -0.01 27:1.0 64:1.0 104:1.0 182:1.0 261:1.0 283:1.0 290:1.0 292:1.0 299:1.0 
-0.0 -0.01 
-0.008643671588455023 -0.01 49:1.0 69:1.0 75:1.0 250:1.0 
-0.01 -0.01 230:1.0 
-0.0 -0.01 
-0.0 -0.01 
-0.0 -0.01 
-0.0 -0.01 
-0.01 -0.01 90:1.0 
-0.006246131884003521 -0.01 2:1.0 
-0.006479152545230623 -0.01 136:1.0 
-0.0 -0.01 
-0.006607131724107565 -0.01 94:1.0 
-0.00906984791567698 -0.01 55:1.0 135:1.0 181:1.0 187:1.0 277:1.0 288:1.0 303:1.0 
-0.0 -0.01 
-0.0 -0.01 
-0.006789633863041867 -0.01 6:1.0 
-0.0 -0.01 
