svm_type c_svc
kernel_type rbf
gamma 1.0E-5
nr_class 3
total_sv 1566
rho 0.8761149080349544 0.8956691806232757 -0.8912970567356469
label 2 0 1
nr_sv 419 610 537
SV
100.0 100.0 
100.0 100.0 271:1.0 
100.0 100.0 
100.0 100.0 64:1.0 125:1.0 182:1.0 261:1.0 283:1.0 292:1.0 
100.0 100.0 
100.0 100.0 99:1.0 204:1.0 
100.0 100.0 
100.0 100.0 
100.0 100.0 
100.0 100.0 
100.0 100.0 
100.0 100.0 
100.0 100.0 
100.0 100.0 
100.0 100.0 
100.0 100.0 33:1.0 115:1.0 226:1.0 258:1.0 
100.0 100.0 243:1.0 
100.0 100.0 
100.0 100.0 
100.0 100.0 
100.0 100.0 
100.0 100.0 
100.0 100.0 151:1.0 
100.0 100.0 
100.0 100.0 
100.0 100.0 47:1.0 
100.0 100.0 
100.0 100.0 
100.0 100.0 205:1.0 
100.0 100.0 
100.0 100.0 
100.0 100.0 
100.0 100.0 
100.0 100.0 
100.0 100.0 
100.0 100.0 159:1.0 177:1.0 
100.0 100.0 
100.0 100.0 77:1.0 
100.0 100.0 
100.0 100.0 
100.0 100.0 13:1.0 23:1.0 54:1.0 
100.0 100.0 
100.0 100.0 64:1.0 125:1.0 182:1.0 261:1.0 283:1.0 292:1.0 
100.0 100.0 
100.0 100.0 
100.0 100.0 
100.0 100.0 
100.0 100.0 
100.0 100.0 
100.0 100.0 
100.0 100.0 
100.0 100.0 
100.0 100.0 204:1.0 
100.0 100.0 
100.0 100.0 
100.0 100.0 
100.0 100.0 40:1.0 
100.0 100.0 
100.0 100.0 
100.0 100.0 
100.0 100.0 90:1.0 
100.0 100.0 72:1.0 92:1.0 195:1.0 278:1.0 306:1.0 
100.0 100.0 
100.0 100.0 
100.0 100.0 
100.0 100.0 74:1.0 96:1.0 
100.0 100.0 141:1.0 
100.0 100.0 99:1.0 
100.0 100.0 
100.0 100.0 
100.0 100.0 27:1.0 64:1.0 104:1.0 182:1.0 225:1.0 261:1.0 283:1.0 290:1.0 292:1.0 299:1.0 
100.0 100.0 15:1.0 125:1.0 
100.0 100.0 
100.0 100.0 
100.0 100.0 
100.0 100.0 15:1.0 19:1.0 
100.0 100.0 
100.0 100.0 139:1.0 
100.0 100.0 
100.0 100.0 
100.0 100.0 
100.0 100.0 
100.0 100.0 
100.0 100.0 
100.0 100.0 
100.0 100.0 
100.0 100.0 
100.0 100.0 
100.0 100.0 
100.0 100.0 230:1.0 
100.0 100.0 74:1.0 258:1.0 
100.0 100.0 266:1.0 
100.0 100.0 27:1.0 64:1.0 104:1.0 182:1.0 261:1.0 283:1.0 290:1.0 292:1.0 299:1.0 
100.0 100.0 
100.0 100.0 266:1.0 
100.0 100.0 
100.0 100.0 
100.0 100.0 13:1.0 103:1.0 
100.0 100.0 12:1.0 
100.0 100.0 19:1.0 
100.0 100.0 
100.0 100.0 219:1.0 
100.0 100.0 
100.0 100.0 74:1.0 
100.0 100.0 
100.0 100.0 
100.0 100.0 
100.0 100.0 90:1.0 
100.0 100.0 
100.0 100.0 
100.0 100.0 
100.0 100.0 
100.0 100.0 
100.0 100.0 
100.0 100.0 
100.0 100.0 150:1.0 168:1.0 
100.0 100.0 64:1.0 
100.0 100.0 
100.0 100.0 
100.0 100.0 
100.0 100.0 
100.0 100.0 125:1.0 
100.0 100.0 
100.0 100.0 
100.0 100.0 
100.0 100.0 22:1.0 60:1.0 
100.0 100.0 
100.0 100.0 
100.0 100.0 
100.0 100.0 224:1.0 
100.0 100.0 
100.0 100.0 
100.0 100.0 45:1.0 
100.0 100.0 
100.0 100.0 
100.0 100.0 25:1.0 
100.0 100.0 
100.0 100.0 
100.0 100.0 
100.0 100.0 
100.0 100.0 
100.0 100.0 
100.0 100.0 86:1.0 109:1.0 242:1.0 300:1.0 305:1.0 
100.0 100.0 244:1.0 
100.0 100.0 
100.0 100.0 
100.0 100.0 
100.0 100.0 
100.0 100.0 
100.0 100.0 
100.0 100.0 
100.0 100.0 
100.0 100.0 
100.0 100.0 
100.0 100.0 66:1.0 258:1.0 
100.0 100.0 
100.0 100.0 
100.0 100.0 
100.0 100.0 
100.0 100.0 8:1.0 9:1.0 
100.0 100.0 231:1.0 
100.0 100.0 8:1.0 9:1.0 189:1.0 
100.0 100.0 191:1.0 
100.0 100.0 
100.0 100.0 15:1.0 
100.0 100.0 70:1.0 
100.0 100.0 83:1.0 84:1.0 
100.0 100.0 147:1.0 211:1.0 298:1.0 
100.0 100.0 105:1.0 117:1.0 
100.0 100.0 191:1.0 
100.0 100.0 89:1.0 162:1.0 231:1.0 
100.0 100.0 
100.0 100.0 
100.0 100.0 184:1.0 
100.0 100.0 159:1.0 
100.0 100.0 264:1.0 
100.0 100.0 151:1.0 
100.0 100.0 89:1.0 
100.0 100.0 
100.0 100.0 
100.0 100.0 
100.0 100.0 30:1.0 89:1.0 
100.0 100.0 
100.0 100.0 
100.0 100.0 
100.0 100.0 
100.0 100.0 143:1.0 182:1.0 225:1.0 261:1.0 283:1.0 
100.0 100.0 132:1.0 
100.0 100.0 
100.0 100.0 153:1.0 
100.0 100.0 
100.0 100.0 
100.0 100.0 
100.0 100.0 
100.0 100.0 
100.0 100.0 
100.0 100.0 171:1.0 
100.0 100.0 
100.0 100.0 229:1.0 
100.0 100.0 
100.0 100.0 
100.0 100.0 143:1.0 
100.0 100.0 
100.0 100.0 
100.0 100.0 
100.0 100.0 246:1.0 
100.0 100.0 
100.0 100.0 
100.0 100.0 
100.0 100.0 97:1.0 
100.0 100.0 258:1.0 
100.0 100.0 22:1.0 115:1.0 
100.0 100.0 
100.0 100.0 182:1.0 
100.0 100.0 
100.0 100.0 74:1.0 
100.0 100.0 
100.0 100.0 
100.0 100.0 145:1.0 
100.0 100.0 
100.0 100.0 143:1.0 
100.0 100.0 
100.0 100.0 
100.0 100.0 204:1.0 
100.0 100.0 
100.0 100.0 260:1.0 
100.0 100.0 
100.0 100.0 211:1.0 
100.0 100.0 
100.0 100.0 56:1.0 
100.0 100.0 
100.0 100.0 
100.0 100.0 131:1.0 239:1.0 
100.0 100.0 
100.0 100.0 
100.0 100.0 96:1.0 171:1.0 
100.0 100.0 141:1.0 
100.0 100.0 
100.0 100.0 64:1.0 103:1.0 104:1.0 130:1.0 282:1.0 290:1.0 297:1.0 
100.0 100.0 
100.0 100.0 
100.0 100.0 13:1.0 23:1.0 54:1.0 64:1.0 130:1.0 282:1.0 
100.0 100.0 56:1.0 176:1.0 
100.0 100.0 
100.0 100.0 
100.0 100.0 
100.0 100.0 175:1.0 182:1.0 
100.0 100.0 
100.0 100.0 176:1.0 
100.0 100.0 260:1.0 
100.0 100.0 
100.0 100.0 
100.0 100.0 
100.0 100.0 
100.0 100.0 
100.0 100.0 231:1.0 
100.0 100.0 
100.0 100.0 
100.0 100.0 
100.0 100.0 
100.0 100.0 
100.0 100.0 86:1.0 109:1.0 242:1.0 300:1.0 305:1.0 
100.0 100.0 
100.0 100.0 103:1.0 
100.0 100.0 
100.0 100.0 
100.0 100.0 208:1.0 
100.0 100.0 
100.0 100.0 
100.0 100.0 
100.0 100.0 
100.0 100.0 168:1.0 
100.0 100.0 24:1.0 60:1.0 
100.0 100.0 
100.0 100.0 
100.0 100.0 24:1.0 
100.0 100.0 24:1.0 
100.0 100.0 
100.0 100.0 
100.0 100.0 
100.0 100.0 
100.0 100.0 
100.0 100.0 
100.0 100.0 
100.0 100.0 260:1.0 
100.0 100.0 
100.0 100.0 
100.0 100.0 
100.0 100.0 
100.0 100.0 60:1.0 114:1.0 
100.0 100.0 
100.0 100.0 
100.0 100.0 
100.0 100.0 
100.0 100.0 
100.0 100.0 
100.0 100.0 264:1.0 
100.0 100.0 260:1.0 
100.0 100.0 126:1.0 
100.0 100.0 
100.0 100.0 28:1.0 258:1.0 
100.0 100.0 
100.0 100.0 
100.0 100.0 78:1.0 
100.0 100.0 
100.0 100.0 
100.0 100.0 22:1.0 90:1.0 115:1.0 
100.0 100.0 
100.0 100.0 
100.0 100.0 
100.0 100.0 
100.0 100.0 144:1.0 
100.0 100.0 
100.0 100.0 
100.0 100.0 
100.0 100.0 
100.0 100.0 
100.0 100.0 
100.0 100.0 204:1.0 226:1.0 
100.0 100.0 
100.0 100.0 
100.0 100.0 60:1.0 233:1.0 
100.0 100.0 256:1.0 307:1.0 
100.0 100.0 
100.0 100.0 246:1.0 
100.0 100.0 
100.0 100.0 
100.0 100.0 
100.0 100.0 207:1.0 
100.0 100.0 
100.0 100.0 72:1.0 92:1.0 195:1.0 278:1.0 306:1.0 
100.0 100.0 18:1.0 
100.0 100.0 178:1.0 
100.0 100.0 117:1.0 
100.0 100.0 
100.0 100.0 
100.0 100.0 
100.0 100.0 
100.0 100.0 96:1.0 
100.0 100.0 
100.0 100.0 258:1.0 
100.0 100.0 
100.0 100.0 
100.0 100.0 
100.0 100.0 
100.0 100.0 
100.0 100.0 
100.0 100.0 
100.0 100.0 
100.0 100.0 
100.0 100.0 
100.0 100.0 
100.0 100.0 
100.0 100.0 72:1.0 92:1.0 195:1.0 278:1.0 306:1.0 
100.0 100.0 
100.0 100.0 
100.0 100.0 
100.0 100.0 
100.0 100.0 
100.0 100.0 
100.0 100.0 
100.0 100.0 
100.0 100.0 
100.0 100.0 
100.0 100.0 
100.0 100.0 54:1.0 
100.0 100.0 3:1.0 
100.0 100.0 
100.0 100.0 
100.0 100.0 30:1.0 
100.0 100.0 
100.0 100.0 
100.0 100.0 
100.0 100.0 
100.0 100.0 
100.0 100.0 
100.0 100.0 
100.0 100.0 
100.0 100.0 67:1.0 147:1.0 
100.0 100.0 
100.0 100.0 
100.0 100.0 271:1.0 
100.0 100.0 47:1.0 
100.0 100.0 
100.0 100.0 142:1.0 
100.0 100.0 
100.0 100.0 
100.0 100.0 
100.0 100.0 
100.0 100.0 
100.0 100.0 
100.0 100.0 
100.0 100.0 
100.0 100.0 
100.0 100.0 
100.0 100.0 67:1.0 
100.0 100.0 
100.0 100.0 
100.0 100.0 
100.0 100.0 87:1.0 
100.0 100.0 
100.0 100.0 
100.0 100.0 102:1.0 
100.0 100.0 
100.0 100.0 147:1.0 211:1.0 298:1.0 
100.0 100.0 
100.0 100.0 
100.0 100.0 
100.0 100.0 
100.0 100.0 222:1.0 
100.0 100.0 
100.0 100.0 
100.0 100.0 
100.0 100.0 
100.0 100.0 3:1.0 
100.0 100.0 
100.0 100.0 
100.0 100.0 
100.0 100.0 
-0.0 25.559414105180025 5:1.0 63:1.0 
-100.0 100.0 83:1.0 
-0.0 100.0 184:1.0 259:1.0 
-100.0 100.0 99:1.0 
-0.0 14.685163384329822 198:1.0 
-0.0 27.54465246709549 75:1.0 255:1.0 
-0.0 100.0 194:1.0 
-0.0 80.11873469391807 136:1.0 183:1.0 
-100.0 0.0 233:1.0 
-100.0 0.0 8:1.0 
-100.0 23.441790072100133 19:1.0 151:1.0 
-0.0 19.29071454281405 210:1.0 289:1.0 
-0.0 89.21583292567539 6:1.0 88:1.0 192:1.0 269:1.0 
-0.0 100.0 61:1.0 139:1.0 234:1.0 
-0.0 100.0 257:1.0 265:1.0 
-0.0 24.94835235380812 137:1.0 
-0.0 100.0 62:1.0 
-0.0 100.0 184:1.0 203:1.0 252:1.0 
-0.0 13.235776094939554 259:1.0 
-0.0 100.0 38:1.0 73:1.0 
-0.0 100.0 193:1.0 
-83.26713008937438 86.67903954185957 27:1.0 50:1.0 182:1.0 299:1.0 304:1.0 
-100.0 0.0 117:1.0 
-100.0 0.0 226:1.0 
-100.0 0.0 168:1.0 
-0.0 100.0 2:1.0 
-0.0 17.107511528241808 267:1.0 
-0.0 100.0 140:1.0 223:1.0 
-0.0 100.0 16:1.0 
-100.0 30.64691787758015 64:1.0 103:1.0 130:1.0 189:1.0 282:1.0 297:1.0 
-100.0 100.0 87:1.0 
-0.0 100.0 196:1.0 
-26.408453049226885 100.0 143:1.0 267:1.0 
-1.0581341271065732 0.0 21:1.0 78:1.0 
-91.44316605594332 78.83200559843124 27:1.0 50:1.0 182:1.0 299:1.0 304:1.0 
-50.0 75.21219343342298 150:1.0 218:1.0 
-0.0 100.0 73:1.0 
-100.0 0.0 125:1.0 
-100.0 100.0 182:1.0 
-100.0 100.0 30:1.0 230:1.0 
-0.0 100.0 129:1.0 
-0.0 100.0 157:1.0 
-100.0 0.0 143:1.0 
-0.0 100.0 164:1.0 
-0.0 20.228568545323686 
-0.0 100.0 
-0.0 100.0 
-0.0 100.0 
-0.0 100.0 141:1.0 165:1.0 
-0.0 100.0 
-0.0 100.0 
-0.0 100.0 
-0.0 100.0 
-0.0 100.0 
-100.0 61.33010227938168 15:1.0 34:1.0 175:1.0 
-0.0 4.721156233169268 5:1.0 101:1.0 
-0.0 100.0 
-0.0 100.0 
-0.0 100.0 
-0.0 100.0 121:1.0 198:1.0 
-0.0 100.0 
-0.0 100.0 
-0.0 100.0 
-0.0 100.0 
-0.0 100.0 
-0.0 100.0 
-0.0 100.0 
-100.0 100.0 28:1.0 
-0.0 100.0 118:1.0 
-0.0 100.0 
-0.0 26.64423897960549 49:1.0 122:1.0 
-0.0 100.0 
-0.0 100.0 73:1.0 149:1.0 228:1.0 284:1.0 
-100.0 0.0 67:1.0 114:1.0 
-100.0 100.0 204:1.0 
-0.0 100.0 
-0.0 100.0 
-0.0 100.0 
-0.0 100.0 20:1.0 129:1.0 
-0.0 100.0 
-0.0 100.0 
-0.0 100.0 
-0.0 100.0 
-0.0 100.0 
-0.0 100.0 
-0.0 100.0 
-0.0 100.0 
-0.0 100.0 
-100.0 0.0 246:1.0 
-0.0 100.0 
-100.0 0.0 141:1.0 
-0.0 100.0 
-0.0 100.0 
-0.0 100.0 
-0.0 100.0 
-0.0 100.0 
-0.0 100.0 
-0.0 100.0 
-0.0 100.0 
-0.0 100.0 
-0.0 100.0 
-0.0 100.0 
-0.0 100.0 
-0.0 100.0 
-0.0 100.0 
-0.0 100.0 
-0.0 37.20292101861038 51:1.0 65:1.0 199:1.0 
-100.0 100.0 231:1.0 
-0.0 100.0 
-0.0 100.0 
-100.0 0.0 86:1.0 109:1.0 242:1.0 300:1.0 305:1.0 
-0.0 100.0 
-0.0 100.0 85:1.0 
-100.0 100.0 184:1.0 
-0.0 100.0 
-0.0 100.0 
-0.0 100.0 
-0.0 100.0 
-0.0 100.0 155:1.0 270:1.0 
-100.0 100.0 
-100.0 100.0 
-100.0 100.0 
-100.0 100.0 
-100.0 100.0 
-100.0 100.0 
-0.0 100.0 66:1.0 106:1.0 157:1.0 
-100.0 100.0 
-100.0 100.0 
-100.0 0.0 159:1.0 
-100.0 100.0 
-100.0 100.0 
-0.0 100.0 26:1.0 69:1.0 
-0.0 18.700731728356978 40:1.0 241:1.0 
-100.0 0.0 90:1.0 
-100.0 100.0 
-100.0 100.0 
-100.0 100.0 
-100.0 100.0 260:1.0 
-100.0 100.0 
-100.0 100.0 
-100.0 0.0 117:1.0 
-0.0 37.96577112909915 138:1.0 227:1.0 232:1.0 
-100.0 100.0 
-100.0 100.0 
-100.0 100.0 
-100.0 100.0 
-0.0 100.0 21:1.0 
-100.0 100.0 
-100.0 100.0 
-100.0 100.0 
-29.854165287247003 31.27600255162202 179:1.0 227:1.0 243:1.0 
-100.0 0.0 145:1.0 
-100.0 100.0 
-100.0 100.0 
-100.0 100.0 
-100.0 100.0 
-100.0 100.0 
-100.0 100.0 
-100.0 100.0 
-100.0 100.0 
-100.0 100.0 
-100.0 100.0 
-100.0 100.0 
-100.0 100.0 
-0.0 100.0 176:1.0 
-100.0 100.0 
-100.0 100.0 
-100.0 100.0 
-16.732869910625624 0.0 143:1.0 215:1.0 
-0.0 100.0 138:1.0 184:1.0 
-100.0 100.0 
-0.0 61.20946018772557 59:1.0 73:1.0 
-0.0 82.00586055677617 95:1.0 173:1.0 250:1.0 
-100.0 100.0 
-100.0 100.0 
-100.0 0.0 90:1.0 
-0.0 100.0 133:1.0 
-0.0 100.0 37:1.0 
-0.0 100.0 122:1.0 273:1.0 280:1.0 
-100.0 100.0 
-100.0 100.0 
-100.0 100.0 
-100.0 100.0 
-0.0 12.08972323983194 134:1.0 172:1.0 238:1.0 
-100.0 100.0 
-100.0 100.0 139:1.0 
-100.0 100.0 
-100.0 100.0 
-100.0 81.29974972491856 46:1.0 64:1.0 104:1.0 166:1.0 182:1.0 225:1.0 261:1.0 283:1.0 290:1.0 292:1.0 
-100.0 100.0 
-0.0 100.0 108:1.0 269:1.0 
-100.0 0.0 271:1.0 
-100.0 100.0 
-100.0 100.0 
-100.0 100.0 
-100.0 100.0 
-100.0 100.0 
-100.0 100.0 
-0.0 44.92708879010799 51:1.0 68:1.0 
-26.75111773454664 37.50731566173953 18:1.0 67:1.0 123:1.0 
-100.0 100.0 
-100.0 100.0 
-100.0 100.0 
-100.0 100.0 
-100.0 100.0 
-0.0 100.0 249:1.0 265:1.0 
-0.0 3.2967796628022743 11:1.0 152:1.0 161:1.0 170:1.0 
-50.0 68.64143290712258 25:1.0 197:1.0 
-100.0 100.0 
-100.0 100.0 
-100.0 100.0 
-100.0 100.0 
-0.0 12.94245297344084 269:1.0 
-100.0 100.0 
-100.0 100.0 
-100.0 100.0 
-100.0 100.0 
-100.0 100.0 
-100.0 100.0 
-100.0 100.0 
-100.0 100.0 
-100.0 0.0 219:1.0 
-100.0 100.0 
-100.0 100.0 
-0.0 100.0 254:1.0 
-100.0 100.0 
-100.0 100.0 
-100.0 100.0 
-0.0 18.931032413011195 41:1.0 148:1.0 
-100.0 100.0 
-100.0 100.0 
-100.0 100.0 
-100.0 100.0 
-100.0 100.0 
-100.0 100.0 
-0.0 15.994543955680788 212:1.0 
-100.0 100.0 
-100.0 100.0 
-100.0 100.0 
-0.0 100.0 68:1.0 212:1.0 
-100.0 100.0 
-100.0 100.0 
-100.0 100.0 
-100.0 100.0 
-100.0 100.0 
-0.0 100.0 111:1.0 201:1.0 
-0.0 100.0 58:1.0 116:1.0 
-100.0 100.0 
-100.0 100.0 
-0.0 100.0 67:1.0 75:1.0 91:1.0 265:1.0 
-100.0 100.0 
-100.0 100.0 
-100.0 100.0 
-100.0 100.0 
-100.0 100.0 
-0.0 17.994139443223826 213:1.0 
-100.0 100.0 
-100.0 100.0 
-0.0 100.0 200:1.0 
-0.0 100.0 55:1.0 135:1.0 181:1.0 187:1.0 277:1.0 288:1.0 303:1.0 
-100.0 100.0 
-100.0 100.0 
-100.0 100.0 
-100.0 100.0 
-100.0 100.0 
-100.0 100.0 
-100.0 100.0 
-100.0 100.0 
-100.0 100.0 99:1.0 
-100.0 100.0 
-100.0 100.0 
-100.0 100.0 
-100.0 100.0 
-100.0 100.0 
-100.0 100.0 
-100.0 100.0 
-0.0 46.257122555420224 146:1.0 168:1.0 
-100.0 100.0 
-100.0 100.0 
-48.79033389976182 66.81822338936735 66:1.0 110:1.0 
-0.0 100.0 51:1.0 
-0.0 100.0 80:1.0 
-100.0 100.0 
-100.0 100.0 
-100.0 100.0 176:1.0 
-100.0 100.0 
-100.0 100.0 
-100.0 100.0 
-100.0 100.0 
-100.0 100.0 
-0.0 100.0 247:1.0 
-87.31448862709061 39.51036294723563 33:1.0 
-100.0 100.0 
-100.0 100.0 
-100.0 100.0 
-100.0 100.0 
-70.145834712753 0.0 67:1.0 
-0.0 32.626633151562416 7:1.0 119:1.0 270:1.0 310:1.0 
-100.0 100.0 
-100.0 100.0 
-0.0 18.469152698836023 165:1.0 
-100.0 100.0 
-100.0 100.0 
-100.0 100.0 
-100.0 100.0 
-100.0 100.0 143:1.0 
-100.0 100.0 
-0.0 60.48963705276437 85:1.0 117:1.0 
-100.0 100.0 
-0.297619047619051 18.708254683089628 102:1.0 
-100.0 100.0 
-100.0 100.0 
-100.0 100.0 
-100.0 100.0 
-100.0 100.0 115:1.0 
-100.0 100.0 
-100.0 100.0 
-100.0 90.68559235964659 141:1.0 
-0.0 60.832111290258624 127:1.0 215:1.0 232:1.0 
-100.0 100.0 
-0.0 19.394856538661312 250:1.0 
-100.0 100.0 
-100.0 100.0 
-100.0 100.0 
-100.0 100.0 
-0.0 100.0 268:1.0 
-100.0 100.0 
-100.0 100.0 
-100.0 100.0 
-100.0 100.0 
-0.0 16.767374200733144 207:1.0 272:1.0 
-100.0 100.0 
-100.0 100.0 
-0.0 100.0 93:1.0 
-100.0 100.0 
-100.0 100.0 
-100.0 100.0 
-100.0 100.0 
-100.0 0.0 207:1.0 
-100.0 100.0 
-100.0 100.0 
-100.0 100.0 
-0.0 100.0 164:1.0 
-0.0 100.0 31:1.0 244:1.0 
-100.0 100.0 
-100.0 100.0 
-100.0 100.0 
-100.0 100.0 
-100.0 100.0 
-100.0 100.0 
-100.0 100.0 
-100.0 100.0 
-100.0 100.0 
-100.0 100.0 
-100.0 100.0 
-100.0 100.0 
-0.0 100.0 17:1.0 220:1.0 
-100.0 100.0 
-100.0 100.0 
-100.0 100.0 
-100.0 100.0 
-100.0 100.0 
-0.0 100.0 276:1.0 
-100.0 100.0 
-0.0 18.85910517769698 95:1.0 
-100.0 100.0 178:1.0 
-100.0 100.0 
-0.0 100.0 4:1.0 52:1.0 255:1.0 
-100.0 100.0 
-100.0 100.0 
-0.0 100.0 269:1.0 
-100.0 100.0 
-100.0 100.0 
-100.0 100.0 
-100.0 100.0 
-100.0 100.0 56:1.0 157:1.0 
-100.0 100.0 
-100.0 100.0 
-100.0 100.0 
-0.0 1.8745562901036497 55:1.0 135:1.0 181:1.0 187:1.0 277:1.0 288:1.0 303:1.0 
-100.0 100.0 
-100.0 100.0 
-0.0 5.83328260103476 76:1.0 112:1.0 311:1.0 
-100.0 100.0 
-100.0 100.0 
-100.0 100.0 
-100.0 100.0 
-100.0 100.0 
-100.0 100.0 
-100.0 100.0 
-100.0 100.0 
-100.0 100.0 
-100.0 100.0 
-100.0 100.0 
-95.32233942584399 39.16932432986424 9:1.0 42:1.0 78:1.0 
-100.0 100.0 
-100.0 100.0 
-100.0 100.0 
-100.0 100.0 
-100.0 100.0 
-0.0 29.388181465955547 107:1.0 114:1.0 180:1.0 231:1.0 
-100.0 100.0 
-100.0 100.0 
-100.0 100.0 
-0.0 100.0 41:1.0 236:1.0 
-0.0 100.0 170:1.0 
-100.0 100.0 
-100.0 100.0 
-100.0 100.0 
-100.0 100.0 105:1.0 
-0.0 100.0 162:1.0 
-0.0 100.0 250:1.0 
-100.0 100.0 
-0.0 100.0 162:1.0 168:1.0 
-100.0 0.0 126:1.0 
-100.0 100.0 
-100.0 100.0 
-100.0 100.0 176:1.0 
-0.0 22.321335139075796 35:1.0 46:1.0 88:1.0 186:1.0 286:1.0 
-0.0 19.191913128228116 156:1.0 
-100.0 100.0 
-100.0 100.0 
-100.0 100.0 
-100.0 100.0 
-100.0 14.161998359036067 244:1.0 
-0.0 21.42485211206381 17:1.0 275:1.0 
-99.70238095238095 100.0 162:1.0 
-100.0 100.0 
-0.0 100.0 35:1.0 
-100.0 100.0 
-0.0 90.01106661888826 189:1.0 
-100.0 100.0 
-100.0 100.0 
-100.0 100.0 
-100.0 100.0 48:1.0 264:1.0 
-100.0 100.0 
-100.0 100.0 
-100.0 100.0 
-0.0 100.0 248:1.0 
-100.0 100.0 
-100.0 100.0 
-100.0 100.0 
-100.0 100.0 
-100.0 100.0 
-100.0 100.0 
-100.0 100.0 
-100.0 100.0 
-100.0 100.0 
-100.0 100.0 
-100.0 100.0 
-0.0 100.0 108:1.0 
-100.0 100.0 
-100.0 100.0 
-100.0 100.0 142:1.0 
-100.0 100.0 
-100.0 100.0 
-0.0 22.164885062417266 88:1.0 123:1.0 141:1.0 274:1.0 
-100.0 100.0 
-100.0 100.0 
-100.0 100.0 
-100.0 100.0 231:1.0 
-100.0 100.0 
-100.0 100.0 
-100.0 100.0 90:1.0 
-100.0 100.0 
-100.0 100.0 
-100.0 100.0 
-100.0 100.0 
-100.0 100.0 
-100.0 100.0 
-100.0 100.0 
-100.0 100.0 
-100.0 100.0 
-100.0 100.0 
-0.0 60.2966398201589 33:1.0 145:1.0 
-0.0 33.364562381201495 149:1.0 228:1.0 284:1.0 
-100.0 0.0 40:1.0 
-100.0 100.0 
-0.0 100.0 196:1.0 213:1.0 
-0.0 100.0 237:1.0 
-100.0 100.0 
-100.0 100.0 
-100.0 100.0 
-100.0 100.0 
-100.0 100.0 45:1.0 102:1.0 
-100.0 100.0 
-100.0 100.0 
-0.0 51.57399299373904 36:1.0 169:1.0 173:1.0 202:1.0 293:1.0 
-100.0 0.0 168:1.0 
-100.0 100.0 
-100.0 100.0 
-100.0 100.0 
-0.0 100.0 231:1.0 
-100.0 100.0 
-100.0 100.0 
-100.0 100.0 
-100.0 100.0 
-0.0 100.0 218:1.0 221:1.0 
-100.0 100.0 
-100.0 100.0 
-100.0 100.0 
-100.0 100.0 
-100.0 100.0 
-100.0 100.0 
-100.0 100.0 
-100.0 100.0 
-100.0 100.0 
-100.0 100.0 
-0.0 100.0 14:1.0 
-100.0 100.0 
-100.0 100.0 
-26.408453049230765 0.0 119:1.0 143:1.0 
-100.0 100.0 
-100.0 100.0 
-100.0 100.0 
-100.0 100.0 
-100.0 100.0 
-100.0 100.0 
-100.0 100.0 
-100.0 100.0 
-100.0 100.0 
-100.0 100.0 
-100.0 100.0 
-0.0 100.0 149:1.0 
-100.0 100.0 
-100.0 100.0 
-100.0 100.0 
-100.0 100.0 
-100.0 100.0 
-100.0 100.0 
-100.0 100.0 
-100.0 100.0 
-100.0 100.0 
-100.0 100.0 
-100.0 100.0 
-100.0 100.0 
-0.0 100.0 59:1.0 232:1.0 
-100.0 100.0 
-100.0 100.0 
-0.0 100.0 101:1.0 
-100.0 100.0 
-100.0 100.0 
-0.0 100.0 94:1.0 
-100.0 100.0 
-100.0 0.0 77:1.0 
-100.0 100.0 
-100.0 100.0 
-100.0 100.0 
-100.0 100.0 
-100.0 100.0 
-100.0 100.0 
-0.0 13.795886908837945 31:1.0 
-100.0 100.0 208:1.0 231:1.0 
-100.0 100.0 
-100.0 100.0 
-100.0 100.0 
-100.0 100.0 
-100.0 100.0 
-100.0 100.0 
-100.0 100.0 
-100.0 100.0 
-100.0 100.0 
-100.0 100.0 
-100.0 100.0 
-0.0 85.92331007030754 65:1.0 137:1.0 
-100.0 100.0 
-100.0 100.0 
-100.0 100.0 
-100.0 0.0 151:1.0 
-100.0 100.0 
-100.0 100.0 
-100.0 100.0 
-100.0 0.0 132:1.0 
-100.0 100.0 
-100.0 100.0 
-0.0 55.90187508594727 34:1.0 
-0.0 100.0 122:1.0 273:1.0 280:1.0 
-0.0 100.0 255:1.0 269:1.0 
-100.0 100.0 
-100.0 100.0 
-0.0 100.0 190:1.0 
-100.0 100.0 
-100.0 0.0 239:1.0 
-100.0 100.0 
-0.0 78.23062216942523 179:1.0 
-0.0 100.0 85:1.0 
-100.0 100.0 
-0.0 100.0 39:1.0 
-100.0 100.0 
-100.0 100.0 
-100.0 100.0 
-100.0 100.0 
-100.0 100.0 205:1.0 
-8.556833944056681 1.7181565463793103 29:1.0 120:1.0 131:1.0 167:1.0 185:1.0 263:1.0 296:1.0 312:1.0 
-0.0 100.0 82:1.0 
-0.0 57.99657480322778 146:1.0 
-0.0 39.3778161583671 35:1.0 111:1.0 186:1.0 286:1.0 
-100.0 100.0 
-100.0 0.0 144:1.0 
-100.0 100.0 
-100.0 100.0 
-100.0 100.0 
-47.18309390154235 0.0 46:1.0 103:1.0 130:1.0 297:1.0 
-100.0 100.0 
-0.0 85.31483661567017 49:1.0 75:1.0 156:1.0 
-0.0 80.11873469385205 1:1.0 98:1.0 
-100.0 100.0 
-100.0 100.0 
-40.76358618565038 100.0 
-0.0 100.0 71:1.0 197:1.0 270:1.0 
-100.0 -100.0 
-100.0 -100.0 
-100.0 -100.0 
-100.0 -100.0 
-100.0 -100.0 23:1.0 
-100.0 -100.0 
-100.0 -100.0 
-0.0 -100.0 85:1.0 
-100.0 -100.0 18:1.0 
-100.0 -100.0 
-100.0 -100.0 
-100.0 -100.0 
-100.0 -100.0 
-100.0 -100.0 
-100.0 -100.0 
-100.0 -100.0 
-100.0 -100.0 56:1.0 
-100.0 -100.0 
-100.0 -100.0 205:1.0 
-100.0 -100.0 
-100.0 -100.0 
-100.0 -100.0 
-24.86770763226031 -100.0 129:1.0 
-0.0 -100.0 265:1.0 
-100.0 -100.0 24:1.0 
-100.0 -100.0 
-0.0 -100.0 51:1.0 
-100.0 -100.0 
-100.0 -100.0 
-0.0 -100.0 43:1.0 158:1.0 160:1.0 281:1.0 302:1.0 
-100.0 -100.0 
-100.0 -100.0 
-100.0 -100.0 
-100.0 -100.0 
-100.0 -100.0 
-100.0 -100.0 139:1.0 
-100.0 -100.0 
-100.0 -100.0 
-100.0 -100.0 
-100.0 -100.0 
-100.0 -100.0 
-25.0 -100.0 276:1.0 
-100.0 -100.0 82:1.0 143:1.0 
-100.0 -100.0 
-0.0 -100.0 203:1.0 
-0.0 -100.0 223:1.0 
-100.0 -100.0 
-100.0 -100.0 
-100.0 -100.0 
-0.0 -100.0 217:1.0 
-100.0 -100.0 
-100.0 -100.0 102:1.0 
-100.0 -100.0 
-100.0 -100.0 
-100.0 -100.0 25:1.0 
-100.0 -100.0 
-100.0 -100.0 115:1.0 258:1.0 
-100.0 -100.0 
-100.0 -100.0 
-100.0 -100.0 
-100.0 -100.0 
-0.0 -100.0 232:1.0 
-100.0 -100.0 
-19.383321870510905 -100.0 52:1.0 229:1.0 
-100.0 -100.0 
-100.0 -100.0 
-100.0 -100.0 
-0.0 -100.0 154:1.0 265:1.0 
-100.0 -100.0 
-100.0 -100.0 
-100.0 -100.0 
-100.0 -100.0 
-0.0 -100.0 61:1.0 139:1.0 
-100.0 -100.0 
-100.0 -100.0 
-100.0 -100.0 
-25.0 -100.0 267:1.0 
-100.0 -100.0 
-100.0 -100.0 
-100.0 -100.0 
-0.0 -100.0 16:1.0 
-0.0 -100.0 154:1.0 248:1.0 
-0.0 -100.0 53:1.0 194:1.0 
-0.0 -100.0 257:1.0 
-100.0 -100.0 
-100.0 -100.0 
-100.0 -100.0 
-100.0 -100.0 
-0.0 -100.0 255:1.0 
-25.0 -100.0 200:1.0 
-100.0 -100.0 
-100.0 -100.0 
-100.0 -100.0 
-0.0 -100.0 162:1.0 
-100.0 -100.0 
-100.0 -100.0 14:1.0 15:1.0 
-30.86762562429621 -100.0 34:1.0 
-0.0 -100.0 80:1.0 196:1.0 
-21.25464798098293 -100.0 166:1.0 
-100.0 -100.0 
-100.0 -100.0 
-0.0 -100.0 201:1.0 
-0.0 -100.0 26:1.0 73:1.0 149:1.0 
-100.0 -100.0 
-25.736660308824856 -100.0 190:1.0 
-100.0 -100.0 
-100.0 -100.0 
-39.84605181208819 -100.0 68:1.0 
-100.0 -100.0 
-100.0 -100.0 
-100.0 -100.0 
-100.0 -100.0 
-100.0 -100.0 
-40.81415212544657 -100.0 31:1.0 
-66.6832174776564 -100.0 73:1.0 146:1.0 168:1.0 
-100.0 -100.0 
-100.0 -100.0 
-100.0 -100.0 
-100.0 -100.0 
-0.0 -100.0 65:1.0 157:1.0 
-30.539684073736606 -100.0 184:1.0 
-30.60866154736245 -100.0 255:1.0 
-0.0 -100.0 110:1.0 265:1.0 
-30.578265657096686 -100.0 39:1.0 
-100.0 -100.0 
-100.0 -100.0 141:1.0 274:1.0 
-100.0 -100.0 
-100.0 -100.0 
-100.0 -100.0 
-100.0 -100.0 
-100.0 -100.0 
-100.0 -100.0 
-100.0 -100.0 99:1.0 
-100.0 -100.0 
-100.0 -100.0 
-100.0 -100.0 
-100.0 -100.0 
-100.0 -100.0 
-5.552874187103912 -100.0 162:1.0 
-100.0 -100.0 
-100.0 -100.0 
-100.0 -100.0 
-100.0 -100.0 
-100.0 -100.0 35:1.0 186:1.0 258:1.0 286:1.0 
-100.0 -100.0 
-100.0 -100.0 
-100.0 -100.0 260:1.0 
-100.0 -100.0 
-100.0 -100.0 
-0.0 -100.0 35:1.0 
-100.0 -100.0 
-0.0 -100.0 32:1.0 113:1.0 174:1.0 251:1.0 279:1.0 287:1.0 313:1.0 
-0.0 -100.0 121:1.0 184:1.0 
-100.0 -100.0 
-50.0 -100.0 69:1.0 
-0.0 -100.0 163:1.0 
-100.0 -100.0 
-50.0 -100.0 179:1.0 
-100.0 -100.0 
-100.0 -100.0 
-100.0 -100.0 
-100.0 -100.0 
-100.0 -100.0 
-100.0 -100.0 
-50.0 -100.0 198:1.0 
-50.0 -100.0 164:1.0 
-100.0 -100.0 
-50.0 -100.0 202:1.0 
-100.0 -100.0 
-100.0 -100.0 
-69.39133845263756 -100.0 45:1.0 197:1.0 
-69.4217343429033 -100.0 26:1.0 243:1.0 
-100.0 -100.0 
-100.0 -100.0 
-100.0 -100.0 27:1.0 182:1.0 299:1.0 
-50.0 -100.0 137:1.0 
-0.0 -100.0 231:1.0 
-100.0 -100.0 
-100.0 -100.0 
-50.0 -100.0 245:1.0 
-100.0 -100.0 
-0.0 -100.0 14:1.0 247:1.0 
-100.0 -100.0 
-50.0 -100.0 257:1.0 
-100.0 -100.0 171:1.0 
-0.0 -100.0 58:1.0 
-59.82792421221496 -100.0 106:1.0 177:1.0 
-100.0 -100.0 
-24.851190476190474 -100.0 231:1.0 
-100.0 -100.0 
-100.0 -100.0 178:1.0 
-100.0 -100.0 
-100.0 -100.0 
-100.0 -100.0 
-0.0 -100.0 232:1.0 
-0.0 -100.0 2:1.0 
-100.0 -100.0 
-100.0 -100.0 
-0.0 -100.0 222:1.0 
-100.0 -100.0 
-100.0 -100.0 
-100.0 -100.0 
-0.0 -100.0 122:1.0 273:1.0 280:1.0 
-98.64121288425 -100.0 162:1.0 171:1.0 259:1.0 264:1.0 
-0.0 -100.0 85:1.0 
-100.0 -100.0 
-100.0 -100.0 
-50.0 -100.0 59:1.0 
-100.0 -100.0 
-50.0 -100.0 98:1.0 176:1.0 
-100.0 -100.0 
-100.0 -100.0 
-0.0 -100.0 157:1.0 
-100.0 -100.0 
-100.0 -100.0 
-100.0 -100.0 153:1.0 
-100.0 -100.0 
-100.0 -100.0 147:1.0 211:1.0 298:1.0 
-50.0 -100.0 154:1.0 
-0.0 -100.0 16:1.0 202:1.0 269:1.0 270:1.0 
-50.0 -100.0 224:1.0 
-100.0 -100.0 
-100.0 -100.0 
-19.364073288725102 -100.0 53:1.0 194:1.0 
-100.0 -100.0 
-100.0 -100.0 
-100.0 -100.0 
-100.0 -100.0 
-100.0 -100.0 
-100.0 -100.0 
-100.0 -100.0 
-100.0 -100.0 
-100.0 -100.0 
-100.0 -100.0 70:1.0 
-50.0 -100.0 10:1.0 
-100.0 -100.0 
-100.0 -100.0 
-100.0 -100.0 189:1.0 
-100.0 -100.0 
-100.0 -100.0 
-100.0 -100.0 
-100.0 -100.0 
-0.0 -100.0 164:1.0 221:1.0 
-14.742750918118665 -100.0 97:1.0 108:1.0 
-100.0 -100.0 
-100.0 -100.0 
-100.0 -100.0 
-100.0 -100.0 
-100.0 -100.0 
-100.0 -100.0 
-100.0 -100.0 
-100.0 -100.0 
-50.0 -100.0 196:1.0 
-35.3759960255292 -100.0 150:1.0 162:1.0 270:1.0 
-100.0 -100.0 
-100.0 -100.0 
-100.0 -100.0 
-100.0 -100.0 
-100.0 -100.0 
-28.168288772756448 -100.0 56:1.0 73:1.0 177:1.0 
-0.0 -100.0 265:1.0 
-100.0 -100.0 176:1.0 
-100.0 -100.0 
-100.0 -100.0 184:1.0 
-100.0 -100.0 
-100.0 -100.0 
-100.0 -100.0 
-44.605240397135226 -100.0 84:1.0 201:1.0 208:1.0 
-100.0 -100.0 
-50.0 -100.0 16:1.0 
-100.0 -100.0 
-50.0 -100.0 165:1.0 
-0.0 -100.0 203:1.0 220:1.0 
-100.0 -100.0 
-100.0 -100.0 9:1.0 
-100.0 -100.0 
-100.0 -100.0 
-100.0 -100.0 
-100.0 -100.0 
-100.0 -100.0 
-100.0 -100.0 
-100.0 -100.0 
-100.0 -100.0 
-50.0 -100.0 71:1.0 
-100.0 -100.0 
-100.0 -100.0 229:1.0 
-0.0 -100.0 43:1.0 158:1.0 160:1.0 281:1.0 302:1.0 
-100.0 -100.0 
-50.0 -100.0 58:1.0 
-100.0 -100.0 
-0.0 -100.0 206:1.0 
-100.0 -100.0 
-0.0 -100.0 249:1.0 269:1.0 
-100.0 -100.0 
-100.0 -100.0 
-100.0 -100.0 
-100.0 -100.0 13:1.0 84:1.0 
-100.0 -100.0 
-100.0 -100.0 
-50.0 -100.0 21:1.0 
-8.341608739005773 -100.0 43:1.0 158:1.0 160:1.0 281:1.0 302:1.0 
-100.0 -100.0 
-12.00378701502859 -100.0 18:1.0 62:1.0 
-0.0 -100.0 269:1.0 
-100.0 -100.0 
-100.0 -100.0 
-100.0 -100.0 
-100.0 -100.0 
-100.0 -100.0 
-100.0 -100.0 
-100.0 -100.0 97:1.0 
-100.0 -100.0 
-100.0 -100.0 
-100.0 -100.0 
-0.0 -100.0 265:1.0 
-100.0 -100.0 191:1.0 
-100.0 -100.0 244:1.0 
-50.0 -100.0 85:1.0 
-100.0 -100.0 
-50.0 -100.0 176:1.0 236:1.0 
-8.351379956891426 -100.0 32:1.0 113:1.0 149:1.0 228:1.0 284:1.0 313:1.0 
-0.0 -100.0 106:1.0 
-50.0 -100.0 17:1.0 
-100.0 -100.0 
-100.0 -100.0 
-100.0 -100.0 
-100.0 -100.0 
-100.0 -100.0 
-50.0 -100.0 232:1.0 
-0.0 -100.0 10:1.0 71:1.0 
-14.061675477546503 -100.0 20:1.0 129:1.0 
-100.0 -100.0 
-50.0 -100.0 88:1.0 
-50.0 -100.0 79:1.0 
-100.0 -100.0 
-100.0 -100.0 
-100.0 -100.0 
-0.0 -100.0 203:1.0 
-100.0 -100.0 
-0.0 -100.0 184:1.0 203:1.0 252:1.0 
-50.0 -100.0 170:1.0 
-100.0 -100.0 
-100.0 -100.0 
-100.0 -100.0 
-50.0 -100.0 101:1.0 
-100.0 -100.0 
-100.0 -100.0 
-100.0 -100.0 
-100.0 -100.0 
-100.0 -100.0 
-100.0 -100.0 
-100.0 -100.0 
-50.0 -100.0 156:1.0 
-50.0 -100.0 93:1.0 
-50.0 -100.0 223:1.0 
-100.0 -100.0 27:1.0 182:1.0 299:1.0 
-50.0 -100.0 41:1.0 
-100.0 -100.0 
-100.0 -100.0 
-100.0 -100.0 224:1.0 
-100.0 -100.0 258:1.0 
-11.31728255244641 -100.0 122:1.0 273:1.0 280:1.0 
-0.0 -100.0 206:1.0 
-100.0 -100.0 
-100.0 -100.0 
-100.0 -100.0 
-100.0 -100.0 
-100.0 -100.0 
-100.0 -100.0 
-100.0 -100.0 231:1.0 
-100.0 -100.0 191:1.0 204:1.0 266:1.0 
-100.0 -100.0 
-100.0 -100.0 47:1.0 
-0.0 -100.0 6:1.0 
-0.0 -100.0 14:1.0 70:1.0 
-0.0 -100.0 4:1.0 26:1.0 37:1.0 149:1.0 
-100.0 -100.0 
-18.669314796425027 -100.0 108:1.0 191:1.0 
-100.0 -100.0 99:1.0 
-100.0 -100.0 
-0.0 -100.0 37:1.0 184:1.0 
-100.0 -100.0 
-100.0 -100.0 
-100.0 -100.0 
-0.0 -100.0 209:1.0 
-100.0 -100.0 
-50.0 -100.0 80:1.0 
-100.0 -100.0 
-100.0 -100.0 
-100.0 -100.0 
-100.0 -100.0 182:1.0 268:1.0 
-100.0 -100.0 
-100.0 -100.0 
-100.0 -100.0 
-100.0 -100.0 
-100.0 -100.0 
-100.0 -100.0 
-100.0 -100.0 
-100.0 -100.0 
-100.0 -100.0 
-100.0 -100.0 
-100.0 -100.0 
-100.0 -100.0 
-100.0 -100.0 103:1.0 138:1.0 
-100.0 -100.0 
-50.0 -100.0 110:1.0 
-0.0 -100.0 265:1.0 
-100.0 -100.0 74:1.0 203:1.0 
-100.0 -100.0 
-50.0 -100.0 213:1.0 
-0.0 -100.0 95:1.0 173:1.0 212:1.0 250:1.0 
-100.0 -100.0 
-100.0 -100.0 
-100.0 -100.0 
-100.0 -100.0 
-64.56306922514997 -100.0 12:1.0 206:1.0 
-100.0 -100.0 
-100.0 -100.0 
-0.0 -100.0 48:1.0 
-100.0 -100.0 28:1.0 
-100.0 -100.0 
-100.0 -100.0 
-100.0 -100.0 
-100.0 -100.0 
-100.0 -100.0 222:1.0 
-38.385356067638305 -100.0 75:1.0 105:1.0 217:1.0 
-100.0 -100.0 
-0.0 -100.0 48:1.0 
-100.0 -100.0 
-100.0 -100.0 
-100.0 -100.0 
-100.0 -100.0 
-50.0 -100.0 163:1.0 
-100.0 -100.0 
-100.0 -100.0 
-16.91360691537899 -100.0 141:1.0 268:1.0 
-100.0 -100.0 
-50.0 -100.0 221:1.0 
-100.0 -100.0 
-100.0 -100.0 
-100.0 -100.0 
-100.0 -100.0 231:1.0 
-100.0 -100.0 
-100.0 -100.0 
-100.0 -100.0 
-100.0 -100.0 
-100.0 -100.0 
-100.0 -100.0 
-100.0 -100.0 30:1.0 209:1.0 
-50.0 -100.0 218:1.0 
-50.0 -100.0 61:1.0 
-41.65839126099423 -100.0 222:1.0 
-100.0 -100.0 
-100.0 -100.0 
-100.0 -100.0 
-100.0 -100.0 
-100.0 -100.0 
-100.0 -100.0 
-100.0 -100.0 
-100.0 -100.0 
-0.0 -100.0 157:1.0 
-100.0 -100.0 
-0.0 -100.0 254:1.0 
-100.0 -100.0 
-100.0 -100.0 
-100.0 -100.0 143:1.0 
-100.0 -100.0 
-4.575341489077324 -100.0 270:1.0 
-100.0 -100.0 
-0.0 -100.0 32:1.0 113:1.0 174:1.0 251:1.0 279:1.0 287:1.0 313:1.0 
-100.0 -100.0 
-100.0 -100.0 
-100.0 -100.0 
-0.0 -100.0 32:1.0 113:1.0 174:1.0 251:1.0 279:1.0 287:1.0 313:1.0 
-100.0 -100.0 
-100.0 -100.0 231:1.0 
-100.0 -100.0 
-100.0 -100.0 
-100.0 -100.0 83:1.0 
-100.0 -100.0 
-100.0 -100.0 
-100.0 -100.0 
-41.64862004310857 -100.0 133:1.0 
-38.71154212520837 -100.0 193:1.0 
-100.0 -100.0 
-100.0 -100.0 
-100.0 -100.0 
-100.0 -100.0 
-100.0 -100.0 
-100.0 -100.0 
-100.0 -100.0 
-100.0 -100.0 
-100.0 -100.0 
-100.0 -100.0 
-38.68271744755359 -100.0 51:1.0 
-100.0 -100.0 
-100.0 -100.0 
-0.0 -100.0 217:1.0 
-100.0 -100.0 
-38.06063184237033 -100.0 118:1.0 142:1.0 237:1.0 
-100.0 -100.0 
-36.20369906312663 -100.0 157:1.0 
-100.0 -100.0 
-69.46031592626339 -100.0 33:1.0 254:1.0 
-100.0 -100.0 
-30.616678129489095 -100.0 48:1.0 
-100.0 -100.0 
-100.0 -100.0 
-100.0 -100.0 
-0.0 -100.0 73:1.0 
-100.0 -100.0 147:1.0 
-100.0 -100.0 
-100.0 -100.0 
-100.0 -100.0 87:1.0 
-100.0 -100.0 
-0.0 -100.0 265:1.0 
-100.0 -100.0 
-30.635926711274898 -100.0 269:1.0 
-25.148809523809526 -100.0 265:1.0 
-100.0 -100.0 27:1.0 64:1.0 104:1.0 182:1.0 261:1.0 283:1.0 290:1.0 292:1.0 299:1.0 
-100.0 -100.0 
-0.0 -100.0 49:1.0 69:1.0 75:1.0 250:1.0 
-100.0 -100.0 230:1.0 
-100.0 -100.0 
-100.0 -100.0 
-100.0 -100.0 
-100.0 -100.0 
-100.0 -100.0 90:1.0 
-25.0 -100.0 2:1.0 
-25.0 -100.0 136:1.0 
-100.0 -100.0 
-25.0 -100.0 94:1.0 
-0.0 -100.0 55:1.0 135:1.0 181:1.0 187:1.0 277:1.0 288:1.0 303:1.0 
-100.0 -100.0 
-100.0 -100.0 
-30.8676256243861 -100.0 6:1.0 
-100.0 -100.0 
