svm_type c_svc
kernel_type rbf
gamma 0.1
nr_class 3
total_sv 1622
rho 0.13086575493357816 -0.3626716082028343 -0.058895288997249474
label 2 0 1
nr_sv 419 667 536
SV
1.0 1.0 
1.0 1.0 271:1.0 
1.0 1.0 
0.27155025062056976 0.0 64:1.0 125:1.0 182:1.0 261:1.0 283:1.0 292:1.0 
1.0 1.0 
1.0 1.0 99:1.0 204:1.0 
1.0 1.0 
1.0 1.0 
1.0 1.0 
1.0 1.0 
1.0 1.0 
1.0 1.0 
1.0 1.0 
1.0 1.0 
1.0 1.0 
1.0 1.0 33:1.0 115:1.0 226:1.0 258:1.0 
1.0 1.0 243:1.0 
1.0 1.0 
1.0 1.0 
1.0 1.0 
1.0 1.0 
1.0 1.0 
1.0 1.0 151:1.0 
1.0 1.0 
1.0 1.0 
1.0 1.0 47:1.0 
1.0 1.0 
1.0 1.0 
1.0 1.0 205:1.0 
1.0 1.0 
1.0 1.0 
1.0 1.0 
1.0 1.0 
1.0 1.0 
1.0 1.0 
1.0 1.0 159:1.0 177:1.0 
1.0 1.0 
1.0 1.0 77:1.0 
1.0 1.0 
1.0 1.0 
1.0 1.0 13:1.0 23:1.0 54:1.0 
1.0 1.0 
1.0 0.6255587093851367 64:1.0 125:1.0 182:1.0 261:1.0 283:1.0 292:1.0 
1.0 1.0 
1.0 1.0 
1.0 1.0 
1.0 1.0 
1.0 1.0 
1.0 1.0 
1.0 1.0 
1.0 1.0 
1.0 1.0 
1.0 1.0 204:1.0 
1.0 1.0 
1.0 1.0 
1.0 1.0 
1.0 1.0 40:1.0 
1.0 1.0 
1.0 1.0 
1.0 1.0 
1.0 1.0 90:1.0 
0.6227377235070277 0.3163793679235953 72:1.0 92:1.0 195:1.0 278:1.0 306:1.0 
1.0 1.0 
1.0 1.0 
1.0 1.0 
1.0 1.0 74:1.0 96:1.0 
1.0 1.0 141:1.0 
1.0 1.0 99:1.0 
1.0 1.0 
1.0 1.0 
0.7671009333202742 0.8458360957058328 27:1.0 64:1.0 104:1.0 182:1.0 225:1.0 261:1.0 283:1.0 290:1.0 292:1.0 299:1.0 
1.0 1.0 15:1.0 125:1.0 
1.0 1.0 
1.0 1.0 
1.0 1.0 
1.0 1.0 15:1.0 19:1.0 
1.0 1.0 
1.0 1.0 139:1.0 
1.0 1.0 
1.0 1.0 
1.0 1.0 
1.0 1.0 
1.0 1.0 
1.0 1.0 
1.0 1.0 
1.0 1.0 
1.0 1.0 
1.0 1.0 
1.0 1.0 
1.0 1.0 230:1.0 
1.0 1.0 74:1.0 258:1.0 
1.0 1.0 266:1.0 
0.7263038135379039 1.0 27:1.0 64:1.0 104:1.0 182:1.0 261:1.0 283:1.0 290:1.0 292:1.0 299:1.0 
1.0 1.0 
1.0 1.0 266:1.0 
1.0 1.0 
1.0 1.0 
1.0 1.0 13:1.0 103:1.0 
1.0 1.0 12:1.0 
1.0 1.0 19:1.0 
1.0 1.0 
1.0 1.0 219:1.0 
1.0 1.0 
1.0 1.0 74:1.0 
1.0 1.0 
1.0 1.0 
1.0 1.0 
1.0 1.0 90:1.0 
1.0 1.0 
1.0 1.0 
1.0 1.0 
1.0 1.0 
1.0 1.0 
1.0 1.0 
1.0 1.0 
1.0 1.0 150:1.0 168:1.0 
1.0 1.0 64:1.0 
1.0 1.0 
1.0 1.0 
1.0 1.0 
1.0 1.0 
1.0 1.0 125:1.0 
1.0 1.0 
1.0 1.0 
1.0 1.0 
1.0 1.0 22:1.0 60:1.0 
1.0 1.0 
1.0 1.0 
1.0 1.0 
1.0 1.0 224:1.0 
1.0 1.0 
1.0 1.0 
1.0 1.0 45:1.0 
1.0 1.0 
1.0 1.0 
1.0 1.0 25:1.0 
1.0 1.0 
1.0 1.0 
1.0 1.0 
1.0 1.0 
1.0 1.0 
1.0 1.0 
1.0 1.0 86:1.0 109:1.0 242:1.0 300:1.0 305:1.0 
1.0 1.0 244:1.0 
1.0 1.0 
1.0 1.0 
1.0 1.0 
1.0 1.0 
1.0 1.0 
1.0 1.0 
1.0 1.0 
1.0 1.0 
1.0 1.0 
1.0 1.0 
1.0 1.0 66:1.0 258:1.0 
1.0 1.0 
1.0 1.0 
1.0 1.0 
1.0 1.0 
1.0 1.0 8:1.0 9:1.0 
1.0 1.0 231:1.0 
1.0 1.0 8:1.0 9:1.0 189:1.0 
1.0 1.0 191:1.0 
1.0 1.0 
1.0 1.0 15:1.0 
1.0 1.0 70:1.0 
1.0 1.0 83:1.0 84:1.0 
1.0 1.0 147:1.0 211:1.0 298:1.0 
1.0 1.0 105:1.0 117:1.0 
1.0 1.0 191:1.0 
1.0 1.0 89:1.0 162:1.0 231:1.0 
1.0 1.0 
1.0 1.0 
1.0 1.0 184:1.0 
1.0 1.0 159:1.0 
1.0 1.0 264:1.0 
1.0 1.0 151:1.0 
1.0 1.0 89:1.0 
1.0 1.0 
1.0 1.0 
1.0 1.0 
1.0 1.0 30:1.0 89:1.0 
1.0 1.0 
1.0 1.0 
1.0 1.0 
1.0 1.0 
1.0 1.0 143:1.0 182:1.0 225:1.0 261:1.0 283:1.0 
1.0 1.0 132:1.0 
1.0 1.0 
1.0 1.0 153:1.0 
1.0 1.0 
1.0 1.0 
1.0 1.0 
1.0 1.0 
1.0 1.0 
1.0 1.0 
1.0 1.0 171:1.0 
1.0 1.0 
1.0 1.0 229:1.0 
1.0 1.0 
1.0 1.0 
1.0 1.0 143:1.0 
1.0 1.0 
1.0 1.0 
1.0 1.0 
1.0 1.0 246:1.0 
1.0 1.0 
1.0 1.0 
1.0 1.0 
1.0 1.0 97:1.0 
1.0 1.0 258:1.0 
1.0 1.0 22:1.0 115:1.0 
1.0 1.0 
1.0 1.0 182:1.0 
1.0 1.0 
1.0 1.0 74:1.0 
1.0 1.0 
1.0 1.0 
1.0 1.0 145:1.0 
1.0 1.0 
1.0 1.0 143:1.0 
1.0 1.0 
1.0 1.0 
1.0 1.0 204:1.0 
1.0 1.0 
1.0 1.0 260:1.0 
1.0 1.0 
1.0 1.0 211:1.0 
1.0 1.0 
1.0 1.0 56:1.0 
1.0 1.0 
1.0 1.0 
1.0 1.0 131:1.0 239:1.0 
1.0 1.0 
1.0 1.0 
1.0 1.0 96:1.0 171:1.0 
1.0 1.0 141:1.0 
1.0 1.0 
1.0 0.9891966039584025 64:1.0 103:1.0 104:1.0 130:1.0 282:1.0 290:1.0 297:1.0 
1.0 1.0 
1.0 1.0 
1.0 0.916238305052437 13:1.0 23:1.0 54:1.0 64:1.0 130:1.0 282:1.0 
1.0 1.0 56:1.0 176:1.0 
1.0 1.0 
1.0 1.0 
1.0 1.0 
1.0 1.0 175:1.0 182:1.0 
1.0 1.0 
1.0 1.0 176:1.0 
1.0 1.0 260:1.0 
1.0 1.0 
1.0 1.0 
1.0 1.0 
1.0 1.0 
1.0 1.0 
1.0 1.0 231:1.0 
1.0 1.0 
1.0 1.0 
1.0 1.0 
1.0 1.0 
1.0 1.0 
1.0 1.0 86:1.0 109:1.0 242:1.0 300:1.0 305:1.0 
1.0 1.0 
1.0 1.0 103:1.0 
1.0 1.0 
1.0 1.0 
1.0 1.0 208:1.0 
1.0 1.0 
1.0 1.0 
1.0 1.0 
1.0 1.0 
1.0 1.0 168:1.0 
1.0 1.0 24:1.0 60:1.0 
1.0 1.0 
1.0 1.0 
1.0 1.0 24:1.0 
1.0 1.0 24:1.0 
1.0 1.0 
1.0 1.0 
1.0 1.0 
1.0 1.0 
1.0 1.0 
1.0 1.0 
1.0 1.0 
1.0 1.0 260:1.0 
1.0 1.0 
1.0 1.0 
1.0 1.0 
1.0 1.0 
1.0 1.0 60:1.0 114:1.0 
1.0 1.0 
1.0 1.0 
1.0 1.0 
1.0 1.0 
1.0 1.0 
1.0 1.0 
1.0 1.0 264:1.0 
1.0 1.0 260:1.0 
1.0 1.0 126:1.0 
1.0 1.0 
1.0 1.0 28:1.0 258:1.0 
1.0 1.0 
1.0 1.0 
1.0 1.0 78:1.0 
1.0 1.0 
1.0 1.0 
1.0 1.0 22:1.0 90:1.0 115:1.0 
1.0 1.0 
1.0 1.0 
1.0 1.0 
1.0 1.0 
1.0 1.0 144:1.0 
1.0 1.0 
1.0 1.0 
1.0 1.0 
1.0 1.0 
1.0 1.0 
1.0 1.0 
1.0 1.0 204:1.0 226:1.0 
1.0 1.0 
1.0 1.0 
1.0 1.0 60:1.0 233:1.0 
1.0 1.0 256:1.0 307:1.0 
1.0 1.0 
1.0 1.0 246:1.0 
1.0 1.0 
1.0 1.0 
1.0 1.0 
1.0 1.0 207:1.0 
1.0 1.0 
1.0 1.0 72:1.0 92:1.0 195:1.0 278:1.0 306:1.0 
1.0 1.0 18:1.0 
1.0 1.0 178:1.0 
1.0 1.0 117:1.0 
1.0 1.0 
1.0 1.0 
1.0 1.0 
1.0 1.0 
1.0 1.0 96:1.0 
1.0 1.0 
1.0 1.0 258:1.0 
1.0 1.0 
1.0 1.0 
1.0 1.0 
1.0 1.0 
1.0 1.0 
1.0 1.0 
1.0 1.0 
1.0 1.0 
1.0 1.0 
1.0 1.0 
1.0 1.0 
1.0 1.0 
1.0 1.0 72:1.0 92:1.0 195:1.0 278:1.0 306:1.0 
1.0 1.0 
1.0 1.0 
1.0 1.0 
1.0 1.0 
1.0 1.0 
1.0 1.0 
1.0 1.0 
1.0 1.0 
1.0 1.0 
1.0 1.0 
1.0 1.0 
1.0 1.0 54:1.0 
1.0 1.0 3:1.0 
1.0 1.0 
1.0 1.0 
1.0 1.0 30:1.0 
1.0 1.0 
1.0 1.0 
1.0 1.0 
1.0 1.0 
1.0 1.0 
1.0 1.0 
1.0 1.0 
1.0 1.0 
1.0 1.0 67:1.0 147:1.0 
1.0 1.0 
1.0 1.0 
1.0 1.0 271:1.0 
1.0 1.0 47:1.0 
1.0 1.0 
1.0 1.0 142:1.0 
1.0 1.0 
1.0 1.0 
1.0 1.0 
1.0 1.0 
1.0 1.0 
1.0 1.0 
1.0 1.0 
1.0 1.0 
1.0 1.0 
1.0 1.0 
1.0 1.0 67:1.0 
1.0 1.0 
1.0 1.0 
1.0 1.0 
1.0 1.0 87:1.0 
1.0 1.0 
1.0 1.0 
1.0 1.0 102:1.0 
1.0 1.0 
1.0 1.0 147:1.0 211:1.0 298:1.0 
1.0 1.0 
1.0 1.0 
1.0 1.0 
1.0 1.0 
1.0 1.0 222:1.0 
1.0 1.0 
1.0 1.0 
1.0 1.0 
1.0 1.0 
1.0 1.0 3:1.0 
1.0 1.0 
1.0 1.0 
1.0 1.0 
1.0 1.0 
-0.00206265407497443 0.0 262:1.0 
-0.15934482778931353 0.0 5:1.0 63:1.0 
-1.0 1.0 83:1.0 
-0.26630367396830895 1.0 184:1.0 259:1.0 
-0.33070984958484456 0.7513755820833145 52:1.0 
-0.0 0.09491932840863646 50:1.0 274:1.0 
-1.0 1.0 99:1.0 
-0.045277050831195674 0.37431743462794426 198:1.0 
-0.0 0.2801218208430929 75:1.0 255:1.0 
-0.45407635593689083 1.0 194:1.0 
-0.0231297058225394 0.0 57:1.0 
-0.0 0.4050725306016595 62:1.0 
-0.4602008203572731 1.0 136:1.0 183:1.0 
-0.0 0.5096410853341183 193:1.0 
-1.0 0.49166458784010325 233:1.0 
-1.0 0.4925383670331071 8:1.0 
-0.10527943308487911 0.0 68:1.0 140:1.0 
-1.0 0.4950656207361934 19:1.0 151:1.0 
-0.04719580595162566 0.0 241:1.0 
-0.4765499245885298 0.5161147745399309 210:1.0 289:1.0 
-0.39702264050605757 1.0 6:1.0 88:1.0 192:1.0 269:1.0 
-0.4785498985221775 1.0 61:1.0 139:1.0 234:1.0 
-0.4144940219436287 1.0 257:1.0 265:1.0 
-0.19697672374234082 0.6684686775523516 137:1.0 
-0.4536950191796317 0.9923671882327177 62:1.0 
-0.4913211043836973 0.0 219:1.0 
-0.004251733589516179 0.0 239:1.0 
-0.0 0.39873962669654944 247:1.0 
-0.43452683960818983 1.0 184:1.0 203:1.0 252:1.0 
-0.21419010598732555 0.3288949890981679 259:1.0 
-0.16893049464969384 0.516873423169383 38:1.0 73:1.0 
-0.45440851124152376 0.9831473114465891 193:1.0 
-0.36617075878502947 1.0 27:1.0 50:1.0 182:1.0 299:1.0 304:1.0 
-1.0 0.0 117:1.0 
-1.0 0.4922449118355782 226:1.0 
-1.0 0.0 168:1.0 
-0.26972881390195896 0.4756697049431585 20:1.0 122:1.0 273:1.0 280:1.0 
-0.4542920009230771 1.0 2:1.0 
-0.0 1.0 267:1.0 
-0.4304643496568776 1.0 140:1.0 223:1.0 
-0.4566136035676265 1.0 16:1.0 
-1.0 0.6510585398770803 64:1.0 103:1.0 130:1.0 189:1.0 282:1.0 297:1.0 
-1.0 1.0 87:1.0 
-0.0036852886940097144 0.09812231430705771 189:1.0 
-0.2181270439856129 1.0 196:1.0 
-0.0050776270834281545 0.1348203635765943 33:1.0 
-0.5062023724767094 0.49431293326123404 143:1.0 267:1.0 
-0.5667067567483735 0.0 21:1.0 78:1.0 
-0.7513143789117798 0.9626081392251987 27:1.0 50:1.0 182:1.0 299:1.0 304:1.0 
-0.8930784736865359 0.9718645537644091 150:1.0 218:1.0 
-0.0 1.0 73:1.0 
-0.21346778173181863 0.04649963110369154 244:1.0 
-0.03942599426678398 0.04302891582861865 108:1.0 
-1.0 0.4915391035259734 125:1.0 
-1.0 1.0 182:1.0 
-1.0 1.0 30:1.0 230:1.0 
-0.22862353668444835 1.0 129:1.0 
-0.24887371164790065 0.3148606114448884 29:1.0 91:1.0 120:1.0 185:1.0 216:1.0 235:1.0 253:1.0 263:1.0 285:1.0 291:1.0 294:1.0 296:1.0 301:1.0 309:1.0 312:1.0 
-0.0 1.0 157:1.0 
-0.5137708916343909 0.0 144:1.0 
-1.0 1.0 143:1.0 
-0.00333725339785602 1.0 164:1.0 
-0.31659943147821856 0.49619653115819 141:1.0 165:1.0 
-1.0 0.7944181529638127 15:1.0 34:1.0 175:1.0 
-0.0 0.4917718491406781 21:1.0 
-0.15715847742127914 0.4100044223972279 5:1.0 101:1.0 
-0.192232848175399 0.0 107:1.0 
-0.004566778655778693 0.0 39:1.0 
-0.24999811208824052 1.0 121:1.0 198:1.0 
-0.09315395383550504 0.0 138:1.0 
-0.0 0.5140602238375116 133:1.0 
-1.0 1.0 28:1.0 
-0.3540954687703066 1.0 118:1.0 
-0.004601591177641306 0.0 188:1.0 
-0.12459868507033699 0.24341555039867294 49:1.0 122:1.0 
-0.04878280965577108 0.06650697877357528 94:1.0 116:1.0 
-0.18366902903071372 1.0 73:1.0 149:1.0 228:1.0 284:1.0 
-0.7419113377320713 0.0 67:1.0 114:1.0 
-1.0 1.0 204:1.0 
-0.18854471841387546 0.04816676333638727 199:1.0 
-0.24923290576415552 1.0 20:1.0 129:1.0 
-0.45650794624581303 0.49148084160868755 214:1.0 
-1.0 0.491449407252405 246:1.0 
-0.23371900223652103 0.12320733192371938 152:1.0 
-0.004575116823500687 0.31204308257501057 237:1.0 
-1.0 1.0 141:1.0 
-0.005773322186213044 0.39653448271285857 248:1.0 
-0.0 1.0 
-0.0 1.0 
-0.0 1.0 
-0.0 1.0 
-0.00446606132298938 0.0 128:1.0 
-0.0 1.0 
-0.0 1.0 
-0.0 1.0 
-0.0 1.0 
-0.0 1.0 
-0.0 0.002518458498690097 179:1.0 
-0.0 1.0 
-0.0 1.0 
-0.0 1.0 
-0.0 1.0 
-0.23647703235665243 0.5428268183442095 51:1.0 65:1.0 199:1.0 
-0.10660240749060515 1.0 231:1.0 
-0.0 1.0 
-0.2922207245988323 0.49754089804885526 38:1.0 49:1.0 73:1.0 236:1.0 
-0.0 1.0 
-1.0 0.5859718765379305 86:1.0 109:1.0 242:1.0 300:1.0 305:1.0 
-0.01766961420012929 0.0 134:1.0 
-0.0 1.0 
-0.017693236072095303 1.0 85:1.0 
-0.6182977564052295 1.0 184:1.0 
-0.0 1.0 
-0.0 1.0 
-0.0 1.0 
-0.0 1.0 
-0.14376668588655295 1.0 155:1.0 270:1.0 
-0.006360876199921488 0.0 192:1.0 
-0.0 1.0 
-0.0 1.0 
-0.0 1.0 
-0.0 1.0 
-0.0 1.0 
-0.0 1.0 
-0.48572778268509353 0.356999146323442 4:1.0 175:1.0 240:1.0 
-0.21339700093693795 1.0 66:1.0 106:1.0 157:1.0 
-0.0 1.0 
-0.0 1.0 
-1.0 0.4920597381975745 159:1.0 
-0.04579826850655706 0.0 275:1.0 
-0.0 1.0 
-0.0 1.0 
-0.4758058523466359 1.0 26:1.0 69:1.0 
-0.26226397476442753 0.27892414599478943 40:1.0 241:1.0 
-1.0 0.0 90:1.0 
-0.0 1.0 
-0.0 1.0 
-0.0 1.0 255:1.0 
-0.0 1.0 
-1.0 1.0 260:1.0 
-0.0 1.0 
-0.0 1.0 
-1.0 0.0 117:1.0 
-0.010599028895193752 0.0 183:1.0 
-0.3720945163496193 0.3145546458348942 29:1.0 91:1.0 120:1.0 131:1.0 167:1.0 185:1.0 216:1.0 235:1.0 253:1.0 285:1.0 291:1.0 294:1.0 301:1.0 309:1.0 312:1.0 
-0.0 0.7893939097238409 138:1.0 227:1.0 232:1.0 
-0.0 1.0 
-0.0 1.0 
-0.0 1.0 
-0.0 1.0 
-0.0 1.0 21:1.0 
-0.0 1.0 
-0.0 1.0 
-0.0 1.0 
-0.8274969467598013 0.6334349887029265 179:1.0 227:1.0 243:1.0 
-0.20189213946999454 0.0 127:1.0 172:1.0 238:1.0 
-0.0680720472924291 0.0 213:1.0 
-0.11739107535918843 0.2585706490713677 238:1.0 
-0.0052838272099965606 0.0 81:1.0 
-1.0 0.23010087593032785 145:1.0 
-0.0 1.0 
-0.07845356828858072 0.0 155:1.0 199:1.0 
-0.0 1.0 
-1.0 1.0 
-1.0 1.0 
-0.24955872476435634 0.3437831364902251 255:1.0 
-1.0 1.0 
-1.0 1.0 
-1.0 1.0 
-1.0 1.0 
-1.0 1.0 
-1.0 1.0 
-1.0 1.0 
-1.0 1.0 
-0.4778890602312225 1.0 176:1.0 
-1.0 1.0 
-0.0 1.0 269:1.0 
-1.0 1.0 
-1.0 1.0 
-0.3213166465105647 0.0 143:1.0 215:1.0 
-0.0 0.4881617100040383 75:1.0 
-0.26217759933929 1.0 138:1.0 184:1.0 
-1.0 1.0 
-0.0 0.9889248273945989 59:1.0 73:1.0 
-0.24824959473339683 0.9377758677407604 95:1.0 173:1.0 250:1.0 
-1.0 1.0 
-1.0 1.0 
-1.0 0.49158422182671085 90:1.0 
-0.45444785890238387 0.9799132959340072 133:1.0 
-0.4544478589023841 1.0 37:1.0 
-0.025486597619187847 1.0 122:1.0 273:1.0 280:1.0 
-1.0 1.0 
-1.0 1.0 
-1.0 1.0 
-1.0 1.0 
-0.2076325664076778 0.2876620940746096 134:1.0 172:1.0 238:1.0 
-0.42755767121176025 0.49321687844197737 249:1.0 
-1.0 1.0 
-0.007449438369067736 0.0 276:1.0 
-1.0 1.0 139:1.0 
-0.23302411286985036 0.12412807682231536 161:1.0 
-1.0 1.0 
-0.45466999260254337 0.0 126:1.0 
-1.0 1.0 
-1.0 1.0 46:1.0 64:1.0 104:1.0 166:1.0 182:1.0 225:1.0 261:1.0 283:1.0 290:1.0 292:1.0 
-0.00540629646348703 0.0 102:1.0 
-1.0 1.0 
-0.11759986103593618 0.28557906417279394 108:1.0 269:1.0 
-1.0 0.49176502056739224 271:1.0 
-0.24185722274802876 1.0 
-1.0 1.0 
-1.0 1.0 
-1.0 1.0 
-1.0 1.0 
-1.0 1.0 
-0.12784958234805055 0.8235429518484757 51:1.0 68:1.0 
-0.8580351963347506 0.7798567782718608 18:1.0 67:1.0 123:1.0 
-1.0 1.0 
-1.0 1.0 
-1.0 1.0 
-1.0 1.0 
-1.0 1.0 
-0.028770652239874767 1.0 249:1.0 265:1.0 
-0.29642864846608546 0.49718654427357145 11:1.0 152:1.0 161:1.0 170:1.0 
-0.9299682196660412 1.0 25:1.0 197:1.0 
-1.0 1.0 
-1.0 1.0 
-1.0 1.0 
-1.0 1.0 
-0.0 1.0 269:1.0 
-1.0 1.0 
-1.0 1.0 
-1.0 1.0 
-1.0 1.0 
-1.0 1.0 
-1.0 1.0 
-1.0 1.0 
-1.0 1.0 
-0.9611357818391236 0.4920874504989244 219:1.0 
-1.0 1.0 
-1.0 1.0 
-0.16601976246253122 0.14621026715545257 29:1.0 91:1.0 120:1.0 131:1.0 167:1.0 185:1.0 216:1.0 253:1.0 263:1.0 285:1.0 294:1.0 296:1.0 312:1.0 
-0.45228560210110147 1.0 254:1.0 
-1.0 1.0 
-1.0 1.0 
-1.0 1.0 
-0.11963071507745712 0.428675350989314 106:1.0 111:1.0 
-0.24923157838572466 0.564475411494416 41:1.0 148:1.0 
-1.0 1.0 
-1.0 1.0 
-1.0 1.0 
-1.0 1.0 
-1.0 1.0 
-1.0 1.0 
-0.2108245432820316 0.5744884911859 212:1.0 
-1.0 1.0 
-1.0 1.0 
-0.003827640244215399 0.5606732619872083 200:1.0 
-1.0 1.0 
-0.2679040721213783 0.7272774500092716 68:1.0 212:1.0 
-1.0 1.0 
-0.09921432690868287 0.49144940725240477 252:1.0 
-1.0 1.0 
-0.2658378801392741 0.25689967366195937 134:1.0 
-1.0 1.0 
-1.0 1.0 
-0.2149869144544163 0.0 40:1.0 
-1.0 1.0 
-0.2793057728838081 1.0 111:1.0 201:1.0 
-0.42146938505653964 1.0 58:1.0 116:1.0 
-1.0 1.0 
-1.0 1.0 
-0.13194308466002674 1.0 67:1.0 75:1.0 91:1.0 265:1.0 
-1.0 1.0 
-1.0 1.0 
-1.0 1.0 
-1.0 1.0 
-0.36504755013565326 0.49520998457744386 57:1.0 
-1.0 1.0 
-0.1517778674329312 0.5895526579965301 213:1.0 
-1.0 1.0 
-1.0 1.0 
-0.45007652641067886 0.9317983320690338 200:1.0 
-0.0 1.0 55:1.0 135:1.0 181:1.0 187:1.0 277:1.0 288:1.0 303:1.0 
-1.0 1.0 
-1.0 1.0 
-0.007629917115128138 0.0 36:1.0 169:1.0 173:1.0 202:1.0 293:1.0 
-1.0 1.0 
-1.0 1.0 
-1.0 1.0 
-1.0 1.0 
-0.0 0.4921353833383284 276:1.0 
-1.0 1.0 
-1.0 1.0 
-1.0 1.0 99:1.0 
-1.0 1.0 
-1.0 1.0 
-1.0 1.0 
-1.0 1.0 
-1.0 1.0 
-1.0 1.0 
-1.0 1.0 
-0.2374830484906928 0.581609555469344 146:1.0 168:1.0 
-0.2374324580404133 0.029921370983798098 11:1.0 180:1.0 
-1.0 1.0 
-1.0 1.0 
-0.8409371728947063 1.0 66:1.0 110:1.0 
-0.0 1.0 51:1.0 
-0.4530893310320345 1.0 80:1.0 
-1.0 1.0 
-1.0 1.0 
-1.0 1.0 176:1.0 
-1.0 1.0 
-1.0 1.0 
-1.0 1.0 
-1.0 1.0 
-1.0 1.0 
-0.16566205787535931 1.0 247:1.0 
-0.7769523965826363 1.0 33:1.0 
-1.0 1.0 
-1.0 1.0 
-1.0 1.0 
-1.0 1.0 
-0.8893348599426304 0.0 67:1.0 
-0.2984102377647954 0.7666218034883043 7:1.0 119:1.0 270:1.0 310:1.0 
-1.0 1.0 
-1.0 1.0 
-0.16857101684434442 1.0 165:1.0 
-1.0 1.0 
-1.0 1.0 
-0.06068077336956646 0.0 234:1.0 
-1.0 1.0 
-1.0 1.0 
-1.0 0.9502213010003913 143:1.0 
-1.0 1.0 
-0.37105372184436386 1.0 85:1.0 117:1.0 
-1.0 1.0 
-0.5434763689729684 0.5878805703224528 102:1.0 
-1.0 1.0 
-1.0 1.0 
-1.0 1.0 
-1.0 1.0 
-1.0 1.0 115:1.0 
-1.0 1.0 
-1.0 1.0 
-1.0 0.4169309394585985 141:1.0 
-0.24647816135702239 1.0 127:1.0 215:1.0 232:1.0 
-1.0 1.0 
-0.021474495490185277 0.2057555071639222 250:1.0 
-1.0 1.0 
-1.0 1.0 
-1.0 1.0 
-1.0 1.0 
-0.4566220669530054 1.0 268:1.0 
-1.0 1.0 
-1.0 1.0 
-1.0 1.0 
-1.0 1.0 
-0.39562025081894875 0.28663633710138514 207:1.0 272:1.0 
-1.0 1.0 
-1.0 1.0 
-0.3549718780089096 1.0 93:1.0 
-1.0 1.0 
-1.0 1.0 
-1.0 1.0 
-1.0 1.0 
-1.0 0.232406759959841 207:1.0 
-1.0 1.0 
-0.0040884071640886815 0.0 149:1.0 228:1.0 284:1.0 
-1.0 1.0 
-1.0 1.0 
-0.0037170790782387795 0.0 82:1.0 
-0.4505669132570389 1.0 164:1.0 
-0.2650242268258962 0.4948137288693115 31:1.0 244:1.0 
-1.0 1.0 
-1.0 1.0 
-1.0 1.0 
-1.0 1.0 
-1.0 1.0 
-1.0 1.0 
-1.0 1.0 
-1.0 1.0 
-1.0 1.0 
-1.0 1.0 
-1.0 1.0 
-1.0 1.0 
-0.24201713801147604 0.9030141247969977 17:1.0 220:1.0 
-1.0 1.0 
-1.0 1.0 
-0.1055652518928706 0.11419720137341285 100:1.0 
-0.11824819902128107 0.25581583053863394 172:1.0 
-1.0 1.0 
-1.0 1.0 
-1.0 1.0 
-0.4450843309735376 1.0 276:1.0 
-1.0 1.0 
-0.2527876487228658 0.46477231571508354 95:1.0 
-1.0 1.0 178:1.0 
-1.0 1.0 
-0.14959951132583624 0.7891109404712805 4:1.0 52:1.0 255:1.0 
-1.0 1.0 
-1.0 1.0 
-0.0 0.888532743182306 269:1.0 
-1.0 1.0 
-1.0 1.0 
-1.0 1.0 
-1.0 1.0 
-1.0 1.0 56:1.0 157:1.0 
-1.0 1.0 
-1.0 1.0 
-1.0 1.0 
-0.5809461424791014 0.6291671562045074 55:1.0 135:1.0 181:1.0 187:1.0 277:1.0 288:1.0 303:1.0 
-1.0 1.0 
-1.0 1.0 
-0.4989971584697536 0.5412309062506295 76:1.0 112:1.0 311:1.0 
-1.0 1.0 
-0.45199771227271557 0.49157249151661386 188:1.0 
-1.0 1.0 
-1.0 1.0 
-1.0 1.0 
-0.0 0.4922302930105524 39:1.0 
-0.0 1.0 108:1.0 
-1.0 1.0 
-1.0 1.0 
-1.0 1.0 
-1.0 1.0 
-1.0 1.0 
-1.0 1.0 
-1.0 1.0 
-1.0 0.8700901969246555 9:1.0 42:1.0 78:1.0 
-1.0 1.0 
-1.0 1.0 
-1.0 1.0 
-1.0 1.0 
-0.4408293358219341 0.0 239:1.0 
-1.0 1.0 
-0.3510495473843478 0.8231445389353257 107:1.0 114:1.0 180:1.0 231:1.0 
-1.0 1.0 
-1.0 1.0 
-1.0 1.0 
-0.2103382399662505 0.0 36:1.0 169:1.0 250:1.0 293:1.0 
-0.25675873844625596 1.0 41:1.0 236:1.0 
-0.23408251358354012 1.0 170:1.0 
-1.0 1.0 
-0.19625310847421235 0.0 59:1.0 143:1.0 272:1.0 
-1.0 1.0 
-1.0 1.0 
-1.0 1.0 105:1.0 
-0.035397945563739174 1.0 162:1.0 
-0.07208656248267524 1.0 250:1.0 
-1.0 1.0 
-0.2608803602544137 1.0 162:1.0 168:1.0 
-1.0 0.4920597381975745 126:1.0 
-1.0 1.0 
-1.0 1.0 
-0.20458919682507526 0.3416738499309239 1:1.0 51:1.0 98:1.0 
-0.8806692946100337 1.0 176:1.0 
-0.0 0.7165527530987428 35:1.0 46:1.0 88:1.0 186:1.0 286:1.0 
-0.05290570716845726 0.9233806083881474 156:1.0 
-1.0 1.0 
-1.0 1.0 
-0.45057371481582437 0.4922750303638064 262:1.0 
-1.0 1.0 
-0.46451828258234124 0.0 132:1.0 
-0.43056298599833065 0.0 50:1.0 182:1.0 304:1.0 
-1.0 1.0 
-1.0 1.0 244:1.0 
-0.2583339230548481 0.6084747406892462 17:1.0 275:1.0 
-1.0 1.0 162:1.0 
-1.0 1.0 
-0.16511934749427104 1.0 35:1.0 
-1.0 1.0 
-0.6626446397389817 1.0 189:1.0 
-1.0 1.0 
-1.0 1.0 
-1.0 1.0 
-0.1689296599432155 0.23989997189133289 241:1.0 
-1.0 1.0 48:1.0 264:1.0 
-1.0 1.0 
-1.0 1.0 
-1.0 1.0 
-0.44815889402944553 1.0 248:1.0 
-1.0 1.0 
-1.0 1.0 
-1.0 1.0 
-1.0 1.0 
-1.0 1.0 
-1.0 1.0 
-0.023203048541432705 0.05949181296248249 29:1.0 91:1.0 120:1.0 185:1.0 216:1.0 235:1.0 253:1.0 285:1.0 291:1.0 294:1.0 301:1.0 309:1.0 312:1.0 
-1.0 1.0 
-1.0 1.0 
-1.0 1.0 
-1.0 1.0 
-1.0 1.0 
-0.3071402531735471 1.0 108:1.0 
-0.0 0.39805778995428287 82:1.0 
-1.0 1.0 
-0.17362399593223146 0.0 275:1.0 
-0.10798325375527154 0.04015495465082613 91:1.0 93:1.0 
-1.0 1.0 
-1.0 1.0 142:1.0 
-1.0 1.0 
-1.0 1.0 
-0.20641828032932996 0.5888285004265402 88:1.0 123:1.0 141:1.0 274:1.0 
-1.0 1.0 
-1.0 1.0 
-1.0 1.0 
-0.5205458995510249 0.5641639143810148 44:1.0 100:1.0 124:1.0 295:1.0 308:1.0 
-1.0 1.0 231:1.0 
-1.0 1.0 
-1.0 1.0 
-1.0 1.0 90:1.0 
-1.0 1.0 
-1.0 1.0 
-1.0 1.0 
-1.0 1.0 
-1.0 1.0 
-1.0 1.0 
-1.0 1.0 
-1.0 1.0 
-1.0 1.0 
-1.0 1.0 
-0.0 0.23237634148074734 272:1.0 
-0.45671141202730947 0.28937696492487813 33:1.0 145:1.0 
-0.30814111868993493 0.5611172089512828 149:1.0 228:1.0 284:1.0 
-1.0 0.24034306957761176 40:1.0 
-1.0 1.0 
-0.25912825644515064 1.0 196:1.0 213:1.0 
-0.45199771227271596 1.0 237:1.0 
-1.0 1.0 
-1.0 1.0 
-1.0 1.0 
-1.0 1.0 
-1.0 1.0 45:1.0 102:1.0 
-1.0 1.0 
-1.0 1.0 
-0.027283921380058453 0.1397314165241376 20:1.0 
-0.4484015962689178 0.4921494449137629 81:1.0 
-0.3828338074323825 0.9151094813687786 36:1.0 169:1.0 173:1.0 202:1.0 293:1.0 
-0.9070297572153402 0.0 168:1.0 
-1.0 0.9174537398231675 
-0.22459389255917078 0.26061297312205717 5:1.0 121:1.0 198:1.0 
-1.0 1.0 
-0.14570279550174672 0.0 148:1.0 
-1.0 1.0 
-1.0 1.0 231:1.0 
-1.0 1.0 
-1.0 1.0 
-1.0 1.0 
-1.0 1.0 
-0.07391114391205772 1.0 218:1.0 221:1.0 
-1.0 1.0 
-1.0 1.0 
-0.12285742339335098 0.0 138:1.0 
-1.0 1.0 
-0.10998285026691793 0.029097856933899446 59:1.0 118:1.0 
-1.0 1.0 
-0.1546398916436356 0.0 192:1.0 
-1.0 1.0 
-1.0 1.0 
-0.009911755378651577 0.0 7:1.0 119:1.0 310:1.0 
-0.02524129957905722 0.0 183:1.0 
-1.0 1.0 
-1.0 1.0 
-1.0 1.0 
-1.0 1.0 
-0.45324797528906574 1.0 14:1.0 
-1.0 1.0 
-1.0 1.0 
-0.07214440360583656 0.0 57:1.0 116:1.0 
-0.17814242085188564 0.0 119:1.0 143:1.0 
-1.0 1.0 
-1.0 1.0 
-0.16481096069062517 0.0 7:1.0 119:1.0 310:1.0 
-1.0 1.0 
-1.0 1.0 
-1.0 1.0 
-1.0 1.0 
-1.0 1.0 
-1.0 1.0 
-0.44994244991853455 0.49496018340421843 128:1.0 
-1.0 1.0 
-1.0 1.0 
-1.0 1.0 
-0.004703439065577212 0.0 151:1.0 
-0.06275084453776703 1.0 149:1.0 
-1.0 1.0 
-1.0 1.0 
-1.0 1.0 
-1.0 1.0 
-1.0 1.0 
-1.0 1.0 
-1.0 1.0 
-1.0 1.0 
-1.0 1.0 
-1.0 1.0 
-1.0 1.0 
-1.0 1.0 
-0.2456331600082324 1.0 59:1.0 232:1.0 
-1.0 1.0 
-1.0 1.0 
-0.31322083065691253 1.0 101:1.0 
-1.0 1.0 
-1.0 1.0 
-0.41170098394315935 1.0 94:1.0 
-1.0 1.0 
-1.0 0.4930744857761213 77:1.0 
-1.0 1.0 
-1.0 1.0 
-0.08666435866806263 0.0 127:1.0 
-1.0 1.0 
-1.0 1.0 
-1.0 1.0 
-0.23748592014907027 0.581070800525363 220:1.0 
-1.0 1.0 
-0.21275549274941868 1.0 31:1.0 
-1.0 1.0 208:1.0 231:1.0 
-1.0 1.0 
-1.0 1.0 
-1.0 1.0 
-1.0 1.0 
-1.0 1.0 
-1.0 1.0 
-1.0 1.0 
-0.0 0.49157249151661375 190:1.0 
-0.31210599332581757 0.4914808416086874 63:1.0 
-0.8740502632446142 1.0 
-0.0 1.0 
-0.0 1.0 
-0.0 1.0 
-0.2824460496142076 0.9125096019854031 65:1.0 137:1.0 
-0.0 1.0 
-0.0 1.0 
-0.0 1.0 
-1.0 0.0 151:1.0 
-0.0 1.0 
-0.0 1.0 
-0.0 1.0 
-0.9893846373894409 0.49394111814838465 132:1.0 
-0.0 1.0 
-0.0 1.0 
-0.0 0.8437685907991852 34:1.0 
-0.1928488056561869 1.0 122:1.0 273:1.0 280:1.0 
-0.09250008014177115 0.27682341363689517 255:1.0 269:1.0 
-0.0 1.0 
-0.0 1.0 
-0.4559864900237569 1.0 190:1.0 
-0.0 1.0 
-0.9134420279671472 0.49153972243048216 239:1.0 
-0.0 0.5701108017148755 
-0.0 0.9716003534852495 179:1.0 
-0.3600470793222154 0.0 75:1.0 114:1.0 
-0.1007356514800171 1.0 85:1.0 
-0.08992527565167728 0.0 91:1.0 148:1.0 
-0.4491860992561798 1.0 39:1.0 
-1.0 1.0 205:1.0 
-0.4156746696270786 0.3666458231802488 29:1.0 120:1.0 131:1.0 167:1.0 185:1.0 263:1.0 296:1.0 312:1.0 
-0.4506655018274436 1.0 82:1.0 
-0.24046344966703595 0.7839384654887941 146:1.0 
-0.3915333214556445 0.4848893814798719 35:1.0 111:1.0 186:1.0 286:1.0 
-0.39002117420460675 0.0 77:1.0 155:1.0 156:1.0 247:1.0 
-0.9401320283373915 0.491999689681362 144:1.0 
-0.5447953878297754 0.043367912368634055 151:1.0 
-0.9815950631039516 0.2096412072153462 46:1.0 103:1.0 130:1.0 297:1.0 
-0.1375418518272511 0.6953917856798911 49:1.0 75:1.0 156:1.0 
-0.2906099618619841 0.6579771129650802 1:1.0 98:1.0 
-0.10696112500789715 1.0 71:1.0 197:1.0 270:1.0 
-1.0 -1.0 
-1.0 -1.0 
-1.0 -1.0 
-1.0 -1.0 
-1.0 -1.0 23:1.0 
-1.0 -1.0 
-1.0 -1.0 
-0.0 -1.0 85:1.0 
-1.0 -1.0 18:1.0 
-1.0 -1.0 
-1.0 -1.0 
-1.0 -1.0 
-1.0 -1.0 
-1.0 -1.0 
-1.0 -1.0 
-1.0 -1.0 
-1.0 -1.0 56:1.0 
-1.0 -1.0 
-1.0 -1.0 205:1.0 
-1.0 -1.0 
-1.0 -1.0 
-1.0 -1.0 
-0.06015091751734207 -1.0 129:1.0 
-0.0 -1.0 265:1.0 
-1.0 -1.0 24:1.0 
-1.0 -1.0 
-0.0 -1.0 51:1.0 
-1.0 -1.0 
-1.0 -1.0 
-0.0 -0.5786408907783639 43:1.0 158:1.0 160:1.0 281:1.0 302:1.0 
-1.0 -1.0 
-1.0 -1.0 
-1.0 -1.0 
-1.0 -1.0 
-1.0 -1.0 
-1.0 -1.0 139:1.0 
-1.0 -1.0 
-1.0 -1.0 
-1.0 -1.0 
-1.0 -1.0 
-1.0 -1.0 
-0.7113373339545795 -1.0 276:1.0 
-1.0 -1.0 82:1.0 143:1.0 
-1.0 -1.0 
-0.0 -1.0 203:1.0 
-0.0 -1.0 223:1.0 
-1.0 -1.0 
-1.0 -1.0 
-1.0 -1.0 
-0.0 -1.0 217:1.0 
-1.0 -1.0 
-1.0 -1.0 102:1.0 
-1.0 -1.0 
-1.0 -1.0 
-1.0 -1.0 25:1.0 
-1.0 -1.0 
-1.0 -1.0 115:1.0 258:1.0 
-1.0 -1.0 
-1.0 -1.0 
-1.0 -1.0 
-1.0 -1.0 
-0.0 -1.0 232:1.0 
-1.0 -1.0 
-0.7469340113155469 -1.0 52:1.0 229:1.0 
-1.0 -1.0 
-1.0 -1.0 
-1.0 -1.0 
-0.16443515877294274 -1.0 154:1.0 265:1.0 
-1.0 -1.0 
-1.0 -1.0 
-1.0 -1.0 
-1.0 -1.0 
-0.7178398689143657 -1.0 61:1.0 139:1.0 
-1.0 -1.0 
-1.0 -1.0 
-1.0 -1.0 
-0.712916608655724 -1.0 267:1.0 
-1.0 -1.0 
-1.0 -1.0 
-1.0 -1.0 
-0.0 -1.0 16:1.0 
-0.6743311578858261 -1.0 154:1.0 248:1.0 
-0.0 -1.0 53:1.0 194:1.0 
-0.0 -1.0 257:1.0 
-1.0 -1.0 
-1.0 -1.0 
-1.0 -1.0 
-1.0 -1.0 
-0.0 -1.0 255:1.0 
-0.7130185570717493 -1.0 200:1.0 
-1.0 -1.0 
-1.0 -1.0 
-1.0 -1.0 
-0.0 -1.0 162:1.0 
-1.0 -1.0 
-1.0 -1.0 14:1.0 15:1.0 
-0.7115384410961434 -1.0 34:1.0 
-0.40012419843194497 -1.0 80:1.0 196:1.0 
-0.7121616652774073 -1.0 166:1.0 
-1.0 -1.0 
-1.0 -1.0 
-0.0 -1.0 201:1.0 
-0.0 -1.0 26:1.0 73:1.0 149:1.0 
-1.0 -1.0 
-0.712969930560565 -1.0 190:1.0 
-1.0 -1.0 
-1.0 -1.0 
-0.7129166086557231 -1.0 68:1.0 
-1.0 -1.0 
-1.0 -1.0 
-1.0 -1.0 
-1.0 -1.0 
-1.0 -1.0 
-0.7130185570717513 -1.0 31:1.0 
-1.0 -1.0 73:1.0 146:1.0 168:1.0 
-1.0 -1.0 
-1.0 -1.0 
-1.0 -1.0 
-1.0 -1.0 
-0.7168764959210655 -1.0 65:1.0 157:1.0 
-0.0 -1.0 184:1.0 
-0.7116340837149704 -1.0 255:1.0 
-0.39855984849698994 -1.0 110:1.0 265:1.0 
-0.7115384410961453 -1.0 39:1.0 
-1.0 -1.0 
-1.0 -1.0 141:1.0 274:1.0 
-1.0 -1.0 
-1.0 -1.0 
-1.0 -1.0 
-1.0 -1.0 
-1.0 -1.0 
-1.0 -1.0 
-1.0 -1.0 99:1.0 
-1.0 -1.0 
-1.0 -1.0 
-1.0 -1.0 
-1.0 -1.0 
-1.0 -1.0 
-0.0 -1.0 162:1.0 
-1.0 -1.0 
-1.0 -1.0 
-1.0 -1.0 
-1.0 -1.0 
-1.0 -1.0 35:1.0 186:1.0 258:1.0 286:1.0 
-1.0 -1.0 
-1.0 -1.0 
-1.0 -1.0 260:1.0 
-1.0 -1.0 
-1.0 -1.0 
-0.0 -1.0 35:1.0 
-1.0 -1.0 
-0.7166131882841534 -1.0 121:1.0 184:1.0 
-1.0 -1.0 
-0.43618615171963315 -1.0 69:1.0 
-0.0 -1.0 163:1.0 
-1.0 -1.0 
-0.712322318765817 -1.0 179:1.0 
-1.0 -1.0 
-1.0 -1.0 
-1.0 -1.0 
-1.0 -1.0 
-1.0 -1.0 
-1.0 -1.0 
-0.7115387762633008 -1.0 198:1.0 
-0.34120093841855637 -1.0 164:1.0 
-1.0 -1.0 
-0.5738156496718454 -1.0 202:1.0 
-1.0 -1.0 
-1.0 -1.0 
-1.0 -1.0 45:1.0 197:1.0 
-1.0 -1.0 26:1.0 243:1.0 
-1.0 -1.0 
-1.0 -1.0 
-0.8756715051264482 -1.0 27:1.0 182:1.0 299:1.0 
-0.7113856370021784 -1.0 137:1.0 
-0.0 -1.0 231:1.0 
-1.0 -1.0 
-1.0 -1.0 
-0.7129312163152132 -1.0 245:1.0 
-1.0 -1.0 
-0.20414812217906061 -1.0 14:1.0 247:1.0 
-1.0 -1.0 
-0.712355333235643 -1.0 257:1.0 
-1.0 -1.0 171:1.0 
-0.0 -1.0 58:1.0 
-0.8490674930810362 -1.0 106:1.0 177:1.0 
-1.0 -1.0 
-0.5922307672417667 -1.0 231:1.0 
-1.0 -1.0 
-1.0 -1.0 178:1.0 
-1.0 -1.0 
-1.0 -1.0 
-1.0 -1.0 
-0.0 -1.0 232:1.0 
-0.0 -1.0 2:1.0 
-1.0 -1.0 
-1.0 -1.0 
-0.0 -1.0 222:1.0 
-1.0 -1.0 
-1.0 -1.0 
-1.0 -1.0 
-0.0 -1.0 122:1.0 273:1.0 280:1.0 
-1.0 -1.0 162:1.0 171:1.0 259:1.0 264:1.0 
-0.0 -1.0 85:1.0 
-1.0 -1.0 
-1.0 -1.0 
-0.7157113832689778 -1.0 59:1.0 
-1.0 -1.0 
-0.827512831346205 -1.0 98:1.0 176:1.0 
-1.0 -1.0 
-1.0 -1.0 
-0.0 -1.0 157:1.0 
-1.0 -1.0 
-1.0 -1.0 
-1.0 -1.0 153:1.0 
-1.0 -1.0 
-1.0 -1.0 147:1.0 211:1.0 298:1.0 
-0.0 -1.0 154:1.0 
-0.18553324163367613 -1.0 16:1.0 202:1.0 269:1.0 270:1.0 
-0.9253318997941645 -1.0 224:1.0 
-1.0 -1.0 
-1.0 -1.0 
-0.7477107142765654 -1.0 53:1.0 194:1.0 
-1.0 -1.0 
-1.0 -1.0 
-1.0 -1.0 
-1.0 -1.0 
-1.0 -1.0 
-1.0 -1.0 
-1.0 -1.0 
-1.0 -1.0 
-1.0 -1.0 
-1.0 -1.0 70:1.0 
-0.34270877071969774 -1.0 10:1.0 
-1.0 -1.0 
-1.0 -1.0 
-1.0 -1.0 189:1.0 
-1.0 -1.0 
-1.0 -1.0 
-1.0 -1.0 
-1.0 -1.0 
-0.4106345029937146 -1.0 164:1.0 221:1.0 
-0.4641900755414936 -1.0 97:1.0 108:1.0 
-1.0 -1.0 
-1.0 -1.0 
-1.0 -1.0 
-1.0 -1.0 
-1.0 -1.0 
-1.0 -1.0 
-1.0 -1.0 
-1.0 -1.0 
-0.3489057788220938 -1.0 196:1.0 
-1.0 -1.0 150:1.0 162:1.0 270:1.0 
-1.0 -1.0 
-1.0 -1.0 
-1.0 -1.0 
-1.0 -1.0 
-1.0 -1.0 
-0.8556411015890885 -1.0 56:1.0 73:1.0 177:1.0 
-0.0 -1.0 265:1.0 
-1.0 -1.0 176:1.0 
-1.0 -1.0 
-0.44577494197456896 -1.0 184:1.0 
-1.0 -1.0 
-1.0 -1.0 
-1.0 -1.0 
-1.0 -1.0 84:1.0 201:1.0 208:1.0 
-1.0 -1.0 
-0.5745128079767046 -1.0 16:1.0 
-1.0 -1.0 
-0.7116750592974553 -1.0 165:1.0 
-0.18916990659012994 -1.0 203:1.0 220:1.0 
-1.0 -1.0 
-1.0 -1.0 9:1.0 
-1.0 -1.0 
-1.0 -1.0 
-1.0 -1.0 
-1.0 -1.0 
-1.0 -1.0 
-1.0 -1.0 
-1.0 -1.0 
-1.0 -1.0 
-0.3428754638601089 -1.0 71:1.0 
-1.0 -1.0 
-1.0 -1.0 229:1.0 
-0.0 -1.0 43:1.0 158:1.0 160:1.0 281:1.0 302:1.0 
-1.0 -1.0 
-0.7129482127916472 -1.0 58:1.0 
-1.0 -1.0 
-0.0 -1.0 206:1.0 
-1.0 -1.0 
-0.67841910060324 -1.0 249:1.0 269:1.0 
-1.0 -1.0 
-1.0 -1.0 
-1.0 -1.0 
-1.0 -1.0 13:1.0 84:1.0 
-1.0 -1.0 
-1.0 -1.0 
-0.7129133777306434 -1.0 21:1.0 
-0.848507927955055 -1.0 43:1.0 158:1.0 160:1.0 281:1.0 302:1.0 
-1.0 -1.0 
-0.747231881933533 -1.0 18:1.0 62:1.0 
-0.0 -1.0 269:1.0 
-1.0 -1.0 
-1.0 -1.0 
-1.0 -1.0 
-1.0 -1.0 
-1.0 -1.0 
-1.0 -1.0 
-1.0 -1.0 97:1.0 
-1.0 -1.0 
-1.0 -1.0 
-1.0 -1.0 
-0.0 -1.0 265:1.0 
-1.0 -1.0 191:1.0 
-1.0 -1.0 244:1.0 
-0.7111081425738951 -1.0 85:1.0 
-1.0 -1.0 
-0.8245320230885994 -1.0 176:1.0 236:1.0 
-0.5970891174681257 -1.0 32:1.0 113:1.0 149:1.0 228:1.0 284:1.0 313:1.0 
-0.0 -1.0 106:1.0 
-0.7113373339545781 -1.0 17:1.0 
-1.0 -1.0 
-1.0 -1.0 
-1.0 -1.0 
-1.0 -1.0 
-1.0 -1.0 
-0.7157542359414752 -1.0 232:1.0 
-0.4068547464785442 -1.0 10:1.0 71:1.0 
-0.7189504566762197 -1.0 20:1.0 129:1.0 
-1.0 -1.0 
-0.7129312163152128 -1.0 88:1.0 
-0.7129166241669767 -1.0 79:1.0 
-1.0 -1.0 
-1.0 -1.0 
-1.0 -1.0 
-0.0 -1.0 203:1.0 
-1.0 -1.0 
-0.26589284383271794 -1.0 184:1.0 203:1.0 252:1.0 
-0.7109600543944016 -1.0 170:1.0 
-1.0 -1.0 
-1.0 -1.0 
-1.0 -1.0 
-0.712008820569603 -1.0 101:1.0 
-1.0 -1.0 
-1.0 -1.0 
-1.0 -1.0 
-1.0 -1.0 
-1.0 -1.0 
-1.0 -1.0 
-1.0 -1.0 
-0.7114831623389561 -1.0 156:1.0 
-0.7129482127916474 -1.0 93:1.0 
-0.7111843451274685 -1.0 223:1.0 
-1.0 -1.0 27:1.0 182:1.0 299:1.0 
-0.7130274154121748 -1.0 41:1.0 
-1.0 -1.0 
-1.0 -1.0 
-0.787844137348191 -1.0 224:1.0 
-1.0 -1.0 258:1.0 
-0.7819785599713789 -1.0 122:1.0 273:1.0 280:1.0 
-0.0 -1.0 206:1.0 
-1.0 -1.0 
-1.0 -1.0 
-1.0 -1.0 
-1.0 -1.0 
-1.0 -1.0 
-1.0 -1.0 
-1.0 -1.0 231:1.0 
-1.0 -1.0 191:1.0 204:1.0 266:1.0 
-1.0 -1.0 
-1.0 -1.0 47:1.0 
-0.0 -1.0 6:1.0 
-0.206059331018973 -1.0 14:1.0 70:1.0 
-0.4082442908903063 -1.0 4:1.0 26:1.0 37:1.0 149:1.0 
-1.0 -1.0 
-0.6300488400704571 -1.0 108:1.0 191:1.0 
-1.0 -1.0 99:1.0 
-1.0 -1.0 
-0.4434645239209269 -1.0 37:1.0 184:1.0 
-1.0 -1.0 
-1.0 -1.0 
-1.0 -1.0 
-0.0 -1.0 209:1.0 
-1.0 -1.0 
-0.35181755078426646 -1.0 80:1.0 
-1.0 -1.0 
-1.0 -1.0 
-1.0 -1.0 
-1.0 -1.0 182:1.0 268:1.0 
-1.0 -1.0 
-1.0 -1.0 
-1.0 -1.0 
-1.0 -1.0 
-1.0 -1.0 
-1.0 -1.0 
-1.0 -1.0 
-1.0 -1.0 
-1.0 -1.0 
-1.0 -1.0 
-1.0 -1.0 
-1.0 -1.0 
-1.0 -1.0 103:1.0 138:1.0 
-1.0 -1.0 
-0.3512137125217876 -1.0 110:1.0 
-0.0 -1.0 265:1.0 
-1.0 -1.0 74:1.0 203:1.0 
-1.0 -1.0 
-0.711125835214813 -1.0 213:1.0 
-0.7479357144146843 -1.0 95:1.0 173:1.0 212:1.0 250:1.0 
-1.0 -1.0 
-1.0 -1.0 
-1.0 -1.0 
-1.0 -1.0 
-1.0 -1.0 12:1.0 206:1.0 
-1.0 -1.0 
-1.0 -1.0 
-0.0 -1.0 48:1.0 
-1.0 -1.0 28:1.0 
-1.0 -1.0 
-1.0 -1.0 
-1.0 -1.0 
-1.0 -1.0 
-1.0 -1.0 222:1.0 
-0.9882476422525424 -1.0 75:1.0 105:1.0 217:1.0 
-1.0 -1.0 
-0.0 -1.0 48:1.0 
-1.0 -1.0 
-1.0 -1.0 
-1.0 -1.0 
-1.0 -1.0 
-0.710960054394403 -1.0 163:1.0 
-1.0 -1.0 
-1.0 -1.0 
-0.842586353649859 -1.0 141:1.0 268:1.0 
-1.0 -1.0 
-0.33964631016387886 -1.0 221:1.0 
-1.0 -1.0 
-1.0 -1.0 
-1.0 -1.0 
-1.0 -1.0 231:1.0 
-1.0 -1.0 
-1.0 -1.0 
-1.0 -1.0 
-1.0 -1.0 
-1.0 -1.0 
-1.0 -1.0 
-1.0 -1.0 30:1.0 209:1.0 
-0.7128221979586228 -1.0 218:1.0 
-0.062491995958654345 -1.0 61:1.0 
-0.7155569773175927 -1.0 222:1.0 
-1.0 -1.0 
-1.0 -1.0 
-1.0 -1.0 
-1.0 -1.0 
-1.0 -1.0 
-1.0 -1.0 
-1.0 -1.0 
-1.0 -1.0 
-0.0 -1.0 157:1.0 
-1.0 -1.0 
-0.0 -1.0 254:1.0 
-1.0 -1.0 
-1.0 -1.0 
-1.0 -1.0 143:1.0 
-1.0 -1.0 
-0.0 -1.0 270:1.0 
-1.0 -1.0 
-0.0 -0.7324879842876808 32:1.0 113:1.0 174:1.0 251:1.0 279:1.0 287:1.0 313:1.0 
-1.0 -1.0 
-1.0 -1.0 
-1.0 -1.0 
-0.7326473778395307 -0.9953511136217067 32:1.0 113:1.0 174:1.0 251:1.0 279:1.0 287:1.0 313:1.0 
-1.0 -1.0 
-0.9376260725492133 -1.0 231:1.0 
-1.0 -1.0 
-1.0 -1.0 
-1.0 -1.0 83:1.0 
-1.0 -1.0 
-1.0 -1.0 
-0.3883417882605319 -1.0 
-0.7118811553952792 -1.0 133:1.0 
-0.7118811553952784 -1.0 193:1.0 
-0.0 -1.0 
-0.0 -1.0 
-0.0 -1.0 
-0.0 -1.0 
-0.0 -1.0 
-0.0 -1.0 
-0.0 -1.0 
-0.0 -1.0 
-0.0 -1.0 
-0.0 -1.0 
-0.7106340084710914 -1.0 51:1.0 
-0.0 -1.0 
-0.0 -1.0 
-0.0 -1.0 217:1.0 
-0.0 -1.0 
-1.0 -1.0 118:1.0 142:1.0 237:1.0 
-0.0 -1.0 
-0.06555245220791384 -1.0 157:1.0 
-0.0 -1.0 
-1.0 -1.0 33:1.0 254:1.0 
-0.0 -1.0 
-0.7129346641807294 -1.0 48:1.0 
-0.0 -1.0 
-0.0 -1.0 
-0.0 -1.0 
-0.0 -1.0 73:1.0 
-1.0 -1.0 147:1.0 
-0.0 -1.0 
-0.0 -1.0 
-1.0 -1.0 87:1.0 
-0.0 -1.0 
-0.0 -1.0 265:1.0 
-0.0 -1.0 
-0.0 -1.0 269:1.0 
-0.2014133331141922 -1.0 265:1.0 
-1.0 -1.0 27:1.0 64:1.0 104:1.0 182:1.0 261:1.0 283:1.0 290:1.0 292:1.0 299:1.0 
-0.0 -1.0 
-0.3763706023652248 -1.0 49:1.0 69:1.0 75:1.0 250:1.0 
-1.0 -1.0 230:1.0 
-0.0 -1.0 
-0.0 -1.0 
-0.0 -1.0 
-0.0 -1.0 
-1.0 -1.0 90:1.0 
-0.7116340837149704 -1.0 2:1.0 
-0.7155119831470993 -1.0 136:1.0 
-0.0 -1.0 
-0.7131516757698562 -1.0 94:1.0 
-0.9099580576577966 -1.0 55:1.0 135:1.0 181:1.0 187:1.0 277:1.0 288:1.0 303:1.0 
-0.0 -1.0 
-0.0 -1.0 
-0.7129699305605649 -1.0 6:1.0 
-0.0 -1.0 
