svm_type c_svc
kernel_type rbf
gamma 0.001
nr_class 3
total_sv 1610
rho -0.13049336888201074 -0.007620802620730364 0.10881517335813384
label 2 0 1
nr_sv 419 654 537
SV
10.0 10.0 
10.0 10.0 271:1.0 
10.0 10.0 
10.0 10.0 64:1.0 125:1.0 182:1.0 261:1.0 283:1.0 292:1.0 
10.0 10.0 
10.0 10.0 99:1.0 204:1.0 
10.0 10.0 
10.0 10.0 
10.0 10.0 
10.0 10.0 
10.0 10.0 
10.0 10.0 
10.0 10.0 
10.0 10.0 
10.0 10.0 
10.0 10.0 33:1.0 115:1.0 226:1.0 258:1.0 
10.0 10.0 243:1.0 
10.0 10.0 
10.0 10.0 
10.0 10.0 
10.0 10.0 
10.0 10.0 
10.0 10.0 151:1.0 
10.0 10.0 
10.0 10.0 
10.0 10.0 47:1.0 
10.0 10.0 
10.0 10.0 
10.0 10.0 205:1.0 
10.0 10.0 
10.0 10.0 
10.0 10.0 
10.0 10.0 
10.0 10.0 
10.0 10.0 
10.0 10.0 159:1.0 177:1.0 
10.0 10.0 
10.0 10.0 77:1.0 
10.0 10.0 
10.0 10.0 
10.0 10.0 13:1.0 23:1.0 54:1.0 
10.0 10.0 
10.0 10.0 64:1.0 125:1.0 182:1.0 261:1.0 283:1.0 292:1.0 
10.0 10.0 
10.0 10.0 
10.0 10.0 
10.0 10.0 
10.0 10.0 
10.0 10.0 
10.0 10.0 
10.0 10.0 
10.0 10.0 
10.0 10.0 204:1.0 
10.0 10.0 
10.0 10.0 
10.0 10.0 
10.0 10.0 40:1.0 
10.0 10.0 
10.0 10.0 
10.0 10.0 
10.0 10.0 90:1.0 
10.0 10.0 72:1.0 92:1.0 195:1.0 278:1.0 306:1.0 
10.0 10.0 
10.0 10.0 
10.0 10.0 
10.0 10.0 74:1.0 96:1.0 
10.0 10.0 141:1.0 
10.0 10.0 99:1.0 
10.0 10.0 
10.0 10.0 
10.0 10.0 27:1.0 64:1.0 104:1.0 182:1.0 225:1.0 261:1.0 283:1.0 290:1.0 292:1.0 299:1.0 
10.0 10.0 15:1.0 125:1.0 
10.0 10.0 
10.0 10.0 
10.0 10.0 
10.0 10.0 15:1.0 19:1.0 
10.0 10.0 
10.0 10.0 139:1.0 
10.0 10.0 
10.0 10.0 
10.0 10.0 
10.0 10.0 
10.0 10.0 
10.0 10.0 
10.0 10.0 
10.0 10.0 
10.0 10.0 
10.0 10.0 
10.0 10.0 
10.0 10.0 230:1.0 
10.0 10.0 74:1.0 258:1.0 
10.0 10.0 266:1.0 
10.0 10.0 27:1.0 64:1.0 104:1.0 182:1.0 261:1.0 283:1.0 290:1.0 292:1.0 299:1.0 
10.0 10.0 
10.0 10.0 266:1.0 
10.0 10.0 
10.0 10.0 
10.0 10.0 13:1.0 103:1.0 
10.0 10.0 12:1.0 
10.0 10.0 19:1.0 
10.0 10.0 
10.0 10.0 219:1.0 
10.0 10.0 
10.0 10.0 74:1.0 
10.0 10.0 
10.0 10.0 
10.0 10.0 
10.0 10.0 90:1.0 
10.0 10.0 
10.0 10.0 
10.0 10.0 
10.0 10.0 
10.0 10.0 
10.0 10.0 
10.0 10.0 
10.0 10.0 150:1.0 168:1.0 
10.0 10.0 64:1.0 
10.0 10.0 
10.0 10.0 
10.0 10.0 
10.0 10.0 
10.0 10.0 125:1.0 
10.0 10.0 
10.0 10.0 
10.0 10.0 
10.0 10.0 22:1.0 60:1.0 
10.0 10.0 
10.0 10.0 
10.0 10.0 
10.0 10.0 224:1.0 
10.0 10.0 
10.0 10.0 
10.0 10.0 45:1.0 
10.0 10.0 
10.0 10.0 
10.0 10.0 25:1.0 
10.0 10.0 
10.0 10.0 
10.0 10.0 
10.0 10.0 
10.0 10.0 
10.0 10.0 
10.0 10.0 86:1.0 109:1.0 242:1.0 300:1.0 305:1.0 
10.0 10.0 244:1.0 
10.0 10.0 
10.0 10.0 
10.0 10.0 
10.0 10.0 
10.0 10.0 
10.0 10.0 
10.0 10.0 
10.0 10.0 
10.0 10.0 
10.0 10.0 
10.0 10.0 66:1.0 258:1.0 
10.0 10.0 
10.0 10.0 
10.0 10.0 
10.0 10.0 
10.0 10.0 8:1.0 9:1.0 
10.0 10.0 231:1.0 
10.0 10.0 8:1.0 9:1.0 189:1.0 
10.0 10.0 191:1.0 
10.0 10.0 
10.0 10.0 15:1.0 
10.0 10.0 70:1.0 
10.0 10.0 83:1.0 84:1.0 
10.0 10.0 147:1.0 211:1.0 298:1.0 
10.0 10.0 105:1.0 117:1.0 
10.0 10.0 191:1.0 
10.0 10.0 89:1.0 162:1.0 231:1.0 
10.0 10.0 
10.0 10.0 
10.0 10.0 184:1.0 
10.0 10.0 159:1.0 
10.0 10.0 264:1.0 
10.0 10.0 151:1.0 
10.0 10.0 89:1.0 
10.0 10.0 
10.0 10.0 
10.0 10.0 
10.0 10.0 30:1.0 89:1.0 
10.0 10.0 
10.0 10.0 
10.0 10.0 
10.0 10.0 
10.0 10.0 143:1.0 182:1.0 225:1.0 261:1.0 283:1.0 
10.0 10.0 132:1.0 
10.0 10.0 
10.0 10.0 153:1.0 
10.0 10.0 
10.0 10.0 
10.0 10.0 
10.0 10.0 
10.0 10.0 
10.0 10.0 
10.0 10.0 171:1.0 
10.0 10.0 
10.0 10.0 229:1.0 
10.0 10.0 
10.0 10.0 
10.0 10.0 143:1.0 
10.0 10.0 
10.0 10.0 
10.0 10.0 
10.0 10.0 246:1.0 
10.0 10.0 
10.0 10.0 
10.0 10.0 
10.0 10.0 97:1.0 
10.0 10.0 258:1.0 
10.0 10.0 22:1.0 115:1.0 
10.0 10.0 
10.0 10.0 182:1.0 
10.0 10.0 
10.0 10.0 74:1.0 
10.0 10.0 
10.0 10.0 
10.0 10.0 145:1.0 
10.0 10.0 
10.0 10.0 143:1.0 
10.0 10.0 
10.0 10.0 
10.0 10.0 204:1.0 
10.0 10.0 
10.0 10.0 260:1.0 
10.0 10.0 
10.0 10.0 211:1.0 
10.0 10.0 
10.0 10.0 56:1.0 
10.0 10.0 
10.0 10.0 
10.0 10.0 131:1.0 239:1.0 
10.0 10.0 
10.0 10.0 
10.0 10.0 96:1.0 171:1.0 
10.0 10.0 141:1.0 
10.0 10.0 
10.0 10.0 64:1.0 103:1.0 104:1.0 130:1.0 282:1.0 290:1.0 297:1.0 
10.0 10.0 
10.0 10.0 
10.0 10.0 13:1.0 23:1.0 54:1.0 64:1.0 130:1.0 282:1.0 
10.0 10.0 56:1.0 176:1.0 
10.0 10.0 
10.0 10.0 
10.0 10.0 
10.0 10.0 175:1.0 182:1.0 
10.0 10.0 
10.0 10.0 176:1.0 
10.0 10.0 260:1.0 
10.0 10.0 
10.0 10.0 
10.0 10.0 
10.0 10.0 
10.0 10.0 
10.0 10.0 231:1.0 
10.0 10.0 
10.0 10.0 
10.0 10.0 
10.0 10.0 
10.0 10.0 
10.0 10.0 86:1.0 109:1.0 242:1.0 300:1.0 305:1.0 
10.0 10.0 
10.0 10.0 103:1.0 
10.0 10.0 
10.0 10.0 
10.0 10.0 208:1.0 
10.0 10.0 
10.0 10.0 
10.0 10.0 
10.0 10.0 
10.0 10.0 168:1.0 
10.0 10.0 24:1.0 60:1.0 
10.0 10.0 
10.0 10.0 
10.0 10.0 24:1.0 
10.0 10.0 24:1.0 
10.0 10.0 
10.0 10.0 
10.0 10.0 
10.0 10.0 
10.0 10.0 
10.0 10.0 
10.0 10.0 
10.0 10.0 260:1.0 
10.0 10.0 
10.0 10.0 
10.0 10.0 
10.0 10.0 
10.0 10.0 60:1.0 114:1.0 
10.0 10.0 
10.0 10.0 
10.0 10.0 
10.0 10.0 
10.0 10.0 
10.0 10.0 
10.0 10.0 264:1.0 
10.0 10.0 260:1.0 
10.0 10.0 126:1.0 
10.0 10.0 
10.0 10.0 28:1.0 258:1.0 
10.0 10.0 
10.0 10.0 
10.0 10.0 78:1.0 
10.0 10.0 
10.0 10.0 
10.0 10.0 22:1.0 90:1.0 115:1.0 
10.0 10.0 
10.0 10.0 
10.0 10.0 
10.0 10.0 
10.0 10.0 144:1.0 
10.0 10.0 
10.0 10.0 
10.0 10.0 
10.0 10.0 
10.0 10.0 
10.0 10.0 
10.0 10.0 204:1.0 226:1.0 
10.0 10.0 
10.0 10.0 
10.0 10.0 60:1.0 233:1.0 
10.0 10.0 256:1.0 307:1.0 
10.0 10.0 
10.0 10.0 246:1.0 
10.0 10.0 
10.0 10.0 
10.0 10.0 
10.0 10.0 207:1.0 
10.0 10.0 
10.0 10.0 72:1.0 92:1.0 195:1.0 278:1.0 306:1.0 
10.0 10.0 18:1.0 
10.0 10.0 178:1.0 
10.0 10.0 117:1.0 
10.0 10.0 
10.0 10.0 
10.0 10.0 
10.0 10.0 
10.0 10.0 96:1.0 
10.0 10.0 
10.0 10.0 258:1.0 
10.0 10.0 
10.0 10.0 
10.0 10.0 
10.0 10.0 
10.0 10.0 
10.0 10.0 
10.0 10.0 
10.0 10.0 
10.0 10.0 
10.0 10.0 
10.0 10.0 
10.0 10.0 
10.0 10.0 72:1.0 92:1.0 195:1.0 278:1.0 306:1.0 
10.0 10.0 
10.0 10.0 
10.0 10.0 
10.0 10.0 
10.0 10.0 
10.0 10.0 
10.0 10.0 
10.0 10.0 
10.0 10.0 
10.0 10.0 
10.0 10.0 
10.0 10.0 54:1.0 
10.0 10.0 3:1.0 
10.0 10.0 
10.0 10.0 
10.0 10.0 30:1.0 
10.0 10.0 
10.0 10.0 
10.0 10.0 
10.0 10.0 
10.0 10.0 
10.0 10.0 
10.0 10.0 
10.0 10.0 
10.0 10.0 67:1.0 147:1.0 
10.0 10.0 
10.0 10.0 
10.0 10.0 271:1.0 
10.0 10.0 47:1.0 
10.0 10.0 
10.0 10.0 142:1.0 
10.0 10.0 
10.0 10.0 
10.0 10.0 
10.0 10.0 
10.0 10.0 
10.0 10.0 
10.0 10.0 
10.0 10.0 
10.0 10.0 
10.0 10.0 
10.0 10.0 67:1.0 
10.0 10.0 
10.0 10.0 
10.0 10.0 
10.0 10.0 87:1.0 
10.0 10.0 
10.0 10.0 
10.0 10.0 102:1.0 
10.0 10.0 
10.0 10.0 147:1.0 211:1.0 298:1.0 
10.0 10.0 
10.0 10.0 
10.0 10.0 
10.0 10.0 
10.0 10.0 222:1.0 
10.0 10.0 
10.0 10.0 
10.0 10.0 
10.0 10.0 
10.0 10.0 3:1.0 
10.0 10.0 
10.0 10.0 
10.0 10.0 
10.0 10.0 
-10.0 10.0 83:1.0 
-0.5772461709889509 10.0 184:1.0 259:1.0 
-0.0 0.6260913723917215 269:1.0 
-0.22014245487135436 0.7347693530914234 52:1.0 
-10.0 10.0 99:1.0 
-0.0 0.5630654291855598 198:1.0 
-0.3000936645013836 0.0 75:1.0 255:1.0 
-0.28804308935821055 10.0 194:1.0 
-0.0 2.5057569848645347 62:1.0 
-0.43235012736390643 5.740147842218732 136:1.0 183:1.0 
-0.0 2.2283272533283784 193:1.0 
-10.0 0.7489922717236781 233:1.0 
-10.0 0.7490993226558893 8:1.0 
-0.13914390229449802 0.0 68:1.0 140:1.0 
-10.0 0.7244886392008045 19:1.0 151:1.0 
-0.47885836521460357 0.7245866242673842 210:1.0 289:1.0 
-0.54750872761839 9.145551406811455 6:1.0 88:1.0 192:1.0 269:1.0 
-0.5044414634163503 10.0 61:1.0 139:1.0 234:1.0 
-0.29757014301737217 10.0 257:1.0 265:1.0 
-0.0 1.3431988683384732 137:1.0 
-0.2881891689059105 8.248620753779825 62:1.0 
-0.5760861787164246 0.0 219:1.0 
-0.0 3.3342545342735637 247:1.0 
-0.513535001999045 10.0 184:1.0 203:1.0 252:1.0 
-0.0 0.7255792884263819 259:1.0 
-0.0 5.121035873653455 38:1.0 73:1.0 
-0.28818916890590063 8.527929340558538 193:1.0 
-10.0 10.0 27:1.0 50:1.0 182:1.0 299:1.0 304:1.0 
-9.979863369231229 0.0 117:1.0 
-10.0 0.7010356048604003 226:1.0 
-10.0 0.0 168:1.0 
-0.49042294746433074 0.19733628023792263 20:1.0 122:1.0 273:1.0 280:1.0 
-0.28836917831799425 10.0 2:1.0 
-0.0 10.0 267:1.0 
-0.2932139600023555 10.0 140:1.0 223:1.0 
-0.43009354090303437 10.0 16:1.0 
-10.0 2.8590292882200097 64:1.0 103:1.0 130:1.0 189:1.0 282:1.0 297:1.0 
-10.0 10.0 87:1.0 
-0.0 10.0 196:1.0 
-2.3097150781705604 0.6745300990790813 143:1.0 267:1.0 
-0.41132206115274467 0.0 21:1.0 78:1.0 
-8.413646265361844 6.877047559111278 27:1.0 50:1.0 182:1.0 299:1.0 304:1.0 
-5.389511248906819 5.711481926468178 150:1.0 218:1.0 
-0.0 10.0 73:1.0 
-10.0 0.6430324776867753 125:1.0 
-10.0 10.0 182:1.0 
-10.0 10.0 30:1.0 230:1.0 
-0.28851542324000556 10.0 129:1.0 
-0.0 10.0 157:1.0 
-0.5767383566360044 0.0 144:1.0 
-10.0 10.0 143:1.0 
-0.0 10.0 164:1.0 
-0.43230866468196216 0.47992604228471497 141:1.0 165:1.0 
-0.0 5.748300584010112 
-0.0 10.0 
-0.0 10.0 
-10.0 5.605490145206356 15:1.0 34:1.0 175:1.0 
-0.0 4.994928552250828 21:1.0 
-0.3303384055033331 0.540713914771712 5:1.0 101:1.0 
-0.0 10.0 
-0.0 10.0 
-0.0 10.0 
-0.2766215032963458 10.0 121:1.0 198:1.0 
-0.0 10.0 
-0.0 10.0 
-0.0 10.0 
-0.0 10.0 
-0.0 10.0 
-0.0 10.0 
-0.0 4.994928552250828 133:1.0 
-0.0 10.0 
-10.0 10.0 28:1.0 
-0.288515423240026 10.0 118:1.0 
-0.0 10.0 
-0.0 0.9418486649053169 49:1.0 122:1.0 
-0.0 10.0 
-0.0 10.0 73:1.0 149:1.0 228:1.0 284:1.0 
-10.0 0.0 67:1.0 114:1.0 
-10.0 10.0 204:1.0 
-0.0 10.0 
-0.0 10.0 
-0.0 10.0 
-0.0 10.0 20:1.0 129:1.0 
-0.0 10.0 
-0.0 10.0 
-0.0 10.0 
-0.0 10.0 
-0.0 10.0 
-0.0 10.0 
-0.0 10.0 
-0.2889344827826691 0.8189564769733275 214:1.0 
-0.0 10.0 
-0.0 10.0 
-10.0 0.6456773411308769 246:1.0 
-0.0 10.0 
-0.0 3.2010647505233796 237:1.0 
-10.0 10.0 141:1.0 
-0.0 1.8789115882749814 248:1.0 
-0.0 10.0 
-0.0 10.0 
-0.0 10.0 
-0.0 10.0 
-0.0 10.0 
-0.0 10.0 
-0.0 10.0 
-0.0 10.0 
-0.0 10.0 
-0.0 10.0 
-0.0 10.0 
-0.0 10.0 
-0.0 10.0 
-0.0 10.0 
-0.0 10.0 
-0.3777147025445483 1.0200304322687397 51:1.0 65:1.0 199:1.0 
-0.0 10.0 231:1.0 
-0.0 10.0 
-0.49143337863931075 1.918916038712743 38:1.0 49:1.0 73:1.0 236:1.0 
-0.0 10.0 
-10.0 0.574881660461446 86:1.0 109:1.0 242:1.0 300:1.0 305:1.0 
-0.0 10.0 
-0.0 10.0 85:1.0 
-9.15017372779483 10.0 184:1.0 
-0.0 10.0 
-0.0 10.0 
-0.0 10.0 
-0.0 10.0 
-0.17328912963791737 9.049020476794261 155:1.0 270:1.0 
-0.0 10.0 
-0.0 10.0 
-10.0 10.0 
-10.0 10.0 
-10.0 10.0 
-10.0 10.0 
-0.39263293686610745 0.0 4:1.0 175:1.0 240:1.0 
-0.0 10.0 66:1.0 106:1.0 157:1.0 
-10.0 10.0 
-10.0 10.0 
-10.0 0.8268432619427655 159:1.0 
-10.0 10.0 
-10.0 10.0 
-0.4323501273639117 10.0 26:1.0 69:1.0 
-0.4325049097343857 0.628224806298573 40:1.0 241:1.0 
-10.0 0.0 90:1.0 
-10.0 10.0 
-10.0 10.0 
-0.0 10.0 255:1.0 
-10.0 10.0 
-10.0 10.0 260:1.0 
-10.0 10.0 
-10.0 10.0 
-10.0 0.0 117:1.0 
-0.7326653401447769 0.0 29:1.0 91:1.0 120:1.0 131:1.0 167:1.0 185:1.0 216:1.0 235:1.0 253:1.0 285:1.0 291:1.0 294:1.0 301:1.0 309:1.0 312:1.0 
-0.0 4.122755767174646 138:1.0 227:1.0 232:1.0 
-10.0 10.0 
-10.0 10.0 
-10.0 10.0 
-10.0 10.0 
-0.0 5.837533556392663 21:1.0 
-10.0 10.0 
-10.0 10.0 
-10.0 10.0 
-3.851462304483327 3.5104624685839365 179:1.0 227:1.0 243:1.0 
-0.1635533190437188 0.0 127:1.0 172:1.0 238:1.0 
-10.0 0.0 145:1.0 
-10.0 10.0 
-10.0 10.0 
-10.0 10.0 
-10.0 10.0 
-0.0 0.8238533714120324 255:1.0 
-10.0 10.0 
-10.0 10.0 
-10.0 10.0 
-10.0 10.0 
-10.0 10.0 
-10.0 10.0 
-10.0 10.0 
-10.0 10.0 
-0.5653696892397693 10.0 176:1.0 
-10.0 10.0 
-0.0 10.0 269:1.0 
-10.0 10.0 
-10.0 10.0 
-2.2605900612364507 0.0 143:1.0 215:1.0 
-0.0 3.382963888234923 75:1.0 
-0.2714996472644974 10.0 138:1.0 184:1.0 
-10.0 10.0 
-0.0 7.045593190121438 59:1.0 73:1.0 
-0.40222441854691704 3.4942742307450523 95:1.0 173:1.0 250:1.0 
-10.0 10.0 
-10.0 10.0 
-10.0 4.287852297691397 90:1.0 
-0.28908101439591927 5.8089373486200655 133:1.0 
-0.28893448278269607 10.0 37:1.0 
-0.0 10.0 122:1.0 273:1.0 280:1.0 
-10.0 10.0 
-10.0 10.0 
-10.0 10.0 
-10.0 10.0 
-0.2936762717993878 0.6841078451416017 134:1.0 172:1.0 238:1.0 
-0.26039089041000874 0.8089981880905243 249:1.0 
-10.0 10.0 
-10.0 10.0 139:1.0 
-10.0 10.0 
-0.2892276203219095 0.0 126:1.0 
-10.0 10.0 
-10.0 8.394645008568869 46:1.0 64:1.0 104:1.0 166:1.0 182:1.0 225:1.0 261:1.0 283:1.0 290:1.0 292:1.0 
-10.0 10.0 
-0.0 0.7894245903846183 108:1.0 269:1.0 
-10.0 0.8234391519831381 271:1.0 
-10.0 10.0 
-10.0 10.0 
-10.0 10.0 
-10.0 10.0 
-10.0 10.0 
-10.0 10.0 
-0.0 9.46088804313789 51:1.0 68:1.0 
-5.412585292417608 3.1103692703347474 18:1.0 67:1.0 123:1.0 
-10.0 10.0 
-10.0 10.0 
-10.0 10.0 
-10.0 10.0 
-10.0 10.0 
-0.19612999288341257 10.0 249:1.0 265:1.0 
-0.5383302406231094 0.6106432670851475 11:1.0 152:1.0 161:1.0 170:1.0 
-5.390143464196011 5.733758678875798 25:1.0 197:1.0 
-10.0 10.0 
-10.0 10.0 
-10.0 10.0 
-10.0 10.0 
-0.0 10.0 269:1.0 
-10.0 10.0 
-10.0 10.0 
-10.0 10.0 
-10.0 10.0 
-10.0 10.0 
-10.0 10.0 
-10.0 10.0 
-10.0 10.0 
-9.71195691064179 0.7248990558158119 219:1.0 
-10.0 10.0 
-10.0 10.0 
-0.28908101439594247 10.0 254:1.0 
-10.0 10.0 
-10.0 10.0 
-10.0 10.0 
-0.16978388562648877 0.0 106:1.0 111:1.0 
-0.42700265022165984 1.147690515530698 41:1.0 148:1.0 
-10.0 10.0 
-10.0 10.0 
-10.0 10.0 
-10.0 10.0 
-10.0 10.0 
-10.0 10.0 
-0.0 9.273804849077584 212:1.0 
-10.0 10.0 
-10.0 10.0 
-0.0 3.9385362877907215 200:1.0 
-10.0 10.0 
-0.2937027005135946 1.3341674553399916 68:1.0 212:1.0 
-10.0 10.0 
-0.0 0.748079479644947 252:1.0 
-10.0 10.0 
-10.0 10.0 
-10.0 10.0 
-10.0 10.0 
-0.2089854274079308 8.355400493726764 111:1.0 201:1.0 
-0.25149712070781527 10.0 58:1.0 116:1.0 
-10.0 10.0 
-10.0 10.0 
-0.0 10.0 67:1.0 75:1.0 91:1.0 265:1.0 
-10.0 10.0 
-10.0 10.0 
-10.0 10.0 
-10.0 10.0 
-0.0 0.8045624143352181 57:1.0 
-10.0 10.0 
-0.0 0.743326483304698 213:1.0 
-10.0 10.0 
-10.0 10.0 
-0.28937430059831404 6.881735346306583 200:1.0 
-0.0 10.0 55:1.0 135:1.0 181:1.0 187:1.0 277:1.0 288:1.0 303:1.0 
-10.0 10.0 
-10.0 10.0 
-10.0 10.0 
-10.0 10.0 
-0.0 1.4209085897103866 173:1.0 
-10.0 10.0 
-10.0 10.0 
-0.0 5.368164258619381 276:1.0 
-10.0 10.0 
-10.0 10.0 
-10.0 10.0 99:1.0 
-10.0 10.0 
-10.0 10.0 
-10.0 10.0 
-10.0 10.0 
-10.0 10.0 
-10.0 10.0 
-10.0 10.0 
-0.5797492073619729 0.6791782786925529 146:1.0 168:1.0 
-10.0 10.0 
-10.0 10.0 
-5.386742465656945 5.688721958664618 66:1.0 110:1.0 
-0.0 10.0 51:1.0 
-0.28922762032190263 10.0 80:1.0 
-10.0 10.0 
-10.0 10.0 
-10.0 10.0 176:1.0 
-10.0 10.0 
-10.0 10.0 
-10.0 10.0 
-10.0 10.0 
-10.0 10.0 
-0.0 7.482445832170834 247:1.0 
-9.845276383343116 10.0 33:1.0 
-10.0 10.0 
-10.0 10.0 
-10.0 10.0 
-10.0 10.0 
-4.972396613125464 0.0 67:1.0 
-0.0 3.345951551895562 7:1.0 119:1.0 270:1.0 310:1.0 
-10.0 10.0 
-10.0 10.0 
-0.0 10.0 165:1.0 
-10.0 10.0 
-10.0 10.0 
-10.0 10.0 
-10.0 10.0 
-10.0 10.0 143:1.0 
-10.0 10.0 
-0.464924643196276 5.679671240621251 85:1.0 117:1.0 
-10.0 10.0 
-0.3801945208559405 0.8371094508188555 102:1.0 
-10.0 10.0 
-10.0 10.0 
-10.0 10.0 
-10.0 10.0 
-10.0 10.0 115:1.0 
-10.0 10.0 
-10.0 10.0 
-10.0 7.698880147180391 141:1.0 
-0.0 5.89213990430095 127:1.0 215:1.0 232:1.0 
-10.0 10.0 
-0.0 7.252660246807267 250:1.0 
-10.0 10.0 
-10.0 10.0 
-10.0 10.0 
-10.0 10.0 
-0.2895210552628624 10.0 268:1.0 
-10.0 10.0 
-10.0 10.0 
-10.0 10.0 
-10.0 10.0 
-0.0 0.6864522435525382 207:1.0 272:1.0 
-10.0 10.0 
-10.0 10.0 
-0.28937430059832325 10.0 93:1.0 
-10.0 10.0 
-10.0 10.0 
-10.0 10.0 
-10.0 10.0 
-10.0 0.0 207:1.0 
-10.0 10.0 
-10.0 10.0 
-10.0 10.0 
-0.2896678843532566 10.0 164:1.0 
-0.417958913420829 0.6235082780047019 31:1.0 244:1.0 
-10.0 10.0 
-10.0 10.0 
-10.0 10.0 
-10.0 10.0 
-10.0 10.0 
-10.0 10.0 
-10.0 10.0 
-10.0 10.0 
-10.0 10.0 
-10.0 10.0 
-10.0 10.0 
-10.0 10.0 
-0.2764458472957453 9.615850261145829 17:1.0 220:1.0 
-10.0 10.0 
-10.0 10.0 
-10.0 10.0 
-10.0 10.0 
-10.0 10.0 
-0.28952105526284055 5.3591882864293385 276:1.0 
-10.0 10.0 
-0.0 7.1229286245644134 95:1.0 
-10.0 10.0 178:1.0 
-10.0 10.0 
-0.18309984339848673 10.0 4:1.0 52:1.0 255:1.0 
-10.0 10.0 
-10.0 10.0 
-0.0 10.0 269:1.0 
-10.0 10.0 
-10.0 10.0 
-10.0 10.0 
-10.0 10.0 
-10.0 10.0 56:1.0 157:1.0 
-10.0 10.0 
-10.0 10.0 
-10.0 10.0 
-0.5482056839905425 0.5690048273160667 55:1.0 135:1.0 181:1.0 187:1.0 277:1.0 288:1.0 303:1.0 
-10.0 10.0 
-10.0 10.0 
-0.5051024565736557 0.5912614247717165 76:1.0 112:1.0 311:1.0 
-10.0 10.0 
-0.2898147879072539 0.733183587806255 188:1.0 
-10.0 10.0 
-10.0 10.0 
-10.0 10.0 
-0.0 4.86505821816576 39:1.0 
-0.0 10.0 108:1.0 
-10.0 10.0 
-10.0 10.0 
-10.0 10.0 
-10.0 10.0 
-10.0 10.0 
-10.0 10.0 
-10.0 10.0 
-10.0 3.973466907602298 9:1.0 42:1.0 78:1.0 
-10.0 10.0 
-10.0 10.0 
-10.0 10.0 
-10.0 10.0 
-0.565656413523546 0.0 239:1.0 
-10.0 10.0 
-0.4844376829688427 3.1071115100205184 107:1.0 114:1.0 180:1.0 231:1.0 
-10.0 10.0 
-10.0 10.0 
-10.0 10.0 
-0.09735893065300939 0.0 36:1.0 169:1.0 250:1.0 293:1.0 
-0.0 9.176956013134198 41:1.0 236:1.0 
-0.0 10.0 170:1.0 
-10.0 10.0 
-1.5222029491717481 0.0 59:1.0 143:1.0 272:1.0 
-10.0 10.0 
-10.0 10.0 
-10.0 10.0 105:1.0 
-0.0 10.0 162:1.0 
-0.0 10.0 250:1.0 
-10.0 10.0 
-0.4697144925528553 10.0 162:1.0 168:1.0 
-10.0 0.6911038742308462 126:1.0 
-10.0 10.0 
-10.0 10.0 
-0.16008280338760608 0.0 1:1.0 51:1.0 98:1.0 
-9.791014572592069 10.0 176:1.0 
-0.0 1.827444802463185 35:1.0 46:1.0 88:1.0 186:1.0 286:1.0 
-0.0 3.454562340872452 156:1.0 
-10.0 10.0 
-10.0 10.0 
-0.28966788435322904 0.7480794796451459 262:1.0 
-10.0 10.0 
-0.2899617659626397 0.0 132:1.0 
-10.0 10.0 
-10.0 10.0 244:1.0 
-0.2939965128455712 0.934733691495869 17:1.0 275:1.0 
-10.0 10.0 162:1.0 
-10.0 10.0 
-0.0 10.0 35:1.0 
-10.0 10.0 
-0.34193588796675567 7.902772116713518 189:1.0 
-10.0 10.0 
-10.0 10.0 
-10.0 10.0 
-10.0 10.0 48:1.0 264:1.0 
-10.0 10.0 
-10.0 10.0 
-10.0 10.0 
-0.28981478790726356 8.934806554570551 248:1.0 
-10.0 10.0 
-10.0 10.0 
-10.0 10.0 
-10.0 10.0 
-10.0 10.0 
-10.0 10.0 
-10.0 10.0 
-10.0 10.0 
-10.0 10.0 
-10.0 10.0 
-10.0 10.0 
-0.2901088185571713 10.0 108:1.0 
-0.0 3.5986526851599447 82:1.0 
-10.0 10.0 
-10.0 10.0 
-10.0 10.0 142:1.0 
-10.0 10.0 
-10.0 10.0 
-0.0 2.5105184605398554 88:1.0 123:1.0 141:1.0 274:1.0 
-10.0 10.0 
-10.0 10.0 
-10.0 10.0 
-0.5176419300242482 0.6021022296563011 44:1.0 100:1.0 124:1.0 295:1.0 308:1.0 
-10.0 10.0 231:1.0 
-10.0 10.0 
-10.0 10.0 
-10.0 6.391187225160271 90:1.0 
-10.0 10.0 
-10.0 10.0 
-10.0 10.0 
-10.0 10.0 
-10.0 10.0 
-10.0 10.0 
-10.0 10.0 
-10.0 10.0 
-10.0 10.0 
-10.0 10.0 
-0.555104620534827 0.6787370219786915 33:1.0 145:1.0 
-0.5044819614336221 3.9530791432335906 149:1.0 228:1.0 284:1.0 
-10.0 0.0 40:1.0 
-10.0 10.0 
-0.43250490973438316 10.0 196:1.0 213:1.0 
-0.28996176596263545 7.528047101591775 237:1.0 
-10.0 10.0 
-10.0 10.0 
-10.0 10.0 
-10.0 10.0 
-10.0 10.0 45:1.0 102:1.0 
-10.0 10.0 
-10.0 10.0 
-0.0 0.4959721184441753 20:1.0 
-0.29025594572863406 0.7602519123897329 81:1.0 
-0.3708252170656057 5.589425785919288 36:1.0 169:1.0 173:1.0 202:1.0 293:1.0 
-9.331863493145184 0.0 168:1.0 
-10.0 10.0 
-0.17015279672154343 0.21234902202938094 5:1.0 121:1.0 198:1.0 
-10.0 10.0 
-10.0 10.0 
-10.0 10.0 231:1.0 
-10.0 10.0 
-10.0 10.0 
-10.0 10.0 
-10.0 10.0 
-0.0 10.0 218:1.0 221:1.0 
-10.0 10.0 
-10.0 10.0 
-10.0 10.0 
-10.0 10.0 
-10.0 10.0 
-10.0 10.0 
-10.0 10.0 
-10.0 10.0 
-10.0 10.0 
-10.0 10.0 
-0.2901088185571751 10.0 14:1.0 
-10.0 10.0 
-10.0 10.0 
-0.29429061909957455 0.0 57:1.0 116:1.0 
-2.440867721162496 0.0 119:1.0 143:1.0 
-10.0 10.0 
-10.0 10.0 
-10.0 10.0 
-10.0 10.0 
-10.0 10.0 
-10.0 10.0 
-10.0 10.0 
-10.0 10.0 
-0.29025594572862906 0.7248990558160193 128:1.0 
-10.0 10.0 
-10.0 10.0 
-10.0 10.0 
-0.0 10.0 149:1.0 
-10.0 10.0 
-10.0 10.0 
-10.0 10.0 
-10.0 10.0 
-10.0 10.0 
-10.0 10.0 
-10.0 10.0 
-10.0 10.0 
-10.0 10.0 
-10.0 10.0 
-10.0 10.0 
-10.0 10.0 
-0.0 10.0 59:1.0 232:1.0 
-10.0 10.0 
-10.0 10.0 
-0.0 10.0 101:1.0 
-10.0 10.0 
-10.0 10.0 
-0.2904662574123499 10.0 94:1.0 
-10.0 10.0 
-10.0 0.8238610383437335 77:1.0 
-10.0 10.0 
-10.0 10.0 
-0.22528873550869724 0.0 127:1.0 
-10.0 10.0 
-10.0 10.0 
-10.0 10.0 
-0.0 1.124258786316528 220:1.0 
-10.0 10.0 
-0.0 10.0 31:1.0 
-10.0 10.0 208:1.0 231:1.0 
-10.0 10.0 
-10.0 10.0 
-10.0 10.0 
-10.0 10.0 
-10.0 10.0 
-10.0 10.0 
-10.0 10.0 
-0.0 6.574458880063051 190:1.0 
-0.29046625741236354 0.6495232613111078 63:1.0 
-10.0 10.0 
-10.0 10.0 
-10.0 10.0 
-10.0 10.0 
-0.27258010121621845 9.494101444071873 65:1.0 137:1.0 
-10.0 10.0 
-10.0 10.0 
-10.0 10.0 
-10.0 0.0 151:1.0 
-10.0 10.0 
-10.0 10.0 
-10.0 10.0 
-10.0 0.6758750280085706 132:1.0 
-10.0 10.0 
-10.0 10.0 
-0.0 5.200719870176336 34:1.0 
-0.0 10.0 122:1.0 273:1.0 280:1.0 
-10.0 10.0 
-10.0 10.0 
-0.3712753855500591 4.110375544952679 190:1.0 
-10.0 10.0 
-9.77336140737065 0.8102797984468657 239:1.0 
-10.0 10.0 
-0.0 7.132012065942851 179:1.0 
-0.0 10.0 85:1.0 
-10.0 10.0 
-0.37073366438403815 5.94564503154734 39:1.0 
-10.0 10.0 
-10.0 10.0 
-10.0 10.0 
-10.0 10.0 
-10.0 10.0 205:1.0 
-1.247319816970472 0.5820444408167034 29:1.0 120:1.0 131:1.0 167:1.0 185:1.0 263:1.0 296:1.0 312:1.0 
-0.3711450437337127 7.131135262391206 82:1.0 
-0.0 10.0 146:1.0 
-0.423083466768156 4.6497448456008135 35:1.0 111:1.0 186:1.0 286:1.0 
-0.45773072118486463 0.0 77:1.0 155:1.0 156:1.0 247:1.0 
-10.0 10.0 
-9.711630821682006 0.7898723376555441 144:1.0 
-10.0 10.0 
-0.41897111395377556 0.0 151:1.0 
-10.0 10.0 
-10.0 10.0 
-5.53386596809408 0.0 46:1.0 103:1.0 130:1.0 297:1.0 
-10.0 10.0 
-0.0 7.316317721506831 49:1.0 75:1.0 156:1.0 
-0.2775480100366709 5.674894151995777 1:1.0 98:1.0 
-3.766166190907981 10.0 
-0.0 10.0 
-0.0 10.0 
-0.0 10.0 71:1.0 197:1.0 270:1.0 
-10.0 -10.0 
-10.0 -10.0 
-10.0 -10.0 
-10.0 -10.0 
-10.0 -10.0 23:1.0 
-10.0 -10.0 
-10.0 -10.0 
-0.0 -10.0 85:1.0 
-10.0 -10.0 18:1.0 
-10.0 -10.0 
-10.0 -10.0 
-10.0 -10.0 
-10.0 -10.0 
-10.0 -10.0 
-10.0 -10.0 
-10.0 -10.0 
-10.0 -10.0 56:1.0 
-10.0 -10.0 
-10.0 -10.0 205:1.0 
-10.0 -10.0 
-10.0 -10.0 
-10.0 -10.0 
-3.75 -10.0 129:1.0 
-0.0 -10.0 265:1.0 
-10.0 -10.0 24:1.0 
-10.0 -10.0 
-0.0 -10.0 51:1.0 
-10.0 -10.0 
-10.0 -10.0 
-0.0 -10.0 43:1.0 158:1.0 160:1.0 281:1.0 302:1.0 
-10.0 -10.0 
-10.0 -10.0 
-10.0 -10.0 
-10.0 -10.0 
-10.0 -10.0 
-10.0 -10.0 139:1.0 
-10.0 -10.0 
-10.0 -10.0 
-10.0 -10.0 
-10.0 -10.0 
-10.0 -10.0 
-3.9383462784943872 -10.0 276:1.0 
-10.0 -10.0 82:1.0 143:1.0 
-10.0 -10.0 
-0.0 -10.0 203:1.0 
-0.0 -10.0 223:1.0 
-10.0 -10.0 
-10.0 -10.0 
-10.0 -10.0 
-0.0 -10.0 217:1.0 
-10.0 -10.0 
-10.0 -10.0 102:1.0 
-10.0 -10.0 
-10.0 -10.0 
-10.0 -10.0 25:1.0 
-10.0 -10.0 
-10.0 -10.0 115:1.0 258:1.0 
-10.0 -10.0 
-10.0 -10.0 
-10.0 -10.0 
-10.0 -10.0 
-0.0 -10.0 232:1.0 
-10.0 -10.0 
-2.221855112718457 -10.0 52:1.0 229:1.0 
-10.0 -10.0 
-10.0 -10.0 
-10.0 -10.0 
-0.0 -10.0 154:1.0 265:1.0 
-10.0 -10.0 
-10.0 -10.0 
-10.0 -10.0 
-10.0 -10.0 
-0.5051975034940374 -10.0 61:1.0 139:1.0 
-10.0 -10.0 
-10.0 -10.0 
-10.0 -10.0 
-4.046247107592234 -10.0 267:1.0 
-10.0 -10.0 
-10.0 -10.0 
-10.0 -10.0 
-0.0 -10.0 16:1.0 
-0.30703014480896673 -10.0 154:1.0 248:1.0 
-0.0 -10.0 53:1.0 194:1.0 
-0.0 -10.0 257:1.0 
-10.0 -10.0 
-10.0 -10.0 
-10.0 -10.0 
-10.0 -10.0 
-0.0 -10.0 255:1.0 
-4.046247107592234 -10.0 200:1.0 
-10.0 -10.0 
-10.0 -10.0 
-10.0 -10.0 
-0.0 -10.0 162:1.0 
-10.0 -10.0 
-10.0 -10.0 14:1.0 15:1.0 
-3.9739638307408693 -10.0 34:1.0 
-0.0 -10.0 80:1.0 196:1.0 
-3.937460798384095 -10.0 166:1.0 
-10.0 -10.0 
-10.0 -10.0 
-0.0 -10.0 201:1.0 
-0.0 -10.0 26:1.0 73:1.0 149:1.0 
-10.0 -10.0 
-4.046247107592234 -10.0 190:1.0 
-10.0 -10.0 
-10.0 -10.0 
-4.079365006202881 -10.0 68:1.0 
-10.0 -10.0 
-10.0 -10.0 
-10.0 -10.0 
-10.0 -10.0 
-10.0 -10.0 
-4.079616457405964 -10.0 31:1.0 
-6.812307009551232 -10.0 73:1.0 146:1.0 168:1.0 
-10.0 -10.0 
-10.0 -10.0 
-10.0 -10.0 
-10.0 -10.0 
-0.5051898604922098 -10.0 65:1.0 157:1.0 
-3.159735897285238 -10.0 184:1.0 
-4.038164482618314 -10.0 255:1.0 
-0.0 -10.0 110:1.0 265:1.0 
-4.046247107592234 -10.0 39:1.0 
-10.0 -10.0 
-10.0 -10.0 141:1.0 274:1.0 
-10.0 -10.0 
-10.0 -10.0 
-10.0 -10.0 
-10.0 -10.0 
-10.0 -10.0 
-10.0 -10.0 
-10.0 -10.0 99:1.0 
-10.0 -10.0 
-10.0 -10.0 
-10.0 -10.0 
-10.0 -10.0 
-10.0 -10.0 
-0.0 -10.0 162:1.0 
-10.0 -10.0 
-10.0 -10.0 
-10.0 -10.0 
-10.0 -10.0 
-10.0 -10.0 35:1.0 186:1.0 258:1.0 286:1.0 
-10.0 -10.0 
-10.0 -10.0 
-10.0 -10.0 260:1.0 
-10.0 -10.0 
-10.0 -10.0 
-0.0 -10.0 35:1.0 
-10.0 -10.0 
-0.0 -10.0 32:1.0 113:1.0 174:1.0 251:1.0 279:1.0 287:1.0 313:1.0 
-0.4623206381354956 -10.0 121:1.0 184:1.0 
-10.0 -10.0 
-4.046247107592234 -10.0 69:1.0 
-0.0 -10.0 163:1.0 
-10.0 -10.0 
-4.088572665010921 -10.0 179:1.0 
-10.0 -10.0 
-10.0 -10.0 
-10.0 -10.0 
-10.0 -10.0 
-10.0 -10.0 
-10.0 -10.0 
-4.0710838091901795 -10.0 198:1.0 
-4.071014436971102 -10.0 164:1.0 
-10.0 -10.0 
-4.0708683704444395 -10.0 202:1.0 
-10.0 -10.0 
-10.0 -10.0 
-7.23476821201356 -10.0 45:1.0 197:1.0 
-7.221259820578388 -10.0 26:1.0 243:1.0 
-10.0 -10.0 
-10.0 -10.0 
-10.0 -10.0 27:1.0 182:1.0 299:1.0 
-4.070771025811191 -10.0 137:1.0 
-0.0 -10.0 231:1.0 
-10.0 -10.0 
-10.0 -10.0 
-4.070673859818537 -10.0 245:1.0 
-10.0 -10.0 
-0.0 -10.0 14:1.0 247:1.0 
-10.0 -10.0 
-4.070506532623343 -10.0 257:1.0 
-10.0 -10.0 171:1.0 
-0.0 -10.0 58:1.0 
-5.049338050646531 -10.0 106:1.0 177:1.0 
-10.0 -10.0 
-3.892643550888654 -10.0 231:1.0 
-10.0 -10.0 
-10.0 -10.0 178:1.0 
-10.0 -10.0 
-10.0 -10.0 
-10.0 -10.0 
-0.0 -10.0 232:1.0 
-0.0 -10.0 2:1.0 
-10.0 -10.0 
-10.0 -10.0 
-0.0 -10.0 222:1.0 
-10.0 -10.0 
-10.0 -10.0 
-10.0 -10.0 
-0.0 -10.0 122:1.0 273:1.0 280:1.0 
-10.0 -10.0 162:1.0 171:1.0 259:1.0 264:1.0 
-0.0 -10.0 85:1.0 
-10.0 -10.0 
-10.0 -10.0 
-4.00040211507216 -10.0 59:1.0 
-10.0 -10.0 
-4.8423658462057055 -10.0 98:1.0 176:1.0 
-10.0 -10.0 
-10.0 -10.0 
-0.0 -10.0 157:1.0 
-10.0 -10.0 
-10.0 -10.0 
-10.0 -10.0 153:1.0 
-10.0 -10.0 
-10.0 -10.0 147:1.0 211:1.0 298:1.0 
-3.8393806930914853 -10.0 154:1.0 
-0.0 -10.0 16:1.0 202:1.0 269:1.0 270:1.0 
-5.0 -10.0 224:1.0 
-10.0 -10.0 
-10.0 -10.0 
-2.234833690897564 -10.0 53:1.0 194:1.0 
-10.0 -10.0 
-10.0 -10.0 
-10.0 -10.0 
-10.0 -10.0 
-10.0 -10.0 
-10.0 -10.0 
-10.0 -10.0 
-10.0 -10.0 
-10.0 -10.0 
-10.0 -10.0 70:1.0 
-4.079652248820773 -10.0 10:1.0 
-10.0 -10.0 
-10.0 -10.0 
-10.0 -10.0 189:1.0 
-10.0 -10.0 
-10.0 -10.0 
-10.0 -10.0 
-10.0 -10.0 
-0.0 -10.0 164:1.0 221:1.0 
-1.4690620032769415 -10.0 97:1.0 108:1.0 
-10.0 -10.0 
-10.0 -10.0 
-10.0 -10.0 
-10.0 -10.0 
-10.0 -10.0 
-10.0 -10.0 
-10.0 -10.0 
-10.0 -10.0 
-4.079616457405928 -10.0 196:1.0 
-4.9910935467726345 -10.0 150:1.0 162:1.0 270:1.0 
-10.0 -10.0 
-10.0 -10.0 
-10.0 -10.0 
-10.0 -10.0 
-10.0 -10.0 
-4.366807783058437 -10.0 56:1.0 73:1.0 177:1.0 
-0.0 -10.0 265:1.0 
-10.0 -10.0 176:1.0 
-10.0 -10.0 
-10.0 -10.0 184:1.0 
-10.0 -10.0 
-10.0 -10.0 
-10.0 -10.0 
-5.00164404854427 -10.0 84:1.0 201:1.0 208:1.0 
-10.0 -10.0 
-4.079365006202944 -10.0 16:1.0 
-10.0 -10.0 
-4.079359167777759 -10.0 165:1.0 
-0.0 -10.0 203:1.0 220:1.0 
-10.0 -10.0 
-10.0 -10.0 9:1.0 
-10.0 -10.0 
-10.0 -10.0 
-10.0 -10.0 
-10.0 -10.0 
-10.0 -10.0 
-10.0 -10.0 
-10.0 -10.0 
-10.0 -10.0 
-4.023566090149225 -10.0 71:1.0 
-10.0 -10.0 
-10.0 -10.0 229:1.0 
-0.0 -10.0 43:1.0 158:1.0 160:1.0 281:1.0 302:1.0 
-10.0 -10.0 
-4.023450258173303 -10.0 58:1.0 
-10.0 -10.0 
-0.0 -10.0 206:1.0 
-10.0 -10.0 
-0.45650180246027294 -10.0 249:1.0 269:1.0 
-10.0 -10.0 
-10.0 -10.0 
-10.0 -10.0 
-10.0 -10.0 13:1.0 84:1.0 
-10.0 -10.0 
-10.0 -10.0 
-4.0771564128039985 -10.0 21:1.0 
-1.1785078867201648 -10.0 43:1.0 158:1.0 160:1.0 281:1.0 302:1.0 
-10.0 -10.0 
-2.275289197955857 -10.0 18:1.0 62:1.0 
-0.0 -10.0 269:1.0 
-10.0 -10.0 
-10.0 -10.0 
-10.0 -10.0 
-10.0 -10.0 
-10.0 -10.0 
-10.0 -10.0 
-10.0 -10.0 97:1.0 
-10.0 -10.0 
-10.0 -10.0 
-10.0 -10.0 
-0.0 -10.0 265:1.0 
-10.0 -10.0 191:1.0 
-10.0 -10.0 244:1.0 
-3.973963830740852 -10.0 85:1.0 
-10.0 -10.0 
-4.867675350867546 -10.0 176:1.0 236:1.0 
-0.7465015403935105 -10.0 32:1.0 113:1.0 149:1.0 228:1.0 284:1.0 313:1.0 
-0.0 -10.0 106:1.0 
-4.155507595135055 -10.0 17:1.0 
-10.0 -10.0 
-10.0 -10.0 
-10.0 -10.0 
-10.0 -10.0 
-10.0 -10.0 
-4.0755864983994075 -10.0 232:1.0 
-0.0 -10.0 10:1.0 71:1.0 
-0.42920916065208115 -10.0 20:1.0 129:1.0 
-10.0 -10.0 
-4.053591306583443 -10.0 88:1.0 
-3.9127657012708585 -10.0 79:1.0 
-10.0 -10.0 
-10.0 -10.0 
-10.0 -10.0 
-0.0 -10.0 203:1.0 
-10.0 -10.0 
-0.0 -10.0 184:1.0 203:1.0 252:1.0 
-4.046247107592234 -10.0 170:1.0 
-10.0 -10.0 
-10.0 -10.0 
-10.0 -10.0 
-4.00040211507216 -10.0 101:1.0 
-10.0 -10.0 
-10.0 -10.0 
-10.0 -10.0 
-10.0 -10.0 
-10.0 -10.0 
-10.0 -10.0 
-10.0 -10.0 
-4.046247107592234 -10.0 156:1.0 
-4.046247107592234 -10.0 93:1.0 
-3.9480999428920653 -10.0 223:1.0 
-10.0 -10.0 27:1.0 182:1.0 299:1.0 
-3.9489874167472094 -10.0 41:1.0 
-10.0 -10.0 
-10.0 -10.0 
-9.070506532623341 -10.0 224:1.0 
-10.0 -10.0 258:1.0 
-1.6823488675281622 -10.0 122:1.0 273:1.0 280:1.0 
-0.0 -10.0 206:1.0 
-10.0 -10.0 
-10.0 -10.0 
-10.0 -10.0 
-10.0 -10.0 
-10.0 -10.0 
-10.0 -10.0 
-10.0 -10.0 231:1.0 
-10.0 -10.0 191:1.0 204:1.0 266:1.0 
-10.0 -10.0 
-10.0 -10.0 47:1.0 
-0.0 -10.0 6:1.0 
-0.0 -10.0 14:1.0 70:1.0 
-0.0 -10.0 4:1.0 26:1.0 37:1.0 149:1.0 
-10.0 -10.0 
-1.481537522481045 -10.0 108:1.0 191:1.0 
-10.0 -10.0 99:1.0 
-10.0 -10.0 
-0.4974071340774887 -10.0 37:1.0 184:1.0 
-10.0 -10.0 
-10.0 -10.0 
-10.0 -10.0 
-0.0 -10.0 209:1.0 
-10.0 -10.0 
-4.070673859818542 -10.0 80:1.0 
-10.0 -10.0 
-10.0 -10.0 
-10.0 -10.0 
-10.0 -10.0 182:1.0 268:1.0 
-10.0 -10.0 
-10.0 -10.0 
-10.0 -10.0 
-10.0 -10.0 
-10.0 -10.0 
-10.0 -10.0 
-10.0 -10.0 
-10.0 -10.0 
-10.0 -10.0 
-10.0 -10.0 
-10.0 -10.0 
-10.0 -10.0 
-10.0 -10.0 103:1.0 138:1.0 
-10.0 -10.0 
-4.0707710258111645 -10.0 110:1.0 
-0.0 -10.0 265:1.0 
-10.0 -10.0 74:1.0 203:1.0 
-10.0 -10.0 
-4.070868370444465 -10.0 213:1.0 
-1.3699098392222975 -10.0 95:1.0 173:1.0 212:1.0 250:1.0 
-10.0 -10.0 
-10.0 -10.0 
-10.0 -10.0 
-10.0 -10.0 
-7.2647685867029885 -10.0 12:1.0 206:1.0 
-10.0 -10.0 
-10.0 -10.0 
-0.0 -10.0 48:1.0 
-10.0 -10.0 28:1.0 
-10.0 -10.0 
-10.0 -10.0 
-10.0 -10.0 
-10.0 -10.0 
-10.0 -10.0 222:1.0 
-4.99835595145573 -10.0 75:1.0 105:1.0 217:1.0 
-10.0 -10.0 
-0.0 -10.0 48:1.0 
-10.0 -10.0 
-10.0 -10.0 
-10.0 -10.0 
-10.0 -10.0 
-4.053591306583458 -10.0 163:1.0 
-10.0 -10.0 
-10.0 -10.0 
-2.342170809041824 -10.0 141:1.0 268:1.0 
-10.0 -10.0 
-4.023450258173293 -10.0 221:1.0 
-10.0 -10.0 
-10.0 -10.0 
-10.0 -10.0 
-10.0 -10.0 231:1.0 
-10.0 -10.0 
-10.0 -10.0 
-10.0 -10.0 
-10.0 -10.0 
-10.0 -10.0 
-10.0 -10.0 
-10.0 -10.0 30:1.0 209:1.0 
-3.99179507350041 -10.0 218:1.0 
-3.6103357074340225 -10.0 61:1.0 
-4.023566090149276 -10.0 222:1.0 
-10.0 -10.0 
-10.0 -10.0 
-10.0 -10.0 
-10.0 -10.0 
-10.0 -10.0 
-10.0 -10.0 
-10.0 -10.0 
-10.0 -10.0 
-0.0 -10.0 157:1.0 
-10.0 -10.0 
-0.0 -10.0 254:1.0 
-10.0 -10.0 
-10.0 -10.0 
-10.0 -10.0 143:1.0 
-10.0 -10.0 
-0.0 -10.0 270:1.0 
-10.0 -10.0 
-0.0 -10.0 32:1.0 113:1.0 174:1.0 251:1.0 279:1.0 287:1.0 313:1.0 
-10.0 -10.0 
-10.0 -10.0 
-10.0 -10.0 
-0.6761833022296583 -10.0 32:1.0 113:1.0 174:1.0 251:1.0 279:1.0 287:1.0 313:1.0 
-10.0 -10.0 
-10.0 -10.0 231:1.0 
-10.0 -10.0 
-10.0 -10.0 
-10.0 -10.0 83:1.0 
-10.0 -10.0 
-10.0 -10.0 
-10.0 -10.0 
-3.9748058245924742 -10.0 133:1.0 
-4.000402115072182 -10.0 193:1.0 
-10.0 -10.0 
-10.0 -10.0 
-10.0 -10.0 
-10.0 -10.0 
-10.0 -10.0 
-10.0 -10.0 
-10.0 -10.0 
-10.0 -10.0 
-10.0 -10.0 
-10.0 -10.0 
-4.079652248820767 -10.0 51:1.0 
-10.0 -10.0 
-10.0 -10.0 
-0.0 -10.0 217:1.0 
-10.0 -10.0 
-4.977984505542176 -10.0 118:1.0 142:1.0 237:1.0 
-10.0 -10.0 
-3.437104209869498 -10.0 157:1.0 
-10.0 -10.0 
-7.269151201286417 -10.0 33:1.0 254:1.0 
-10.0 -10.0 
-4.079359167777788 -10.0 48:1.0 
-10.0 -10.0 
-10.0 -10.0 
-10.0 -10.0 
-0.0 -10.0 73:1.0 
-10.0 -10.0 147:1.0 
-10.0 -10.0 
-10.0 -10.0 
-10.0 -10.0 87:1.0 
-10.0 -10.0 
-0.0 -10.0 265:1.0 
-10.0 -10.0 
-3.541467987331658 -10.0 269:1.0 
-4.00040211507216 -10.0 265:1.0 
-10.0 -10.0 27:1.0 64:1.0 104:1.0 182:1.0 261:1.0 283:1.0 290:1.0 292:1.0 299:1.0 
-10.0 -10.0 
-0.0 -10.0 49:1.0 69:1.0 75:1.0 250:1.0 
-10.0 -10.0 230:1.0 
-10.0 -10.0 
-10.0 -10.0 
-10.0 -10.0 
-10.0 -10.0 
-10.0 -10.0 90:1.0 
-4.071014436971097 -10.0 2:1.0 
-4.071083809190203 -10.0 136:1.0 
-10.0 -10.0 
-3.964334157200231 -10.0 94:1.0 
-1.00820492649959 -10.0 55:1.0 135:1.0 181:1.0 187:1.0 277:1.0 288:1.0 303:1.0 
-10.0 -10.0 
-10.0 -10.0 
-3.9644181282861135 -10.0 6:1.0 
-10.0 -10.0 
