svm_type c_svc
kernel_type rbf
gamma 100.0
nr_class 3
total_sv 1530
rho 0.9486562499999991 0.9 -0.9447747564935055
label 2 0 1
nr_sv 419 574 537
SV
0.1 0.1 
0.1 0.1 
0.1 0.1 
0.1 0.1 50:1.0 54:1.0 66:1.0 69:1.0 73:1.0 75:1.0 
0.1 0.1 
0.1 0.1 2:1.0 32:1.0 
0.1 0.1 
0.1 0.1 
0.1 0.1 
0.1 0.1 
0.1 0.1 
0.1 0.1 
0.1 0.1 
0.1 0.1 
0.1 0.1 
0.1 0.1 33:1.0 46:1.0 51:1.0 
0.1 0.1 
0.1 0.1 
0.1 0.1 
0.1 0.1 
0.1 0.1 
0.1 0.1 
0.1 0.1 24:1.0 
0.1 0.1 
0.1 0.1 
0.1 0.1 
0.1 0.1 
0.1 0.1 
0.1 0.1 
0.1 0.1 
0.1 0.1 
0.1 0.1 
0.1 0.1 
0.1 0.1 
0.1 0.1 
0.1 0.1 
0.1 0.1 
0.1 0.1 
0.1 0.1 
0.1 0.1 
0.1 0.1 
0.1 0.1 
0.1 0.1 50:1.0 54:1.0 66:1.0 69:1.0 73:1.0 75:1.0 
0.1 0.1 
0.1 0.1 
0.1 0.1 
0.1 0.1 
0.1 0.1 
0.1 0.1 
0.1 0.1 
0.1 0.1 
0.1 0.1 
0.1 0.1 2:1.0 
0.1 0.1 
0.1 0.1 
0.1 0.1 
0.1 0.1 
0.1 0.1 
0.1 0.1 
0.1 0.1 
0.1 0.1 23:1.0 
0.1 0.1 
0.1 0.1 
0.1 0.1 
0.1 0.1 
0.1 0.1 10:1.0 
0.1 0.1 13:1.0 
0.1 0.1 32:1.0 
0.1 0.1 
0.1 0.1 
0.1 0.1 27:1.0 38:1.0 50:1.0 54:1.0 69:1.0 71:1.0 72:1.0 73:1.0 75:1.0 
0.1 0.1 9:1.0 66:1.0 
0.1 0.1 
0.1 0.1 
0.1 0.1 
0.1 0.1 9:1.0 
0.1 0.1 
0.1 0.1 7:1.0 
0.1 0.1 
0.1 0.1 
0.1 0.1 
0.1 0.1 
0.1 0.1 
0.1 0.1 
0.1 0.1 
0.1 0.1 
0.1 0.1 
0.1 0.1 
0.1 0.1 
0.1 0.1 
0.1 0.1 10:1.0 46:1.0 
0.1 0.1 55:1.0 
0.1 0.1 27:1.0 38:1.0 50:1.0 54:1.0 69:1.0 71:1.0 72:1.0 73:1.0 75:1.0 
0.1 0.1 
0.1 0.1 55:1.0 
0.1 0.1 
0.1 0.1 
0.1 0.1 37:1.0 
0.1 0.1 
0.1 0.1 
0.1 0.1 
0.1 0.1 
0.1 0.1 
0.1 0.1 10:1.0 
0.1 0.1 
0.1 0.1 
0.1 0.1 
0.1 0.1 23:1.0 
0.1 0.1 
0.1 0.1 
0.1 0.1 
0.1 0.1 
0.1 0.1 
0.1 0.1 
0.1 0.1 
0.1 0.1 42:1.0 
0.1 0.1 69:1.0 
0.1 0.1 
0.1 0.1 
0.1 0.1 
0.1 0.1 
0.1 0.1 66:1.0 
0.1 0.1 
0.1 0.1 
0.1 0.1 
0.1 0.1 
0.1 0.1 
0.1 0.1 
0.1 0.1 
0.1 0.1 
0.1 0.1 
0.1 0.1 
0.1 0.1 
0.1 0.1 
0.1 0.1 
0.1 0.1 
0.1 0.1 
0.1 0.1 
0.1 0.1 
0.1 0.1 
0.1 0.1 
0.1 0.1 
0.1 0.1 
0.1 0.1 28:1.0 
0.1 0.1 
0.1 0.1 
0.1 0.1 
0.1 0.1 
0.1 0.1 
0.1 0.1 
0.1 0.1 
0.1 0.1 
0.1 0.1 
0.1 0.1 
0.1 0.1 46:1.0 
0.1 0.1 
0.1 0.1 
0.1 0.1 
0.1 0.1 
0.1 0.1 
0.1 0.1 19:1.0 
0.1 0.1 65:1.0 
0.1 0.1 67:1.0 
0.1 0.1 
0.1 0.1 9:1.0 
0.1 0.1 
0.1 0.1 
0.1 0.1 18:1.0 
0.1 0.1 52:1.0 
0.1 0.1 67:1.0 
0.1 0.1 19:1.0 39:1.0 
0.1 0.1 
0.1 0.1 
0.1 0.1 56:1.0 
0.1 0.1 
0.1 0.1 
0.1 0.1 24:1.0 
0.1 0.1 
0.1 0.1 
0.1 0.1 
0.1 0.1 
0.1 0.1 31:1.0 
0.1 0.1 
0.1 0.1 
0.1 0.1 
0.1 0.1 
0.1 0.1 16:1.0 50:1.0 54:1.0 75:1.0 
0.1 0.1 
0.1 0.1 
0.1 0.1 
0.1 0.1 
0.1 0.1 
0.1 0.1 
0.1 0.1 
0.1 0.1 
0.1 0.1 
0.1 0.1 
0.1 0.1 
0.1 0.1 
0.1 0.1 
0.1 0.1 
0.1 0.1 16:1.0 
0.1 0.1 
0.1 0.1 
0.1 0.1 
0.1 0.1 
0.1 0.1 
0.1 0.1 
0.1 0.1 
0.1 0.1 
0.1 0.1 46:1.0 
0.1 0.1 51:1.0 
0.1 0.1 
0.1 0.1 54:1.0 
0.1 0.1 
0.1 0.1 10:1.0 
0.1 0.1 
0.1 0.1 
0.1 0.1 
0.1 0.1 
0.1 0.1 16:1.0 
0.1 0.1 
0.1 0.1 
0.1 0.1 2:1.0 
0.1 0.1 
0.1 0.1 47:1.0 
0.1 0.1 
0.1 0.1 
0.1 0.1 
0.1 0.1 57:1.0 
0.1 0.1 
0.1 0.1 
0.1 0.1 
0.1 0.1 
0.1 0.1 
0.1 0.1 
0.1 0.1 13:1.0 
0.1 0.1 
0.1 0.1 37:1.0 38:1.0 69:1.0 71:1.0 
0.1 0.1 
0.1 0.1 
0.1 0.1 69:1.0 
0.1 0.1 49:1.0 57:1.0 
0.1 0.1 
0.1 0.1 
0.1 0.1 
0.1 0.1 54:1.0 
0.1 0.1 
0.1 0.1 49:1.0 
0.1 0.1 47:1.0 
0.1 0.1 
0.1 0.1 
0.1 0.1 
0.1 0.1 
0.1 0.1 
0.1 0.1 19:1.0 
0.1 0.1 
0.1 0.1 
0.1 0.1 
0.1 0.1 
0.1 0.1 
0.1 0.1 
0.1 0.1 
0.1 0.1 37:1.0 
0.1 0.1 
0.1 0.1 
0.1 0.1 
0.1 0.1 
0.1 0.1 
0.1 0.1 
0.1 0.1 
0.1 0.1 42:1.0 
0.1 0.1 
0.1 0.1 
0.1 0.1 
0.1 0.1 
0.1 0.1 
0.1 0.1 
0.1 0.1 
0.1 0.1 
0.1 0.1 
0.1 0.1 
0.1 0.1 
0.1 0.1 
0.1 0.1 47:1.0 
0.1 0.1 
0.1 0.1 
0.1 0.1 
0.1 0.1 
0.1 0.1 
0.1 0.1 
0.1 0.1 
0.1 0.1 
0.1 0.1 
0.1 0.1 
0.1 0.1 
0.1 0.1 
0.1 0.1 47:1.0 
0.1 0.1 
0.1 0.1 
0.1 0.1 46:1.0 
0.1 0.1 
0.1 0.1 
0.1 0.1 
0.1 0.1 
0.1 0.1 
0.1 0.1 23:1.0 51:1.0 
0.1 0.1 
0.1 0.1 
0.1 0.1 
0.1 0.1 
0.1 0.1 
0.1 0.1 
0.1 0.1 
0.1 0.1 
0.1 0.1 
0.1 0.1 
0.1 0.1 
0.1 0.1 2:1.0 
0.1 0.1 
0.1 0.1 
0.1 0.1 
0.1 0.1 
0.1 0.1 
0.1 0.1 
0.1 0.1 
0.1 0.1 
0.1 0.1 
0.1 0.1 
0.1 0.1 
0.1 0.1 
0.1 0.1 
0.1 0.1 
0.1 0.1 52:1.0 
0.1 0.1 
0.1 0.1 
0.1 0.1 
0.1 0.1 
0.1 0.1 
0.1 0.1 
0.1 0.1 46:1.0 
0.1 0.1 
0.1 0.1 
0.1 0.1 
0.1 0.1 
0.1 0.1 
0.1 0.1 
0.1 0.1 
0.1 0.1 
0.1 0.1 
0.1 0.1 
0.1 0.1 
0.1 0.1 
0.1 0.1 
0.1 0.1 
0.1 0.1 
0.1 0.1 
0.1 0.1 
0.1 0.1 
0.1 0.1 
0.1 0.1 
0.1 0.1 
0.1 0.1 
0.1 0.1 
0.1 0.1 
0.1 0.1 
0.1 0.1 
0.1 0.1 
0.1 0.1 
0.1 0.1 31:1.0 
0.1 0.1 
0.1 0.1 
0.1 0.1 
0.1 0.1 
0.1 0.1 
0.1 0.1 
0.1 0.1 
0.1 0.1 
0.1 0.1 3:1.0 18:1.0 
0.1 0.1 
0.1 0.1 
0.1 0.1 
0.1 0.1 
0.1 0.1 
0.1 0.1 
0.1 0.1 
0.1 0.1 
0.1 0.1 
0.1 0.1 
0.1 0.1 
0.1 0.1 
0.1 0.1 
0.1 0.1 
0.1 0.1 
0.1 0.1 
0.1 0.1 3:1.0 
0.1 0.1 
0.1 0.1 
0.1 0.1 
0.1 0.1 
0.1 0.1 
0.1 0.1 
0.1 0.1 36:1.0 
0.1 0.1 
0.1 0.1 18:1.0 
0.1 0.1 
0.1 0.1 
0.1 0.1 
0.1 0.1 
0.1 0.1 
0.1 0.1 
0.1 0.1 
0.1 0.1 
0.1 0.1 
0.1 0.1 
0.1 0.1 
0.1 0.1 
0.1 0.1 
0.1 0.1 
-0.05078125 0.1 56:1.0 
-0.05078125 0.1 32:1.0 
-0.05078125 0.054687499999999944 11:1.0 44:1.0 
-0.05078125 0.054687499999999944 4:1.0 
-0.0 0.054687499999999944 62:1.0 
-0.05078125 0.1 7:1.0 
-0.0 0.1 53:1.0 
-0.05078125 0.1 1:1.0 56:1.0 
-0.0 0.1 27:1.0 54:1.0 72:1.0 
-0.1 0.0 52:1.0 
-0.1 0.0 42:1.0 
-0.0 0.054687499999999944 63:1.0 68:1.0 74:1.0 
-0.05078125 0.054687499999999944 37:1.0 65:1.0 69:1.0 
-0.05078125 0.054687499999999944 65:1.0 
-0.05078125 0.1 27:1.0 54:1.0 72:1.0 
-0.1 0.054687499999999944 66:1.0 
-0.1 0.054687499999999944 54:1.0 
-0.1 0.1 31:1.0 
-0.0 0.1 29:1.0 
-0.05078125 0.0 16:1.0 
-0.1 0.1 9:1.0 
-0.0 0.054687499999999944 15:1.0 
-0.05156250000000001 0.054687499999999944 43:1.0 62:1.0 
-0.05156250000000001 0.054687499999999944 8:1.0 22:1.0 
-0.1 0.055468749999999956 2:1.0 
-0.05156250000000001 0.05624999999999997 13:1.0 
-0.0 0.1 19:1.0 
-0.0 0.05624999999999997 8:1.0 
-0.0 0.1 20:1.0 
-0.1 0.1 56:1.0 
-0.0 0.05624999999999997 64:1.0 
-0.05156250000000001 0.055468749999999956 12:1.0 62:1.0 
-0.05156250000000001 0.1 29:1.0 
-0.05156250000000001 0.1 26:1.0 
-0.05156250000000001 0.0 23:1.0 
-0.0 0.05624999999999997 44:1.0 
-0.1 0.1 47:1.0 
-0.1 0.055468749999999956 52:1.0 
-0.05156250000000001 0.055468749999999956 5:1.0 21:1.0 
-0.0 0.05624999999999997 
-0.0 0.1 
-0.05156250000000001 0.1 15:1.0 
-0.0 0.1 
-0.0 0.1 
-0.0 0.1 
-0.0 0.1 
-0.0 0.1 
-0.0 0.1 
-0.0 0.1 
-0.0 0.1 
-0.0 0.1 
-0.0 0.1 
-0.0 0.1 
-0.0 0.1 
-0.0 0.1 
-0.0 0.1 
-0.0 0.1 44:1.0 
-0.0 0.1 
-0.0 0.1 
-0.0 0.1 
-0.0 0.1 
-0.0 0.1 
-0.0 0.1 
-0.0 0.1 
-0.0 0.1 
-0.0 0.1 49:1.0 
-0.0 0.1 
-0.0 0.1 62:1.0 
-0.0 0.1 
-0.0 0.1 
-0.1 0.05624999999999997 16:1.0 
-0.05156250000000001 0.055468749999999956 5:1.0 56:1.0 
-0.0 0.1 
-0.05156250000000001 0.055468749999999956 8:1.0 61:1.0 
-0.05156250000000001 0.1 40:1.0 45:1.0 
-0.0 0.1 
-0.0 0.1 
-0.1 0.05624999999999997 23:1.0 
-0.0 0.1 
-0.0 0.1 
-0.0 0.1 63:1.0 68:1.0 74:1.0 
-0.0 0.1 
-0.0 0.1 
-0.0 0.1 
-0.0 0.1 
-0.0 0.1 
-0.0 0.1 
-0.0 0.1 
-0.1 0.1 7:1.0 
-0.0 0.1 
-0.0 0.1 
-0.0 0.1 
-0.0 0.1 
-0.05156250000000001 0.055468749999999956 38:1.0 50:1.0 54:1.0 69:1.0 71:1.0 73:1.0 75:1.0 
-0.0 0.1 
-0.05156250000000001 0.055468749999999956 41:1.0 62:1.0 
-0.0 0.1 
-0.0 0.1 
-0.0 0.1 
-0.0 0.1 
-0.0 0.1 
-0.0 0.1 
-0.0 0.1 
-0.0 0.05624999999999997 48:1.0 
-0.05156250000000001 0.0 3:1.0 
-0.0 0.1 
-0.0 0.1 
-0.0 0.1 
-0.0 0.1 
-0.0 0.1 
-0.05156250000000001 0.1 53:1.0 
-0.0 0.1 
-0.0 0.1 
-0.0 0.1 
-0.0 0.1 
-0.0 0.1 
-0.0 0.1 
-0.0 0.1 62:1.0 
-0.0 0.1 
-0.0 0.1 
-0.0 0.1 
-0.0 0.1 
-0.0 0.1 
-0.0 0.1 
-0.0 0.1 
-0.0 0.1 
-0.0 0.1 
-0.0 0.1 
-0.0 0.1 
-0.0 0.1 
-0.0 0.1 
-0.0 0.1 
-0.0 0.1 
-0.0 0.1 
-0.0 0.1 
-0.0 0.1 
-0.0 0.1 
-0.0 0.1 
-0.0 0.1 
-0.0 0.1 
-0.0 0.1 
-0.0 0.1 
-0.0 0.1 
-0.0 0.1 
-0.0 0.1 
-0.0 0.1 
-0.05156250000000001 0.1 
-0.1 0.1 
-0.1 0.1 
-0.1 0.1 
-0.1 0.1 
-0.1 0.1 
-0.1 0.1 
-0.1 0.1 
-0.1 0.1 
-0.1 0.1 
-0.1 0.1 
-0.05156250000000001 0.055468749999999956 3:1.0 11:1.0 25:1.0 53:1.0 
-0.1 0.1 
-0.1 0.1 
-0.1 0.1 
-0.1 0.1 
-0.1 0.1 
-0.1 0.1 
-0.0 0.05624999999999997 6:1.0 
-0.1 0.1 
-0.1 0.1 
-0.1 0.1 
-0.1 0.1 
-0.1 0.1 
-0.1 0.1 
-0.1 0.1 
-0.1 0.1 
-0.1 0.1 
-0.1 0.1 
-0.1 0.1 
-0.0 0.05624999999999997 70:1.0 
-0.1 0.1 
-0.1 0.1 
-0.1 0.1 32:1.0 
-0.1 0.1 
-0.1 0.1 
-0.1 0.1 
-0.1 0.1 
-0.1 0.1 
-0.1 0.1 
-0.1 0.1 
-0.05156250000000001 0.055468750000000094 17:1.0 42:1.0 
-0.1 0.1 
-0.1 0.1 
-0.1 0.1 
-0.1 0.1 
-0.0 0.1 48:1.0 
-0.1 0.1 
-0.1 0.1 
-0.1 0.1 
-0.05156250000000001 0.1 49:1.0 
-0.1 0.1 
-0.1 0.1 
-0.1 0.1 
-0.1 0.1 
-0.1 0.1 
-0.1 0.1 
-0.0 0.1 35:1.0 
-0.0 0.1 33:1.0 
-0.1 0.1 
-0.1 0.1 
-0.1 0.1 
-0.1 0.1 
-0.1 0.055468750000000094 3:1.0 
-0.05156250000000001 0.055468750000000094 59:1.0 64:1.0 
-0.1 0.1 
-0.1 0.1 
-0.1 0.1 
-0.1 0.1 
-0.1 0.1 
-0.1 0.1 
-0.05156250000000001 0.055468750000000094 15:1.0 59:1.0 
-0.1 0.1 
-0.1 0.1 
-0.1 0.09921875 16:1.0 
-0.1 0.1 
-0.05156250000000001 0.09921875 8:1.0 
-0.05156250000000001 0.055468750000000094 20:1.0 52:1.0 
-0.1 0.1 
-0.05156250000000001 0.1 36:1.0 
-0.1 0.1 
-0.1 0.1 
-0.1 0.1 
-0.1 0.1 
-0.1 0.1 
-0.1 0.055468750000000094 51:1.0 
-0.1 0.1 
-0.1 0.1 
-0.1 0.1 13:1.0 
-0.05156250000000001 0.1 21:1.0 
-0.1 0.1 
-0.1 0.1 
-0.1 0.1 
-0.1 0.1 
-0.1 0.1 
-0.1 0.1 
-0.1 0.1 
-0.1 0.1 
-0.1 0.1 
-0.1 0.1 
-0.1 0.1 
-0.1 0.1 
-0.1 0.1 
-0.1 0.1 
-0.1 0.1 
-0.1 0.1 
-0.1 0.1 
-0.1 0.1 
-0.1 0.1 
-0.1 0.1 
-0.1 0.1 
-0.1 0.1 
-0.1 0.1 
-0.1 0.1 28:1.0 
-0.1 0.1 
-0.1 0.1 
-0.1 0.1 
-0.1 0.1 
-0.1 0.1 
-0.1 0.1 
-0.1 0.1 
-0.1 0.1 
-0.1 0.1 
-0.1 0.1 
-0.1 0.1 
-0.1 0.1 
-0.1 0.1 
-0.1 0.1 
-0.1 0.1 
-0.1 0.1 
-0.1 0.1 
-0.1 0.1 
-0.1 0.1 
-0.1 0.1 
-0.051562500000000094 0.09921875 70:1.0 
-0.1 0.1 
-0.1 0.1 
-0.1 0.1 
-0.1 0.1 
-0.051562500000000094 0.09921875 44:1.0 
-0.1 0.1 
-0.1 0.1 
-0.05156250000000004 0.1 62:1.0 
-0.1 0.1 
-0.1 0.1 
-0.1 0.1 
-0.1 0.1 
-0.05156250000000004 0.055468750000000094 29:1.0 57:1.0 
-0.1 0.1 
-0.1 0.1 
-0.1 0.1 
-0.1 0.1 
-0.1 0.1 
-0.1 0.1 
-0.1 0.1 
-0.1 0.1 
-0.1 0.1 
-0.1 0.1 
-0.1 0.1 
-0.1 0.1 
-0.1 0.1 
-0.1 0.1 
-0.0 0.1 41:1.0 
-0.1 0.1 
-0.1 0.1 
-0.1 0.1 
-0.1 0.1 
-0.1 0.1 
-0.1 0.1 
-0.1 0.1 
-0.1 0.1 
-0.1 0.1 
-0.1 0.1 
-0.1 0.1 
-0.1 0.1 
-0.1 0.1 
-0.1 0.1 
-0.1 0.1 
-0.0 0.1 19:1.0 
-0.1 0.1 
-0.1 0.1 
-0.1 0.1 
-0.1 0.1 
-0.1 0.1 
-0.1 0.1 
-0.05156250000000004 0.05546874999999998 16:1.0 61:1.0 
-0.1 0.1 
-0.1 0.1 
-0.1 0.1 
-0.0 0.1 39:1.0 
-0.05156250000000004 0.05546874999999998 40:1.0 
-0.1 0.1 
-0.05156250000000004 0.05546874999999998 39:1.0 42:1.0 
-0.1 0.1 
-0.1 0.1 
-0.1 0.1 
-0.05156250000000004 0.09843750000000004 48:1.0 
-0.1 0.1 49:1.0 
-0.0 0.1 34:1.0 
-0.1 0.1 
-0.1 0.1 
-0.1 0.1 
-0.1 0.1 
-0.1 0.1 
-0.1 0.1 
-0.1 0.1 54:1.0 
-0.1 0.1 
-0.05156249999999998 0.05468750000000003 28:1.0 
-0.1 0.1 
-0.05156249999999998 0.1 39:1.0 
-0.1 0.1 
-0.05156249999999998 0.05468750000000003 34:1.0 
-0.1 0.1 
-0.1 0.1 65:1.0 
-0.1 0.1 
-0.1 0.1 
-0.1 0.1 
-0.1 0.1 
-0.1 0.1 
-0.1 0.1 
-0.1 0.1 
-0.1 0.1 
-0.1 0.1 
-0.1 0.1 
-0.1 0.1 
-0.1 0.1 
-0.1 0.1 
-0.1 0.1 
-0.1 0.1 
-0.1 0.1 
-0.05156249999999998 0.05468750000000003 25:1.0 30:1.0 58:1.0 60:1.0 76:1.0 
-0.1 0.1 
-0.1 0.1 
-0.1 0.1 
-0.1 0.1 
-0.1 0.1 
-0.05156249999999998 0.05468750000000003 41:1.0 
-0.1 0.1 
-0.1 0.1 
-0.05156249999999998 0.05468750000000003 63:1.0 
-0.1 0.1 
-0.1 0.1 
-0.1 0.1 
-0.05156249999999998 0.05468750000000003 43:1.0 
-0.1 0.1 
-0.1 0.09843750000000004 13:1.0 
-0.1 0.1 
-0.1 0.1 
-0.1 0.1 
-0.1 0.1 
-0.1 0.1 19:1.0 
-0.1 0.1 
-0.1 0.1 
-0.1 0.09843750000000004 23:1.0 
-0.1 0.1 
-0.1 0.1 
-0.1 0.1 
-0.1 0.1 
-0.1 0.1 
-0.1 0.1 
-0.1 0.1 
-0.1 0.1 
-0.1 0.1 
-0.1 0.1 
-0.1 0.1 
-0.1 0.1 
-0.05156249999999998 0.05468750000000003 33:1.0 
-0.0 0.1 22:1.0 
-0.1 0.1 
-0.1 0.1 
-0.05156249999999998 0.09921875000000005 6:1.0 
-0.1 0.1 
-0.1 0.1 
-0.1 0.1 
-0.1 0.1 
-0.1 0.1 
-0.1 0.1 
-0.1 0.05546875000000004 36:1.0 
-0.1 0.1 
-0.1 0.1 
-0.1 0.1 
-0.1 0.1 
-0.05156249999999998 0.05546875000000004 45:1.0 
-0.1 0.05546875000000004 42:1.0 
-0.1 0.1 
-0.05156249999999998 0.05546875000000004 12:1.0 
-0.1 0.1 
-0.1 0.1 
-0.1 0.1 
-0.1 0.1 
-0.1 0.1 19:1.0 
-0.1 0.1 
-0.1 0.1 
-0.1 0.1 
-0.1 0.1 
-0.1 0.1 
-0.1 0.1 
-0.1 0.1 
-0.05156249999999998 0.05546875000000004 5:1.0 
-0.1 0.1 
-0.0 0.1 61:1.0 
-0.1 0.1 
-0.1 0.1 
-0.1 0.1 
-0.1 0.1 
-0.1 0.1 
-0.1 0.1 
-0.1 0.1 
-0.1 0.1 
-0.1 0.1 
-0.1 0.1 
-0.1 0.1 
-0.1 0.1 
-0.1 0.1 
-0.1 0.1 
-0.05156249999999998 0.05546875000000004 16:1.0 59:1.0 
-0.1 0.1 
-0.1 0.1 
-0.05156249999999998 0.05546875000000004 59:1.0 
-0.1 0.1 
-0.1 0.1 
-0.1 0.1 
-0.1 0.1 
-0.05156249999999998 0.05546875000000004 61:1.0 
-0.1 0.1 
-0.1 0.1 
-0.1 0.1 
-0.1 0.1 
-0.1 0.1 
-0.1 0.1 
-0.1 0.0 24:1.0 
-0.05156249999999998 0.05546875000000004 22:1.0 
-0.1 0.1 
-0.1 0.1 
-0.1 0.1 
-0.1 0.1 
-0.1 0.1 
-0.1 0.1 
-0.1 0.1 
-0.1 0.1 
-0.1 0.1 
-0.1 0.1 
-0.1 0.1 
-0.1 0.1 
-0.05156249999999998 0.05546875000000004 21:1.0 61:1.0 
-0.1 0.1 
-0.1 0.1 
-0.1 0.1 
-0.1 0.1 
-0.1 0.1 
-0.1 0.1 
-0.1 0.1 
-0.1 0.1 
-0.1 0.1 
-0.1 0.1 
-0.1 0.1 
-0.1 0.1 
-0.1 0.1 
-0.1 0.1 
-0.1 0.1 
-0.1 0.1 
-0.1 0.1 
-0.1 0.1 
-0.05156249999999998 0.1 19:1.0 
-0.1 0.1 
-0.1 0.1 
-0.1 0.1 
-0.1 0.1 
-0.1 0.1 
-0.1 0.1 
-0.1 0.1 
-0.1 0.1 
-0.1 0.1 
-0.1 0.1 
-0.1 0.1 
-0.1 0.1 
-0.1 0.1 
-0.1 0.1 
-0.1 0.1 
-0.1 0.1 
-0.1 0.1 
-0.1 0.0 24:1.0 
-0.1 0.1 
-0.1 0.1 
-0.1 0.1 
-0.1 0.1 
-0.1 0.1 
-0.1 0.1 
-0.1 0.1 
-0.1 0.1 
-0.05156249999999998 0.1 63:1.0 68:1.0 74:1.0 
-0.05156249999999998 0.05546875000000004 44:1.0 62:1.0 
-0.1 0.1 
-0.1 0.1 
-0.1 0.1 
-0.1 0.1 
-0.1 0.1 
-0.1 0.1 
-0.1 0.1 
-0.0 0.1 11:1.0 
-0.05156249999999998 0.1 20:1.0 
-0.1 0.1 
-0.05078124999999997 0.05546874999999998 25:1.0 
-0.1 0.1 
-0.1 0.1 
-0.1 0.1 
-0.1 0.1 
-0.1 0.1 
-0.1 0.1 
-0.05078124999999997 0.05546874999999998 30:1.0 58:1.0 60:1.0 76:1.0 
-0.05078124999999997 0.05546875000000004 14:1.0 
-0.05078124999999997 0.05546875000000004 17:1.0 
-0.05078124999999997 0.05546875000000004 34:1.0 43:1.0 
-0.05078124999999997 0.05546875000000004 35:1.0 
-0.1 0.1 
-0.1 0.1 
-0.1 0.1 
-0.05078124999999997 0.05546875000000004 24:1.0 
-0.1 0.1 
-0.1 0.1 
-0.1 0.05546875000000004 37:1.0 
-0.1 0.1 
-0.05078125000000003 0.05546875000000004 11:1.0 
-0.1 0.1 
-0.1 0.1 
-0.1 0.1 
-0.09921875 0.09921875 
-0.05078125000000003 0.09921875 64:1.0 
-0.0 -0.1 
-0.0 -0.1 
-0.0 -0.1 
-0.0 -0.1 
-0.0 -0.1 
-0.0 -0.1 
-0.0 -0.1 
-0.0 -0.1 20:1.0 
-0.0 -0.1 
-0.0 -0.1 
-0.0 -0.1 
-0.0 -0.1 
-0.0 -0.1 
-0.0 -0.1 
-0.0 -0.1 
-0.0 -0.1 
-0.1 -0.1 57:1.0 
-0.0 -0.1 
-0.0 -0.1 
-0.0 -0.1 
-0.0 -0.1 
-0.0 -0.1 
-0.0 -0.1 
-0.0 -0.1 53:1.0 
-0.0 -0.1 
-0.0 -0.1 
-0.0 -0.1 48:1.0 
-0.0 -0.1 
-0.0 -0.1 
-0.0 -0.1 
-0.0 -0.1 
-0.0 -0.1 
-0.0 -0.1 
-0.0 -0.1 
-0.0 -0.1 
-0.1 -0.1 7:1.0 
-0.0 -0.1 
-0.0 -0.1 
-0.0 -0.1 
-0.0 -0.1 
-0.0 -0.1 
-0.1 -0.1 70:1.0 
-0.1 -0.1 14:1.0 16:1.0 
-0.0 -0.1 
-0.0 -0.1 1:1.0 
-0.0 -0.1 
-0.0 -0.1 
-0.0 -0.1 
-0.0 -0.1 
-0.0 -0.1 
-0.0 -0.1 
-0.1 -0.1 36:1.0 
-0.0 -0.1 
-0.0 -0.1 
-0.0 -0.1 
-0.0 -0.1 
-0.1 -0.1 46:1.0 51:1.0 
-0.0 -0.1 
-0.0 -0.1 
-0.0 -0.1 
-0.0 -0.1 
-0.0 -0.1 21:1.0 
-0.0 -0.1 
-0.0 -0.1 
-0.0 -0.1 
-0.0 -0.1 
-0.0 -0.1 
-0.0 -0.1 53:1.0 
-0.0 -0.1 
-0.0 -0.1 
-0.0 -0.1 
-0.0 -0.1 
-0.1 -0.1 7:1.0 
-0.0 -0.1 
-0.0 -0.1 
-0.0 -0.1 
-0.0 -0.1 
-0.0 -0.1 
-0.0 -0.1 
-0.0 -0.1 
-0.0 -0.1 
-0.0 -0.1 
-0.0 -0.1 
-0.0 -0.1 
-0.0 -0.1 
-0.0 -0.1 
-0.0 -0.1 
-0.0 -0.1 
-0.0 -0.1 44:1.0 
-0.0 -0.1 
-0.0 -0.1 
-0.0 -0.1 
-0.0 -0.1 
-0.0 -0.1 39:1.0 
-0.0 -0.1 
-0.1 -0.1 9:1.0 
-0.0 -0.1 
-0.0 -0.1 
-0.0 -0.1 
-0.0 -0.1 
-0.0 -0.1 
-0.0 -0.1 
-0.1 -0.1 8:1.0 22:1.0 26:1.0 
-0.0 -0.1 
-0.0 -0.1 
-0.0 -0.1 
-0.1 -0.1 
-0.1 -0.1 
-0.1 -0.1 
-0.1 -0.1 
-0.1 -0.1 
-0.1 -0.1 
-0.1 -0.1 
-0.1 -0.1 
-0.1 -0.1 8:1.0 17:1.0 42:1.0 
-0.1 -0.1 
-0.1 -0.1 
-0.1 -0.1 
-0.1 -0.1 
-0.0 -0.1 29:1.0 
-0.0 -0.1 56:1.0 
-0.1 -0.1 44:1.0 
-0.0 -0.1 53:1.0 
-0.1 -0.1 
-0.1 -0.1 
-0.1 -0.1 13:1.0 
-0.1 -0.1 
-0.1 -0.1 
-0.1 -0.1 
-0.1 -0.1 
-0.1 -0.1 
-0.1 -0.1 
-0.1 -0.1 32:1.0 
-0.1 -0.1 
-0.1 -0.1 
-0.1 -0.1 
-0.1 -0.1 
-0.1 -0.1 
-0.0 -0.1 39:1.0 
-0.1 -0.1 
-0.1 -0.1 
-0.1 -0.1 
-0.1 -0.1 
-0.1 -0.1 34:1.0 46:1.0 
-0.1 -0.1 
-0.1 -0.1 
-0.1 -0.1 47:1.0 
-0.1 -0.1 
-0.1 -0.1 
-0.1 -0.1 34:1.0 
-0.1 -0.1 
-0.1 -0.1 
-0.0 -0.1 56:1.0 
-0.1 -0.1 
-0.1 -0.1 
-0.1 -0.1 
-0.1 -0.1 
-0.1 -0.1 
-0.1 -0.1 
-0.1 -0.1 
-0.1 -0.1 
-0.1 -0.1 
-0.1 -0.1 
-0.1 -0.1 
-0.1 -0.1 
-0.1 -0.1 
-0.1 -0.1 
-0.1 -0.1 
-0.1 -0.1 
-0.1 -0.1 
-0.1 -0.1 
-0.1 -0.1 26:1.0 
-0.1 -0.1 
-0.1 -0.1 
-0.0 -0.1 27:1.0 54:1.0 72:1.0 
-0.1 -0.1 
-0.0 -0.1 19:1.0 
-0.1 -0.1 
-0.1 -0.1 
-0.1 -0.1 
-0.1 -0.1 
-0.1 -0.1 35:1.0 
-0.1 -0.1 
-0.1 -0.1 
-0.1 -0.1 
-0.1 -0.1 
-0.1 -0.1 
-0.1 -0.1 
-0.0 -0.1 19:1.0 
-0.1 -0.1 
-0.1 -0.1 
-0.1 -0.1 
-0.1 -0.1 
-0.1 -0.1 
-0.0 -0.1 21:1.0 
-0.1 -0.1 
-0.1 -0.1 
-0.1 -0.1 
-0.1 -0.1 
-0.1 -0.1 
-0.1 -0.1 
-0.1 -0.1 
-0.0 -0.1 63:1.0 68:1.0 74:1.0 
-0.1 -0.1 39:1.0 
-0.0 -0.1 20:1.0 
-0.1 -0.1 
-0.1 -0.1 
-0.1 -0.1 61:1.0 
-0.1 -0.1 
-0.0 -0.1 49:1.0 
-0.1 -0.1 
-0.1 -0.1 
-0.0 -0.1 29:1.0 
-0.1 -0.1 
-0.1 -0.1 
-0.1 -0.1 
-0.1 -0.1 
-0.1 -0.1 18:1.0 
-0.1 -0.1 
-0.1 -0.1 62:1.0 64:1.0 
-0.1 -0.1 
-0.1 -0.1 
-0.1 -0.1 
-0.1 -0.1 
-0.1 -0.1 
-0.1 -0.1 
-0.1 -0.1 
-0.1 -0.1 
-0.1 -0.1 
-0.1 -0.1 
-0.1 -0.1 
-0.1 -0.1 
-0.1 -0.1 
-0.1 -0.1 
-0.1 -0.1 
-0.1 -0.1 
-0.1 -0.1 
-0.1 -0.1 65:1.0 
-0.1 -0.1 
-0.1 -0.1 
-0.1 -0.1 
-0.1 -0.1 
-0.1 -0.1 
-0.1 -0.1 41:1.0 
-0.1 -0.1 
-0.1 -0.1 
-0.1 -0.1 
-0.1 -0.1 
-0.1 -0.1 
-0.1 -0.1 
-0.1 -0.1 
-0.1 -0.1 
-0.1 -0.1 
-0.1 -0.1 39:1.0 64:1.0 
-0.1 -0.1 
-0.1 -0.1 
-0.1 -0.1 
-0.1 -0.1 
-0.1 -0.1 
-0.1 -0.1 8:1.0 57:1.0 
-0.0 -0.1 53:1.0 
-0.1 -0.1 49:1.0 
-0.1 -0.1 
-0.1 -0.1 56:1.0 
-0.1 -0.1 
-0.1 -0.1 
-0.1 -0.1 
-0.1 -0.1 
-0.1 -0.1 
-0.1 -0.1 
-0.1 -0.1 
-0.1 -0.1 
-0.0 -0.1 1:1.0 
-0.1 -0.1 
-0.1 -0.1 
-0.1 -0.1 
-0.1 -0.1 
-0.1 -0.1 
-0.1 -0.1 
-0.1 -0.1 
-0.1 -0.1 
-0.1 -0.1 
-0.1 -0.1 
-0.1 -0.1 
-0.1 -0.1 
-0.1 -0.1 
-0.1 -0.1 
-0.1 -0.1 
-0.1 -0.1 
-0.1 -0.1 
-0.1 -0.1 
-0.1 -0.1 
-0.0 -0.1 62:1.0 
-0.1 -0.1 
-0.1 -0.1 
-0.1 -0.1 
-0.1 -0.1 
-0.1 -0.1 
-0.1 -0.1 
-0.1 -0.1 15:1.0 
-0.1 -0.1 
-0.1 -0.1 
-0.1 -0.1 
-0.0 -0.1 62:1.0 
-0.1 -0.1 
-0.1 -0.1 
-0.1 -0.1 
-0.1 -0.1 
-0.1 -0.1 
-0.1 -0.1 
-0.1 -0.1 
-0.1 -0.1 
-0.1 -0.1 
-0.1 -0.1 
-0.0 -0.1 53:1.0 
-0.1 -0.1 67:1.0 
-0.1 -0.1 28:1.0 
-0.1 -0.1 20:1.0 
-0.1 -0.1 
-0.1 -0.1 49:1.0 
-0.1 -0.1 22:1.0 
-0.1 -0.1 
-0.1 -0.1 
-0.1 -0.1 
-0.1 -0.1 
-0.1 -0.1 
-0.1 -0.1 
-0.1 -0.1 
-0.1 -0.1 21:1.0 
-0.1 -0.1 
-0.1 -0.1 
-0.1 -0.1 
-0.1 -0.1 
-0.1 -0.1 
-0.1 -0.1 
-0.1 -0.1 
-0.1 -0.1 
-0.1 -0.1 1:1.0 
-0.1 -0.1 
-0.1 -0.1 1:1.0 56:1.0 
-0.1 -0.1 
-0.1 -0.1 
-0.1 -0.1 
-0.1 -0.1 
-0.1 -0.1 
-0.1 -0.1 
-0.1 -0.1 
-0.1 -0.1 
-0.1 -0.1 
-0.1 -0.1 
-0.1 -0.1 
-0.1 -0.1 
-0.1 -0.1 
-0.1 -0.1 
-0.1 -0.1 
-0.1 -0.1 27:1.0 54:1.0 72:1.0 
-0.1 -0.1 
-0.1 -0.1 
-0.1 -0.1 
-0.1 -0.1 
-0.1 -0.1 46:1.0 
-0.1 -0.1 63:1.0 68:1.0 74:1.0 
-0.1 -0.1 
-0.1 -0.1 
-0.1 -0.1 
-0.1 -0.1 
-0.1 -0.1 
-0.1 -0.1 
-0.1 -0.1 
-0.1 -0.1 19:1.0 
-0.1 -0.1 2:1.0 55:1.0 67:1.0 
-0.1 -0.1 
-0.1 -0.1 
-0.1 -0.1 
-0.1 -0.1 
-0.1 -0.1 22:1.0 26:1.0 
-0.1 -0.1 
-0.1 -0.1 41:1.0 67:1.0 
-0.1 -0.1 32:1.0 
-0.1 -0.1 
-0.1 -0.1 56:1.0 
-0.1 -0.1 
-0.1 -0.1 
-0.1 -0.1 
-0.1 -0.1 
-0.1 -0.1 
-0.1 -0.1 
-0.1 -0.1 
-0.1 -0.1 
-0.1 -0.1 
-0.1 -0.1 54:1.0 
-0.1 -0.1 
-0.1 -0.1 
-0.1 -0.1 
-0.1 -0.1 
-0.1 -0.1 
-0.1 -0.1 
-0.1 -0.1 
-0.1 -0.1 
-0.1 -0.1 
-0.1 -0.1 
-0.1 -0.1 
-0.1 -0.1 
-0.1 -0.1 5:1.0 37:1.0 
-0.1 -0.1 
-0.1 -0.1 
-0.0 -0.1 53:1.0 
-0.1 -0.1 1:1.0 10:1.0 
-0.1 -0.1 
-0.1 -0.1 6:1.0 
-0.1 -0.1 40:1.0 45:1.0 
-0.1 -0.1 
-0.1 -0.1 
-0.1 -0.1 
-0.1 -0.1 
-0.1 -0.1 
-0.1 -0.1 
-0.1 -0.1 
-0.1 -0.1 
-0.1 -0.1 
-0.1 -0.1 
-0.1 -0.1 
-0.1 -0.1 
-0.1 -0.1 
-0.1 -0.1 
-0.1 -0.1 11:1.0 
-0.1 -0.1 
-0.1 -0.1 
-0.1 -0.1 
-0.1 -0.1 
-0.1 -0.1 
-0.1 -0.1 
-0.1 -0.1 
-0.1 -0.1 
-0.1 -0.1 
-0.1 -0.1 13:1.0 
-0.1 -0.1 
-0.1 -0.1 
-0.1 -0.1 
-0.1 -0.1 
-0.1 -0.1 
-0.1 -0.1 19:1.0 
-0.1 -0.1 
-0.1 -0.1 
-0.1 -0.1 
-0.1 -0.1 
-0.1 -0.1 
-0.1 -0.1 
-0.1 -0.1 31:1.0 
-0.1 -0.1 
-0.1 -0.1 
-0.1 -0.1 
-0.1 -0.1 
-0.1 -0.1 
-0.1 -0.1 
-0.1 -0.1 
-0.1 -0.1 
-0.1 -0.1 
-0.1 -0.1 
-0.1 -0.1 
-0.0 -0.1 29:1.0 
-0.1 -0.1 
-0.1 -0.1 
-0.1 -0.1 
-0.1 -0.1 
-0.1 -0.1 16:1.0 
-0.1 -0.1 
-0.1 -0.1 64:1.0 
-0.1 -0.1 
-0.1 -0.1 
-0.1 -0.1 
-0.1 -0.1 
-0.1 -0.1 
-0.1 -0.1 
-0.1 -0.1 
-0.1 -0.1 19:1.0 
-0.1 -0.1 
-0.1 -0.1 
-0.1 -0.1 
-0.1 -0.1 
-0.1 -0.1 
-0.1 -0.1 
-0.1 -0.1 
-0.1 -0.1 
-0.1 -0.1 
-0.1 -0.1 
-0.1 -0.1 
-0.1 -0.1 
-0.1 -0.1 
-0.1 -0.1 
-0.1 -0.1 
-0.1 -0.1 
-0.1 -0.1 
-0.1 -0.1 
-0.1 -0.1 48:1.0 
-0.1 -0.1 
-0.1 -0.1 
-0.1 -0.1 
-0.1 -0.1 
-0.1 -0.1 
-0.1 -0.1 
-0.1 -0.1 29:1.0 
-0.1 -0.1 
-0.1 -0.1 33:1.0 
-0.1 -0.1 
-0.1 -0.1 
-0.1 -0.1 
-0.1 -0.1 
-0.1 -0.1 
-0.1 -0.1 8:1.0 
-0.1 -0.1 18:1.0 
-0.1 -0.1 
-0.1 -0.1 
-0.1 -0.1 
-0.1 -0.1 
-0.0 -0.1 53:1.0 
-0.1 -0.1 
-0.1 -0.1 62:1.0 
-0.1 -0.1 53:1.0 
-0.1 -0.1 27:1.0 38:1.0 50:1.0 54:1.0 69:1.0 71:1.0 72:1.0 73:1.0 75:1.0 
-0.1 -0.1 
-0.1 -0.1 11:1.0 40:1.0 
-0.1 -0.1 
-0.1 -0.1 
-0.1 -0.1 
-0.1 -0.1 
-0.1 -0.1 
-0.1 -0.1 23:1.0 
-0.1 -0.1 
-0.1 -0.1 
-0.1 -0.1 
-0.1 -0.1 
-0.1 -0.1 
-0.1 -0.1 
-0.1 -0.1 
-0.1 -0.1 
-0.1 -0.1 
