svm_type c_svc
kernel_type rbf
gamma 100.0
nr_class 3
total_sv 1522
rho 0.5952771775265957 0.26316731770833335 -0.5616179435483871
label 2 0 1
nr_sv 416 574 532
SV
1.0 1.0 
1.0 1.0 
1.0 1.0 
0.5947265625 0.2626953125 50:1.0 54:1.0 66:1.0 69:1.0 73:1.0 75:1.0 
1.0 1.0 
1.0 1.0 2:1.0 32:1.0 
1.0 1.0 
1.0 1.0 
1.0 1.0 
1.0 1.0 
1.0 1.0 
1.0 1.0 
1.0 1.0 
1.0 1.0 
1.0 1.0 
1.0 1.0 33:1.0 46:1.0 51:1.0 
1.0 1.0 
1.0 1.0 
1.0 1.0 
1.0 1.0 
1.0 1.0 
1.0 1.0 
1.0 0.2626953125 24:1.0 
1.0 1.0 
1.0 1.0 
1.0 1.0 
1.0 1.0 
1.0 1.0 
1.0 1.0 
1.0 1.0 
1.0 1.0 
1.0 1.0 
1.0 1.0 
1.0 1.0 
1.0 1.0 
1.0 1.0 
1.0 1.0 
1.0 1.0 
1.0 1.0 
1.0 1.0 
1.0 1.0 
1.0 1.0 
1.0 1.0 50:1.0 54:1.0 66:1.0 69:1.0 73:1.0 75:1.0 
1.0 1.0 
1.0 1.0 
1.0 1.0 
1.0 1.0 
1.0 1.0 
1.0 1.0 
1.0 1.0 
1.0 1.0 
1.0 1.0 
0.5947265625 0.0 2:1.0 
1.0 1.0 
1.0 1.0 
1.0 1.0 
1.0 1.0 
1.0 1.0 
1.0 1.0 
1.0 1.0 
1.0 1.0 23:1.0 
1.0 1.0 
1.0 1.0 
1.0 1.0 
1.0 1.0 
1.0 1.0 13:1.0 
1.0 1.0 32:1.0 
1.0 1.0 
1.0 1.0 
0.5947265625 1.0 27:1.0 38:1.0 50:1.0 54:1.0 69:1.0 71:1.0 72:1.0 73:1.0 75:1.0 
1.0 1.0 9:1.0 66:1.0 
1.0 1.0 
1.0 1.0 
1.0 1.0 
1.0 1.0 9:1.0 
1.0 1.0 
1.0 1.0 7:1.0 
1.0 1.0 
1.0 1.0 
1.0 1.0 
1.0 1.0 
1.0 1.0 
1.0 1.0 
1.0 1.0 
1.0 1.0 
1.0 1.0 
1.0 1.0 
1.0 1.0 
1.0 1.0 
1.0 1.0 10:1.0 46:1.0 
0.5947265625 0.2626953125 55:1.0 
1.0 1.0 27:1.0 38:1.0 50:1.0 54:1.0 69:1.0 71:1.0 72:1.0 73:1.0 75:1.0 
1.0 1.0 
1.0 1.0 55:1.0 
1.0 1.0 
1.0 1.0 
1.0 0.5 37:1.0 
1.0 1.0 
1.0 1.0 
1.0 1.0 
1.0 1.0 
1.0 1.0 
0.5947265625 0.2626953125 10:1.0 
1.0 1.0 
1.0 1.0 
1.0 1.0 
1.0 1.0 23:1.0 
1.0 1.0 
1.0 1.0 
1.0 1.0 
1.0 1.0 
1.0 1.0 
1.0 1.0 
1.0 1.0 
1.0 0.2626953125 42:1.0 
0.5947265625 0.2626953125 69:1.0 
1.0 1.0 
1.0 1.0 
1.0 1.0 
1.0 1.0 
1.0 1.0 66:1.0 
1.0 1.0 
1.0 1.0 
1.0 1.0 
1.0 1.0 
1.0 1.0 
1.0 1.0 
1.0 1.0 
1.0 1.0 
1.0 1.0 
1.0 1.0 
1.0 1.0 
1.0 1.0 
1.0 1.0 
1.0 1.0 
1.0 1.0 
1.0 1.0 
1.0 1.0 
1.0 1.0 
1.0 1.0 
1.0 1.0 
1.0 1.0 
1.0 1.0 28:1.0 
1.0 1.0 
1.0 1.0 
1.0 1.0 
1.0 1.0 
1.0 1.0 
1.0 1.0 
1.0 1.0 
1.0 1.0 
1.0 1.0 
1.0 1.0 
1.0 1.0 
1.0 1.0 
1.0 1.0 
1.0 1.0 
1.0 1.0 
1.0 1.0 19:1.0 
1.0 1.0 65:1.0 
0.5947265625 1.0 67:1.0 
1.0 1.0 
1.0 1.0 9:1.0 
1.0 1.0 
1.0 1.0 
0.5947265625 1.0 18:1.0 
1.0 0.2626953125 52:1.0 
1.0 1.0 67:1.0 
1.0 1.0 19:1.0 39:1.0 
1.0 1.0 
1.0 1.0 
1.0 1.0 56:1.0 
1.0 1.0 
1.0 1.0 
1.0 1.0 24:1.0 
1.0 1.0 
1.0 1.0 
1.0 1.0 
1.0 1.0 
1.0 1.0 31:1.0 
1.0 1.0 
1.0 1.0 
1.0 1.0 
1.0 1.0 
1.0 1.0 16:1.0 50:1.0 54:1.0 75:1.0 
1.0 1.0 
1.0 1.0 
1.0 1.0 
1.0 1.0 
1.0 1.0 
1.0 1.0 
1.0 1.0 
1.0 1.0 
1.0 1.0 
1.0 1.0 
1.0 1.0 
1.0 1.0 
1.0 1.0 
1.0 1.0 
1.0 1.0 16:1.0 
1.0 1.0 
1.0 1.0 
1.0 1.0 
1.0 1.0 
1.0 1.0 
1.0 1.0 
1.0 1.0 
1.0 1.0 
0.0 0.2626953125 46:1.0 
1.0 1.0 51:1.0 
1.0 1.0 
1.0 1.0 54:1.0 
1.0 1.0 
1.0 1.0 10:1.0 
1.0 1.0 
1.0 1.0 
1.0 1.0 
1.0 1.0 
1.0 1.0 16:1.0 
1.0 1.0 
1.0 1.0 
1.0 0.2626953125 2:1.0 
1.0 1.0 
1.0 1.0 
1.0 1.0 
1.0 1.0 
1.0 1.0 57:1.0 
1.0 1.0 
1.0 1.0 
1.0 1.0 
1.0 1.0 
1.0 1.0 
1.0 1.0 
1.0 1.0 13:1.0 
1.0 1.0 
1.0 1.0 37:1.0 38:1.0 69:1.0 71:1.0 
1.0 1.0 
1.0 1.0 
1.0 1.0 69:1.0 
1.0 1.0 49:1.0 57:1.0 
1.0 1.0 
1.0 1.0 
1.0 1.0 
1.0 1.0 54:1.0 
1.0 1.0 
1.0 1.0 49:1.0 
0.5947265625 0.265625 47:1.0 
1.0 1.0 
1.0 1.0 
1.0 1.0 
1.0 1.0 
1.0 1.0 
1.0 1.0 19:1.0 
1.0 1.0 
1.0 1.0 
1.0 1.0 
1.0 1.0 
1.0 1.0 
1.0 1.0 
1.0 1.0 
1.0 0.763671875 37:1.0 
1.0 1.0 
1.0 1.0 
1.0 1.0 
1.0 1.0 
1.0 1.0 
1.0 1.0 
1.0 1.0 
1.0 1.0 42:1.0 
1.0 1.0 
1.0 1.0 
1.0 1.0 
1.0 1.0 
1.0 1.0 
1.0 1.0 
1.0 1.0 
1.0 1.0 
1.0 1.0 
1.0 1.0 
1.0 1.0 
1.0 1.0 
1.0 1.0 47:1.0 
1.0 1.0 
1.0 1.0 
1.0 1.0 
1.0 1.0 
1.0 1.0 
1.0 1.0 
1.0 1.0 
1.0 1.0 
1.0 1.0 
1.0 1.0 
1.0 1.0 
1.0 1.0 
1.0 0.998046875 47:1.0 
1.0 1.0 
1.0 1.0 
0.5947265625 1.0 46:1.0 
1.0 1.0 
1.0 1.0 
1.0 1.0 
1.0 1.0 
1.0 1.0 
1.0 1.0 23:1.0 51:1.0 
1.0 1.0 
1.0 1.0 
1.0 1.0 
1.0 1.0 
1.0 1.0 
1.0 1.0 
1.0 1.0 
1.0 1.0 
1.0 1.0 
1.0 1.0 
1.0 1.0 
1.0 1.0 2:1.0 
1.0 1.0 
1.0 1.0 
1.0 1.0 
1.0 1.0 
1.0 1.0 
1.0 1.0 
1.0 1.0 
1.0 1.0 
1.0 1.0 
1.0 1.0 
1.0 1.0 
1.0 1.0 
1.0 1.0 
1.0 1.0 
1.0 1.0 52:1.0 
1.0 1.0 
1.0 1.0 
1.0 1.0 
1.0 1.0 
1.0 1.0 
1.0 1.0 
1.0 1.0 46:1.0 
1.0 1.0 
1.0 1.0 
1.0 1.0 
1.0 1.0 
1.0 1.0 
1.0 1.0 
1.0 1.0 
1.0 1.0 
1.0 1.0 
1.0 1.0 
1.0 1.0 
1.0 1.0 
1.0 1.0 
1.0 1.0 
1.0 1.0 
1.0 1.0 
1.0 1.0 
1.0 1.0 
1.0 1.0 
1.0 1.0 
1.0 1.0 
1.0 1.0 
1.0 1.0 
1.0 1.0 
1.0 1.0 
1.0 1.0 
1.0 1.0 
1.0 1.0 
1.0 1.0 31:1.0 
1.0 1.0 
1.0 1.0 
1.0 1.0 
1.0 1.0 
1.0 1.0 
1.0 1.0 
1.0 1.0 
1.0 1.0 
1.0 1.0 3:1.0 18:1.0 
1.0 1.0 
1.0 1.0 
1.0 1.0 
1.0 1.0 
1.0 1.0 
1.0 1.0 
1.0 1.0 
1.0 1.0 
1.0 1.0 
1.0 1.0 
1.0 1.0 
1.0 1.0 
1.0 1.0 
1.0 1.0 
1.0 1.0 
1.0 1.0 
1.0 1.0 3:1.0 
1.0 1.0 
1.0 1.0 
1.0 1.0 
1.0 1.0 
1.0 1.0 
1.0 1.0 
1.0 1.0 36:1.0 
1.0 1.0 
1.0 1.0 18:1.0 
1.0 1.0 
1.0 1.0 
1.0 1.0 
1.0 1.0 
1.0 1.0 
1.0 1.0 
1.0 1.0 
1.0 1.0 
1.0 1.0 
1.0 1.0 
1.0 1.0 
1.0 1.0 
1.0 1.0 
1.0 1.0 
-0.404296875 1.0 56:1.0 
-0.404296875 1.0 32:1.0 
-0.404296875 0.4375 11:1.0 44:1.0 
-0.404296875 0.4375 4:1.0 
-0.0 0.4375 62:1.0 
-0.40625 1.0 7:1.0 
-0.0 1.0 53:1.0 
-0.4052734375 1.0 1:1.0 56:1.0 
-0.0 1.0 27:1.0 54:1.0 72:1.0 
-1.0 0.0 52:1.0 
-1.0 0.0 42:1.0 
-0.0 0.4375 63:1.0 68:1.0 74:1.0 
-0.4052734375 0.4375 37:1.0 65:1.0 69:1.0 
-0.40625 0.4375 65:1.0 
-0.4052734375 1.0 27:1.0 54:1.0 72:1.0 
-1.0 0.4375 66:1.0 
-1.0 0.4375 54:1.0 
-1.0 1.0 31:1.0 
-0.0 1.0 29:1.0 
-0.40625 0.0 16:1.0 
-1.0 1.0 9:1.0 
-0.0 0.4375 15:1.0 
-0.4052734375 0.4384765625 43:1.0 62:1.0 
-0.4052734375 0.4384765625 8:1.0 22:1.0 
-1.0 0.4384765625 2:1.0 
-0.40625 0.5 13:1.0 
-0.0 1.0 19:1.0 
-0.0 0.5 8:1.0 
-0.0 1.0 20:1.0 
-1.0 1.0 56:1.0 
-0.0 0.5 64:1.0 
-0.4052734375 0.4384765625 12:1.0 62:1.0 
-0.4052734375 1.0 29:1.0 
-0.4052734375 1.0 26:1.0 
-0.5 0.0 23:1.0 
-0.0 0.5 44:1.0 
-1.0 1.0 47:1.0 
-1.0 0.4384765625 52:1.0 
-0.4052734375 0.4384765625 5:1.0 21:1.0 
-0.0 0.5 
-0.0 1.0 
-0.4052734375 1.0 15:1.0 
-0.0 1.0 
-0.0 1.0 
-0.0 1.0 
-0.0 1.0 
-0.0 1.0 
-0.0 1.0 
-0.0 1.0 
-0.0 1.0 
-0.0 1.0 
-0.0 1.0 
-0.0 1.0 
-0.0 1.0 
-0.0 1.0 
-0.0 1.0 
-0.0 1.0 44:1.0 
-0.0 1.0 
-0.0 1.0 
-0.0 1.0 
-0.0 1.0 
-0.0 1.0 
-0.0 1.0 
-0.0 1.0 
-0.0 1.0 
-0.0 1.0 49:1.0 
-0.0 1.0 
-0.0 1.0 62:1.0 
-0.0 1.0 
-0.0 1.0 
-1.0 0.5 16:1.0 
-0.404296875 0.4384765625 5:1.0 56:1.0 
-0.0 1.0 
-0.404296875 0.4384765625 8:1.0 61:1.0 
-0.404296875 1.0 40:1.0 45:1.0 
-0.0 1.0 
-0.0 1.0 
-1.0 0.5 23:1.0 
-0.0 1.0 
-0.0 1.0 
-0.0 1.0 63:1.0 68:1.0 74:1.0 
-0.0 1.0 
-0.0 1.0 
-0.0 1.0 
-0.0 1.0 
-0.0 1.0 
-0.0 1.0 
-0.0 1.0 
-0.998046875 1.0 7:1.0 
-0.0 1.0 
-0.0 1.0 
-0.0 1.0 
-0.0 1.0 
-0.404296875 0.4384765625 38:1.0 50:1.0 54:1.0 69:1.0 71:1.0 73:1.0 75:1.0 
-0.0 1.0 
-0.404296875 0.4384765625 41:1.0 62:1.0 
-0.0 1.0 
-0.0 1.0 
-0.0 1.0 
-0.0 1.0 
-0.0 1.0 
-0.0 1.0 
-0.0 1.0 
-0.0 0.5 48:1.0 
-0.5 0.0 3:1.0 
-0.0 1.0 
-0.0 1.0 
-0.0 1.0 
-0.0 1.0 
-0.0 1.0 
-0.404296875 1.0 53:1.0 
-0.0 1.0 
-0.0 1.0 
-0.0 1.0 
-0.0 1.0 
-0.0 1.0 
-0.0 1.0 
-0.0 1.0 62:1.0 
-0.0 1.0 
-0.0 1.0 
-0.0 1.0 
-0.0 1.0 
-0.0 1.0 
-0.0 1.0 
-0.0 1.0 
-0.0 1.0 
-0.0 1.0 
-0.0 1.0 
-0.0 1.0 
-0.0 1.0 
-0.0 1.0 
-0.0 1.0 
-0.0 1.0 
-0.0 1.0 
-0.0 1.0 
-0.0 1.0 
-0.0 1.0 
-0.0 1.0 
-0.0 1.0 
-0.0 1.0 
-0.0 1.0 
-0.0 1.0 
-0.0 1.0 
-0.0 1.0 
-0.0 1.0 
-0.0 1.0 
-0.5 1.0 
-1.0 1.0 
-1.0 1.0 
-1.0 1.0 
-1.0 1.0 
-1.0 1.0 
-1.0 1.0 
-1.0 1.0 
-1.0 1.0 
-1.0 1.0 
-1.0 1.0 
-0.404296875 0.4384765625 3:1.0 11:1.0 25:1.0 53:1.0 
-1.0 1.0 
-1.0 1.0 
-1.0 1.0 
-1.0 1.0 
-1.0 1.0 
-1.0 1.0 
-0.0 0.5 6:1.0 
-1.0 1.0 
-1.0 1.0 
-1.0 1.0 
-1.0 1.0 
-1.0 1.0 
-1.0 1.0 
-1.0 1.0 
-1.0 1.0 
-1.0 1.0 
-1.0 1.0 
-1.0 1.0 
-0.0 0.5 70:1.0 
-1.0 1.0 
-1.0 1.0 
-1.0 1.0 32:1.0 
-1.0 1.0 
-1.0 1.0 
-1.0 1.0 
-1.0 1.0 
-1.0 1.0 
-1.0 1.0 
-1.0 1.0 
-0.404296875 0.4384765625 17:1.0 42:1.0 
-1.0 1.0 
-1.0 1.0 
-1.0 1.0 
-1.0 1.0 
-0.0 1.0 48:1.0 
-1.0 1.0 
-1.0 1.0 
-1.0 1.0 
-0.5 1.0 49:1.0 
-1.0 1.0 
-1.0 1.0 
-1.0 1.0 
-1.0 1.0 
-1.0 1.0 
-1.0 1.0 
-0.0 0.5 35:1.0 
-0.0 0.5 33:1.0 
-1.0 1.0 
-1.0 1.0 
-1.0 1.0 
-1.0 1.0 
-0.904296875 0.4384765625 3:1.0 
-0.404296875 0.4384765625 59:1.0 64:1.0 
-1.0 1.0 
-1.0 1.0 
-1.0 1.0 
-1.0 1.0 
-1.0 1.0 
-1.0 1.0 
-0.404296875 0.4384765625 15:1.0 59:1.0 
-1.0 1.0 
-1.0 1.0 
-0.998046875 0.9384765625 16:1.0 
-1.0 1.0 
-0.404296875 0.9384765625 8:1.0 
-0.404296875 0.4384765625 20:1.0 52:1.0 
-1.0 1.0 
-0.5 0.5 36:1.0 
-1.0 1.0 
-1.0 1.0 
-1.0 1.0 
-1.0 1.0 
-1.0 1.0 
-1.0 0.4384765625 51:1.0 
-1.0 1.0 
-1.0 1.0 
-1.0 1.0 13:1.0 
-0.404296875 1.0 21:1.0 
-1.0 1.0 
-1.0 1.0 
-1.0 1.0 
-1.0 1.0 
-1.0 1.0 
-1.0 1.0 
-1.0 1.0 
-1.0 1.0 
-1.0 1.0 
-1.0 1.0 
-1.0 1.0 
-1.0 1.0 
-1.0 1.0 
-1.0 1.0 
-1.0 1.0 
-1.0 1.0 
-1.0 1.0 
-1.0 1.0 
-1.0 1.0 
-1.0 1.0 
-1.0 1.0 
-1.0 1.0 
-1.0 1.0 
-0.5 0.5 28:1.0 
-1.0 1.0 
-1.0 1.0 
-1.0 1.0 
-1.0 1.0 
-1.0 1.0 
-1.0 1.0 
-1.0 1.0 
-1.0 1.0 
-1.0 1.0 
-1.0 1.0 
-1.0 1.0 
-1.0 1.0 
-1.0 1.0 
-1.0 1.0 
-1.0 1.0 
-1.0 1.0 
-1.0 1.0 
-1.0 1.0 
-1.0 1.0 
-1.0 1.0 
-0.404296875 0.9384765625 70:1.0 
-1.0 1.0 
-1.0 1.0 
-1.0 1.0 
-1.0 1.0 
-0.404296875 0.9384765625 44:1.0 
-1.0 1.0 
-1.0 1.0 
-0.404296875 1.0 62:1.0 
-1.0 1.0 
-1.0 1.0 
-1.0 1.0 
-1.0 1.0 
-0.404296875 0.4384765625 29:1.0 57:1.0 
-1.0 1.0 
-1.0 1.0 
-1.0 1.0 
-1.0 1.0 
-1.0 1.0 
-1.0 1.0 
-1.0 1.0 
-1.0 1.0 
-1.0 1.0 
-1.0 1.0 
-1.0 1.0 
-1.0 1.0 
-1.0 1.0 
-1.0 1.0 
-0.0 1.0 41:1.0 
-1.0 1.0 
-1.0 1.0 
-1.0 1.0 
-1.0 1.0 
-1.0 1.0 
-1.0 1.0 
-1.0 1.0 
-1.0 1.0 
-1.0 1.0 
-1.0 1.0 
-1.0 1.0 
-1.0 1.0 
-1.0 1.0 
-1.0 1.0 
-1.0 1.0 
-0.0 1.0 19:1.0 
-1.0 1.0 
-1.0 1.0 
-1.0 1.0 
-1.0 1.0 
-1.0 1.0 
-1.0 1.0 
-0.404296875 0.4384765625 16:1.0 61:1.0 
-1.0 1.0 
-1.0 1.0 
-1.0 1.0 
-0.0 1.0 39:1.0 
-0.404296875 0.4384765625 40:1.0 
-1.0 1.0 
-0.404296875 0.4384765625 39:1.0 42:1.0 
-1.0 1.0 
-1.0 1.0 
-1.0 1.0 
-0.404296875 0.9384765625 48:1.0 
-0.904296875 1.0 49:1.0 
-0.0 1.0 34:1.0 
-1.0 1.0 
-1.0 1.0 
-1.0 1.0 
-1.0 1.0 
-1.0 1.0 
-1.0 1.0 
-1.0 1.0 54:1.0 
-1.0 1.0 
-0.904296875 0.9384765625 28:1.0 
-1.0 1.0 
-0.404296875 1.0 39:1.0 
-1.0 1.0 
-0.404296875 0.4384765625 34:1.0 
-1.0 1.0 
-0.998046875 1.0 65:1.0 
-1.0 1.0 
-1.0 1.0 
-1.0 1.0 
-1.0 1.0 
-1.0 1.0 
-1.0 1.0 
-1.0 1.0 
-1.0 1.0 
-1.0 1.0 
-1.0 1.0 
-1.0 1.0 
-1.0 1.0 
-1.0 1.0 
-1.0 1.0 
-1.0 1.0 
-1.0 1.0 
-0.404296875 0.4384765625 25:1.0 30:1.0 58:1.0 60:1.0 76:1.0 
-1.0 1.0 
-1.0 1.0 
-1.0 1.0 
-1.0 1.0 
-1.0 1.0 
-0.404296875 0.4384765625 41:1.0 
-1.0 1.0 
-1.0 1.0 
-0.404296875 0.4384765625 63:1.0 
-1.0 1.0 
-1.0 1.0 
-1.0 1.0 
-0.404296875 0.4384765625 43:1.0 
-1.0 1.0 
-0.998046875 0.9384765625 13:1.0 
-1.0 1.0 
-1.0 1.0 
-1.0 1.0 
-1.0 1.0 
-1.0 1.0 19:1.0 
-1.0 1.0 
-1.0 1.0 
-0.904296875 0.9384765625 23:1.0 
-1.0 1.0 
-1.0 1.0 
-1.0 1.0 
-1.0 1.0 
-1.0 1.0 
-1.0 1.0 
-1.0 1.0 
-1.0 1.0 
-1.0 1.0 
-1.0 1.0 
-1.0 1.0 
-1.0 1.0 
-0.404296875 0.9384765625 33:1.0 
-0.0 1.0 22:1.0 
-1.0 1.0 
-1.0 1.0 
-0.404296875 0.9384765625 6:1.0 
-1.0 1.0 
-1.0 1.0 
-1.0 1.0 
-1.0 1.0 
-1.0 1.0 
-1.0 1.0 
-0.904296875 0.9384765625 36:1.0 
-1.0 1.0 
-1.0 1.0 
-1.0 1.0 
-1.0 1.0 
-0.404296875 0.4384765625 45:1.0 
-1.0 0.4384765625 42:1.0 
-1.0 1.0 
-0.404296875 0.4384765625 12:1.0 
-1.0 1.0 
-1.0 1.0 
-1.0 1.0 
-1.0 1.0 
-1.0 1.0 19:1.0 
-1.0 1.0 
-1.0 1.0 
-1.0 1.0 
-1.0 1.0 
-1.0 1.0 
-1.0 1.0 
-1.0 1.0 
-0.4052734375 0.4384765625 5:1.0 
-1.0 1.0 
-0.0 1.0 61:1.0 
-1.0 1.0 
-1.0 1.0 
-1.0 1.0 
-1.0 1.0 
-1.0 1.0 
-1.0 1.0 
-1.0 1.0 
-1.0 1.0 
-1.0 1.0 
-1.0 1.0 
-1.0 1.0 
-1.0 1.0 
-1.0 1.0 
-1.0 1.0 
-0.4052734375 0.4384765625 16:1.0 59:1.0 
-1.0 1.0 
-1.0 1.0 
-0.4052734375 0.4384765625 59:1.0 
-1.0 1.0 
-1.0 1.0 
-1.0 1.0 
-1.0 1.0 
-0.4052734375 0.4384765625 61:1.0 
-1.0 1.0 
-1.0 1.0 
-1.0 1.0 
-1.0 1.0 
-1.0 1.0 
-1.0 1.0 
-1.0 0.0 24:1.0 
-0.4052734375 0.4384765625 22:1.0 
-1.0 1.0 
-1.0 1.0 
-1.0 1.0 
-1.0 1.0 
-1.0 1.0 
-1.0 1.0 
-1.0 1.0 
-1.0 1.0 
-1.0 1.0 
-1.0 1.0 
-1.0 1.0 
-1.0 1.0 
-0.4052734375 0.4384765625 21:1.0 61:1.0 
-1.0 1.0 
-1.0 1.0 
-1.0 1.0 
-1.0 1.0 
-1.0 1.0 
-1.0 1.0 
-1.0 1.0 
-1.0 1.0 
-1.0 1.0 
-1.0 1.0 
-1.0 1.0 
-1.0 1.0 
-1.0 1.0 
-1.0 1.0 
-1.0 1.0 
-1.0 1.0 
-1.0 1.0 
-1.0 1.0 
-0.4052734375 1.0 19:1.0 
-1.0 1.0 
-1.0 1.0 
-1.0 1.0 
-1.0 1.0 
-1.0 1.0 
-1.0 1.0 
-1.0 1.0 
-1.0 1.0 
-1.0 1.0 
-1.0 1.0 
-1.0 1.0 
-1.0 1.0 
-1.0 1.0 
-1.0 1.0 
-1.0 1.0 
-1.0 1.0 
-1.0 1.0 
-1.0 0.0 24:1.0 
-1.0 1.0 
-1.0 1.0 
-1.0 1.0 
-1.0 1.0 
-1.0 1.0 
-1.0 1.0 
-1.0 1.0 
-1.0 1.0 
-0.4052734375 1.0 63:1.0 68:1.0 74:1.0 
-0.4052734375 0.4384765625 44:1.0 62:1.0 
-1.0 1.0 
-1.0 1.0 
-1.0 1.0 
-1.0 1.0 
-1.0 1.0 
-1.0 1.0 
-1.0 1.0 
-0.0 1.0 11:1.0 
-0.4052734375 1.0 20:1.0 
-1.0 1.0 
-0.4052734375 0.4384765625 25:1.0 
-1.0 1.0 
-1.0 1.0 
-1.0 1.0 
-1.0 1.0 
-1.0 1.0 
-1.0 1.0 
-0.4052734375 0.4384765625 30:1.0 58:1.0 60:1.0 76:1.0 
-0.4052734375 0.4384765625 14:1.0 
-0.4052734375 0.4384765625 17:1.0 
-0.4052734375 0.4384765625 34:1.0 43:1.0 
-0.4052734375 0.9384765625 35:1.0 
-1.0 1.0 
-1.0 1.0 
-1.0 1.0 
-0.4052734375 0.4384765625 24:1.0 
-1.0 1.0 
-1.0 1.0 
-1.0 0.4384765625 37:1.0 
-1.0 1.0 
-0.4052734375 0.4384765625 11:1.0 
-1.0 1.0 
-1.0 1.0 
-1.0 1.0 
-0.9052734375 0.9384765625 
-0.4052734375 0.9384765625 64:1.0 
-0.0 -1.0 
-0.0 -1.0 
-0.0 -1.0 
-0.0 -1.0 
-0.0 -1.0 
-0.0 -1.0 
-0.0 -1.0 
-0.0 -1.0 20:1.0 
-0.0 -1.0 
-0.0 -1.0 
-0.0 -1.0 
-0.0 -1.0 
-0.0 -1.0 
-0.0 -1.0 
-0.0 -1.0 
-0.0 -1.0 
-1.0 -1.0 57:1.0 
-0.0 -1.0 
-0.0 -1.0 
-0.0 -1.0 
-0.0 -1.0 
-0.0 -1.0 
-0.0 -1.0 
-0.0 -1.0 
-0.0 -1.0 
-0.0 -1.0 48:1.0 
-0.0 -1.0 
-0.0 -1.0 
-0.0 -1.0 
-0.0 -1.0 
-0.0 -1.0 
-0.0 -1.0 
-0.0 -1.0 
-0.0 -1.0 
-0.736328125 -1.0 7:1.0 
-0.0 -1.0 
-0.0 -1.0 
-0.0 -1.0 
-0.0 -1.0 
-0.0 -1.0 
-0.736328125 -1.0 70:1.0 
-0.736328125 -1.0 14:1.0 16:1.0 
-0.0 -1.0 
-0.0 -1.0 
-0.0 -1.0 
-0.0 -1.0 
-0.0 -1.0 
-0.0 -1.0 
-0.0 -1.0 
-1.0 -1.0 36:1.0 
-0.0 -1.0 
-0.0 -1.0 
-0.0 -1.0 
-0.0 -1.0 
-0.736328125 -1.0 46:1.0 51:1.0 
-0.0 -1.0 
-0.0 -1.0 
-0.0 -1.0 
-0.0 -1.0 
-0.0 -0.75 21:1.0 
-0.0 -1.0 
-0.0 -1.0 
-0.0 -1.0 
-0.0 -1.0 
-0.0 -1.0 
-0.0 -1.0 
-0.0 -1.0 
-0.0 -1.0 
-0.0 -1.0 
-1.0 -1.0 7:1.0 
-0.0 -1.0 
-0.0 -1.0 
-0.0 -1.0 
-0.0 -1.0 
-0.0 -1.0 
-0.0 -1.0 
-0.0 -1.0 
-0.0 -1.0 
-0.0 -1.0 
-0.0 -1.0 
-0.0 -1.0 
-0.0 -1.0 
-0.0 -1.0 
-0.0 -1.0 
-0.0 -1.0 
-0.0 -1.0 44:1.0 
-0.0 -1.0 
-0.0 -1.0 
-0.0 -1.0 
-0.0 -1.0 
-0.0 -1.0 39:1.0 
-0.0 -1.0 
-1.0 -1.0 9:1.0 
-0.0 -1.0 
-0.0 -1.0 
-0.0 -1.0 
-0.0 -1.0 
-0.0 -1.0 
-0.0 -1.0 
-0.736328125 -1.0 8:1.0 22:1.0 26:1.0 
-0.0 -1.0 
-0.0 -1.0 
-0.0 -1.0 
-0.75 -1.0 
-1.0 -1.0 
-1.0 -1.0 
-1.0 -1.0 
-1.0 -1.0 
-1.0 -1.0 
-1.0 -1.0 
-1.0 -1.0 
-0.736328125 -1.0 8:1.0 17:1.0 42:1.0 
-1.0 -1.0 
-1.0 -1.0 
-1.0 -1.0 
-1.0 -1.0 
-0.0 -0.75 29:1.0 
-0.0 -0.75 56:1.0 
-0.736328125 -1.0 44:1.0 
-1.0 -1.0 
-1.0 -1.0 
-1.0 -1.0 13:1.0 
-1.0 -1.0 
-1.0 -1.0 
-1.0 -1.0 
-1.0 -1.0 
-1.0 -1.0 
-1.0 -1.0 
-1.0 -1.0 32:1.0 
-1.0 -1.0 
-1.0 -1.0 
-1.0 -1.0 
-1.0 -1.0 
-1.0 -1.0 
-0.0 -1.0 39:1.0 
-1.0 -1.0 
-1.0 -1.0 
-1.0 -1.0 
-1.0 -1.0 
-0.736328125 -1.0 34:1.0 46:1.0 
-1.0 -1.0 
-1.0 -1.0 
-1.0 -1.0 47:1.0 
-1.0 -1.0 
-1.0 -1.0 
-0.736328125 -1.0 34:1.0 
-1.0 -1.0 
-1.0 -1.0 
-0.0 -1.0 56:1.0 
-1.0 -1.0 
-1.0 -1.0 
-1.0 -1.0 
-1.0 -1.0 
-1.0 -1.0 
-1.0 -1.0 
-1.0 -1.0 
-1.0 -1.0 
-1.0 -1.0 
-1.0 -1.0 
-1.0 -1.0 
-1.0 -1.0 
-1.0 -1.0 
-1.0 -1.0 
-1.0 -1.0 
-1.0 -1.0 
-1.0 -1.0 
-1.0 -1.0 
-0.736328125 -1.0 26:1.0 
-1.0 -1.0 
-1.0 -1.0 
-0.0 -1.0 27:1.0 54:1.0 72:1.0 
-1.0 -1.0 
-0.0 -1.0 19:1.0 
-1.0 -1.0 
-1.0 -1.0 
-1.0 -1.0 
-1.0 -1.0 
-0.736328125 -1.0 35:1.0 
-1.0 -1.0 
-1.0 -1.0 
-1.0 -1.0 
-1.0 -1.0 
-1.0 -1.0 
-1.0 -1.0 
-0.0 -1.0 19:1.0 
-1.0 -1.0 
-1.0 -1.0 
-1.0 -1.0 
-1.0 -1.0 
-1.0 -1.0 
-0.0 -1.0 21:1.0 
-1.0 -1.0 
-1.0 -1.0 
-1.0 -1.0 
-1.0 -1.0 
-1.0 -1.0 
-1.0 -1.0 
-1.0 -1.0 
-0.0 -1.0 63:1.0 68:1.0 74:1.0 
-0.736328125 -1.0 39:1.0 
-0.0 -1.0 20:1.0 
-1.0 -1.0 
-1.0 -1.0 
-0.736328125 -1.0 61:1.0 
-1.0 -1.0 
-0.0 -1.0 49:1.0 
-1.0 -1.0 
-1.0 -1.0 
-0.0 -1.0 29:1.0 
-1.0 -1.0 
-1.0 -1.0 
-1.0 -1.0 
-1.0 -1.0 
-1.0 -0.75 18:1.0 
-1.0 -1.0 
-0.736328125 -1.0 62:1.0 64:1.0 
-1.0 -1.0 
-1.0 -1.0 
-1.0 -1.0 
-1.0 -1.0 
-1.0 -1.0 
-1.0 -1.0 
-1.0 -1.0 
-1.0 -1.0 
-1.0 -1.0 
-1.0 -1.0 
-1.0 -1.0 
-1.0 -1.0 
-1.0 -1.0 
-1.0 -1.0 
-1.0 -1.0 
-1.0 -1.0 
-1.0 -1.0 
-1.0 -1.0 65:1.0 
-1.0 -1.0 
-1.0 -1.0 
-1.0 -1.0 
-1.0 -1.0 
-1.0 -1.0 
-0.736328125 -1.0 41:1.0 
-1.0 -1.0 
-1.0 -1.0 
-1.0 -1.0 
-1.0 -1.0 
-1.0 -1.0 
-1.0 -1.0 
-1.0 -1.0 
-1.0 -1.0 
-1.0 -1.0 
-0.736328125 -1.0 39:1.0 64:1.0 
-1.0 -1.0 
-1.0 -1.0 
-1.0 -1.0 
-1.0 -1.0 
-1.0 -1.0 
-0.736328125 -1.0 8:1.0 57:1.0 
-1.0 -1.0 49:1.0 
-1.0 -1.0 
-1.0 -1.0 56:1.0 
-1.0 -1.0 
-1.0 -1.0 
-1.0 -1.0 
-1.0 -1.0 
-1.0 -1.0 
-1.0 -1.0 
-1.0 -1.0 
-1.0 -1.0 
-0.0 -0.75 1:1.0 
-1.0 -1.0 
-1.0 -1.0 
-1.0 -1.0 
-1.0 -1.0 
-1.0 -1.0 
-1.0 -1.0 
-1.0 -1.0 
-1.0 -1.0 
-1.0 -1.0 
-1.0 -1.0 
-1.0 -1.0 
-1.0 -1.0 
-1.0 -1.0 
-1.0 -1.0 
-1.0 -1.0 
-1.0 -1.0 
-1.0 -1.0 
-1.0 -1.0 
-1.0 -1.0 
-0.0 -1.0 62:1.0 
-1.0 -1.0 
-1.0 -1.0 
-1.0 -1.0 
-1.0 -1.0 
-1.0 -1.0 
-1.0 -1.0 
-0.736328125 -1.0 15:1.0 
-1.0 -1.0 
-1.0 -1.0 
-1.0 -1.0 
-0.0 -1.0 62:1.0 
-1.0 -1.0 
-1.0 -1.0 
-1.0 -1.0 
-1.0 -1.0 
-1.0 -1.0 
-1.0 -1.0 
-1.0 -1.0 
-1.0 -1.0 
-1.0 -1.0 
-1.0 -1.0 
-0.0 -0.75 53:1.0 
-1.0 -1.0 67:1.0 
-1.0 -1.0 28:1.0 
-0.736328125 -1.0 20:1.0 
-1.0 -1.0 
-0.7373046875 -1.0 49:1.0 
-0.7373046875 -1.0 22:1.0 
-1.0 -1.0 
-1.0 -1.0 
-1.0 -1.0 
-1.0 -1.0 
-1.0 -1.0 
-1.0 -1.0 
-1.0 -1.0 
-0.7373046875 -0.8115234375 21:1.0 
-1.0 -1.0 
-1.0 -1.0 
-1.0 -1.0 
-1.0 -1.0 
-1.0 -1.0 
-1.0 -1.0 
-1.0 -1.0 
-1.0 -1.0 
-0.7373046875 -0.8115234375 1:1.0 
-1.0 -1.0 
-0.7373046875 -1.0 1:1.0 56:1.0 
-1.0 -1.0 
-1.0 -1.0 
-1.0 -1.0 
-1.0 -1.0 
-1.0 -1.0 
-1.0 -1.0 
-1.0 -1.0 
-1.0 -1.0 
-1.0 -1.0 
-1.0 -1.0 
-1.0 -1.0 
-1.0 -1.0 
-1.0 -1.0 
-1.0 -1.0 
-1.0 -1.0 
-0.7373046875 -1.0 27:1.0 54:1.0 72:1.0 
-1.0 -1.0 
-1.0 -1.0 
-1.0 -1.0 
-1.0 -1.0 
-1.0 -1.0 46:1.0 
-0.736328125 -1.0 63:1.0 68:1.0 74:1.0 
-1.0 -1.0 
-1.0 -1.0 
-1.0 -1.0 
-1.0 -1.0 
-1.0 -1.0 
-1.0 -1.0 
-1.0 -1.0 
-1.0 -1.0 19:1.0 
-0.736328125 -1.0 2:1.0 55:1.0 67:1.0 
-1.0 -1.0 
-1.0 -1.0 
-1.0 -1.0 
-1.0 -1.0 
-0.736328125 -1.0 22:1.0 26:1.0 
-1.0 -1.0 
-0.736328125 -1.0 41:1.0 67:1.0 
-0.736328125 -1.0 32:1.0 
-1.0 -1.0 
-0.736328125 -0.8115234375 56:1.0 
-1.0 -1.0 
-1.0 -1.0 
-1.0 -1.0 
-1.0 -1.0 
-1.0 -1.0 
-1.0 -1.0 
-1.0 -1.0 
-1.0 -1.0 
-1.0 -1.0 
-1.0 -1.0 54:1.0 
-1.0 -1.0 
-1.0 -1.0 
-1.0 -1.0 
-1.0 -1.0 
-1.0 -1.0 
-1.0 -1.0 
-1.0 -1.0 
-1.0 -1.0 
-1.0 -1.0 
-1.0 -1.0 
-1.0 -1.0 
-1.0 -1.0 
-0.7373046875 -1.0 5:1.0 37:1.0 
-1.0 -1.0 
-1.0 -1.0 
-0.0 -1.0 53:1.0 
-0.7373046875 -1.0 1:1.0 10:1.0 
-1.0 -1.0 
-0.7373046875 -1.0 6:1.0 
-0.7373046875 -1.0 40:1.0 45:1.0 
-1.0 -1.0 
-1.0 -1.0 
-1.0 -1.0 
-1.0 -1.0 
-1.0 -1.0 
-1.0 -1.0 
-1.0 -1.0 
-1.0 -1.0 
-1.0 -1.0 
-1.0 -1.0 
-1.0 -1.0 
-1.0 -1.0 
-1.0 -1.0 
-1.0 -1.0 
-0.7373046875 -1.0 11:1.0 
-1.0 -1.0 
-1.0 -1.0 
-1.0 -1.0 
-1.0 -1.0 
-1.0 -1.0 
-1.0 -1.0 
-1.0 -1.0 
-1.0 -1.0 
-1.0 -1.0 
-1.0 -1.0 13:1.0 
-1.0 -1.0 
-1.0 -1.0 
-1.0 -1.0 
-1.0 -1.0 
-1.0 -1.0 
-1.0 -1.0 19:1.0 
-1.0 -1.0 
-1.0 -1.0 
-1.0 -1.0 
-1.0 -1.0 
-1.0 -1.0 
-1.0 -1.0 
-1.0 -1.0 31:1.0 
-1.0 -1.0 
-1.0 -1.0 
-1.0 -1.0 
-1.0 -1.0 
-1.0 -1.0 
-1.0 -1.0 
-1.0 -1.0 
-1.0 -1.0 
-1.0 -1.0 
-1.0 -1.0 
-1.0 -1.0 
-0.0 -1.0 29:1.0 
-1.0 -1.0 
-1.0 -1.0 
-1.0 -1.0 
-1.0 -1.0 
-1.0 -1.0 16:1.0 
-1.0 -1.0 
-0.7373046875 -1.0 64:1.0 
-1.0 -1.0 
-1.0 -1.0 
-1.0 -1.0 
-1.0 -1.0 
-1.0 -1.0 
-1.0 -1.0 
-1.0 -1.0 
-0.7373046875 -1.0 19:1.0 
-1.0 -1.0 
-1.0 -1.0 
-1.0 -1.0 
-1.0 -1.0 
-1.0 -1.0 
-1.0 -1.0 
-1.0 -1.0 
-1.0 -1.0 
-1.0 -1.0 
-1.0 -1.0 
-1.0 -1.0 
-1.0 -1.0 
-1.0 -1.0 
-1.0 -1.0 
-1.0 -1.0 
-1.0 -1.0 
-1.0 -1.0 
-1.0 -1.0 
-0.7373046875 -1.0 48:1.0 
-1.0 -1.0 
-1.0 -1.0 
-1.0 -1.0 
-1.0 -1.0 
-1.0 -1.0 
-1.0 -1.0 
-0.7373046875 -0.8115234375 29:1.0 
-1.0 -1.0 
-0.7373046875 -1.0 33:1.0 
-1.0 -1.0 
-1.0 -1.0 
-1.0 -1.0 
-1.0 -1.0 
-1.0 -1.0 
-0.7373046875 -1.0 8:1.0 
-1.0 -0.8115234375 18:1.0 
-1.0 -1.0 
-1.0 -1.0 
-1.0 -1.0 
-1.0 -1.0 
-0.0 -1.0 53:1.0 
-1.0 -1.0 
-0.7373046875 -1.0 62:1.0 
-0.7373046875 -0.8115234375 53:1.0 
-1.0 -1.0 27:1.0 38:1.0 50:1.0 54:1.0 69:1.0 71:1.0 72:1.0 73:1.0 75:1.0 
-1.0 -1.0 
-0.7373046875 -1.0 11:1.0 40:1.0 
-1.0 -1.0 
-1.0 -1.0 
-1.0 -1.0 
-1.0 -1.0 
-1.0 -1.0 
-1.0 -1.0 23:1.0 
-1.0 -1.0 
-1.0 -1.0 
-1.0 -1.0 
-1.0 -1.0 
-1.0 -1.0 
-1.0 -1.0 
-1.0 -1.0 
-1.0 -1.0 
-0.9873046875 -1.0 
