svm_type c_svc
kernel_type rbf
gamma 0.01
nr_class 3
total_sv 1539
rho -2.1633009818361666 -2.271526618635893 1.008761961460337
label 2 0 1
nr_sv 418 584 537
SV
10.0 10.0 
10.0 10.0 
10.0 10.0 
10.0 10.0 
10.0 10.0 2:1.0 32:1.0 
10.0 10.0 
10.0 10.0 
10.0 10.0 
10.0 10.0 
10.0 10.0 
10.0 10.0 
10.0 10.0 
10.0 10.0 
10.0 10.0 
10.0 10.0 33:1.0 46:1.0 51:1.0 
10.0 10.0 
10.0 10.0 
10.0 10.0 
10.0 10.0 
10.0 10.0 
10.0 10.0 
10.0 10.0 24:1.0 
10.0 10.0 
10.0 10.0 
10.0 10.0 
10.0 10.0 
10.0 10.0 
10.0 10.0 
10.0 10.0 
10.0 10.0 
10.0 10.0 
10.0 10.0 
10.0 10.0 
10.0 10.0 
10.0 10.0 
10.0 10.0 
10.0 10.0 
10.0 10.0 
10.0 10.0 
10.0 10.0 
10.0 10.0 
7.7950908043156675 0.0 50:1.0 54:1.0 66:1.0 69:1.0 73:1.0 75:1.0 
10.0 10.0 
10.0 10.0 
10.0 10.0 
10.0 10.0 
10.0 10.0 
10.0 10.0 
10.0 10.0 
10.0 10.0 
10.0 10.0 
10.0 10.0 2:1.0 
10.0 10.0 
10.0 10.0 
10.0 10.0 
10.0 10.0 
10.0 10.0 
10.0 10.0 
10.0 10.0 
10.0 10.0 23:1.0 
10.0 10.0 
10.0 10.0 
10.0 10.0 
10.0 10.0 
10.0 10.0 10:1.0 
10.0 10.0 13:1.0 
10.0 10.0 32:1.0 
10.0 10.0 
10.0 10.0 
1.1401056089297696 4.865665521094689 27:1.0 38:1.0 50:1.0 54:1.0 69:1.0 71:1.0 72:1.0 73:1.0 75:1.0 
10.0 10.0 9:1.0 66:1.0 
10.0 10.0 
10.0 10.0 
10.0 10.0 
10.0 10.0 9:1.0 
10.0 10.0 
10.0 10.0 7:1.0 
10.0 10.0 
10.0 10.0 
10.0 10.0 
10.0 10.0 
10.0 10.0 
10.0 10.0 
10.0 10.0 
10.0 10.0 
10.0 10.0 
10.0 10.0 
10.0 10.0 
10.0 10.0 
9.521377588580718 10.0 10:1.0 46:1.0 
10.0 10.0 55:1.0 
9.993353430599418 9.86565781632955 27:1.0 38:1.0 50:1.0 54:1.0 69:1.0 71:1.0 72:1.0 73:1.0 75:1.0 
10.0 10.0 
10.0 10.0 55:1.0 
10.0 10.0 
10.0 10.0 
10.0 10.0 37:1.0 
10.0 10.0 
10.0 10.0 
10.0 10.0 
10.0 10.0 
10.0 10.0 
10.0 10.0 10:1.0 
10.0 10.0 
10.0 10.0 
10.0 10.0 
10.0 10.0 23:1.0 
10.0 10.0 
10.0 10.0 
10.0 10.0 
10.0 10.0 
10.0 10.0 
10.0 10.0 
10.0 10.0 
10.0 10.0 42:1.0 
10.0 10.0 69:1.0 
10.0 10.0 
10.0 10.0 
10.0 10.0 
10.0 10.0 
10.0 10.0 66:1.0 
10.0 10.0 
10.0 10.0 
10.0 10.0 
10.0 10.0 
10.0 10.0 
10.0 10.0 
10.0 10.0 
10.0 10.0 
10.0 10.0 
10.0 10.0 
10.0 10.0 
10.0 10.0 
10.0 10.0 
10.0 10.0 
10.0 10.0 
10.0 10.0 
10.0 10.0 
10.0 10.0 
10.0 10.0 
10.0 10.0 
10.0 10.0 
10.0 10.0 28:1.0 
10.0 10.0 
10.0 10.0 
10.0 10.0 
10.0 10.0 
10.0 10.0 
10.0 10.0 
10.0 10.0 
10.0 10.0 
10.0 10.0 
10.0 10.0 
10.0 10.0 46:1.0 
10.0 10.0 
10.0 10.0 
10.0 10.0 
10.0 10.0 
10.0 10.0 
10.0 10.0 19:1.0 
10.0 10.0 65:1.0 
10.0 10.0 67:1.0 
10.0 10.0 
10.0 10.0 9:1.0 
10.0 10.0 
10.0 10.0 
10.0 10.0 18:1.0 
10.0 10.0 52:1.0 
10.0 10.0 67:1.0 
10.0 10.0 19:1.0 39:1.0 
10.0 10.0 
10.0 10.0 
10.0 10.0 56:1.0 
10.0 10.0 
10.0 10.0 
10.0 10.0 24:1.0 
10.0 10.0 
10.0 10.0 
10.0 10.0 
10.0 10.0 
10.0 10.0 31:1.0 
10.0 10.0 
10.0 10.0 
10.0 10.0 
10.0 10.0 
10.0 10.0 16:1.0 50:1.0 54:1.0 75:1.0 
10.0 10.0 
10.0 10.0 
10.0 10.0 
10.0 10.0 
10.0 10.0 
10.0 10.0 
10.0 10.0 
10.0 10.0 
10.0 10.0 
10.0 10.0 
10.0 10.0 
10.0 10.0 
10.0 10.0 
10.0 10.0 
10.0 10.0 16:1.0 
10.0 10.0 
10.0 10.0 
10.0 10.0 
10.0 10.0 
10.0 10.0 
10.0 10.0 
10.0 10.0 
10.0 10.0 
10.0 10.0 46:1.0 
10.0 10.0 51:1.0 
10.0 10.0 
10.0 10.0 54:1.0 
10.0 10.0 
10.0 10.0 10:1.0 
10.0 10.0 
10.0 10.0 
10.0 10.0 
10.0 10.0 
10.0 10.0 16:1.0 
10.0 10.0 
10.0 10.0 
10.0 10.0 2:1.0 
10.0 10.0 
10.0 10.0 47:1.0 
10.0 10.0 
10.0 10.0 
10.0 10.0 
10.0 10.0 57:1.0 
10.0 10.0 
10.0 10.0 
10.0 10.0 
10.0 10.0 
10.0 10.0 
10.0 10.0 
10.0 10.0 13:1.0 
10.0 10.0 
10.0 10.0 37:1.0 38:1.0 69:1.0 71:1.0 
10.0 10.0 
10.0 10.0 
10.0 10.0 69:1.0 
10.0 10.0 49:1.0 57:1.0 
10.0 10.0 
10.0 10.0 
10.0 10.0 
10.0 10.0 54:1.0 
10.0 10.0 
10.0 10.0 49:1.0 
10.0 10.0 47:1.0 
10.0 10.0 
10.0 10.0 
10.0 10.0 
10.0 10.0 
10.0 10.0 
10.0 10.0 19:1.0 
10.0 10.0 
10.0 10.0 
10.0 10.0 
10.0 10.0 
10.0 10.0 
10.0 10.0 
10.0 10.0 
10.0 10.0 37:1.0 
10.0 10.0 
10.0 10.0 
10.0 10.0 
10.0 10.0 
10.0 10.0 
10.0 10.0 
10.0 10.0 
10.0 10.0 42:1.0 
10.0 10.0 
10.0 10.0 
10.0 10.0 
10.0 10.0 
10.0 10.0 
10.0 10.0 
10.0 10.0 
10.0 10.0 
10.0 10.0 
10.0 10.0 
10.0 10.0 
10.0 10.0 
10.0 10.0 47:1.0 
10.0 10.0 
10.0 10.0 
10.0 10.0 
10.0 10.0 
10.0 10.0 
10.0 10.0 
10.0 10.0 
10.0 10.0 
10.0 10.0 
10.0 10.0 
10.0 10.0 
10.0 10.0 
10.0 10.0 47:1.0 
10.0 10.0 
10.0 10.0 
10.0 10.0 46:1.0 
10.0 10.0 
10.0 10.0 
10.0 10.0 
10.0 10.0 
10.0 10.0 
10.0 10.0 23:1.0 51:1.0 
10.0 10.0 
10.0 10.0 
10.0 10.0 
10.0 10.0 
10.0 10.0 
10.0 10.0 
10.0 10.0 
10.0 10.0 
10.0 10.0 
10.0 10.0 
10.0 10.0 
10.0 10.0 2:1.0 
10.0 10.0 
10.0 10.0 
10.0 10.0 
10.0 10.0 
10.0 10.0 
10.0 10.0 
10.0 10.0 
10.0 10.0 
10.0 10.0 
10.0 10.0 
10.0 10.0 
10.0 10.0 
10.0 10.0 
10.0 10.0 
10.0 10.0 52:1.0 
10.0 10.0 
10.0 10.0 
10.0 10.0 
10.0 10.0 
10.0 10.0 
10.0 10.0 
10.0 10.0 46:1.0 
10.0 10.0 
10.0 10.0 
10.0 10.0 
10.0 10.0 
10.0 10.0 
10.0 10.0 
10.0 10.0 
10.0 10.0 
10.0 10.0 
10.0 10.0 
10.0 10.0 
10.0 10.0 
10.0 10.0 
10.0 10.0 
10.0 10.0 
10.0 10.0 
10.0 10.0 
10.0 10.0 
10.0 10.0 
10.0 10.0 
10.0 10.0 
10.0 10.0 
10.0 10.0 
10.0 10.0 
10.0 10.0 
10.0 10.0 
10.0 10.0 
10.0 10.0 
10.0 10.0 31:1.0 
10.0 10.0 
10.0 10.0 
10.0 10.0 
10.0 10.0 
10.0 10.0 
10.0 10.0 
10.0 10.0 
10.0 10.0 
10.0 10.0 3:1.0 18:1.0 
10.0 10.0 
10.0 10.0 
10.0 10.0 
10.0 10.0 
10.0 10.0 
10.0 10.0 
10.0 10.0 
10.0 10.0 
10.0 10.0 
10.0 10.0 
10.0 10.0 
10.0 10.0 
10.0 10.0 
10.0 10.0 
10.0 10.0 
10.0 10.0 
10.0 10.0 3:1.0 
10.0 10.0 
10.0 10.0 
10.0 10.0 
10.0 10.0 
10.0 10.0 
10.0 10.0 
10.0 10.0 36:1.0 
10.0 10.0 
10.0 10.0 18:1.0 
10.0 10.0 
10.0 10.0 
10.0 10.0 
10.0 10.0 
10.0 10.0 
10.0 10.0 
10.0 10.0 
10.0 10.0 
10.0 10.0 
10.0 10.0 
10.0 10.0 
10.0 10.0 
10.0 10.0 
10.0 10.0 
-0.0 10.0 56:1.0 
-10.0 10.0 32:1.0 
-0.39218240779879515 1.1619014002220478 11:1.0 44:1.0 
-1.5571757008594693 1.0528571841807588 4:1.0 
-0.0 10.0 62:1.0 
-1.6662391215586392 10.0 7:1.0 
-0.0 10.0 53:1.0 
-1.5688652622988655 10.0 1:1.0 56:1.0 
-0.0 2.282509593522176 8:1.0 
-5.035960156501377 10.0 27:1.0 54:1.0 72:1.0 
-10.0 0.0 52:1.0 
-10.0 0.0 42:1.0 
-0.0 10.0 63:1.0 68:1.0 74:1.0 
-10.0 0.8822250003577854 37:1.0 65:1.0 69:1.0 
-0.0 0.29128833456343256 65:1.0 
-0.4141681962016801 0.0 16:1.0 
-9.61050948657195 10.0 27:1.0 54:1.0 72:1.0 
-0.0 10.0 8:1.0 
-10.0 1.0496171133239935 66:1.0 
-10.0 2.7868802735310387 54:1.0 
-10.0 10.0 31:1.0 
-0.0 10.0 29:1.0 
-10.0 3.578693597962462 16:1.0 
-10.0 10.0 9:1.0 
-0.0 2.866581781376899 15:1.0 
-1.5850700820491659 8.403828795448277 8:1.0 22:1.0 
-0.28268095033057006 0.0 3:1.0 
-10.0 10.0 2:1.0 
-1.7288463740958069 3.8496591575095227 13:1.0 
-0.0 10.0 19:1.0 
-0.0 10.0 8:1.0 
-0.0 10.0 20:1.0 
-9.174779918233003 10.0 56:1.0 
-0.0 10.0 64:1.0 
-0.1093000837375534 0.0 12:1.0 62:1.0 
-0.0 10.0 29:1.0 
-0.0 9.662987935108731 
-1.5685453709146668 10.0 26:1.0 
-0.0 10.0 
-10.0 0.0 23:1.0 
-0.0 10.0 
-0.0 10.0 
-0.0 10.0 
-0.0 10.0 
-10.0 10.0 47:1.0 
-0.0 10.0 
-0.0 10.0 
-10.0 0.0 52:1.0 
-0.0 10.0 
-0.745972542577422 6.087233577360594 5:1.0 21:1.0 
-0.0 10.0 
-0.0 10.0 
-0.0 10.0 
-0.0 10.0 
-0.7272169148045716 8.171545270028236 15:1.0 
-0.0 10.0 
-0.0 10.0 
-0.0 10.0 
-0.0 10.0 
-0.0 10.0 
-0.0 10.0 
-0.0 10.0 
-0.0 10.0 
-0.0 10.0 
-0.0 10.0 
-0.0 10.0 
-0.0 10.0 
-0.0 10.0 
-0.0 10.0 
-0.0 10.0 44:1.0 
-0.0 10.0 
-0.0 10.0 
-0.0 10.0 
-0.0 10.0 
-0.0 10.0 
-0.0 10.0 
-0.0 10.0 
-0.0 10.0 
-1.6126972466173706 10.0 49:1.0 
-0.0 10.0 
-0.0 10.0 62:1.0 
-0.0 10.0 
-0.0 10.0 
-10.0 10.0 16:1.0 
-0.8592967566132182 10.0 5:1.0 56:1.0 
-0.0 10.0 
-1.5796956717655952 8.280102409950787 40:1.0 45:1.0 
-0.0 10.0 
-0.0 10.0 
-10.0 4.950257517059941 23:1.0 
-0.0 10.0 
-0.0 10.0 
-0.0 10.0 63:1.0 68:1.0 74:1.0 
-0.0 10.0 
-0.0 10.0 
-0.0 10.0 
-0.0 10.0 
-0.0 10.0 
-0.0 10.0 
-0.0 10.0 
-9.902831790605266 10.0 7:1.0 
-0.0 10.0 
-0.0 10.0 
-0.0 10.0 
-0.0 10.0 
-10.0 10.0 38:1.0 50:1.0 54:1.0 69:1.0 71:1.0 73:1.0 75:1.0 
-0.0 10.0 
-0.5860783504333854 0.9346845920327659 41:1.0 62:1.0 
-0.0 10.0 
-0.0 10.0 
-0.0 10.0 
-0.0 10.0 
-0.0 10.0 
-0.0 10.0 
-0.0 10.0 
-0.0 5.0 48:1.0 
-10.0 0.0 3:1.0 
-0.0 10.0 
-0.0 10.0 
-0.0 10.0 
-0.0 10.0 
-0.0 10.0 
-0.37009041737121623 10.0 53:1.0 
-0.0 10.0 
-0.0 10.0 
-0.0 10.0 
-0.0 10.0 
-0.0 10.0 
-0.0 10.0 
-0.0 10.0 62:1.0 
-0.0 10.0 
-0.0 10.0 
-0.0 10.0 
-0.0 10.0 
-0.0 10.0 
-10.0 10.0 
-10.0 10.0 
-10.0 10.0 
-10.0 10.0 
-10.0 10.0 
-10.0 10.0 
-10.0 10.0 
-10.0 10.0 
-10.0 10.0 
-10.0 10.0 
-10.0 10.0 
-10.0 10.0 
-10.0 10.0 
-10.0 10.0 
-10.0 10.0 
-10.0 10.0 
-10.0 10.0 
-10.0 10.0 
-10.0 10.0 
-10.0 10.0 
-10.0 10.0 
-10.0 10.0 
-10.0 10.0 
-10.0 10.0 
-10.0 10.0 
-10.0 10.0 
-10.0 10.0 
-10.0 10.0 
-10.0 10.0 
-10.0 10.0 
-10.0 10.0 
-10.0 10.0 
-10.0 10.0 
-10.0 10.0 
-1.230348126317971 10.0 3:1.0 11:1.0 25:1.0 53:1.0 
-10.0 10.0 
-10.0 10.0 
-10.0 10.0 
-10.0 10.0 
-10.0 10.0 
-10.0 10.0 
-0.0 5.0 6:1.0 
-10.0 10.0 
-10.0 10.0 
-10.0 10.0 
-10.0 10.0 
-10.0 10.0 
-10.0 10.0 
-10.0 10.0 
-10.0 10.0 
-10.0 10.0 
-10.0 10.0 
-10.0 10.0 
-0.0 5.0 70:1.0 
-10.0 10.0 
-10.0 10.0 
-10.0 10.0 32:1.0 
-10.0 10.0 
-10.0 10.0 
-10.0 10.0 
-10.0 10.0 
-10.0 10.0 
-10.0 10.0 
-10.0 10.0 
-0.738971347275836 1.1047509303207925 17:1.0 42:1.0 
-10.0 10.0 
-10.0 10.0 
-10.0 10.0 
-10.0 10.0 
-0.0 10.0 48:1.0 
-10.0 10.0 
-10.0 10.0 
-10.0 10.0 
-10.0 10.0 49:1.0 
-10.0 10.0 
-10.0 10.0 
-10.0 10.0 
-10.0 10.0 
-10.0 10.0 
-10.0 10.0 
-0.0 5.0 35:1.0 
-1.44703622494417 6.432138230196611 33:1.0 
-10.0 10.0 
-10.0 10.0 
-10.0 10.0 
-10.0 10.0 
-10.0 0.0 3:1.0 
-0.6401067595879927 5.930526004096535 59:1.0 64:1.0 
-10.0 10.0 
-10.0 10.0 
-10.0 10.0 
-10.0 10.0 
-10.0 10.0 
-10.0 10.0 
-0.854525057344939 0.0 15:1.0 59:1.0 
-10.0 10.0 
-10.0 10.0 
-10.0 7.315628925739713 16:1.0 
-10.0 10.0 
-0.0 9.950856825785884 8:1.0 
-1.58232843397162 6.039293435039444 20:1.0 52:1.0 
-10.0 10.0 
-1.6232294561882852 7.256872161805044 36:1.0 
-10.0 10.0 
-10.0 10.0 
-10.0 10.0 
-10.0 10.0 
-10.0 10.0 
-10.0 10.0 51:1.0 
-10.0 10.0 
-10.0 10.0 
-10.0 10.0 13:1.0 
-0.0 10.0 21:1.0 
-10.0 10.0 
-10.0 10.0 
-10.0 10.0 
-10.0 10.0 
-10.0 10.0 
-10.0 10.0 
-10.0 10.0 
-10.0 10.0 
-10.0 10.0 
-10.0 10.0 
-10.0 10.0 
-10.0 10.0 
-10.0 10.0 
-10.0 10.0 
-10.0 10.0 
-10.0 10.0 
-10.0 10.0 
-10.0 10.0 
-10.0 10.0 
-10.0 10.0 
-0.0 2.4560116759193935 22:1.0 
-10.0 10.0 
-10.0 10.0 
-10.0 10.0 
-1.5939431372911734 7.764722561027774 28:1.0 
-10.0 10.0 
-10.0 10.0 
-10.0 10.0 
-10.0 10.0 
-10.0 10.0 
-10.0 10.0 
-10.0 10.0 
-10.0 10.0 
-10.0 10.0 
-10.0 10.0 
-10.0 10.0 
-10.0 10.0 
-10.0 10.0 
-10.0 10.0 
-10.0 10.0 
-10.0 10.0 
-10.0 10.0 
-10.0 10.0 
-10.0 10.0 
-10.0 10.0 
-1.5897266186788472 6.043266970025136 70:1.0 
-10.0 10.0 
-10.0 10.0 
-10.0 10.0 
-10.0 10.0 
-0.29446994558069967 9.868257469897985 44:1.0 
-10.0 10.0 
-10.0 10.0 
-0.0 10.0 62:1.0 
-10.0 10.0 
-10.0 10.0 
-10.0 10.0 
-10.0 10.0 
-10.0 10.0 29:1.0 57:1.0 
-10.0 10.0 
-10.0 10.0 
-10.0 10.0 
-10.0 10.0 
-10.0 10.0 
-10.0 10.0 
-10.0 10.0 
-10.0 10.0 
-10.0 10.0 
-10.0 10.0 
-10.0 10.0 
-10.0 10.0 
-10.0 10.0 
-10.0 10.0 
-0.0 10.0 41:1.0 
-10.0 10.0 
-10.0 10.0 
-10.0 10.0 
-10.0 10.0 
-10.0 10.0 
-10.0 10.0 
-10.0 10.0 
-10.0 10.0 
-10.0 10.0 
-10.0 10.0 
-10.0 10.0 
-10.0 10.0 
-10.0 10.0 
-10.0 10.0 
-10.0 10.0 
-1.5150313539213758 10.0 19:1.0 
-10.0 10.0 
-10.0 10.0 
-10.0 10.0 
-0.0 4.822111834168853 40:1.0 
-10.0 10.0 
-10.0 10.0 
-10.0 10.0 
-0.7576390734000067 0.0487575890300222 16:1.0 61:1.0 
-10.0 10.0 
-10.0 10.0 
-10.0 10.0 
-0.0 10.0 39:1.0 
-0.0 7.835022807965272 40:1.0 
-10.0 10.0 
-2.7683059092004187 10.0 39:1.0 42:1.0 
-10.0 10.0 
-10.0 10.0 
-10.0 10.0 
-1.5631620643599422 6.044455712482377 48:1.0 
-9.856363158417276 10.0 49:1.0 
-0.0 10.0 34:1.0 
-10.0 10.0 
-10.0 10.0 
-10.0 10.0 
-10.0 10.0 
-10.0 10.0 
-10.0 10.0 
-10.0 8.064738805531208 54:1.0 
-10.0 10.0 
-9.970222865446761 3.28319086916978 28:1.0 
-10.0 10.0 
-8.718270387851312 10.0 39:1.0 
-10.0 10.0 
-0.0 10.0 34:1.0 
-10.0 10.0 
-1.7679495494273616 9.86635365446499 65:1.0 
-10.0 10.0 
-10.0 10.0 
-10.0 10.0 
-10.0 10.0 
-10.0 10.0 
-10.0 10.0 
-10.0 10.0 
-10.0 10.0 
-10.0 10.0 
-10.0 10.0 
-10.0 10.0 
-10.0 10.0 
-10.0 10.0 
-10.0 10.0 
-10.0 10.0 
-10.0 10.0 
-0.398913603884569 0.0 25:1.0 30:1.0 58:1.0 60:1.0 76:1.0 
-10.0 10.0 
-10.0 10.0 
-10.0 10.0 
-10.0 10.0 
-10.0 10.0 
-0.9844945197218452 10.0 41:1.0 
-0.0 3.11041642380746 14:1.0 
-10.0 10.0 
-10.0 10.0 
-10.0 10.0 
-10.0 10.0 
-10.0 10.0 
-0.0 0.14659184072265546 43:1.0 
-10.0 10.0 
-9.82644151586137 7.181283506760977 13:1.0 
-10.0 10.0 
-10.0 10.0 
-10.0 10.0 
-10.0 10.0 
-10.0 10.0 19:1.0 
-10.0 10.0 
-10.0 10.0 
-10.0 6.099359596264032 23:1.0 
-10.0 10.0 
-10.0 10.0 
-10.0 10.0 
-10.0 10.0 
-10.0 10.0 
-10.0 10.0 
-10.0 10.0 
-10.0 10.0 
-10.0 10.0 
-10.0 10.0 
-10.0 10.0 
-10.0 10.0 
-9.913999798862067 4.611875509217367 33:1.0 
-0.0 10.0 22:1.0 
-10.0 10.0 
-10.0 10.0 
-1.561872256557339 6.052857184180771 6:1.0 
-10.0 10.0 
-10.0 10.0 
-10.0 10.0 
-10.0 10.0 
-10.0 10.0 
-10.0 10.0 
-9.945574327271954 3.787320904658659 36:1.0 
-10.0 10.0 
-10.0 10.0 
-10.0 10.0 
-10.0 10.0 
-0.0 2.7562072639311896 45:1.0 
-8.10449159855108 0.0 42:1.0 
-10.0 10.0 
-1.4781625289099976 1.0542941073695196 12:1.0 
-10.0 10.0 
-10.0 10.0 
-10.0 10.0 
-10.0 10.0 
-10.0 10.0 19:1.0 
-10.0 10.0 
-10.0 10.0 
-10.0 10.0 
-10.0 10.0 
-10.0 10.0 
-10.0 10.0 
-10.0 10.0 
-10.0 10.0 
-10.0 10.0 
-10.0 10.0 
-10.0 10.0 
-10.0 10.0 
-10.0 10.0 
-10.0 10.0 
-10.0 10.0 
-10.0 10.0 
-10.0 10.0 
-10.0 10.0 
-10.0 10.0 
-10.0 10.0 
-10.0 10.0 
-10.0 10.0 
-0.11806191258796486 0.0 16:1.0 59:1.0 
-10.0 10.0 
-10.0 10.0 
-10.0 10.0 
-10.0 10.0 
-10.0 10.0 
-10.0 10.0 
-0.0 1.0858666569421773 61:1.0 
-10.0 10.0 
-10.0 10.0 
-10.0 10.0 
-10.0 10.0 
-10.0 10.0 
-10.0 10.0 
-1.7694630698269567 0.0 24:1.0 
-0.0 9.959559412345198 22:1.0 
-10.0 10.0 
-10.0 10.0 
-10.0 10.0 
-10.0 10.0 
-10.0 10.0 
-10.0 10.0 
-10.0 10.0 
-10.0 10.0 
-10.0 10.0 
-10.0 10.0 
-10.0 10.0 
-10.0 10.0 
-0.8436607668656074 10.0 21:1.0 61:1.0 
-10.0 10.0 
-10.0 10.0 
-10.0 10.0 
-10.0 10.0 
-10.0 10.0 
-10.0 10.0 
-10.0 10.0 
-10.0 10.0 
-10.0 10.0 
-10.0 10.0 
-10.0 10.0 
-10.0 10.0 
-10.0 10.0 
-10.0 10.0 
-10.0 10.0 
-10.0 10.0 
-10.0 10.0 
-10.0 10.0 
-9.958285488815946 10.0 19:1.0 
-10.0 10.0 
-10.0 10.0 
-10.0 10.0 
-10.0 10.0 
-10.0 10.0 
-10.0 10.0 
-10.0 10.0 
-10.0 10.0 
-10.0 10.0 
-10.0 10.0 
-10.0 10.0 
-10.0 10.0 
-10.0 10.0 
-10.0 10.0 
-10.0 10.0 
-10.0 10.0 
-10.0 10.0 
-10.0 0.0 24:1.0 
-10.0 10.0 
-10.0 10.0 
-10.0 10.0 
-10.0 10.0 
-10.0 10.0 
-10.0 10.0 
-10.0 10.0 
-10.0 10.0 
-1.5989676257066234 1.0348283616455356 63:1.0 68:1.0 74:1.0 
-0.9012228953777067 0.0 44:1.0 62:1.0 
-10.0 10.0 
-10.0 10.0 
-10.0 10.0 
-10.0 10.0 
-10.0 10.0 
-10.0 10.0 
-10.0 10.0 
-0.0 0.06479796215466595 11:1.0 
-0.0 10.0 20:1.0 
-10.0 10.0 
-10.0 10.0 
-10.0 10.0 
-10.0 10.0 
-10.0 10.0 
-10.0 10.0 
-10.0 10.0 
-1.2167503661494246 1.0287282700390048 30:1.0 58:1.0 60:1.0 76:1.0 
-1.572463699212321 7.844175385973549 14:1.0 
-0.8528218599909935 9.756146422217423 17:1.0 
-1.5837832663311313 0.9019555148705581 34:1.0 43:1.0 
-1.5613280317432268 6.054294107369519 35:1.0 
-10.0 10.0 
-10.0 10.0 
-10.0 10.0 
-9.789579642499506 1.0496315733234696 24:1.0 
-10.0 10.0 
-10.0 10.0 
-10.0 10.0 37:1.0 
-3.9559269791863727 10.0 
-0.0 10.0 11:1.0 
-0.0 10.0 
-0.0 10.0 
-0.0 10.0 
-0.0 10.0 
-0.9238294073659923 10.0 64:1.0 
-0.0 -10.0 
-0.0 -10.0 
-0.0 -10.0 
-0.0 -10.0 
-0.0 -10.0 
-0.0 -10.0 
-0.0 -10.0 
-0.0 -10.0 20:1.0 
-0.0 -10.0 
-0.0 -10.0 
-0.0 -10.0 
-0.0 -10.0 
-0.0 -10.0 
-0.0 -10.0 
-0.0 -10.0 
-0.0 -10.0 
-10.0 -10.0 57:1.0 
-0.0 -10.0 
-0.0 -10.0 
-0.0 -10.0 
-0.0 -10.0 
-0.0 -10.0 
-0.0 -10.0 
-0.0 -10.0 53:1.0 
-0.0 -10.0 
-0.0 -10.0 
-0.0 -10.0 48:1.0 
-0.0 -10.0 
-0.0 -10.0 
-0.0 -10.0 
-0.0 -10.0 
-0.0 -10.0 
-0.0 -10.0 
-0.0 -10.0 
-0.0 -10.0 
-1.6548884294311765 -10.0 7:1.0 
-0.0 -10.0 
-0.0 -10.0 
-0.0 -10.0 
-0.0 -10.0 
-0.0 -10.0 
-1.6191707756692282 -10.0 70:1.0 
-10.0 -10.0 14:1.0 16:1.0 
-0.0 -10.0 
-0.0 -10.0 1:1.0 
-0.0 -10.0 
-0.0 -10.0 
-0.0 -10.0 
-0.0 -10.0 
-0.0 -10.0 
-0.0 -10.0 
-10.0 -10.0 36:1.0 
-0.0 -10.0 
-0.0 -10.0 
-0.0 -10.0 
-0.0 -10.0 
-10.0 -10.0 46:1.0 51:1.0 
-0.0 -10.0 
-0.0 -10.0 
-0.0 -10.0 
-0.0 -10.0 
-0.0 -10.0 21:1.0 
-0.0 -10.0 
-0.0 -10.0 
-0.0 -10.0 
-0.0 -10.0 
-0.0 -10.0 
-0.0 -10.0 53:1.0 
-0.0 -10.0 
-0.0 -10.0 
-0.0 -10.0 
-10.0 -10.0 
-9.952211045908442 -10.0 7:1.0 
-10.0 -10.0 
-10.0 -10.0 
-10.0 -10.0 
-10.0 -10.0 
-10.0 -10.0 
-10.0 -10.0 
-10.0 -10.0 
-10.0 -10.0 
-10.0 -10.0 
-10.0 -10.0 
-10.0 -10.0 
-10.0 -10.0 
-10.0 -10.0 
-10.0 -10.0 
-10.0 -10.0 
-0.0 -10.0 44:1.0 
-10.0 -10.0 
-10.0 -10.0 
-10.0 -10.0 
-10.0 -10.0 
-0.0 -10.0 39:1.0 
-10.0 -10.0 
-10.0 -10.0 9:1.0 
-10.0 -10.0 
-10.0 -10.0 
-10.0 -10.0 
-10.0 -10.0 
-10.0 -10.0 
-10.0 -10.0 
-0.0 -10.0 8:1.0 22:1.0 26:1.0 
-10.0 -10.0 
-10.0 -10.0 
-10.0 -10.0 
-10.0 -10.0 
-10.0 -10.0 
-10.0 -10.0 
-10.0 -10.0 
-10.0 -10.0 
-10.0 -10.0 
-10.0 -10.0 
-10.0 -10.0 
-7.327850400769212 -10.0 8:1.0 17:1.0 42:1.0 
-10.0 -10.0 
-10.0 -10.0 
-10.0 -10.0 
-10.0 -10.0 
-0.0 -10.0 29:1.0 
-0.0 -10.0 56:1.0 
-1.6231049182962807 -10.0 44:1.0 
-0.0 -10.0 53:1.0 
-10.0 -10.0 
-10.0 -10.0 
-10.0 -10.0 13:1.0 
-10.0 -10.0 
-10.0 -10.0 
-10.0 -10.0 
-10.0 -10.0 
-10.0 -10.0 
-10.0 -10.0 
-10.0 -10.0 32:1.0 
-10.0 -10.0 
-10.0 -10.0 
-10.0 -10.0 
-10.0 -10.0 
-10.0 -10.0 
-0.5507941940301436 -10.0 39:1.0 
-10.0 -10.0 
-10.0 -10.0 
-10.0 -10.0 
-10.0 -10.0 
-10.0 -10.0 34:1.0 46:1.0 
-10.0 -10.0 
-10.0 -10.0 
-10.0 -10.0 47:1.0 
-10.0 -10.0 
-10.0 -10.0 
-0.0 -10.0 34:1.0 
-10.0 -10.0 
-10.0 -10.0 
-0.0 -10.0 56:1.0 
-10.0 -10.0 
-10.0 -10.0 
-10.0 -10.0 
-10.0 -10.0 
-10.0 -10.0 
-10.0 -10.0 
-10.0 -10.0 
-10.0 -10.0 
-10.0 -10.0 
-10.0 -10.0 
-10.0 -10.0 
-10.0 -10.0 
-10.0 -10.0 
-10.0 -10.0 
-10.0 -10.0 
-10.0 -10.0 
-10.0 -10.0 
-10.0 -10.0 
-0.0 -10.0 26:1.0 
-10.0 -10.0 
-10.0 -10.0 
-3.0465249918203514 -10.0 27:1.0 54:1.0 72:1.0 
-10.0 -10.0 
-0.0 -10.0 19:1.0 
-10.0 -10.0 
-10.0 -10.0 
-10.0 -10.0 
-10.0 -10.0 
-1.607099475339667 -10.0 35:1.0 
-10.0 -10.0 
-10.0 -10.0 
-10.0 -10.0 
-10.0 -10.0 
-10.0 -10.0 
-10.0 -10.0 
-1.5618755982063977 -10.0 19:1.0 
-10.0 -10.0 
-10.0 -10.0 
-10.0 -10.0 
-10.0 -10.0 
-10.0 -10.0 
-0.0 -10.0 21:1.0 
-10.0 -10.0 
-10.0 -10.0 
-10.0 -10.0 
-10.0 -10.0 
-10.0 -10.0 
-10.0 -10.0 
-10.0 -10.0 
-0.0 -10.0 63:1.0 68:1.0 74:1.0 
-9.971449001115953 -10.0 39:1.0 
-0.0 -10.0 20:1.0 
-10.0 -10.0 
-10.0 -10.0 
-1.616123085129878 -10.0 61:1.0 
-10.0 -10.0 
-1.6290891199749977 -10.0 49:1.0 
-10.0 -10.0 
-10.0 -10.0 
-0.0 -10.0 29:1.0 
-10.0 -10.0 
-10.0 -10.0 
-10.0 -10.0 
-10.0 -10.0 
-10.0 -10.0 18:1.0 
-10.0 -10.0 
-0.6443917260733573 -10.0 62:1.0 64:1.0 
-10.0 -10.0 
-10.0 -10.0 
-10.0 -10.0 
-10.0 -10.0 
-10.0 -10.0 
-10.0 -10.0 
-10.0 -10.0 
-10.0 -10.0 
-10.0 -10.0 
-10.0 -10.0 
-10.0 -10.0 
-10.0 -10.0 
-10.0 -10.0 
-10.0 -10.0 
-10.0 -10.0 
-10.0 -10.0 
-10.0 -10.0 
-10.0 -10.0 65:1.0 
-10.0 -10.0 
-10.0 -10.0 
-10.0 -10.0 
-10.0 -10.0 
-10.0 -10.0 
-0.0 -10.0 41:1.0 
-10.0 -10.0 
-10.0 -10.0 
-10.0 -10.0 
-10.0 -10.0 
-10.0 -10.0 
-10.0 -10.0 
-10.0 -10.0 
-10.0 -10.0 
-10.0 -10.0 
-1.004978061867667 -10.0 39:1.0 64:1.0 
-10.0 -10.0 
-10.0 -10.0 
-10.0 -10.0 
-10.0 -10.0 
-10.0 -10.0 
-2.9952673029881405 -10.0 8:1.0 57:1.0 
-0.0 -10.0 53:1.0 
-10.0 -10.0 49:1.0 
-10.0 -10.0 
-1.7541292944174396 -10.0 56:1.0 
-10.0 -10.0 
-10.0 -10.0 
-10.0 -10.0 
-10.0 -10.0 
-10.0 -10.0 
-10.0 -10.0 
-10.0 -10.0 
-10.0 -10.0 
-0.0 -10.0 1:1.0 
-10.0 -10.0 
-10.0 -10.0 
-10.0 -10.0 
-10.0 -10.0 
-10.0 -10.0 
-10.0 -10.0 
-10.0 -10.0 
-10.0 -10.0 
-10.0 -10.0 
-10.0 -10.0 
-10.0 -10.0 
-10.0 -10.0 
-10.0 -10.0 
-10.0 -10.0 
-10.0 -10.0 
-10.0 -10.0 
-10.0 -10.0 
-10.0 -10.0 
-10.0 -10.0 
-0.0 -10.0 62:1.0 
-10.0 -10.0 
-10.0 -10.0 
-10.0 -10.0 
-10.0 -10.0 
-10.0 -10.0 
-10.0 -10.0 
-1.6129327361628356 -10.0 15:1.0 
-10.0 -10.0 
-10.0 -10.0 
-10.0 -10.0 
-0.0 -10.0 62:1.0 
-10.0 -10.0 
-10.0 -10.0 
-10.0 -10.0 
-10.0 -10.0 
-10.0 -10.0 
-10.0 -10.0 
-10.0 -10.0 
-10.0 -10.0 
-10.0 -10.0 
-10.0 -10.0 
-0.0 -10.0 53:1.0 
-10.0 -10.0 67:1.0 
-10.0 -10.0 28:1.0 
-1.6141332311807153 -10.0 20:1.0 
-10.0 -10.0 
-9.885559145325617 -10.0 49:1.0 
-0.0 -10.0 22:1.0 
-10.0 -10.0 
-10.0 -10.0 
-10.0 -10.0 
-10.0 -10.0 
-10.0 -10.0 
-10.0 -10.0 
-10.0 -10.0 
-1.6074856913675564 -10.0 21:1.0 
-10.0 -10.0 
-10.0 -10.0 
-10.0 -10.0 
-10.0 -10.0 
-10.0 -10.0 
-10.0 -10.0 
-10.0 -10.0 
-10.0 -10.0 
-0.0 -10.0 1:1.0 
-10.0 -10.0 
-0.0 -10.0 1:1.0 56:1.0 
-10.0 -10.0 
-10.0 -10.0 
-10.0 -10.0 
-10.0 -10.0 
-10.0 -10.0 
-10.0 -10.0 
-10.0 -10.0 
-10.0 -10.0 
-10.0 -10.0 
-10.0 -10.0 
-10.0 -10.0 
-10.0 -10.0 
-10.0 -10.0 
-10.0 -10.0 
-10.0 -10.0 
-9.629895449168965 -10.0 27:1.0 54:1.0 72:1.0 
-10.0 -10.0 
-10.0 -10.0 
-10.0 -10.0 
-10.0 -10.0 
-10.0 -10.0 46:1.0 
-1.6511424850993985 -10.0 63:1.0 68:1.0 74:1.0 
-10.0 -10.0 
-10.0 -10.0 
-10.0 -10.0 
-10.0 -10.0 
-10.0 -10.0 
-10.0 -10.0 
-10.0 -10.0 
-10.0 -10.0 19:1.0 
-10.0 -10.0 2:1.0 55:1.0 67:1.0 
-10.0 -10.0 
-10.0 -10.0 
-10.0 -10.0 
-10.0 -10.0 
-1.6369561473923442 -10.0 22:1.0 26:1.0 
-10.0 -10.0 
-1.736485924720484 -10.0 41:1.0 67:1.0 
-10.0 -10.0 32:1.0 
-10.0 -10.0 
-9.868592614958311 -10.0 56:1.0 
-10.0 -10.0 
-10.0 -10.0 
-10.0 -10.0 
-10.0 -10.0 
-10.0 -10.0 
-10.0 -10.0 
-10.0 -10.0 
-10.0 -10.0 
-10.0 -10.0 
-10.0 -10.0 54:1.0 
-10.0 -10.0 
-10.0 -10.0 
-10.0 -10.0 
-10.0 -10.0 
-10.0 -10.0 
-10.0 -10.0 
-10.0 -10.0 
-10.0 -10.0 
-10.0 -10.0 
-10.0 -10.0 
-10.0 -10.0 
-10.0 -10.0 
-10.0 -10.0 5:1.0 37:1.0 
-10.0 -10.0 
-10.0 -10.0 
-0.0 -10.0 53:1.0 
-10.0 -10.0 1:1.0 10:1.0 
-10.0 -10.0 
-1.6074856913675184 -10.0 6:1.0 
-1.588104993308097 -10.0 40:1.0 45:1.0 
-10.0 -10.0 
-10.0 -10.0 
-10.0 -10.0 
-10.0 -10.0 
-10.0 -10.0 
-10.0 -10.0 
-10.0 -10.0 
-10.0 -10.0 
-10.0 -10.0 
-10.0 -10.0 
-10.0 -10.0 
-10.0 -10.0 
-10.0 -10.0 
-10.0 -10.0 
-1.5371534340593553 -10.0 11:1.0 
-10.0 -10.0 
-10.0 -10.0 
-10.0 -10.0 
-10.0 -10.0 
-10.0 -10.0 
-10.0 -10.0 
-10.0 -10.0 
-10.0 -10.0 
-10.0 -10.0 
-10.0 -10.0 13:1.0 
-10.0 -10.0 
-10.0 -10.0 
-10.0 -10.0 
-10.0 -10.0 
-10.0 -10.0 
-10.0 -10.0 19:1.0 
-10.0 -10.0 
-10.0 -10.0 
-10.0 -10.0 
-10.0 -10.0 
-10.0 -10.0 
-10.0 -10.0 
-10.0 -10.0 31:1.0 
-10.0 -10.0 
-10.0 -10.0 
-10.0 -10.0 
-10.0 -10.0 
-10.0 -10.0 
-10.0 -10.0 
-10.0 -10.0 
-10.0 -10.0 
-10.0 -10.0 
-10.0 -10.0 
-10.0 -10.0 
-0.0 -10.0 29:1.0 
-10.0 -10.0 
-10.0 -10.0 
-10.0 -10.0 
-10.0 -10.0 
-10.0 -10.0 16:1.0 
-10.0 -10.0 
-0.0 -10.0 64:1.0 
-10.0 -10.0 
-10.0 -10.0 
-10.0 -10.0 
-10.0 -10.0 
-10.0 -10.0 
-10.0 -10.0 
-10.0 -10.0 
-9.982739881781754 -10.0 19:1.0 
-10.0 -10.0 
-10.0 -10.0 
-10.0 -10.0 
-10.0 -10.0 
-10.0 -10.0 
-10.0 -10.0 
-10.0 -10.0 
-10.0 -10.0 
-10.0 -10.0 
-10.0 -10.0 
-10.0 -10.0 
-10.0 -10.0 
-10.0 -10.0 
-10.0 -10.0 
-10.0 -10.0 
-10.0 -10.0 
-10.0 -10.0 
-10.0 -10.0 
-1.6167082020743546 -10.0 48:1.0 
-10.0 -10.0 
-10.0 -10.0 
-10.0 -10.0 
-10.0 -10.0 
-10.0 -10.0 
-10.0 -10.0 
-1.6164879547272062 -10.0 29:1.0 
-10.0 -10.0 
-10.0 -10.0 33:1.0 
-10.0 -10.0 
-10.0 -10.0 
-10.0 -10.0 
-10.0 -10.0 
-10.0 -10.0 
-0.0 -10.0 8:1.0 
-10.0 -10.0 18:1.0 
-10.0 -10.0 
-10.0 -10.0 
-10.0 -10.0 
-10.0 -10.0 
-0.0 -10.0 53:1.0 
-10.0 -10.0 
-0.9785294566728593 -10.0 62:1.0 
-1.6191707756691995 -10.0 53:1.0 
-10.0 -10.0 27:1.0 38:1.0 50:1.0 54:1.0 69:1.0 71:1.0 72:1.0 73:1.0 75:1.0 
-10.0 -10.0 
-0.08681516460579425 -10.0 11:1.0 40:1.0 
-10.0 -10.0 
-10.0 -10.0 
-10.0 -10.0 
-10.0 -10.0 
-10.0 -10.0 
-10.0 -10.0 23:1.0 
-10.0 -10.0 
-10.0 -10.0 
-10.0 -10.0 
-10.0 -10.0 
-6.295996936743535 -10.0 
-0.0 -10.0 
-0.0 -10.0 
-0.0 -10.0 
-0.0 -10.0 
