svm_type c_svc
kernel_type rbf
gamma 10.0
nr_class 3
total_sv 1515
rho 0.5101496231593008 0.19478197910519768 -0.44087863659250426
label 2 0 1
nr_sv 409 574 532
SV
100.0 100.0 
100.0 100.0 
100.0 100.0 
100.0 100.0 
1.5097003701230252 1.1952726039159578 2:1.0 32:1.0 
100.0 100.0 
100.0 100.0 
100.0 100.0 
100.0 100.0 
100.0 100.0 
100.0 100.0 
100.0 100.0 
100.0 100.0 
100.0 100.0 
1.5107189969309678 1.1943535641961767 33:1.0 46:1.0 51:1.0 
100.0 100.0 
100.0 100.0 
100.0 100.0 
100.0 100.0 
100.0 100.0 
100.0 100.0 
100.0 0.0 24:1.0 
100.0 100.0 
100.0 100.0 
100.0 100.0 
100.0 100.0 
100.0 100.0 
100.0 100.0 
100.0 100.0 
100.0 100.0 
100.0 100.0 
100.0 100.0 
100.0 100.0 
100.0 100.0 
100.0 100.0 
100.0 100.0 
100.0 100.0 
100.0 100.0 
100.0 100.0 
100.0 100.0 
100.0 100.0 
1.5107189997613788 1.1952901605620225 50:1.0 54:1.0 66:1.0 69:1.0 73:1.0 75:1.0 
100.0 100.0 
100.0 100.0 
100.0 100.0 
100.0 100.0 
100.0 100.0 
100.0 100.0 
100.0 100.0 
100.0 100.0 
100.0 100.0 
100.0 100.0 
100.0 100.0 
100.0 100.0 
100.0 100.0 
100.0 100.0 
100.0 100.0 
100.0 100.0 
100.0 1.1952727890573678 23:1.0 
100.0 100.0 
100.0 100.0 
100.0 100.0 
100.0 100.0 
100.0 100.0 13:1.0 
100.0 100.0 32:1.0 
100.0 100.0 
100.0 100.0 
0.0 1.249954606768354 27:1.0 38:1.0 50:1.0 54:1.0 69:1.0 71:1.0 72:1.0 73:1.0 75:1.0 
1.5106504160165548 1.1942084976092275 9:1.0 66:1.0 
100.0 100.0 
100.0 100.0 
100.0 100.0 
1.51164533658929 1.195272601042285 9:1.0 
100.0 100.0 
100.0 100.0 7:1.0 
100.0 100.0 
100.0 100.0 
100.0 100.0 
100.0 100.0 
100.0 100.0 
100.0 100.0 
100.0 100.0 
100.0 100.0 
100.0 100.0 
100.0 100.0 
100.0 100.0 
100.0 100.0 
1.5096148857887886 1.1942083205606253 10:1.0 46:1.0 
1.5107189783213315 99.94436217611002 27:1.0 38:1.0 50:1.0 54:1.0 69:1.0 71:1.0 72:1.0 73:1.0 75:1.0 
100.0 100.0 
1.5097688185417948 1.1953270461346408 55:1.0 
100.0 100.0 
100.0 100.0 
1.5156125937258642 0.0 37:1.0 
100.0 100.0 
100.0 100.0 
100.0 100.0 
100.0 100.0 
100.0 100.0 
100.0 100.0 
100.0 100.0 
100.0 100.0 
100.0 100.0 23:1.0 
100.0 100.0 
100.0 100.0 
100.0 100.0 
100.0 100.0 
100.0 100.0 
100.0 100.0 
100.0 100.0 
100.0 0.0 42:1.0 
100.0 100.0 
100.0 100.0 
100.0 100.0 
100.0 100.0 
100.0 1.1942993902024108 66:1.0 
100.0 100.0 
100.0 100.0 
100.0 100.0 
100.0 100.0 
100.0 100.0 
100.0 100.0 
100.0 100.0 
100.0 100.0 
100.0 100.0 
100.0 100.0 
100.0 100.0 
100.0 100.0 
100.0 100.0 
100.0 100.0 
100.0 100.0 
100.0 100.0 
100.0 100.0 
100.0 100.0 
100.0 100.0 
100.0 100.0 
100.0 100.0 
100.0 100.0 28:1.0 
100.0 100.0 
100.0 100.0 
100.0 100.0 
100.0 100.0 
100.0 100.0 
100.0 100.0 
100.0 100.0 
100.0 100.0 
100.0 100.0 
100.0 100.0 
100.0 100.0 
100.0 100.0 
100.0 100.0 
100.0 100.0 
100.0 100.0 
100.0 100.0 19:1.0 
100.0 100.0 65:1.0 
0.0 1.250022710915819 67:1.0 
100.0 100.0 
99.9990274070481 100.0 9:1.0 
100.0 100.0 
100.0 100.0 
0.0 100.0 18:1.0 
100.0 0.0 52:1.0 
1.5097688194193073 99.94534069093442 67:1.0 
1.5097965730822134 1.194389874998132 19:1.0 39:1.0 
100.0 100.0 
100.0 100.0 
100.0 100.0 56:1.0 
100.0 100.0 
100.0 100.0 
100.0 1.1943534068695458 24:1.0 
100.0 100.0 
100.0 100.0 
100.0 100.0 
100.0 100.0 
1.5097688612111158 1.4999886428036056 31:1.0 
100.0 100.0 
100.0 100.0 
100.0 100.0 
100.0 100.0 
1.5107189994442511 1.1952899799375067 16:1.0 50:1.0 54:1.0 75:1.0 
100.0 100.0 
100.0 100.0 
100.0 100.0 
100.0 100.0 
100.0 100.0 
100.0 100.0 
100.0 100.0 
100.0 100.0 
100.0 100.0 
100.0 100.0 
100.0 100.0 
100.0 100.0 
100.0 100.0 
100.0 100.0 
100.0 1.5000453960660476 16:1.0 
100.0 100.0 
100.0 100.0 
100.0 100.0 
100.0 100.0 
100.0 100.0 
100.0 100.0 
100.0 100.0 
100.0 100.0 
100.0 1.1943363738651573 51:1.0 
100.0 100.0 
100.0 1.250011349982394 54:1.0 
100.0 100.0 
1.50970032614143 1.1953093175191196 10:1.0 
100.0 100.0 
100.0 100.0 
100.0 100.0 
100.0 100.0 
100.0 99.69434510474845 16:1.0 
100.0 100.0 
100.0 100.0 
1.5116453355892618 0.0 2:1.0 
100.0 100.0 
100.0 100.0 
100.0 100.0 
100.0 100.0 
1.5097226281255407 100.0 57:1.0 
100.0 100.0 
100.0 100.0 
100.0 100.0 
100.0 100.0 
100.0 100.0 
100.0 100.0 
100.0 100.0 13:1.0 
100.0 100.0 
1.5097518337911902 1.1943173581609594 37:1.0 38:1.0 69:1.0 71:1.0 
100.0 100.0 
100.0 100.0 
1.5107405971568042 1.1943533835573692 69:1.0 
1.509700587756643 1.1953266926071047 49:1.0 57:1.0 
100.0 100.0 
100.0 100.0 
100.0 100.0 
100.0 99.94434225839166 54:1.0 
100.0 100.0 
100.0 100.0 49:1.0 
100.0 100.0 
100.0 100.0 
100.0 100.0 
100.0 100.0 
100.0 100.0 
100.0 100.0 19:1.0 
100.0 100.0 
100.0 100.0 
100.0 100.0 
100.0 100.0 
100.0 100.0 
100.0 100.0 
100.0 100.0 
99.9951277360966 1.1943900565440257 37:1.0 
100.0 100.0 
100.0 100.0 
100.0 100.0 
100.0 100.0 
100.0 100.0 
100.0 100.0 
100.0 100.0 
100.0 1.1943533190191424 42:1.0 
100.0 100.0 
100.0 100.0 
100.0 100.0 
100.0 100.0 
100.0 100.0 
100.0 100.0 
100.0 100.0 
100.0 100.0 
100.0 100.0 
100.0 100.0 
100.0 100.0 
100.0 100.0 
1.5156122390631785 1.2499829787620695 47:1.0 
100.0 100.0 
100.0 100.0 
100.0 100.0 
100.0 100.0 
100.0 100.0 
100.0 100.0 
100.0 100.0 
100.0 100.0 
100.0 100.0 
100.0 100.0 
100.0 100.0 
100.0 100.0 
99.99415658108165 99.94534389093882 47:1.0 
100.0 100.0 
100.0 100.0 
0.0 1.2500283779189858 46:1.0 
100.0 100.0 
100.0 100.0 
100.0 100.0 
100.0 100.0 
100.0 100.0 
1.5107412406619305 1.1942084354009954 23:1.0 51:1.0 
100.0 100.0 
100.0 100.0 
100.0 100.0 
100.0 100.0 
100.0 100.0 
100.0 100.0 
100.0 100.0 
100.0 100.0 
100.0 100.0 
100.0 100.0 
100.0 100.0 
99.99902738302107 1.1942992560982437 2:1.0 
100.0 100.0 
100.0 100.0 
100.0 100.0 
100.0 100.0 
100.0 100.0 
100.0 100.0 
100.0 100.0 
100.0 100.0 
100.0 100.0 
100.0 100.0 
100.0 100.0 
100.0 100.0 
100.0 100.0 
100.0 100.0 
100.0 1.1943539385632747 52:1.0 
100.0 100.0 
100.0 100.0 
100.0 100.0 
100.0 100.0 
100.0 100.0 
100.0 100.0 
1.5097002818050183 99.94434403872798 46:1.0 
100.0 100.0 
100.0 100.0 
100.0 100.0 
100.0 100.0 
100.0 100.0 
100.0 100.0 
100.0 100.0 
100.0 100.0 
100.0 100.0 
100.0 100.0 
100.0 100.0 
100.0 100.0 
100.0 100.0 
100.0 100.0 
100.0 100.0 
100.0 100.0 
100.0 100.0 
100.0 100.0 
100.0 100.0 
100.0 100.0 
100.0 100.0 
100.0 100.0 
100.0 100.0 
100.0 100.0 
100.0 100.0 
100.0 100.0 
100.0 100.0 
100.0 100.0 
100.0 99.69533822689729 31:1.0 
100.0 100.0 
100.0 100.0 
100.0 100.0 
100.0 100.0 
100.0 100.0 
100.0 100.0 
100.0 100.0 
100.0 100.0 
1.5097004584156033 1.1952362483337458 3:1.0 18:1.0 
100.0 100.0 
100.0 100.0 
100.0 100.0 
100.0 100.0 
100.0 100.0 
100.0 100.0 
100.0 100.0 
100.0 100.0 
100.0 100.0 
100.0 100.0 
100.0 100.0 
100.0 100.0 
100.0 100.0 
100.0 100.0 
100.0 100.0 
100.0 100.0 
100.0 1.1942992369341585 3:1.0 
100.0 100.0 
100.0 100.0 
100.0 100.0 
100.0 100.0 
100.0 100.0 
100.0 100.0 
100.0 100.0 36:1.0 
100.0 100.0 
1.5097003679145582 100.0 18:1.0 
100.0 100.0 
100.0 100.0 
100.0 100.0 
100.0 100.0 
100.0 100.0 
100.0 100.0 
100.0 100.0 
100.0 100.0 
100.0 100.0 
100.0 100.0 
100.0 100.0 
100.0 100.0 
100.0 100.0 
100.0 100.0 
-0.499954594917001 100.0 56:1.0 
-1.0000000097905501 100.0 32:1.0 
-0.4892365755812995 0.5595307049621296 11:1.0 44:1.0 
-0.4902311429111907 0.5595554409444025 4:1.0 
-0.0 1.0000227020266592 62:1.0 
-0.49997730467235685 100.0 7:1.0 
-0.0 100.0 53:1.0 
-0.49022590526264165 100.0 1:1.0 56:1.0 
-0.0 100.0 27:1.0 54:1.0 72:1.0 
-100.0 0.0 52:1.0 
-100.0 0.0 42:1.0 
-0.0 1.000000001030413 63:1.0 68:1.0 74:1.0 
-0.49025335516877777 0.5595820418156596 37:1.0 65:1.0 69:1.0 
-0.49997730389902695 0.624965938523121 65:1.0 
-0.48928100066067925 100.0 27:1.0 54:1.0 72:1.0 
-100.0 0.5585988940595736 66:1.0 
-100.0 0.5624829685535933 54:1.0 
-100.0 100.0 31:1.0 
-0.0 100.0 29:1.0 
-0.499931904484072 0.0 16:1.0 
-100.0 100.0 9:1.0 
-0.0 0.5624602687165859 15:1.0 
-0.49020897077286785 0.5585575779786125 43:1.0 62:1.0 
-0.4902087920940904 0.5595968033534771 8:1.0 22:1.0 
-100.0 0.5585990666027274 2:1.0 
-0.49997730673335844 0.5624858099777685 13:1.0 
-0.0 100.0 19:1.0 
-0.0 1.0000227020267118 8:1.0 
-0.0 100.0 20:1.0 
-99.98925963655539 100.0 56:1.0 
-0.0 1.0000681009271466 64:1.0 
-0.4892375284444202 0.5595307236995439 12:1.0 62:1.0 
-0.48923652739287793 100.0 29:1.0 
-0.489258808836541 100.0 26:1.0 
-1.000022712332547 0.0 23:1.0 
-0.0 0.562437568428971 44:1.0 
-100.0 100.0 47:1.0 
-100.0 0.5595309154728415 52:1.0 
-0.4902065338504863 0.559620794776262 5:1.0 21:1.0 
-0.0 1.0000680993814244 
-0.0 100.0 
-0.4902089280576268 99.99609739083228 15:1.0 
-0.0 100.0 
-0.0 100.0 
-0.0 100.0 
-0.0 100.0 
-0.0 100.0 
-0.0 100.0 
-0.0 100.0 
-0.0 100.0 
-0.0 100.0 
-0.0 100.0 
-0.0 100.0 
-0.0 100.0 
-0.0 100.0 
-0.0 100.0 
-0.0 100.0 44:1.0 
-0.0 100.0 
-0.0 100.0 
-0.0 100.0 
-0.0 100.0 
-0.0 100.0 
-0.0 100.0 
-0.0 100.0 
-0.0 100.0 
-0.0 100.0 49:1.0 
-0.0 100.0 
-0.0 100.0 62:1.0 
-0.0 100.0 
-0.0 100.0 
-100.0 1.0000227025419264 16:1.0 
-0.4892366408021531 0.5596215010195591 5:1.0 56:1.0 
-0.0 100.0 
-0.48923661859126966 0.5585573892919254 8:1.0 61:1.0 
-0.4892374197849721 100.0 40:1.0 45:1.0 
-0.0 100.0 
-0.0 100.0 
-100.0 0.5624843918741012 23:1.0 
-0.0 100.0 
-0.0 100.0 
-0.0 100.0 63:1.0 68:1.0 74:1.0 
-0.0 100.0 
-0.0 100.0 
-0.0 100.0 
-0.0 100.0 
-0.0 100.0 
-0.0 100.0 
-0.0 100.0 
-99.99025387930513 100.0 7:1.0 
-0.0 100.0 
-0.0 100.0 
-0.0 100.0 
-0.0 100.0 
-0.4892810258011174 0.5595814718954006 38:1.0 50:1.0 54:1.0 69:1.0 71:1.0 73:1.0 75:1.0 
-0.0 100.0 
-0.49020679817541246 0.5585572232779688 41:1.0 62:1.0 
-0.0 100.0 
-0.0 100.0 
-0.0 100.0 
-0.0 100.0 
-0.0 100.0 
-0.0 100.0 
-0.0 100.0 
-0.0 0.5624858084967088 48:1.0 
-1.0000000072139674 0.0 3:1.0 
-0.0 100.0 
-0.0 100.0 
-0.0 100.0 
-0.0 100.0 
-0.0 100.0 
-0.4902311855804661 100.0 53:1.0 
-0.0 100.0 
-0.0 100.0 
-0.0 100.0 
-0.0 100.0 
-0.0 100.0 
-0.0 100.0 
-0.0 100.0 62:1.0 
-0.0 100.0 
-0.0 100.0 
-0.0 100.0 
-0.0 100.0 
-0.0 100.0 
-0.0 100.0 
-0.0 100.0 
-0.0 100.0 
-0.0 100.0 
-0.0 100.0 
-0.0 100.0 
-0.0 100.0 
-0.0 100.0 
-0.0 100.0 
-0.0 100.0 
-0.0 100.0 
-0.0 100.0 
-0.0 100.0 
-0.0 100.0 
-0.0 100.0 
-0.0 100.0 
-0.0 100.0 
-0.0 100.0 
-0.0 100.0 
-0.0 100.0 
-0.0 100.0 
-0.0 100.0 
-0.0 100.0 
-1.0000454019922103 100.0 
-100.0 100.0 
-100.0 100.0 
-100.0 100.0 
-100.0 100.0 
-100.0 100.0 
-100.0 100.0 
-100.0 100.0 
-100.0 100.0 
-100.0 100.0 
-100.0 100.0 
-0.4892810225856923 0.5595820444815935 3:1.0 11:1.0 25:1.0 53:1.0 
-100.0 100.0 
-100.0 100.0 
-100.0 100.0 
-100.0 100.0 
-100.0 100.0 
-100.0 100.0 
-0.0 0.5624829685536796 6:1.0 
-100.0 100.0 
-100.0 100.0 
-100.0 100.0 
-100.0 100.0 
-100.0 100.0 
-100.0 100.0 
-100.0 100.0 
-100.0 100.0 
-100.0 100.0 
-100.0 100.0 
-100.0 100.0 
-0.0 0.6249517607704367 70:1.0 
-100.0 100.0 
-100.0 100.0 
-99.49029714392076 100.0 32:1.0 
-100.0 100.0 
-100.0 100.0 
-100.0 100.0 
-100.0 100.0 
-100.0 100.0 
-100.0 100.0 
-100.0 100.0 
-0.4892588070132107 0.5586226581213307 17:1.0 42:1.0 
-100.0 100.0 
-100.0 100.0 
-100.0 100.0 
-100.0 100.0 
-0.0 100.0 48:1.0 
-100.0 100.0 
-100.0 100.0 
-100.0 100.0 
-1.00000000876002 100.0 49:1.0 
-100.0 100.0 
-100.0 100.0 
-100.0 100.0 
-100.0 100.0 
-100.0 100.0 
-100.0 100.0 
-0.0 0.6249489254003484 35:1.0 
-0.0 0.5624858082712129 33:1.0 
-100.0 100.0 
-100.0 100.0 
-100.0 100.0 
-100.0 100.0 
-99.49029962875457 0.5595551506681992 3:1.0 
-0.4902036490010716 0.5595313419732943 59:1.0 64:1.0 
-100.0 100.0 
-100.0 100.0 
-100.0 100.0 
-100.0 100.0 
-100.0 100.0 
-100.0 100.0 
-0.4902089687168943 0.5595301265445076 15:1.0 59:1.0 
-100.0 100.0 
-100.0 100.0 
-99.99025454886159 99.55857486292128 16:1.0 
-100.0 100.0 
-0.4892149412218168 99.55859065253598 8:1.0 
-0.4902310054042985 0.5596221262906456 20:1.0 52:1.0 
-100.0 100.0 
-0.4999886525936882 0.5624815520596564 36:1.0 
-100.0 100.0 
-100.0 100.0 
-100.0 100.0 
-100.0 100.0 
-100.0 100.0 
-100.0 0.5586643240999899 51:1.0 
-100.0 100.0 
-100.0 100.0 
-100.0 100.0 13:1.0 
-0.4892143410331536 100.0 21:1.0 
-100.0 100.0 
-100.0 100.0 
-100.0 100.0 
-100.0 100.0 
-100.0 100.0 
-100.0 100.0 
-100.0 100.0 
-100.0 100.0 
-100.0 100.0 
-100.0 100.0 
-100.0 100.0 
-100.0 100.0 
-100.0 100.0 
-100.0 100.0 
-100.0 100.0 
-100.0 100.0 
-100.0 100.0 
-100.0 100.0 
-100.0 100.0 
-100.0 100.0 
-100.0 100.0 
-100.0 100.0 
-100.0 100.0 
-0.49998865259371156 0.6249602712606988 28:1.0 
-100.0 100.0 
-100.0 100.0 
-100.0 100.0 
-100.0 100.0 
-100.0 100.0 
-100.0 100.0 
-100.0 100.0 
-100.0 100.0 
-100.0 100.0 
-100.0 100.0 
-100.0 100.0 
-100.0 100.0 
-100.0 100.0 
-100.0 100.0 
-100.0 100.0 
-100.0 100.0 
-100.0 100.0 
-100.0 100.0 
-100.0 100.0 
-100.0 100.0 
-0.49023118382047143 99.93363089840507 70:1.0 
-100.0 100.0 
-100.0 100.0 
-100.0 100.0 
-100.0 100.0 
-0.4892142780412666 99.99706786260876 44:1.0 
-100.0 100.0 
-100.0 100.0 
-0.49014211446276007 99.55852396783378 62:1.0 
-100.0 100.0 
-100.0 100.0 
-100.0 100.0 
-100.0 100.0 
-0.49029959216176183 0.5587548731795038 29:1.0 57:1.0 
-100.0 100.0 
-100.0 100.0 
-100.0 100.0 
-100.0 100.0 
-100.0 100.0 
-100.0 100.0 
-100.0 100.0 
-100.0 100.0 
-100.0 100.0 
-100.0 100.0 
-100.0 100.0 
-100.0 100.0 
-100.0 100.0 
-100.0 100.0 
-0.0 0.9999772995193793 41:1.0 
-100.0 100.0 
-100.0 100.0 
-100.0 100.0 
-100.0 100.0 
-100.0 100.0 
-100.0 100.0 
-100.0 100.0 
-100.0 100.0 
-100.0 100.0 
-100.0 100.0 
-100.0 100.0 
-100.0 100.0 
-100.0 100.0 
-100.0 100.0 
-100.0 100.0 
-0.0 100.0 19:1.0 
-100.0 100.0 
-100.0 100.0 
-100.0 100.0 
-100.0 100.0 
-100.0 100.0 
-100.0 100.0 
-0.48923657559990535 0.5585573121966215 16:1.0 61:1.0 
-100.0 100.0 
-100.0 100.0 
-100.0 100.0 
-0.0 100.0 39:1.0 
-0.4902089274912986 0.5586481080717218 40:1.0 
-100.0 100.0 
-0.4902257281404333 0.5596205044590641 39:1.0 42:1.0 
-100.0 100.0 
-100.0 100.0 
-100.0 100.0 
-0.4892588299737618 99.99707096113193 48:1.0 
-99.49029723268306 100.0 49:1.0 
-0.0 0.7499943168933659 34:1.0 
-100.0 100.0 
-100.0 100.0 
-100.0 100.0 
-100.0 100.0 
-100.0 100.0 
-100.0 100.0 
-100.0 99.99707284743401 54:1.0 
-100.0 100.0 
-99.99024253091726 99.93363871417323 28:1.0 
-100.0 100.0 
-0.49027201637326717 100.0 39:1.0 
-100.0 100.0 
-0.4892365534957228 99.80862851212953 34:1.0 
-100.0 100.0 
-99.99025387865996 99.93458992197824 65:1.0 
-100.0 100.0 
-100.0 100.0 
-100.0 100.0 
-100.0 100.0 
-100.0 100.0 
-100.0 100.0 
-100.0 100.0 
-100.0 100.0 
-100.0 100.0 
-100.0 100.0 
-100.0 100.0 
-100.0 100.0 
-100.0 100.0 
-100.0 100.0 
-100.0 100.0 
-100.0 100.0 
-0.48925882979847296 0.559555794682404 25:1.0 30:1.0 58:1.0 60:1.0 76:1.0 
-100.0 100.0 
-100.0 100.0 
-100.0 100.0 
-100.0 100.0 
-100.0 100.0 
-0.4902088378389153 99.55864561943126 41:1.0 
-100.0 100.0 
-100.0 100.0 
-0.49023118369652025 0.5595551058444195 63:1.0 
-100.0 100.0 
-100.0 100.0 
-100.0 100.0 
-0.48921425392359086 0.5585318619859464 43:1.0 
-100.0 100.0 
-99.99025260526284 99.99707093473852 13:1.0 
-100.0 100.0 
-100.0 100.0 
-100.0 100.0 
-100.0 100.0 
-1.0000227143937241 100.0 19:1.0 
-100.0 100.0 
-100.0 100.0 
-99.49027705890583 99.99609836428115 23:1.0 
-100.0 100.0 
-100.0 100.0 
-100.0 100.0 
-100.0 100.0 
-100.0 100.0 
-100.0 100.0 
-100.0 100.0 
-100.0 100.0 
-100.0 100.0 
-100.0 100.0 
-100.0 100.0 
-100.0 100.0 
-0.4892595230166832 99.99707002981079 33:1.0 
-0.0 0.749994317666224 22:1.0 
-100.0 100.0 
-100.0 100.0 
-0.4892587857175002 99.9970731562746 6:1.0 
-100.0 100.0 
-100.0 100.0 
-100.0 100.0 
-100.0 100.0 
-100.0 100.0 
-100.0 100.0 
-99.99024000490762 99.99610128719618 36:1.0 
-100.0 100.0 
-100.0 100.0 
-100.0 100.0 
-100.0 100.0 
-0.4892375726224279 0.5595557956700219 45:1.0 
-100.0 0.5595052481985474 42:1.0 
-100.0 100.0 
-0.4902090167309461 0.5595313674965275 12:1.0 
-100.0 100.0 
-100.0 100.0 
-100.0 100.0 
-100.0 100.0 
-100.0 100.0 19:1.0 
-100.0 100.0 
-100.0 100.0 
-100.0 100.0 
-100.0 100.0 
-100.0 100.0 
-100.0 100.0 
-100.0 100.0 
-0.48921505325034204 0.5595705970659407 5:1.0 
-100.0 100.0 
-0.0 0.5624134505849149 61:1.0 
-100.0 100.0 
-100.0 100.0 
-100.0 100.0 
-100.0 100.0 
-100.0 100.0 
-100.0 100.0 
-100.0 100.0 
-100.0 100.0 
-100.0 100.0 
-100.0 100.0 
-100.0 100.0 
-100.0 100.0 
-100.0 100.0 
-100.0 100.0 
-0.48923657801363424 0.5585573137985572 16:1.0 59:1.0 
-100.0 100.0 
-100.0 100.0 
-0.4891920222905168 0.5585067641611987 59:1.0 
-100.0 100.0 
-100.0 100.0 
-100.0 100.0 
-100.0 100.0 
-0.4891921991806331 99.99610953308193 61:1.0 
-100.0 100.0 
-100.0 100.0 
-100.0 100.0 
-100.0 100.0 
-100.0 100.0 
-100.0 100.0 
-0.4999886541393895 0.0 24:1.0 
-0.4902089259652458 99.80864420991273 22:1.0 
-100.0 100.0 
-100.0 100.0 
-100.0 100.0 
-100.0 100.0 
-100.0 100.0 
-100.0 100.0 
-100.0 100.0 
-100.0 100.0 
-100.0 100.0 
-100.0 100.0 
-100.0 100.0 
-100.0 100.0 
-0.48923653319381394 0.5586481974820043 21:1.0 61:1.0 
-100.0 100.0 
-100.0 100.0 
-100.0 100.0 
-100.0 100.0 
-100.0 100.0 
-100.0 100.0 
-100.0 100.0 
-100.0 100.0 
-100.0 100.0 
-100.0 100.0 
-100.0 100.0 
-100.0 100.0 
-100.0 100.0 
-100.0 100.0 
-100.0 100.0 
-100.0 100.0 
-100.0 100.0 
-100.0 100.0 
-99.4902716520149 100.0 19:1.0 
-100.0 100.0 
-100.0 100.0 
-100.0 100.0 
-100.0 100.0 
-100.0 100.0 
-100.0 100.0 
-100.0 100.0 
-100.0 100.0 
-100.0 100.0 
-100.0 100.0 
-100.0 100.0 
-100.0 100.0 
-100.0 100.0 
-100.0 100.0 
-100.0 100.0 
-100.0 100.0 
-100.0 100.0 
-100.0 0.0 24:1.0 
-100.0 100.0 
-100.0 100.0 
-100.0 100.0 
-100.0 100.0 
-100.0 100.0 
-100.0 100.0 
-100.0 100.0 
-100.0 100.0 
-0.48928102157538794 99.5595817510702 63:1.0 68:1.0 74:1.0 
-0.4892365759424458 0.5585573987091594 44:1.0 62:1.0 
-100.0 100.0 
-100.0 100.0 
-100.0 100.0 
-100.0 100.0 
-100.0 100.0 
-100.0 100.0 
-100.0 100.0 
-0.0 0.9999773031262696 11:1.0 
-0.4892364647591904 100.0 20:1.0 
-100.0 100.0 
-0.4902310535052437 0.5595551069977512 25:1.0 
-100.0 100.0 
-100.0 100.0 
-100.0 100.0 
-100.0 100.0 
-100.0 100.0 
-100.0 100.0 
-0.4892588320702962 0.5595560215776787 30:1.0 58:1.0 60:1.0 76:1.0 
-0.49022905367037867 0.558648280866299 14:1.0 
-0.48923659655350654 0.5585574814613478 17:1.0 
-0.490206490271535 0.5585573987210848 34:1.0 43:1.0 
-0.490231184117945 99.93363382741005 35:1.0 
-100.0 100.0 
-100.0 100.0 
-100.0 100.0 
-99.99023995927934 0.559555484238924 24:1.0 
-100.0 100.0 
-100.0 100.0 
-100.0 0.5596214992900457 37:1.0 
-100.0 100.0 
-0.49020888462095935 99.55864588679928 11:1.0 
-100.0 100.0 
-100.0 100.0 
-100.0 100.0 
-99.49002836771679 99.55823650031795 
-0.4892365317320541 99.55959356476076 64:1.0 
-0.0 -100.0 
-0.0 -100.0 
-0.0 -100.0 
-0.0 -100.0 
-0.0 -100.0 
-0.0 -100.0 
-0.0 -100.0 
-0.0 -1.500056752747926 20:1.0 
-0.0 -100.0 
-0.0 -100.0 
-0.0 -100.0 
-0.0 -100.0 
-0.0 -100.0 
-0.0 -100.0 
-0.0 -100.0 
-0.0 -100.0 
-100.0 -1.4404038542259237 57:1.0 
-0.0 -100.0 
-0.0 -100.0 
-0.0 -100.0 
-0.0 -100.0 
-0.0 -100.0 
-0.0 -100.0 
-0.0 -100.0 
-0.0 -100.0 
-0.0 -100.0 48:1.0 
-0.0 -100.0 
-0.0 -100.0 
-0.0 -100.0 
-0.0 -100.0 
-0.0 -100.0 
-0.0 -100.0 
-0.0 -100.0 
-0.0 -100.0 
-0.8749546070255112 -100.0 7:1.0 
-0.0 -100.0 
-0.0 -100.0 
-0.0 -100.0 
-0.0 -100.0 
-0.0 -100.0 
-0.8046731408098093 -100.0 70:1.0 
-0.8047641069537531 -1.4404686212267375 14:1.0 16:1.0 
-0.0 -100.0 
-0.0 -0.4403785300598568 1:1.0 
-0.0 -100.0 
-0.0 -100.0 
-0.0 -100.0 
-0.0 -100.0 
-0.0 -100.0 
-0.0 -100.0 
-100.0 -100.0 36:1.0 
-0.0 -100.0 
-0.0 -100.0 
-0.0 -100.0 
-0.0 -100.0 
-0.8058456456293959 -1.4403784418877768 46:1.0 51:1.0 
-0.0 -100.0 
-0.0 -100.0 
-0.0 -100.0 
-0.0 -100.0 
-0.0 -0.4404496194477826 21:1.0 
-0.0 -100.0 
-0.0 -100.0 
-0.0 -100.0 
-0.0 -100.0 
-0.0 -100.0 
-0.0 -0.4413782282134034 53:1.0 
-0.0 -100.0 
-0.0 -100.0 
-0.0 -100.0 
-0.0 -100.0 
-99.92971835338523 -100.0 7:1.0 
-0.0 -100.0 
-0.0 -100.0 
-0.0 -100.0 
-0.0 -100.0 
-0.0 -100.0 
-0.0 -100.0 
-0.0 -100.0 
-0.0 -100.0 
-0.0 -100.0 
-0.0 -100.0 
-0.0 -100.0 
-0.0 -100.0 
-0.0 -100.0 
-0.0 -100.0 
-0.0 -100.0 
-0.0 -100.0 44:1.0 
-0.0 -100.0 
-0.0 -100.0 
-0.0 -100.0 
-0.0 -100.0 
-0.0 -1.440403318004939 39:1.0 
-0.0 -100.0 
-100.0 -100.0 9:1.0 
-0.0 -100.0 
-0.0 -100.0 
-0.0 -100.0 
-0.0 -100.0 
-0.0 -100.0 
-0.0 -100.0 
-0.8046734874938957 -1.441335493181396 8:1.0 22:1.0 26:1.0 
-0.0 -100.0 
-0.0 -100.0 
-0.0 -100.0 
-1.0000454019922103 -100.0 
-100.0 -100.0 
-100.0 -100.0 
-100.0 -100.0 
-100.0 -100.0 
-100.0 -100.0 
-100.0 -100.0 
-100.0 -100.0 
-0.8047096702020241 -1.4404438953257204 8:1.0 17:1.0 42:1.0 
-100.0 -100.0 
-100.0 -100.0 
-100.0 -100.0 
-100.0 -100.0 
-0.0 -0.4404462766673861 29:1.0 
-0.0 -0.4414037777877516 56:1.0 
-0.8046729603059803 -100.0 44:1.0 
-100.0 -100.0 
-100.0 -100.0 
-100.0 -100.0 13:1.0 
-100.0 -100.0 
-100.0 -100.0 
-100.0 -100.0 
-100.0 -100.0 
-100.0 -100.0 
-100.0 -100.0 
-1.0000000108213372 -100.0 32:1.0 
-100.0 -100.0 
-100.0 -100.0 
-100.0 -100.0 
-100.0 -100.0 
-100.0 -100.0 
-0.0 -100.0 39:1.0 
-100.0 -100.0 
-100.0 -100.0 
-100.0 -100.0 
-100.0 -100.0 
-0.8057009561334233 -1.441335581367583 34:1.0 46:1.0 
-100.0 -100.0 
-100.0 -100.0 
-100.0 -100.0 47:1.0 
-100.0 -100.0 
-100.0 -100.0 
-0.8056098181687525 -100.0 34:1.0 
-100.0 -100.0 
-100.0 -100.0 
-0.0 -1.0000227025419264 56:1.0 
-100.0 -100.0 
-100.0 -100.0 
-100.0 -100.0 
-100.0 -100.0 
-100.0 -100.0 
-100.0 -100.0 
-100.0 -100.0 
-100.0 -100.0 
-100.0 -100.0 
-100.0 -100.0 
-100.0 -100.0 
-100.0 -100.0 
-100.0 -100.0 
-100.0 -100.0 
-100.0 -100.0 
-100.0 -100.0 
-100.0 -100.0 
-100.0 -100.0 
-0.8046365997685061 -100.0 26:1.0 
-100.0 -100.0 
-100.0 -100.0 
-0.0 -100.0 27:1.0 54:1.0 72:1.0 
-100.0 -100.0 
-0.0 -100.0 19:1.0 
-100.0 -100.0 
-100.0 -100.0 
-100.0 -100.0 
-100.0 -100.0 
-0.80564644138347 -100.0 35:1.0 
-100.0 -100.0 
-100.0 -100.0 
-100.0 -100.0 
-100.0 -100.0 
-100.0 -100.0 
-100.0 -100.0 
-0.0 -100.0 19:1.0 
-100.0 -100.0 
-100.0 -100.0 
-100.0 -100.0 
-100.0 -100.0 
-100.0 -100.0 
-0.0 -1.000045402507638 21:1.0 
-100.0 -100.0 
-100.0 -100.0 
-100.0 -100.0 
-100.0 -100.0 
-100.0 -100.0 
-100.0 -100.0 
-100.0 -100.0 
-0.0 -100.0 63:1.0 68:1.0 74:1.0 
-0.8056638930722995 -100.0 39:1.0 
-0.0 -99.9404125293232 20:1.0 
-100.0 -100.0 
-100.0 -100.0 
-0.8056463755983982 -100.0 61:1.0 
-100.0 -100.0 
-0.0 -100.0 49:1.0 
-100.0 -100.0 
-100.0 -100.0 
-0.0 -1.0000227020267118 29:1.0 
-100.0 -100.0 
-100.0 -100.0 
-100.0 -100.0 
-100.0 -100.0 
-100.0 -0.44139472388735707 18:1.0 
-100.0 -100.0 
-0.8046371399669804 -1.440468684716546 62:1.0 64:1.0 
-100.0 -100.0 
-100.0 -100.0 
-100.0 -100.0 
-100.0 -100.0 
-100.0 -100.0 
-100.0 -100.0 
-100.0 -100.0 
-100.0 -100.0 
-100.0 -100.0 
-100.0 -100.0 
-100.0 -100.0 
-100.0 -100.0 
-100.0 -100.0 
-100.0 -100.0 
-100.0 -100.0 
-100.0 -100.0 
-100.0 -100.0 
-100.0 -100.0 65:1.0 
-100.0 -100.0 
-100.0 -100.0 
-100.0 -100.0 
-100.0 -100.0 
-100.0 -100.0 
-0.8046366044296465 -100.0 41:1.0 
-100.0 -100.0 
-100.0 -100.0 
-100.0 -100.0 
-100.0 -100.0 
-100.0 -100.0 
-100.0 -100.0 
-100.0 -100.0 
-100.0 -100.0 
-100.0 -100.0 
-0.8046374920935759 -1.4403788384862284 39:1.0 64:1.0 
-100.0 -100.0 
-100.0 -100.0 
-100.0 -100.0 
-100.0 -100.0 
-100.0 -100.0 
-0.8056468209912774 -1.4403785077413855 8:1.0 57:1.0 
-1.0000227195466553 -100.0 49:1.0 
-100.0 -100.0 
-0.8124460929931872 -100.0 56:1.0 
-100.0 -100.0 
-100.0 -100.0 
-100.0 -100.0 
-100.0 -100.0 
-100.0 -100.0 
-100.0 -100.0 
-100.0 -100.0 
-100.0 -100.0 
-100.0 -100.0 
-100.0 -100.0 
-100.0 -100.0 
-100.0 -100.0 
-100.0 -100.0 
-100.0 -100.0 
-100.0 -100.0 
-100.0 -100.0 
-100.0 -100.0 
-100.0 -100.0 
-100.0 -100.0 
-100.0 -100.0 
-100.0 -100.0 
-100.0 -100.0 
-100.0 -100.0 
-100.0 -100.0 
-100.0 -100.0 
-100.0 -100.0 
-100.0 -100.0 
-0.0 -100.0 62:1.0 
-100.0 -100.0 
-100.0 -100.0 
-100.0 -100.0 
-100.0 -100.0 
-100.0 -100.0 
-100.0 -100.0 
-0.8056467301515999 -100.0 15:1.0 
-100.0 -100.0 
-100.0 -100.0 
-100.0 -100.0 
-0.0 -100.0 62:1.0 
-100.0 -100.0 
-100.0 -100.0 
-100.0 -100.0 
-100.0 -100.0 
-100.0 -100.0 
-100.0 -100.0 
-100.0 -100.0 
-100.0 -100.0 
-100.0 -100.0 
-100.0 -100.0 
-100.0 -1.4403785012090364 67:1.0 
-100.0 -100.0 28:1.0 
-0.8056464411557314 -100.0 20:1.0 
-100.0 -100.0 
-99.80567823493526 -100.0 49:1.0 
-0.8056100662103153 -100.0 22:1.0 
-100.0 -100.0 
-100.0 -100.0 
-100.0 -100.0 
-100.0 -100.0 
-100.0 -100.0 
-100.0 -100.0 
-100.0 -100.0 
-0.805646039542598 -100.0 21:1.0 
-100.0 -100.0 
-100.0 -100.0 
-100.0 -100.0 
-100.0 -100.0 
-100.0 -100.0 
-100.0 -100.0 
-100.0 -100.0 
-100.0 -100.0 
-0.8046002444314784 -1.0000000020612123 1:1.0 
-100.0 -100.0 
-0.8046367855584903 -100.0 1:1.0 56:1.0 
-100.0 -100.0 
-100.0 -100.0 
-100.0 -100.0 
-100.0 -100.0 
-100.0 -100.0 
-100.0 -100.0 
-100.0 -100.0 
-100.0 -100.0 
-100.0 -100.0 
-100.0 -100.0 
-100.0 -100.0 
-100.0 -100.0 
-100.0 -100.0 
-100.0 -100.0 
-100.0 -100.0 
-0.8047096715057531 -100.0 27:1.0 54:1.0 72:1.0 
-100.0 -100.0 
-100.0 -100.0 
-100.0 -100.0 
-100.0 -100.0 
-100.0 -1.4412712068334703 46:1.0 
-0.8047096694204438 -100.0 63:1.0 68:1.0 74:1.0 
-100.0 -100.0 
-100.0 -100.0 
-100.0 -100.0 
-100.0 -100.0 
-100.0 -100.0 
-100.0 -100.0 
-100.0 -100.0 
-1.000022718516102 -100.0 19:1.0 
-0.8047100338096694 -1.441375743765843 2:1.0 55:1.0 67:1.0 
-100.0 -100.0 
-100.0 -100.0 
-100.0 -100.0 
-100.0 -100.0 
-0.8046000789964446 -1.4403778838051098 22:1.0 26:1.0 
-100.0 -100.0 
-0.8047274043240652 -1.4403785256059267 41:1.0 67:1.0 
-99.80570073826954 -100.0 32:1.0 
-100.0 -100.0 
-99.99219069136034 -100.0 56:1.0 
-100.0 -100.0 
-100.0 -100.0 
-100.0 -100.0 
-100.0 -100.0 
-100.0 -100.0 
-100.0 -100.0 
-100.0 -100.0 
-100.0 -100.0 
-100.0 -100.0 
-100.0 -100.0 54:1.0 
-100.0 -100.0 
-100.0 -100.0 
-100.0 -100.0 
-100.0 -100.0 
-100.0 -100.0 
-100.0 -100.0 
-100.0 -100.0 
-100.0 -100.0 
-100.0 -100.0 
-100.0 -100.0 
-100.0 -100.0 
-100.0 -100.0 
-0.8047637568121809 -1.4404693736690084 5:1.0 37:1.0 
-100.0 -100.0 
-100.0 -100.0 
-0.0 -1.0000227030572546 53:1.0 
-0.8047277615478056 -1.4403533860077156 1:1.0 10:1.0 
-100.0 -100.0 
-0.8046729567311041 -100.0 6:1.0 
-0.8047096654395862 -100.0 40:1.0 45:1.0 
-100.0 -100.0 
-100.0 -100.0 
-100.0 -100.0 
-100.0 -100.0 
-100.0 -100.0 
-100.0 -100.0 
-100.0 -100.0 
-100.0 -100.0 
-100.0 -100.0 
-100.0 -100.0 
-100.0 -100.0 
-100.0 -100.0 
-100.0 -100.0 
-100.0 -100.0 
-0.8046366060802541 -100.0 11:1.0 
-100.0 -100.0 
-100.0 -100.0 
-100.0 -100.0 
-100.0 -100.0 
-100.0 -100.0 
-100.0 -100.0 
-100.0 -100.0 
-100.0 -100.0 
-100.0 -100.0 
-100.0 -100.0 13:1.0 
-100.0 -100.0 
-100.0 -100.0 
-100.0 -100.0 
-100.0 -100.0 
-100.0 -100.0 
-100.0 -100.0 19:1.0 
-100.0 -100.0 
-100.0 -100.0 
-100.0 -100.0 
-100.0 -100.0 
-100.0 -100.0 
-100.0 -100.0 
-100.0 -100.0 31:1.0 
-100.0 -100.0 
-100.0 -100.0 
-100.0 -100.0 
-100.0 -100.0 
-100.0 -100.0 
-100.0 -100.0 
-100.0 -100.0 
-100.0 -100.0 
-100.0 -100.0 
-100.0 -100.0 
-100.0 -100.0 
-0.0 -100.0 29:1.0 
-100.0 -100.0 
-100.0 -100.0 
-100.0 -100.0 
-100.0 -100.0 
-100.0 -100.0 16:1.0 
-100.0 -100.0 
-0.8055734234317836 -100.0 64:1.0 
-100.0 -100.0 
-100.0 -100.0 
-100.0 -100.0 
-100.0 -100.0 
-100.0 -100.0 
-100.0 -100.0 
-100.0 -100.0 
-99.8047046895919 -100.0 19:1.0 
-100.0 -100.0 
-100.0 -100.0 
-100.0 -100.0 
-100.0 -100.0 
-100.0 -100.0 
-100.0 -100.0 
-100.0 -100.0 
-100.0 -100.0 
-100.0 -100.0 
-100.0 -100.0 
-100.0 -100.0 
-100.0 -100.0 
-100.0 -100.0 
-100.0 -100.0 
-100.0 -100.0 
-100.0 -100.0 
-100.0 -100.0 
-100.0 -100.0 
-0.8056459961515563 -100.0 48:1.0 
-100.0 -100.0 
-100.0 -100.0 
-100.0 -100.0 
-100.0 -100.0 
-100.0 -100.0 
-100.0 -100.0 
-0.8056463755983982 -100.0 29:1.0 
-100.0 -100.0 
-0.8046729620779106 -100.0 33:1.0 
-100.0 -100.0 
-100.0 -100.0 
-100.0 -100.0 
-100.0 -100.0 
-100.0 -100.0 
-0.805609994604724 -100.0 8:1.0 
-100.0 -1.0000227020266592 18:1.0 
-100.0 -100.0 
-100.0 -100.0 
-100.0 -100.0 
-100.0 -100.0 
-0.0 -100.0 53:1.0 
-100.0 -100.0 
-0.8056100448524964 -100.0 62:1.0 
-0.8056466867325878 -100.0 53:1.0 
-100.0 -1.4413763643309103 27:1.0 38:1.0 50:1.0 54:1.0 69:1.0 71:1.0 72:1.0 73:1.0 75:1.0 
-100.0 -100.0 
-0.8056466839498992 -1.4404692574178803 11:1.0 40:1.0 
-100.0 -100.0 
-100.0 -100.0 
-100.0 -100.0 
-100.0 -100.0 
-100.0 -100.0 
-100.0 -100.0 23:1.0 
-100.0 -100.0 
-100.0 -100.0 
-100.0 -100.0 
-100.0 -100.0 
-100.0 -100.0 
-100.0 -100.0 
-100.0 -100.0 
-100.0 -100.0 
-99.80568081109978 -100.0 
