svm_type c_svc
kernel_type rbf
gamma 10.0
nr_class 3
total_sv 1530
rho 0.9948579937842933 0.990000680926826 -0.9944758905401395
label 2 0 1
nr_sv 419 574 537
SV
0.01 0.01 
0.01 0.01 
0.01 0.01 
0.01 0.01 50:1.0 54:1.0 66:1.0 69:1.0 73:1.0 75:1.0 
0.01 0.01 
0.01 0.01 2:1.0 32:1.0 
0.01 0.01 
0.01 0.01 
0.01 0.01 
0.01 0.01 
0.01 0.01 
0.01 0.01 
0.01 0.01 
0.01 0.01 
0.01 0.01 
0.01 0.01 33:1.0 46:1.0 51:1.0 
0.01 0.01 
0.01 0.01 
0.01 0.01 
0.01 0.01 
0.01 0.01 
0.01 0.01 
0.01 0.01 24:1.0 
0.01 0.01 
0.01 0.01 
0.01 0.01 
0.01 0.01 
0.01 0.01 
0.01 0.01 
0.01 0.01 
0.01 0.01 
0.01 0.01 
0.01 0.01 
0.01 0.01 
0.01 0.01 
0.01 0.01 
0.01 0.01 
0.01 0.01 
0.01 0.01 
0.01 0.01 
0.01 0.01 
0.01 0.01 
0.01 0.01 50:1.0 54:1.0 66:1.0 69:1.0 73:1.0 75:1.0 
0.01 0.01 
0.01 0.01 
0.01 0.01 
0.01 0.01 
0.01 0.01 
0.01 0.01 
0.01 0.01 
0.01 0.01 
0.01 0.01 
0.01 0.01 2:1.0 
0.01 0.01 
0.01 0.01 
0.01 0.01 
0.01 0.01 
0.01 0.01 
0.01 0.01 
0.01 0.01 
0.01 0.01 23:1.0 
0.01 0.01 
0.01 0.01 
0.01 0.01 
0.01 0.01 
0.01 0.01 10:1.0 
0.01 0.01 13:1.0 
0.01 0.01 32:1.0 
0.01 0.01 
0.01 0.01 
0.01 0.01 27:1.0 38:1.0 50:1.0 54:1.0 69:1.0 71:1.0 72:1.0 73:1.0 75:1.0 
0.01 0.01 9:1.0 66:1.0 
0.01 0.01 
0.01 0.01 
0.01 0.01 
0.01 0.01 9:1.0 
0.01 0.01 
0.01 0.01 7:1.0 
0.01 0.01 
0.01 0.01 
0.01 0.01 
0.01 0.01 
0.01 0.01 
0.01 0.01 
0.01 0.01 
0.01 0.01 
0.01 0.01 
0.01 0.01 
0.01 0.01 
0.01 0.01 
0.01 0.01 10:1.0 46:1.0 
0.01 0.01 55:1.0 
0.01 0.01 27:1.0 38:1.0 50:1.0 54:1.0 69:1.0 71:1.0 72:1.0 73:1.0 75:1.0 
0.01 0.01 
0.01 0.01 55:1.0 
0.01 0.01 
0.01 0.01 
0.01 0.01 37:1.0 
0.01 0.01 
0.01 0.01 
0.01 0.01 
0.01 0.01 
0.01 0.01 
0.01 0.01 10:1.0 
0.01 0.01 
0.01 0.01 
0.01 0.01 
0.01 0.01 23:1.0 
0.01 0.01 
0.01 0.01 
0.01 0.01 
0.01 0.01 
0.01 0.01 
0.01 0.01 
0.01 0.01 
0.01 0.01 42:1.0 
0.01 0.01 69:1.0 
0.01 0.01 
0.01 0.01 
0.01 0.01 
0.01 0.01 
0.01 0.01 66:1.0 
0.01 0.01 
0.01 0.01 
0.01 0.01 
0.01 0.01 
0.01 0.01 
0.01 0.01 
0.01 0.01 
0.01 0.01 
0.01 0.01 
0.01 0.01 
0.01 0.01 
0.01 0.01 
0.01 0.01 
0.01 0.01 
0.01 0.01 
0.01 0.01 
0.01 0.01 
0.01 0.01 
0.01 0.01 
0.01 0.01 
0.01 0.01 
0.01 0.01 28:1.0 
0.01 0.01 
0.01 0.01 
0.01 0.01 
0.01 0.01 
0.01 0.01 
0.01 0.01 
0.01 0.01 
0.01 0.01 
0.01 0.01 
0.01 0.01 
0.01 0.01 46:1.0 
0.01 0.01 
0.01 0.01 
0.01 0.01 
0.01 0.01 
0.01 0.01 
0.01 0.01 19:1.0 
0.01 0.01 65:1.0 
0.01 0.01 67:1.0 
0.01 0.01 
0.01 0.01 9:1.0 
0.01 0.01 
0.01 0.01 
0.01 0.01 18:1.0 
0.01 0.01 52:1.0 
0.01 0.01 67:1.0 
0.01 0.01 19:1.0 39:1.0 
0.01 0.01 
0.01 0.01 
0.01 0.01 56:1.0 
0.01 0.01 
0.01 0.01 
0.01 0.01 24:1.0 
0.01 0.01 
0.01 0.01 
0.01 0.01 
0.01 0.01 
0.01 0.01 31:1.0 
0.01 0.01 
0.01 0.01 
0.01 0.01 
0.01 0.01 
0.01 0.01 16:1.0 50:1.0 54:1.0 75:1.0 
0.01 0.01 
0.01 0.01 
0.01 0.01 
0.01 0.01 
0.01 0.01 
0.01 0.01 
0.01 0.01 
0.01 0.01 
0.01 0.01 
0.01 0.01 
0.01 0.01 
0.01 0.01 
0.01 0.01 
0.01 0.01 
0.01 0.01 16:1.0 
0.01 0.01 
0.01 0.01 
0.01 0.01 
0.01 0.01 
0.01 0.01 
0.01 0.01 
0.01 0.01 
0.01 0.01 
0.01 0.01 46:1.0 
0.01 0.01 51:1.0 
0.01 0.01 
0.01 0.01 54:1.0 
0.01 0.01 
0.01 0.01 10:1.0 
0.01 0.01 
0.01 0.01 
0.01 0.01 
0.01 0.01 
0.01 0.01 16:1.0 
0.01 0.01 
0.01 0.01 
0.01 0.01 2:1.0 
0.01 0.01 
0.01 0.01 47:1.0 
0.01 0.01 
0.01 0.01 
0.01 0.01 
0.01 0.01 57:1.0 
0.01 0.01 
0.01 0.01 
0.01 0.01 
0.01 0.01 
0.01 0.01 
0.01 0.01 
0.01 0.01 13:1.0 
0.01 0.01 
0.01 0.01 37:1.0 38:1.0 69:1.0 71:1.0 
0.01 0.01 
0.01 0.01 
0.01 0.01 69:1.0 
0.01 0.01 49:1.0 57:1.0 
0.01 0.01 
0.01 0.01 
0.01 0.01 
0.01 0.01 54:1.0 
0.01 0.01 
0.01 0.01 49:1.0 
0.01 0.01 47:1.0 
0.01 0.01 
0.01 0.01 
0.01 0.01 
0.01 0.01 
0.01 0.01 
0.01 0.01 19:1.0 
0.01 0.01 
0.01 0.01 
0.01 0.01 
0.01 0.01 
0.01 0.01 
0.01 0.01 
0.01 0.01 
0.01 0.01 37:1.0 
0.01 0.01 
0.01 0.01 
0.01 0.01 
0.01 0.01 
0.01 0.01 
0.01 0.01 
0.01 0.01 
0.01 0.01 42:1.0 
0.01 0.01 
0.01 0.01 
0.01 0.01 
0.01 0.01 
0.01 0.01 
0.01 0.01 
0.01 0.01 
0.01 0.01 
0.01 0.01 
0.01 0.01 
0.01 0.01 
0.01 0.01 
0.01 0.01 47:1.0 
0.01 0.01 
0.01 0.01 
0.01 0.01 
0.01 0.01 
0.01 0.01 
0.01 0.01 
0.01 0.01 
0.01 0.01 
0.01 0.01 
0.01 0.01 
0.01 0.01 
0.01 0.01 
0.01 0.01 47:1.0 
0.01 0.01 
0.01 0.01 
0.01 0.01 46:1.0 
0.01 0.01 
0.01 0.01 
0.01 0.01 
0.01 0.01 
0.01 0.01 
0.01 0.01 23:1.0 51:1.0 
0.01 0.01 
0.01 0.01 
0.01 0.01 
0.01 0.01 
0.01 0.01 
0.01 0.01 
0.01 0.01 
0.01 0.01 
0.01 0.01 
0.01 0.01 
0.01 0.01 
0.01 0.01 2:1.0 
0.01 0.01 
0.01 0.01 
0.01 0.01 
0.01 0.01 
0.01 0.01 
0.01 0.01 
0.01 0.01 
0.01 0.01 
0.01 0.01 
0.01 0.01 
0.01 0.01 
0.01 0.01 
0.01 0.01 
0.01 0.01 
0.01 0.01 52:1.0 
0.01 0.01 
0.01 0.01 
0.01 0.01 
0.01 0.01 
0.01 0.01 
0.01 0.01 
0.01 0.01 46:1.0 
0.01 0.01 
0.01 0.01 
0.01 0.01 
0.01 0.01 
0.01 0.01 
0.01 0.01 
0.01 0.01 
0.01 0.01 
0.01 0.01 
0.01 0.01 
0.01 0.01 
0.01 0.01 
0.01 0.01 
0.01 0.01 
0.01 0.01 
0.01 0.01 
0.01 0.01 
0.01 0.01 
0.01 0.01 
0.01 0.01 
0.01 0.01 
0.01 0.01 
0.01 0.01 
0.01 0.01 
0.01 0.01 
0.01 0.01 
0.01 0.01 
0.01 0.01 
0.01 0.01 31:1.0 
0.01 0.01 
0.01 0.01 
0.01 0.01 
0.01 0.01 
0.01 0.01 
0.01 0.01 
0.01 0.01 
0.01 0.01 
0.01 0.01 3:1.0 18:1.0 
0.01 0.01 
0.01 0.01 
0.01 0.01 
0.01 0.01 
0.01 0.01 
0.01 0.01 
0.01 0.01 
0.01 0.01 
0.01 0.01 
0.01 0.01 
0.01 0.01 
0.01 0.01 
0.01 0.01 
0.01 0.01 
0.01 0.01 
0.01 0.01 
0.01 0.01 3:1.0 
0.01 0.01 
0.01 0.01 
0.01 0.01 
0.01 0.01 
0.01 0.01 
0.01 0.01 
0.01 0.01 36:1.0 
0.01 0.01 
0.01 0.01 18:1.0 
0.01 0.01 
0.01 0.01 
0.01 0.01 
0.01 0.01 
0.01 0.01 
0.01 0.01 
0.01 0.01 
0.01 0.01 
0.01 0.01 
0.01 0.01 
0.01 0.01 
0.01 0.01 
0.01 0.01 
0.01 0.01 
-0.004999545985236018 0.01 56:1.0 
-0.01 0.01 32:1.0 
-0.005000226948122637 0.005624659498583492 11:1.0 44:1.0 
-0.005624787268979163 0.005624858123286906 4:1.0 
-0.0 0.01 62:1.0 
-0.005624758933626096 0.01 7:1.0 
-0.0 0.01 53:1.0 
-0.005000453932321204 0.01 1:1.0 56:1.0 
-0.0 0.01 27:1.0 54:1.0 72:1.0 
-0.01 0.0 52:1.0 
-0.01 0.0 42:1.0 
-0.0 0.01 63:1.0 68:1.0 74:1.0 
-0.005000454019909775 0.005625156030700398 37:1.0 65:1.0 69:1.0 
-0.006249659570079643 0.006249716253007415 65:1.0 
-0.00500045397868836 0.01 27:1.0 54:1.0 72:1.0 
-0.01 0.0056248581245744314 66:1.0 
-0.01 0.005624858125862124 54:1.0 
-0.01 0.01 31:1.0 
-0.0 0.01 29:1.0 
-0.0049995460213116405 0.0 16:1.0 
-0.01 0.01 9:1.0 
-0.0 0.005624631115258963 15:1.0 
-0.005000226819314636 0.005624673643554793 43:1.0 62:1.0 
-0.005000340424765016 0.005625127698898794 8:1.0 22:1.0 
-0.01 0.005624929069051013 2:1.0 
-0.005624744719430302 0.005624858127792092 13:1.0 
-0.0 0.01 19:1.0 
-0.0 0.01 8:1.0 
-0.0 0.01 20:1.0 
-0.01 0.01 56:1.0 
-0.0 0.01 64:1.0 
-0.005000226886291843 0.005624616923910022 12:1.0 62:1.0 
-0.005624475130926582 0.01 29:1.0 
-0.0049998866547467345 0.01 26:1.0 
-0.01 0.0 23:1.0 
-0.0 0.005000000000000017 44:1.0 
-0.01 0.01 47:1.0 
-0.01 0.0056246169223026325 52:1.0 
-0.005000453896255276 0.005625766132203485 5:1.0 21:1.0 
-0.0 0.01 
-0.0 0.01 
-0.004999773108555323 0.01 15:1.0 
-0.0 0.01 
-0.0 0.01 
-0.0 0.01 
-0.0 0.01 
-0.0 0.01 
-0.0 0.01 
-0.0 0.01 
-0.0 0.01 
-0.0 0.01 
-0.0 0.01 
-0.0 0.01 
-0.0 0.01 
-0.0 0.01 
-0.0 0.01 
-0.0 0.01 44:1.0 
-0.0 0.01 
-0.0 0.01 
-0.0 0.01 
-0.0 0.01 
-0.0 0.01 
-0.0 0.01 
-0.0 0.01 
-0.0 0.01 
-0.0 0.01 49:1.0 
-0.0 0.01 
-0.0 0.01 62:1.0 
-0.0 0.01 
-0.0 0.01 
-0.01 0.01 16:1.0 
-0.005000226870840309 0.005625766142832261 5:1.0 56:1.0 
-0.0 0.01 
-0.005000226845077472 0.004999999963929599 8:1.0 61:1.0 
-0.005000113440566037 0.01 40:1.0 45:1.0 
-0.0 0.01 
-0.0 0.01 
-0.01 0.005624858128436132 23:1.0 
-0.0 0.01 
-0.0 0.01 
-0.0 0.01 63:1.0 68:1.0 74:1.0 
-0.0 0.01 
-0.0 0.01 
-0.0 0.01 
-0.0 0.01 
-0.0 0.01 
-0.0 0.01 
-0.0 0.01 
-0.01 0.01 7:1.0 
-0.0 0.01 
-0.0 0.01 
-0.0 0.01 
-0.0 0.01 
-0.005000454007029578 0.005625127717255421 38:1.0 50:1.0 54:1.0 69:1.0 71:1.0 73:1.0 75:1.0 
-0.0 0.01 
-0.005000226865687653 0.005624659479260939 41:1.0 62:1.0 
-0.0 0.01 
-0.0 0.01 
-0.0 0.01 
-0.0 0.01 
-0.0 0.01 
-0.0 0.01 
-0.0 0.01 
-0.0 0.005624858131014 48:1.0 
-0.01 0.0 3:1.0 
-0.0 0.01 
-0.0 0.01 
-0.0 0.01 
-0.0 0.01 
-0.0 0.01 
-0.00562474468272311 0.01 53:1.0 
-0.0 0.01 
-0.0 0.01 
-0.0 0.01 
-0.0 0.01 
-0.0 0.01 
-0.0 0.01 
-0.0 0.01 62:1.0 
-0.0 0.01 
-0.0 0.01 
-0.0 0.01 
-0.0 0.01 
-0.0 0.01 
-0.0 0.01 
-0.0 0.01 
-0.0 0.01 
-0.0 0.01 
-0.0 0.01 
-0.0 0.01 
-0.0 0.01 
-0.0 0.01 
-0.0 0.01 
-0.0 0.01 
-0.0 0.01 
-0.0 0.01 
-0.0 0.01 
-0.0 0.01 
-0.0 0.01 
-0.0 0.01 
-0.0 0.01 
-0.0 0.01 
-0.0 0.01 
-0.0 0.01 
-0.0 0.01 
-0.0 0.01 
-0.0 0.01 
-0.01 0.01 
-0.01 0.01 
-0.01 0.01 
-0.01 0.01 
-0.01 0.01 
-0.01 0.01 
-0.01 0.01 
-0.01 0.01 
-0.01 0.01 
-0.01 0.01 
-0.01 0.01 
-0.005000453973534482 0.005625127701154522 3:1.0 11:1.0 25:1.0 53:1.0 
-0.01 0.01 
-0.01 0.01 
-0.01 0.01 
-0.01 0.01 
-0.01 0.01 
-0.01 0.01 
-0.0 0.005624872310764041 6:1.0 
-0.01 0.01 
-0.01 0.01 
-0.01 0.01 
-0.01 0.01 
-0.01 0.01 
-0.01 0.01 
-0.01 0.01 
-0.01 0.01 
-0.01 0.01 
-0.01 0.01 
-0.01 0.01 
-0.0 0.005000226999654836 70:1.0 
-0.01 0.01 
-0.01 0.01 
-0.005000681019562076 0.01 32:1.0 
-0.01 0.01 
-0.01 0.01 
-0.01 0.01 
-0.01 0.01 
-0.01 0.01 
-0.01 0.01 
-0.01 0.01 
-0.005000340417036698 0.005624985859860814 17:1.0 42:1.0 
-0.01 0.01 
-0.01 0.01 
-0.01 0.01 
-0.01 0.01 
-0.0 0.01 48:1.0 
-0.01 0.01 
-0.01 0.01 
-0.01 0.01 
-0.01 0.01 49:1.0 
-0.01 0.01 
-0.01 0.01 
-0.01 0.01 
-0.01 0.01 
-0.01 0.01 
-0.01 0.01 
-0.0 0.01 35:1.0 
-0.0 0.01 33:1.0 
-0.01 0.01 
-0.01 0.01 
-0.01 0.01 
-0.01 0.01 
-0.005000454014762983 0.005624858127791606 3:1.0 
-0.005000226901750069 0.00499999998454095 59:1.0 64:1.0 
-0.01 0.01 
-0.01 0.01 
-0.01 0.01 
-0.01 0.01 
-0.01 0.01 
-0.01 0.01 
-0.005000226891444678 0.005000226994501469 15:1.0 59:1.0 
-0.01 0.01 
-0.01 0.01 
-0.01 0.005624829768296138 16:1.0 
-0.01 0.01 
-0.004999545992970422 0.005624843968337598 8:1.0 
-0.005000340424765849 0.005625312144490901 20:1.0 52:1.0 
-0.01 0.01 
-0.00499999998969426 0.01 36:1.0 
-0.01 0.01 
-0.01 0.01 
-0.01 0.01 
-0.01 0.01 
-0.01 0.01 
-0.01 0.005625269571111133 51:1.0 
-0.01 0.01 
-0.01 0.01 
-0.01 0.01 13:1.0 
-0.004999545980090225 0.01 21:1.0 
-0.01 0.01 
-0.01 0.01 
-0.01 0.01 
-0.01 0.01 
-0.01 0.01 
-0.01 0.01 
-0.01 0.01 
-0.01 0.01 
-0.01 0.01 
-0.01 0.01 
-0.01 0.01 
-0.01 0.01 
-0.01 0.01 
-0.01 0.01 
-0.01 0.01 
-0.01 0.01 
-0.01 0.01 
-0.01 0.01 
-0.01 0.01 
-0.01 0.01 
-0.01 0.01 
-0.01 0.01 
-0.01 0.01 
-0.005000000000000017 0.01 28:1.0 
-0.01 0.01 
-0.01 0.01 
-0.01 0.01 
-0.01 0.01 
-0.01 0.01 
-0.01 0.01 
-0.01 0.01 
-0.01 0.01 
-0.01 0.01 
-0.01 0.01 
-0.01 0.01 
-0.01 0.01 
-0.01 0.01 
-0.01 0.01 
-0.01 0.01 
-0.01 0.01 
-0.01 0.01 
-0.01 0.01 
-0.01 0.01 
-0.01 0.01 
-0.005000000000000017 0.01 70:1.0 
-0.01 0.01 
-0.01 0.01 
-0.01 0.01 
-0.01 0.01 
-0.004999546026465518 0.01 44:1.0 
-0.01 0.01 
-0.01 0.01 
-0.004999318980437924 0.005000340507211724 62:1.0 
-0.01 0.01 
-0.01 0.01 
-0.01 0.01 
-0.01 0.01 
-0.0056252555098629635 0.005626461327661685 29:1.0 57:1.0 
-0.01 0.01 
-0.01 0.01 
-0.01 0.01 
-0.01 0.01 
-0.01 0.01 
-0.01 0.01 
-0.01 0.01 
-0.01 0.01 
-0.01 0.01 
-0.01 0.01 
-0.01 0.01 
-0.01 0.01 
-0.01 0.01 
-0.01 0.01 
-0.0 0.01 41:1.0 
-0.01 0.01 
-0.01 0.01 
-0.01 0.01 
-0.01 0.01 
-0.01 0.01 
-0.01 0.01 
-0.01 0.01 
-0.01 0.01 
-0.01 0.01 
-0.01 0.01 
-0.01 0.01 
-0.01 0.01 
-0.01 0.01 
-0.01 0.01 
-0.01 0.01 
-0.0 0.01 19:1.0 
-0.01 0.01 
-0.01 0.01 
-0.01 0.01 
-0.01 0.01 
-0.01 0.01 
-0.01 0.01 
-0.005000226973894231 0.005624673708924441 16:1.0 61:1.0 
-0.01 0.01 
-0.01 0.01 
-0.01 0.01 
-0.0 0.01 39:1.0 
-0.004999886559433963 0.005625312153832177 40:1.0 
-0.01 0.01 
-0.005000113345253266 0.005625354706926804 39:1.0 42:1.0 
-0.01 0.01 
-0.01 0.01 
-0.01 0.01 
-0.005000000000000017 0.01 48:1.0 
-0.005000567514587923 0.01 49:1.0 
-0.0 0.01 34:1.0 
-0.01 0.01 
-0.01 0.01 
-0.01 0.01 
-0.01 0.01 
-0.01 0.01 
-0.01 0.01 
-0.01 0.01 54:1.0 
-0.01 0.01 
-0.01 0.005624872317205136 28:1.0 
-0.01 0.01 
-0.00562497167336793 0.01 39:1.0 
-0.01 0.01 
-0.004999773062182421 0.0050003404969057455 34:1.0 
-0.01 0.01 
-0.009375070936752213 0.009375141860937844 65:1.0 
-0.01 0.01 
-0.01 0.01 
-0.01 0.01 
-0.01 0.01 
-0.01 0.01 
-0.01 0.01 
-0.01 0.01 
-0.01 0.01 
-0.01 0.01 
-0.01 0.01 
-0.01 0.01 
-0.01 0.01 
-0.01 0.01 
-0.01 0.01 
-0.01 0.01 
-0.01 0.01 
-0.005624787289912059 0.005624858139062152 25:1.0 30:1.0 58:1.0 60:1.0 76:1.0 
-0.01 0.01 
-0.01 0.01 
-0.01 0.01 
-0.01 0.01 
-0.01 0.01 
-0.0049997730930982365 0.005625042613317482 41:1.0 
-0.01 0.01 
-0.01 0.01 
-0.0056247447091237615 0.0056248297405973955 63:1.0 
-0.01 0.01 
-0.01 0.01 
-0.01 0.01 
-0.004999546036769942 0.004999999999999984 43:1.0 
-0.01 0.01 
-0.01 0.01 13:1.0 
-0.01 0.01 
-0.01 0.01 
-0.01 0.01 
-0.01 0.01 
-0.01 0.01 19:1.0 
-0.01 0.01 
-0.01 0.01 
-0.0050005675145873675 0.01 23:1.0 
-0.01 0.01 
-0.01 0.01 
-0.01 0.01 
-0.01 0.01 
-0.01 0.01 
-0.01 0.01 
-0.01 0.01 
-0.01 0.01 
-0.01 0.01 
-0.01 0.01 
-0.01 0.01 
-0.01 0.01 
-0.00500000001030574 0.005624886485682194 33:1.0 
-0.0 0.01 22:1.0 
-0.01 0.01 
-0.01 0.01 
-0.004999999999999984 0.01 6:1.0 
-0.01 0.01 
-0.01 0.01 
-0.01 0.01 
-0.01 0.01 
-0.01 0.01 
-0.01 0.01 
-0.01 0.0056248864905128855 36:1.0 
-0.01 0.01 
-0.01 0.01 
-0.01 0.01 
-0.01 0.01 
-0.005624546072187083 0.0056248864995307275 45:1.0 
-0.01 0.005624389920073151 42:1.0 
-0.01 0.01 
-0.004999773113708157 0.004999999999999984 12:1.0 
-0.01 0.01 
-0.01 0.01 
-0.01 0.01 
-0.01 0.01 
-0.01 0.01 19:1.0 
-0.01 0.01 
-0.01 0.01 
-0.01 0.01 
-0.01 0.01 
-0.01 0.01 
-0.01 0.01 
-0.01 0.01 
-0.004999545985237017 0.005624730377688472 5:1.0 
-0.01 0.01 
-0.0 0.005624120384389147 61:1.0 
-0.01 0.01 
-0.01 0.01 
-0.01 0.01 
-0.01 0.01 
-0.01 0.01 
-0.01 0.01 
-0.01 0.01 
-0.01 0.01 
-0.01 0.01 
-0.01 0.01 
-0.01 0.01 
-0.01 0.01 
-0.01 0.01 
-0.01 0.01 
-0.005000226834772604 0.004999999984540771 16:1.0 59:1.0 
-0.01 0.01 
-0.01 0.01 
-0.004999432485412633 0.005624148742923003 59:1.0 
-0.01 0.01 
-0.01 0.01 
-0.01 0.01 
-0.01 0.01 
-0.0049994324854120776 0.01 61:1.0 
-0.01 0.01 
-0.01 0.01 
-0.01 0.01 
-0.01 0.01 
-0.01 0.01 
-0.01 0.01 
-0.01 0.0 24:1.0 
-0.005624517663748867 0.005625056767950377 22:1.0 
-0.01 0.01 
-0.01 0.01 
-0.01 0.01 
-0.01 0.01 
-0.01 0.01 
-0.01 0.01 
-0.01 0.01 
-0.01 0.01 
-0.01 0.01 
-0.01 0.01 
-0.01 0.01 
-0.01 0.01 
-0.005000226829619948 0.005625794498786463 21:1.0 61:1.0 
-0.01 0.01 
-0.01 0.01 
-0.01 0.01 
-0.01 0.01 
-0.01 0.01 
-0.01 0.01 
-0.01 0.01 
-0.01 0.01 
-0.01 0.01 
-0.01 0.01 
-0.01 0.01 
-0.01 0.01 
-0.01 0.01 
-0.01 0.01 
-0.01 0.01 
-0.01 0.01 
-0.01 0.01 
-0.01 0.01 
-0.005000454014763982 0.01 19:1.0 
-0.01 0.01 
-0.01 0.01 
-0.01 0.01 
-0.01 0.01 
-0.01 0.01 
-0.01 0.01 
-0.01 0.01 
-0.01 0.01 
-0.01 0.01 
-0.01 0.01 
-0.01 0.01 
-0.01 0.01 
-0.01 0.01 
-0.01 0.01 
-0.01 0.01 
-0.01 0.01 
-0.01 0.01 
-0.01 0.0 24:1.0 
-0.01 0.01 
-0.01 0.01 
-0.01 0.01 
-0.01 0.01 
-0.01 0.01 
-0.01 0.01 
-0.01 0.01 
-0.01 0.01 
-0.005000453963230058 0.005625113503045778 63:1.0 68:1.0 74:1.0 
-0.005000226809009768 0.005624673644840393 44:1.0 62:1.0 
-0.01 0.01 
-0.01 0.01 
-0.01 0.01 
-0.01 0.01 
-0.01 0.01 
-0.01 0.01 
-0.01 0.01 
-0.0 0.01 11:1.0 
-0.005624517667613443 0.01 20:1.0 
-0.01 0.01 
-0.005624744742607683 0.0056249999536271645 25:1.0 
-0.01 0.01 
-0.01 0.01 
-0.01 0.01 
-0.01 0.01 
-0.01 0.01 
-0.01 0.01 
-0.005000226906901764 0.005624900696022728 30:1.0 58:1.0 60:1.0 76:1.0 
-0.004999999999999984 0.005000680993811008 14:1.0 
-0.005624546061882402 0.005624631133933823 17:1.0 
-0.005000226937817579 0.005624659494719406 34:1.0 43:1.0 
-0.004999999999999984 0.0056249006754145806 35:1.0 
-0.01 0.01 
-0.01 0.01 
-0.01 0.01 
-0.004999999999999984 0.005624929043930786 24:1.0 
-0.01 0.01 
-0.01 0.01 
-0.01 0.005625297917082202 37:1.0 
-0.01 0.01 
-0.004999773051877363 0.005625070947056593 11:1.0 
-0.01 0.01 
-0.01 0.01 
-0.01 0.01 
-0.005625383423816055 0.0056253405175116546 
-0.0049997730982499315 0.00562552497212521 64:1.0 
-0.0 -0.01 
-0.0 -0.01 
-0.0 -0.01 
-0.0 -0.01 
-0.0 -0.01 
-0.0 -0.01 
-0.0 -0.01 
-0.0 -0.01 20:1.0 
-0.0 -0.01 
-0.0 -0.01 
-0.0 -0.01 
-0.0 -0.01 
-0.0 -0.01 
-0.0 -0.01 
-0.0 -0.01 
-0.0 -0.01 
-0.01 -0.01 57:1.0 
-0.0 -0.01 
-0.0 -0.01 
-0.0 -0.01 
-0.0 -0.01 
-0.0 -0.01 
-0.0 -0.01 
-0.0 -0.01 53:1.0 
-0.0 -0.01 
-0.0 -0.01 
-0.0 -0.01 48:1.0 
-0.0 -0.01 
-0.0 -0.01 
-0.0 -0.01 
-0.0 -0.01 
-0.0 -0.01 
-0.0 -0.01 
-0.0 -0.01 
-0.0 -0.01 
-0.01 -0.01 7:1.0 
-0.0 -0.01 
-0.0 -0.01 
-0.0 -0.01 
-0.0 -0.01 
-0.0 -0.01 
-0.01 -0.01 70:1.0 
-0.01 -0.01 14:1.0 16:1.0 
-0.0 -0.01 
-0.0 -0.01 1:1.0 
-0.0 -0.01 
-0.0 -0.01 
-0.0 -0.01 
-0.0 -0.01 
-0.0 -0.01 
-0.0 -0.01 
-0.01 -0.01 36:1.0 
-0.0 -0.01 
-0.0 -0.01 
-0.0 -0.01 
-0.0 -0.01 
-0.01 -0.01 46:1.0 51:1.0 
-0.0 -0.01 
-0.0 -0.01 
-0.0 -0.01 
-0.0 -0.01 
-0.0 -0.01 21:1.0 
-0.0 -0.01 
-0.0 -0.01 
-0.0 -0.01 
-0.0 -0.01 
-0.0 -0.01 
-0.0 -0.01 53:1.0 
-0.0 -0.01 
-0.0 -0.01 
-0.0 -0.01 
-0.0 -0.01 
-0.01 -0.01 7:1.0 
-0.0 -0.01 
-0.0 -0.01 
-0.0 -0.01 
-0.0 -0.01 
-0.0 -0.01 
-0.0 -0.01 
-0.0 -0.01 
-0.0 -0.01 
-0.0 -0.01 
-0.0 -0.01 
-0.0 -0.01 
-0.0 -0.01 
-0.0 -0.01 
-0.0 -0.01 
-0.0 -0.01 
-0.0 -0.01 44:1.0 
-0.0 -0.01 
-0.0 -0.01 
-0.0 -0.01 
-0.0 -0.01 
-0.0 -0.01 39:1.0 
-0.0 -0.01 
-0.01 -0.01 9:1.0 
-0.0 -0.01 
-0.0 -0.01 
-0.0 -0.01 
-0.0 -0.01 
-0.0 -0.01 
-0.0 -0.01 
-0.01 -0.01 8:1.0 22:1.0 26:1.0 
-0.0 -0.01 
-0.0 -0.01 
-0.0 -0.01 
-0.01 -0.01 
-0.01 -0.01 
-0.01 -0.01 
-0.01 -0.01 
-0.01 -0.01 
-0.01 -0.01 
-0.01 -0.01 
-0.01 -0.01 
-0.01 -0.01 8:1.0 17:1.0 42:1.0 
-0.01 -0.01 
-0.01 -0.01 
-0.01 -0.01 
-0.01 -0.01 
-0.0 -0.01 29:1.0 
-0.0 -0.01 56:1.0 
-0.01 -0.01 44:1.0 
-0.0 -0.01 53:1.0 
-0.01 -0.01 
-0.01 -0.01 
-0.01 -0.01 13:1.0 
-0.01 -0.01 
-0.01 -0.01 
-0.01 -0.01 
-0.01 -0.01 
-0.01 -0.01 
-0.01 -0.01 
-0.01 -0.01 32:1.0 
-0.01 -0.01 
-0.01 -0.01 
-0.01 -0.01 
-0.01 -0.01 
-0.01 -0.01 
-0.0 -0.01 39:1.0 
-0.01 -0.01 
-0.01 -0.01 
-0.01 -0.01 
-0.01 -0.01 
-0.01 -0.01 34:1.0 46:1.0 
-0.01 -0.01 
-0.01 -0.01 
-0.01 -0.01 47:1.0 
-0.01 -0.01 
-0.01 -0.01 
-0.01 -0.01 34:1.0 
-0.01 -0.01 
-0.01 -0.01 
-0.0 -0.01 56:1.0 
-0.01 -0.01 
-0.01 -0.01 
-0.01 -0.01 
-0.01 -0.01 
-0.01 -0.01 
-0.01 -0.01 
-0.01 -0.01 
-0.01 -0.01 
-0.01 -0.01 
-0.01 -0.01 
-0.01 -0.01 
-0.01 -0.01 
-0.01 -0.01 
-0.01 -0.01 
-0.01 -0.01 
-0.01 -0.01 
-0.01 -0.01 
-0.01 -0.01 
-0.01 -0.01 26:1.0 
-0.01 -0.01 
-0.01 -0.01 
-0.0 -0.01 27:1.0 54:1.0 72:1.0 
-0.01 -0.01 
-0.0 -0.01 19:1.0 
-0.01 -0.01 
-0.01 -0.01 
-0.01 -0.01 
-0.01 -0.01 
-0.01 -0.01 35:1.0 
-0.01 -0.01 
-0.01 -0.01 
-0.01 -0.01 
-0.01 -0.01 
-0.01 -0.01 
-0.01 -0.01 
-0.0 -0.01 19:1.0 
-0.01 -0.01 
-0.01 -0.01 
-0.01 -0.01 
-0.01 -0.01 
-0.01 -0.01 
-0.0 -0.01 21:1.0 
-0.01 -0.01 
-0.01 -0.01 
-0.01 -0.01 
-0.01 -0.01 
-0.01 -0.01 
-0.01 -0.01 
-0.01 -0.01 
-0.0 -0.01 63:1.0 68:1.0 74:1.0 
-0.01 -0.01 39:1.0 
-0.0 -0.01 20:1.0 
-0.01 -0.01 
-0.01 -0.01 
-0.01 -0.01 61:1.0 
-0.01 -0.01 
-0.0 -0.01 49:1.0 
-0.01 -0.01 
-0.01 -0.01 
-0.0 -0.01 29:1.0 
-0.01 -0.01 
-0.01 -0.01 
-0.01 -0.01 
-0.01 -0.01 
-0.01 -0.01 18:1.0 
-0.01 -0.01 
-0.01 -0.01 62:1.0 64:1.0 
-0.01 -0.01 
-0.01 -0.01 
-0.01 -0.01 
-0.01 -0.01 
-0.01 -0.01 
-0.01 -0.01 
-0.01 -0.01 
-0.01 -0.01 
-0.01 -0.01 
-0.01 -0.01 
-0.01 -0.01 
-0.01 -0.01 
-0.01 -0.01 
-0.01 -0.01 
-0.01 -0.01 
-0.01 -0.01 
-0.01 -0.01 
-0.01 -0.01 65:1.0 
-0.01 -0.01 
-0.01 -0.01 
-0.01 -0.01 
-0.01 -0.01 
-0.01 -0.01 
-0.01 -0.01 41:1.0 
-0.01 -0.01 
-0.01 -0.01 
-0.01 -0.01 
-0.01 -0.01 
-0.01 -0.01 
-0.01 -0.01 
-0.01 -0.01 
-0.01 -0.01 
-0.01 -0.01 
-0.01 -0.01 39:1.0 64:1.0 
-0.01 -0.01 
-0.01 -0.01 
-0.01 -0.01 
-0.01 -0.01 
-0.01 -0.01 
-0.01 -0.01 8:1.0 57:1.0 
-0.0 -0.01 53:1.0 
-0.01 -0.01 49:1.0 
-0.01 -0.01 
-0.01 -0.01 56:1.0 
-0.01 -0.01 
-0.01 -0.01 
-0.01 -0.01 
-0.01 -0.01 
-0.01 -0.01 
-0.01 -0.01 
-0.01 -0.01 
-0.01 -0.01 
-0.0 -0.01 1:1.0 
-0.01 -0.01 
-0.01 -0.01 
-0.01 -0.01 
-0.01 -0.01 
-0.01 -0.01 
-0.01 -0.01 
-0.01 -0.01 
-0.01 -0.01 
-0.01 -0.01 
-0.01 -0.01 
-0.01 -0.01 
-0.01 -0.01 
-0.01 -0.01 
-0.01 -0.01 
-0.01 -0.01 
-0.01 -0.01 
-0.01 -0.01 
-0.01 -0.01 
-0.01 -0.01 
-0.0 -0.01 62:1.0 
-0.01 -0.01 
-0.01 -0.01 
-0.01 -0.01 
-0.01 -0.01 
-0.01 -0.01 
-0.01 -0.01 
-0.01 -0.01 15:1.0 
-0.01 -0.01 
-0.01 -0.01 
-0.01 -0.01 
-0.0 -0.01 62:1.0 
-0.01 -0.01 
-0.01 -0.01 
-0.01 -0.01 
-0.01 -0.01 
-0.01 -0.01 
-0.01 -0.01 
-0.01 -0.01 
-0.01 -0.01 
-0.01 -0.01 
-0.01 -0.01 
-0.0 -0.01 53:1.0 
-0.01 -0.01 67:1.0 
-0.01 -0.01 28:1.0 
-0.01 -0.01 20:1.0 
-0.01 -0.01 
-0.01 -0.01 49:1.0 
-0.01 -0.01 22:1.0 
-0.01 -0.01 
-0.01 -0.01 
-0.01 -0.01 
-0.01 -0.01 
-0.01 -0.01 
-0.01 -0.01 
-0.01 -0.01 
-0.01 -0.01 21:1.0 
-0.01 -0.01 
-0.01 -0.01 
-0.01 -0.01 
-0.01 -0.01 
-0.01 -0.01 
-0.01 -0.01 
-0.01 -0.01 
-0.01 -0.01 
-0.01 -0.01 1:1.0 
-0.01 -0.01 
-0.01 -0.01 1:1.0 56:1.0 
-0.01 -0.01 
-0.01 -0.01 
-0.01 -0.01 
-0.01 -0.01 
-0.01 -0.01 
-0.01 -0.01 
-0.01 -0.01 
-0.01 -0.01 
-0.01 -0.01 
-0.01 -0.01 
-0.01 -0.01 
-0.01 -0.01 
-0.01 -0.01 
-0.01 -0.01 
-0.01 -0.01 
-0.01 -0.01 27:1.0 54:1.0 72:1.0 
-0.01 -0.01 
-0.01 -0.01 
-0.01 -0.01 
-0.01 -0.01 
-0.01 -0.01 46:1.0 
-0.01 -0.01 63:1.0 68:1.0 74:1.0 
-0.01 -0.01 
-0.01 -0.01 
-0.01 -0.01 
-0.01 -0.01 
-0.01 -0.01 
-0.01 -0.01 
-0.01 -0.01 
-0.01 -0.01 19:1.0 
-0.01 -0.01 2:1.0 55:1.0 67:1.0 
-0.01 -0.01 
-0.01 -0.01 
-0.01 -0.01 
-0.01 -0.01 
-0.01 -0.01 22:1.0 26:1.0 
-0.01 -0.01 
-0.01 -0.01 41:1.0 67:1.0 
-0.01 -0.01 32:1.0 
-0.01 -0.01 
-0.01 -0.01 56:1.0 
-0.01 -0.01 
-0.01 -0.01 
-0.01 -0.01 
-0.01 -0.01 
-0.01 -0.01 
-0.01 -0.01 
-0.01 -0.01 
-0.01 -0.01 
-0.01 -0.01 
-0.01 -0.01 54:1.0 
-0.01 -0.01 
-0.01 -0.01 
-0.01 -0.01 
-0.01 -0.01 
-0.01 -0.01 
-0.01 -0.01 
-0.01 -0.01 
-0.01 -0.01 
-0.01 -0.01 
-0.01 -0.01 
-0.01 -0.01 
-0.01 -0.01 
-0.01 -0.01 5:1.0 37:1.0 
-0.01 -0.01 
-0.01 -0.01 
-0.0 -0.01 53:1.0 
-0.01 -0.01 1:1.0 10:1.0 
-0.01 -0.01 
-0.01 -0.01 6:1.0 
-0.01 -0.01 40:1.0 45:1.0 
-0.01 -0.01 
-0.01 -0.01 
-0.01 -0.01 
-0.01 -0.01 
-0.01 -0.01 
-0.01 -0.01 
-0.01 -0.01 
-0.01 -0.01 
-0.01 -0.01 
-0.01 -0.01 
-0.01 -0.01 
-0.01 -0.01 
-0.01 -0.01 
-0.01 -0.01 
-0.01 -0.01 11:1.0 
-0.01 -0.01 
-0.01 -0.01 
-0.01 -0.01 
-0.01 -0.01 
-0.01 -0.01 
-0.01 -0.01 
-0.01 -0.01 
-0.01 -0.01 
-0.01 -0.01 
-0.01 -0.01 13:1.0 
-0.01 -0.01 
-0.01 -0.01 
-0.01 -0.01 
-0.01 -0.01 
-0.01 -0.01 
-0.01 -0.01 19:1.0 
-0.01 -0.01 
-0.01 -0.01 
-0.01 -0.01 
-0.01 -0.01 
-0.01 -0.01 
-0.01 -0.01 
-0.01 -0.01 31:1.0 
-0.01 -0.01 
-0.01 -0.01 
-0.01 -0.01 
-0.01 -0.01 
-0.01 -0.01 
-0.01 -0.01 
-0.01 -0.01 
-0.01 -0.01 
-0.01 -0.01 
-0.01 -0.01 
-0.01 -0.01 
-0.0 -0.01 29:1.0 
-0.01 -0.01 
-0.01 -0.01 
-0.01 -0.01 
-0.01 -0.01 
-0.01 -0.01 16:1.0 
-0.01 -0.01 
-0.01 -0.01 64:1.0 
-0.01 -0.01 
-0.01 -0.01 
-0.01 -0.01 
-0.01 -0.01 
-0.01 -0.01 
-0.01 -0.01 
-0.01 -0.01 
-0.01 -0.01 19:1.0 
-0.01 -0.01 
-0.01 -0.01 
-0.01 -0.01 
-0.01 -0.01 
-0.01 -0.01 
-0.01 -0.01 
-0.01 -0.01 
-0.01 -0.01 
-0.01 -0.01 
-0.01 -0.01 
-0.01 -0.01 
-0.01 -0.01 
-0.01 -0.01 
-0.01 -0.01 
-0.01 -0.01 
-0.01 -0.01 
-0.01 -0.01 
-0.01 -0.01 
-0.01 -0.01 48:1.0 
-0.01 -0.01 
-0.01 -0.01 
-0.01 -0.01 
-0.01 -0.01 
-0.01 -0.01 
-0.01 -0.01 
-0.01 -0.01 29:1.0 
-0.01 -0.01 
-0.01 -0.01 33:1.0 
-0.01 -0.01 
-0.01 -0.01 
-0.01 -0.01 
-0.01 -0.01 
-0.01 -0.01 
-0.01 -0.01 8:1.0 
-0.01 -0.01 18:1.0 
-0.01 -0.01 
-0.01 -0.01 
-0.01 -0.01 
-0.01 -0.01 
-0.0 -0.01 53:1.0 
-0.01 -0.01 
-0.01 -0.01 62:1.0 
-0.01 -0.01 53:1.0 
-0.01 -0.01 27:1.0 38:1.0 50:1.0 54:1.0 69:1.0 71:1.0 72:1.0 73:1.0 75:1.0 
-0.01 -0.01 
-0.01 -0.01 11:1.0 40:1.0 
-0.01 -0.01 
-0.01 -0.01 
-0.01 -0.01 
-0.01 -0.01 
-0.01 -0.01 
-0.01 -0.01 23:1.0 
-0.01 -0.01 
-0.01 -0.01 
-0.01 -0.01 
-0.01 -0.01 
-0.01 -0.01 
-0.01 -0.01 
-0.01 -0.01 
-0.01 -0.01 
-0.01 -0.01 
