svm_type c_svc
kernel_type rbf
gamma 10.0
nr_class 3
total_sv 1515
rho 0.5101412465756802 0.1947819786137911 -0.44087079470148005
label 2 0 1
nr_sv 409 574 532
SV
10.0 10.0 
10.0 10.0 
10.0 10.0 
10.0 10.0 
1.5097003701230252 1.1952726039159576 2:1.0 32:1.0 
10.0 10.0 
10.0 10.0 
10.0 10.0 
10.0 10.0 
10.0 10.0 
10.0 10.0 
10.0 10.0 
10.0 10.0 
10.0 10.0 
1.5107189972637594 1.1943535640976832 33:1.0 46:1.0 51:1.0 
10.0 10.0 
10.0 10.0 
10.0 10.0 
10.0 10.0 
10.0 10.0 
10.0 10.0 
10.0 0.0 24:1.0 
10.0 10.0 
10.0 10.0 
10.0 10.0 
10.0 10.0 
10.0 10.0 
10.0 10.0 
10.0 10.0 
10.0 10.0 
10.0 10.0 
10.0 10.0 
10.0 10.0 
10.0 10.0 
10.0 10.0 
10.0 10.0 
10.0 10.0 
10.0 10.0 
10.0 10.0 
10.0 10.0 
10.0 10.0 
1.5107190004900444 1.1952901605620225 50:1.0 54:1.0 66:1.0 69:1.0 73:1.0 75:1.0 
10.0 10.0 
10.0 10.0 
10.0 10.0 
10.0 10.0 
10.0 10.0 
10.0 10.0 
10.0 10.0 
10.0 10.0 
10.0 10.0 
10.0 10.0 
10.0 10.0 
10.0 10.0 
10.0 10.0 
10.0 10.0 
10.0 10.0 
10.0 10.0 
10.0 1.1952727890573678 23:1.0 
10.0 10.0 
10.0 10.0 
10.0 10.0 
10.0 10.0 
10.0 10.0 13:1.0 
10.0 10.0 32:1.0 
10.0 10.0 
10.0 10.0 
0.0 1.249954606768354 27:1.0 38:1.0 50:1.0 54:1.0 69:1.0 71:1.0 72:1.0 73:1.0 75:1.0 
1.5106504166716948 1.1942084976092275 9:1.0 66:1.0 
10.0 10.0 
10.0 10.0 
10.0 10.0 
1.51164533658929 1.195272601042285 9:1.0 
10.0 10.0 
10.0 10.0 7:1.0 
10.0 10.0 
10.0 10.0 
10.0 10.0 
10.0 10.0 
10.0 10.0 
10.0 10.0 
10.0 10.0 
10.0 10.0 
10.0 10.0 
10.0 10.0 
10.0 10.0 
10.0 10.0 
1.5096148449622122 1.1942083205606235 10:1.0 46:1.0 
1.510718978442957 9.94436217620664 27:1.0 38:1.0 50:1.0 54:1.0 69:1.0 71:1.0 72:1.0 73:1.0 75:1.0 
10.0 10.0 
1.5107403288584353 1.1953270461346408 55:1.0 
10.0 10.0 
10.0 10.0 
1.5156125937258642 0.0 37:1.0 
10.0 10.0 
10.0 10.0 
10.0 10.0 
10.0 10.0 
10.0 10.0 
10.0 10.0 
10.0 10.0 
10.0 10.0 
10.0 10.0 23:1.0 
10.0 10.0 
10.0 10.0 
10.0 10.0 
10.0 10.0 
10.0 10.0 
10.0 10.0 
10.0 10.0 
10.0 0.0 42:1.0 
10.0 10.0 
10.0 10.0 
10.0 10.0 
10.0 10.0 
10.0 1.1942993902024108 66:1.0 
10.0 10.0 
10.0 10.0 
10.0 10.0 
10.0 10.0 
10.0 10.0 
10.0 10.0 
10.0 10.0 
10.0 10.0 
10.0 10.0 
10.0 10.0 
10.0 10.0 
10.0 10.0 
10.0 10.0 
10.0 10.0 
10.0 10.0 
10.0 10.0 
10.0 10.0 
10.0 10.0 
10.0 10.0 
10.0 10.0 
10.0 10.0 
10.0 10.0 28:1.0 
10.0 10.0 
10.0 10.0 
10.0 10.0 
10.0 10.0 
10.0 10.0 
10.0 10.0 
10.0 10.0 
10.0 10.0 
10.0 10.0 
10.0 10.0 
10.0 10.0 
10.0 10.0 
10.0 10.0 
10.0 10.0 
10.0 10.0 
10.0 10.0 19:1.0 
10.0 10.0 65:1.0 
0.0 1.250022710915819 67:1.0 
10.0 10.0 
9.9990273830757 10.0 9:1.0 
10.0 10.0 
10.0 10.0 
0.0 10.0 18:1.0 
10.0 0.0 52:1.0 
1.5097688615370195 9.945340691127665 67:1.0 
1.5097965320321254 1.1943898749981403 19:1.0 39:1.0 
10.0 10.0 
10.0 10.0 
10.0 10.0 56:1.0 
10.0 10.0 
10.0 10.0 
10.0 1.1943534068695454 24:1.0 
10.0 10.0 
10.0 10.0 
10.0 10.0 
10.0 10.0 
1.509768861464969 1.4999886428036056 31:1.0 
10.0 10.0 
10.0 10.0 
10.0 10.0 
10.0 10.0 
1.510719000070312 1.1952899799375065 16:1.0 50:1.0 54:1.0 75:1.0 
10.0 10.0 
10.0 10.0 
10.0 10.0 
10.0 10.0 
10.0 10.0 
10.0 10.0 
10.0 10.0 
10.0 10.0 
10.0 10.0 
10.0 10.0 
10.0 10.0 
10.0 10.0 
10.0 10.0 
10.0 10.0 
10.0 1.5000453960660476 16:1.0 
10.0 10.0 
10.0 10.0 
10.0 10.0 
10.0 10.0 
10.0 10.0 
10.0 10.0 
10.0 10.0 
10.0 10.0 
10.0 1.194336373865157 51:1.0 
10.0 10.0 
10.0 1.250011349982394 54:1.0 
10.0 10.0 
1.5097003261414301 1.1953093175191196 10:1.0 
10.0 10.0 
10.0 10.0 
10.0 10.0 
10.0 10.0 
10.0 9.694345104748448 16:1.0 
10.0 10.0 
10.0 10.0 
1.511645335589262 0.0 2:1.0 
10.0 10.0 
10.0 10.0 
10.0 10.0 
10.0 10.0 
1.5097226281255451 10.0 57:1.0 
10.0 10.0 
10.0 10.0 
10.0 10.0 
10.0 10.0 
10.0 10.0 
10.0 10.0 
10.0 10.0 13:1.0 
10.0 10.0 
1.5097491301544597 1.1943173581609536 37:1.0 38:1.0 69:1.0 71:1.0 
10.0 10.0 
10.0 10.0 
1.5107406391950655 1.1943533835573727 69:1.0 
1.509700587756644 1.1953266926070916 49:1.0 57:1.0 
10.0 10.0 
10.0 10.0 
10.0 10.0 
10.0 9.94434221464457 54:1.0 
10.0 10.0 
10.0 10.0 49:1.0 
10.0 10.0 
10.0 10.0 
10.0 10.0 
10.0 10.0 
10.0 10.0 
10.0 10.0 19:1.0 
10.0 10.0 
10.0 10.0 
10.0 10.0 
10.0 10.0 
10.0 10.0 
10.0 10.0 
10.0 10.0 
9.994156226703796 1.1943900565601155 37:1.0 
10.0 10.0 
10.0 10.0 
10.0 10.0 
10.0 10.0 
10.0 10.0 
10.0 10.0 
10.0 10.0 
10.0 1.1943533190191427 42:1.0 
10.0 10.0 
10.0 10.0 
10.0 10.0 
10.0 10.0 
10.0 10.0 
10.0 10.0 
10.0 10.0 
10.0 10.0 
10.0 10.0 
10.0 10.0 
10.0 10.0 
10.0 10.0 
1.5156122390631783 1.2499829787620695 47:1.0 
10.0 10.0 
10.0 10.0 
10.0 10.0 
10.0 10.0 
10.0 10.0 
10.0 10.0 
10.0 10.0 
10.0 10.0 
10.0 10.0 
10.0 10.0 
10.0 10.0 
10.0 10.0 
9.994156581081649 9.945343890938823 47:1.0 
10.0 10.0 
10.0 10.0 
0.0 1.2500283779189858 46:1.0 
10.0 10.0 
10.0 10.0 
10.0 10.0 
10.0 10.0 
10.0 10.0 
1.510741261324313 1.1942084354009959 23:1.0 51:1.0 
10.0 10.0 
10.0 10.0 
10.0 10.0 
10.0 10.0 
10.0 10.0 
10.0 10.0 
10.0 10.0 
10.0 10.0 
10.0 10.0 
10.0 10.0 
10.0 10.0 
9.999027363346533 1.194299256706148 2:1.0 
10.0 10.0 
10.0 10.0 
10.0 10.0 
10.0 10.0 
10.0 10.0 
10.0 10.0 
10.0 10.0 
10.0 10.0 
10.0 10.0 
10.0 10.0 
10.0 10.0 
10.0 10.0 
10.0 10.0 
10.0 10.0 
10.0 1.1943539385632775 52:1.0 
10.0 10.0 
10.0 10.0 
10.0 10.0 
10.0 10.0 
10.0 10.0 
10.0 10.0 
1.5097002818050183 9.944344038727985 46:1.0 
10.0 10.0 
10.0 10.0 
10.0 10.0 
10.0 10.0 
10.0 10.0 
10.0 10.0 
10.0 10.0 
10.0 10.0 
10.0 10.0 
10.0 10.0 
10.0 10.0 
10.0 10.0 
10.0 10.0 
10.0 10.0 
10.0 10.0 
10.0 10.0 
10.0 10.0 
10.0 10.0 
10.0 10.0 
10.0 10.0 
10.0 10.0 
10.0 10.0 
10.0 10.0 
10.0 10.0 
10.0 10.0 
10.0 10.0 
10.0 10.0 
10.0 10.0 
10.0 9.69533822686511 31:1.0 
10.0 10.0 
10.0 10.0 
10.0 10.0 
10.0 10.0 
10.0 10.0 
10.0 10.0 
10.0 10.0 
10.0 10.0 
1.5097004584175082 1.1952362483337458 3:1.0 18:1.0 
10.0 10.0 
10.0 10.0 
10.0 10.0 
10.0 10.0 
10.0 10.0 
10.0 10.0 
10.0 10.0 
10.0 10.0 
10.0 10.0 
10.0 10.0 
10.0 10.0 
10.0 10.0 
10.0 10.0 
10.0 10.0 
10.0 10.0 
10.0 10.0 
10.0 1.194299236934159 3:1.0 
10.0 10.0 
10.0 10.0 
10.0 10.0 
10.0 10.0 
10.0 10.0 
10.0 10.0 
10.0 10.0 36:1.0 
10.0 10.0 
1.5097003679145582 10.0 18:1.0 
10.0 10.0 
10.0 10.0 
10.0 10.0 
10.0 10.0 
10.0 10.0 
10.0 10.0 
10.0 10.0 
10.0 10.0 
10.0 10.0 
10.0 10.0 
10.0 10.0 
10.0 10.0 
10.0 10.0 
10.0 10.0 
-0.499954594917001 10.0 56:1.0 
-1.0000000097905501 10.0 32:1.0 
-0.4892365755453052 0.5595307049621185 11:1.0 44:1.0 
-0.4902311425852871 0.5585827561552529 4:1.0 
-0.0 1.000022702026661 62:1.0 
-0.49997730467235685 10.0 7:1.0 
-0.0 10.0 53:1.0 
-0.4902260408655643 10.0 1:1.0 56:1.0 
-0.0 10.0 27:1.0 54:1.0 72:1.0 
-10.0 0.0 52:1.0 
-10.0 0.0 42:1.0 
-0.0 1.000000001030413 63:1.0 68:1.0 74:1.0 
-0.4902533551687776 0.5595820418156472 37:1.0 65:1.0 69:1.0 
-0.49997730389902695 0.6249659385231205 65:1.0 
-0.4892810013673712 10.0 27:1.0 54:1.0 72:1.0 
-10.0 0.5585988940595735 66:1.0 
-10.0 0.5624829685535926 54:1.0 
-10.0 10.0 31:1.0 
-0.0 10.0 29:1.0 
-0.499931904484072 0.0 16:1.0 
-10.0 10.0 9:1.0 
-0.0 0.5624602687165827 15:1.0 
-0.49020897077288667 0.5585575779786118 43:1.0 62:1.0 
-0.49020879209409035 0.5595968033534772 8:1.0 22:1.0 
-10.0 0.5585990666027267 2:1.0 
-0.49997730673335844 0.5624858099777688 13:1.0 
-0.0 10.0 19:1.0 
-0.0 1.0000227020267083 8:1.0 
-0.0 10.0 20:1.0 
-9.98925963650497 10.0 56:1.0 
-0.0 1.0000681009271466 64:1.0 
-0.489237528444415 0.5595307237236349 12:1.0 62:1.0 
-0.4892365059109567 10.0 29:1.0 
-0.4892588087665642 10.0 26:1.0 
-1.000022712332547 0.0 23:1.0 
-0.0 0.5624375684289705 44:1.0 
-10.0 10.0 47:1.0 
-10.0 0.5595309154246588 52:1.0 
-0.49020688728110406 0.5596207947762614 5:1.0 21:1.0 
-0.0 1.0000680993814217 
-0.0 10.0 
-0.49020892805762867 9.996097390832285 15:1.0 
-0.0 10.0 
-0.0 10.0 
-0.0 10.0 
-0.0 10.0 
-0.0 10.0 
-0.0 10.0 
-0.0 10.0 
-0.0 10.0 
-0.0 10.0 
-0.0 10.0 
-0.0 10.0 
-0.0 10.0 
-0.0 10.0 
-0.0 10.0 
-0.0 10.0 44:1.0 
-0.0 10.0 
-0.0 10.0 
-0.0 10.0 
-0.0 10.0 
-0.0 10.0 
-0.0 10.0 
-0.0 10.0 
-0.0 10.0 
-0.0 10.0 49:1.0 
-0.0 10.0 
-0.0 10.0 62:1.0 
-0.0 10.0 
-0.0 10.0 
-10.0 1.0000227025419264 16:1.0 
-0.4892366203900981 0.5596215010195618 5:1.0 56:1.0 
-0.0 10.0 
-0.4892366625019102 0.5585573892919258 8:1.0 61:1.0 
-0.48923741973865265 10.0 40:1.0 45:1.0 
-0.0 10.0 
-0.0 10.0 
-10.0 0.562482968553679 23:1.0 
-0.0 10.0 
-0.0 10.0 
-0.0 10.0 63:1.0 68:1.0 74:1.0 
-0.0 10.0 
-0.0 10.0 
-0.0 10.0 
-0.0 10.0 
-0.0 10.0 
-0.0 10.0 
-0.0 10.0 
-9.990253879305122 10.0 7:1.0 
-0.0 10.0 
-0.0 10.0 
-0.0 10.0 
-0.0 10.0 
-0.4892810241177638 0.5595814718953995 38:1.0 50:1.0 54:1.0 69:1.0 71:1.0 73:1.0 75:1.0 
-0.0 10.0 
-0.4902067990722563 0.5585572232779692 41:1.0 62:1.0 
-0.0 10.0 
-0.0 10.0 
-0.0 10.0 
-0.0 10.0 
-0.0 10.0 
-0.0 10.0 
-0.0 10.0 
-0.0 0.5624843918740967 48:1.0 
-1.0000000072139674 0.0 3:1.0 
-0.0 10.0 
-0.0 10.0 
-0.0 10.0 
-0.0 10.0 
-0.0 10.0 
-0.48925936593754193 10.0 53:1.0 
-0.0 10.0 
-0.0 10.0 
-0.0 10.0 
-0.0 10.0 
-0.0 10.0 
-0.0 10.0 
-0.0 10.0 62:1.0 
-0.0 10.0 
-0.0 10.0 
-0.0 10.0 
-0.0 10.0 
-0.0 10.0 
-0.0 10.0 
-0.0 10.0 
-0.0 10.0 
-0.0 10.0 
-0.0 10.0 
-0.0 10.0 
-0.0 10.0 
-0.0 10.0 
-0.0 10.0 
-0.0 10.0 
-0.0 10.0 
-0.0 10.0 
-0.0 10.0 
-0.0 10.0 
-0.0 10.0 
-0.0 10.0 
-0.0 10.0 
-0.0 10.0 
-0.0 10.0 
-0.0 10.0 
-0.0 10.0 
-0.0 10.0 
-0.0 10.0 
-1.0000454019922156 10.0 
-10.0 10.0 
-10.0 10.0 
-10.0 10.0 
-10.0 10.0 
-10.0 10.0 
-10.0 10.0 
-10.0 10.0 
-10.0 10.0 
-10.0 10.0 
-10.0 10.0 
-0.4892810225653427 0.5595820444815804 3:1.0 11:1.0 25:1.0 53:1.0 
-10.0 10.0 
-10.0 10.0 
-10.0 10.0 
-10.0 10.0 
-10.0 10.0 
-10.0 10.0 
-0.0 0.5624858082712137 6:1.0 
-10.0 10.0 
-10.0 10.0 
-10.0 10.0 
-10.0 10.0 
-10.0 10.0 
-10.0 10.0 
-10.0 10.0 
-10.0 10.0 
-10.0 10.0 
-10.0 10.0 
-10.0 10.0 
-0.0 0.6249517607704362 70:1.0 
-10.0 10.0 
-10.0 10.0 
-9.490297143951182 10.0 32:1.0 
-10.0 10.0 
-10.0 10.0 
-10.0 10.0 
-10.0 10.0 
-10.0 10.0 
-10.0 10.0 
-10.0 10.0 
-0.48925878607931544 0.5586226581213315 17:1.0 42:1.0 
-10.0 10.0 
-10.0 10.0 
-10.0 10.0 
-10.0 10.0 
-0.0 10.0 48:1.0 
-10.0 10.0 
-10.0 10.0 
-10.0 10.0 
-1.00000000876002 10.0 49:1.0 
-10.0 10.0 
-10.0 10.0 
-10.0 10.0 
-10.0 10.0 
-10.0 10.0 
-10.0 10.0 
-0.0 0.6249489254003475 35:1.0 
-0.0 0.5624858084967053 33:1.0 
-10.0 10.0 
-10.0 10.0 
-10.0 10.0 
-10.0 10.0 
-9.490299628754572 0.5595554409443493 3:1.0 
-0.49020374037631276 0.5595313419731975 59:1.0 64:1.0 
-10.0 10.0 
-10.0 10.0 
-10.0 10.0 
-10.0 10.0 
-10.0 10.0 
-10.0 10.0 
-0.4902089687168945 0.5595301265445071 15:1.0 59:1.0 
-10.0 10.0 
-10.0 10.0 
-9.990254548861593 9.558574862921278 16:1.0 
-10.0 10.0 
-0.489214362980603 9.558590652535987 8:1.0 
-0.4902310054062037 0.5596221262906851 20:1.0 52:1.0 
-10.0 10.0 
-0.4999886525936882 0.5624815520596578 36:1.0 
-10.0 10.0 
-10.0 10.0 
-10.0 10.0 
-10.0 10.0 
-10.0 10.0 
-10.0 0.5586643240999891 51:1.0 
-10.0 10.0 
-10.0 10.0 
-10.0 10.0 13:1.0 
-0.4892143408425907 10.0 21:1.0 
-10.0 10.0 
-10.0 10.0 
-10.0 10.0 
-10.0 10.0 
-10.0 10.0 
-10.0 10.0 
-10.0 10.0 
-10.0 10.0 
-10.0 10.0 
-10.0 10.0 
-10.0 10.0 
-10.0 10.0 
-10.0 10.0 
-10.0 10.0 
-10.0 10.0 
-10.0 10.0 
-10.0 10.0 
-10.0 10.0 
-10.0 10.0 
-10.0 10.0 
-10.0 10.0 
-10.0 10.0 
-10.0 10.0 
-0.49998865259371156 0.6249602712607027 28:1.0 
-10.0 10.0 
-10.0 10.0 
-10.0 10.0 
-10.0 10.0 
-10.0 10.0 
-10.0 10.0 
-10.0 10.0 
-10.0 10.0 
-10.0 10.0 
-10.0 10.0 
-10.0 10.0 
-10.0 10.0 
-10.0 10.0 
-10.0 10.0 
-10.0 10.0 
-10.0 10.0 
-10.0 10.0 
-10.0 10.0 
-10.0 10.0 
-10.0 10.0 
-0.4902311838204702 9.93363089840507 70:1.0 
-10.0 10.0 
-10.0 10.0 
-10.0 10.0 
-10.0 10.0 
-0.4892142782029486 9.997067862608759 44:1.0 
-10.0 10.0 
-10.0 10.0 
-0.4901421144627601 9.55852396783378 62:1.0 
-10.0 10.0 
-10.0 10.0 
-10.0 10.0 
-10.0 10.0 
-0.4902995921617619 0.5587548731795021 29:1.0 57:1.0 
-10.0 10.0 
-10.0 10.0 
-10.0 10.0 
-10.0 10.0 
-10.0 10.0 
-10.0 10.0 
-10.0 10.0 
-10.0 10.0 
-10.0 10.0 
-10.0 10.0 
-10.0 10.0 
-10.0 10.0 
-10.0 10.0 
-10.0 10.0 
-0.0 0.9999772995193793 41:1.0 
-10.0 10.0 
-10.0 10.0 
-10.0 10.0 
-10.0 10.0 
-10.0 10.0 
-10.0 10.0 
-10.0 10.0 
-10.0 10.0 
-10.0 10.0 
-10.0 10.0 
-10.0 10.0 
-10.0 10.0 
-10.0 10.0 
-10.0 10.0 
-10.0 10.0 
-0.0 10.0 19:1.0 
-10.0 10.0 
-10.0 10.0 
-10.0 10.0 
-10.0 10.0 
-10.0 10.0 
-10.0 10.0 
-0.4892365532573474 0.5585573121966216 16:1.0 61:1.0 
-10.0 10.0 
-10.0 10.0 
-10.0 10.0 
-0.0 10.0 39:1.0 
-0.4902089274912985 0.5586481080717204 40:1.0 
-10.0 10.0 
-0.49022573018662957 0.5596205049903689 39:1.0 42:1.0 
-10.0 10.0 
-10.0 10.0 
-10.0 10.0 
-0.49023113825039416 9.997070759325462 48:1.0 
-9.490297232706197 10.0 49:1.0 
-0.0 0.7499943168933659 34:1.0 
-10.0 10.0 
-10.0 10.0 
-10.0 10.0 
-10.0 10.0 
-10.0 10.0 
-10.0 10.0 
-10.0 9.997072847434017 54:1.0 
-10.0 10.0 
-9.990242530917257 9.933638714173227 28:1.0 
-10.0 10.0 
-0.49027201885559185 10.0 39:1.0 
-10.0 10.0 
-0.48923655397198457 9.808628512129523 34:1.0 
-10.0 10.0 
-9.990253878659948 9.934589921978247 65:1.0 
-10.0 10.0 
-10.0 10.0 
-10.0 10.0 
-10.0 10.0 
-10.0 10.0 
-10.0 10.0 
-10.0 10.0 
-10.0 10.0 
-10.0 10.0 
-10.0 10.0 
-10.0 10.0 
-10.0 10.0 
-10.0 10.0 
-10.0 10.0 
-10.0 10.0 
-10.0 10.0 
-0.489258829798477 0.5595557946824989 25:1.0 30:1.0 58:1.0 60:1.0 76:1.0 
-10.0 10.0 
-10.0 10.0 
-10.0 10.0 
-10.0 10.0 
-10.0 10.0 
-0.49020883783891395 9.558645619431257 41:1.0 
-10.0 10.0 
-10.0 10.0 
-0.49023118369250523 0.5595551058444203 63:1.0 
-10.0 10.0 
-10.0 10.0 
-10.0 10.0 
-0.4892142540976917 0.5585318619859471 43:1.0 
-10.0 10.0 
-9.990252605262857 9.996096942832617 13:1.0 
-10.0 10.0 
-10.0 10.0 
-10.0 10.0 
-10.0 10.0 
-1.0000227143937241 10.0 19:1.0 
-10.0 10.0 
-10.0 10.0 
-9.490277058905825 9.997073156274599 23:1.0 
-10.0 10.0 
-10.0 10.0 
-10.0 10.0 
-10.0 10.0 
-10.0 10.0 
-10.0 10.0 
-10.0 10.0 
-10.0 10.0 
-10.0 10.0 
-10.0 10.0 
-10.0 10.0 
-10.0 10.0 
-0.48925952294788744 9.997070961131923 33:1.0 
-0.0 0.7499943176662187 22:1.0 
-10.0 10.0 
-10.0 10.0 
-0.489258785717496 9.997070029810882 6:1.0 
-10.0 10.0 
-10.0 10.0 
-10.0 10.0 
-10.0 10.0 
-10.0 10.0 
-10.0 10.0 
-9.990240004979809 9.996101287196185 36:1.0 
-10.0 10.0 
-10.0 10.0 
-10.0 10.0 
-10.0 10.0 
-0.48923757262243195 0.5595557956700222 45:1.0 
-10.0 0.5595052481985476 42:1.0 
-10.0 10.0 
-0.4902090167309499 0.5595313674965278 12:1.0 
-10.0 10.0 
-10.0 10.0 
-10.0 10.0 
-10.0 10.0 
-10.0 10.0 19:1.0 
-10.0 10.0 
-10.0 10.0 
-10.0 10.0 
-10.0 10.0 
-10.0 10.0 
-10.0 10.0 
-10.0 10.0 
-0.4892150531664275 0.5595705970659409 5:1.0 
-10.0 10.0 
-0.0 0.5624134505849133 61:1.0 
-10.0 10.0 
-10.0 10.0 
-10.0 10.0 
-10.0 10.0 
-10.0 10.0 
-10.0 10.0 
-10.0 10.0 
-10.0 10.0 
-10.0 10.0 
-10.0 10.0 
-10.0 10.0 
-10.0 10.0 
-10.0 10.0 
-10.0 10.0 
-0.4892365779796404 0.5585573137985573 16:1.0 59:1.0 
-10.0 10.0 
-10.0 10.0 
-0.48919202225836866 0.5585067641611984 59:1.0 
-10.0 10.0 
-10.0 10.0 
-10.0 10.0 
-10.0 10.0 
-0.4891922195422007 9.996109533081933 61:1.0 
-10.0 10.0 
-10.0 10.0 
-10.0 10.0 
-10.0 10.0 
-10.0 10.0 
-10.0 10.0 
-0.4999886541393895 0.0 24:1.0 
-0.49020892596524446 9.808644209912728 22:1.0 
-10.0 10.0 
-10.0 10.0 
-10.0 10.0 
-10.0 10.0 
-10.0 10.0 
-10.0 10.0 
-10.0 10.0 
-10.0 10.0 
-10.0 10.0 
-10.0 10.0 
-10.0 10.0 
-10.0 10.0 
-0.4892365328358636 0.5586481974820058 21:1.0 61:1.0 
-10.0 10.0 
-10.0 10.0 
-10.0 10.0 
-10.0 10.0 
-10.0 10.0 
-10.0 10.0 
-10.0 10.0 
-10.0 10.0 
-10.0 10.0 
-10.0 10.0 
-10.0 10.0 
-10.0 10.0 
-10.0 10.0 
-10.0 10.0 
-10.0 10.0 
-10.0 10.0 
-10.0 10.0 
-10.0 10.0 
-9.490271694836295 10.0 19:1.0 
-10.0 10.0 
-10.0 10.0 
-10.0 10.0 
-10.0 10.0 
-10.0 10.0 
-10.0 10.0 
-10.0 10.0 
-10.0 10.0 
-10.0 10.0 
-10.0 10.0 
-10.0 10.0 
-10.0 10.0 
-10.0 10.0 
-10.0 10.0 
-10.0 10.0 
-10.0 10.0 
-10.0 10.0 
-10.0 0.0 24:1.0 
-10.0 10.0 
-10.0 10.0 
-10.0 10.0 
-10.0 10.0 
-10.0 10.0 
-10.0 10.0 
-10.0 10.0 
-10.0 10.0 
-0.4892810208682782 9.559581751070201 63:1.0 68:1.0 74:1.0 
-0.48923657565192735 0.5585573987091588 44:1.0 62:1.0 
-10.0 10.0 
-10.0 10.0 
-10.0 10.0 
-10.0 10.0 
-10.0 10.0 
-10.0 10.0 
-10.0 10.0 
-0.0 0.9999773031262696 11:1.0 
-0.4892364877554275 10.0 20:1.0 
-10.0 10.0 
-0.4902310535052436 0.559555106997752 25:1.0 
-10.0 10.0 
-10.0 10.0 
-10.0 10.0 
-10.0 10.0 
-10.0 10.0 
-10.0 10.0 
-0.4892588317333725 0.5595560215776785 30:1.0 58:1.0 60:1.0 76:1.0 
-0.48925876335545276 0.5586482808662988 14:1.0 
-0.4902035622472345 0.5585574814613493 17:1.0 
-0.49020653393401914 0.5585573987210841 34:1.0 43:1.0 
-0.4902311841179452 9.934607819315946 35:1.0 
-10.0 10.0 
-10.0 10.0 
-10.0 10.0 
-9.990240003434106 0.5595554842389235 24:1.0 
-10.0 10.0 
-10.0 10.0 
-10.0 0.5596214992900449 37:1.0 
-10.0 10.0 
-0.49020888462095946 9.558645886799285 11:1.0 
-10.0 10.0 
-10.0 10.0 
-10.0 10.0 
-9.490028367716778 9.558236500317946 
-0.48923650938364427 9.55959356471258 64:1.0 
-0.0 -10.0 
-0.0 -10.0 
-0.0 -10.0 
-0.0 -10.0 
-0.0 -10.0 
-0.0 -10.0 
-0.0 -10.0 
-0.0 -1.5000567527479252 20:1.0 
-0.0 -10.0 
-0.0 -10.0 
-0.0 -10.0 
-0.0 -10.0 
-0.0 -10.0 
-0.0 -10.0 
-0.0 -10.0 
-0.0 -10.0 
-10.0 -1.4404038542018331 57:1.0 
-0.0 -10.0 
-0.0 -10.0 
-0.0 -10.0 
-0.0 -10.0 
-0.0 -10.0 
-0.0 -10.0 
-0.0 -10.0 
-0.0 -10.0 
-0.0 -10.0 48:1.0 
-0.0 -10.0 
-0.0 -10.0 
-0.0 -10.0 
-0.0 -10.0 
-0.0 -10.0 
-0.0 -10.0 
-0.0 -10.0 
-0.0 -10.0 
-0.8749546070255112 -10.0 7:1.0 
-0.0 -10.0 
-0.0 -10.0 
-0.0 -10.0 
-0.0 -10.0 
-0.0 -10.0 
-0.8046731408098098 -10.0 70:1.0 
-0.8047641069537549 -1.440468621226735 14:1.0 16:1.0 
-0.0 -10.0 
-0.0 -0.44037853003576616 1:1.0 
-0.0 -10.0 
-0.0 -10.0 
-0.0 -10.0 
-0.0 -10.0 
-0.0 -10.0 
-0.0 -10.0 
-10.0 -10.0 36:1.0 
-0.0 -10.0 
-0.0 -10.0 
-0.0 -10.0 
-0.0 -10.0 
-0.8058456456275267 -1.4403784418636858 46:1.0 51:1.0 
-0.0 -10.0 
-0.0 -10.0 
-0.0 -10.0 
-0.0 -10.0 
-0.0 -0.4404496194477752 21:1.0 
-0.0 -10.0 
-0.0 -10.0 
-0.0 -10.0 
-0.0 -10.0 
-0.0 -10.0 
-0.0 -0.44137822821339995 53:1.0 
-0.0 -10.0 
-0.0 -10.0 
-0.0 -10.0 
-0.0 -10.0 
-9.92971835338522 -10.0 7:1.0 
-0.0 -10.0 
-0.0 -10.0 
-0.0 -10.0 
-0.0 -10.0 
-0.0 -10.0 
-0.0 -10.0 
-0.0 -10.0 
-0.0 -10.0 
-0.0 -10.0 
-0.0 -10.0 
-0.0 -10.0 
-0.0 -10.0 
-0.0 -10.0 
-0.0 -10.0 
-0.0 -10.0 
-0.0 -10.0 44:1.0 
-0.0 -10.0 
-0.0 -10.0 
-0.0 -10.0 
-0.0 -10.0 
-0.0 -1.4404033180050357 39:1.0 
-0.0 -10.0 
-10.0 -10.0 9:1.0 
-0.0 -10.0 
-0.0 -10.0 
-0.0 -10.0 
-0.0 -10.0 
-0.0 -10.0 
-0.0 -10.0 
-0.8046734874938957 -1.4413354931813998 8:1.0 22:1.0 26:1.0 
-0.0 -10.0 
-0.0 -10.0 
-0.0 -10.0 
-1.0000454019922156 -10.0 
-10.0 -10.0 
-10.0 -10.0 
-10.0 -10.0 
-10.0 -10.0 
-10.0 -10.0 
-10.0 -10.0 
-10.0 -10.0 
-0.8047096702020241 -1.4404438953257204 8:1.0 17:1.0 42:1.0 
-10.0 -10.0 
-10.0 -10.0 
-10.0 -10.0 
-10.0 -10.0 
-0.0 -0.44044627666739294 29:1.0 
-0.0 -0.44140377778775186 56:1.0 
-0.8046729603059803 -10.0 44:1.0 
-10.0 -10.0 
-10.0 -10.0 
-10.0 -10.0 13:1.0 
-10.0 -10.0 
-10.0 -10.0 
-10.0 -10.0 
-10.0 -10.0 
-10.0 -10.0 
-10.0 -10.0 
-1.0000000108213372 -10.0 32:1.0 
-10.0 -10.0 
-10.0 -10.0 
-10.0 -10.0 
-10.0 -10.0 
-10.0 -10.0 
-0.0 -10.0 39:1.0 
-10.0 -10.0 
-10.0 -10.0 
-10.0 -10.0 
-10.0 -10.0 
-0.8057009561334232 -1.4413355813675823 34:1.0 46:1.0 
-10.0 -10.0 
-10.0 -10.0 
-10.0 -10.0 47:1.0 
-10.0 -10.0 
-10.0 -10.0 
-0.8056098181687524 -10.0 34:1.0 
-10.0 -10.0 
-10.0 -10.0 
-0.0 -1.0000227025419264 56:1.0 
-10.0 -10.0 
-10.0 -10.0 
-10.0 -10.0 
-10.0 -10.0 
-10.0 -10.0 
-10.0 -10.0 
-10.0 -10.0 
-10.0 -10.0 
-10.0 -10.0 
-10.0 -10.0 
-10.0 -10.0 
-10.0 -10.0 
-10.0 -10.0 
-10.0 -10.0 
-10.0 -10.0 
-10.0 -10.0 
-10.0 -10.0 
-10.0 -10.0 
-0.8046365997685048 -10.0 26:1.0 
-10.0 -10.0 
-10.0 -10.0 
-0.0 -10.0 27:1.0 54:1.0 72:1.0 
-10.0 -10.0 
-0.0 -10.0 19:1.0 
-10.0 -10.0 
-10.0 -10.0 
-10.0 -10.0 
-10.0 -10.0 
-0.8056464413834699 -10.0 35:1.0 
-10.0 -10.0 
-10.0 -10.0 
-10.0 -10.0 
-10.0 -10.0 
-10.0 -10.0 
-10.0 -10.0 
-0.0 -10.0 19:1.0 
-10.0 -10.0 
-10.0 -10.0 
-10.0 -10.0 
-10.0 -10.0 
-10.0 -10.0 
-0.0 -1.000045402507645 21:1.0 
-10.0 -10.0 
-10.0 -10.0 
-10.0 -10.0 
-10.0 -10.0 
-10.0 -10.0 
-10.0 -10.0 
-10.0 -10.0 
-0.0 -10.0 63:1.0 68:1.0 74:1.0 
-0.805663893265531 -10.0 39:1.0 
-0.0 -9.9404125298545 20:1.0 
-10.0 -10.0 
-10.0 -10.0 
-0.8056463755983961 -10.0 61:1.0 
-10.0 -10.0 
-0.0 -10.0 49:1.0 
-10.0 -10.0 
-10.0 -10.0 
-0.0 -1.0000227020267083 29:1.0 
-10.0 -10.0 
-10.0 -10.0 
-10.0 -10.0 
-10.0 -10.0 
-10.0 -0.44139472388735357 18:1.0 
-10.0 -10.0 
-0.8046371399669804 -1.4404686847165449 62:1.0 64:1.0 
-10.0 -10.0 
-10.0 -10.0 
-10.0 -10.0 
-10.0 -10.0 
-10.0 -10.0 
-10.0 -10.0 
-10.0 -10.0 
-10.0 -10.0 
-10.0 -10.0 
-10.0 -10.0 
-10.0 -10.0 
-10.0 -10.0 
-10.0 -10.0 
-10.0 -10.0 
-10.0 -10.0 
-10.0 -10.0 
-10.0 -10.0 
-10.0 -10.0 65:1.0 
-10.0 -10.0 
-10.0 -10.0 
-10.0 -10.0 
-10.0 -10.0 
-10.0 -10.0 
-0.804636604429642 -10.0 41:1.0 
-10.0 -10.0 
-10.0 -10.0 
-10.0 -10.0 
-10.0 -10.0 
-10.0 -10.0 
-10.0 -10.0 
-10.0 -10.0 
-10.0 -10.0 
-10.0 -10.0 
-0.8046374920935759 -1.4403788384862264 39:1.0 64:1.0 
-10.0 -10.0 
-10.0 -10.0 
-10.0 -10.0 
-10.0 -10.0 
-10.0 -10.0 
-0.8056468209429669 -1.4403785077413884 8:1.0 57:1.0 
-1.0000227195466553 -10.0 49:1.0 
-10.0 -10.0 
-0.8124460929931854 -10.0 56:1.0 
-10.0 -10.0 
-10.0 -10.0 
-10.0 -10.0 
-10.0 -10.0 
-10.0 -10.0 
-10.0 -10.0 
-10.0 -10.0 
-10.0 -10.0 
-10.0 -10.0 
-10.0 -10.0 
-10.0 -10.0 
-10.0 -10.0 
-10.0 -10.0 
-10.0 -10.0 
-10.0 -10.0 
-10.0 -10.0 
-10.0 -10.0 
-10.0 -10.0 
-10.0 -10.0 
-10.0 -10.0 
-10.0 -10.0 
-10.0 -10.0 
-10.0 -10.0 
-10.0 -10.0 
-10.0 -10.0 
-10.0 -10.0 
-10.0 -10.0 
-0.0 -10.0 62:1.0 
-10.0 -10.0 
-10.0 -10.0 
-10.0 -10.0 
-10.0 -10.0 
-10.0 -10.0 
-10.0 -10.0 
-0.8056467301032895 -10.0 15:1.0 
-10.0 -10.0 
-10.0 -10.0 
-10.0 -10.0 
-0.0 -10.0 62:1.0 
-10.0 -10.0 
-10.0 -10.0 
-10.0 -10.0 
-10.0 -10.0 
-10.0 -10.0 
-10.0 -10.0 
-10.0 -10.0 
-10.0 -10.0 
-10.0 -10.0 
-10.0 -10.0 
-10.0 -1.4403785012090233 67:1.0 
-10.0 -10.0 28:1.0 
-0.8056463975052647 -10.0 20:1.0 
-10.0 -10.0 
-9.80567823488695 -10.0 49:1.0 
-0.8056100661137005 -10.0 22:1.0 
-10.0 -10.0 
-10.0 -10.0 
-10.0 -10.0 
-10.0 -10.0 
-10.0 -10.0 
-10.0 -10.0 
-10.0 -10.0 
-0.8056460395425992 -10.0 21:1.0 
-10.0 -10.0 
-10.0 -10.0 
-10.0 -10.0 
-10.0 -10.0 
-10.0 -10.0 
-10.0 -10.0 
-10.0 -10.0 
-10.0 -10.0 
-0.8046002444314786 -1.0000000020612123 1:1.0 
-10.0 -10.0 
-0.8046367855584903 -10.0 1:1.0 56:1.0 
-10.0 -10.0 
-10.0 -10.0 
-10.0 -10.0 
-10.0 -10.0 
-10.0 -10.0 
-10.0 -10.0 
-10.0 -10.0 
-10.0 -10.0 
-10.0 -10.0 
-10.0 -10.0 
-10.0 -10.0 
-10.0 -10.0 
-10.0 -10.0 
-10.0 -10.0 
-10.0 -10.0 
-0.804709671505754 -10.0 27:1.0 54:1.0 72:1.0 
-10.0 -10.0 
-10.0 -10.0 
-10.0 -10.0 
-10.0 -10.0 
-10.0 -1.4412712068334714 46:1.0 
-0.804709669420445 -10.0 63:1.0 68:1.0 74:1.0 
-10.0 -10.0 
-10.0 -10.0 
-10.0 -10.0 
-10.0 -10.0 
-10.0 -10.0 
-10.0 -10.0 
-10.0 -10.0 
-1.000022718516102 -10.0 19:1.0 
-0.8047100338096699 -1.441375743765843 2:1.0 55:1.0 67:1.0 
-10.0 -10.0 
-10.0 -10.0 
-10.0 -10.0 
-10.0 -10.0 
-0.8046000789964446 -1.4403778838051222 22:1.0 26:1.0 
-10.0 -10.0 
-0.804727404324074 -1.4403785261372342 41:1.0 67:1.0 
-9.805700738861356 -10.0 32:1.0 
-10.0 -10.0 
-9.992190691360332 -10.0 56:1.0 
-10.0 -10.0 
-10.0 -10.0 
-10.0 -10.0 
-10.0 -10.0 
-10.0 -10.0 
-10.0 -10.0 
-10.0 -10.0 
-10.0 -10.0 
-10.0 -10.0 
-10.0 -10.0 54:1.0 
-10.0 -10.0 
-10.0 -10.0 
-10.0 -10.0 
-10.0 -10.0 
-10.0 -10.0 
-10.0 -10.0 
-10.0 -10.0 
-10.0 -10.0 
-10.0 -10.0 
-10.0 -10.0 
-10.0 -10.0 
-10.0 -10.0 
-0.8047637568121818 -1.4404693736690104 5:1.0 37:1.0 
-10.0 -10.0 
-10.0 -10.0 
-0.0 -1.0000227030572617 53:1.0 
-0.8047277615478047 -1.4403533860077178 1:1.0 10:1.0 
-10.0 -10.0 
-0.8046729567311041 -10.0 6:1.0 
-0.8047096654395862 -10.0 40:1.0 45:1.0 
-10.0 -10.0 
-10.0 -10.0 
-10.0 -10.0 
-10.0 -10.0 
-10.0 -10.0 
-10.0 -10.0 
-10.0 -10.0 
-10.0 -10.0 
-10.0 -10.0 
-10.0 -10.0 
-10.0 -10.0 
-10.0 -10.0 
-10.0 -10.0 
-10.0 -10.0 
-0.8046366060802552 -10.0 11:1.0 
-10.0 -10.0 
-10.0 -10.0 
-10.0 -10.0 
-10.0 -10.0 
-10.0 -10.0 
-10.0 -10.0 
-10.0 -10.0 
-10.0 -10.0 
-10.0 -10.0 
-10.0 -10.0 13:1.0 
-10.0 -10.0 
-10.0 -10.0 
-10.0 -10.0 
-10.0 -10.0 
-10.0 -10.0 
-10.0 -10.0 19:1.0 
-10.0 -10.0 
-10.0 -10.0 
-10.0 -10.0 
-10.0 -10.0 
-10.0 -10.0 
-10.0 -10.0 
-10.0 -10.0 31:1.0 
-10.0 -10.0 
-10.0 -10.0 
-10.0 -10.0 
-10.0 -10.0 
-10.0 -10.0 
-10.0 -10.0 
-10.0 -10.0 
-10.0 -10.0 
-10.0 -10.0 
-10.0 -10.0 
-10.0 -10.0 
-0.0 -10.0 29:1.0 
-10.0 -10.0 
-10.0 -10.0 
-10.0 -10.0 
-10.0 -10.0 
-10.0 -10.0 16:1.0 
-10.0 -10.0 
-0.8055734234317821 -10.0 64:1.0 
-10.0 -10.0 
-10.0 -10.0 
-10.0 -10.0 
-10.0 -10.0 
-10.0 -10.0 
-10.0 -10.0 
-10.0 -10.0 
-9.804704689591896 -10.0 19:1.0 
-10.0 -10.0 
-10.0 -10.0 
-10.0 -10.0 
-10.0 -10.0 
-10.0 -10.0 
-10.0 -10.0 
-10.0 -10.0 
-10.0 -10.0 
-10.0 -10.0 
-10.0 -10.0 
-10.0 -10.0 
-10.0 -10.0 
-10.0 -10.0 
-10.0 -10.0 
-10.0 -10.0 
-10.0 -10.0 
-10.0 -10.0 
-10.0 -10.0 
-0.8056459961515567 -10.0 48:1.0 
-10.0 -10.0 
-10.0 -10.0 
-10.0 -10.0 
-10.0 -10.0 
-10.0 -10.0 
-10.0 -10.0 
-0.805646375598396 -10.0 29:1.0 
-10.0 -10.0 
-0.8046729620779106 -10.0 33:1.0 
-10.0 -10.0 
-10.0 -10.0 
-10.0 -10.0 
-10.0 -10.0 
-10.0 -10.0 
-0.8056099946047279 -10.0 8:1.0 
-10.0 -1.000022702026661 18:1.0 
-10.0 -10.0 
-10.0 -10.0 
-10.0 -10.0 
-10.0 -10.0 
-0.0 -10.0 53:1.0 
-10.0 -10.0 
-0.8056100448525058 -10.0 62:1.0 
-0.8056466866842762 -10.0 53:1.0 
-10.0 -1.4413763643309114 27:1.0 38:1.0 50:1.0 54:1.0 69:1.0 71:1.0 72:1.0 73:1.0 75:1.0 
-10.0 -10.0 
-0.8056466839498996 -1.4404692574178815 11:1.0 40:1.0 
-10.0 -10.0 
-10.0 -10.0 
-10.0 -10.0 
-10.0 -10.0 
-10.0 -10.0 
-10.0 -10.0 23:1.0 
-10.0 -10.0 
-10.0 -10.0 
-10.0 -10.0 
-10.0 -10.0 
-10.0 -10.0 
-10.0 -10.0 
-10.0 -10.0 
-10.0 -10.0 
-9.805680811293017 -10.0 
