svm_type c_svc
kernel_type linear
nr_class 3
total_sv 1851
rho 1.000202451719979 1.0003029094505609 -0.9995079365233467
label 2 0 1
nr_sv 493 695 663
SV
100.0 100.0 
100.0 100.0 
100.0 100.0 
100.0 100.0 
100.0 100.0 
100.0 100.0 
100.0 100.0 
100.0 100.0 
100.0 100.0 
100.0 100.0 
100.0 100.0 
100.0 100.0 
100.0 100.0 
2.999929611734572 4.000125281782253 138:1.0 
100.0 100.0 
100.0 100.0 
100.0 100.0 
100.0 100.0 
100.0 100.0 
100.0 2.0 32:1.0 
100.0 100.0 
100.0 100.0 
2.0 2.0 60:1.0 
100.0 100.0 
100.0 100.0 
100.0 100.0 103:1.0 
100.0 100.0 
100.0 100.0 
100.0 100.0 
100.0 100.0 
100.0 100.0 
100.0 100.0 
2.0 100.0 71:1.0 
100.0 100.0 
100.0 100.0 
100.0 100.0 
100.0 100.0 
100.0 100.0 
0.3999095623037363 0.0 76:1.0 94:1.0 167:1.0 181:1.0 197:1.0 207:1.0 220:1.0 
100.0 100.0 
100.0 100.0 
100.0 100.0 
100.0 100.0 
100.0 100.0 
100.0 100.0 
100.0 100.0 
100.0 100.0 
100.0 100.0 
100.0 100.0 
100.0 100.0 
100.0 2.0 50:1.0 
100.0 100.0 
100.0 100.0 
100.0 100.0 
100.0 2.0352902193581044 133:1.0 
100.0 100.0 
100.0 100.0 
100.0 100.0 
100.0 100.0 
100.0 0.0 16:1.0 
100.0 100.0 142:1.0 
100.0 100.0 
100.0 100.0 
100.0 100.0 
100.0 100.0 
100.0 100.0 
100.0 100.0 
100.0 100.0 11:1.0 
100.0 100.0 
100.0 100.0 
100.0 100.0 
100.0 100.0 
100.0 100.0 
100.0 100.0 
100.0 100.0 
100.0 100.0 
100.0 100.0 
100.0 100.0 
100.0 100.0 
100.0 100.0 
0.0 2.3090835106813365 174:1.0 
0.39963655779449947 99.3047092483937 34:1.0 76:1.0 94:1.0 148:1.0 167:1.0 193:1.0 197:1.0 204:1.0 207:1.0 218:1.0 220:1.0 
100.0 100.0 
2.0 99.69091648931867 174:1.0 
100.0 100.0 
100.0 100.0 
100.0 100.0 
100.0 100.0 
100.0 100.0 
100.0 100.0 
100.0 100.0 
100.0 100.0 
100.0 100.0 
100.0 100.0 
100.0 99.96402606086625 133:1.0 
100.0 100.0 
100.0 100.0 
100.0 100.0 
100.0 100.0 
100.0 100.0 
100.0 100.0 
100.0 100.0 
100.0 0.0 55:1.0 
7.199681270246411 1.8262542668717916 94:1.0 
100.0 100.0 
100.0 100.0 
100.0 100.0 
100.0 100.0 
100.0 2.0 181:1.0 
100.0 100.0 
100.0 100.0 
100.0 100.0 
100.0 100.0 
100.0 100.0 
100.0 100.0 
100.0 100.0 
100.0 100.0 
100.0 100.0 
100.0 100.0 59:1.0 
100.0 100.0 
100.0 100.0 
100.0 100.0 
100.0 100.0 
100.0 100.0 
100.0 100.0 
100.0 100.0 
100.0 100.0 
100.0 100.0 
100.0 100.0 139:1.0 
100.0 100.0 
100.0 100.0 
100.0 100.0 
100.0 100.0 
100.0 100.0 
100.0 100.0 
100.0 100.0 
100.0 100.0 
100.0 100.0 
100.0 100.0 
100.0 100.0 
100.0 100.0 
100.0 100.0 
100.0 100.0 
1.9508185801653672 100.0 4:1.0 6:1.0 
100.0 100.0 124:1.0 
2.0487456324879427 0.7999287219319886 4:1.0 6:1.0 85:1.0 
2.8118780944573 7.744685407162716 87:1.0 
100.0 100.0 
4.000943734570744 3.9999999999999996 14:1.0 
100.0 100.0 
100.0 100.0 121:1.0 
100.0 0.0 170:1.0 
99.1881219055427 100.0 87:1.0 
100.0 100.0 47:1.0 124:1.0 
100.0 100.0 
100.0 100.0 
100.0 100.0 78:1.0 
100.0 100.0 
0.0 0.9999999999999998 53:1.0 64:1.0 172:1.0 
100.0 100.0 32:1.0 
100.0 100.0 
100.0 100.0 
100.0 100.0 
100.0 100.0 
100.0 100.0 
100.0 100.0 
100.0 100.0 
100.0 100.0 
100.0 100.0 
100.0 100.0 
100.0 100.0 
100.0 100.0 
100.0 100.0 
100.0 100.0 
100.0 100.0 
100.0 100.0 
100.0 100.0 
0.0 2.0 58:1.0 
100.0 100.0 
100.0 100.0 
100.0 100.0 
100.0 100.0 
100.0 100.0 23:1.0 
100.0 100.0 
100.0 100.0 
100.0 100.0 
100.0 100.0 
100.0 100.0 
100.0 100.0 
100.0 100.0 
100.0 100.0 
92.25 100.0 168:1.0 
100.0 100.0 
100.0 2.740354970831303 76:1.0 
100.0 100.0 
2.0 4.000610465181446 114:1.0 
100.0 100.0 
100.0 100.0 
100.0 100.0 25:1.0 
100.0 100.0 
100.0 100.0 23:1.0 
100.0 100.0 
100.0 100.0 
100.0 100.0 
4.000390997214655 0.0 166:1.0 
100.0 100.0 
2.0 4.00109872152497 108:1.0 
100.0 100.0 
2.781132665809504 3.9994223302033287 79:1.0 
100.0 100.0 
100.0 100.0 
2.406594932627116 1.9998424041178615 134:1.0 190:1.0 
100.0 100.0 
100.0 100.0 
0.0 100.0 58:1.0 
100.0 6.867380040662741 16:1.0 
100.0 100.0 
2.599742747408228 0.0 94:1.0 147:1.0 148:1.0 189:1.0 204:1.0 
100.0 100.0 
100.0 100.0 
0.9997903796095586 0.0 12:1.0 28:1.0 73:1.0 94:1.0 189:1.0 
1.2184822183527575 100.0 70:1.0 79:1.0 
100.0 100.0 
100.0 100.0 
100.0 100.0 
100.0 0.0 67:1.0 76:1.0 
100.0 100.0 
100.0 100.0 70:1.0 
100.0 0.0 166:1.0 
100.0 100.0 
100.0 100.0 
100.0 100.0 
100.0 100.0 
100.0 100.0 
100.0 100.0 124:1.0 
100.0 100.0 
100.0 100.0 
100.0 100.0 
100.0 100.0 
100.0 100.0 
0.5 0.0 128:1.0 137:1.0 154:1.0 194:1.0 202:1.0 221:1.0 
100.0 100.0 
6.999479602818394 4.000356745287985 147:1.0 
100.0 100.0 
100.0 100.0 
100.0 100.0 105:1.0 
100.0 100.0 
100.0 100.0 
100.0 100.0 
100.0 100.0 
100.0 2.0006411378384312 55:1.0 
0.0 0.5000631386764677 31:1.0 84:1.0 
100.0 100.0 
100.0 100.0 
0.0 100.0 31:1.0 
2.0 100.0 31:1.0 
100.0 100.0 
100.0 100.0 
100.0 100.0 
100.0 100.0 
100.0 100.0 
100.0 100.0 
100.0 100.0 
100.0 2.3421382216041287 166:1.0 
100.0 100.0 
100.0 100.0 
100.0 100.0 
100.0 100.0 
0.0 0.5000175828313621 84:1.0 165:1.0 
100.0 100.0 
100.0 100.0 
100.0 100.0 
100.0 100.0 
100.0 100.0 
100.0 100.0 
4.0009436911302 100.0 172:1.0 
100.0 99.65831219102611 166:1.0 
100.0 100.0 
100.0 100.0 
0.0 4.0001286650115695 164:1.0 
100.0 100.0 
100.0 100.0 
100.0 100.0 
100.0 100.0 
100.0 100.0 
9.75 7.12220601511415E-4 133:1.0 168:1.0 
100.0 100.0 
100.0 100.0 
100.0 100.0 
100.0 100.0 
100.0 2.0 24:1.0 
100.0 100.0 
100.0 100.0 
100.0 100.0 
100.0 100.0 
100.0 100.0 
100.0 100.0 
100.0 100.0 
100.0 100.0 
2.0002002460749604 0.5002488843614011 84:1.0 127:1.0 
2.0 2.0 161:1.0 
100.0 100.0 
100.0 100.0 
100.0 100.0 
100.0 100.0 
100.0 100.0 
100.0 100.0 
100.0 100.0 
100.0 100.0 
11.999921948865486 100.0 19:1.0 
100.0 100.0 
100.0 2.0 170:1.0 
100.0 100.0 
100.0 100.0 
100.0 100.0 
100.0 100.0 
100.0 100.0 
100.0 100.0 
0.0 100.0 164:1.0 
100.0 100.0 
100.0 100.0 
100.0 100.0 
100.0 100.0 
100.0 100.0 
100.0 100.0 
100.0 100.0 
100.0 100.0 
100.0 100.0 
100.0 100.0 
100.0 100.0 
100.0 100.0 
100.0 100.0 
100.0 100.0 
100.0 100.0 
100.0 100.0 
100.0 100.0 
100.0 100.0 
100.0 100.0 
100.0 100.0 
100.0 100.0 
100.0 100.0 
100.0 100.0 
100.0 100.0 
1.0005696559665427 1.178691436785635 73:1.0 
100.0 100.0 
100.0 100.0 
100.0 100.0 
2.0 0.0 40:1.0 
100.0 100.0 
100.0 100.0 
100.0 100.0 
100.0 100.0 
100.0 100.0 
100.0 100.0 
100.0 100.0 
100.0 100.0 
3.999934386128351 2.000650051623429 27:1.0 101:1.0 
100.0 100.0 
100.0 100.0 
100.0 100.0 
100.0 100.0 60:1.0 
100.0 100.0 
0.0011189860755208558 3.999471070798683 46:1.0 
100.0 100.0 
100.0 100.0 
100.0 100.0 
100.0 100.0 
100.0 100.0 
100.0 100.0 
100.0 100.0 
100.0 100.0 
100.0 100.0 
100.0 100.0 
100.0 100.0 
100.0 100.0 
100.0 100.0 
100.0 100.0 
100.0 100.0 
100.0 100.0 
100.0 100.0 145:1.0 
100.0 100.0 
0.0 97.99946974128981 27:1.0 108:1.0 
100.0 100.0 
100.0 100.0 
100.0 100.0 
100.0 100.0 
2.0 100.0 119:1.0 
100.0 100.0 
100.0 100.0 
100.0 100.0 
100.0 100.0 
100.0 100.0 
100.0 100.0 
100.0 100.0 
100.0 100.0 
100.0 100.0 
100.0 100.0 
100.0 100.0 
100.0 100.0 
0.0 96.25552173755511 28:1.0 87:1.0 
100.0 100.0 
100.0 100.0 
100.0 100.0 
100.0 100.0 
100.0 100.0 
100.0 2.0 159:1.0 169:1.0 
100.0 100.0 
100.0 100.0 
100.0 100.0 
100.0 100.0 
100.0 100.0 
4.8660587039750297E-4 2.131172923170409E-6 8:1.0 46:1.0 61:1.0 64:1.0 162:1.0 
0.0 100.0 27:1.0 
2.0 100.0 182:1.0 
100.0 100.0 
100.0 100.0 
100.0 100.0 
100.0 100.0 
1.998778064795261 0.0 22:1.0 46:1.0 64:1.0 
100.0 100.0 
100.0 100.0 
100.0 100.0 
100.0 100.0 
100.0 100.0 
100.0 100.0 
100.0 2.0 171:1.0 
100.0 100.0 
0.0 1.0 1:1.0 29:1.0 
100.0 100.0 
100.0 100.0 
7.998383709032668 100.0 141:1.0 
2.0 0.0 7:1.0 
100.0 100.0 85:1.0 
100.0 100.0 
100.0 100.0 
100.0 100.0 
99.8334628171298 0.33340840210504014 128:1.0 137:1.0 154:1.0 194:1.0 202:1.0 221:1.0 
0.0 0.8218961405696472 28:1.0 73:1.0 
100.0 100.0 
100.0 100.0 
100.0 100.0 
100.0 100.0 
100.0 100.0 
100.0 100.0 
100.0 100.0 
100.0 0.0 42:1.0 
100.0 2.0 7:1.0 
100.0 100.0 
4.0002253677184845 0.0 1:1.0 101:1.0 
100.0 100.0 
100.0 100.0 
100.0 100.0 
100.0 100.0 
100.0 100.0 
100.0 100.0 
100.0 100.0 
100.0 100.0 
100.0 100.0 
100.0 100.0 
100.0 100.0 
100.0 100.0 
2.9996575853504748 100.0 53:1.0 
100.0 100.0 
100.0 100.0 
100.0 100.0 
100.0 100.0 
2.0 2.0 100:1.0 
100.0 100.0 
100.0 100.0 
100.0 100.0 
2.0 100.0 164:1.0 
100.0 100.0 
100.0 100.0 
100.0 100.0 
9.163627420692624E-6 0.8691622608432661 67:1.0 94:1.0 124:1.0 148:1.0 167:1.0 187:1.0 204:1.0 207:1.0 218:1.0 
100.0 100.0 
100.0 100.0 100:1.0 
100.0 100.0 
100.0 100.0 
100.0 100.0 
100.0 100.0 
100.0 100.0 
100.0 4.0003337650350606 40:1.0 
2.0 100.0 58:1.0 
100.0 100.0 
100.0 100.0 
100.0 100.0 
100.0 3.999735958309937 42:1.0 
100.0 100.0 
100.0 100.0 23:1.0 
1.9999582082943739 0.2608577333031874 76:1.0 167:1.0 197:1.0 
100.0 100.0 
100.0 100.0 118:1.0 
-0.0 98.42810106046404 78:1.0 
-0.0 100.0 142:1.0 
-0.0 57.42952257504189 116:1.0 159:1.0 
-0.0 100.0 90:1.0 
-3.9992435182412978 100.0 4:1.0 
-0.0 100.0 11:1.0 
-0.0 100.0 162:1.0 173:1.0 
-0.0 100.0 78:1.0 98:1.0 
-0.0 100.0 113:1.0 
-0.0 100.0 90:1.0 
-100.0 0.0 170:1.0 
-0.0 100.0 17:1.0 
-7.5992088102352895 0.0 85:1.0 94:1.0 147:1.0 189:1.0 
-0.2412698412698404 100.0 85:1.0 
-0.0 100.0 92:1.0 
-100.0 0.0 42:1.0 
-0.3996236755629697 3.9989663390257952 34:1.0 66:1.0 76:1.0 193:1.0 
-0.0 100.0 113:1.0 
-100.0 0.0 181:1.0 
-100.0 0.0 76:1.0 
-100.0 0.0 40:1.0 
-0.0 100.0 185:1.0 
-0.0 100.0 38:1.0 
-0.0 100.0 23:1.0 
-2.0005457085704044 1.9993128302698435 14:1.0 43:1.0 67:1.0 
-0.0 100.0 93:1.0 
-0.0 0.8501739683641764 30:1.0 95:1.0 113:1.0 123:1.0 199:1.0 
-100.0 0.0 100:1.0 
-0.0 100.0 20:1.0 185:1.0 
-0.0 1.999797956905426 131:1.0 
-100.0 0.10200658840038201 16:1.0 
-0.0 100.0 153:1.0 
-0.0 98.5 68:1.0 
-0.0 100.0 124:1.0 
-0.0 0.003074648615256711 65:1.0 113:1.0 
-100.0 0.0 7:1.0 128:1.0 137:1.0 154:1.0 194:1.0 202:1.0 221:1.0 
-0.0 100.0 125:1.0 
-0.0 100.0 78:1.0 
-0.0 2.000037439021817 36:1.0 180:1.0 
-97.99918131793534 0.0 67:1.0 
-0.0 100.0 38:1.0 99:1.0 149:1.0 
-0.0 100.0 33:1.0 104:1.0 
-9.75 0.0 133:1.0 
-100.0 0.0 166:1.0 
-100.0 0.0 170:1.0 
-0.0 1.9992710610227742 10:1.0 122:1.0 126:1.0 
-0.0 100.0 21:1.0 
-0.9998388285358091 0.0 72:1.0 122:1.0 138:1.0 
-100.0 0.0 25:1.0 
-0.0 100.0 70:1.0 
-100.0 100.0 23:1.0 
-0.0 71.13496093087677 116:1.0 
-0.0 0.32863003001313845 10:1.0 78:1.0 
-0.0 0.0014339591880855214 82:1.0 113:1.0 
-0.0 98.30327643169862 63:1.0 140:1.0 151:1.0 
-100.0 0.0 133:1.0 
-0.0 100.0 179:1.0 186:1.0 196:1.0 
-100.0 100.0 11:1.0 
-1.9994865732271119 6.248259262039253 52:1.0 76:1.0 94:1.0 148:1.0 167:1.0 197:1.0 204:1.0 207:1.0 218:1.0 220:1.0 
-0.0 100.0 145:1.0 
-9.999863956362319 0.36035809844152517 19:1.0 101:1.0 
-0.0 100.0 150:1.0 173:1.0 
-0.0 92.11859834072125 
-0.0 100.0 
-0.0 100.0 
-0.0 100.0 
-0.0 100.0 
-0.0 100.0 
-0.0 100.0 
-0.0 100.0 
-0.0 100.0 
-0.0 100.0 
-0.0 100.0 
-0.0 100.0 158:1.0 
-0.0 100.0 
-0.0 100.0 
-0.0 4.112894733503403E-4 132:1.0 
-0.0 7.015474917152545E-4 149:1.0 155:1.0 
-0.0 100.0 
-0.0 100.0 
-0.0 2.0 118:1.0 
-0.0 100.0 
-0.0 100.0 
-0.0 100.0 
-0.0 100.0 
-0.0 100.0 
-0.0 100.0 
-0.0 100.0 96:1.0 
-0.0 100.0 
-0.0 100.0 102:1.0 
-0.0 100.0 
-0.0 100.0 
-0.0 100.0 
-0.0 100.0 3:1.0 
-0.0 100.0 
-0.0 100.0 
-0.0 100.0 
-0.0 100.0 
-0.0 100.0 
-0.0 100.0 
-0.0 100.0 
-0.0 100.0 
-0.0 100.0 
-0.0 100.0 
-0.0 100.0 
-0.0 100.0 109:1.0 
-0.0 100.0 
-0.0 100.0 
-0.0 100.0 96:1.0 
-0.0 100.0 
-0.0 100.0 
-0.0 100.0 
-0.0 100.0 
-0.0 1.0303331793572428 63:1.0 
-0.0 100.0 
-0.0 100.0 
-0.0 100.0 
-0.0 100.0 
-100.0 100.0 142:1.0 
-0.0 100.0 
-0.0 100.0 
-0.0 100.0 
-0.0 100.0 
-0.0 100.0 
-0.0 100.0 
-0.0 100.0 
-0.0 95.24096779292593 26:1.0 55:1.0 
-0.0 100.0 
-0.0 100.0 
-0.0 100.0 
-0.0 6.409223356265703E-4 99:1.0 
-0.0 99.50323949431682 68:1.0 
-0.0 100.0 
-0.0 100.0 
-0.0 100.0 
-1.6666666666666665 100.0 70:1.0 
-0.0 100.0 
-0.0 100.0 
-0.0 100.0 
-0.0 100.0 
-0.0 100.0 
-0.0 0.31579755234413476 144:1.0 
-100.0 0.0 42:1.0 
-0.0 100.0 
-0.0 100.0 
-0.0 100.0 
-0.0 100.0 
-0.0 1.999585748666598 175:1.0 180:1.0 
-0.0 100.0 
-0.0 100.0 
-0.0 100.0 
-0.0 100.0 
-0.0 100.0 
-0.0 100.0 
-0.0 100.0 
-0.0 100.0 
-100.0 100.0 23:1.0 
-0.0 100.0 
-0.0 2.0 125:1.0 170:1.0 
-0.0 100.0 
-100.0 100.0 145:1.0 
-0.0 100.0 
-0.0 100.0 
-0.0 100.0 
-0.0 100.0 
-100.0 1.8419319810893215 168:1.0 
-0.0 100.0 
-0.0 100.0 
-100.0 99.90050277275044 16:1.0 
-0.0 100.0 126:1.0 
-0.0 100.0 
-0.0 1.6970324175236104 151:1.0 
-0.0 100.0 
-0.0 100.0 
-0.0 100.0 
-0.0 100.0 
-0.0 100.0 177:1.0 
-0.0 100.0 
-0.0 100.0 
-0.0 100.0 
-0.0 100.0 
-0.0 100.0 
-0.0 100.0 
-0.0 100.0 
-0.0 100.0 
-0.0 100.0 
-19.98412698412697 100.0 
-100.0 100.0 
-100.0 100.0 
-100.0 100.0 
-100.0 100.0 
-100.0 100.0 
-0.0 100.0 49:1.0 
-100.0 100.0 
-100.0 100.0 
-100.0 100.0 
-100.0 100.0 
-100.0 100.0 
-100.0 100.0 
-100.0 100.0 
-100.0 100.0 
-100.0 100.0 
-100.0 100.0 
-100.0 100.0 
-100.0 100.0 
-100.0 100.0 
-100.0 100.0 
-100.0 100.0 
-100.0 100.0 
-100.0 100.0 
-100.0 100.0 
-0.0 2.0 191:1.0 
-100.0 100.0 
-0.0 1.6967341958475401 140:1.0 
-100.0 100.0 
-100.0 100.0 
-0.0 42.570586339773456 159:1.0 
-100.0 100.0 
-100.0 100.0 
-0.0 99.0 178:1.0 
-100.0 100.0 
-100.0 100.0 
-100.0 100.0 
-1.9995712528856495 100.0 38:1.0 79:1.0 
-100.0 100.0 
-100.0 100.0 
-100.0 100.0 
-0.0 0.35834009740259737 5:1.0 74:1.0 75:1.0 81:1.0 192:1.0 198:1.0 201:1.0 216:1.0 217:1.0 
-100.0 100.0 
-100.0 100.0 
-100.0 100.0 
-0.0 7.208424650980705E-4 83:1.0 
-100.0 100.0 
-100.0 100.0 
-100.0 100.0 
-0.0 1.6666666666666665 48:1.0 
-0.0 96.03451023404435 152:1.0 
-100.0 100.0 
-100.0 100.0 
-100.0 100.0 
-100.0 100.0 
-100.0 100.0 
-100.0 100.0 
-100.0 100.0 
-1.9996793055879878 2.0001693801064855 6:1.0 51:1.0 
-100.0 100.0 
-100.0 100.0 
-100.0 100.0 
-100.0 100.0 
-100.0 100.0 
-100.0 100.0 
-100.0 100.0 
-100.0 100.0 
-100.0 100.0 
-0.0 100.0 57:1.0 
-100.0 100.0 
-100.0 100.0 
-100.0 100.0 
-100.0 100.0 
-0.0 9.998573289646181 47:1.0 
-0.0 100.0 151:1.0 
-100.0 100.0 
-100.0 100.0 
-100.0 100.0 
-100.0 100.0 
-2.0 1.997481348148277 68:1.0 141:1.0 
-99.55145430124006 100.0 70:1.0 
-0.0 0.003055296002926625 44:1.0 129:1.0 
-0.0 100.0 37:1.0 
-100.0 100.0 
-100.0 100.0 
-100.0 7.951025225003868E-4 171:1.0 
-100.0 100.0 
-100.0 100.0 
-3.8863996735505335E-4 0.0 66:1.0 76:1.0 
-100.0 100.0 
-0.0 4.1442100113193807E-4 18:1.0 188:1.0 
-0.0 100.0 47:1.0 
-100.0 100.0 
-0.0 100.0 44:1.0 
-100.0 100.0 
-94.2082480924149 100.0 85:1.0 
-100.0 100.0 
-100.0 100.0 
-100.0 100.0 
-0.0 100.0 136:1.0 
-2.000555051162844 5.998737591964585 61:1.0 172:1.0 
-100.0 100.0 
-100.0 100.0 
-100.0 100.0 
-100.0 100.0 
-100.0 100.0 
-0.0 2.0 184:1.0 
-100.0 100.0 
-100.0 100.0 
-100.0 100.0 
-100.0 100.0 
-100.0 100.0 
-100.0 100.0 
-100.0 100.0 
-100.0 100.0 
-100.0 100.0 
-0.0 100.0 152:1.0 
-0.0 2.0 120:1.0 
-0.0 100.0 120:1.0 
-100.0 100.0 
-100.0 100.0 
-100.0 100.0 
-100.0 100.0 
-100.0 100.0 
-0.0 99.99815400913072 16:1.0 129:1.0 187:1.0 
-100.0 100.0 
-100.0 100.0 
-100.0 100.0 
-0.0 4.6007899782801905E-4 143:1.0 
-0.0 100.0 124:1.0 
-100.0 100.0 
-100.0 100.0 
-100.0 100.0 133:1.0 
-100.0 100.0 
-100.0 100.0 
-100.0 100.0 
-100.0 100.0 
-100.0 100.0 
-100.0 100.0 
-100.0 100.0 
-100.0 100.0 
-100.0 100.0 
-100.0 100.0 
-0.0 100.0 25:1.0 42:1.0 
-0.0 0.3029303493471109 30:1.0 123:1.0 199:1.0 
-100.0 100.0 
-0.0 100.0 92:1.0 109:1.0 
-0.0 100.0 131:1.0 
-100.0 100.0 
-100.0 100.0 
-100.0 100.0 
-100.0 100.0 
-0.0 3.247090277952859E-4 59:1.0 145:1.0 
-100.0 100.0 
-100.0 100.0 
-100.0 100.0 
-0.0 0.6667132959824559 45:1.0 56:1.0 63:1.0 97:1.0 208:1.0 
-100.0 0.0 55:1.0 
-100.0 100.0 
-100.0 100.0 
-0.0 7.439837005909224E-4 29:1.0 
-100.0 100.0 
-100.0 100.0 124:1.0 
-100.0 100.0 
-100.0 100.0 
-100.0 100.0 
-100.0 100.0 
-0.0 100.0 112:1.0 115:1.0 
-100.0 100.0 
-100.0 100.0 
-0.0 97.67522203639305 10:1.0 
-100.0 100.0 
-100.0 100.0 
-0.0 100.0 89:1.0 
-100.0 100.0 
-100.0 100.0 
-0.0 4.1290199281218687E-4 77:1.0 
-100.0 100.0 
-100.0 100.0 
-100.0 100.0 
-100.0 100.0 
-0.0 100.0 13:1.0 
-100.0 100.0 
-100.0 100.0 
-100.0 100.0 
-100.0 100.0 
-100.0 100.0 
-100.0 100.0 
-100.0 100.0 
-100.0 100.0 
-100.0 100.0 
-100.0 100.0 
-100.0 100.0 
-0.0 98.00070830753933 184:1.0 
-100.0 100.0 
-100.0 100.0 
-100.0 100.0 
-0.0 100.0 30:1.0 
-100.0 100.0 
-100.0 100.0 
-100.0 100.0 
-100.0 100.0 
-100.0 100.0 
-100.0 100.0 
-100.0 100.0 
-100.0 100.0 
-100.0 100.0 
-100.0 100.0 
-100.0 100.0 
-100.0 100.0 
-0.0 100.0 82:1.0 126:1.0 
-100.0 100.0 
-100.0 100.0 
-100.0 100.0 
-100.0 100.0 
-100.0 100.0 
-100.0 100.0 
-100.0 100.0 
-100.0 100.0 
-100.0 100.0 
-0.0 7.500862285020338E-4 112:1.0 
-100.0 100.0 
-100.0 100.0 
-100.0 100.0 
-100.0 100.0 
-100.0 100.0 
-100.0 100.0 
-100.0 100.0 
-100.0 100.0 
-100.0 100.0 105:1.0 124:1.0 
-100.0 100.0 
-100.0 100.0 
-100.0 100.0 
-100.0 100.0 
-100.0 100.0 
-100.0 100.0 
-100.0 100.0 
-100.0 100.0 
-100.0 100.0 
-100.0 100.0 
-100.0 100.0 
-100.0 100.0 
-100.0 100.0 
-100.0 100.0 
-100.0 100.0 
-100.0 2.0 32:1.0 
-100.0 100.0 
-100.0 100.0 
-100.0 100.0 
-100.0 100.0 
-100.0 6.968320737602007E-4 169:1.0 
-100.0 100.0 
-100.0 100.0 
-0.0 100.0 43:1.0 
-0.0 100.0 179:1.0 186:1.0 196:1.0 
-100.0 100.0 
-100.0 100.0 
-0.0 1.2848476080246913 86:1.0 
-100.0 100.0 
-2.4064183465124884 7.868637741515281E-4 134:1.0 
-100.0 100.0 
-0.0 100.0 72:1.0 
-0.0 100.0 125:1.0 
-100.0 100.0 
-0.0 98.33362235271201 48:1.0 
-100.0 100.0 
-100.0 100.0 
-100.0 100.0 
-100.0 100.0 
-0.0 0.5463152086862578 103:1.0 
-0.37276865671331705 0.37289373987063945 39:1.0 54:1.0 80:1.0 176:1.0 190:1.0 210:1.0 
-0.0 98.0004959743914 120:1.0 
-0.0 4.7593831024009905 26:1.0 
-100.0 100.0 
-0.0 4.207416814698919E-4 24:1.0 
-100.0 100.0 
-100.0 98.00060465256682 32:1.0 
-100.0 100.0 
-100.0 100.0 
-0.0 0.0015701280356686849 147:1.0 189:1.0 
-100.0 100.0 
-0.0 99.998322725812 37:1.0 65:1.0 116:1.0 
-3.9983054726053737 0.0012260432210054644 22:1.0 141:1.0 
-100.0 100.0 
-100.0 100.0 
-100.0 100.0 
-0.0 100.0 180:1.0 
-100.0 100.0 
-100.0 100.0 
-100.0 100.0 
-100.0 100.0 
-0.0 100.0 163:1.0 
-100.0 100.0 
-100.0 100.0 
-2.0 7.040821995646374E-4 127:1.0 
-100.0 100.0 
-100.0 100.0 
-100.0 100.0 
-100.0 100.0 
-0.0 98.71515239197531 86:1.0 
-100.0 100.0 
-100.0 100.0 
-100.0 100.0 
-100.0 4.7594681755213015 55:1.0 
-100.0 100.0 
-100.0 100.0 139:1.0 
-100.0 100.0 
-100.0 100.0 
-100.0 100.0 
-100.0 100.0 
-100.0 100.0 
-100.0 100.0 87:1.0 159:1.0 
-100.0 100.0 
-100.0 100.0 
-100.0 100.0 
-100.0 100.0 
-100.0 100.0 
-100.0 100.0 
-100.0 100.0 
-0.0 100.0 177:1.0 
-100.0 100.0 
-100.0 100.0 
-100.0 100.0 
-100.0 100.0 
-100.0 100.0 
-100.0 100.0 
-100.0 100.0 
-100.0 100.0 
-0.0 7.040821995646374E-4 183:1.0 
-100.0 100.0 
-100.0 100.0 
-100.0 100.0 
-100.0 100.0 
-100.0 100.0 
-100.0 100.0 23:1.0 
-100.0 100.0 
-0.0 100.0 115:1.0 
-100.0 100.0 
-100.0 100.0 
-100.0 100.0 
-100.0 100.0 
-100.0 100.0 
-100.0 100.0 
-0.0 100.0 104:1.0 124:1.0 
-100.0 100.0 
-100.0 100.0 
-100.0 100.0 
-100.0 100.0 
-100.0 100.0 
-0.0 100.0 62:1.0 
-100.0 100.0 
-100.0 100.0 
-100.0 100.0 
-100.0 100.0 
-100.0 100.0 
-100.0 100.0 
-100.0 100.0 
-100.0 100.0 
-100.0 100.0 
-100.0 100.0 
-0.0 4.6282622153238397E-4 15:1.0 
-100.0 100.0 
-100.0 95.75166462553263 76:1.0 
-100.0 100.0 
-0.0 100.0 178:1.0 
-100.0 100.0 
-100.0 100.0 
-100.0 100.0 
-0.0 1.6666666666666665 69:1.0 
-100.0 100.0 59:1.0 
-100.0 100.0 
-100.0 100.0 
-100.0 100.0 
-100.0 100.0 
-100.0 100.0 
-0.0 3.975512612501964E-4 102:1.0 139:1.0 
-100.0 100.0 
-100.0 100.0 
-100.0 100.0 
-100.0 100.0 
-100.0 100.0 
-100.0 100.0 
-100.0 100.0 
-100.0 100.0 
-100.0 100.0 
-100.0 100.0 
-100.0 99.45368479131375 103:1.0 
-0.0 99.1505043601076 95:1.0 
-100.0 100.0 
-100.0 100.0 
-100.0 100.0 
-100.0 100.0 
-100.0 100.0 
-100.0 100.0 121:1.0 
-0.0 98.00068982965423 191:1.0 
-100.0 100.0 
-100.0 100.0 
-100.0 100.0 
-100.0 100.0 
-100.0 100.0 
-100.0 100.0 
-100.0 100.0 
-100.0 100.0 60:1.0 
-100.0 100.0 
-0.0 98.33404709979422 69:1.0 
-100.0 100.0 
-100.0 100.0 
-100.0 100.0 
-100.0 100.0 
-100.0 100.0 
-100.0 0.0 24:1.0 166:1.0 
-100.0 100.0 
-100.0 100.0 
-100.0 100.0 
-100.0 100.0 
-100.0 100.0 
-100.0 100.0 
-100.0 100.0 47:1.0 
-100.0 100.0 
-100.0 100.0 
-100.0 100.0 
-100.0 100.0 
-100.0 100.0 
-100.0 100.0 
-100.0 100.0 
-100.0 100.0 
-100.0 100.0 
-100.0 100.0 
-100.0 100.0 
-100.0 100.0 
-100.0 100.0 
-100.0 100.0 
-100.0 100.0 
-0.999657585350475 100.0 18:1.0 53:1.0 111:1.0 
-0.0 100.0 72:1.0 
-100.0 100.0 
-0.0 4.5587863047785726E-4 2:1.0 
-100.0 100.0 
-0.0 99.99720177216926 178:1.0 
-100.0 100.0 
-0.03390848147207341 0.03394104034166052 39:1.0 80:1.0 110:1.0 130:1.0 135:1.0 176:1.0 190:1.0 195:1.0 200:1.0 205:1.0 206:1.0 210:1.0 213:1.0 215:1.0 219:1.0 222:1.0 
-100.0 100.0 
-100.0 100.0 
-100.0 100.0 
-100.0 100.0 
-100.0 100.0 
-100.0 100.0 
-100.0 98.00065322463581 118:1.0 
-0.0 99.64174339206663 5:1.0 74:1.0 75:1.0 81:1.0 192:1.0 198:1.0 201:1.0 216:1.0 217:1.0 
-100.0 100.0 
-100.0 100.0 
-100.0 100.0 
-100.0 100.0 
-100.0 100.0 
-0.0 6.773115084914667E-4 91:1.0 
-100.0 100.0 
-100.0 100.0 
-100.0 100.0 78:1.0 
-100.0 98.99735857234457 166:1.0 
-100.0 100.0 
-100.0 100.0 
-0.0 1.6333333333333333 146:1.0 
-100.0 100.0 
-0.0 100.0 41:1.0 160:1.0 211:1.0 
-100.0 100.0 
-100.0 100.0 
-0.0 100.0 158:1.0 
-100.0 100.0 
-100.0 100.0 
-0.0 1.8719453406032538E-4 117:1.0 156:1.0 209:1.0 
-100.0 100.0 
-100.0 100.0 
-100.0 100.0 
-100.0 100.0 
-100.0 100.0 
-100.0 100.0 
-100.0 100.0 
-0.0 100.0 49:1.0 
-0.0 7.137664608855843E-4 150:1.0 
-100.0 100.0 
-100.0 100.0 
-100.0 100.0 
-100.0 100.0 
-100.0 100.0 
-100.0 100.0 
-100.0 6.409223356266544E-4 50:1.0 
-100.0 3.9475000550659445E-4 124:1.0 
-100.0 100.0 
-100.0 100.0 
-100.0 100.0 
-100.0 100.0 
-100.0 100.0 
-100.0 100.0 
-100.0 100.0 
-100.0 100.0 
-100.0 100.0 
-0.0 100.0 78:1.0 162:1.0 
-100.0 100.0 
-0.0 1.6397083185481305 101:1.0 142:1.0 
-100.0 100.0 
-100.0 100.0 
-100.0 100.0 
-2.000074274697938 1.0029249133597995 166:1.0 178:1.0 
-44.128843587859 100.0 
-100.0 100.0 
-100.0 100.0 
-100.0 100.0 
-100.0 100.0 
-100.0 100.0 
-0.0 -100.0 
-0.0 -100.0 
-0.0 -100.0 
-0.0 -100.0 
-97.07733301804936 -1.999640653180029 28:1.0 
-0.0 -100.0 
-0.0 -100.0 
-0.0 -4.010660780045754 125:1.0 
-100.0 -2.3597743713385118 19:1.0 
-0.0 -100.0 
-0.0 -100.0 
-0.0 -100.0 
-0.0 -100.0 
-0.0 -100.0 
-0.0 -100.0 
-0.0 -100.0 
-100.0 -100.0 79:1.0 
-0.0 -100.0 
-100.0 -100.0 53:1.0 103:1.0 
-0.0 -100.0 
-0.0 -100.0 
-0.0 -100.0 
-0.0 -100.0 185:1.0 
-0.0 -0.004762193408320181 173:1.0 
-100.0 -0.006183419908794008 31:1.0 
-0.0 -100.0 
-0.0 -100.0 68:1.0 
-0.0 -100.0 
-0.0 -100.0 
-0.0 -100.0 
-0.0 -100.0 
-0.0 -100.0 
-0.0 -100.0 
-0.0 -100.0 
-0.0 -100.0 
-0.0 -100.0 11:1.0 
-0.0 -100.0 
-0.0 -100.0 
-0.0 -100.0 
-0.0 -100.0 
-0.0 -100.0 
-0.0 -100.0 191:1.0 
-0.0 -100.0 23:1.0 120:1.0 
-0.0 -100.0 
-0.0 -100.0 
-0.0 -100.0 
-0.0 -100.0 
-0.0 -100.0 
-0.0 -100.0 
-0.0 -100.0 145:1.0 
-0.0 -100.0 
-0.0 -100.0 
-0.0 -100.0 
-0.0 -100.0 
-100.0 -1.8416767711732145 164:1.0 168:1.0 
-0.0 -100.0 
-0.0 -100.0 
-0.0 -100.0 
-0.0 -100.0 
-0.0 -3.9985421220455475 126:1.0 
-0.0 -100.0 
-0.0 -100.0 
-0.0 -100.0 
-0.0 -100.0 
-0.0 -100.0 
-0.0 -100.0 
-0.0 -100.0 
-0.0 -100.0 
-0.0 -100.0 
-100.0 -100.0 11:1.0 
-0.0 -100.0 
-0.0 -100.0 
-0.0 -100.0 
-0.0 -100.0 
-0.0 -100.0 
-0.0 -100.0 
-0.0 -100.0 
-0.0 -2.004133851280533 17:1.0 
-0.0 -1.6331252294271241 35:1.0 146:1.0 
-0.0 -100.0 
-0.0 -100.0 162:1.0 
-0.0 -100.0 
-0.0 -100.0 
-0.0 -100.0 
-0.0 -100.0 
-0.0 -100.0 159:1.0 
-0.0 -100.0 96:1.0 
-0.0 -100.0 
-0.0 -100.0 
-0.0 -100.0 
-0.0 -100.0 47:1.0 
-0.0 -100.0 
-1.9999999999999996 -1.9984678173779018 13:1.0 14:1.0 
-0.0 -3.9987641605586353 43:1.0 
-0.0 -100.0 92:1.0 
-0.0 -8.247641035737331 52:1.0 
-0.0 -100.0 
-0.0 -100.0 
-0.0 -100.0 
-0.0 -0.8556955945179628 30:1.0 33:1.0 113:1.0 
-0.0 -100.0 
-0.0 -100.0 86:1.0 
-0.0 -100.0 
-0.0 -100.0 69:1.0 
-0.0 -100.0 102:1.0 
-0.0 -100.0 
-0.0 -100.0 
-0.0 -100.0 
-0.0 -100.0 
-0.0 -100.0 
-0.0 -100.0 
-4.088564434495674E-4 -100.0 26:1.0 55:1.0 113:1.0 
-0.0 -100.0 
-0.0 -100.0 
-0.0 -100.0 
-0.0 -100.0 
-0.0 -2.0088900789764956 38:1.0 
-0.0 -100.0 78:1.0 
-2.0 -100.0 159:1.0 
-0.0 -100.0 48:1.0 
-0.0 -100.0 
-2.8685575970165944 -100.0 16:1.0 187:1.0 
-0.0 -100.0 
-0.0 -100.0 
-0.0 -100.0 
-0.0 -100.0 
-0.0 -100.0 
-0.0 -100.0 
-0.0 -3.7675488623231055 142:1.0 
-0.0 -100.0 
-73.4049199430535 -100.0 
-100.0 -100.0 
-100.0 -100.0 
-100.0 -100.0 
-0.0 -100.0 47:1.0 
-100.0 -100.0 
-100.0 -100.0 
-100.0 -100.0 
-100.0 -100.0 
-1.9998392393076663 -0.0036599485697465404 44:1.0 164:1.0 
-100.0 -100.0 
-100.0 -100.0 
-100.0 -100.0 166:1.0 
-100.0 -100.0 
-100.0 -100.0 
-0.0 -100.0 44:1.0 
-100.0 -100.0 
-0.0 -100.0 78:1.0 
-100.0 -100.0 
-0.0 -100.0 104:1.0 
-100.0 -100.0 
-100.0 -100.0 
-0.0 -100.0 72:1.0 
-100.0 -100.0 
-100.0 -100.0 
-100.0 -100.0 
-100.0 -100.0 
-100.0 -100.0 
-100.0 -100.0 
-0.0 -100.0 93:1.0 
-0.0 -100.0 49:1.0 
-100.0 -100.0 
-0.0 -2.6665337071614346 97:1.0 
-100.0 -100.0 
-100.0 -100.0 
-100.0 -100.0 59:1.0 
-1.9997228890625764 -0.5721222590775802 33:1.0 138:1.0 
-100.0 -100.0 
-100.0 -100.0 
-100.0 -100.0 
-0.0 -100.0 124:1.0 
-100.0 -100.0 
-100.0 -100.0 
-100.0 -100.0 
-100.0 -100.0 
-0.0 -0.3153733687398635 13:1.0 144:1.0 
-100.0 -100.0 
-0.0 -100.0 162:1.0 
-100.0 -0.0 58:1.0 
-100.0 -100.0 
-0.0 -7.015474917154985E-4 71:1.0 149:1.0 
-100.0 -100.0 
-1.0908820858559185 -100.0 124:1.0 
-100.0 -100.0 
-100.0 -100.0 
-100.0 -100.0 
-100.0 -100.0 
-100.0 -100.0 
-0.0 -100.0 126:1.0 
-0.9994956853073259 -1.9993674536042312 64:1.0 
-100.0 -100.0 
-100.0 -100.0 
-0.0 -0.005376191631633165 119:1.0 
-100.0 -100.0 
-100.0 -100.0 
-100.0 -100.0 
-0.0 -100.0 179:1.0 186:1.0 196:1.0 
-100.0 -3.999096938784556 47:1.0 58:1.0 172:1.0 
-0.0 -100.0 125:1.0 
-100.0 -100.0 
-100.0 -100.0 
-0.0 -100.0 82:1.0 
-100.0 -100.0 
-100.0 -1.999138260912855 70:1.0 141:1.0 
-100.0 -100.0 
-100.0 -100.0 
-0.0 -100.0 38:1.0 
-100.0 -100.0 
-100.0 -100.0 
-100.0 -100.0 
-100.0 -100.0 
-100.0 -0.0 27:1.0 108:1.0 
-0.0 -0.35772562580581374 35:1.0 
-100.0 -100.0 
-100.0 -100.0 
-100.0 -100.0 
-100.0 -100.0 
-0.0 -0.006183419908794008 153:1.0 
-100.0 -100.0 
-100.0 -100.0 
-100.0 -100.0 
-100.0 -100.0 
-100.0 -100.0 
-100.0 -100.0 
-100.0 -100.0 
-100.0 -100.0 
-100.0 -100.0 
-0.0 -0.006169342100254438 9:1.0 
-100.0 -100.0 
-100.0 -100.0 
-100.0 -100.0 85:1.0 
-100.0 -100.0 
-100.0 -100.0 
-100.0 -100.0 
-100.0 -100.0 
-0.0 -100.0 49:1.0 115:1.0 
-0.0 -100.0 152:1.0 
-100.0 -100.0 
-100.0 -100.0 
-100.0 -100.0 
-100.0 -100.0 
-100.0 -100.0 
-100.0 -100.0 
-100.0 -100.0 
-100.0 -100.0 
-0.0 -100.0 92:1.0 
-0.0 -5.999131810633119 47:1.0 180:1.0 
-100.0 -100.0 
-100.0 -100.0 
-100.0 -100.0 
-100.0 -100.0 
-100.0 -100.0 
-1.9990770458678901 -0.0 71:1.0 79:1.0 113:1.0 
-0.0 -100.0 70:1.0 
-100.0 -100.0 
-0.0 -100.0 78:1.0 
-100.0 -100.0 
-100.0 -100.0 
-100.0 -100.0 
-100.0 -100.0 105:1.0 
-100.0 -100.0 
-0.0 -99.99545324672665 17:1.0 
-100.0 -100.0 
-100.0 -100.0 
-100.0 -100.0 
-100.0 -3.999458236018711 6:1.0 
-100.0 -100.0 
-100.0 -100.0 
-100.0 -100.0 
-100.0 -100.0 
-100.0 -100.0 
-100.0 -100.0 
-100.0 -100.0 
-100.0 -100.0 
-100.0 -100.0 
-100.0 -100.0 
-100.0 -100.0 
-100.0 -100.0 
-100.0 -100.0 
-100.0 -100.0 
-100.0 -100.0 
-100.0 -100.0 
-100.0 -100.0 
-0.0 -100.0 150:1.0 178:1.0 
-100.0 -100.0 
-100.0 -100.0 
-100.0 -100.0 
-0.0 -1.9995122202410425 12:1.0 
-100.0 -100.0 
-100.0 -100.0 
-0.0 -100.0 21:1.0 
-100.0 -100.0 
-100.0 -100.0 
-0.0 -100.0 178:1.0 
-100.0 -100.0 
-100.0 -100.0 
-100.0 -100.0 
-100.0 -100.0 
-100.0 -100.0 
-100.0 -100.0 
-100.0 -100.0 
-100.0 -100.0 
-100.0 -100.0 
-100.0 -100.0 
-100.0 -5.965422780841334 87:1.0 
-100.0 -100.0 139:1.0 
-0.0 -99.98864587810537 125:1.0 
-100.0 -100.0 
-0.0 -100.0 70:1.0 
-0.0 -0.8677761130790714 30:1.0 41:1.0 123:1.0 160:1.0 199:1.0 211:1.0 
-0.0 -100.0 149:1.0 
-0.0 -100.0 18:1.0 
-100.0 -100.0 
-100.0 -100.0 
-100.0 -100.0 
-100.0 -100.0 
-100.0 -100.0 
-0.0 -100.0 126:1.0 
-0.0 -100.0 20:1.0 185:1.0 
-100.0 -100.0 
-0.0 -100.0 129:1.0 
-100.0 -100.0 
-100.0 -100.0 
-100.0 -100.0 
-100.0 -100.0 
-0.0 -3.243379341741657 98:1.0 
-100.0 -100.0 
-0.0 -98.75662065825834 78:1.0 98:1.0 
-0.0 -100.0 57:1.0 
-100.0 -100.0 
-100.0 -100.0 
-100.0 -100.0 
-100.0 -100.0 
-100.0 -100.0 
-100.0 -100.0 
-100.0 -100.0 
-100.0 -100.0 
-100.0 -100.0 
-100.0 -100.0 
-100.0 -100.0 
-0.0 -100.0 37:1.0 
-100.0 -100.0 
-100.0 -100.0 
-0.3045865107949055 -0.0 34:1.0 76:1.0 193:1.0 
-100.0 -100.0 
-100.0 -100.0 
-100.0 -100.0 
-100.0 -100.0 
-100.0 -0.15397345060280676 164:1.0 
-0.0 -100.0 179:1.0 186:1.0 196:1.0 
-100.0 -100.0 
-100.0 -100.0 
-100.0 -100.0 
-100.0 -100.0 
-100.0 -100.0 
-100.0 -100.0 
-100.0 -100.0 
-100.0 -100.0 124:1.0 
-100.0 -0.0 87:1.0 100:1.0 174:1.0 
-100.0 -100.0 
-100.0 -100.0 60:1.0 
-100.0 -100.0 
-0.0 -99.68612291848868 13:1.0 
-0.0 -100.0 30:1.0 33:1.0 
-100.0 -100.0 
-1.9997390395446708 -96.03421297010819 87:1.0 152:1.0 
-0.0 -100.0 142:1.0 
-100.0 -100.0 
-100.0 -100.0 78:1.0 
-100.0 -100.0 
-100.0 -100.0 
-100.0 -100.0 
-0.0 -1.9993066581511272 106:1.0 
-100.0 -100.0 
-100.0 -100.0 
-100.0 -100.0 
-100.0 -100.0 
-100.0 -100.0 
-0.0012388524550606683 -100.0 76:1.0 177:1.0 
-0.0 -100.0 163:1.0 
-100.0 -100.0 
-100.0 -100.0 
-100.0 -100.0 
-100.0 -100.0 
-100.0 -100.0 
-100.0 -100.0 
-100.0 -100.0 
-100.0 -100.0 
-100.0 -100.0 
-100.0 -100.0 
-100.0 -100.0 
-2.0000526965182965 -0.002507723818381573 10:1.0 147:1.0 182:1.0 
-100.0 -100.0 
-100.0 -100.0 
-100.0 -100.0 
-0.0 -100.0 109:1.0 
-0.0 -100.0 63:1.0 140:1.0 151:1.0 
-100.0 -100.0 
-100.0 -100.0 
-100.0 -100.0 
-100.0 -100.0 
-100.0 -100.0 
-100.0 -100.0 
-100.0 -100.0 
-0.0 -0.021503731973652584 61:1.0 
-100.0 -100.0 
-100.0 -100.0 
-100.0 -100.0 
-100.0 -100.0 
-100.0 -100.0 
-0.0 -28.562385490049188 111:1.0 116:1.0 
-100.0 -100.0 
-100.0 -100.0 
-100.0 -100.0 
-100.0 -100.0 
-100.0 -100.0 
-100.0 -100.0 
-100.0 -100.0 
-100.0 -100.0 
-1.9985988507572787 -100.0 16:1.0 177:1.0 
-100.0 -100.0 
-0.0 -100.0 115:1.0 
-100.0 -100.0 
-100.0 -100.0 
-100.0 -100.0 
-100.0 -100.0 124:1.0 
-100.0 -100.0 
-100.0 -100.0 
-100.0 -100.0 
-100.0 -100.0 
-100.0 -100.0 
-100.0 -100.0 
-2.000029716265372 -0.0 40:1.0 106:1.0 
-0.0 -100.0 112:1.0 
-100.0 -100.0 
-100.0 -1.9938737221398648 119:1.0 
-100.0 -100.0 
-100.0 -100.0 
-100.0 -100.0 
-100.0 -100.0 
-100.0 -100.0 
-100.0 -100.0 
-100.0 -100.0 
-100.0 -100.0 
-0.0 -100.0 38:1.0 
-100.0 -100.0 
-0.0 -100.0 158:1.0 
-100.0 -100.0 
-100.0 -100.0 
-100.0 -100.0 23:1.0 
-100.0 -100.0 
-0.0 -100.0 180:1.0 
-100.0 -100.0 
-100.0 -100.0 
-100.0 -100.0 
-100.0 -100.0 
-0.0 -99.79883568677162 41:1.0 160:1.0 211:1.0 
-100.0 -100.0 
-99.77828017498734 -100.0 124:1.0 
-100.0 -100.0 
-100.0 -100.0 
-100.0 -100.0 121:1.0 
-100.0 -100.0 
-100.0 -100.0 
-100.0 -100.0 
-100.0 -100.0 
-0.0 -100.0 90:1.0 
-100.0 -100.0 
-100.0 -100.0 
-100.0 -100.0 
-100.0 -100.0 
-100.0 -100.0 
-100.0 -100.0 
-100.0 -100.0 
-100.0 -100.0 
-100.0 -100.0 
-100.0 -100.0 
-0.0 -100.0 68:1.0 
-100.0 -100.0 
-100.0 -100.0 
-100.0 -100.0 
-1.9994417908827058 -1.999693893606582 46:1.0 131:1.0 
-100.0 -100.0 
-0.0 -99.99047737462773 38:1.0 
-100.0 -100.0 
-1.9996494662279223 -100.0 42:1.0 158:1.0 
-100.0 -100.0 
-0.0 -7.976578868569785 61:1.0 
-100.0 -100.0 
-100.0 -100.0 
-100.0 -100.0 
-0.0 -100.0 113:1.0 
-100.0 -2.0 27:1.0 
-100.0 -100.0 
-100.0 -100.0 
-100.0 -100.0 
-100.0 -100.0 
-0.0 -2.0 173:1.0 
-100.0 -100.0 
-0.0 -100.0 178:1.0 
-0.0 -100.0 173:1.0 
-100.0 -5.998378084084638 34:1.0 76:1.0 94:1.0 148:1.0 167:1.0 193:1.0 197:1.0 204:1.0 207:1.0 218:1.0 220:1.0 
-100.0 -100.0 
-0.0 -100.0 65:1.0 104:1.0 116:1.0 151:1.0 
-100.0 -100.0 
-100.0 -100.0 
-100.0 -100.0 
-100.0 -100.0 
-100.0 -100.0 
-100.0 -100.0 133:1.0 
-100.0 -100.0 
-100.0 -100.0 
-100.0 -100.0 
-0.0 -100.0 5:1.0 74:1.0 75:1.0 81:1.0 192:1.0 198:1.0 201:1.0 216:1.0 217:1.0 
-100.0 -100.0 
-100.0 -100.0 
-100.0 -100.0 
-100.0 -100.0 
-100.0 -100.0 
-100.0 -100.0 
-100.0 -100.0 
-100.0 -100.0 
-100.0 -100.0 
-100.0 -100.0 
-100.0 -100.0 
-100.0 -100.0 
-100.0 -100.0 145:1.0 
-100.0 -100.0 
-100.0 -100.0 
-100.0 -100.0 
-100.0 -100.0 
-100.0 -100.0 
-100.0 -100.0 
-0.0 -100.0 136:1.0 
-0.0 -100.0 37:1.0 
-100.0 -100.0 
-100.0 -100.0 
-100.0 -100.0 
-100.0 -100.0 
-100.0 -100.0 
-100.0 -100.0 
-0.0 -73.4376145099508 111:1.0 
-100.0 -100.0 
-100.0 -100.0 
-100.0 -100.0 
-100.0 -100.0 
-100.0 -100.0 
-100.0 -100.0 
-1.999234621839486 -2.4067554555226467 190:1.0 
-100.0 -100.0 
-100.0 -100.0 
-0.0 -99.99470899051457 173:1.0 
-100.0 -100.0 
-100.0 -100.0 
-100.0 -100.0 
-0.0 -100.0 89:1.0 
-100.0 -100.0 
-0.0 -100.0 184:1.0 
-100.0 -100.0 70:1.0 
-100.0 -100.0 
-100.0 -100.0 
-100.0 -100.0 
-100.0 -100.0 
-100.0 -100.0 
-100.0 -100.0 
-100.0 -100.0 
-100.0 -100.0 
-100.0 -100.0 
-0.0 -100.0 72:1.0 
-0.0 -100.0 43:1.0 99:1.0 
-100.0 -100.0 32:1.0 
-100.0 -100.0 
-0.39964598667310225 -100.0 85:1.0 116:1.0 
-100.0 -100.0 
-100.0 -100.0 
-100.0 -100.0 
-100.0 -100.0 
-100.0 -100.0 
-100.0 -100.0 
-100.0 -100.0 23:1.0 
-100.0 -100.0 118:1.0 
-100.0 -100.0 
-100.0 -100.0 
-100.0 -1.9934043520972864 31:1.0 
-100.0 -100.0 
-2.0001639466397276 -0.0 98:1.0 114:1.0 
-100.0 -100.0 
-100.0 -100.0 
-100.0 -100.0 
-100.0 -100.0 23:1.0 
-100.0 -100.0 
-100.0 -100.0 
-100.0 -100.0 
-100.0 -100.0 
-100.0 -100.0 
-100.0 -100.0 
-100.0 -100.0 
-100.0 -100.0 
-100.0 -100.0 
-0.0 -100.0 10:1.0 
-100.0 -100.0 
-100.0 -100.0 
-100.0 -100.0 
-100.0 -100.0 
-100.0 -100.0 
-100.0 -100.0 
-100.0 -100.0 
-100.0 -100.0 4:1.0 
-100.0 -100.0 
-0.0 -100.0 109:1.0 
-100.0 -100.0 
-0.0 -100.0 96:1.0 
-100.0 -100.0 
-0.0 -100.0 90:1.0 
-0.0 -100.0 95:1.0 
-100.0 -100.0 
-0.0 -100.0 131:1.0 
-100.0 -100.0 
-100.0 -100.0 
-100.0 -100.0 
-100.0 -100.0 
-100.0 -100.0 
-100.0 -100.0 
-100.0 -100.0 
-98.00086232526692 -1.998953912279778 71:1.0 
-100.0 -100.0 25:1.0 
-100.0 -100.0 
-100.0 -100.0 
-97.99949871701143 -1.9967571810161306 182:1.0 
-100.0 -100.0 
-100.0 -100.0 
-0.0 -100.0 3:1.0 120:1.0 
-100.0 -100.0 
-0.0 -2.0 153:1.0 
-0.0 -99.99340435209729 153:1.0 
-100.0 -100.0 
-100.0 -100.0 
-100.0 -100.0 
-0.0 -1.9934193684263952 9:1.0 
-100.0 -100.0 
-100.0 -100.0 
-100.0 -100.0 
-100.0 -100.0 
-100.0 -100.0 
-100.0 -100.0 
-0.0 -100.0 62:1.0 
-100.0 -100.0 
-100.0 -100.0 
-100.0 -100.0 
-100.0 -100.0 
-100.0 -100.0 
-100.0 -100.0 
-100.0 -100.0 
-100.0 -100.0 
-100.0 -100.0 
-100.0 -99.87145536743562 142:1.0 
-100.0 -100.0 
-100.0 -100.0 
-100.0 -100.0 
-100.0 -100.0 
-98.58428829969064 -100.0 
-0.0 -0.008718275223489521 35:1.0 
-100.0 -100.0 
