svm_type c_svc
kernel_type linear
nr_class 3
total_sv 1959
rho 1.000217962184874 1.0000633680555555 -0.9996677685339136
label 2 0 1
nr_sv 516 761 682
SV
0.01 0.01 
0.01 0.01 
0.01 0.01 
0.01 0.01 76:1.0 94:1.0 167:1.0 181:1.0 197:1.0 207:1.0 220:1.0 
0.01 0.01 
0.01 0.01 100:1.0 142:1.0 
0.01 0.01 
0.01 0.01 
0.01 0.01 
0.01 0.01 
0.01 0.01 
0.01 0.01 
0.01 0.01 
0.01 0.01 
0.01 0.01 
0.01 0.01 42:1.0 164:1.0 168:1.0 
0.01 0.01 138:1.0 
0.01 0.01 
0.01 0.01 
0.01 0.01 
0.01 0.01 
0.01 0.01 
0.01 0.01 32:1.0 
0.01 0.01 
0.01 0.01 
0.01 0.01 60:1.0 
0.01 0.01 
0.01 0.01 
0.01 0.01 103:1.0 
0.01 0.01 
0.01 0.01 
0.01 0.01 
0.01 0.01 
0.01 0.01 
0.01 0.01 
0.01 0.01 71:1.0 
0.01 0.01 
0.01 0.01 
0.01 0.01 
0.01 0.01 
0.01 0.01 12:1.0 28:1.0 73:1.0 
0.01 0.01 
0.01 0.01 76:1.0 94:1.0 167:1.0 181:1.0 197:1.0 207:1.0 220:1.0 
0.01 0.01 
0.01 0.01 
0.01 0.01 
0.01 0.01 7:1.0 
0.01 0.01 
0.01 0.01 
0.01 0.01 
0.01 0.01 
0.01 0.01 
0.01 0.01 100:1.0 
0.01 0.01 
0.01 0.01 
0.01 0.01 
0.01 0.01 50:1.0 
0.01 0.01 
0.01 0.01 
0.01 0.01 
0.01 0.01 133:1.0 
0.01 0.01 
0.01 0.01 
0.01 0.01 
0.01 0.01 
0.01 0.01 114:1.0 
0.01 0.01 16:1.0 
0.01 0.01 142:1.0 
0.01 0.01 
0.01 0.01 
0.01 0.01 34:1.0 76:1.0 94:1.0 148:1.0 167:1.0 193:1.0 197:1.0 204:1.0 207:1.0 218:1.0 220:1.0 
0.01 0.01 14:1.0 181:1.0 
0.01 0.01 
0.01 0.01 
0.01 0.01 
0.01 0.01 14:1.0 
0.01 0.01 
0.01 0.01 11:1.0 
0.01 0.01 
0.01 0.01 
0.01 0.01 
0.01 0.01 
0.01 0.01 
0.01 0.01 
0.01 0.01 
0.01 0.01 
0.01 0.01 
0.01 0.01 
0.01 0.01 
0.01 0.01 
0.01 0.01 114:1.0 164:1.0 
0.01 0.01 174:1.0 
0.01 0.01 34:1.0 76:1.0 94:1.0 148:1.0 167:1.0 193:1.0 197:1.0 204:1.0 207:1.0 218:1.0 220:1.0 
0.01 0.01 
0.01 0.01 174:1.0 
0.01 0.01 
0.01 0.01 
0.01 0.01 12:1.0 147:1.0 
0.01 0.01 
0.01 0.01 
0.01 0.01 
0.01 0.01 
0.01 0.01 
0.01 0.01 114:1.0 
0.01 0.01 
0.01 0.01 
0.01 0.01 
0.01 0.01 133:1.0 
0.01 0.01 
0.01 0.01 
0.01 0.01 
0.01 0.01 
0.01 0.01 
0.01 0.01 
0.01 0.01 
0.01 0.01 55:1.0 
0.01 0.01 94:1.0 
0.01 0.01 
0.01 0.01 
0.01 0.01 
0.01 0.01 
0.01 0.01 181:1.0 
0.01 0.01 
0.01 0.01 
0.01 0.01 
0.01 0.01 1:1.0 84:1.0 
0.01 0.01 
0.01 0.01 
0.01 0.01 
0.01 0.01 
0.01 0.01 
0.01 0.01 
0.01 0.01 59:1.0 
0.01 0.01 
0.01 0.01 
0.01 0.01 
0.01 0.01 
0.01 0.01 
0.01 0.01 
0.01 0.01 
0.01 0.01 
0.01 0.01 
0.01 0.01 128:1.0 137:1.0 154:1.0 194:1.0 202:1.0 221:1.0 
0.01 0.01 139:1.0 
0.01 0.01 
0.01 0.01 
0.01 0.01 
0.01 0.01 
0.01 0.01 
0.01 0.01 
0.01 0.01 
0.01 0.01 
0.01 0.01 
0.01 0.01 
0.01 0.01 99:1.0 164:1.0 
0.01 0.01 
0.01 0.01 
0.01 0.01 
0.01 0.01 
0.01 0.01 4:1.0 6:1.0 
0.01 0.01 124:1.0 
0.01 0.01 4:1.0 6:1.0 85:1.0 
0.01 0.01 87:1.0 
0.01 0.01 
0.01 0.01 14:1.0 
0.01 0.01 
0.01 0.01 121:1.0 
0.01 0.01 27:1.0 108:1.0 
0.01 0.01 170:1.0 
0.01 0.01 87:1.0 
0.01 0.01 47:1.0 124:1.0 
0.01 0.01 
0.01 0.01 
0.01 0.01 78:1.0 
0.01 0.01 
0.01 0.01 53:1.0 64:1.0 172:1.0 
0.01 0.01 32:1.0 
0.01 0.01 
0.01 0.01 
0.01 0.01 
0.01 0.01 
0.01 0.01 40:1.0 
0.01 0.01 
0.01 0.01 
0.01 0.01 
0.01 0.01 
0.01 0.01 23:1.0 76:1.0 167:1.0 197:1.0 
0.01 0.01 
0.01 0.01 
0.01 0.01 
0.01 0.01 
0.01 0.01 
0.01 0.01 
0.01 0.01 
0.01 0.01 
0.01 0.01 
0.01 0.01 58:1.0 
0.01 0.01 
0.01 0.01 
0.01 0.01 
0.01 0.01 
0.01 0.01 23:1.0 
0.01 0.01 
0.01 0.01 
0.01 0.01 
0.01 0.01 
0.01 0.01 
0.01 0.01 
0.01 0.01 
0.01 0.01 
0.01 0.01 164:1.0 
0.01 0.01 168:1.0 
0.01 0.01 
0.01 0.01 76:1.0 
0.01 0.01 
0.01 0.01 114:1.0 
0.01 0.01 
0.01 0.01 
0.01 0.01 25:1.0 
0.01 0.01 
0.01 0.01 23:1.0 
0.01 0.01 
0.01 0.01 
0.01 0.01 100:1.0 
0.01 0.01 
0.01 0.01 166:1.0 
0.01 0.01 
0.01 0.01 108:1.0 
0.01 0.01 
0.01 0.01 79:1.0 
0.01 0.01 
0.01 0.01 
0.01 0.01 134:1.0 190:1.0 
0.01 0.01 
0.01 0.01 
0.01 0.01 58:1.0 
0.01 0.01 16:1.0 
0.01 0.01 
0.01 0.01 94:1.0 147:1.0 148:1.0 189:1.0 204:1.0 
0.01 0.01 
0.01 0.01 
0.01 0.01 12:1.0 28:1.0 73:1.0 94:1.0 189:1.0 
0.01 0.01 70:1.0 79:1.0 
0.01 0.01 
0.01 0.01 
0.01 0.01 
0.01 0.01 67:1.0 76:1.0 
0.01 0.01 
0.01 0.01 70:1.0 
0.01 0.01 166:1.0 
0.01 0.01 
0.01 0.01 
0.01 0.01 
0.01 0.01 
0.01 0.01 
0.01 0.01 124:1.0 
0.01 0.01 
0.01 0.01 
0.01 0.01 
0.01 0.01 
0.01 0.01 
0.01 0.01 128:1.0 137:1.0 154:1.0 194:1.0 202:1.0 221:1.0 
0.01 0.01 
0.01 0.01 147:1.0 
0.01 0.01 
0.01 0.01 
0.01 0.01 105:1.0 
0.01 0.01 
0.01 0.01 
0.01 0.01 
0.01 0.01 
0.01 0.01 55:1.0 
0.01 0.01 31:1.0 84:1.0 
0.01 0.01 
0.01 0.01 
0.01 0.01 31:1.0 
0.01 0.01 31:1.0 
0.01 0.01 
0.01 0.01 
0.01 0.01 
0.01 0.01 
0.01 0.01 
0.01 0.01 
0.01 0.01 
0.01 0.01 166:1.0 
0.01 0.01 
0.01 0.01 
0.01 0.01 
0.01 0.01 
0.01 0.01 84:1.0 165:1.0 
0.01 0.01 
0.01 0.01 
0.01 0.01 
0.01 0.01 
0.01 0.01 
0.01 0.01 
0.01 0.01 172:1.0 
0.01 0.01 166:1.0 
0.01 0.01 
0.01 0.01 
0.01 0.01 164:1.0 
0.01 0.01 
0.01 0.01 
0.01 0.01 
0.01 0.01 
0.01 0.01 
0.01 0.01 133:1.0 168:1.0 
0.01 0.01 
0.01 0.01 
0.01 0.01 
0.01 0.01 
0.01 0.01 24:1.0 
0.01 0.01 
0.01 0.01 
0.01 0.01 
0.01 0.01 
0.01 0.01 
0.01 0.01 
0.01 0.01 100:1.0 
0.01 0.01 
0.01 0.01 
0.01 0.01 84:1.0 127:1.0 
0.01 0.01 161:1.0 
0.01 0.01 
0.01 0.01 
0.01 0.01 
0.01 0.01 
0.01 0.01 
0.01 0.01 
0.01 0.01 
0.01 0.01 
0.01 0.01 19:1.0 
0.01 0.01 
0.01 0.01 170:1.0 
0.01 0.01 
0.01 0.01 
0.01 0.01 
0.01 0.01 
0.01 0.01 
0.01 0.01 
0.01 0.01 164:1.0 
0.01 0.01 
0.01 0.01 
0.01 0.01 
0.01 0.01 
0.01 0.01 
0.01 0.01 
0.01 0.01 
0.01 0.01 
0.01 0.01 
0.01 0.01 
0.01 0.01 
0.01 0.01 
0.01 0.01 
0.01 0.01 
0.01 0.01 
0.01 0.01 
0.01 0.01 
0.01 0.01 
0.01 0.01 
0.01 0.01 
0.01 0.01 
0.01 0.01 
0.01 0.01 
0.01 0.01 
0.01 0.01 73:1.0 
0.01 0.01 
0.01 0.01 
0.01 0.01 
0.01 0.01 40:1.0 
0.01 0.01 
0.01 0.01 
0.01 0.01 
0.01 0.01 
0.01 0.01 
0.01 0.01 
0.01 0.01 
0.01 0.01 
0.01 0.01 27:1.0 101:1.0 
0.01 0.01 
0.01 0.01 
0.01 0.01 
0.01 0.01 60:1.0 
0.01 0.01 
0.01 0.01 46:1.0 
0.01 0.01 
0.01 0.01 
0.01 0.01 
0.01 0.01 
0.01 0.01 
0.01 0.01 
0.01 0.01 
0.01 0.01 
0.01 0.01 
0.01 0.01 
0.01 0.01 1:1.0 101:1.0 
0.01 0.01 
0.01 0.01 
0.01 0.01 
0.01 0.01 
0.01 0.01 
0.01 0.01 
0.01 0.01 145:1.0 
0.01 0.01 
0.01 0.01 27:1.0 108:1.0 
0.01 0.01 
0.01 0.01 
0.01 0.01 
0.01 0.01 
0.01 0.01 119:1.0 
0.01 0.01 
0.01 0.01 
0.01 0.01 
0.01 0.01 
0.01 0.01 
0.01 0.01 
0.01 0.01 
0.01 0.01 
0.01 0.01 
0.01 0.01 
0.01 0.01 
0.01 0.01 
0.01 0.01 28:1.0 87:1.0 
0.01 0.01 
0.01 0.01 
0.01 0.01 
0.01 0.01 
0.01 0.01 
0.01 0.01 159:1.0 169:1.0 
0.01 0.01 
0.01 0.01 
0.01 0.01 
0.01 0.01 
0.01 0.01 
0.01 0.01 8:1.0 46:1.0 61:1.0 64:1.0 162:1.0 
0.01 0.01 27:1.0 
0.01 0.01 182:1.0 
0.01 0.01 
0.01 0.01 
0.01 0.01 
0.01 0.01 
0.01 0.01 22:1.0 46:1.0 64:1.0 
0.01 0.01 
0.01 0.01 
0.01 0.01 
0.01 0.01 
0.01 0.01 
0.01 0.01 
0.01 0.01 171:1.0 
0.01 0.01 
0.01 0.01 1:1.0 29:1.0 
0.01 0.01 
0.01 0.01 
0.01 0.01 141:1.0 
0.01 0.01 7:1.0 
0.01 0.01 85:1.0 
0.01 0.01 
0.01 0.01 
0.01 0.01 
0.01 0.01 128:1.0 137:1.0 154:1.0 194:1.0 202:1.0 221:1.0 
0.01 0.01 28:1.0 73:1.0 
0.01 0.01 
0.01 0.01 
0.01 0.01 
0.01 0.01 
0.01 0.01 
0.01 0.01 
0.01 0.01 
0.01 0.01 42:1.0 
0.01 0.01 7:1.0 
0.01 0.01 
0.01 0.01 1:1.0 101:1.0 
0.01 0.01 
0.01 0.01 
0.01 0.01 
0.01 0.01 
0.01 0.01 
0.01 0.01 
0.01 0.01 
0.01 0.01 
0.01 0.01 
0.01 0.01 
0.01 0.01 
0.01 0.01 
0.01 0.01 53:1.0 
0.01 0.01 
0.01 0.01 
0.01 0.01 
0.01 0.01 
0.01 0.01 100:1.0 
0.01 0.01 
0.01 0.01 
0.01 0.01 
0.01 0.01 164:1.0 
0.01 0.01 
0.01 0.01 
0.01 0.01 
0.01 0.01 67:1.0 94:1.0 124:1.0 148:1.0 167:1.0 187:1.0 204:1.0 207:1.0 218:1.0 
0.01 0.01 
0.01 0.01 100:1.0 
0.01 0.01 
0.01 0.01 
0.01 0.01 
0.01 0.01 
0.01 0.01 
0.01 0.01 40:1.0 
0.01 0.01 58:1.0 
0.01 0.01 
0.01 0.01 
0.01 0.01 
0.01 0.01 42:1.0 
0.01 0.01 
0.01 0.01 23:1.0 
0.01 0.01 76:1.0 167:1.0 197:1.0 
0.01 0.01 
0.01 0.01 118:1.0 
-0.01 0.01 142:1.0 
-0.0 0.0010965475333292285 116:1.0 159:1.0 
-0.004791666666666694 0.005185185185185218 8:1.0 77:1.0 
-0.0 0.01 90:1.0 
-0.01 0.0 42:1.0 
-0.01 0.01 4:1.0 
-0.0 0.01 11:1.0 
-0.0 0.01 162:1.0 173:1.0 
-0.0 0.01 88:1.0 
-0.0 0.01 78:1.0 98:1.0 
-0.0 0.01 113:1.0 
-0.0 0.01 90:1.0 
-0.01 0.01 34:1.0 66:1.0 76:1.0 193:1.0 
-0.01 0.0 170:1.0 
-0.0 0.01 17:1.0 
-0.01 0.0 85:1.0 94:1.0 147:1.0 189:1.0 
-0.0 0.01 85:1.0 
-0.0 0.01 92:1.0 
-0.01 0.0 42:1.0 
-0.01 0.01 34:1.0 66:1.0 76:1.0 193:1.0 
-0.0 0.01 113:1.0 
-0.01 0.0 181:1.0 
-0.01 0.0 76:1.0 
-0.01 0.01 40:1.0 
-0.0 0.01 185:1.0 
-0.0 0.01 38:1.0 
-0.01 0.01 23:1.0 
-0.01 0.006755622676371085 14:1.0 43:1.0 67:1.0 
-0.0 0.01 93:1.0 
-0.0 0.01 30:1.0 95:1.0 113:1.0 123:1.0 199:1.0 
-0.01 0.01 100:1.0 
-0.0 0.01 20:1.0 185:1.0 
-0.0 0.01 131:1.0 
-0.01 0.0033991350446428703 16:1.0 
-0.0 0.01 153:1.0 
-0.0 0.004822449480890225 65:1.0 113:1.0 
-0.01 0.0 7:1.0 128:1.0 137:1.0 154:1.0 194:1.0 202:1.0 221:1.0 
-0.0 0.01 125:1.0 
-0.0 0.01 78:1.0 
-0.0 0.006792534722222206 36:1.0 180:1.0 
-0.01 0.0 67:1.0 
-0.0 0.01 38:1.0 99:1.0 149:1.0 
-0.0 0.01 33:1.0 104:1.0 
-0.01 0.0 133:1.0 
-0.01 0.0 166:1.0 
-0.01 0.0 170:1.0 
-0.0 0.0033140695753399556 10:1.0 122:1.0 126:1.0 
-0.0 0.01 21:1.0 
-0.0 0.00858018163851626 
-0.0 0.01 
-0.003124999999999989 0.00341054996244036 72:1.0 122:1.0 138:1.0 
-0.0 0.01 
-0.0 0.01 
-0.0 0.01 
-0.01 0.001351228992060009 25:1.0 
-0.0 0.01 
-0.0 0.01 
-0.0 0.01 
-0.0 0.01 
-0.0 0.01 
-0.0 0.01 
-0.0 0.01 
-0.0 0.01 
-0.0 0.01 
-0.0 0.01 
-0.0 0.01 
-0.0 0.01 
-0.0 0.01 70:1.0 
-0.0 0.01 
-0.0 0.01 
-0.0 0.01 
-0.01 0.01 23:1.0 
-0.0 0.01 116:1.0 
-0.0 0.01 10:1.0 78:1.0 
-0.0 0.01 
-0.0 0.0027417112978430636 82:1.0 113:1.0 
-0.0 0.01 
-0.0 0.01 
-0.01 0.0022222222222221997 133:1.0 
-0.0 0.01 
-0.0 0.01 
-0.0 0.01 179:1.0 186:1.0 196:1.0 
-0.0 0.01 
-0.0 0.01 
-0.0 0.01 
-0.0 0.01 
-0.0 0.0050000000000000044 3:1.0 
-0.0 0.01 
-0.01 0.01 11:1.0 
-0.0 0.01 
-0.0 0.01 
-0.0 0.01 
-0.0 0.01 
-0.01 0.01 52:1.0 76:1.0 94:1.0 148:1.0 167:1.0 197:1.0 204:1.0 207:1.0 218:1.0 220:1.0 
-0.0 0.008973133604539033 145:1.0 
-0.0 0.01 
-0.0 0.01 
-0.0 0.01 
-0.0 0.01 
-0.0 0.01 
-0.0 0.01 
-0.0 0.01 
-0.0 0.01 
-0.01 0.005213293650793667 19:1.0 101:1.0 
-0.0 0.01 
-0.0 0.01 
-0.0 0.01 
-0.0 0.003720238095238082 62:1.0 
-0.0 0.01 
-0.0 0.01 150:1.0 173:1.0 
-0.0 0.0050000000000000044 57:1.0 
-0.0 0.01 
-0.0 0.01 
-0.0 0.01 
-0.0 0.01 
-0.0 0.01 
-0.0 0.006109039352225805 178:1.0 
-0.0 0.01 
-0.0 0.01 
-0.0 0.01 
-0.0 0.01 
-0.0 0.01 
-0.0 0.01 
-0.0 0.01 
-0.0 0.01 
-0.0 0.01 
-0.0 0.01 
-0.0 0.01 
-0.0 0.01 158:1.0 
-0.0 0.01 
-0.0 0.01 
-0.0 0.005138888888888909 149:1.0 155:1.0 
-0.0 0.01 
-0.0 0.01 
-0.0 0.01 118:1.0 
-0.0 0.01 
-0.0 0.01 
-0.0 0.01 
-0.0 0.01 
-0.0 0.01 
-0.0 0.01 
-0.0 0.01 96:1.0 
-0.0 0.01 
-0.0 0.01 102:1.0 
-0.0 0.01 
-0.0 0.01 
-0.0 0.01 
-0.0 0.005370370370370432 3:1.0 
-0.0 0.01 
-0.0 0.01 
-0.0 0.01 
-0.0 0.01 
-0.0 0.01 
-0.0 0.01 101:1.0 116:1.0 135:1.0 173:1.0 
-0.0 0.01 
-0.0 0.01 
-0.0 0.01 
-0.0 0.01 
-0.0 0.01 
-0.0 0.01 
-0.0 0.01 109:1.0 
-0.0 0.01 
-0.0 0.01 
-0.0 0.01 96:1.0 
-0.0 0.01 
-0.0 0.01 
-0.0 0.01 
-0.0 0.01 
-0.0 0.005476190476190515 63:1.0 
-0.0 0.01 
-0.0 0.01 
-0.01 0.01 
-0.01 0.01 
-0.0 0.01 142:1.0 
-0.01 0.01 
-0.01 0.01 
-0.01 0.01 
-0.01 0.01 
-0.01 0.01 
-0.01 0.01 
-0.01 0.01 
-0.01 0.01 
-0.01 0.01 
-0.01 0.01 
-0.01 3.0353621644130246E-4 99:1.0 
-0.0 0.01 68:1.0 
-0.01 0.01 
-0.01 0.01 
-0.01 0.01 
-0.01 0.01 70:1.0 
-0.01 0.01 
-0.01 0.01 
-0.01 0.01 
-0.01 0.01 
-0.01 0.01 
-0.0 0.01 144:1.0 
-0.01 0.0011358697796422425 42:1.0 
-0.01 0.01 
-0.01 0.01 
-0.01 0.01 
-0.01 0.01 
-0.01 0.0 101:1.0 
-0.0 0.0067505371202613304 175:1.0 180:1.0 
-0.01 0.01 
-0.01 0.01 
-0.01 0.01 
-0.01 0.01 
-0.01 0.01 
-0.01 0.01 
-0.01 0.01 
-0.01 0.01 
-0.01 0.01 23:1.0 
-0.01 0.01 
-0.0 0.005157465837469374 125:1.0 170:1.0 
-0.01 0.01 
-0.01 0.01 145:1.0 
-0.01 0.01 
-0.01 0.01 
-0.01 0.01 
-0.01 0.01 
-0.01 0.01 168:1.0 
-0.01 0.01 
-0.01 0.01 
-0.004930555555555624 0.01 16:1.0 
-0.0 0.01 126:1.0 
-0.01 0.01 
-0.0 0.01 151:1.0 
-0.01 0.01 
-0.01 0.01 
-0.01 0.01 
-0.01 0.01 
-0.0 0.01 177:1.0 
-0.01 0.01 
-0.01 0.01 
-0.01 0.01 
-0.01 0.01 
-0.01 0.01 
-0.01 0.01 
-0.01 0.01 
-0.01 0.01 
-0.01 0.01 
-0.01 0.01 
-0.01 0.01 
-0.01 0.01 
-0.01 0.01 
-0.0 0.003469069375485148 30:1.0 123:1.0 199:1.0 
-0.01 0.01 
-0.01 0.01 
-0.0 0.01 49:1.0 
-0.01 0.01 
-0.01 0.01 
-0.01 0.01 
-0.01 0.01 
-0.01 0.01 
-0.01 0.01 
-0.01 0.01 
-0.01 0.01 
-0.01 0.01 
-0.01 0.01 
-0.01 0.01 
-0.01 0.01 
-0.0 4.552749812201934E-4 18:1.0 
-0.01 0.01 
-0.01 0.01 
-0.01 0.01 
-0.01 0.01 
-0.01 0.01 
-0.01 0.01 
-0.0 0.01 191:1.0 
-0.01 0.01 
-0.0 0.01 140:1.0 
-0.01 0.01 
-0.01 0.01 
-0.0 0.005598958333333376 159:1.0 
-0.01 0.01 
-0.01 0.01 
-0.0 0.01 178:1.0 
-0.01 0.01 
-0.01 0.01 
-0.0 9.194034422677078E-17 95:1.0 
-0.01 0.01 
-0.01 0.01 38:1.0 79:1.0 
-0.01 0.01 
-0.01 0.01 
-0.01 0.01 
-0.0 0.01 5:1.0 74:1.0 75:1.0 81:1.0 192:1.0 198:1.0 201:1.0 216:1.0 217:1.0 
-0.01 0.01 
-0.01 0.01 
-0.01 0.01 
-0.0 3.1249999999998467E-4 83:1.0 
-0.01 0.01 
-0.01 0.01 
-0.01 0.01 
-0.0 0.01 48:1.0 
-0.0 0.01 152:1.0 
-0.01 0.01 
-0.01 0.01 
-0.01 0.01 
-0.01 0.01 
-0.01 0.01 
-0.01 0.01 
-0.01 0.01 
-0.01 0.00518518518518521 6:1.0 51:1.0 
-0.01 0.01 
-0.01 0.01 
-0.01 0.01 
-0.01 0.01 
-0.01 0.01 
-0.01 0.0 124:1.0 165:1.0 
-0.01 0.01 
-0.01 0.01 
-0.01 0.01 
-0.01 0.01 
-0.0 0.005312500000000053 57:1.0 
-0.01 0.01 
-0.01 0.01 
-0.01 0.01 
-0.01 0.01 
-0.0 0.01 47:1.0 
-0.0 0.01 151:1.0 
-0.01 0.01 
-0.0 0.01 47:1.0 55:1.0 
-0.01 0.01 
-0.01 0.01 
-0.01 0.01 
-0.0 0.01 68:1.0 141:1.0 
-0.01 0.01 70:1.0 
-0.0 0.0068045127615440305 44:1.0 129:1.0 
-0.0 0.01 37:1.0 
-0.01 0.01 
-0.01 0.01 
-0.01 3.125000000000402E-4 171:1.0 
-0.01 0.01 
-0.01 0.01 
-0.004999999999999996 0.0 66:1.0 76:1.0 
-0.01 0.01 
-0.0 0.01 47:1.0 
-0.01 0.01 
-0.0 0.01 44:1.0 
-0.01 0.01 
-0.01 0.01 85:1.0 
-0.01 0.01 
-0.01 0.01 
-0.01 0.01 
-0.0 0.01 136:1.0 
-0.01 0.01 61:1.0 172:1.0 
-0.01 0.01 
-0.01 0.01 
-0.01 0.01 
-0.0 0.01 146:1.0 
-0.01 0.01 
-0.01 0.01 
-0.0 0.01 184:1.0 
-0.01 0.01 
-0.01 0.01 
-0.01 0.01 
-0.01 0.01 
-0.01 0.01 
-0.01 0.01 
-0.01 0.01 
-0.01 0.01 
-0.01 0.01 
-0.0 0.01 152:1.0 
-0.0 0.01 120:1.0 
-0.0 0.01 120:1.0 
-0.01 0.01 
-0.0 3.1250000000004885E-4 188:1.0 
-0.0 3.125000000000402E-4 179:1.0 
-0.01 0.01 
-0.01 0.01 
-0.01 0.01 
-0.01 0.01 
-0.004791666666666667 0.006644732762896811 16:1.0 129:1.0 187:1.0 
-0.01 0.01 
-0.01 0.01 
-0.01 0.01 
-0.0 3.1250000000004885E-4 143:1.0 
-0.0 0.01 124:1.0 
-0.01 0.01 
-0.01 0.01 
-0.01 0.008204365079365108 133:1.0 
-0.01 0.01 
-0.01 0.01 
-0.01 0.01 
-0.01 0.01 
-0.01 0.01 
-0.01 0.01 
-0.01 0.01 
-0.01 0.01 
-0.01 0.01 
-0.01 0.01 
-0.0 0.008942379970684913 25:1.0 42:1.0 
-0.01 0.01 
-0.0 0.01 92:1.0 109:1.0 
-0.0 0.01 131:1.0 
-0.0 0.01 26:1.0 
-0.01 0.01 
-0.01 0.01 
-0.01 0.01 
-0.01 0.01 
-0.0 0.0012175781503388592 59:1.0 145:1.0 
-0.01 0.01 
-0.01 0.01 
-0.0 2.5375828598495076E-4 20:1.0 
-0.01 0.01 
-0.0 0.005019841269841276 45:1.0 56:1.0 63:1.0 97:1.0 208:1.0 
-0.01 0.0 55:1.0 
-0.01 0.01 
-0.01 0.01 
-0.01 2.8769841269843475E-4 29:1.0 
-0.01 0.01 
-0.01 0.01 124:1.0 
-0.01 0.01 
-0.01 0.01 
-0.01 0.01 
-0.01 0.01 
-0.0 0.01 112:1.0 115:1.0 
-0.01 0.01 
-0.01 0.01 
-0.0 0.006962172986478646 10:1.0 
-0.01 0.01 
-0.01 0.01 
-0.0 0.01 89:1.0 
-0.01 0.01 
-0.01 0.01 
-0.01 0.01 
-0.01 0.01 
-0.01 0.01 
-0.01 0.01 
-0.0 0.01 13:1.0 
-0.01 0.01 
-0.01 0.01 
-0.01 0.01 
-0.01 0.01 
-0.01 0.01 
-0.01 0.01 
-0.01 0.01 
-0.01 0.01 
-0.01 0.01 
-0.01 0.01 
-0.01 0.01 
-0.0 3.1250000000004885E-4 184:1.0 
-0.01 0.01 
-0.01 0.01 
-0.01 0.01 
-0.0 0.01 30:1.0 
-0.01 0.01 
-0.01 0.01 
-0.01 0.01 
-0.01 0.01 
-0.01 0.01 
-0.01 0.01 
-0.01 0.01 
-0.01 0.01 
-0.01 0.01 
-0.01 0.01 
-0.01 0.01 
-0.01 0.01 
-0.0 0.01 82:1.0 126:1.0 
-0.01 0.01 
-0.01 0.01 
-0.01 0.01 
-0.01 0.01 
-0.01 0.01 
-0.01 0.01 
-0.01 0.01 
-0.01 0.01 
-0.01 0.01 
-0.0 3.1250000000004885E-4 112:1.0 
-0.01 0.01 
-0.01 0.01 
-0.01 0.01 
-0.01 0.01 
-0.01 0.01 
-0.01 0.01 
-0.01 0.01 
-0.01 0.01 
-0.009861111111111006 0.01 105:1.0 124:1.0 
-0.01 0.01 
-0.01 0.01 
-0.01 0.01 
-0.01 0.01 
-0.01 0.01 
-0.01 0.01 
-0.01 0.01 
-0.01 0.01 
-0.01 0.01 
-0.01 0.01 
-0.01 0.01 
-0.01 0.01 
-0.01 0.01 
-0.01 0.01 
-0.01 0.01 
-0.01 0.01 32:1.0 
-0.01 0.01 
-0.01 0.01 
-0.01 0.01 
-0.01 0.01 
-0.01 3.0353621644136665E-4 169:1.0 
-0.01 0.01 
-0.01 0.01 
-0.0 0.01 43:1.0 
-0.0 0.01 179:1.0 186:1.0 196:1.0 
-0.0 0.003705222707529556 159:1.0 178:1.0 
-0.01 0.01 
-0.01 0.01 
-0.0 0.01 86:1.0 
-0.01 0.01 
-0.01 3.125000000000402E-4 134:1.0 
-0.01 0.01 
-0.0 0.01 72:1.0 
-0.0 6.510424012275422E-4 116:1.0 165:1.0 
-0.0 0.01 125:1.0 
-0.01 0.01 
-0.0 3.1250000000004885E-4 48:1.0 
-0.01 0.01 
-0.01 0.01 
-0.01 0.01 
-0.01 0.01 
-0.0 0.01 103:1.0 
-0.0015624999999999944 0.0016911729969765834 39:1.0 54:1.0 80:1.0 176:1.0 190:1.0 210:1.0 
-0.0 3.125000000000402E-4 120:1.0 
-0.0 3.125000000000575E-4 26:1.0 
-0.01 0.01 
-0.0 3.125000000000402E-4 24:1.0 
-0.01 0.01 
-0.01 3.125000000000575E-4 32:1.0 
-0.01 0.01 
-0.01 0.01 
-0.01 0.005104898434690526 147:1.0 189:1.0 
-0.01 0.01 
-0.0 0.007859958592289964 37:1.0 65:1.0 116:1.0 
-0.01 0.0 22:1.0 141:1.0 
-0.01 0.01 
-0.01 0.01 
-0.01 0.01 
-0.0 0.01 180:1.0 
-0.01 0.01 
-0.01 0.01 
-0.01 0.01 
-0.01 0.01 
-0.0 0.01 163:1.0 
-0.01 0.01 
-0.01 0.01 
-0.01 3.125000000000402E-4 127:1.0 
-0.01 0.01 
-0.01 0.01 
-0.01 0.01 
-0.01 0.01 
-0.0 3.1250000000004885E-4 86:1.0 
-0.01 0.01 
-0.01 0.01 
-0.0 2.5859092807442645E-4 109:1.0 
-0.01 0.01 
-0.01 2.465688519132734E-4 55:1.0 
-0.01 0.01 
-0.01 0.01 139:1.0 
-0.01 0.01 
-0.01 0.01 
-0.01 0.01 
-0.01 0.01 
-0.01 0.01 
-0.01 0.01 87:1.0 159:1.0 
-0.01 0.01 
-0.01 0.01 
-0.01 0.01 
-0.01 0.01 
-0.01 0.01 
-0.01 0.01 
-0.01 0.01 
-0.0 0.01 177:1.0 
-0.01 0.01 
-0.01 0.01 
-0.01 0.01 
-0.01 0.01 
-0.01 0.01 
-0.01 0.01 
-0.01 0.01 
-0.01 0.01 
-0.0 2.777777777778397E-4 183:1.0 
-0.01 0.01 
-0.01 0.01 
-0.01 0.01 
-0.01 0.01 
-0.01 0.01 
-0.01 0.01 23:1.0 
-0.01 0.01 
-0.0 0.01 115:1.0 
-0.01 0.01 
-0.01 0.01 
-0.01 0.01 
-0.01 0.01 
-0.01 0.01 
-0.01 0.01 
-0.0 0.01 104:1.0 124:1.0 
-0.01 0.01 
-0.01 0.01 
-0.01 0.01 
-0.01 0.01 
-0.01 0.01 
-0.0 0.006650132275132148 62:1.0 
-0.01 0.01 
-0.01 0.01 
-0.01 0.01 
-0.01 0.01 
-0.01 0.01 
-0.01 0.01 
-0.01 0.01 
-0.01 0.01 
-0.01 0.01 
-0.01 0.01 
-0.0 1.470379818594674E-4 15:1.0 
-0.01 0.01 
-0.01 0.01 76:1.0 
-0.01 0.01 
-0.0 0.01 178:1.0 
-0.01 0.01 
-0.01 0.01 
-0.01 0.01 
-0.0 0.01 69:1.0 
-0.01 0.00904079861111114 59:1.0 
-0.01 0.01 
-0.01 0.01 
-0.01 0.01 
-0.01 0.01 
-0.01 0.01 
-0.0 2.4388227513229732E-4 102:1.0 139:1.0 
-0.01 0.01 
-0.01 0.01 
-0.01 0.01 
-0.01 0.01 
-0.01 0.01 
-0.01 0.01 
-0.01 0.01 
-0.01 0.01 
-0.01 0.01 
-0.01 0.01 
-0.01 5.030246791087514E-4 103:1.0 
-0.0 4.955168516059446E-4 95:1.0 
-0.01 0.01 
-0.01 0.01 
-0.01 0.01 
-0.01 0.01 
-0.01 0.01 
-0.0 1.851851851852142E-4 22:1.0 163:1.0 
-0.01 0.01 121:1.0 
-0.0 4.5596025352036794E-4 191:1.0 
-0.01 0.01 
-0.01 0.01 
-0.01 0.01 
-0.01 0.01 
-0.01 0.01 
-0.01 0.01 
-0.01 0.01 
-0.01 0.01 60:1.0 
-0.01 0.01 
-0.0 3.5110513750805095E-4 69:1.0 
-0.01 0.01 
-0.01 0.01 
-0.01 0.01 
-0.01 0.01 
-0.01 0.01 
-0.01 0.0 24:1.0 166:1.0 
-0.01 0.01 
-0.01 0.01 
-0.01 0.01 
-0.01 0.01 
-0.01 0.01 
-0.01 0.01 
-0.01 0.01 47:1.0 
-0.01 0.01 
-0.01 0.01 
-0.01 0.01 
-0.01 0.01 
-0.01 0.01 
-0.01 0.01 
-0.01 0.01 
-0.01 0.01 
-0.01 0.01 
-0.01 0.01 
-0.01 0.01 
-0.01 0.01 
-0.01 0.01 
-0.01 0.01 
-0.01 0.01 
-0.00656250000000001 0.01 18:1.0 53:1.0 111:1.0 
-0.0 0.007044725018779887 72:1.0 
-0.01 0.01 
-0.0 4.0720812645559756E-4 2:1.0 
-0.01 0.01 
-0.0 0.01 178:1.0 
-0.01 0.01 
-1.4093137254901552E-4 0.0 39:1.0 80:1.0 110:1.0 130:1.0 135:1.0 176:1.0 190:1.0 195:1.0 200:1.0 205:1.0 206:1.0 210:1.0 213:1.0 215:1.0 219:1.0 222:1.0 
-0.01 0.01 
-0.01 0.01 
-0.01 0.01 
-0.01 0.01 
-0.01 0.01 
-0.01 0.01 
-0.01 1.190476190475083E-4 118:1.0 
-0.0 8.458609532828232E-5 5:1.0 74:1.0 75:1.0 81:1.0 192:1.0 198:1.0 201:1.0 216:1.0 217:1.0 
-0.01 0.01 
-0.01 0.01 
-0.01 0.01 
-0.01 0.01 
-0.01 0.01 
-0.0 3.7037037037045487E-4 91:1.0 
-0.01 0.01 
-0.01 0.01 
-2.757352941175931E-4 0.01 78:1.0 
-0.01 0.01 166:1.0 
-0.01 0.01 
-0.01 0.01 
-0.0 4.877645502646504E-4 146:1.0 
-0.01 0.01 
-0.0 0.01 41:1.0 160:1.0 211:1.0 
-0.01 0.01 
-0.01 0.01 
-0.0 0.01 158:1.0 
-0.01 0.01 
-0.01 0.01 
-0.0 1.1703504583598044E-4 117:1.0 156:1.0 209:1.0 
-0.01 0.01 
-0.01 0.01 
-0.01 0.01 
-0.01 0.01 
-0.01 0.01 
-0.01 0.01 
-0.01 0.01 
-0.0 0.01 49:1.0 
-0.0 4.490885163279111E-4 150:1.0 
-0.01 0.01 
-0.01 0.01 
-0.01 0.01 
-0.01 0.01 
-0.01 0.01 
-0.01 0.01 
-0.01 2.876984126983969E-4 50:1.0 
-0.01 0.01 124:1.0 
-0.01 0.01 
-0.01 0.01 
-0.01 0.01 
-0.01 0.01 
-0.01 0.01 
-0.01 0.01 
-0.01 0.01 
-0.01 0.01 
-0.01 0.01 
-0.009791666666666829 0.01 78:1.0 162:1.0 
-0.01 0.01 
-0.00973958333333321 0.0 101:1.0 142:1.0 
-0.01 0.01 
-0.01 0.01 
-0.01 0.01 
-0.0050000000000000044 3.955348096257551E-4 166:1.0 178:1.0 
-0.01 0.01 
-0.01 0.01 
-0.01 0.01 
-0.01 0.01 
-0.01 0.01 
-0.00442708333333337 0.01 
-0.0 -0.01 
-0.0 -0.01 
-0.0 -0.01 
-0.0 -0.01 
-0.01 -0.01 28:1.0 
-0.0 -0.01 
-0.0 -0.01 
-0.0 -0.01 125:1.0 
-0.01 -0.01 19:1.0 
-0.0 -0.01 
-0.0 -0.01 
-0.0 -0.01 
-0.0 -0.01 
-0.0 -0.01 
-0.0 -0.01 
-0.0 -0.01 
-0.01 -0.01 79:1.0 
-0.0 -0.01 
-0.01 -0.01 53:1.0 103:1.0 
-0.0 -0.01 
-0.0 -0.01 
-0.0 -0.01 
-0.0 -0.01 185:1.0 
-0.0 -0.01 173:1.0 
-0.01 -0.01 31:1.0 
-0.0 -0.01 
-0.0 -0.01 68:1.0 
-0.0 -0.01 
-0.0 -0.01 
-0.0 -0.01 
-0.0 -0.01 
-0.0 -0.01 
-0.0 -0.01 
-0.0 -0.01 
-0.0 -0.01 
-0.0 -0.01 11:1.0 
-0.0 -0.01 
-0.0 -0.01 
-0.0 -0.01 
-0.01 -0.01 
-0.01 -0.01 
-0.0 -0.01 191:1.0 
-0.0050000000000000044 -0.01 23:1.0 120:1.0 
-0.01 -0.01 
-0.0 -0.01 98:1.0 
-0.01 -0.01 
-0.01 -0.01 
-0.01 -0.01 
-0.01 -0.01 
-0.0 -0.01 111:1.0 
-0.01 -0.01 
-0.0 -0.01 145:1.0 
-0.01 -0.01 
-0.01 -0.01 
-0.01 -0.01 
-0.01 -0.01 
-0.01 -0.01 164:1.0 168:1.0 
-0.01 -0.01 
-0.01 -0.01 
-0.01 -0.01 
-0.01 -0.01 
-0.0 -0.01 126:1.0 
-0.01 -0.01 
-0.01 -0.01 
-0.01 -0.01 
-0.01 -0.01 
-0.01 -0.01 
-0.0 -0.01 35:1.0 173:1.0 
-0.01 -0.01 
-0.01 -0.01 
-0.01 -0.01 
-0.01 -0.01 
-0.01 -0.01 11:1.0 
-0.01 -0.01 
-0.01 -0.01 
-0.01 -0.01 
-0.01 -0.01 
-0.01 -0.01 
-0.01 -0.01 
-0.01 -0.01 
-0.0 -0.01 17:1.0 
-0.0 -0.01 35:1.0 146:1.0 
-0.01 -0.01 
-0.0 -0.01 162:1.0 
-0.01 -0.01 
-0.01 -0.01 
-0.01 -0.01 
-0.01 -0.01 
-0.0 -0.01 159:1.0 
-0.0 -0.01 96:1.0 
-0.01 -0.01 
-0.01 -0.01 
-0.01 -0.01 
-0.0 -0.01 47:1.0 
-0.01 -0.01 
-0.01 -0.01 13:1.0 14:1.0 
-0.0 -0.01 43:1.0 
-0.0 -0.01 92:1.0 
-0.0 -0.01 52:1.0 
-0.01 -0.01 
-0.01 -0.01 
-0.01 -0.01 
-0.0 -0.01 30:1.0 33:1.0 113:1.0 
-0.01 -0.01 
-0.0 -0.01 86:1.0 
-0.01 -0.01 
-0.0 -0.01 69:1.0 
-0.0 -0.01 102:1.0 
-0.01 -0.01 
-0.01 -0.01 
-0.01 -0.01 
-0.01 -0.01 
-0.01 -0.01 
-0.01 -0.01 
-0.006069444444444386 -0.01 26:1.0 55:1.0 113:1.0 
-0.01 -0.01 
-0.01 -0.01 
-0.01 -0.01 
-0.01 -0.01 
-0.0 -0.01 38:1.0 
-0.0 -0.01 78:1.0 
-0.01 -0.01 159:1.0 
-0.0 -0.01 173:1.0 
-0.0 -0.01 48:1.0 
-0.01 -0.01 
-0.01 -0.01 16:1.0 187:1.0 
-0.01 -0.01 
-0.01 -0.01 
-0.01 -0.01 
-0.01 -0.01 
-0.01 -0.01 
-0.01 -0.01 
-0.0 -0.01 142:1.0 
-0.01 -0.01 
-0.01 -0.01 
-0.01 -0.01 
-0.01 -0.01 
-0.01 -0.01 
-0.0 -0.01 47:1.0 
-0.01 -0.01 
-0.01 -0.01 
-0.01 -0.01 
-0.01 -0.01 
-0.01 -0.01 44:1.0 164:1.0 
-0.01 -0.01 
-0.01 -0.01 
-0.01 -0.01 166:1.0 
-0.01 -0.01 
-0.01 -0.01 
-0.0 -0.01 44:1.0 
-0.01 -0.01 
-0.0 -0.01 41:1.0 160:1.0 211:1.0 
-0.0 -0.01 78:1.0 
-0.01 -0.01 
-0.0 -0.01 104:1.0 
-0.01 -0.01 
-0.01 -0.01 
-0.0 -0.01 72:1.0 
-0.01 -0.01 
-0.01 -0.01 
-0.01 -0.01 
-0.01 -0.01 
-0.01 -0.01 
-0.01 -0.01 
-0.0 -0.01 93:1.0 
-0.0 -0.01 49:1.0 
-0.01 -0.01 
-0.0 -0.01 97:1.0 
-0.01 -0.01 
-0.01 -0.01 
-0.01 -0.01 59:1.0 
-0.004999999999999996 -0.01 33:1.0 138:1.0 
-0.01 -0.01 
-0.01 -0.01 
-0.01 -0.01 34:1.0 76:1.0 193:1.0 
-0.01 -0.01 
-0.0 -0.01 124:1.0 
-0.01 -0.01 
-0.01 -0.01 
-0.01 -0.01 
-0.01 -0.01 
-0.0 -0.01 13:1.0 144:1.0 
-0.01 -0.01 
-0.01 -0.01 162:1.0 
-0.01 -0.01 58:1.0 
-0.01 -0.01 
-0.0 -0.01 71:1.0 149:1.0 
-0.01 -0.01 
-0.01 -0.01 124:1.0 
-0.01 -0.01 
-0.01 -0.01 
-0.01 -0.01 
-0.01 -0.01 
-0.01 -0.01 
-0.0 -0.01 126:1.0 
-0.01 -0.01 64:1.0 
-0.01 -0.01 
-0.01 -0.01 
-0.0 -0.01 119:1.0 
-0.01 -0.01 
-0.01 -0.01 
-0.01 -0.01 
-0.0 -0.01 179:1.0 186:1.0 196:1.0 
-0.01 -0.01 47:1.0 58:1.0 172:1.0 
-0.0 -0.01 125:1.0 
-0.01 -0.01 
-0.01 -0.01 
-0.0 -0.01 82:1.0 
-0.01 -0.01 
-0.009531249999999963 -0.01 70:1.0 141:1.0 
-0.01 -0.01 
-0.01 -0.01 
-0.0 -0.01 38:1.0 
-0.01 -0.01 
-0.01 -0.01 
-0.01 -0.01 
-0.01 -0.01 
-0.01 -0.01 27:1.0 108:1.0 
-0.0 -0.01 35:1.0 
-0.0 -0.01 17:1.0 97:1.0 178:1.0 180:1.0 
-0.01 -0.01 
-0.01 -0.01 
-0.01 -0.01 
-0.01 -0.01 
-0.0 -0.01 153:1.0 
-0.01 -0.01 
-0.01 -0.01 
-0.01 -0.01 
-0.01 -0.01 
-0.01 -0.01 
-0.01 -0.01 
-0.01 -0.01 
-0.01 -0.01 
-0.01 -0.01 
-0.0 -0.01 9:1.0 
-0.01 -0.01 
-0.01 -0.01 
-0.01 -0.01 85:1.0 
-0.01 -0.01 
-0.01 -0.01 
-0.01 -0.01 
-0.01 -0.01 
-0.0 -0.01 49:1.0 115:1.0 
-0.0 -0.01 152:1.0 
-0.01 -0.01 
-0.01 -0.01 
-0.01 -0.01 
-0.01 -0.01 
-0.01 -0.01 
-0.01 -0.01 
-0.01 -0.01 
-0.01 -0.01 
-0.0 -0.01 92:1.0 
-0.0 -0.01 47:1.0 180:1.0 
-0.01 -0.01 
-0.01 -0.01 
-0.01 -0.01 
-0.01 -0.01 
-0.01 -0.01 
-0.001847222222222352 -0.01 71:1.0 79:1.0 113:1.0 
-0.0 -0.01 173:1.0 
-0.0 -0.01 70:1.0 
-0.01 -0.01 
-0.0 -0.01 78:1.0 
-0.01 -0.01 
-0.01 -0.01 
-0.01 -0.01 
-0.01 -0.01 105:1.0 
-0.01 -0.01 
-0.0 -0.01 17:1.0 
-0.01 -0.01 
-0.01 -0.01 
-0.0 -0.01 98:1.0 
-0.01 -0.01 
-0.01 -0.01 6:1.0 
-0.01 -0.01 
-0.01 -0.01 
-0.01 -0.01 
-0.01 -0.01 
-0.01 -0.01 
-0.01 -0.01 
-0.01 -0.01 
-0.01 -0.01 
-0.01 -0.01 
-0.01 -0.01 
-0.01 -0.01 
-0.01 -0.01 
-0.01 -0.01 
-0.01 -0.01 
-0.01 -0.01 
-0.01 -0.01 
-0.01 -0.01 
-0.0 -0.01 150:1.0 178:1.0 
-0.01 -0.01 
-0.01 -0.01 
-0.01 -0.01 
-0.01 -0.01 12:1.0 
-0.01 -0.01 
-0.01 -0.01 
-0.0 -0.01 21:1.0 
-0.01 -0.01 
-0.01 -0.01 
-0.0 -0.01 19:1.0 88:1.0 
-0.0 -0.01 178:1.0 
-0.01 -0.01 
-0.01 -0.01 
-0.01 -0.01 
-0.01 -0.01 
-0.01 -0.01 
-0.01 -0.01 
-0.01 -0.01 
-0.01 -0.01 
-0.01 -0.01 
-0.01 -0.01 
-0.0 -0.01 173:1.0 
-0.01 -0.01 87:1.0 
-0.01 -0.01 139:1.0 
-0.0 -0.01 125:1.0 
-0.01 -0.01 
-0.01 -0.01 70:1.0 
-0.0 -0.01 30:1.0 41:1.0 123:1.0 160:1.0 199:1.0 211:1.0 
-0.0 -0.01 149:1.0 
-0.0 -0.01 18:1.0 
-0.01 -0.01 
-0.01 -0.01 
-0.01 -0.01 
-0.01 -0.01 
-0.01 -0.01 
-0.0 -0.01 126:1.0 
-0.0 -0.01 9:1.0 
-0.0 -0.01 20:1.0 185:1.0 
-0.01 -0.01 
-0.0 -0.01 129:1.0 
-0.01 -0.01 
-0.01 -0.01 
-0.01 -0.01 
-0.01 -0.01 
-0.0 -0.01 98:1.0 
-0.01 -0.01 
-0.0 -0.01 78:1.0 98:1.0 
-0.0 -0.01 57:1.0 
-0.01 -0.01 
-0.01 -0.01 
-0.01 -0.01 
-0.01 -0.01 
-0.01 -0.01 
-0.01 -0.01 
-0.01 -0.01 
-0.01 -0.01 
-0.01 -0.01 
-0.01 -0.01 
-0.01 -0.01 
-0.0 -0.01 37:1.0 
-0.01 -0.01 
-0.01 -0.01 
-0.01 -0.01 34:1.0 76:1.0 193:1.0 
-0.01 -0.01 
-0.01 -0.01 
-0.01 -0.01 
-0.01 -0.01 
-0.01 -0.01 164:1.0 
-0.0 -0.01 179:1.0 186:1.0 196:1.0 
-0.01 -0.01 
-0.01 -0.01 
-0.01 -0.01 
-0.01 -0.01 
-0.01 -0.01 
-0.01 -0.01 
-0.01 -0.01 
-0.01 -0.01 124:1.0 
-0.01 -0.01 87:1.0 100:1.0 174:1.0 
-0.01 -0.01 
-0.01 -0.01 60:1.0 
-0.01 -0.01 
-0.0 -0.01 13:1.0 
-0.0 -0.01 30:1.0 33:1.0 
-0.01 -0.01 
-0.0050000000000000044 -0.01 87:1.0 152:1.0 
-0.01 -0.01 142:1.0 
-0.01 -0.01 
-0.01 -0.01 78:1.0 
-0.01 -0.01 
-0.01 -0.01 
-0.01 -0.01 
-0.0 -0.01 106:1.0 
-0.01 -0.01 
-0.01 -0.01 
-0.01 -0.01 
-0.01 -0.01 
-0.01 -0.01 
-0.01 -0.01 76:1.0 177:1.0 
-0.0 -0.01 163:1.0 
-0.01 -0.01 
-0.01 -0.01 
-0.01 -0.01 
-0.01 -0.01 
-0.01 -0.01 
-0.01 -0.01 
-0.01 -0.01 
-0.01 -0.01 
-0.01 -0.01 
-0.01 -0.01 
-0.01 -0.01 
-0.01 -0.01 10:1.0 147:1.0 182:1.0 
-0.01 -0.01 
-0.01 -0.01 
-0.0 -0.01 173:1.0 
-0.01 -0.01 98:1.0 114:1.0 
-0.01 -0.01 
-0.0 -0.01 109:1.0 
-0.0 -0.01 63:1.0 140:1.0 151:1.0 
-0.01 -0.01 
-0.01 -0.01 
-0.01 -0.01 
-0.01 -0.01 
-0.01 -0.01 
-0.01 -0.01 
-0.01 -0.01 
-0.0 -0.01 61:1.0 
-0.01 -0.01 
-0.01 -0.01 
-0.01 -0.01 
-0.01 -0.01 
-0.01 -0.01 
-0.0 -0.01 119:1.0 
-0.0 -0.01 111:1.0 116:1.0 
-0.01 -0.01 
-0.0 -0.01 61:1.0 
-0.01 -0.01 
-0.01 -0.01 
-0.01 -0.01 
-0.01 -0.01 
-0.01 -0.01 
-0.01 -0.01 
-0.01 -0.01 
-0.0 -0.01 16:1.0 177:1.0 
-0.01 -0.01 
-0.0 -0.01 115:1.0 
-0.01 -0.01 
-0.01 -0.01 
-0.01 -0.01 
-0.01 -0.01 124:1.0 
-0.01 -0.01 
-0.01 -0.01 
-0.01 -0.01 
-0.01 -0.01 
-0.01 -0.01 
-0.01 -0.01 
-0.01 -0.01 40:1.0 106:1.0 
-0.0 -0.01 112:1.0 
-0.01 -0.01 
-0.01 -0.01 119:1.0 
-0.01 -0.01 
-0.01 -0.01 
-0.01 -0.01 
-0.01 -0.01 
-0.01 -0.01 
-0.01 -0.01 
-0.01 -0.01 
-0.01 -0.01 
-0.0 -0.01 38:1.0 
-0.01 -0.01 
-0.0 -0.01 158:1.0 
-0.01 -0.01 
-0.01 -0.01 
-0.01 -0.01 23:1.0 
-0.01 -0.01 
-0.0 -0.01 180:1.0 
-0.01 -0.01 
-0.0 -0.01 41:1.0 160:1.0 211:1.0 
-0.01 -0.01 
-0.01 -0.01 
-0.01 -0.01 
-0.0 -0.01 41:1.0 160:1.0 211:1.0 
-0.01 -0.01 
-0.01 -0.01 124:1.0 
-0.01 -0.01 
-0.01 -0.01 
-0.01 -0.01 121:1.0 
-0.01 -0.01 
-0.01 -0.01 
-0.01 -0.01 
-0.01 -0.01 
-0.0 -0.01 90:1.0 
-0.01 -0.01 
-0.01 -0.01 
-0.01 -0.01 
-0.01 -0.01 
-0.01 -0.01 
-0.01 -0.01 
-0.01 -0.01 
-0.01 -0.01 
-0.01 -0.01 
-0.01 -0.01 
-0.0 -0.01 68:1.0 
-0.01 -0.01 
-0.01 -0.01 
-0.0 -0.01 111:1.0 
-0.01 -0.01 
-0.01 -0.01 46:1.0 131:1.0 
-0.01 -0.01 
-0.0 -0.01 38:1.0 
-0.01 -0.01 
-0.01 -0.01 42:1.0 158:1.0 
-0.01 -0.01 
-0.01 -0.01 61:1.0 
-0.01 -0.01 
-0.01 -0.01 
-0.01 -0.01 
-0.0 -0.01 113:1.0 
-0.01 -0.01 27:1.0 
-0.01 -0.01 
-0.01 -0.01 
-0.01 -0.01 
-0.01 -0.01 
-0.0 -0.01 173:1.0 
-0.01 -0.01 
-0.0 -0.01 178:1.0 
-0.0 -0.01 173:1.0 
-0.01 -0.01 34:1.0 76:1.0 94:1.0 148:1.0 167:1.0 193:1.0 197:1.0 204:1.0 207:1.0 218:1.0 220:1.0 
-0.01 -0.01 
-0.0 -0.01 65:1.0 104:1.0 116:1.0 151:1.0 
-0.01 -0.01 
-0.01 -0.01 
-0.01 -0.01 
-0.01 -0.01 
-0.01 -0.01 
-0.01 -0.01 133:1.0 
-0.01 -0.01 
-0.004746527777777778 -0.01 8:1.0 182:1.0 
-0.01 -0.01 
-0.01 -0.01 
-0.0 -0.01 5:1.0 74:1.0 75:1.0 81:1.0 192:1.0 198:1.0 201:1.0 216:1.0 217:1.0 
-0.01 -0.01 
-0.01 -0.01 
-0.01 -0.01 
-0.01 -0.01 
-0.01 -0.01 
-0.01 -0.01 
-0.01 -0.01 
-0.01 -0.01 
-0.01 -0.01 
-0.01 -0.01 
-0.01 -0.01 
-0.01 -0.01 
-0.01 -0.01 145:1.0 
-0.01 -0.01 
-0.01 -0.01 
-0.01 -0.01 
-0.01 -0.01 
-0.01 -0.01 
-0.01 -0.01 
-0.0 -0.01 136:1.0 
-0.0 -0.01 37:1.0 
-0.01 -0.01 
-0.01 -0.01 
-0.01 -0.01 
-0.01 -0.01 
-0.01 -0.01 
-0.01 -0.01 
-0.0 -0.01 111:1.0 
-0.01 -0.01 
-0.01 -0.01 
-0.01 -0.01 
-0.01 -0.01 
-0.01 -0.01 
-0.01 -0.01 
-0.01 -0.01 190:1.0 
-0.01 -0.01 
-0.01 -0.01 
-0.0 -0.01 173:1.0 
-0.01 -0.01 
-0.01 -0.01 
-0.01 -0.01 
-0.0 -0.01 89:1.0 
-0.01 -0.01 
-0.0 -0.01 184:1.0 
-4.3055555555561974E-4 -0.01 70:1.0 
-0.01 -0.01 
-0.01 -0.01 
-0.01 -0.01 
-0.01 -0.01 
-0.01 -0.01 
-0.01 -0.01 
-0.01 -0.01 
-0.01 -0.01 
-0.01 -0.01 
-0.0 -0.01 72:1.0 
-0.004999999999999996 -0.01 43:1.0 99:1.0 
-0.01 -0.01 32:1.0 
-0.01 -0.01 
-0.0050000000000000044 -0.01 85:1.0 116:1.0 
-0.01 -0.01 
-0.01 -0.01 
-0.01 -0.01 
-0.01 -0.01 
-0.01 -0.01 
-0.01 -0.01 
-0.01 -0.01 23:1.0 
-0.01 -0.01 118:1.0 
-0.01 -0.01 
-0.01 -0.01 
-0.01 -0.01 31:1.0 
-0.01 -0.01 
-0.01 -0.01 98:1.0 114:1.0 
-0.01 -0.01 
-0.01 -0.01 
-0.01 -0.01 
-0.01 -0.01 23:1.0 
-0.01 -0.01 
-0.01 -0.01 
-0.01 -0.01 
-0.01 -0.01 
-0.01 -0.01 
-0.01 -0.01 
-0.01 -0.01 
-0.01 -0.01 
-0.01 -0.01 
-0.0 -0.01 10:1.0 
-0.01 -0.01 
-0.01 -0.01 
-0.01 -0.01 
-0.01 -0.01 
-0.01 -0.01 
-0.01 -0.01 
-0.01 -0.01 
-0.01 -0.01 4:1.0 
-0.01 -0.01 
-0.0 -0.01 109:1.0 
-0.01 -0.01 
-0.0 -0.01 96:1.0 
-0.01 -0.01 
-0.0 -0.01 90:1.0 
-0.0 -0.01 95:1.0 
-0.01 -0.01 
-0.0 -0.01 131:1.0 
-0.01 -0.01 
-0.01 -0.01 
-0.01 -0.01 
-0.01 -0.01 
-0.01 -0.01 
-0.01 -0.01 
-0.01 -0.01 
-0.008388888888888845 -0.01 71:1.0 
-0.01 -0.01 25:1.0 
-0.01 -0.01 
-0.01 -0.01 
-0.0 -0.01 182:1.0 
-0.01 -0.01 
-0.01 -0.01 
-0.0 -0.01 3:1.0 120:1.0 
-0.01 -0.01 
-0.0 -0.01 153:1.0 
-0.0 -0.01 153:1.0 
-0.01 -0.01 
-0.01 -0.01 
-0.01 -0.01 
-0.0 -0.01 9:1.0 
-0.01 -0.01 
-0.01 -0.01 
-0.01 -0.01 
-0.01 -0.01 
-0.01 -0.01 
-0.01 -0.01 
-0.0 -0.01 62:1.0 
-0.01 -0.01 
-0.01 -0.01 
-0.01 -0.01 
-0.01 -0.01 
-0.01 -0.01 
-0.01 -0.01 
-0.01 -0.01 
-0.01 -0.01 
-0.01 -0.01 
-0.01 -0.01 142:1.0 
-0.01 -0.01 
-0.003986111111111052 -0.01 
-0.0 -0.01 
-0.0 -0.01 
-0.0 -0.01 
-0.0 -0.01 35:1.0 
-0.0 -0.01 
