svm_type c_svc
kernel_type rbf
gamma 0.1
nr_class 3
total_sv 1963
rho -1.2709903006037262 -2.287306351624202 1.7928722711479361
label 2 0 1
nr_sv 499 788 676
SV
10.0 10.0 
10.0 10.0 
10.0 10.0 
10.0 10.0 
5.1429175386325525 4.864315338388053 100:1.0 142:1.0 
10.0 10.0 
10.0 10.0 
10.0 10.0 
10.0 10.0 
10.0 10.0 
10.0 10.0 
10.0 10.0 
10.0 10.0 
10.0 10.0 
10.0 10.0 138:1.0 
10.0 10.0 
10.0 10.0 
10.0 10.0 
10.0 10.0 
10.0 10.0 
10.0 9.569526843810191 32:1.0 
10.0 10.0 
10.0 10.0 
10.0 9.407565042180952 60:1.0 
10.0 10.0 
10.0 10.0 
10.0 10.0 103:1.0 
10.0 10.0 
10.0 10.0 
10.0 10.0 
10.0 10.0 
10.0 10.0 
10.0 10.0 
9.843389004436144 10.0 71:1.0 
10.0 10.0 
10.0 10.0 
10.0 10.0 
10.0 10.0 
0.0 0.7834567673499171 12:1.0 28:1.0 73:1.0 
10.0 10.0 
0.5538895479714775 0.0 76:1.0 94:1.0 167:1.0 181:1.0 197:1.0 207:1.0 220:1.0 
10.0 10.0 
10.0 10.0 
10.0 10.0 
10.0 10.0 
10.0 10.0 
10.0 10.0 
10.0 10.0 
10.0 10.0 
10.0 10.0 
10.0 10.0 
10.0 10.0 
10.0 9.308770703486372 50:1.0 
10.0 10.0 
10.0 10.0 
10.0 10.0 
10.0 9.511651350986417 133:1.0 
10.0 10.0 
10.0 10.0 
10.0 10.0 
10.0 10.0 
10.0 10.0 16:1.0 
10.0 10.0 142:1.0 
10.0 10.0 
10.0 10.0 
10.0 10.0 
10.0 10.0 
10.0 10.0 
7.316400928074056 8.444622052584085 14:1.0 
10.0 10.0 
10.0 10.0 11:1.0 
10.0 10.0 
10.0 10.0 
10.0 10.0 
10.0 10.0 
10.0 10.0 
10.0 10.0 
10.0 10.0 
10.0 10.0 
10.0 10.0 
10.0 10.0 
10.0 10.0 
10.0 10.0 
0.0 7.753835814062093 174:1.0 
2.9881056389095324 9.174567998066825 34:1.0 76:1.0 94:1.0 148:1.0 167:1.0 193:1.0 197:1.0 204:1.0 207:1.0 218:1.0 220:1.0 
10.0 10.0 
9.842276250644352 9.743048750922624 174:1.0 
10.0 10.0 
10.0 10.0 
3.3179460130145437 7.06040460645632 12:1.0 147:1.0 
10.0 10.0 
10.0 10.0 
10.0 10.0 
10.0 10.0 
10.0 10.0 
0.0 9.904322792401278 114:1.0 
10.0 10.0 
10.0 10.0 
10.0 10.0 
10.0 9.798740182880264 133:1.0 
10.0 10.0 
10.0 10.0 
10.0 10.0 
10.0 10.0 
10.0 10.0 
10.0 10.0 
10.0 10.0 
10.0 3.7620623774455595 55:1.0 
10.0 9.574042609643898 94:1.0 
10.0 10.0 
10.0 10.0 
10.0 10.0 
10.0 10.0 
10.0 9.310269665499181 181:1.0 
10.0 10.0 
10.0 10.0 
10.0 10.0 
10.0 10.0 
10.0 10.0 
10.0 10.0 
10.0 10.0 
10.0 10.0 
10.0 10.0 
10.0 10.0 59:1.0 
10.0 10.0 
10.0 10.0 
10.0 10.0 
10.0 10.0 
10.0 10.0 
10.0 10.0 
10.0 10.0 
10.0 10.0 
10.0 10.0 
10.0 10.0 139:1.0 
10.0 10.0 
10.0 10.0 
10.0 10.0 
10.0 10.0 
10.0 10.0 
10.0 10.0 
10.0 10.0 
10.0 10.0 
10.0 10.0 
10.0 10.0 
5.147578123183397 1.2696964796909038 99:1.0 164:1.0 
10.0 10.0 
10.0 10.0 
10.0 10.0 
10.0 10.0 
10.0 10.0 4:1.0 6:1.0 
10.0 10.0 124:1.0 
3.1324159507536273 3.385398202740275 4:1.0 6:1.0 85:1.0 
9.065236898754456 10.0 87:1.0 
10.0 10.0 
9.893862497302585 9.914568464707578 14:1.0 
10.0 10.0 
10.0 10.0 121:1.0 
10.0 0.0 170:1.0 
9.826792733889627 10.0 87:1.0 
10.0 10.0 47:1.0 124:1.0 
10.0 10.0 
10.0 10.0 
10.0 10.0 78:1.0 
10.0 10.0 
0.0 3.014366158357855 53:1.0 64:1.0 172:1.0 
10.0 9.73842155054687 32:1.0 
10.0 10.0 
10.0 10.0 
10.0 10.0 
10.0 10.0 
10.0 10.0 
10.0 10.0 
10.0 10.0 
10.0 10.0 
1.633480622481072 0.22644024260438278 23:1.0 76:1.0 167:1.0 197:1.0 
10.0 10.0 
10.0 10.0 
10.0 10.0 
10.0 10.0 
10.0 10.0 
10.0 10.0 
10.0 10.0 
10.0 10.0 
10.0 10.0 
0.0 8.678515908113237 58:1.0 
10.0 10.0 
10.0 10.0 
10.0 10.0 
10.0 10.0 
10.0 10.0 23:1.0 
10.0 10.0 
10.0 10.0 
10.0 10.0 
10.0 10.0 
10.0 10.0 
10.0 10.0 
10.0 10.0 
10.0 10.0 
0.0 7.025975743544799 164:1.0 
10.0 10.0 168:1.0 
10.0 10.0 
10.0 10.0 76:1.0 
10.0 10.0 
9.84311732625889 10.0 114:1.0 
10.0 10.0 
10.0 10.0 
10.0 10.0 25:1.0 
10.0 10.0 
10.0 10.0 23:1.0 
10.0 10.0 
10.0 10.0 
10.0 10.0 
10.0 0.0 166:1.0 
10.0 10.0 
9.843476905967286 10.0 108:1.0 
10.0 10.0 
10.0 10.0 79:1.0 
10.0 10.0 
10.0 10.0 
10.0 9.235515679358768 134:1.0 190:1.0 
10.0 10.0 
10.0 10.0 
0.0 10.0 58:1.0 
10.0 10.0 16:1.0 
10.0 10.0 
4.226560060965042 0.0 94:1.0 147:1.0 148:1.0 189:1.0 204:1.0 
10.0 10.0 
10.0 10.0 
8.981183493209972 10.0 70:1.0 79:1.0 
10.0 10.0 
10.0 10.0 
10.0 10.0 
10.0 2.4708605990978576 67:1.0 76:1.0 
10.0 10.0 
10.0 10.0 70:1.0 
10.0 0.0 166:1.0 
10.0 10.0 
10.0 10.0 
10.0 10.0 
10.0 10.0 
10.0 10.0 
10.0 10.0 124:1.0 
10.0 10.0 
10.0 10.0 
10.0 10.0 
10.0 10.0 
10.0 10.0 
0.4442743744300852 0.0 128:1.0 137:1.0 154:1.0 194:1.0 202:1.0 221:1.0 
10.0 10.0 
10.0 10.0 147:1.0 
10.0 10.0 
10.0 10.0 
10.0 10.0 105:1.0 
10.0 10.0 
10.0 10.0 
10.0 10.0 
10.0 10.0 
10.0 9.913417652144227 55:1.0 
0.0 2.2413009314031367 31:1.0 84:1.0 
10.0 10.0 
10.0 10.0 
0.0 10.0 31:1.0 
9.844410303020474 10.0 31:1.0 
10.0 10.0 
10.0 10.0 
10.0 10.0 
10.0 10.0 
10.0 10.0 
10.0 10.0 
10.0 10.0 
10.0 9.51458565381957 166:1.0 
10.0 10.0 
10.0 10.0 
10.0 10.0 
10.0 10.0 
4.463718093258303 2.2426376873214906 84:1.0 165:1.0 
10.0 10.0 
10.0 10.0 
10.0 10.0 
10.0 10.0 
10.0 10.0 
10.0 10.0 
10.0 10.0 172:1.0 
10.0 9.797423289883788 166:1.0 
10.0 10.0 
10.0 10.0 
0.0 10.0 164:1.0 
10.0 10.0 
10.0 10.0 
10.0 10.0 
10.0 10.0 
10.0 10.0 
9.794215071914245 0.0 133:1.0 168:1.0 
10.0 10.0 
10.0 10.0 
10.0 10.0 
10.0 10.0 
10.0 9.309602957475654 24:1.0 
10.0 10.0 
10.0 10.0 
10.0 10.0 
10.0 10.0 
10.0 10.0 
10.0 10.0 
10.0 10.0 
10.0 10.0 
6.18927062625449 2.241300931403125 84:1.0 127:1.0 
9.843463270585445 9.310451087542805 161:1.0 
10.0 10.0 
10.0 10.0 
10.0 10.0 
10.0 10.0 
10.0 10.0 
10.0 10.0 
10.0 10.0 
10.0 10.0 
10.0 10.0 19:1.0 
10.0 10.0 
10.0 9.311140688213637 170:1.0 
10.0 10.0 
10.0 10.0 
10.0 10.0 
10.0 10.0 
10.0 10.0 
10.0 10.0 
0.0 10.0 164:1.0 
10.0 10.0 
10.0 10.0 
10.0 10.0 
10.0 10.0 
10.0 10.0 
10.0 10.0 
10.0 10.0 
10.0 10.0 
10.0 10.0 
10.0 10.0 
10.0 10.0 
10.0 10.0 
10.0 10.0 
10.0 10.0 
10.0 10.0 
10.0 10.0 
10.0 10.0 
10.0 10.0 
10.0 10.0 
10.0 10.0 
10.0 10.0 
10.0 10.0 
10.0 10.0 
10.0 10.0 
9.843459506146543 8.670701490167778 73:1.0 
10.0 10.0 
10.0 10.0 
10.0 10.0 
9.952381660885488 8.36405007476702 40:1.0 
10.0 10.0 
10.0 10.0 
10.0 10.0 
10.0 10.0 
10.0 10.0 
10.0 10.0 
10.0 10.0 
10.0 10.0 
5.506461181984965 5.746668669373503 27:1.0 101:1.0 
10.0 10.0 
10.0 10.0 
10.0 10.0 
9.842801441773723 9.902884157364221 60:1.0 
10.0 10.0 
7.6710336495893205 10.0 46:1.0 
10.0 10.0 
10.0 10.0 
10.0 10.0 
10.0 10.0 
10.0 10.0 
10.0 10.0 
10.0 10.0 
10.0 10.0 
10.0 10.0 
10.0 10.0 
10.0 10.0 
10.0 10.0 
10.0 10.0 
10.0 10.0 
10.0 10.0 
10.0 10.0 
10.0 10.0 145:1.0 
10.0 10.0 
0.0 6.698376673987369 27:1.0 108:1.0 
10.0 10.0 
10.0 10.0 
10.0 10.0 
10.0 10.0 
9.843327539189788 10.0 119:1.0 
10.0 10.0 
10.0 10.0 
10.0 10.0 
10.0 10.0 
10.0 10.0 
10.0 10.0 
10.0 10.0 
10.0 10.0 
10.0 10.0 
10.0 10.0 
10.0 10.0 
10.0 10.0 
0.0 10.0 28:1.0 87:1.0 
10.0 10.0 
10.0 10.0 
10.0 10.0 
10.0 10.0 
10.0 10.0 
10.0 9.30882610332789 159:1.0 169:1.0 
10.0 10.0 
10.0 10.0 
10.0 10.0 
10.0 10.0 
10.0 10.0 
1.798832916760052 3.1286858469297854 8:1.0 46:1.0 61:1.0 64:1.0 162:1.0 
4.860945786358176 10.0 27:1.0 
9.843374117100133 10.0 182:1.0 
10.0 10.0 
10.0 10.0 
10.0 10.0 
10.0 10.0 
1.1814675887835573 2.1457708636509962 22:1.0 46:1.0 64:1.0 
10.0 10.0 
10.0 10.0 
10.0 10.0 
10.0 10.0 
10.0 10.0 
10.0 10.0 
10.0 9.310583427080289 171:1.0 
10.0 10.0 
5.240433884319754 4.260976279594441 1:1.0 29:1.0 
10.0 10.0 
10.0 10.0 
10.0 10.0 141:1.0 
5.605117533745016 0.0 7:1.0 
10.0 10.0 85:1.0 
10.0 10.0 
10.0 10.0 
10.0 10.0 
10.0 0.739614968471507 128:1.0 137:1.0 154:1.0 194:1.0 202:1.0 221:1.0 
10.0 10.0 
10.0 10.0 
10.0 10.0 
10.0 10.0 
10.0 10.0 
10.0 10.0 
10.0 10.0 
10.0 8.485866026675687 42:1.0 
9.72609642577424 9.311579352932583 7:1.0 
10.0 10.0 
5.615320070105506 0.0 1:1.0 101:1.0 
10.0 10.0 
10.0 10.0 
10.0 10.0 
10.0 10.0 
10.0 10.0 
10.0 10.0 
10.0 10.0 
10.0 10.0 
10.0 10.0 
10.0 10.0 
10.0 10.0 
10.0 10.0 
10.0 10.0 53:1.0 
10.0 10.0 
10.0 10.0 
10.0 10.0 
10.0 10.0 
9.81884797492461 6.288998449647413 100:1.0 
10.0 10.0 
10.0 10.0 
10.0 10.0 
5.186541147012975 9.231569323630497 164:1.0 
10.0 10.0 
10.0 10.0 
10.0 10.0 
1.0227704774104125 0.08815793494205894 67:1.0 94:1.0 124:1.0 148:1.0 167:1.0 187:1.0 204:1.0 207:1.0 218:1.0 
10.0 10.0 
5.370429823691764 6.8086331107367934 100:1.0 
10.0 10.0 
10.0 10.0 
10.0 10.0 
10.0 10.0 
10.0 10.0 
9.88986166106923 9.994648970840407 40:1.0 
9.843360900421583 8.818397095124075 58:1.0 
10.0 10.0 
10.0 10.0 
10.0 10.0 
10.0 9.86992448467887 42:1.0 
10.0 10.0 
10.0 10.0 23:1.0 
4.232935752746675 1.0236941619536069 76:1.0 167:1.0 197:1.0 
10.0 10.0 
10.0 10.0 118:1.0 
-0.6326071114306432 0.7419435421142869 2:1.0 91:1.0 
-1.2573663890547275 1.5278398468269347 121:1.0 
-0.0 10.0 78:1.0 
-5.581826389075206 10.0 142:1.0 
-0.0 0.7756438465818105 93:1.0 
-0.0 1.63043527484153 116:1.0 159:1.0 
-0.0 0.7072225877879817 85:1.0 
-1.8478647927475782 2.138232311354308 8:1.0 77:1.0 
-0.0 10.0 90:1.0 
-0.4856802973250379 0.0 42:1.0 
-10.0 10.0 4:1.0 
-0.6455694255788117 0.7421240255935792 15:1.0 102:1.0 
-0.0138240061915748 0.0 32:1.0 
-0.3473675147204474 0.7463628257664416 136:1.0 
-1.2469419839715357 1.5371781609671007 107:1.0 203:1.0 
-0.0 0.8532514921972703 89:1.0 129:1.0 178:1.0 
-1.3143352930743988 10.0 11:1.0 
-0.9926023255605668 10.0 162:1.0 173:1.0 
-1.1898674755601633 7.83279933517242 88:1.0 
-1.1918967108191774 10.0 78:1.0 98:1.0 
-0.0 10.0 113:1.0 
-1.1893747381165243 10.0 90:1.0 
-0.0 1.4499478090213318 34:1.0 66:1.0 76:1.0 193:1.0 
-10.0 0.0 170:1.0 
-0.256909535999652 0.0 55:1.0 
-0.6912358011932709 1.4648982842441907 20:1.0 179:1.0 186:1.0 196:1.0 
-1.1897406712446972 10.0 17:1.0 
-8.847571503825584 0.8311393075826271 85:1.0 94:1.0 147:1.0 189:1.0 
-0.028905647716484573 10.0 85:1.0 
-0.6060512374135741 10.0 92:1.0 
-10.0 0.0 42:1.0 
-2.4635287246991235 10.0 34:1.0 66:1.0 76:1.0 193:1.0 
-0.3289870318205294 0.0 112:1.0 
-0.0 10.0 113:1.0 
-10.0 1.4689811623308833 181:1.0 
-10.0 2.740933684628141 76:1.0 
-10.0 5.988647185870945 40:1.0 
-0.6062387451046461 10.0 185:1.0 
-0.0 10.0 38:1.0 
-0.022383508317076372 0.0 24:1.0 
-1.5508165886431595 10.0 23:1.0 
-0.0 0.8692229561661606 49:1.0 
-0.07777260287603545 0.0 16:1.0 
-8.99653695171483 5.799380811644544 14:1.0 43:1.0 67:1.0 
-0.0 1.9814903196525573 21:1.0 
-0.023699349487886375 0.0 2:1.0 
-0.5960029569491372 10.0 93:1.0 
-0.32195850847080115 0.5172090290833723 65:1.0 179:1.0 
-0.7238552414937047 1.3882355539950415 30:1.0 95:1.0 113:1.0 123:1.0 199:1.0 
-1.978491548739414 0.0 101:1.0 165:1.0 
-10.0 2.1240667635377153 100:1.0 
-0.6438303936631644 10.0 20:1.0 185:1.0 
-0.005491770651759519 10.0 131:1.0 
-10.0 2.5776891427936452 16:1.0 
-0.01109829564975268 0.0 146:1.0 
-1.190110373293998 10.0 153:1.0 
-0.01643067371131978 0.0 184:1.0 
-0.0 1.7035346678329073 72:1.0 
-0.0 10.0 68:1.0 
-0.0 10.0 124:1.0 
-0.6958373888890381 1.0188475079819073 65:1.0 113:1.0 
-10.0 1.866777660362159 7:1.0 128:1.0 137:1.0 154:1.0 194:1.0 202:1.0 221:1.0 
-0.11297604846951462 10.0 125:1.0 
-0.0 10.0 78:1.0 
-0.5877219855885341 3.526493040475396 36:1.0 180:1.0 
-0.01751628814137418 2.0626110951798107 89:1.0 
-0.0 0.7739369841034587 15:1.0 178:1.0 
-3.331422019098737 0.0 67:1.0 
-0.0 10.0 38:1.0 99:1.0 149:1.0 
-1.1272745892833484 10.0 33:1.0 104:1.0 
-0.6460297572362268 0.7958051023986843 50:1.0 136:1.0 
-10.0 0.0 133:1.0 
-10.0 0.2319346541019961 166:1.0 
-10.0 0.0 170:1.0 
-0.7487671360857169 0.9204646177507881 39:1.0 54:1.0 80:1.0 110:1.0 130:1.0 135:1.0 157:1.0 176:1.0 190:1.0 195:1.0 200:1.0 205:1.0 206:1.0 210:1.0 212:1.0 213:1.0 214:1.0 215:1.0 219:1.0 222:1.0 
-0.0 6.258155409491783 10:1.0 122:1.0 126:1.0 
-0.7891057548271082 9.486448732211802 21:1.0 
-4.593951248295546 0.5594850283832613 72:1.0 122:1.0 138:1.0 
-10.0 10.0 25:1.0 
-0.0 0.23586777629792152 159:1.0 
-0.0 10.0 70:1.0 
-10.0 10.0 23:1.0 
-0.0 10.0 116:1.0 
-0.6137163014134077 2.3256773153434174 10:1.0 78:1.0 
-0.10159409018449037 0.855259206911566 82:1.0 113:1.0 
-0.4796683289656762 9.605048206873226 63:1.0 140:1.0 151:1.0 
-10.0 2.0688237408515144 133:1.0 
-0.012002025773226736 10.0 179:1.0 186:1.0 196:1.0 
-0.0 0.8678122971140814 3:1.0 
-0.15189779038071904 0.0 150:1.0 
-9.875447227061244 10.0 11:1.0 
-6.882467342436546 5.182055116628593 52:1.0 76:1.0 94:1.0 148:1.0 167:1.0 197:1.0 204:1.0 207:1.0 218:1.0 220:1.0 
-0.11109304152685613 10.0 145:1.0 
-0.0 0.785461687431632 152:1.0 178:1.0 
-0.0 2.3356204220343995 
-0.0 10.0 
-0.0 10.0 
-0.0 0.7459574335177288 68:1.0 102:1.0 
-10.0 7.959930059837245 19:1.0 101:1.0 
-0.0 10.0 
-0.0 10.0 
-0.0 10.0 
-0.019347421061187645 1.7437973831131506 62:1.0 
-0.0 10.0 
-0.17684666249622674 10.0 150:1.0 173:1.0 
-0.028924292278942238 2.111600603787607 57:1.0 
-0.0 10.0 
-0.0 10.0 
-0.0 10.0 
-0.0 10.0 
-0.0 10.0 
-0.0 10.0 
-0.0 10.0 
-0.0 10.0 
-0.0 10.0 
-0.0 10.0 
-0.0 10.0 
-0.0 10.0 
-0.0 10.0 
-0.0 10.0 
-0.0 10.0 
-0.0 10.0 
-0.8256283806962984 0.9432345510234919 39:1.0 54:1.0 80:1.0 110:1.0 135:1.0 157:1.0 176:1.0 190:1.0 200:1.0 210:1.0 212:1.0 214:1.0 
-0.03085589325571688 10.0 158:1.0 
-0.0 10.0 
-0.0 10.0 
-0.5668591258097198 0.9189633064974688 132:1.0 
-1.1250341152146952 2.438447291999136 149:1.0 155:1.0 
-0.2474629221060128 0.0 29:1.0 
-0.0 10.0 
-0.0 10.0 
-1.320222244502848 2.2182970398277093 118:1.0 
-0.0 10.0 
-0.0 10.0 
-0.0 10.0 
-0.0 10.0 
-0.0 10.0 
-0.0 10.0 
-0.0 10.0 96:1.0 
-0.0 10.0 
-0.02458696176044741 9.458852764678877 102:1.0 
-0.0 10.0 
-0.0 10.0 
-0.0 10.0 
-1.1897825201356496 9.650588613380629 3:1.0 
-0.0 10.0 
-0.0 10.0 
-0.36817906161181907 0.0 50:1.0 
-0.0 10.0 
-0.015501416888674902 0.0 169:1.0 
-0.0 10.0 
-0.0 10.0 
-0.3038147412633025 1.9718068002599296 101:1.0 116:1.0 135:1.0 173:1.0 
-0.0 10.0 
-0.0 10.0 
-0.0 10.0 
-0.0 10.0 
-0.0 10.0 
-0.0 10.0 
-0.35701331499919703 10.0 109:1.0 
-0.0 10.0 
-0.0 10.0 
-1.1890291162614488 10.0 96:1.0 
-0.0 10.0 
-0.0 10.0 
-0.7038611252295309 0.9079239973705463 45:1.0 56:1.0 63:1.0 97:1.0 132:1.0 208:1.0 
-0.0 10.0 
-0.0 10.0 
-0.0 10.0 
-0.0 10.0 
-0.0 10.0 
-0.0 10.0 
-10.0 10.0 142:1.0 
-0.0 10.0 
-0.0 10.0 
-0.0 10.0 
-0.0 10.0 
-0.0 10.0 
-0.0 10.0 
-0.0 10.0 
-0.643709401843602 6.886883522546829 26:1.0 55:1.0 
-0.0 10.0 
-0.0 10.0 
-0.0 10.0 
-5.848007884299259 2.3313059349989733 99:1.0 
-0.0 4.701504884789883 68:1.0 
-0.0 10.0 
-0.0 10.0 
-0.06591322401666522 0.0 15:1.0 
-0.0 10.0 
-9.317125521858166 10.0 70:1.0 
-0.0 10.0 
-0.04369856501512321 0.0 83:1.0 
-0.0 10.0 
-0.0 10.0 
-0.0 10.0 
-0.0 10.0 
-0.645296178492823 6.0756167995390635 144:1.0 
-10.0 9.746472554275831 42:1.0 
-0.0 10.0 
-0.0 10.0 
-0.0 10.0 
-0.0 10.0 
-0.4431129912291227 4.450931116150554 175:1.0 180:1.0 
-0.0 10.0 
-0.0 10.0 
-0.0 10.0 
-0.0 10.0 
-0.0 10.0 
-0.0 10.0 
-0.44543075072591637 0.0 21:1.0 175:1.0 
-0.0 10.0 
-0.0 10.0 
-10.0 10.0 23:1.0 
-0.0 10.0 
-1.191157257484495 6.51206160443799 125:1.0 170:1.0 
-0.0 10.0 
-10.0 10.0 145:1.0 
-0.054280752558735615 0.0 188:1.0 
-0.0 10.0 
-0.0 10.0 
-0.0 10.0 
-0.0 10.0 
-10.0 6.03522029379739 168:1.0 
-0.0 10.0 
-0.0 10.0 
-9.976761611897174 9.38986240756239 16:1.0 
-1.0071646617264272 10.0 126:1.0 
-0.0 10.0 
-0.12793866131685172 0.0 151:1.0 
-3.903701995276715 10.0 
-10.0 10.0 
-10.0 10.0 
-10.0 10.0 
-0.0425496798905158 9.56503286703606 177:1.0 
-10.0 10.0 
-10.0 10.0 
-10.0 10.0 
-10.0 10.0 
-0.0954728255066856 0.0 183:1.0 
-10.0 10.0 
-10.0 10.0 
-10.0 10.0 
-10.0 10.0 
-10.0 10.0 
-10.0 10.0 
-10.0 10.0 
-10.0 10.0 
-10.0 10.0 
-0.0676262145361867 0.0 30:1.0 123:1.0 199:1.0 
-10.0 10.0 
-10.0 10.0 
-0.08215978781150235 0.0 120:1.0 
-0.029676195162300145 10.0 49:1.0 
-0.06057460147405233 0.0 139:1.0 
-10.0 10.0 
-10.0 10.0 
-10.0 10.0 
-10.0 10.0 
-10.0 10.0 
-10.0 10.0 
-10.0 10.0 
-10.0 10.0 
-10.0 10.0 
-10.0 10.0 
-10.0 10.0 
-10.0 10.0 
-0.0 2.6088471516038214 18:1.0 
-10.0 10.0 
-10.0 10.0 
-0.03457166308222794 0.0 143:1.0 
-10.0 10.0 
-10.0 10.0 
-10.0 10.0 
-10.0 10.0 
-0.03562193346397631 1.9025754075287051 191:1.0 
-10.0 10.0 
-0.5994454475539597 1.7940021127955814 140:1.0 
-10.0 10.0 
-10.0 10.0 
-1.1899687857601753 10.0 159:1.0 
-10.0 10.0 
-10.0 10.0 
-0.0 7.002336020915829 178:1.0 
-10.0 10.0 
-10.0 10.0 
-0.12475983796445556 0.6339224595816484 95:1.0 
-10.0 10.0 
-10.0 10.0 38:1.0 79:1.0 
-4.8186482185662465 10.0 
-10.0 10.0 
-10.0 10.0 
-0.0 1.98570305848101 5:1.0 74:1.0 75:1.0 81:1.0 192:1.0 198:1.0 201:1.0 216:1.0 217:1.0 
-10.0 10.0 
-10.0 10.0 
-10.0 10.0 
-1.1462246866271755 1.4675543068477257 83:1.0 
-10.0 10.0 
-10.0 10.0 
-10.0 10.0 
-0.014432703938509803 1.8103181174168952 48:1.0 
-0.04764689754780408 8.094820546959332 152:1.0 
-10.0 10.0 
-10.0 10.0 
-10.0 10.0 
-10.0 10.0 
-10.0 10.0 
-10.0 10.0 
-10.0 10.0 
-7.0247253428512675 6.513175889510312 6:1.0 51:1.0 
-10.0 10.0 
-10.0 10.0 
-1.2752747067864916 0.0 171:1.0 
-10.0 10.0 
-10.0 10.0 
-0.2380362810520705 0.0 134:1.0 
-10.0 10.0 
-2.3438466069896204 0.411317632924341 124:1.0 165:1.0 
-10.0 10.0 
-10.0 10.0 
-10.0 10.0 
-0.5624619455429092 0.0 45:1.0 56:1.0 151:1.0 208:1.0 
-10.0 10.0 
-1.1604664773901405 9.35698867468571 57:1.0 
-10.0 10.0 
-0.5211009286431133 0.8124096482974018 23:1.0 82:1.0 183:1.0 
-10.0 10.0 
-10.0 10.0 
-10.0 10.0 
-0.0 10.0 47:1.0 
-0.25122547240294935 9.199401921470008 151:1.0 
-10.0 10.0 
-0.6431106009696869 4.427381801048145 47:1.0 55:1.0 
-10.0 10.0 
-10.0 10.0 
-10.0 10.0 
-4.018685899394765 6.7325006218228305 68:1.0 141:1.0 
-10.0 10.0 70:1.0 
-0.1652500400774515 3.482518006000028 44:1.0 129:1.0 
-0.4022925866458618 10.0 37:1.0 
-10.0 10.0 
-10.0 10.0 
-9.91425260189168 1.4689159725934162 171:1.0 
-10.0 10.0 
-10.0 10.0 
-0.3894508247468993 0.0 66:1.0 76:1.0 
-0.1343787413046754 0.0 36:1.0 82:1.0 
-10.0 10.0 
-0.5484505246363752 0.8529238692743413 139:1.0 
-0.0 0.745104538444873 18:1.0 188:1.0 
-0.0 10.0 47:1.0 
-10.0 10.0 
-0.7946930294371805 10.0 44:1.0 
-10.0 10.0 
-7.170981416138472 9.193272515404368 85:1.0 
-10.0 10.0 
-10.0 10.0 
-10.0 10.0 
-0.25752243715855616 10.0 136:1.0 
-6.821618073030463 10.0 61:1.0 172:1.0 
-10.0 10.0 
-10.0 10.0 
-10.0 10.0 
-10.0 10.0 
-10.0 10.0 
-0.0 2.002177912549159 184:1.0 
-10.0 10.0 
-10.0 10.0 
-10.0 10.0 
-10.0 10.0 
-0.12250566021587471 0.2154748044010816 39:1.0 80:1.0 110:1.0 130:1.0 135:1.0 157:1.0 176:1.0 195:1.0 200:1.0 205:1.0 206:1.0 210:1.0 212:1.0 213:1.0 214:1.0 215:1.0 219:1.0 222:1.0 
-10.0 10.0 
-10.0 10.0 
-10.0 10.0 
-10.0 10.0 
-10.0 10.0 
-1.1424777621070952 10.0 152:1.0 
-0.31105760647672426 0.0 26:1.0 
-0.0 8.857349703790431 120:1.0 
-10.0 10.0 
-1.1358671123600335 0.7944393671761422 188:1.0 
-10.0 10.0 
-10.0 10.0 
-10.0 10.0 
-10.0 10.0 
-1.3869887827083163 9.279169162520645 16:1.0 129:1.0 187:1.0 
-10.0 10.0 
-10.0 10.0 
-10.0 10.0 
-1.1553789113575628 1.4689016521700593 143:1.0 
-1.824488068113172 10.0 124:1.0 
-10.0 10.0 
-10.0 10.0 
-10.0 9.397673495450718 133:1.0 
-10.0 10.0 
-10.0 10.0 
-10.0 10.0 
-10.0 10.0 
-10.0 10.0 
-10.0 10.0 
-10.0 10.0 
-10.0 10.0 
-10.0 10.0 
-10.0 10.0 
-0.7782392365368841 0.8507586142775773 25:1.0 42:1.0 
-0.5884442344528816 2.345743471666977 30:1.0 123:1.0 199:1.0 
-0.23589928981746305 0.0 50:1.0 
-10.0 10.0 
-0.646400718290767 10.0 92:1.0 109:1.0 
-1.1837053248565497 10.0 131:1.0 
-10.0 10.0 
-10.0 10.0 
-10.0 10.0 
-10.0 10.0 
-1.1924309609005275 1.5365439565952834 59:1.0 145:1.0 
-10.0 10.0 
-10.0 10.0 
-0.09458742316376316 0.3818856876809578 20:1.0 
-10.0 10.0 
-0.3655618002700626 2.9015864206954145 45:1.0 56:1.0 63:1.0 97:1.0 208:1.0 
-10.0 0.0 55:1.0 
-10.0 10.0 
-0.6551656064715466 0.7640720236445786 2:1.0 93:1.0 
-10.0 10.0 
-5.316150957621887 1.4704341246217545 29:1.0 
-10.0 10.0 
-10.0 10.0 124:1.0 
-10.0 10.0 
-10.0 10.0 
-10.0 10.0 
-10.0 10.0 
-0.644430500178859 9.653124873767133 112:1.0 115:1.0 
-10.0 10.0 
-10.0 10.0 
-0.637021218802997 5.7423831097644955 10:1.0 
-10.0 10.0 
-10.0 10.0 
-1.1728833692528629 8.708276704526948 89:1.0 
-10.0 10.0 
-10.0 10.0 
-10.0 10.0 
-10.0 10.0 
-10.0 10.0 
-10.0 10.0 
-1.1904207797274002 10.0 13:1.0 
-10.0 10.0 
-10.0 10.0 
-10.0 10.0 
-0.22536957206817435 0.0 169:1.0 
-0.4665550400601663 0.0 23:1.0 175:1.0 
-10.0 10.0 
-10.0 10.0 
-10.0 10.0 
-10.0 10.0 
-10.0 10.0 
-10.0 10.0 
-10.0 10.0 
-10.0 10.0 
-1.1735625974982171 9.468204740750126 184:1.0 
-10.0 10.0 
-10.0 10.0 
-10.0 10.0 
-1.1755133987260353 0.0 32:1.0 
-0.16857005630655034 10.0 30:1.0 
-10.0 10.0 
-10.0 10.0 
-10.0 10.0 
-10.0 10.0 
-10.0 10.0 
-10.0 10.0 
-10.0 10.0 
-10.0 10.0 
-10.0 10.0 
-10.0 10.0 
-10.0 10.0 
-10.0 10.0 
-0.20034499180697107 10.0 82:1.0 126:1.0 
-10.0 10.0 
-10.0 10.0 
-10.0 10.0 
-10.0 10.0 
-10.0 10.0 
-10.0 10.0 
-10.0 10.0 
-10.0 10.0 
-10.0 10.0 
-0.27888305412396075 2.7334814391159483 112:1.0 
-10.0 10.0 
-10.0 10.0 
-10.0 10.0 
-10.0 10.0 
-10.0 10.0 
-10.0 10.0 
-10.0 10.0 
-10.0 10.0 
-10.0 10.0 105:1.0 124:1.0 
-10.0 10.0 
-10.0 10.0 
-10.0 10.0 
-10.0 10.0 
-10.0 10.0 
-10.0 10.0 
-10.0 10.0 
-0.024505087836856745 0.0 86:1.0 
-10.0 10.0 
-10.0 10.0 
-10.0 10.0 
-10.0 10.0 
-10.0 10.0 
-10.0 10.0 
-10.0 10.0 
-10.0 10.0 
-10.0 1.668704503893133 32:1.0 
-10.0 10.0 
-10.0 10.0 
-10.0 10.0 
-10.0 10.0 
-10.0 1.4688414391059272 169:1.0 
-10.0 10.0 
-10.0 10.0 
-0.0 10.0 43:1.0 
-0.5710042985845651 10.0 179:1.0 186:1.0 196:1.0 
-0.0 0.7824945296208539 159:1.0 178:1.0 
-10.0 10.0 
-10.0 10.0 
-0.0 2.6900691733354827 86:1.0 
-10.0 10.0 
-10.0 1.466437263498367 134:1.0 
-10.0 10.0 
-0.0 10.0 72:1.0 
-1.0792021772044724 1.2853865216880964 116:1.0 165:1.0 
-0.0 10.0 125:1.0 
-10.0 10.0 
-0.40556650843327297 0.0 29:1.0 135:1.0 
-1.1755054350398102 9.657328037749087 48:1.0 
-10.0 10.0 
-10.0 10.0 
-10.0 10.0 
-10.0 10.0 
-1.2908930282417834 0.8526728120439597 103:1.0 
-1.9402729974438482 2.260739295348924 39:1.0 54:1.0 80:1.0 176:1.0 190:1.0 210:1.0 
-0.6497447496707018 10.0 120:1.0 
-0.2953271528276686 3.4251054214827974 26:1.0 
-0.27196834375349427 0.0 44:1.0 155:1.0 
-0.665842537788752 1.2464477103920761 36:1.0 37:1.0 144:1.0 
-10.0 10.0 
-2.1190651240819944 0.7932262090317171 24:1.0 
-10.0 10.0 
-10.0 9.799686480280592 32:1.0 
-10.0 10.0 
-10.0 10.0 
-3.603623245996779 1.6025049317725972 147:1.0 189:1.0 
-10.0 10.0 
-0.29442377163248973 9.102330375873294 37:1.0 65:1.0 116:1.0 
-4.895836467473867 2.048768139183755 22:1.0 141:1.0 
-10.0 10.0 
-10.0 10.0 
-10.0 10.0 
-0.2577724917065985 10.0 180:1.0 
-10.0 10.0 
-10.0 10.0 
-10.0 10.0 
-10.0 10.0 
-1.1895905606501347 10.0 163:1.0 
-10.0 10.0 
-10.0 10.0 
-6.791175165147135 1.4661085576523927 127:1.0 
-10.0 10.0 
-10.0 10.0 
-0.022101530740123967 0.0 69:1.0 
-10.0 10.0 
-10.0 10.0 
-1.1656391090728493 8.779842803896871 86:1.0 
-10.0 10.0 
-10.0 10.0 
-0.24665643828484285 2.419370695659809 109:1.0 
-10.0 10.0 
-9.768510640185093 0.0 55:1.0 
-10.0 10.0 
-10.0 9.951908988789414 139:1.0 
-10.0 10.0 
-10.0 10.0 
-10.0 10.0 
-10.0 10.0 
-10.0 10.0 
-10.0 10.0 87:1.0 159:1.0 
-10.0 10.0 
-10.0 10.0 
-10.0 10.0 
-10.0 10.0 
-10.0 10.0 
-10.0 10.0 
-10.0 10.0 
-1.146326521593233 10.0 177:1.0 
-10.0 10.0 
-10.0 10.0 
-10.0 10.0 
-10.0 10.0 
-10.0 10.0 
-10.0 10.0 
-10.0 10.0 
-10.0 10.0 
-0.6663435259222579 0.8028068576910389 183:1.0 
-10.0 10.0 
-10.0 10.0 
-10.0 10.0 
-10.0 10.0 
-10.0 10.0 
-10.0 9.852481302610634 23:1.0 
-10.0 10.0 
-0.6056958375436221 10.0 115:1.0 
-10.0 10.0 
-10.0 10.0 
-10.0 10.0 
-10.0 10.0 
-10.0 10.0 
-10.0 10.0 
-0.26844480749616495 9.030591462428044 104:1.0 124:1.0 
-10.0 10.0 
-10.0 10.0 
-10.0 10.0 
-10.0 10.0 
-10.0 10.0 
-1.1731915908843777 9.724875323469622 62:1.0 
-10.0 10.0 
-10.0 10.0 
-10.0 10.0 
-10.0 10.0 
-10.0 10.0 
-10.0 10.0 
-10.0 10.0 
-10.0 10.0 
-10.0 10.0 
-10.0 10.0 
-0.5412791993868041 0.09781580136594922 15:1.0 
-10.0 10.0 
-10.0 9.379039870295045 76:1.0 
-10.0 10.0 
-0.0 10.0 178:1.0 
-10.0 10.0 
-10.0 10.0 
-10.0 10.0 
-0.5606671803519859 0.8343719393848329 25:1.0 82:1.0 120:1.0 
-0.0 2.5619369466569366 69:1.0 
-10.0 10.0 59:1.0 
-10.0 10.0 
-10.0 10.0 
-10.0 10.0 
-10.0 10.0 
-10.0 10.0 
-0.6409236314594017 0.7352154291000954 102:1.0 139:1.0 
-10.0 10.0 
-10.0 10.0 
-10.0 10.0 
-10.0 10.0 
-10.0 10.0 
-10.0 10.0 
-10.0 10.0 
-10.0 10.0 
-10.0 10.0 
-10.0 10.0 
-9.901098920181669 9.663422152807765 103:1.0 
-0.5787377139729227 9.904456894726065 95:1.0 
-10.0 10.0 
-10.0 10.0 
-10.0 10.0 
-10.0 10.0 
-10.0 10.0 
-0.0 0.6134256305628155 22:1.0 163:1.0 
-9.932569419624961 9.94098838694909 121:1.0 
-1.1536487852938122 9.567254827944765 191:1.0 
-0.24140207347489948 0.0 63:1.0 132:1.0 140:1.0 
-10.0 10.0 
-10.0 10.0 
-10.0 10.0 
-10.0 10.0 
-10.0 10.0 
-0.0 0.02685111650111059 82:1.0 120:1.0 
-10.0 10.0 
-10.0 10.0 
-0.0 0.27172574387237236 82:1.0 
-10.0 10.0 60:1.0 
-10.0 10.0 
-1.167600697949525 8.906468331571652 69:1.0 
-10.0 10.0 
-10.0 10.0 
-10.0 10.0 
-10.0 10.0 
-10.0 10.0 
-10.0 0.7456232994064358 24:1.0 166:1.0 
-10.0 10.0 
-10.0 10.0 
-10.0 10.0 
-10.0 10.0 
-10.0 10.0 
-10.0 10.0 
-9.656316631315145 10.0 47:1.0 
-10.0 10.0 
-10.0 10.0 
-10.0 10.0 
-10.0 10.0 
-10.0 10.0 
-10.0 10.0 
-10.0 10.0 
-10.0 10.0 
-10.0 10.0 
-10.0 10.0 
-10.0 10.0 
-10.0 10.0 
-10.0 10.0 
-10.0 10.0 
-10.0 10.0 
-4.5931580633235205 10.0 18:1.0 53:1.0 111:1.0 
-0.0 9.307322771558015 72:1.0 
-10.0 10.0 
-0.0 0.10748124156547188 2:1.0 
-10.0 10.0 
-0.0 10.0 178:1.0 
-10.0 10.0 
-1.0711380874971073 1.2392067807959264 39:1.0 80:1.0 110:1.0 130:1.0 135:1.0 176:1.0 190:1.0 195:1.0 200:1.0 205:1.0 206:1.0 210:1.0 213:1.0 215:1.0 219:1.0 222:1.0 
-10.0 10.0 
-10.0 10.0 
-10.0 10.0 
-10.0 10.0 
-10.0 10.0 
-10.0 10.0 
-9.869514125435932 9.250092609704271 118:1.0 
-1.614756886798815 10.0 5:1.0 74:1.0 75:1.0 81:1.0 192:1.0 198:1.0 201:1.0 216:1.0 217:1.0 
-10.0 10.0 
-10.0 10.0 
-10.0 10.0 
-10.0 10.0 
-10.0 10.0 
-0.6190680713801778 0.7988467102528933 91:1.0 
-10.0 10.0 
-10.0 10.0 
-8.225234774667697 10.0 78:1.0 
-10.0 9.868652686599205 166:1.0 
-10.0 10.0 
-10.0 10.0 
-1.1789400524243498 6.002439889993932 146:1.0 
-10.0 10.0 
-1.3040260430821096 10.0 41:1.0 160:1.0 211:1.0 
-10.0 10.0 
-10.0 10.0 
-1.1592436457681707 10.0 158:1.0 
-10.0 10.0 
-10.0 10.0 
-1.304163218348965 1.6052402285826437 117:1.0 156:1.0 209:1.0 
-10.0 10.0 
-10.0 10.0 
-10.0 10.0 
-10.0 10.0 
-10.0 10.0 
-10.0 10.0 
-10.0 10.0 
-1.1602509178032974 9.64948534629829 49:1.0 
-0.8773225292203005 1.4669814832190473 150:1.0 
-10.0 10.0 
-10.0 10.0 
-10.0 10.0 
-10.0 10.0 
-10.0 10.0 
-10.0 10.0 
-10.0 0.7459420959689668 50:1.0 
-7.461266667128645 3.876711074675531 124:1.0 
-10.0 10.0 
-10.0 10.0 
-10.0 10.0 
-10.0 10.0 
-10.0 10.0 
-10.0 10.0 
-10.0 10.0 
-10.0 10.0 
-10.0 10.0 
-1.470894131874482 10.0 78:1.0 162:1.0 
-10.0 10.0 
-0.28817704120664855 2.20273177792587 101:1.0 142:1.0 
-10.0 10.0 
-10.0 10.0 
-10.0 10.0 
-6.696160786873972 0.7676781631145873 166:1.0 178:1.0 
-10.0 10.0 
-10.0 10.0 
-10.0 10.0 
-6.52637656949724 10.0 
-0.0 10.0 
-0.0 10.0 
-0.0 -10.0 
-0.0 -10.0 
-0.0 -10.0 
-0.0 -10.0 
-10.0 -9.564957040992098 28:1.0 
-0.0 -10.0 
-0.0 -10.0 
-0.2349645699898515 -10.0 125:1.0 
-10.0 -10.0 19:1.0 
-0.0 -10.0 
-0.0 -10.0 
-0.0 -10.0 
-0.0 -10.0 
-0.0 -10.0 
-0.0 -10.0 
-0.0 -10.0 
-10.0 -10.0 79:1.0 
-0.0 -10.0 
-10.0 -10.0 53:1.0 103:1.0 
-0.0 -10.0 
-0.0 -10.0 
-0.0 -10.0 
-0.16125749434871633 -10.0 185:1.0 
-0.0 -0.3321223969130329 173:1.0 
-10.0 -0.05637950595964964 31:1.0 
-0.0 -10.0 
-0.06190076745836827 -10.0 68:1.0 
-0.0 -10.0 
-0.0 -10.0 
-0.0 -10.0 
-0.0 -10.0 
-0.0 -10.0 
-0.0 -10.0 
-0.0 -10.0 
-0.0 -10.0 
-1.7212897235575377 -10.0 11:1.0 
-0.0 -10.0 
-0.0 -10.0 
-0.0 -10.0 
-0.0 -10.0 
-0.0 -10.0 
-1.7232250180032687 -10.0 191:1.0 
-1.3495812488953538 -10.0 23:1.0 120:1.0 
-0.0 -10.0 
-0.0 -0.08541981537227183 98:1.0 
-0.0 -10.0 
-0.0 -10.0 
-0.0 -10.0 
-0.0 -10.0 
-0.2953619993129494 -1.4502962398890353 111:1.0 
-0.0 -10.0 
-1.7243012556002164 -10.0 145:1.0 
-0.0 -10.0 
-0.0 -10.0 
-0.0 -10.0 
-0.0 -10.0 
-10.0 -5.047077282798412 164:1.0 168:1.0 
-0.0 -10.0 
-0.0 -10.0 
-0.0 -10.0 
-0.0 -10.0 
-0.16484108489057817 -10.0 126:1.0 
-0.0 -10.0 
-0.0 -10.0 
-0.0 -10.0 
-0.0 -10.0 
-0.0 -10.0 
-0.39602728710643176 -0.0 35:1.0 173:1.0 
-0.0 -10.0 
-0.0 -10.0 
-0.0 -10.0 
-0.0 -10.0 
-10.0 -10.0 11:1.0 
-0.0 -10.0 
-0.0 -10.0 
-0.0 -10.0 
-0.0 -10.0 
-0.0 -10.0 
-0.0 -10.0 
-0.0 -10.0 
-0.8065530061532761 -9.564957040992095 17:1.0 
-1.6278279919834946 -5.011582586028953 35:1.0 146:1.0 
-0.0 -10.0 
-0.0 -10.0 162:1.0 
-0.0 -10.0 
-0.0 -10.0 
-0.0 -10.0 
-0.0 -10.0 
-0.1465379408616788 -10.0 159:1.0 
-0.06846725397447664 -10.0 96:1.0 
-0.0 -10.0 
-0.0 -10.0 
-0.0 -10.0 
-0.0 -10.0 47:1.0 
-0.0 -10.0 
-10.0 -4.092382472572608 13:1.0 14:1.0 
-0.0 -10.0 43:1.0 
-0.2554639514683102 -10.0 92:1.0 
-1.723754583924302 -10.0 52:1.0 
-0.0 -10.0 
-0.0 -10.0 
-0.0 -10.0 
-0.0 -3.650569331252369 30:1.0 33:1.0 113:1.0 
-0.0 -10.0 
-1.7220169211136995 -10.0 86:1.0 
-0.0 -10.0 
-1.722826699704074 -10.0 69:1.0 
-1.7221715678648155 -10.0 102:1.0 
-0.0 -10.0 
-0.0 -10.0 
-0.0 -10.0 
-7.2240092115362255 -10.0 
-10.0 -10.0 
-10.0 -10.0 
-5.332725422390438 -10.0 26:1.0 55:1.0 113:1.0 
-10.0 -10.0 
-10.0 -10.0 
-10.0 -10.0 
-10.0 -10.0 
-0.3857319647655182 -6.800511404374085 38:1.0 
-0.0 -10.0 78:1.0 
-10.0 -10.0 159:1.0 
-0.7670003477502655 -0.0 173:1.0 
-1.7251605839767956 -10.0 48:1.0 
-10.0 -10.0 
-9.03154871451557 -10.0 16:1.0 187:1.0 
-10.0 -10.0 
-10.0 -10.0 
-10.0 -10.0 
-10.0 -10.0 
-10.0 -10.0 
-10.0 -10.0 
-3.0722171967336402 -10.0 142:1.0 
-10.0 -10.0 
-10.0 -10.0 
-10.0 -10.0 
-10.0 -10.0 
-10.0 -10.0 
-1.737953598237159 -10.0 47:1.0 
-10.0 -10.0 
-10.0 -10.0 
-10.0 -10.0 
-10.0 -10.0 
-10.0 -2.436622329382679 44:1.0 164:1.0 
-10.0 -10.0 
-10.0 -10.0 
-10.0 -10.0 166:1.0 
-10.0 -10.0 
-10.0 -10.0 
-0.0 -10.0 44:1.0 
-10.0 -10.0 
-0.16069605020369887 -0.365769465928943 41:1.0 160:1.0 211:1.0 
-0.24212843964403696 -10.0 78:1.0 
-10.0 -10.0 
-1.2193686227397749 -10.0 104:1.0 
-10.0 -10.0 
-10.0 -10.0 
-0.09435232352373799 -10.0 72:1.0 
-10.0 -10.0 
-10.0 -10.0 
-10.0 -10.0 
-10.0 -10.0 
-10.0 -10.0 
-10.0 -10.0 
-1.7230398325693081 -10.0 93:1.0 
-0.8809737911504728 -10.0 49:1.0 
-10.0 -10.0 
-1.114937071612854 -10.0 97:1.0 
-10.0 -10.0 
-10.0 -10.0 
-10.0 -10.0 59:1.0 
-6.780537198129185 -3.269325735789938 33:1.0 138:1.0 
-10.0 -10.0 
-10.0 -10.0 
-0.149373158850656 -3.389977537176628 34:1.0 76:1.0 193:1.0 
-10.0 -10.0 
-0.2428059235764488 -10.0 124:1.0 
-10.0 -10.0 
-10.0 -10.0 
-10.0 -10.0 
-10.0 -10.0 
-0.0 -6.218015155819216 13:1.0 144:1.0 
-3.2838583983137113 -10.0 
-3.8208058901636655 -10.0 162:1.0 
-10.0 -4.757367141316606 58:1.0 
-0.0 -10.0 
-0.8872847373595786 -0.0 71:1.0 149:1.0 
-10.0 -10.0 
-0.5671033412557134 -10.0 124:1.0 
-10.0 -10.0 
-10.0 -10.0 
-10.0 -10.0 
-10.0 -10.0 
-10.0 -10.0 
-0.0 -10.0 126:1.0 
-8.044059263452029 -9.566442970298933 64:1.0 
-10.0 -10.0 
-10.0 -10.0 
-0.0961480011788487 -0.11774709383581415 119:1.0 
-10.0 -10.0 
-10.0 -10.0 
-10.0 -10.0 
-0.0 -10.0 179:1.0 186:1.0 196:1.0 
-10.0 -5.869773093440393 47:1.0 58:1.0 172:1.0 
-0.0 -10.0 125:1.0 
-10.0 -10.0 
-10.0 -10.0 
-1.723714998006907 -10.0 82:1.0 
-10.0 -10.0 
-10.0 -8.482398241741208 70:1.0 141:1.0 
-10.0 -10.0 
-10.0 -10.0 
-0.0 -10.0 38:1.0 
-10.0 -10.0 
-10.0 -10.0 
-10.0 -10.0 
-10.0 -10.0 
-10.0 -0.0 27:1.0 108:1.0 
-0.8194078689398026 -0.0 17:1.0 97:1.0 178:1.0 180:1.0 
-10.0 -10.0 
-10.0 -10.0 
-10.0 -10.0 
-10.0 -10.0 
-0.2542227467130638 -0.09693882224205119 153:1.0 
-10.0 -10.0 
-10.0 -10.0 
-10.0 -10.0 
-10.0 -10.0 
-10.0 -10.0 
-10.0 -10.0 
-10.0 -10.0 
-10.0 -10.0 
-10.0 -10.0 
-0.236544461548398 -0.09738432304283638 9:1.0 
-10.0 -10.0 
-10.0 -10.0 
-10.0 -10.0 85:1.0 
-10.0 -10.0 
-10.0 -10.0 
-10.0 -10.0 
-10.0 -10.0 
-0.9287561338073277 -10.0 49:1.0 115:1.0 
-0.0 -10.0 152:1.0 
-10.0 -10.0 
-10.0 -10.0 
-10.0 -10.0 
-10.0 -10.0 
-10.0 -10.0 
-10.0 -10.0 
-10.0 -10.0 
-10.0 -10.0 
-1.466786487778007 -10.0 92:1.0 
-0.9353118016311844 -10.0 47:1.0 180:1.0 
-10.0 -10.0 
-10.0 -10.0 
-10.0 -10.0 
-10.0 -10.0 
-10.0 -10.0 
-3.9128928648937475 -0.0 71:1.0 79:1.0 113:1.0 
-0.23653634097080695 -10.0 70:1.0 
-10.0 -10.0 
-1.4805672799741412 -10.0 78:1.0 
-10.0 -10.0 
-10.0 -10.0 
-10.0 -10.0 
-10.0 -10.0 105:1.0 
-10.0 -10.0 
-0.30942436728337636 -10.0 17:1.0 
-10.0 -10.0 
-10.0 -10.0 
-10.0 -10.0 
-10.0 -10.0 6:1.0 
-10.0 -10.0 
-10.0 -10.0 
-10.0 -10.0 
-10.0 -10.0 
-10.0 -10.0 
-10.0 -10.0 
-10.0 -10.0 
-10.0 -10.0 
-10.0 -10.0 
-10.0 -10.0 
-10.0 -10.0 
-10.0 -10.0 
-10.0 -10.0 
-10.0 -10.0 
-10.0 -10.0 
-10.0 -10.0 
-10.0 -10.0 
-1.5038194473669797 -10.0 150:1.0 178:1.0 
-10.0 -10.0 
-10.0 -10.0 
-10.0 -10.0 
-8.751222634810246 -9.564493619044676 12:1.0 
-10.0 -10.0 
-10.0 -10.0 
-1.7229153319343675 -10.0 21:1.0 
-10.0 -10.0 
-10.0 -10.0 
-1.8058547194558343 -7.033847888588393 19:1.0 88:1.0 
-0.0 -10.0 178:1.0 
-10.0 -10.0 
-10.0 -10.0 
-10.0 -10.0 
-10.0 -10.0 
-10.0 -10.0 
-10.0 -10.0 
-10.0 -10.0 
-10.0 -10.0 
-10.0 -10.0 
-10.0 -10.0 
-10.0 -10.0 87:1.0 
-10.0 -10.0 139:1.0 
-1.4871932753069774 -10.0 125:1.0 
-10.0 -10.0 
-1.4871932753069774 -10.0 70:1.0 
-1.8892092804066734 -1.6284144179843472 30:1.0 41:1.0 123:1.0 160:1.0 199:1.0 211:1.0 
-0.9225152038822633 -10.0 149:1.0 
-1.721238453348813 -10.0 18:1.0 
-10.0 -10.0 
-10.0 -10.0 
-10.0 -10.0 
-10.0 -10.0 
-10.0 -10.0 
-1.55863386531991 -10.0 126:1.0 
-1.7262127127564075 -10.0 20:1.0 185:1.0 
-10.0 -10.0 
-1.7221578452968116 -10.0 129:1.0 
-10.0 -10.0 
-10.0 -10.0 
-10.0 -10.0 
-10.0 -10.0 
-0.0 -9.47820714311399 98:1.0 
-10.0 -10.0 
-0.0 -10.0 78:1.0 98:1.0 
-1.7237296162777795 -10.0 57:1.0 
-10.0 -10.0 
-10.0 -10.0 
-10.0 -10.0 
-10.0 -10.0 
-10.0 -10.0 
-10.0 -10.0 
-10.0 -10.0 
-10.0 -10.0 
-10.0 -10.0 
-10.0 -10.0 
-10.0 -10.0 
-0.2879674336606443 -10.0 37:1.0 
-10.0 -10.0 
-10.0 -10.0 
-4.670389264814099 -10.0 34:1.0 76:1.0 193:1.0 
-10.0 -10.0 
-10.0 -10.0 
-10.0 -10.0 
-10.0 -10.0 
-10.0 -2.791354801576652 164:1.0 
-1.8876697879339872 -10.0 179:1.0 186:1.0 196:1.0 
-10.0 -10.0 
-10.0 -10.0 
-10.0 -10.0 
-10.0 -10.0 
-10.0 -10.0 
-10.0 -10.0 
-10.0 -10.0 
-10.0 -10.0 124:1.0 
-10.0 -0.7988195612566968 87:1.0 100:1.0 174:1.0 
-10.0 -10.0 
-10.0 -10.0 60:1.0 
-10.0 -10.0 
-0.0 -10.0 13:1.0 
-0.0 -10.0 30:1.0 33:1.0 
-10.0 -10.0 
-7.209585546177232 -8.111190672843753 87:1.0 152:1.0 
-3.0513870428258962 -10.0 142:1.0 
-10.0 -10.0 
-10.0 -10.0 78:1.0 
-10.0 -10.0 
-10.0 -10.0 
-10.0 -10.0 
-0.0 -5.045033656720157 106:1.0 
-10.0 -10.0 
-10.0 -10.0 
-10.0 -10.0 
-10.0 -10.0 
-10.0 -10.0 
-3.5344551047713604 -10.0 76:1.0 177:1.0 
-1.7229664319709987 -10.0 163:1.0 
-10.0 -10.0 
-10.0 -10.0 
-10.0 -10.0 
-10.0 -10.0 
-10.0 -10.0 
-10.0 -10.0 
-10.0 -10.0 
-10.0 -10.0 
-10.0 -10.0 
-10.0 -10.0 
-10.0 -10.0 
-9.183778300695517 -1.8318380054224088 10:1.0 147:1.0 182:1.0 
-10.0 -10.0 
-10.0 -10.0 
-1.7085944593309055 -0.0 98:1.0 114:1.0 
-10.0 -10.0 
-0.1089880037387464 -10.0 109:1.0 
-1.72237723815416 -10.0 63:1.0 140:1.0 151:1.0 
-10.0 -10.0 
-10.0 -10.0 
-10.0 -10.0 
-10.0 -10.0 
-10.0 -10.0 
-10.0 -10.0 
-10.0 -10.0 
-0.7631200815023887 -0.21636496729845664 61:1.0 
-10.0 -10.0 
-10.0 -10.0 
-10.0 -10.0 
-10.0 -10.0 
-10.0 -10.0 
-1.971905887094789 -0.0 119:1.0 
-0.0 -4.197525555895767 111:1.0 116:1.0 
-10.0 -10.0 
-0.0 -8.394992464309217 61:1.0 
-10.0 -10.0 
-10.0 -10.0 
-10.0 -10.0 
-10.0 -10.0 
-10.0 -10.0 
-10.0 -10.0 
-10.0 -10.0 
-6.100128291293546 -10.0 16:1.0 177:1.0 
-10.0 -10.0 
-0.8822559688031488 -10.0 115:1.0 
-10.0 -10.0 
-10.0 -10.0 
-10.0 -10.0 
-10.0 -10.0 124:1.0 
-10.0 -10.0 
-10.0 -10.0 
-10.0 -10.0 
-10.0 -10.0 
-10.0 -10.0 
-10.0 -10.0 
-10.0 -4.997854196141172 40:1.0 106:1.0 
-1.7223273282145315 -10.0 112:1.0 
-10.0 -10.0 
-9.653470314574617 -9.44686910544258 119:1.0 
-10.0 -10.0 
-10.0 -10.0 
-10.0 -10.0 
-10.0 -10.0 
-10.0 -10.0 
-10.0 -10.0 
-10.0 -10.0 
-10.0 -10.0 
-0.0 -10.0 38:1.0 
-10.0 -10.0 
-0.0 -10.0 158:1.0 
-10.0 -10.0 
-10.0 -10.0 
-10.0 -10.0 23:1.0 
-10.0 -10.0 
-0.2683823955653354 -10.0 180:1.0 
-10.0 -10.0 
-0.0 -1.2544078765963511 41:1.0 160:1.0 211:1.0 
-10.0 -10.0 
-10.0 -10.0 
-10.0 -10.0 
-0.3273350705356044 -10.0 41:1.0 160:1.0 211:1.0 
-10.0 -10.0 
-10.0 -10.0 124:1.0 
-10.0 -10.0 
-10.0 -10.0 
-10.0 -10.0 121:1.0 
-10.0 -10.0 
-10.0 -10.0 
-10.0 -10.0 
-10.0 -10.0 
-0.2588969619423227 -10.0 90:1.0 
-10.0 -10.0 
-10.0 -10.0 
-10.0 -10.0 
-10.0 -10.0 
-10.0 -10.0 
-10.0 -10.0 
-10.0 -10.0 
-10.0 -10.0 
-10.0 -10.0 
-10.0 -10.0 
-1.6639744261064762 -10.0 68:1.0 
-10.0 -10.0 
-10.0 -10.0 
-0.0 -2.5015330249656005 111:1.0 
-10.0 -10.0 
-8.698589215966363 -9.50365658786779 46:1.0 131:1.0 
-10.0 -10.0 
-1.3369504094450708 -10.0 38:1.0 
-10.0 -10.0 
-10.0 -10.0 42:1.0 158:1.0 
-10.0 -10.0 
-3.059132510798322 -10.0 61:1.0 
-10.0 -10.0 
-10.0 -10.0 
-10.0 -10.0 
-0.0 -10.0 113:1.0 
-10.0 -9.564877630840323 27:1.0 
-10.0 -10.0 
-10.0 -10.0 
-10.0 -10.0 
-10.0 -10.0 
-0.0 -8.789008323612801 173:1.0 
-10.0 -10.0 
-0.0 -10.0 178:1.0 
-0.0 -10.0 173:1.0 
-10.0 -3.3432620620350755 34:1.0 76:1.0 94:1.0 148:1.0 167:1.0 193:1.0 197:1.0 204:1.0 207:1.0 218:1.0 220:1.0 
-10.0 -10.0 
-0.6797284470778678 -10.0 65:1.0 104:1.0 116:1.0 151:1.0 
-10.0 -10.0 
-10.0 -10.0 
-10.0 -10.0 
-10.0 -10.0 
-10.0 -10.0 
-10.0 -10.0 133:1.0 
-10.0 -10.0 
-3.619415306094829 -1.3363349215099922 8:1.0 182:1.0 
-10.0 -10.0 
-10.0 -10.0 
-2.336592027864964 -10.0 5:1.0 74:1.0 75:1.0 81:1.0 192:1.0 198:1.0 201:1.0 216:1.0 217:1.0 
-10.0 -10.0 
-10.0 -10.0 
-10.0 -10.0 
-10.0 -10.0 
-10.0 -10.0 
-10.0 -10.0 
-10.0 -10.0 
-10.0 -10.0 
-10.0 -10.0 
-10.0 -10.0 
-10.0 -10.0 
-10.0 -10.0 
-10.0 -10.0 145:1.0 
-10.0 -10.0 
-10.0 -10.0 
-10.0 -10.0 
-10.0 -10.0 
-10.0 -10.0 
-10.0 -10.0 
-1.723534782208909 -10.0 136:1.0 
-1.4380959700086806 -10.0 37:1.0 
-10.0 -10.0 
-10.0 -10.0 
-10.0 -10.0 
-10.0 -10.0 
-10.0 -10.0 
-10.0 -10.0 
-1.4297414203635395 -10.0 111:1.0 
-10.0 -10.0 
-10.0 -10.0 
-10.0 -10.0 
-10.0 -10.0 
-10.0 -10.0 
-10.0 -10.0 
-10.0 -10.0 190:1.0 
-10.0 -10.0 
-10.0 -10.0 
-0.5965207699586593 -10.0 173:1.0 
-10.0 -10.0 
-10.0 -10.0 
-10.0 -10.0 
-1.7230398325693217 -10.0 89:1.0 
-10.0 -10.0 
-1.7227288289981677 -10.0 184:1.0 
-10.0 -10.0 70:1.0 
-10.0 -10.0 
-10.0 -10.0 
-10.0 -10.0 
-10.0 -10.0 
-10.0 -10.0 
-10.0 -10.0 
-10.0 -10.0 
-10.0 -10.0 
-10.0 -10.0 
-1.6285088450119094 -10.0 72:1.0 
-2.3766244921431654 -10.0 43:1.0 99:1.0 
-10.0 -10.0 32:1.0 
-10.0 -10.0 
-2.933803061959432 -10.0 85:1.0 116:1.0 
-10.0 -10.0 
-10.0 -10.0 
-10.0 -10.0 
-10.0 -10.0 
-10.0 -10.0 
-10.0 -10.0 
-10.0 -10.0 23:1.0 
-10.0 -10.0 118:1.0 
-10.0 -10.0 
-10.0 -10.0 
-10.0 -9.510900916086653 31:1.0 
-10.0 -10.0 
-10.0 -0.0 98:1.0 114:1.0 
-10.0 -10.0 
-10.0 -10.0 
-10.0 -10.0 
-10.0 -10.0 23:1.0 
-10.0 -10.0 
-10.0 -10.0 
-10.0 -10.0 
-10.0 -10.0 
-10.0 -10.0 
-10.0 -10.0 
-10.0 -10.0 
-10.0 -10.0 
-10.0 -10.0 
-0.0 -10.0 10:1.0 
-10.0 -10.0 
-10.0 -10.0 
-10.0 -10.0 
-10.0 -10.0 
-10.0 -10.0 
-10.0 -10.0 
-10.0 -10.0 
-10.0 -10.0 4:1.0 
-10.0 -10.0 
-1.6147269942681644 -10.0 109:1.0 
-10.0 -10.0 
-1.6575592715686314 -10.0 96:1.0 
-10.0 -10.0 
-1.4637854122682603 -10.0 90:1.0 
-1.7232541774086398 -10.0 95:1.0 
-10.0 -10.0 
-0.0 -10.0 131:1.0 
-10.0 -10.0 
-10.0 -10.0 
-10.0 -10.0 
-10.0 -10.0 
-10.0 -10.0 
-10.0 -10.0 
-10.0 -10.0 
-7.719591494314105 -9.565010077676252 71:1.0 
-10.0 -10.0 25:1.0 
-10.0 -10.0 
-10.0 -10.0 
-0.9311332235998375 -6.854603885004832 182:1.0 
-10.0 -10.0 
-10.0 -10.0 
-1.1996174852089811 -10.0 3:1.0 120:1.0 
-10.0 -10.0 
-0.0 -10.0 153:1.0 
-1.4667864877780092 -9.466134192072621 153:1.0 
-10.0 -10.0 
-10.0 -10.0 
-10.0 -10.0 
-1.4871932753069774 -9.466134192072621 9:1.0 
-10.0 -10.0 
-10.0 -10.0 
-10.0 -10.0 
-10.0 -10.0 
-10.0 -10.0 
-10.0 -10.0 
-1.7229899494678533 -10.0 62:1.0 
-10.0 -10.0 
-10.0 -10.0 
-10.0 -10.0 
-10.0 -10.0 
-10.0 -10.0 
-10.0 -10.0 
-10.0 -10.0 
-10.0 -10.0 
-10.0 -10.0 
-10.0 -10.0 142:1.0 
-10.0 -10.0 
-10.0 -10.0 
-10.0 -10.0 
-10.0 -10.0 
-10.0 -10.0 
-0.0 -5.032410193474373 35:1.0 
-3.4835807757882837 -10.0 
