svm_type c_svc
kernel_type rbf
gamma 0.001
nr_class 3
total_sv 1957
rho 0.8845056501695472 0.8688732099196067 -0.9476654370085421
label 2 0 1
nr_sv 516 759 682
SV
1.0 1.0 
1.0 1.0 
1.0 1.0 
1.0 1.0 76:1.0 94:1.0 167:1.0 181:1.0 197:1.0 207:1.0 220:1.0 
1.0 1.0 
1.0 1.0 100:1.0 142:1.0 
1.0 1.0 
1.0 1.0 
1.0 1.0 
1.0 1.0 
1.0 1.0 
1.0 1.0 
1.0 1.0 
1.0 1.0 
1.0 1.0 
1.0 1.0 42:1.0 164:1.0 168:1.0 
1.0 1.0 138:1.0 
1.0 1.0 
1.0 1.0 
1.0 1.0 
1.0 1.0 
1.0 1.0 
1.0 1.0 32:1.0 
1.0 1.0 
1.0 1.0 
1.0 1.0 60:1.0 
1.0 1.0 
1.0 1.0 
1.0 1.0 103:1.0 
1.0 1.0 
1.0 1.0 
1.0 1.0 
1.0 1.0 
1.0 1.0 
1.0 1.0 
1.0 1.0 71:1.0 
1.0 1.0 
1.0 1.0 
1.0 1.0 
1.0 1.0 
1.0 1.0 12:1.0 28:1.0 73:1.0 
1.0 1.0 
1.0 1.0 76:1.0 94:1.0 167:1.0 181:1.0 197:1.0 207:1.0 220:1.0 
1.0 1.0 
1.0 1.0 
1.0 1.0 
1.0 1.0 7:1.0 
1.0 1.0 
1.0 1.0 
1.0 1.0 
1.0 1.0 
1.0 1.0 
1.0 1.0 100:1.0 
1.0 1.0 
1.0 1.0 
1.0 1.0 
1.0 1.0 50:1.0 
1.0 1.0 
1.0 1.0 
1.0 1.0 
1.0 1.0 133:1.0 
1.0 1.0 
1.0 1.0 
1.0 1.0 
1.0 1.0 
1.0 1.0 114:1.0 
1.0 1.0 16:1.0 
1.0 1.0 142:1.0 
1.0 1.0 
1.0 1.0 
1.0 1.0 34:1.0 76:1.0 94:1.0 148:1.0 167:1.0 193:1.0 197:1.0 204:1.0 207:1.0 218:1.0 220:1.0 
1.0 1.0 14:1.0 181:1.0 
1.0 1.0 
1.0 1.0 
1.0 1.0 
1.0 1.0 14:1.0 
1.0 1.0 
1.0 1.0 11:1.0 
1.0 1.0 
1.0 1.0 
1.0 1.0 
1.0 1.0 
1.0 1.0 
1.0 1.0 
1.0 1.0 
1.0 1.0 
1.0 1.0 
1.0 1.0 
1.0 1.0 
1.0 1.0 
1.0 1.0 114:1.0 164:1.0 
1.0 1.0 174:1.0 
1.0 1.0 34:1.0 76:1.0 94:1.0 148:1.0 167:1.0 193:1.0 197:1.0 204:1.0 207:1.0 218:1.0 220:1.0 
1.0 1.0 
1.0 1.0 174:1.0 
1.0 1.0 
1.0 1.0 
1.0 1.0 12:1.0 147:1.0 
1.0 1.0 
1.0 1.0 
1.0 1.0 
1.0 1.0 
1.0 1.0 
1.0 1.0 114:1.0 
1.0 1.0 
1.0 1.0 
1.0 1.0 
1.0 1.0 133:1.0 
1.0 1.0 
1.0 1.0 
1.0 1.0 
1.0 1.0 
1.0 1.0 
1.0 1.0 
1.0 1.0 
1.0 1.0 55:1.0 
1.0 1.0 94:1.0 
1.0 1.0 
1.0 1.0 
1.0 1.0 
1.0 1.0 
1.0 1.0 181:1.0 
1.0 1.0 
1.0 1.0 
1.0 1.0 
1.0 1.0 1:1.0 84:1.0 
1.0 1.0 
1.0 1.0 
1.0 1.0 
1.0 1.0 
1.0 1.0 
1.0 1.0 
1.0 1.0 59:1.0 
1.0 1.0 
1.0 1.0 
1.0 1.0 
1.0 1.0 
1.0 1.0 
1.0 1.0 
1.0 1.0 
1.0 1.0 
1.0 1.0 
1.0 1.0 128:1.0 137:1.0 154:1.0 194:1.0 202:1.0 221:1.0 
1.0 1.0 139:1.0 
1.0 1.0 
1.0 1.0 
1.0 1.0 
1.0 1.0 
1.0 1.0 
1.0 1.0 
1.0 1.0 
1.0 1.0 
1.0 1.0 
1.0 1.0 
1.0 1.0 99:1.0 164:1.0 
1.0 1.0 
1.0 1.0 
1.0 1.0 
1.0 1.0 
1.0 1.0 4:1.0 6:1.0 
1.0 1.0 124:1.0 
1.0 1.0 4:1.0 6:1.0 85:1.0 
1.0 1.0 87:1.0 
1.0 1.0 
1.0 1.0 14:1.0 
1.0 1.0 
1.0 1.0 121:1.0 
1.0 1.0 27:1.0 108:1.0 
1.0 1.0 170:1.0 
1.0 1.0 87:1.0 
1.0 1.0 47:1.0 124:1.0 
1.0 1.0 
1.0 1.0 
1.0 1.0 78:1.0 
1.0 1.0 
1.0 1.0 53:1.0 64:1.0 172:1.0 
1.0 1.0 32:1.0 
1.0 1.0 
1.0 1.0 
1.0 1.0 
1.0 1.0 
1.0 1.0 40:1.0 
1.0 1.0 
1.0 1.0 
1.0 1.0 
1.0 1.0 
1.0 1.0 23:1.0 76:1.0 167:1.0 197:1.0 
1.0 1.0 
1.0 1.0 
1.0 1.0 
1.0 1.0 
1.0 1.0 
1.0 1.0 
1.0 1.0 
1.0 1.0 
1.0 1.0 
1.0 1.0 58:1.0 
1.0 1.0 
1.0 1.0 
1.0 1.0 
1.0 1.0 
1.0 1.0 23:1.0 
1.0 1.0 
1.0 1.0 
1.0 1.0 
1.0 1.0 
1.0 1.0 
1.0 1.0 
1.0 1.0 
1.0 1.0 
1.0 1.0 164:1.0 
1.0 1.0 168:1.0 
1.0 1.0 
1.0 1.0 76:1.0 
1.0 1.0 
1.0 1.0 114:1.0 
1.0 1.0 
1.0 1.0 
1.0 1.0 25:1.0 
1.0 1.0 
1.0 1.0 23:1.0 
1.0 1.0 
1.0 1.0 
1.0 1.0 100:1.0 
1.0 1.0 
1.0 1.0 166:1.0 
1.0 1.0 
1.0 1.0 108:1.0 
1.0 1.0 
1.0 1.0 79:1.0 
1.0 1.0 
1.0 1.0 
1.0 1.0 134:1.0 190:1.0 
1.0 1.0 
1.0 1.0 
1.0 1.0 58:1.0 
1.0 1.0 16:1.0 
1.0 1.0 
1.0 1.0 94:1.0 147:1.0 148:1.0 189:1.0 204:1.0 
1.0 1.0 
1.0 1.0 
1.0 1.0 12:1.0 28:1.0 73:1.0 94:1.0 189:1.0 
1.0 1.0 70:1.0 79:1.0 
1.0 1.0 
1.0 1.0 
1.0 1.0 
1.0 1.0 67:1.0 76:1.0 
1.0 1.0 
1.0 1.0 70:1.0 
1.0 1.0 166:1.0 
1.0 1.0 
1.0 1.0 
1.0 1.0 
1.0 1.0 
1.0 1.0 
1.0 1.0 124:1.0 
1.0 1.0 
1.0 1.0 
1.0 1.0 
1.0 1.0 
1.0 1.0 
1.0 1.0 128:1.0 137:1.0 154:1.0 194:1.0 202:1.0 221:1.0 
1.0 1.0 
1.0 1.0 147:1.0 
1.0 1.0 
1.0 1.0 
1.0 1.0 105:1.0 
1.0 1.0 
1.0 1.0 
1.0 1.0 
1.0 1.0 
1.0 1.0 55:1.0 
1.0 1.0 31:1.0 84:1.0 
1.0 1.0 
1.0 1.0 
1.0 1.0 31:1.0 
1.0 1.0 31:1.0 
1.0 1.0 
1.0 1.0 
1.0 1.0 
1.0 1.0 
1.0 1.0 
1.0 1.0 
1.0 1.0 
1.0 1.0 166:1.0 
1.0 1.0 
1.0 1.0 
1.0 1.0 
1.0 1.0 
1.0 1.0 84:1.0 165:1.0 
1.0 1.0 
1.0 1.0 
1.0 1.0 
1.0 1.0 
1.0 1.0 
1.0 1.0 
1.0 1.0 172:1.0 
1.0 1.0 166:1.0 
1.0 1.0 
1.0 1.0 
1.0 1.0 164:1.0 
1.0 1.0 
1.0 1.0 
1.0 1.0 
1.0 1.0 
1.0 1.0 
1.0 1.0 133:1.0 168:1.0 
1.0 1.0 
1.0 1.0 
1.0 1.0 
1.0 1.0 
1.0 1.0 24:1.0 
1.0 1.0 
1.0 1.0 
1.0 1.0 
1.0 1.0 
1.0 1.0 
1.0 1.0 
1.0 1.0 100:1.0 
1.0 1.0 
1.0 1.0 
1.0 1.0 84:1.0 127:1.0 
1.0 1.0 161:1.0 
1.0 1.0 
1.0 1.0 
1.0 1.0 
1.0 1.0 
1.0 1.0 
1.0 1.0 
1.0 1.0 
1.0 1.0 
1.0 1.0 19:1.0 
1.0 1.0 
1.0 1.0 170:1.0 
1.0 1.0 
1.0 1.0 
1.0 1.0 
1.0 1.0 
1.0 1.0 
1.0 1.0 
1.0 1.0 164:1.0 
1.0 1.0 
1.0 1.0 
1.0 1.0 
1.0 1.0 
1.0 1.0 
1.0 1.0 
1.0 1.0 
1.0 1.0 
1.0 1.0 
1.0 1.0 
1.0 1.0 
1.0 1.0 
1.0 1.0 
1.0 1.0 
1.0 1.0 
1.0 1.0 
1.0 1.0 
1.0 1.0 
1.0 1.0 
1.0 1.0 
1.0 1.0 
1.0 1.0 
1.0 1.0 
1.0 1.0 
1.0 1.0 73:1.0 
1.0 1.0 
1.0 1.0 
1.0 1.0 
1.0 1.0 40:1.0 
1.0 1.0 
1.0 1.0 
1.0 1.0 
1.0 1.0 
1.0 1.0 
1.0 1.0 
1.0 1.0 
1.0 1.0 
1.0 1.0 27:1.0 101:1.0 
1.0 1.0 
1.0 1.0 
1.0 1.0 
1.0 1.0 60:1.0 
1.0 1.0 
1.0 1.0 46:1.0 
1.0 1.0 
1.0 1.0 
1.0 1.0 
1.0 1.0 
1.0 1.0 
1.0 1.0 
1.0 1.0 
1.0 1.0 
1.0 1.0 
1.0 1.0 
1.0 1.0 1:1.0 101:1.0 
1.0 1.0 
1.0 1.0 
1.0 1.0 
1.0 1.0 
1.0 1.0 
1.0 1.0 
1.0 1.0 145:1.0 
1.0 1.0 
1.0 1.0 27:1.0 108:1.0 
1.0 1.0 
1.0 1.0 
1.0 1.0 
1.0 1.0 
1.0 1.0 119:1.0 
1.0 1.0 
1.0 1.0 
1.0 1.0 
1.0 1.0 
1.0 1.0 
1.0 1.0 
1.0 1.0 
1.0 1.0 
1.0 1.0 
1.0 1.0 
1.0 1.0 
1.0 1.0 
1.0 1.0 28:1.0 87:1.0 
1.0 1.0 
1.0 1.0 
1.0 1.0 
1.0 1.0 
1.0 1.0 
1.0 1.0 159:1.0 169:1.0 
1.0 1.0 
1.0 1.0 
1.0 1.0 
1.0 1.0 
1.0 1.0 
1.0 1.0 8:1.0 46:1.0 61:1.0 64:1.0 162:1.0 
1.0 1.0 27:1.0 
1.0 1.0 182:1.0 
1.0 1.0 
1.0 1.0 
1.0 1.0 
1.0 1.0 
1.0 1.0 22:1.0 46:1.0 64:1.0 
1.0 1.0 
1.0 1.0 
1.0 1.0 
1.0 1.0 
1.0 1.0 
1.0 1.0 
1.0 1.0 171:1.0 
1.0 1.0 
1.0 1.0 1:1.0 29:1.0 
1.0 1.0 
1.0 1.0 
1.0 1.0 141:1.0 
1.0 1.0 7:1.0 
1.0 1.0 85:1.0 
1.0 1.0 
1.0 1.0 
1.0 1.0 
1.0 1.0 128:1.0 137:1.0 154:1.0 194:1.0 202:1.0 221:1.0 
1.0 1.0 28:1.0 73:1.0 
1.0 1.0 
1.0 1.0 
1.0 1.0 
1.0 1.0 
1.0 1.0 
1.0 1.0 
1.0 1.0 
1.0 1.0 42:1.0 
1.0 1.0 7:1.0 
1.0 1.0 
1.0 1.0 1:1.0 101:1.0 
1.0 1.0 
1.0 1.0 
1.0 1.0 
1.0 1.0 
1.0 1.0 
1.0 1.0 
1.0 1.0 
1.0 1.0 
1.0 1.0 
1.0 1.0 
1.0 1.0 
1.0 1.0 
1.0 1.0 53:1.0 
1.0 1.0 
1.0 1.0 
1.0 1.0 
1.0 1.0 
1.0 1.0 100:1.0 
1.0 1.0 
1.0 1.0 
1.0 1.0 
1.0 1.0 164:1.0 
1.0 1.0 
1.0 1.0 
1.0 1.0 
1.0 1.0 67:1.0 94:1.0 124:1.0 148:1.0 167:1.0 187:1.0 204:1.0 207:1.0 218:1.0 
1.0 1.0 
1.0 1.0 100:1.0 
1.0 1.0 
1.0 1.0 
1.0 1.0 
1.0 1.0 
1.0 1.0 
1.0 1.0 40:1.0 
1.0 1.0 58:1.0 
1.0 1.0 
1.0 1.0 
1.0 1.0 
1.0 1.0 42:1.0 
1.0 1.0 
1.0 1.0 23:1.0 
1.0 1.0 76:1.0 167:1.0 197:1.0 
1.0 1.0 
1.0 1.0 118:1.0 
-0.0 0.28187624352127655 121:1.0 
-0.0 1.0 78:1.0 
-1.0 1.0 142:1.0 
-0.0 0.2674710463839556 116:1.0 159:1.0 
-0.0 0.24899316846156141 85:1.0 
-0.0 0.24923928283762417 88:1.0 
-0.5042030608435983 0.6734785923812658 8:1.0 77:1.0 
-0.0 1.0 90:1.0 
-1.0 0.0 42:1.0 
-1.0 1.0 4:1.0 
-0.0 0.1527407795562487 107:1.0 203:1.0 
-0.0 1.0 11:1.0 
-0.0 1.0 162:1.0 173:1.0 
-0.0 1.0 88:1.0 
-0.0 0.17037734770417967 144:1.0 
-0.0 1.0 78:1.0 98:1.0 
-0.0 1.0 113:1.0 
-0.0 1.0 90:1.0 
-1.0 1.0 34:1.0 66:1.0 76:1.0 193:1.0 
-1.0 0.0 170:1.0 
-0.0 0.09781831184900447 20:1.0 179:1.0 186:1.0 196:1.0 
-0.0 1.0 17:1.0 
-1.0 0.0 85:1.0 94:1.0 147:1.0 189:1.0 
-0.0 1.0 85:1.0 
-0.0 1.0 92:1.0 
-1.0 0.0 42:1.0 
-0.0 0.24923928283762417 23:1.0 
-1.0 1.0 34:1.0 66:1.0 76:1.0 193:1.0 
-0.0 1.0 113:1.0 
-1.0 0.2868923352562463 181:1.0 
-1.0 0.19288014953132104 76:1.0 
-1.0 1.0 40:1.0 
-0.0 1.0 185:1.0 
-0.0 1.0 38:1.0 
-1.0 1.0 23:1.0 
-0.0 0.24923928283762417 49:1.0 
-1.0 0.760664645543363 14:1.0 43:1.0 67:1.0 
-0.0 0.27110847370059044 21:1.0 
-0.0 1.0 93:1.0 
-0.0 0.5760875772082314 30:1.0 95:1.0 113:1.0 123:1.0 199:1.0 
-0.13836475685146682 0.0 101:1.0 165:1.0 
-1.0 1.0 100:1.0 
-0.0 1.0 20:1.0 185:1.0 
-0.0 1.0 131:1.0 
-1.0 0.3141816508246419 16:1.0 
-0.0 1.0 153:1.0 
-0.0 1.0 68:1.0 
-0.0 1.0 124:1.0 
-0.0 1.0 65:1.0 113:1.0 
-1.0 0.053797955445565926 7:1.0 128:1.0 137:1.0 154:1.0 194:1.0 202:1.0 221:1.0 
-0.0 1.0 125:1.0 
-0.0 1.0 78:1.0 
-0.0 0.7021605493750926 36:1.0 180:1.0 
-0.0 0.27360475846154936 89:1.0 
-0.0 0.13765535064891 15:1.0 178:1.0 
-1.0 0.0 67:1.0 
-0.0 1.0 38:1.0 99:1.0 149:1.0 
-0.0 1.0 33:1.0 104:1.0 
-0.0 0.10559356256633895 50:1.0 136:1.0 
-1.0 0.0 133:1.0 
-1.0 0.0 166:1.0 
-1.0 0.0 170:1.0 
-0.0 0.4501395128498046 10:1.0 122:1.0 126:1.0 
-0.0 1.0 21:1.0 
-0.41190241375139347 0.32020517745494304 72:1.0 122:1.0 138:1.0 
-1.0 1.0 25:1.0 
-0.0 0.8914942508297009 
-0.0 1.0 
-0.0 1.0 70:1.0 
-0.0 1.0 
-0.0 1.0 
-0.0 1.0 
-1.0 1.0 23:1.0 
-0.0 1.0 116:1.0 
-0.0 0.597046485838498 10:1.0 78:1.0 
-0.0 1.0 
-0.0 0.251267861937293 82:1.0 113:1.0 
-0.0 0.6540832712513097 63:1.0 140:1.0 151:1.0 
-0.0 1.0 
-0.0 1.0 
-1.0 0.2749727883591926 133:1.0 
-0.0 1.0 
-0.0 1.0 
-0.0 1.0 179:1.0 186:1.0 196:1.0 
-0.0 1.0 
-0.0 1.0 
-0.0 1.0 
-0.0 1.0 
-0.0 0.24923928283762417 3:1.0 
-0.0 1.0 
-1.0 1.0 11:1.0 
-0.0 1.0 
-0.0 1.0 
-0.0 1.0 
-0.0 1.0 
-1.0 1.0 52:1.0 76:1.0 94:1.0 148:1.0 167:1.0 197:1.0 204:1.0 207:1.0 218:1.0 220:1.0 
-0.0 1.0 145:1.0 
-0.0 1.0 
-0.0 0.20854256747694655 152:1.0 178:1.0 
-0.0 1.0 
-0.0 1.0 
-0.0 1.0 
-0.0 1.0 
-0.0 1.0 
-0.0 1.0 
-0.0 1.0 
-1.0 0.6747329887199511 19:1.0 101:1.0 
-0.0 1.0 
-0.0 1.0 
-0.0 1.0 
-0.0 0.239335354456637 62:1.0 
-0.0 1.0 
-0.0 1.0 150:1.0 173:1.0 
-0.0 0.2829343445768606 57:1.0 
-0.0 1.0 
-0.0 1.0 
-0.0 1.0 
-0.0 1.0 
-0.0 1.0 
-0.0 0.1866361765515706 178:1.0 
-0.0 1.0 
-0.0 1.0 
-0.0 1.0 
-0.0 1.0 
-0.0 1.0 
-0.0 1.0 
-0.0 1.0 
-0.0 1.0 
-0.0 1.0 
-0.0 1.0 
-0.0 1.0 
-0.0 1.0 158:1.0 
-0.0 1.0 
-0.0 1.0 
-0.0 0.2547022641418113 132:1.0 
-0.0 0.6743428809327746 149:1.0 155:1.0 
-0.0 1.0 
-0.0 1.0 
-0.0 0.3108346619556469 118:1.0 
-0.0 1.0 
-0.0 1.0 
-0.0 1.0 
-0.0 1.0 
-0.0 1.0 
-0.0 1.0 
-0.0 1.0 96:1.0 
-0.0 1.0 
-0.0 1.0 102:1.0 
-0.0 1.0 
-0.0 1.0 
-0.0 1.0 
-0.0 1.0 3:1.0 
-0.0 1.0 
-0.0 1.0 
-0.0 1.0 
-0.0 1.0 
-0.0 1.0 
-0.0 1.0 101:1.0 116:1.0 135:1.0 173:1.0 
-0.0 1.0 
-0.0 1.0 
-0.0 1.0 
-0.0 1.0 
-0.0 1.0 
-0.0 1.0 
-0.0 1.0 109:1.0 
-0.0 1.0 
-0.0 1.0 
-0.0 1.0 96:1.0 
-0.0 1.0 
-0.0 1.0 
-0.05966819423049193 0.0 45:1.0 56:1.0 63:1.0 97:1.0 132:1.0 208:1.0 
-0.0 1.0 
-0.0 1.0 
-0.0 1.0 
-0.0 1.0 
-0.0 1.0 
-0.0 1.0 
-0.0 1.0 142:1.0 
-1.0 1.0 
-1.0 1.0 
-1.0 1.0 
-1.0 1.0 
-1.0 1.0 
-1.0 1.0 
-1.0 1.0 
-0.0 0.06250491242342138 26:1.0 55:1.0 
-1.0 1.0 
-1.0 1.0 
-1.0 1.0 
-1.0 0.15179135130588267 99:1.0 
-0.0 0.6581715925224159 68:1.0 
-1.0 1.0 
-1.0 1.0 
-1.0 1.0 
-1.0 1.0 70:1.0 
-1.0 1.0 
-1.0 1.0 
-1.0 1.0 
-1.0 1.0 
-1.0 1.0 
-0.0 1.0 144:1.0 
-1.0 1.0 42:1.0 
-1.0 1.0 
-1.0 1.0 
-1.0 1.0 
-1.0 1.0 
-1.0 0.0 101:1.0 
-0.0 0.7481216709643363 175:1.0 180:1.0 
-1.0 1.0 
-1.0 1.0 
-1.0 1.0 
-1.0 1.0 
-1.0 1.0 
-1.0 1.0 
-1.0 1.0 
-1.0 1.0 
-1.0 1.0 23:1.0 
-1.0 1.0 
-0.0 0.6739108054533607 125:1.0 170:1.0 
-1.0 1.0 
-1.0 1.0 145:1.0 
-1.0 1.0 
-1.0 1.0 
-1.0 1.0 
-1.0 1.0 
-1.0 1.0 168:1.0 
-1.0 1.0 
-1.0 1.0 
-0.7567405439091293 1.0 16:1.0 
-0.0 1.0 126:1.0 
-1.0 1.0 
-0.0 0.3725870557622314 151:1.0 
-1.0 1.0 
-1.0 1.0 
-1.0 1.0 
-1.0 1.0 
-0.0 1.0 177:1.0 
-1.0 1.0 
-1.0 1.0 
-1.0 1.0 
-1.0 1.0 
-1.0 1.0 
-1.0 1.0 
-1.0 1.0 
-1.0 1.0 
-1.0 1.0 
-1.0 1.0 
-1.0 1.0 
-1.0 1.0 
-1.0 1.0 
-1.0 1.0 
-1.0 1.0 
-0.0 1.0 49:1.0 
-1.0 1.0 
-1.0 1.0 
-1.0 1.0 
-1.0 1.0 
-1.0 1.0 
-1.0 1.0 
-1.0 1.0 
-1.0 1.0 
-1.0 1.0 
-1.0 1.0 
-1.0 1.0 
-1.0 1.0 
-0.0 0.25251334984039864 18:1.0 
-1.0 1.0 
-1.0 1.0 
-1.0 1.0 
-1.0 1.0 
-1.0 1.0 
-1.0 1.0 
-0.0 0.3252670112800488 191:1.0 
-1.0 1.0 
-0.0 0.5497402347540651 140:1.0 
-1.0 1.0 
-1.0 1.0 
-0.0 1.0 159:1.0 
-1.0 1.0 
-1.0 1.0 
-0.0 1.0 178:1.0 
-1.0 1.0 
-1.0 1.0 
-1.0 1.0 
-1.0 1.0 38:1.0 79:1.0 
-1.0 1.0 
-1.0 1.0 
-1.0 1.0 
-0.0 1.0 5:1.0 74:1.0 75:1.0 81:1.0 192:1.0 198:1.0 201:1.0 216:1.0 217:1.0 
-1.0 1.0 
-1.0 1.0 
-1.0 1.0 
-0.0 0.3257089670403313 83:1.0 
-1.0 1.0 
-1.0 1.0 
-1.0 1.0 
-0.0 0.32608919454663926 48:1.0 
-0.0 1.0 152:1.0 
-1.0 1.0 
-1.0 1.0 
-1.0 1.0 
-1.0 1.0 
-1.0 1.0 
-1.0 1.0 
-1.0 1.0 
-1.0 0.6738588886893812 6:1.0 51:1.0 
-1.0 1.0 
-1.0 1.0 
-1.0 1.0 
-1.0 1.0 
-1.0 1.0 
-0.623495054578737 0.0 124:1.0 165:1.0 
-1.0 1.0 
-1.0 1.0 
-1.0 1.0 
-1.0 1.0 
-0.0 1.0 57:1.0 
-1.0 1.0 
-1.0 1.0 
-1.0 1.0 
-1.0 1.0 
-0.0 1.0 47:1.0 
-0.0 1.0 151:1.0 
-1.0 1.0 
-0.0 1.0 47:1.0 55:1.0 
-1.0 1.0 
-1.0 1.0 
-1.0 1.0 
-0.0 0.6131119055748454 68:1.0 141:1.0 
-1.0 1.0 70:1.0 
-0.0 0.6742910329596687 44:1.0 129:1.0 
-0.0 1.0 37:1.0 
-1.0 1.0 
-1.0 1.0 
-1.0 0.32614111131061885 171:1.0 
-1.0 1.0 
-1.0 1.0 
-0.49579693915640166 0.0 66:1.0 76:1.0 
-1.0 1.0 
-0.0 1.0 47:1.0 
-1.0 1.0 
-0.0 1.0 44:1.0 
-1.0 1.0 
-1.0 1.0 85:1.0 
-1.0 1.0 
-1.0 1.0 
-1.0 1.0 
-0.0 1.0 136:1.0 
-1.0 1.0 61:1.0 172:1.0 
-1.0 1.0 
-1.0 1.0 
-1.0 1.0 
-0.0 0.24923928283762417 146:1.0 
-1.0 1.0 
-1.0 1.0 
-0.0 0.3265214076187341 184:1.0 
-1.0 1.0 
-1.0 1.0 
-1.0 1.0 
-1.0 1.0 
-1.0 1.0 
-1.0 1.0 
-1.0 1.0 
-1.0 1.0 
-1.0 1.0 
-0.0 1.0 152:1.0 
-0.0 0.2484860236866442 120:1.0 
-0.0 1.0 120:1.0 
-1.0 1.0 
-0.0 0.32690176447397273 188:1.0 
-1.0 1.0 
-1.0 1.0 
-1.0 1.0 
-1.0 1.0 
-0.40987077817033757 0.8122202213745012 16:1.0 129:1.0 187:1.0 
-1.0 1.0 
-1.0 1.0 
-1.0 1.0 
-0.0 0.17980871835287657 143:1.0 
-0.9955102771397034 1.0 124:1.0 
-1.0 1.0 
-1.0 1.0 
-1.0 1.0 133:1.0 
-1.0 1.0 
-1.0 1.0 
-1.0 1.0 
-1.0 1.0 
-1.0 1.0 
-1.0 1.0 
-1.0 1.0 
-1.0 1.0 
-1.0 1.0 
-1.0 1.0 
-0.0 0.11361623179002847 25:1.0 42:1.0 
-0.0 0.8334983347064303 30:1.0 123:1.0 199:1.0 
-1.0 1.0 
-0.0 1.0 92:1.0 109:1.0 
-0.0 1.0 131:1.0 
-1.0 1.0 
-1.0 1.0 
-1.0 1.0 
-1.0 1.0 
-0.0 0.16659094426887644 59:1.0 145:1.0 
-1.0 1.0 
-1.0 1.0 
-1.0 1.0 
-0.0 0.578074943486093 45:1.0 56:1.0 63:1.0 97:1.0 208:1.0 
-1.0 0.0 55:1.0 
-1.0 1.0 
-0.0 0.14832029805235758 2:1.0 93:1.0 
-1.0 1.0 
-1.0 0.19024899173673385 29:1.0 
-1.0 1.0 
-1.0 1.0 124:1.0 
-1.0 1.0 
-1.0 1.0 
-1.0 1.0 
-1.0 1.0 
-0.0 1.0 112:1.0 115:1.0 
-1.0 1.0 
-1.0 1.0 
-0.0 1.0 10:1.0 
-1.0 1.0 
-1.0 1.0 
-0.0 1.0 89:1.0 
-1.0 1.0 
-1.0 1.0 
-1.0 1.0 
-1.0 1.0 
-1.0 1.0 
-1.0 1.0 
-0.0 1.0 13:1.0 
-1.0 1.0 
-1.0 1.0 
-1.0 1.0 
-1.0 1.0 
-1.0 1.0 
-1.0 1.0 
-1.0 1.0 
-1.0 1.0 
-1.0 1.0 
-1.0 1.0 
-1.0 1.0 
-0.0 1.0 184:1.0 
-1.0 1.0 
-1.0 1.0 
-1.0 1.0 
-0.0 1.0 30:1.0 
-1.0 1.0 
-1.0 1.0 
-1.0 1.0 
-1.0 1.0 
-1.0 1.0 
-1.0 1.0 
-1.0 1.0 
-1.0 1.0 
-1.0 1.0 
-1.0 1.0 
-1.0 1.0 
-1.0 1.0 
-0.0 1.0 82:1.0 126:1.0 
-1.0 1.0 
-1.0 1.0 
-1.0 1.0 
-1.0 1.0 
-1.0 1.0 
-1.0 1.0 
-1.0 1.0 
-1.0 1.0 
-1.0 1.0 
-0.0 0.251267861937293 112:1.0 
-1.0 1.0 
-1.0 1.0 
-1.0 1.0 
-1.0 1.0 
-1.0 1.0 
-1.0 1.0 
-1.0 1.0 
-1.0 1.0 
-1.0 1.0 105:1.0 124:1.0 
-1.0 1.0 
-1.0 1.0 
-1.0 1.0 
-1.0 1.0 
-1.0 1.0 
-1.0 1.0 
-1.0 1.0 
-1.0 1.0 
-1.0 1.0 
-1.0 1.0 
-1.0 1.0 
-1.0 1.0 
-1.0 1.0 
-1.0 1.0 
-1.0 1.0 
-1.0 0.49900062647295723 32:1.0 
-1.0 1.0 
-1.0 1.0 
-1.0 1.0 
-1.0 1.0 
-1.0 0.2502535723874586 169:1.0 
-1.0 1.0 
-1.0 1.0 
-0.0 1.0 43:1.0 
-0.0 1.0 179:1.0 186:1.0 196:1.0 
-1.0 1.0 
-1.0 1.0 
-0.0 0.4994928552250828 86:1.0 
-1.0 1.0 
-1.0 0.2502535723874586 134:1.0 
-1.0 1.0 
-0.0 1.0 72:1.0 
-0.2263355035390056 0.18615487588064117 116:1.0 165:1.0 
-0.0 1.0 125:1.0 
-1.0 1.0 
-0.0 1.0 48:1.0 
-1.0 1.0 
-1.0 1.0 
-1.0 1.0 
-1.0 1.0 
-0.0 0.24923928283762417 103:1.0 
-0.18359126186037877 0.2070612399284727 39:1.0 54:1.0 80:1.0 176:1.0 190:1.0 210:1.0 
-0.0 1.0 120:1.0 
-0.0 1.0 26:1.0 
-1.0 1.0 
-0.0044897228602965855 0.25249310136672914 24:1.0 
-1.0 1.0 
-1.0 0.7510068315384386 32:1.0 
-1.0 1.0 
-1.0 1.0 
-1.0 0.6730982355260273 147:1.0 189:1.0 
-1.0 1.0 
-0.0 0.5559900933788713 37:1.0 65:1.0 116:1.0 
-1.0 0.27163021107872454 22:1.0 141:1.0 
-1.0 1.0 
-1.0 1.0 
-1.0 1.0 
-0.0 1.0 180:1.0 
-1.0 1.0 
-1.0 1.0 
-1.0 1.0 
-1.0 1.0 
-0.0 1.0 163:1.0 
-1.0 1.0 
-1.0 1.0 
-1.0 0.11144999365818031 127:1.0 
-1.0 1.0 
-1.0 1.0 
-1.0 1.0 
-1.0 1.0 
-0.0 0.7507607171623758 86:1.0 
-1.0 1.0 
-1.0 1.0 
-0.0 0.251267861937293 109:1.0 
-1.0 1.0 
-1.0 0.0 55:1.0 
-1.0 1.0 
-1.0 1.0 139:1.0 
-1.0 1.0 
-1.0 1.0 
-1.0 1.0 
-1.0 1.0 
-1.0 1.0 
-1.0 1.0 87:1.0 159:1.0 
-1.0 1.0 
-1.0 1.0 
-1.0 1.0 
-1.0 1.0 
-1.0 1.0 
-1.0 1.0 
-1.0 1.0 
-0.0 1.0 177:1.0 
-1.0 1.0 
-1.0 1.0 
-1.0 1.0 
-1.0 1.0 
-1.0 1.0 
-1.0 1.0 
-1.0 1.0 
-1.0 1.0 
-0.0 0.3365197908389608 183:1.0 
-1.0 1.0 
-1.0 1.0 
-1.0 1.0 
-1.0 1.0 
-1.0 1.0 
-1.0 1.0 23:1.0 
-1.0 1.0 
-0.0 1.0 115:1.0 
-1.0 1.0 
-1.0 1.0 
-1.0 1.0 
-1.0 1.0 
-1.0 1.0 
-1.0 1.0 
-0.0 1.0 104:1.0 124:1.0 
-1.0 1.0 
-1.0 1.0 
-1.0 1.0 
-1.0 1.0 
-1.0 1.0 
-0.0 1.0 62:1.0 
-1.0 1.0 
-1.0 1.0 
-1.0 1.0 
-1.0 1.0 
-1.0 1.0 
-1.0 1.0 
-1.0 1.0 
-1.0 1.0 
-1.0 1.0 
-1.0 1.0 
-1.0 1.0 
-1.0 1.0 76:1.0 
-1.0 1.0 
-0.0 1.0 178:1.0 
-1.0 1.0 
-1.0 1.0 
-1.0 1.0 
-0.0 0.3330763478310623 69:1.0 
-1.0 1.0 59:1.0 
-1.0 1.0 
-1.0 1.0 
-1.0 1.0 
-1.0 1.0 
-1.0 1.0 
-0.0 0.14893963443257602 102:1.0 139:1.0 
-1.0 1.0 
-1.0 1.0 
-1.0 1.0 
-1.0 1.0 
-1.0 1.0 
-1.0 1.0 
-1.0 1.0 
-1.0 1.0 
-1.0 1.0 
-1.0 1.0 
-1.0 1.0 103:1.0 
-0.0 0.7131076647437538 95:1.0 
-1.0 1.0 
-1.0 1.0 
-1.0 1.0 
-1.0 1.0 
-1.0 1.0 
-1.0 1.0 121:1.0 
-0.0 1.0 191:1.0 
-1.0 1.0 
-1.0 1.0 
-1.0 1.0 
-1.0 1.0 
-1.0 1.0 
-1.0 1.0 
-1.0 1.0 
-1.0 1.0 60:1.0 
-1.0 1.0 
-0.0 1.0 69:1.0 
-1.0 1.0 
-1.0 1.0 
-1.0 1.0 
-1.0 1.0 
-1.0 1.0 
-1.0 0.0 24:1.0 166:1.0 
-1.0 1.0 
-1.0 1.0 
-1.0 1.0 
-1.0 1.0 
-1.0 1.0 
-1.0 1.0 
-1.0 1.0 47:1.0 
-1.0 1.0 
-1.0 1.0 
-1.0 1.0 
-1.0 1.0 
-1.0 1.0 
-1.0 1.0 
-1.0 1.0 
-1.0 1.0 
-1.0 1.0 
-1.0 1.0 
-1.0 1.0 
-1.0 1.0 
-1.0 1.0 
-1.0 1.0 
-1.0 1.0 
-0.7624650008786131 1.0 18:1.0 53:1.0 111:1.0 
-0.0 1.0 72:1.0 
-1.0 1.0 
-1.0 1.0 
-0.0 1.0 178:1.0 
-1.0 1.0 
-0.051654454131395994 0.0 39:1.0 80:1.0 110:1.0 130:1.0 135:1.0 176:1.0 190:1.0 195:1.0 200:1.0 205:1.0 206:1.0 210:1.0 213:1.0 215:1.0 219:1.0 222:1.0 
-1.0 1.0 
-1.0 1.0 
-1.0 1.0 
-1.0 1.0 
-1.0 1.0 
-1.0 1.0 
-1.0 1.0 118:1.0 
-0.06945328318004544 0.0735420753616462 5:1.0 74:1.0 75:1.0 81:1.0 192:1.0 198:1.0 201:1.0 216:1.0 217:1.0 
-1.0 1.0 
-1.0 1.0 
-1.0 1.0 
-1.0 1.0 
-1.0 1.0 
-0.0 0.18592557318721847 91:1.0 
-1.0 1.0 
-1.0 1.0 
-0.1694205738641247 0.6274129442377686 78:1.0 
-1.0 0.7181237564787235 166:1.0 
-1.0 1.0 
-1.0 1.0 
-0.0 1.0 146:1.0 
-1.0 1.0 
-0.0 1.0 41:1.0 160:1.0 211:1.0 
-1.0 1.0 
-1.0 1.0 
-0.0 1.0 158:1.0 
-1.0 1.0 
-1.0 1.0 
-0.0 0.07605601199105497 117:1.0 156:1.0 209:1.0 
-1.0 1.0 
-1.0 1.0 
-1.0 1.0 
-1.0 1.0 
-1.0 1.0 
-1.0 1.0 
-1.0 1.0 
-0.0 1.0 49:1.0 
-0.0 0.21287308516993497 150:1.0 
-1.0 1.0 
-1.0 1.0 
-1.0 1.0 
-1.0 1.0 
-1.0 1.0 
-1.0 1.0 
-1.0 0.0 50:1.0 
-0.5469089592252179 0.25673084324148265 124:1.0 
-1.0 1.0 
-1.0 1.0 
-1.0 1.0 
-1.0 1.0 
-1.0 1.0 
-1.0 1.0 
-1.0 1.0 
-1.0 1.0 
-1.0 1.0 
-1.0 1.0 78:1.0 162:1.0 
-1.0 1.0 
-1.0 0.0 101:1.0 142:1.0 
-1.0 1.0 
-1.0 1.0 
-1.0 1.0 
-0.5901292218296624 0.5643248758668906 166:1.0 178:1.0 
-1.0 1.0 
-1.0 1.0 
-1.0 1.0 
-1.0 1.0 
-1.0 1.0 
-1.0 1.0 
-0.0 -1.0 
-0.0 -1.0 
-0.0 -1.0 
-0.0 -1.0 
-1.0 -1.0 28:1.0 
-0.0 -1.0 
-0.0 -1.0 
-0.0 -1.0 125:1.0 
-1.0 -1.0 19:1.0 
-0.0 -1.0 
-0.0 -1.0 
-0.0 -1.0 
-0.0 -1.0 
-0.0 -1.0 
-0.0 -1.0 
-0.0 -1.0 
-1.0 -1.0 79:1.0 
-0.0 -1.0 
-1.0 -1.0 53:1.0 103:1.0 
-0.0 -1.0 
-0.0 -1.0 
-0.0 -1.0 
-0.0 -1.0 185:1.0 
-0.0 -1.0 173:1.0 
-1.0 -1.0 31:1.0 
-0.0 -1.0 
-0.0 -1.0 68:1.0 
-0.0 -1.0 
-0.0 -1.0 
-0.0 -1.0 
-0.0 -1.0 
-0.0 -1.0 
-0.0 -1.0 
-0.0 -1.0 
-0.0 -1.0 
-0.0 -1.0 11:1.0 
-0.0 -1.0 
-0.0 -1.0 
-0.0 -1.0 
-0.0 -1.0 
-0.0 -1.0 
-0.0 -1.0 191:1.0 
-0.44905184915578517 -1.0 23:1.0 120:1.0 
-1.0 -1.0 
-0.0 -1.0 98:1.0 
-1.0 -1.0 
-1.0 -1.0 
-1.0 -1.0 
-1.0 -1.0 
-0.0 -1.0 111:1.0 
-1.0 -1.0 
-0.0 -1.0 145:1.0 
-1.0 -1.0 
-1.0 -1.0 
-1.0 -1.0 
-1.0 -1.0 
-1.0 -1.0 164:1.0 168:1.0 
-1.0 -1.0 
-1.0 -1.0 
-1.0 -1.0 
-1.0 -1.0 
-0.0 -1.0 126:1.0 
-1.0 -1.0 
-1.0 -1.0 
-1.0 -1.0 
-1.0 -1.0 
-1.0 -1.0 
-0.0 -1.0 35:1.0 173:1.0 
-1.0 -1.0 
-1.0 -1.0 
-1.0 -1.0 
-1.0 -1.0 
-1.0 -1.0 11:1.0 
-1.0 -1.0 
-1.0 -1.0 
-1.0 -1.0 
-1.0 -1.0 
-1.0 -1.0 
-1.0 -1.0 
-1.0 -1.0 
-0.0 -1.0 17:1.0 
-0.0 -1.0 35:1.0 146:1.0 
-1.0 -1.0 
-0.0 -1.0 162:1.0 
-1.0 -1.0 
-1.0 -1.0 
-1.0 -1.0 
-1.0 -1.0 
-0.0 -1.0 159:1.0 
-0.0 -1.0 96:1.0 
-1.0 -1.0 
-1.0 -1.0 
-1.0 -1.0 
-0.0 -1.0 47:1.0 
-1.0 -1.0 
-1.0 -1.0 13:1.0 14:1.0 
-0.0 -1.0 43:1.0 
-0.0 -1.0 92:1.0 
-0.0 -1.0 52:1.0 
-1.0 -1.0 
-1.0 -1.0 
-1.0 -1.0 
-0.0 -1.0 30:1.0 33:1.0 113:1.0 
-1.0 -1.0 
-0.0 -1.0 86:1.0 
-1.0 -1.0 
-0.0 -1.0 69:1.0 
-0.0 -1.0 102:1.0 
-1.0 -1.0 
-1.0 -1.0 
-1.0 -1.0 
-1.0 -1.0 
-1.0 -1.0 
-1.0 -1.0 
-0.6133417014614099 -1.0 26:1.0 55:1.0 113:1.0 
-1.0 -1.0 
-1.0 -1.0 
-1.0 -1.0 
-1.0 -1.0 
-0.0 -1.0 38:1.0 
-0.0 -1.0 78:1.0 
-1.0 -1.0 159:1.0 
-0.0 -1.0 173:1.0 
-0.0 -1.0 48:1.0 
-1.0 -1.0 
-1.0 -1.0 16:1.0 187:1.0 
-1.0 -1.0 
-1.0 -1.0 
-1.0 -1.0 
-1.0 -1.0 
-1.0 -1.0 
-1.0 -1.0 
-0.0 -1.0 142:1.0 
-1.0 -1.0 
-1.0 -1.0 
-1.0 -1.0 
-1.0 -1.0 
-1.0 -1.0 
-0.0 -1.0 47:1.0 
-1.0 -1.0 
-1.0 -1.0 
-1.0 -1.0 
-1.0 -1.0 
-1.0 -1.0 44:1.0 164:1.0 
-1.0 -1.0 
-1.0 -1.0 
-1.0 -1.0 166:1.0 
-1.0 -1.0 
-1.0 -1.0 
-0.0 -1.0 44:1.0 
-1.0 -1.0 
-0.0 -1.0 41:1.0 160:1.0 211:1.0 
-0.0 -1.0 78:1.0 
-1.0 -1.0 
-0.0 -1.0 104:1.0 
-1.0 -1.0 
-1.0 -1.0 
-0.0 -1.0 72:1.0 
-1.0 -1.0 
-1.0 -1.0 
-1.0 -1.0 
-1.0 -1.0 
-1.0 -1.0 
-1.0 -1.0 
-0.0 -1.0 93:1.0 
-0.0 -1.0 49:1.0 
-1.0 -1.0 
-0.0 -1.0 97:1.0 
-1.0 -1.0 
-1.0 -1.0 
-1.0 -1.0 59:1.0 
-0.512356548287167 -1.0 33:1.0 138:1.0 
-1.0 -1.0 
-1.0 -1.0 
-1.0 -1.0 34:1.0 76:1.0 193:1.0 
-1.0 -1.0 
-0.0 -1.0 124:1.0 
-1.0 -1.0 
-1.0 -1.0 
-1.0 -1.0 
-1.0 -1.0 
-0.0 -1.0 13:1.0 144:1.0 
-1.0 -1.0 
-0.8776999899031491 -1.0 162:1.0 
-1.0 -1.0 58:1.0 
-1.0 -1.0 
-0.0 -1.0 71:1.0 149:1.0 
-1.0 -1.0 
-0.900959840264367 -1.0 124:1.0 
-1.0 -1.0 
-1.0 -1.0 
-1.0 -1.0 
-1.0 -1.0 
-1.0 -1.0 
-0.0 -1.0 126:1.0 
-1.0 -1.0 64:1.0 
-1.0 -1.0 
-1.0 -1.0 
-0.0 -1.0 119:1.0 
-1.0 -1.0 
-1.0 -1.0 
-1.0 -1.0 
-0.0 -1.0 179:1.0 186:1.0 196:1.0 
-1.0 -1.0 47:1.0 58:1.0 172:1.0 
-0.0 -1.0 125:1.0 
-1.0 -1.0 
-1.0 -1.0 
-0.0 -1.0 82:1.0 
-1.0 -1.0 
-1.0 -1.0 70:1.0 141:1.0 
-1.0 -1.0 
-1.0 -1.0 
-0.0 -1.0 38:1.0 
-1.0 -1.0 
-1.0 -1.0 
-1.0 -1.0 
-1.0 -1.0 
-1.0 -1.0 27:1.0 108:1.0 
-0.0 -1.0 35:1.0 
-0.0 -1.0 17:1.0 97:1.0 178:1.0 180:1.0 
-1.0 -1.0 
-1.0 -1.0 
-1.0 -1.0 
-1.0 -1.0 
-0.0 -1.0 153:1.0 
-1.0 -1.0 
-1.0 -1.0 
-1.0 -1.0 
-1.0 -1.0 
-1.0 -1.0 
-1.0 -1.0 
-1.0 -1.0 
-1.0 -1.0 
-1.0 -1.0 
-0.0 -1.0 9:1.0 
-1.0 -1.0 
-1.0 -1.0 
-1.0 -1.0 85:1.0 
-1.0 -1.0 
-1.0 -1.0 
-1.0 -1.0 
-1.0 -1.0 
-0.0 -1.0 49:1.0 115:1.0 
-0.0 -1.0 152:1.0 
-1.0 -1.0 
-1.0 -1.0 
-1.0 -1.0 
-1.0 -1.0 
-1.0 -1.0 
-1.0 -1.0 
-1.0 -1.0 
-1.0 -1.0 
-0.0 -1.0 92:1.0 
-0.0 -1.0 47:1.0 180:1.0 
-1.0 -1.0 
-1.0 -1.0 
-1.0 -1.0 
-1.0 -1.0 
-1.0 -1.0 
-0.21113044101015122 -1.0 71:1.0 79:1.0 113:1.0 
-0.0 -1.0 173:1.0 
-0.0 -1.0 70:1.0 
-1.0 -1.0 
-0.0 -1.0 78:1.0 
-1.0 -1.0 
-1.0 -1.0 
-1.0 -1.0 
-1.0 -1.0 105:1.0 
-1.0 -1.0 
-0.0 -1.0 17:1.0 
-1.0 -1.0 
-1.0 -1.0 
-0.0 -1.0 98:1.0 
-1.0 -1.0 
-1.0 -1.0 6:1.0 
-1.0 -1.0 
-1.0 -1.0 
-1.0 -1.0 
-1.0 -1.0 
-1.0 -1.0 
-1.0 -1.0 
-1.0 -1.0 
-1.0 -1.0 
-1.0 -1.0 
-1.0 -1.0 
-1.0 -1.0 
-1.0 -1.0 
-1.0 -1.0 
-1.0 -1.0 
-1.0 -1.0 
-1.0 -1.0 
-1.0 -1.0 
-0.0 -1.0 150:1.0 178:1.0 
-1.0 -1.0 
-1.0 -1.0 
-1.0 -1.0 
-1.0 -1.0 12:1.0 
-1.0 -1.0 
-1.0 -1.0 
-0.0 -1.0 21:1.0 
-1.0 -1.0 
-1.0 -1.0 
-0.0 -1.0 19:1.0 88:1.0 
-0.0 -1.0 178:1.0 
-1.0 -1.0 
-1.0 -1.0 
-1.0 -1.0 
-1.0 -1.0 
-1.0 -1.0 
-1.0 -1.0 
-1.0 -1.0 
-1.0 -1.0 
-1.0 -1.0 
-1.0 -1.0 
-0.0 -1.0 173:1.0 
-1.0 -1.0 87:1.0 
-1.0 -1.0 139:1.0 
-0.0 -1.0 125:1.0 
-1.0 -1.0 
-0.0 -1.0 70:1.0 
-0.0 -1.0 30:1.0 41:1.0 123:1.0 160:1.0 199:1.0 211:1.0 
-0.0 -1.0 149:1.0 
-0.0 -1.0 18:1.0 
-1.0 -1.0 
-1.0 -1.0 
-1.0 -1.0 
-1.0 -1.0 
-1.0 -1.0 
-0.0 -1.0 126:1.0 
-0.0 -1.0 9:1.0 
-0.0 -1.0 20:1.0 185:1.0 
-1.0 -1.0 
-0.0 -1.0 129:1.0 
-1.0 -1.0 
-1.0 -1.0 
-1.0 -1.0 
-1.0 -1.0 
-0.0 -1.0 98:1.0 
-1.0 -1.0 
-0.0 -1.0 78:1.0 98:1.0 
-0.0 -1.0 57:1.0 
-1.0 -1.0 
-1.0 -1.0 
-1.0 -1.0 
-1.0 -1.0 
-1.0 -1.0 
-1.0 -1.0 
-1.0 -1.0 
-1.0 -1.0 
-1.0 -1.0 
-1.0 -1.0 
-1.0 -1.0 
-0.0 -1.0 37:1.0 
-1.0 -1.0 
-1.0 -1.0 
-1.0 -1.0 34:1.0 76:1.0 193:1.0 
-1.0 -1.0 
-1.0 -1.0 
-1.0 -1.0 
-1.0 -1.0 
-1.0 -1.0 164:1.0 
-0.0 -1.0 179:1.0 186:1.0 196:1.0 
-1.0 -1.0 
-1.0 -1.0 
-1.0 -1.0 
-1.0 -1.0 
-1.0 -1.0 
-1.0 -1.0 
-1.0 -1.0 
-1.0 -1.0 124:1.0 
-1.0 -1.0 87:1.0 100:1.0 174:1.0 
-1.0 -1.0 
-1.0 -1.0 60:1.0 
-1.0 -1.0 
-0.0 -1.0 13:1.0 
-0.0 -1.0 30:1.0 33:1.0 
-1.0 -1.0 
-0.5668264947924515 -1.0 87:1.0 152:1.0 
-1.0 -1.0 142:1.0 
-1.0 -1.0 
-1.0 -1.0 78:1.0 
-1.0 -1.0 
-1.0 -1.0 
-1.0 -1.0 
-0.0 -1.0 106:1.0 
-1.0 -1.0 
-1.0 -1.0 
-1.0 -1.0 
-1.0 -1.0 
-1.0 -1.0 
-1.0 -1.0 76:1.0 177:1.0 
-0.0 -1.0 163:1.0 
-1.0 -1.0 
-1.0 -1.0 
-1.0 -1.0 
-1.0 -1.0 
-1.0 -1.0 
-1.0 -1.0 
-1.0 -1.0 
-1.0 -1.0 
-1.0 -1.0 
-1.0 -1.0 
-1.0 -1.0 
-1.0 -1.0 10:1.0 147:1.0 182:1.0 
-1.0 -1.0 
-1.0 -1.0 
-0.0 -1.0 173:1.0 
-1.0 -1.0 98:1.0 114:1.0 
-1.0 -1.0 
-0.0 -1.0 109:1.0 
-0.0 -1.0 63:1.0 140:1.0 151:1.0 
-1.0 -1.0 
-1.0 -1.0 
-1.0 -1.0 
-1.0 -1.0 
-1.0 -1.0 
-1.0 -1.0 
-1.0 -1.0 
-0.0 -1.0 61:1.0 
-1.0 -1.0 
-1.0 -1.0 
-1.0 -1.0 
-1.0 -1.0 
-1.0 -1.0 
-0.0 -1.0 119:1.0 
-0.0 -1.0 111:1.0 116:1.0 
-1.0 -1.0 
-0.0 -1.0 61:1.0 
-1.0 -1.0 
-1.0 -1.0 
-1.0 -1.0 
-1.0 -1.0 
-1.0 -1.0 
-1.0 -1.0 
-1.0 -1.0 
-0.0 -1.0 16:1.0 177:1.0 
-1.0 -1.0 
-0.0 -1.0 115:1.0 
-1.0 -1.0 
-1.0 -1.0 
-1.0 -1.0 
-1.0 -1.0 124:1.0 
-1.0 -1.0 
-1.0 -1.0 
-1.0 -1.0 
-1.0 -1.0 
-1.0 -1.0 
-1.0 -1.0 
-1.0 -1.0 40:1.0 106:1.0 
-0.0 -1.0 112:1.0 
-1.0 -1.0 
-1.0 -1.0 119:1.0 
-1.0 -1.0 
-1.0 -1.0 
-1.0 -1.0 
-1.0 -1.0 
-1.0 -1.0 
-1.0 -1.0 
-1.0 -1.0 
-1.0 -1.0 
-0.0 -1.0 38:1.0 
-1.0 -1.0 
-0.0 -1.0 158:1.0 
-1.0 -1.0 
-1.0 -1.0 
-1.0 -1.0 23:1.0 
-1.0 -1.0 
-0.0 -1.0 180:1.0 
-1.0 -1.0 
-0.0 -1.0 41:1.0 160:1.0 211:1.0 
-1.0 -1.0 
-1.0 -1.0 
-1.0 -1.0 
-0.0 -1.0 41:1.0 160:1.0 211:1.0 
-1.0 -1.0 
-1.0 -1.0 124:1.0 
-1.0 -1.0 
-1.0 -1.0 
-1.0 -1.0 121:1.0 
-1.0 -1.0 
-1.0 -1.0 
-1.0 -1.0 
-1.0 -1.0 
-0.0 -1.0 90:1.0 
-1.0 -1.0 
-1.0 -1.0 
-1.0 -1.0 
-1.0 -1.0 
-1.0 -1.0 
-1.0 -1.0 
-1.0 -1.0 
-1.0 -1.0 
-1.0 -1.0 
-1.0 -1.0 
-0.0 -1.0 68:1.0 
-1.0 -1.0 
-1.0 -1.0 
-0.0 -1.0 111:1.0 
-1.0 -1.0 
-1.0 -1.0 46:1.0 131:1.0 
-1.0 -1.0 
-0.0 -1.0 38:1.0 
-1.0 -1.0 
-1.0 -1.0 42:1.0 158:1.0 
-1.0 -1.0 
-1.0 -1.0 61:1.0 
-1.0 -1.0 
-1.0 -1.0 
-1.0 -1.0 
-0.0 -1.0 113:1.0 
-1.0 -1.0 27:1.0 
-1.0 -1.0 
-1.0 -1.0 
-1.0 -1.0 
-1.0 -1.0 
-0.0 -1.0 173:1.0 
-1.0 -1.0 
-0.0 -1.0 178:1.0 
-0.0 -1.0 173:1.0 
-1.0 -1.0 34:1.0 76:1.0 94:1.0 148:1.0 167:1.0 193:1.0 197:1.0 204:1.0 207:1.0 218:1.0 220:1.0 
-1.0 -1.0 
-0.0 -1.0 65:1.0 104:1.0 116:1.0 151:1.0 
-1.0 -1.0 
-1.0 -1.0 
-1.0 -1.0 
-1.0 -1.0 
-1.0 -1.0 
-1.0 -1.0 133:1.0 
-1.0 -1.0 
-0.4720112454885734 -1.0 8:1.0 182:1.0 
-1.0 -1.0 
-1.0 -1.0 
-0.05411856068284378 -1.0 5:1.0 74:1.0 75:1.0 81:1.0 192:1.0 198:1.0 201:1.0 216:1.0 217:1.0 
-1.0 -1.0 
-1.0 -1.0 
-1.0 -1.0 
-1.0 -1.0 
-1.0 -1.0 
-1.0 -1.0 
-1.0 -1.0 
-1.0 -1.0 
-1.0 -1.0 
-1.0 -1.0 
-1.0 -1.0 
-1.0 -1.0 
-1.0 -1.0 145:1.0 
-1.0 -1.0 
-1.0 -1.0 
-1.0 -1.0 
-1.0 -1.0 
-1.0 -1.0 
-1.0 -1.0 
-0.0 -1.0 136:1.0 
-0.0 -1.0 37:1.0 
-1.0 -1.0 
-1.0 -1.0 
-1.0 -1.0 
-1.0 -1.0 
-1.0 -1.0 
-1.0 -1.0 
-0.0 -1.0 111:1.0 
-1.0 -1.0 
-1.0 -1.0 
-1.0 -1.0 
-1.0 -1.0 
-1.0 -1.0 
-1.0 -1.0 
-1.0 -1.0 190:1.0 
-1.0 -1.0 
-1.0 -1.0 
-0.0 -1.0 173:1.0 
-1.0 -1.0 
-1.0 -1.0 
-1.0 -1.0 
-0.0 -1.0 89:1.0 
-1.0 -1.0 
-0.0 -1.0 184:1.0 
-1.0 -1.0 70:1.0 
-1.0 -1.0 
-1.0 -1.0 
-1.0 -1.0 
-1.0 -1.0 
-1.0 -1.0 
-1.0 -1.0 
-1.0 -1.0 
-1.0 -1.0 
-1.0 -1.0 
-0.0 -1.0 72:1.0 
-0.449499125918933 -1.0 43:1.0 99:1.0 
-1.0 -1.0 32:1.0 
-1.0 -1.0 
-0.4495595012647751 -1.0 85:1.0 116:1.0 
-1.0 -1.0 
-1.0 -1.0 
-1.0 -1.0 
-1.0 -1.0 
-1.0 -1.0 
-1.0 -1.0 
-1.0 -1.0 23:1.0 
-1.0 -1.0 118:1.0 
-1.0 -1.0 
-1.0 -1.0 
-1.0 -1.0 31:1.0 
-1.0 -1.0 
-1.0 -1.0 98:1.0 114:1.0 
-1.0 -1.0 
-1.0 -1.0 
-1.0 -1.0 
-1.0 -1.0 23:1.0 
-1.0 -1.0 
-1.0 -1.0 
-1.0 -1.0 
-1.0 -1.0 
-1.0 -1.0 
-1.0 -1.0 
-1.0 -1.0 
-1.0 -1.0 
-1.0 -1.0 
-0.0 -1.0 10:1.0 
-1.0 -1.0 
-1.0 -1.0 
-1.0 -1.0 
-1.0 -1.0 
-1.0 -1.0 
-1.0 -1.0 
-1.0 -1.0 
-1.0 -1.0 4:1.0 
-1.0 -1.0 
-0.0 -1.0 109:1.0 
-1.0 -1.0 
-0.0 -1.0 96:1.0 
-1.0 -1.0 
-0.0 -1.0 90:1.0 
-0.0 -1.0 95:1.0 
-1.0 -1.0 
-0.0 -1.0 131:1.0 
-1.0 -1.0 
-1.0 -1.0 
-1.0 -1.0 
-1.0 -1.0 
-1.0 -1.0 
-1.0 -1.0 
-1.0 -1.0 
-0.7645441172935109 -1.0 71:1.0 
-1.0 -1.0 25:1.0 
-1.0 -1.0 
-1.0 -1.0 
-0.0 -1.0 182:1.0 
-1.0 -1.0 
-1.0 -1.0 
-0.0 -1.0 3:1.0 120:1.0 
-1.0 -1.0 
-0.0 -1.0 153:1.0 
-0.0 -1.0 153:1.0 
-1.0 -1.0 
-1.0 -1.0 
-1.0 -1.0 
-0.0 -1.0 9:1.0 
-1.0 -1.0 
-1.0 -1.0 
-1.0 -1.0 
-1.0 -1.0 
-1.0 -1.0 
-1.0 -1.0 
-0.0 -1.0 62:1.0 
-1.0 -1.0 
-1.0 -1.0 
-1.0 -1.0 
-1.0 -1.0 
-1.0 -1.0 
-1.0 -1.0 
-1.0 -1.0 
-1.0 -1.0 
-1.0 -1.0 
-1.0 -1.0 142:1.0 
-1.0 -1.0 
-1.0 -1.0 
-1.0 -1.0 
-0.678900584476883 -1.0 
-0.0 -1.0 
-0.0 -1.0 35:1.0 
-0.0 -1.0 
