svm_type c_svc
kernel_type rbf
gamma 1.0
nr_class 3
total_sv 1972
rho 0.9376504016575578 0.8897282098617472 -0.9288826633637624
label 2 0 1
nr_sv 516 774 682
SV
0.1 0.1 
0.1 0.1 
0.1 0.1 
0.1 0.1 76:1.0 94:1.0 167:1.0 181:1.0 197:1.0 207:1.0 220:1.0 
0.1 0.1 
0.1 0.1 100:1.0 142:1.0 
0.1 0.1 
0.1 0.1 
0.1 0.1 
0.1 0.1 
0.1 0.1 
0.1 0.1 
0.1 0.1 
0.1 0.1 
0.1 0.1 
0.1 0.1 42:1.0 164:1.0 168:1.0 
0.1 0.1 138:1.0 
0.1 0.1 
0.1 0.1 
0.1 0.1 
0.1 0.1 
0.1 0.1 
0.1 0.1 32:1.0 
0.1 0.1 
0.1 0.1 
0.1 0.1 60:1.0 
0.1 0.1 
0.1 0.1 
0.1 0.1 103:1.0 
0.1 0.1 
0.1 0.1 
0.1 0.1 
0.1 0.1 
0.1 0.1 
0.1 0.1 
0.1 0.1 71:1.0 
0.1 0.1 
0.1 0.1 
0.1 0.1 
0.1 0.1 
0.1 0.1 12:1.0 28:1.0 73:1.0 
0.1 0.1 
0.1 0.1 76:1.0 94:1.0 167:1.0 181:1.0 197:1.0 207:1.0 220:1.0 
0.1 0.1 
0.1 0.1 
0.1 0.1 
0.1 0.1 7:1.0 
0.1 0.1 
0.1 0.1 
0.1 0.1 
0.1 0.1 
0.1 0.1 
0.1 0.1 100:1.0 
0.1 0.1 
0.1 0.1 
0.1 0.1 
0.1 0.1 50:1.0 
0.1 0.1 
0.1 0.1 
0.1 0.1 
0.1 0.1 133:1.0 
0.1 0.1 
0.1 0.1 
0.1 0.1 
0.1 0.1 
0.1 0.1 114:1.0 
0.1 0.1 16:1.0 
0.1 0.1 142:1.0 
0.1 0.1 
0.1 0.1 
0.1 0.1 34:1.0 76:1.0 94:1.0 148:1.0 167:1.0 193:1.0 197:1.0 204:1.0 207:1.0 218:1.0 220:1.0 
0.1 0.1 14:1.0 181:1.0 
0.1 0.1 
0.1 0.1 
0.1 0.1 
0.1 0.1 14:1.0 
0.1 0.1 
0.1 0.1 11:1.0 
0.1 0.1 
0.1 0.1 
0.1 0.1 
0.1 0.1 
0.1 0.1 
0.1 0.1 
0.1 0.1 
0.1 0.1 
0.1 0.1 
0.1 0.1 
0.1 0.1 
0.1 0.1 
0.1 0.1 114:1.0 164:1.0 
0.1 0.1 174:1.0 
0.1 0.1 34:1.0 76:1.0 94:1.0 148:1.0 167:1.0 193:1.0 197:1.0 204:1.0 207:1.0 218:1.0 220:1.0 
0.1 0.1 
0.1 0.1 174:1.0 
0.1 0.1 
0.1 0.1 
0.1 0.1 12:1.0 147:1.0 
0.1 0.1 
0.1 0.1 
0.1 0.1 
0.1 0.1 
0.1 0.1 
0.1 0.1 114:1.0 
0.1 0.1 
0.1 0.1 
0.1 0.1 
0.1 0.1 133:1.0 
0.1 0.1 
0.1 0.1 
0.1 0.1 
0.1 0.1 
0.1 0.1 
0.1 0.1 
0.1 0.1 
0.1 0.1 55:1.0 
0.1 0.1 94:1.0 
0.1 0.1 
0.1 0.1 
0.1 0.1 
0.1 0.1 
0.1 0.1 181:1.0 
0.1 0.1 
0.1 0.1 
0.1 0.1 
0.1 0.1 1:1.0 84:1.0 
0.1 0.1 
0.1 0.1 
0.1 0.1 
0.1 0.1 
0.1 0.1 
0.1 0.1 
0.1 0.1 59:1.0 
0.1 0.1 
0.1 0.1 
0.1 0.1 
0.1 0.1 
0.1 0.1 
0.1 0.1 
0.1 0.1 
0.1 0.1 
0.1 0.1 
0.1 0.1 128:1.0 137:1.0 154:1.0 194:1.0 202:1.0 221:1.0 
0.1 0.1 139:1.0 
0.1 0.1 
0.1 0.1 
0.1 0.1 
0.1 0.1 
0.1 0.1 
0.1 0.1 
0.1 0.1 
0.1 0.1 
0.1 0.1 
0.1 0.1 
0.1 0.1 99:1.0 164:1.0 
0.1 0.1 
0.1 0.1 
0.1 0.1 
0.1 0.1 
0.1 0.1 4:1.0 6:1.0 
0.1 0.1 124:1.0 
0.1 0.1 4:1.0 6:1.0 85:1.0 
0.1 0.1 87:1.0 
0.1 0.1 
0.1 0.1 14:1.0 
0.1 0.1 
0.1 0.1 121:1.0 
0.1 0.1 27:1.0 108:1.0 
0.1 0.1 170:1.0 
0.1 0.1 87:1.0 
0.1 0.1 47:1.0 124:1.0 
0.1 0.1 
0.1 0.1 
0.1 0.1 78:1.0 
0.1 0.1 
0.1 0.1 53:1.0 64:1.0 172:1.0 
0.1 0.1 32:1.0 
0.1 0.1 
0.1 0.1 
0.1 0.1 
0.1 0.1 
0.1 0.1 40:1.0 
0.1 0.1 
0.1 0.1 
0.1 0.1 
0.1 0.1 
0.1 0.1 23:1.0 76:1.0 167:1.0 197:1.0 
0.1 0.1 
0.1 0.1 
0.1 0.1 
0.1 0.1 
0.1 0.1 
0.1 0.1 
0.1 0.1 
0.1 0.1 
0.1 0.1 
0.1 0.1 58:1.0 
0.1 0.1 
0.1 0.1 
0.1 0.1 
0.1 0.1 
0.1 0.1 23:1.0 
0.1 0.1 
0.1 0.1 
0.1 0.1 
0.1 0.1 
0.1 0.1 
0.1 0.1 
0.1 0.1 
0.1 0.1 
0.1 0.1 164:1.0 
0.1 0.1 168:1.0 
0.1 0.1 
0.1 0.1 76:1.0 
0.1 0.1 
0.1 0.1 114:1.0 
0.1 0.1 
0.1 0.1 
0.1 0.1 25:1.0 
0.1 0.1 
0.1 0.1 23:1.0 
0.1 0.1 
0.1 0.1 
0.1 0.1 100:1.0 
0.1 0.1 
0.1 0.1 166:1.0 
0.1 0.1 
0.1 0.1 108:1.0 
0.1 0.1 
0.1 0.1 79:1.0 
0.1 0.1 
0.1 0.1 
0.1 0.1 134:1.0 190:1.0 
0.1 0.1 
0.1 0.1 
0.1 0.1 58:1.0 
0.1 0.1 16:1.0 
0.1 0.1 
0.1 0.1 94:1.0 147:1.0 148:1.0 189:1.0 204:1.0 
0.1 0.1 
0.1 0.1 
0.1 0.1 12:1.0 28:1.0 73:1.0 94:1.0 189:1.0 
0.1 0.1 70:1.0 79:1.0 
0.1 0.1 
0.1 0.1 
0.1 0.1 
0.1 0.1 67:1.0 76:1.0 
0.1 0.1 
0.1 0.1 70:1.0 
0.1 0.1 166:1.0 
0.1 0.1 
0.1 0.1 
0.1 0.1 
0.1 0.1 
0.1 0.1 
0.1 0.1 124:1.0 
0.1 0.1 
0.1 0.1 
0.1 0.1 
0.1 0.1 
0.1 0.1 
0.1 0.1 128:1.0 137:1.0 154:1.0 194:1.0 202:1.0 221:1.0 
0.1 0.1 
0.1 0.1 147:1.0 
0.1 0.1 
0.1 0.1 
0.1 0.1 105:1.0 
0.1 0.1 
0.1 0.1 
0.1 0.1 
0.1 0.1 
0.1 0.1 55:1.0 
0.1 0.1 31:1.0 84:1.0 
0.1 0.1 
0.1 0.1 
0.1 0.1 31:1.0 
0.1 0.1 31:1.0 
0.1 0.1 
0.1 0.1 
0.1 0.1 
0.1 0.1 
0.1 0.1 
0.1 0.1 
0.1 0.1 
0.1 0.1 166:1.0 
0.1 0.1 
0.1 0.1 
0.1 0.1 
0.1 0.1 
0.1 0.1 84:1.0 165:1.0 
0.1 0.1 
0.1 0.1 
0.1 0.1 
0.1 0.1 
0.1 0.1 
0.1 0.1 
0.1 0.1 172:1.0 
0.1 0.1 166:1.0 
0.1 0.1 
0.1 0.1 
0.1 0.1 164:1.0 
0.1 0.1 
0.1 0.1 
0.1 0.1 
0.1 0.1 
0.1 0.1 
0.1 0.1 133:1.0 168:1.0 
0.1 0.1 
0.1 0.1 
0.1 0.1 
0.1 0.1 
0.1 0.1 24:1.0 
0.1 0.1 
0.1 0.1 
0.1 0.1 
0.1 0.1 
0.1 0.1 
0.1 0.1 
0.1 0.1 100:1.0 
0.1 0.1 
0.1 0.1 
0.1 0.1 84:1.0 127:1.0 
0.1 0.1 161:1.0 
0.1 0.1 
0.1 0.1 
0.1 0.1 
0.1 0.1 
0.1 0.1 
0.1 0.1 
0.1 0.1 
0.1 0.1 
0.1 0.1 19:1.0 
0.1 0.1 
0.1 0.1 170:1.0 
0.1 0.1 
0.1 0.1 
0.1 0.1 
0.1 0.1 
0.1 0.1 
0.1 0.1 
0.1 0.1 164:1.0 
0.1 0.1 
0.1 0.1 
0.1 0.1 
0.1 0.1 
0.1 0.1 
0.1 0.1 
0.1 0.1 
0.1 0.1 
0.1 0.1 
0.1 0.1 
0.1 0.1 
0.1 0.1 
0.1 0.1 
0.1 0.1 
0.1 0.1 
0.1 0.1 
0.1 0.1 
0.1 0.1 
0.1 0.1 
0.1 0.1 
0.1 0.1 
0.1 0.1 
0.1 0.1 
0.1 0.1 
0.1 0.1 73:1.0 
0.1 0.1 
0.1 0.1 
0.1 0.1 
0.1 0.1 40:1.0 
0.1 0.1 
0.1 0.1 
0.1 0.1 
0.1 0.1 
0.1 0.1 
0.1 0.1 
0.1 0.1 
0.1 0.1 
0.1 0.1 27:1.0 101:1.0 
0.1 0.1 
0.1 0.1 
0.1 0.1 
0.1 0.1 60:1.0 
0.1 0.1 
0.1 0.1 46:1.0 
0.1 0.1 
0.1 0.1 
0.1 0.1 
0.1 0.1 
0.1 0.1 
0.1 0.1 
0.1 0.1 
0.1 0.1 
0.1 0.1 
0.1 0.1 
0.1 0.1 1:1.0 101:1.0 
0.1 0.1 
0.1 0.1 
0.1 0.1 
0.1 0.1 
0.1 0.1 
0.1 0.1 
0.1 0.1 145:1.0 
0.1 0.1 
0.1 0.1 27:1.0 108:1.0 
0.1 0.1 
0.1 0.1 
0.1 0.1 
0.1 0.1 
0.1 0.1 119:1.0 
0.1 0.1 
0.1 0.1 
0.1 0.1 
0.1 0.1 
0.1 0.1 
0.1 0.1 
0.1 0.1 
0.1 0.1 
0.1 0.1 
0.1 0.1 
0.1 0.1 
0.1 0.1 
0.1 0.1 28:1.0 87:1.0 
0.1 0.1 
0.1 0.1 
0.1 0.1 
0.1 0.1 
0.1 0.1 
0.1 0.1 159:1.0 169:1.0 
0.1 0.1 
0.1 0.1 
0.1 0.1 
0.1 0.1 
0.1 0.1 
0.1 0.1 8:1.0 46:1.0 61:1.0 64:1.0 162:1.0 
0.1 0.1 27:1.0 
0.1 0.1 182:1.0 
0.1 0.1 
0.1 0.1 
0.1 0.1 
0.1 0.1 
0.1 0.1 22:1.0 46:1.0 64:1.0 
0.1 0.1 
0.1 0.1 
0.1 0.1 
0.1 0.1 
0.1 0.1 
0.1 0.1 
0.1 0.1 171:1.0 
0.1 0.1 
0.1 0.1 1:1.0 29:1.0 
0.1 0.1 
0.1 0.1 
0.1 0.1 141:1.0 
0.1 0.1 7:1.0 
0.1 0.1 85:1.0 
0.1 0.1 
0.1 0.1 
0.1 0.1 
0.1 0.1 128:1.0 137:1.0 154:1.0 194:1.0 202:1.0 221:1.0 
0.1 0.1 28:1.0 73:1.0 
0.1 0.1 
0.1 0.1 
0.1 0.1 
0.1 0.1 
0.1 0.1 
0.1 0.1 
0.1 0.1 
0.1 0.1 42:1.0 
0.1 0.1 7:1.0 
0.1 0.1 
0.1 0.1 1:1.0 101:1.0 
0.1 0.1 
0.1 0.1 
0.1 0.1 
0.1 0.1 
0.1 0.1 
0.1 0.1 
0.1 0.1 
0.1 0.1 
0.1 0.1 
0.1 0.1 
0.1 0.1 
0.1 0.1 
0.1 0.1 53:1.0 
0.1 0.1 
0.1 0.1 
0.1 0.1 
0.1 0.1 
0.1 0.1 100:1.0 
0.1 0.1 
0.1 0.1 
0.1 0.1 
0.1 0.1 164:1.0 
0.1 0.1 
0.1 0.1 
0.1 0.1 
0.1 0.1 67:1.0 94:1.0 124:1.0 148:1.0 167:1.0 187:1.0 204:1.0 207:1.0 218:1.0 
0.1 0.1 
0.1 0.1 100:1.0 
0.1 0.1 
0.1 0.1 
0.1 0.1 
0.1 0.1 
0.1 0.1 
0.1 0.1 40:1.0 
0.1 0.1 58:1.0 
0.1 0.1 
0.1 0.1 
0.1 0.1 
0.1 0.1 42:1.0 
0.1 0.1 
0.1 0.1 23:1.0 
0.1 0.1 76:1.0 167:1.0 197:1.0 
0.1 0.1 
0.1 0.1 118:1.0 
-0.03377060677138932 0.038720459178005005 2:1.0 91:1.0 
-0.05391435520303534 0.05175028435781273 121:1.0 
-0.0 0.1 78:1.0 
-0.048324898253619485 0.06537527924542332 66:1.0 187:1.0 
-0.1 0.1 142:1.0 
-0.0 0.03787206544785984 93:1.0 
-0.03392621916059929 0.03765046726367491 116:1.0 159:1.0 
-0.04631092069672262 0.06567700901821161 8:1.0 77:1.0 
-0.0 0.1 90:1.0 
-0.04241607204831304 0.0 42:1.0 
-0.09569768168173094 0.1 4:1.0 
-0.033585087155612314 0.04000269704547089 15:1.0 102:1.0 
-0.0 0.03728948895350233 136:1.0 
-0.05487968402127688 0.06262711393330292 107:1.0 203:1.0 
-0.04463314480408884 0.06385470075230343 89:1.0 129:1.0 178:1.0 
-0.04565133326888324 0.1 11:1.0 
-0.045209815571473695 0.1 162:1.0 173:1.0 
-0.045291382930010116 0.08861492263151233 88:1.0 
-0.04601589981341944 0.1 78:1.0 98:1.0 
-0.0 0.1 113:1.0 
-0.0453414722964266 0.1 90:1.0 
-0.0 0.03597383107060297 34:1.0 66:1.0 76:1.0 193:1.0 
-0.1 0.0 170:1.0 
-0.022323569548442182 0.0 55:1.0 
-0.043828518335741425 0.06617112475309367 20:1.0 179:1.0 186:1.0 196:1.0 
-0.045264860613744594 0.1 17:1.0 
-0.06244543944537555 0.060494670224069645 85:1.0 94:1.0 147:1.0 189:1.0 
-0.05852703088846698 0.1 85:1.0 
-0.03271092369063984 0.1 92:1.0 
-0.1 0.0 42:1.0 
-0.05503956614562103 0.1 34:1.0 66:1.0 76:1.0 193:1.0 
-0.0286153397330033 0.036970753217766404 22:1.0 82:1.0 
-0.0 0.027495472008132904 112:1.0 
-0.00858228821857188 0.04750006749356802 113:1.0 
-0.1 0.051692562942334645 181:1.0 
-0.1 0.0 76:1.0 
-0.1 0.08888712134774622 40:1.0 
-0.03262918169854475 0.1 185:1.0 
-0.003425942703445487 0.1 38:1.0 
-0.008632696216542588 0.0 24:1.0 
-0.031952046237275454 0.1 23:1.0 
-0.040748075092741365 0.0 16:1.0 
-0.07911973539535389 0.07119671977017085 14:1.0 43:1.0 67:1.0 
-0.0 0.050000000000000024 21:1.0 
-0.03289820371927155 0.1 93:1.0 
-0.0 0.026907581375597695 10:1.0 
-0.02215168900263093 0.033592809015858455 155:1.0 178:1.0 
-0.0381577009162957 0.04429328312284654 65:1.0 179:1.0 
-0.05356494454007629 0.06254146473837648 30:1.0 95:1.0 113:1.0 123:1.0 199:1.0 
-0.04661085586275098 0.028807104666423847 101:1.0 165:1.0 
-0.1 0.06530967429252667 100:1.0 
-0.03363693293032577 0.1 20:1.0 185:1.0 
-0.0 0.1 131:1.0 
-0.1 0.011627208615997283 16:1.0 
-0.04575321228197055 0.1 153:1.0 
-0.0 0.043233235979243924 72:1.0 
-0.0 0.1 68:1.0 
-0.0 0.1 124:1.0 
-0.038141579139510766 0.04383869914854186 65:1.0 113:1.0 
-0.1 0.07103921825372339 7:1.0 128:1.0 137:1.0 154:1.0 194:1.0 202:1.0 221:1.0 
-0.0 0.1 125:1.0 
-9.694517294364371E-4 0.1 78:1.0 
-0.03374276395741008 0.05869795769398464 36:1.0 180:1.0 
-0.0 0.043233235979243924 89:1.0 
-0.021647167264664147 0.038147488619000955 15:1.0 178:1.0 
-0.07162770216804722 0.042138673582136896 67:1.0 
-0.04845321125041078 0.1 38:1.0 99:1.0 149:1.0 
-0.04998884911230182 0.1 33:1.0 104:1.0 
-0.03389475525694879 0.03835701902521148 50:1.0 136:1.0 
-0.1 0.0 133:1.0 
-0.1 0.023349375832890432 166:1.0 
-0.1 0.019084070166273906 170:1.0 
-0.04433585326226133 0.05070543756157246 39:1.0 54:1.0 80:1.0 110:1.0 130:1.0 135:1.0 157:1.0 176:1.0 190:1.0 195:1.0 200:1.0 205:1.0 206:1.0 210:1.0 212:1.0 213:1.0 214:1.0 215:1.0 219:1.0 222:1.0 
-0.04571636787152904 0.07725815794595892 10:1.0 122:1.0 126:1.0 
-0.03294624741227693 0.08755115986612712 21:1.0 
-0.0627465656101173 0.06186597428396366 72:1.0 122:1.0 138:1.0 
-0.0 0.019219653573323604 109:1.0 
-0.1 0.1 25:1.0 
-0.01701528633822742 0.007554632200050204 36:1.0 
-0.0 0.1 159:1.0 
-0.0 0.1 70:1.0 
-0.1 0.1 23:1.0 
-0.00669226716171532 0.08749266783972175 116:1.0 
-0.033699073003741566 0.07563232695562998 10:1.0 78:1.0 
-0.02602103650081342 0.037832972410151516 82:1.0 113:1.0 
-0.04112453380535171 0.1 63:1.0 140:1.0 151:1.0 
-0.1 0.05179561651413569 133:1.0 
-0.0 0.1 179:1.0 186:1.0 196:1.0 
-0.1 0.1 11:1.0 
-0.07410327364760043 0.07612320610845205 52:1.0 76:1.0 94:1.0 148:1.0 167:1.0 197:1.0 204:1.0 207:1.0 218:1.0 220:1.0 
-0.028471297597211516 0.1 145:1.0 
-0.02166285064257129 0.03868032693972883 152:1.0 178:1.0 
-0.03391172535302592 0.045981887277378446 68:1.0 102:1.0 
-0.08258093754645128 0.09243808576964298 19:1.0 101:1.0 
-0.0 0.05186042106075192 62:1.0 
-0.0385526625031889 0.1 150:1.0 173:1.0 
-0.0 0.051841854294468935 57:1.0 
-0.0 0.1 
-0.0 0.1 
-0.0 0.1 
-0.0 0.1 
-0.0 0.1 
-0.0 0.1 
-0.0 0.1 
-0.0 0.1 
-0.0 0.1 
-0.0 0.1 
-0.0 0.1 
-0.0 0.1 
-0.0 0.1 
-0.0 0.1 
-0.0 0.1 
-0.06255093735005965 0.07097228564931748 39:1.0 54:1.0 80:1.0 110:1.0 135:1.0 157:1.0 176:1.0 190:1.0 200:1.0 210:1.0 212:1.0 214:1.0 
-0.0 0.1 158:1.0 
-0.0 0.1 
-0.0 0.1 
-0.03874910858016882 0.04393266925583268 132:1.0 
-0.04308543964174508 0.09277458973368012 149:1.0 155:1.0 
-0.0 0.1 
-0.0 0.1 
-0.045405755514487854 0.052290674386120825 118:1.0 
-0.0 0.1 
-0.0 0.1 
-0.0 0.1 
-0.0 0.1 
-0.0 0.1 
-0.0 0.1 
-0.0 0.1 96:1.0 
-0.0 0.1 
-0.008445259349703792 0.1 102:1.0 
-0.0 0.1 
-0.0 0.1 
-0.0 0.1 
-0.04543869410308401 0.08858356178764319 3:1.0 
-0.0 0.1 
-0.0 0.1 
-0.0 0.1 
-0.0 0.1 
-0.0 0.1 
-0.05443999305229714 0.09524915911753791 101:1.0 116:1.0 135:1.0 173:1.0 
-0.0 0.1 
-0.0 0.1 
-0.0 0.1 
-0.0 0.1 
-0.0 0.1 
-0.0 0.1 
-0.0 0.1 109:1.0 
-0.0 0.1 
-0.0 0.1 
-0.045271714487072276 0.1 96:1.0 
-0.0 0.1 
-0.0 0.1 
-0.029808763025927373 0.034141014252600375 45:1.0 56:1.0 63:1.0 97:1.0 132:1.0 208:1.0 
-0.0 0.1 
-0.0 0.1 
-0.03226960730383537 0.04322004677183254 63:1.0 
-0.0 0.1 
-0.0 0.1 
-0.0 0.1 
-0.0 0.1 
-0.07029466345611593 0.1 142:1.0 
-0.0 0.1 
-0.0 0.1 
-0.0 0.1 
-0.0 0.1 
-0.0 0.1 
-0.0 0.1 
-0.0 0.1 
-0.033436109419861804 0.07499591809447183 26:1.0 55:1.0 
-0.0 0.1 
-0.0 0.1 
-0.0 0.1 
-0.07556471672343747 0.07540842253903932 99:1.0 
-0.005985659643064419 0.1 68:1.0 
-0.0 0.1 
-0.0 0.1 
-0.0 0.1 
-0.1 0.1 70:1.0 
-0.0 0.1 
-0.0 0.1 
-0.0 0.1 
-0.0 0.1 
-0.0 0.1 
-0.039009086585082446 0.0796640432896335 144:1.0 
-0.1 0.07047770054406029 42:1.0 
-0.0 0.1 
-0.0 0.1 
-0.0 0.1 
-0.0 0.1 
-0.09280923016610065 0.0 101:1.0 
-0.034049343375599284 0.05961812764562922 175:1.0 180:1.0 
-0.0 0.1 
-0.0 0.1 
-0.0 0.1 
-0.0 0.1 
-0.0 0.1 
-0.0 0.1 
-0.03371567172304015 0.0386675207846728 21:1.0 175:1.0 
-0.0 0.1 
-0.0 0.1 
-0.1 0.1 23:1.0 
-0.0 0.1 
-0.033904922292276436 0.03815963615262781 113:1.0 122:1.0 
-0.045668783887697045 0.08902857714934523 125:1.0 170:1.0 
-0.0 0.1 
-0.1 0.1 145:1.0 
-0.0 0.1 
-0.0 0.1 
-0.0 0.1 
-0.0 0.1 
-0.1 0.08837279138400272 168:1.0 
-0.0 0.1 
-0.0 0.1 
-0.0976028005258561 0.1 16:1.0 
-0.030278911181368932 0.1 126:1.0 
-0.0 0.1 
-0.1 0.1 
-0.1 0.1 
-0.1 0.1 
-0.1 0.1 
-0.0 0.025565226142403447 177:1.0 
-0.1 0.1 
-0.1 0.1 
-0.1 0.1 
-0.1 0.1 
-0.1 0.1 
-0.1 0.1 
-0.1 0.1 
-0.1 0.1 
-0.1 0.1 
-0.1 0.1 
-0.1 0.1 
-0.1 0.1 
-0.1 0.1 
-0.1 0.1 
-0.1 0.1 
-0.0 0.1 49:1.0 
-0.1 0.1 
-0.1 0.1 
-0.1 0.1 
-0.1 0.1 
-0.1 0.1 
-0.1 0.1 
-0.1 0.1 
-0.1 0.1 
-0.1 0.1 
-0.1 0.1 
-0.1 0.1 
-0.1 0.1 
-0.02347910252718037 0.1 18:1.0 
-0.1 0.1 
-0.1 0.1 
-0.1 0.1 
-0.1 0.1 
-0.1 0.1 
-0.1 0.1 
-0.0 0.05171851054842586 191:1.0 
-0.1 0.1 
-0.03407265776305766 0.044903419252759195 140:1.0 
-0.1 0.1 
-0.1 0.1 
-0.024920557068180582 0.08706150113540469 159:1.0 
-0.1 0.1 
-0.1 0.1 
-0.0 0.01574531681053515 178:1.0 
-0.1 0.1 
-0.1 0.1 
-0.0 0.050636281414337674 95:1.0 
-0.1 0.1 
-0.0961345503432626 0.1 38:1.0 79:1.0 
-0.1 0.1 
-0.1 0.1 
-0.1 0.1 
-0.0 0.1 5:1.0 74:1.0 75:1.0 81:1.0 192:1.0 198:1.0 201:1.0 216:1.0 217:1.0 
-0.1 0.1 
-0.1 0.1 
-0.1 0.1 
-0.04546168234011133 0.051766267408040904 83:1.0 
-0.1 0.1 
-0.1 0.1 
-0.1 0.1 
-0.0 0.1 48:1.0 
-0.0 0.1 152:1.0 
-0.1 0.1 
-0.1 0.1 
-0.1 0.1 
-0.1 0.1 
-0.1 0.1 
-0.1 0.1 
-0.1 0.1 
-0.06429298256268474 0.08895326414889808 6:1.0 51:1.0 
-0.1 0.1 
-0.1 0.1 
-0.04534147229642653 0.0 171:1.0 
-0.1 0.1 
-0.1 0.1 
-0.1 0.1 
-0.04657712791930166 0.06376263376781542 124:1.0 165:1.0 
-0.1 0.1 
-0.1 0.1 
-0.1 0.1 
-0.055157372143688405 0.06241300854438398 45:1.0 56:1.0 151:1.0 208:1.0 
-0.1 0.1 
-0.04577729553977744 0.1 57:1.0 
-0.1 0.1 
-0.04346517802212993 0.05172330807605203 23:1.0 82:1.0 183:1.0 
-0.1 0.1 
-0.1 0.1 
-0.1 0.1 
-0.0 0.1 47:1.0 
-0.03682184514196862 0.054088863000227534 151:1.0 
-0.1 0.1 
-0.033998702776735855 0.038183872893073324 47:1.0 55:1.0 
-0.1 0.1 
-0.1 0.1 
-0.1 0.1 
-0.07229355090438593 0.06267507318883125 68:1.0 141:1.0 
-0.08189978370631197 0.1 70:1.0 
-0.04087146531669255 0.09448795125509504 44:1.0 129:1.0 
-0.03252160848930623 0.1 37:1.0 
-0.1 0.1 
-0.1 0.1 
-0.1 0.05227925273355808 171:1.0 
-0.1 0.1 
-0.1 0.1 
-0.0316819140769049 0.02443048024316208 66:1.0 76:1.0 
-0.025634262563911984 0.03750214141204043 36:1.0 82:1.0 
-0.1 0.1 
-0.03542986754996259 0.03677902352492064 139:1.0 
-0.034137017102168286 0.047082071341994505 18:1.0 188:1.0 
-0.0 0.1 47:1.0 
-0.1 0.1 
-0.017902466306544518 0.1 44:1.0 
-0.1 0.1 
-0.0972816157645256 0.0854495823019833 85:1.0 
-0.1 0.1 
-0.1 0.1 
-0.1 0.1 
-0.03294154305589115 0.1 136:1.0 
-0.09225110194209624 0.1 61:1.0 172:1.0 
-0.1 0.1 
-0.1 0.1 
-0.1 0.1 
-0.1 0.1 
-0.1 0.1 
-0.0 0.1 184:1.0 
-0.1 0.1 
-0.1 0.1 
-0.1 0.1 
-0.1 0.1 
-0.04450483930073418 0.05062083960186907 39:1.0 80:1.0 110:1.0 130:1.0 135:1.0 157:1.0 176:1.0 195:1.0 200:1.0 205:1.0 206:1.0 210:1.0 212:1.0 213:1.0 214:1.0 215:1.0 219:1.0 222:1.0 
-0.1 0.1 
-0.1 0.1 
-0.1 0.1 
-0.1 0.1 
-0.1 0.1 
-0.037580525356670856 0.07436246091097665 152:1.0 
-0.0 0.010844191405643024 120:1.0 
-0.1 0.1 
-0.032687300358354966 0.034044183496018766 188:1.0 
-0.03006904933351707 0.0328288430887899 135:1.0 
-0.024066289146038214 0.03210742225873859 179:1.0 
-0.1 0.1 
-0.1 0.1 
-0.1 0.1 
-0.009006634379721708 0.0 155:1.0 
-0.1 0.1 
-0.0501168409977655 0.09886457677479336 16:1.0 129:1.0 187:1.0 
-0.1 0.1 
-0.1 0.1 
-0.1 0.1 
-0.04573092119215166 0.051891680102976685 143:1.0 
-0.020236361175596795 0.1 124:1.0 
-0.1 0.1 
-0.1 0.1 
-0.082185466394499 0.1 133:1.0 
-0.1 0.1 
-0.1 0.1 
-0.1 0.1 
-0.1 0.1 
-0.1 0.1 
-0.1 0.1 
-0.1 0.1 
-0.1 0.1 
-0.1 0.1 
-0.1 0.1 
-0.04366015820410994 0.04921738839721296 25:1.0 42:1.0 
-0.04783533603039953 0.058977324665510096 30:1.0 123:1.0 199:1.0 
-0.03293002391490382 0.0 50:1.0 
-0.1 0.1 
-0.03423189910089043 0.08903901215691844 92:1.0 109:1.0 
-0.045344881611727665 0.0885174339337714 131:1.0 
-0.012331818950191703 0.0050862867609400095 51:1.0 
-0.1 0.1 
-0.1 0.1 
-0.1 0.1 
-0.1 0.1 
-0.04564591862456592 0.0627184248476212 59:1.0 145:1.0 
-0.1 0.1 
-0.1 0.1 
-0.030488179479092728 0.04843396170060903 20:1.0 
-0.1 0.1 
-0.04204213146616241 0.04964515726846077 45:1.0 56:1.0 63:1.0 97:1.0 208:1.0 
-0.1 0.0 55:1.0 
-0.1 0.1 
-0.03360136619931284 0.03822476200364747 2:1.0 93:1.0 
-0.1 0.1 
-0.06965699091376973 0.037576704011301316 29:1.0 
-0.1 0.1 
-0.1 0.1 124:1.0 
-0.1 0.1 
-0.1 0.1 
-0.1 0.1 
-0.1 0.1 
-0.03355162879786066 0.06580083578176374 112:1.0 115:1.0 
-0.1 0.1 
-0.1 0.1 
-0.026493809167190255 0.1 10:1.0 
-0.1 0.1 
-0.1 0.1 
-0.039357081953121986 0.1 89:1.0 
-0.1 0.1 
-0.1 0.1 
-0.02821645441273164 0.027323680727167864 77:1.0 
-0.1 0.1 
-0.1 0.1 
-0.1 0.1 
-0.1 0.1 
-0.045286420265732596 0.1 13:1.0 
-0.1 0.1 
-0.1 0.1 
-0.1 0.1 
-0.03397438787210389 0.03734019785021954 23:1.0 175:1.0 
-0.1 0.1 
-0.1 0.1 
-0.1 0.1 
-0.1 0.1 
-0.1 0.1 
-0.1 0.1 
-0.025700831733691865 0.03816002004311011 51:1.0 82:1.0 
-0.1 0.1 
-0.1 0.1 
-0.04526376966042307 0.05180501461326284 184:1.0 
-0.1 0.1 
-0.1 0.1 
-0.1 0.1 
-0.04531623630337411 0.0 32:1.0 
-0.038233137536179955 0.09374585370213762 30:1.0 
-0.1 0.1 
-0.1 0.1 
-0.1 0.1 
-0.1 0.1 
-0.1 0.1 
-0.1 0.1 
-0.1 0.1 
-0.1 0.1 
-0.1 0.1 
-0.1 0.1 
-0.1 0.1 
-0.1 0.1 
-0.02559696177262881 0.1 82:1.0 126:1.0 
-0.1 0.1 
-0.1 0.1 
-0.1 0.1 
-0.1 0.1 
-0.1 0.1 
-0.1 0.1 
-0.1 0.1 
-0.1 0.1 
-0.1 0.1 
-0.03284718915816773 0.1 112:1.0 
-0.1 0.1 
-0.1 0.1 
-0.1 0.1 
-0.1 0.1 
-0.1 0.1 
-0.1 0.1 
-0.1 0.1 
-0.1 0.1 
-0.08270867235497237 0.1 105:1.0 124:1.0 
-0.1 0.1 
-0.1 0.1 
-0.1 0.1 
-0.1 0.1 
-0.1 0.1 
-0.1 0.1 
-0.1 0.1 
-0.1 0.1 
-0.1 0.1 
-0.1 0.1 
-0.1 0.1 
-0.1 0.1 
-0.1 0.1 
-0.1 0.1 
-0.1 0.1 
-0.1 0.1 32:1.0 
-0.1 0.1 
-0.1 0.1 
-0.1 0.1 
-0.1 0.1 
-0.08217280117086977 0.05235880651838775 169:1.0 
-0.1 0.1 
-0.1 0.1 
-0.03450315734121619 0.1 43:1.0 
-0.03834145311450125 0.1 179:1.0 186:1.0 196:1.0 
-0.021750052752024306 0.038034190835531716 159:1.0 178:1.0 
-0.1 0.1 
-0.1 0.1 
-0.0 0.1 86:1.0 
-0.1 0.1 
-0.08250600207201357 0.05172859416492874 134:1.0 
-0.1 0.1 
-0.0 0.1 72:1.0 
-0.046606359619044774 0.039536596919158694 116:1.0 165:1.0 
-0.028648857583418206 0.1 125:1.0 
-0.1 0.1 
-0.033566022389381805 0.03858336746343841 29:1.0 135:1.0 
-0.044897395396662126 0.05183585440575618 48:1.0 
-0.1 0.1 
-0.1 0.1 
-0.1 0.1 
-0.1 0.1 
-0.04522901680258202 0.0 103:1.0 
-0.062260013313611945 0.0713671179123217 39:1.0 54:1.0 80:1.0 176:1.0 190:1.0 210:1.0 
-0.03605979355013443 0.1 120:1.0 
-0.033132529314667265 0.03745154352341033 26:1.0 
-0.03351993495261813 0.048150827290707 44:1.0 155:1.0 
-0.04597715502266318 0.0681821039514608 36:1.0 37:1.0 144:1.0 
-0.1 0.1 
-0.1 0.03777210012161091 24:1.0 
-0.1 0.1 
-0.1 0.051974023827361604 32:1.0 
-0.1 0.1 
-0.1 0.1 
-0.09618134021589796 0.059042949232968635 147:1.0 189:1.0 
-0.1 0.1 
-0.04711172715788066 0.07408704017196902 37:1.0 65:1.0 116:1.0 
-0.0754108825648605 0.056602035139185915 22:1.0 141:1.0 
-0.1 0.1 
-0.1 0.1 
-0.1 0.1 
-0.02059248893864427 0.1 180:1.0 
-0.1 0.1 
-0.1 0.1 
-0.1 0.1 
-0.1 0.1 
-0.03139194239673857 0.1 163:1.0 
-0.1 0.1 
-0.1 0.1 
-0.08207343446808592 0.0519133528345956 127:1.0 
-0.1 0.1 
-0.1 0.1 
-0.1 0.1 
-0.1 0.1 
-0.04564278454594542 0.05209796188875171 86:1.0 
-0.1 0.1 
-0.1 0.1 
-0.03241447395899847 0.1 109:1.0 
-0.1 0.1 
-0.09825329245872473 0.02366214546753378 55:1.0 
-0.1 0.1 
-0.09720183146640057 0.1 139:1.0 
-0.1 0.1 
-0.1 0.1 
-0.1 0.1 
-0.1 0.1 
-0.1 0.1 
-0.1 0.1 87:1.0 159:1.0 
-0.1 0.1 
-0.1 0.1 
-0.1 0.1 
-0.1 0.1 
-0.1 0.1 
-0.1 0.1 
-0.1 0.1 
-0.045322299846772336 0.1 177:1.0 
-0.1 0.1 
-0.1 0.1 
-0.1 0.1 
-0.1 0.1 
-0.1 0.1 
-0.1 0.1 
-0.1 0.1 
-0.1 0.1 
-0.03936323547199001 0.044974035424892034 183:1.0 
-0.1 0.1 
-0.1 0.1 
-0.1 0.1 
-0.1 0.1 
-0.1 0.1 
-0.1 0.06832641336577118 23:1.0 
-0.1 0.1 
-0.032785049601278204 0.1 115:1.0 
-0.1 0.1 
-0.1 0.1 
-0.1 0.1 
-0.1 0.1 
-0.1 0.1 
-0.1 0.1 
-0.039279951626699 0.09762653807715173 104:1.0 124:1.0 
-0.1 0.1 
-0.1 0.1 
-0.1 0.1 
-0.1 0.1 
-0.1 0.1 
-0.045357796542083835 0.1 62:1.0 
-0.1 0.1 
-0.1 0.1 
-0.1 0.1 
-0.1 0.1 
-0.1 0.1 
-0.1 0.1 
-0.1 0.1 
-0.1 0.1 
-0.1 0.1 
-0.1 0.1 
-0.02477548057237513 0.02320170488920224 15:1.0 
-0.1 0.1 
-0.08695082034679519 0.1 76:1.0 
-0.1 0.1 
-0.0 0.1 178:1.0 
-0.1 0.1 
-0.1 0.1 
-0.1 0.1 
-0.04342979238741093 0.049381334204446375 25:1.0 82:1.0 120:1.0 
-0.0 0.1 69:1.0 
-0.1 0.1 59:1.0 
-0.1 0.1 
-0.1 0.1 
-0.1 0.1 
-0.1 0.1 
-0.1 0.1 
-0.03381399218867766 0.040279129035945695 102:1.0 139:1.0 
-0.1 0.1 
-0.1 0.1 
-0.1 0.1 
-0.1 0.1 
-0.1 0.1 
-0.1 0.1 
-0.1 0.1 
-0.1 0.1 
-0.1 0.1 
-0.1 0.1 
-0.1 0.08915580859435698 103:1.0 
-0.044248635308341125 0.1 95:1.0 
-0.1 0.1 
-0.1 0.1 
-0.1 0.1 
-0.1 0.1 
-0.1 0.1 
-0.03667887447502022 0.05141553448421283 22:1.0 163:1.0 
-0.09139029131029537 0.1 121:1.0 
-0.04533819754550764 0.1 191:1.0 
-0.04096510925402094 0.051163374228140046 63:1.0 132:1.0 140:1.0 
-0.1 0.1 
-0.1 0.1 
-0.1 0.1 
-0.1 0.1 
-0.1 0.1 
-0.009849303690915783 0.020601345738747202 82:1.0 120:1.0 
-0.1 0.1 
-0.1 0.1 
-0.04071402049769671 0.04575074096846094 45:1.0 56:1.0 63:1.0 132:1.0 208:1.0 
-0.1 0.1 60:1.0 
-0.1 0.1 
-0.04506560714596007 0.05212936105152127 69:1.0 
-0.1 0.1 
-0.1 0.1 
-0.1 0.1 
-0.1 0.1 
-0.1 0.1 
-0.1 0.03863166317647715 24:1.0 166:1.0 
-0.1 0.1 
-0.1 0.1 
-0.1 0.1 
-0.1 0.1 
-0.1 0.1 
-0.017763767010509492 0.018650556302203695 122:1.0 
-0.1 0.1 
-0.06934612824825903 0.08797700714172191 47:1.0 
-0.1 0.1 
-0.1 0.1 
-0.007556953043363492 0.0019018590727610113 175:1.0 
-0.1 0.1 
-0.1 0.1 
-0.1 0.1 
-0.1 0.1 
-0.1 0.1 
-0.1 0.1 
-0.1 0.1 
-0.1 0.1 
-0.1 0.1 
-0.1 0.1 
-0.1 0.1 
-0.1 0.1 
-0.1 0.1 
-0.06856472489868556 0.1 18:1.0 53:1.0 111:1.0 
-0.036810295618443865 0.1 72:1.0 
-0.1 0.1 
-0.020623986907686756 0.023323845286112914 2:1.0 
-0.1 0.1 
-0.0 0.1 178:1.0 
-0.1 0.1 
-0.060746870869899425 0.06933543200233132 39:1.0 80:1.0 110:1.0 130:1.0 135:1.0 176:1.0 190:1.0 195:1.0 200:1.0 205:1.0 206:1.0 210:1.0 213:1.0 215:1.0 219:1.0 222:1.0 
-0.1 0.1 
-0.1 0.1 
-0.1 0.1 
-0.1 0.1 
-0.1 0.1 
-0.1 0.1 
-0.1 0.1 118:1.0 
-0.0622938373158583 0.07115303714012633 5:1.0 74:1.0 75:1.0 81:1.0 192:1.0 198:1.0 201:1.0 216:1.0 217:1.0 
-0.1 0.1 
-0.1 0.1 
-0.1 0.1 
-0.1 0.1 
-0.1 0.1 
-0.033041862735814644 0.037629415360114396 91:1.0 
-0.1 0.1 
-0.1 0.1 
-0.1 0.1 78:1.0 
-0.1 0.1 166:1.0 
-0.1 0.1 
-0.1 0.1 
-0.04544061593687959 0.0886681379670617 146:1.0 
-0.1 0.1 
-0.05936011265689148 0.1 41:1.0 160:1.0 211:1.0 
-0.1 0.1 
-0.1 0.1 
-0.04580418356120563 0.0885382296313198 158:1.0 
-0.1 0.1 
-0.1 0.1 
-0.059628606929157515 0.06825148561820793 117:1.0 156:1.0 209:1.0 
-0.1 0.1 
-0.1 0.1 
-0.1 0.1 
-0.1 0.1 
-0.1 0.1 
-0.1 0.1 
-0.1 0.1 
-0.045256875024738054 0.08858593848229003 49:1.0 
-0.03122794333190419 0.051857865535088456 150:1.0 
-0.1 0.1 
-0.1 0.1 
-0.1 0.1 
-0.1 0.1 
-0.1 0.1 
-0.1 0.1 
-0.1 0.03768677071041229 50:1.0 
-0.1 0.1 124:1.0 
-0.1 0.1 
-0.1 0.1 
-0.1 0.1 
-0.1 0.1 
-0.1 0.1 
-0.06351250696199306 0.1 
-0.0 0.1 
-0.0 0.1 
-0.0 0.1 
-0.04004946935166908 0.1 78:1.0 162:1.0 
-0.0 0.1 
-0.03343353724801556 0.07938340664822818 101:1.0 142:1.0 
-0.0 0.1 
-0.0 0.1 
-0.0 0.1 
-0.0 0.03866536469356701 82:1.0 
-0.02915146678689586 0.03359906829123581 39:1.0 54:1.0 80:1.0 110:1.0 130:1.0 135:1.0 157:1.0 176:1.0 195:1.0 200:1.0 205:1.0 206:1.0 210:1.0 212:1.0 213:1.0 214:1.0 215:1.0 219:1.0 222:1.0 
-0.09534886242501177 0.03865562493305163 166:1.0 178:1.0 
-0.0 0.1 
-0.0 0.1 
-0.0 0.1 
-0.0 0.1 
-0.0 0.1 
-0.0 0.07533002512680992 
-0.0 -0.1 
-0.0 -0.1 
-0.0 -0.1 
-0.0 -0.1 
-0.1 -0.1 28:1.0 
-0.0 -0.1 
-0.0 -0.1 
-0.0 -0.1 125:1.0 
-0.1 -0.1 19:1.0 
-0.0 -0.1 
-0.0 -0.1 
-0.0 -0.1 
-0.0 -0.1 
-0.0 -0.1 
-0.0 -0.1 
-0.0 -0.1 
-0.1 -0.1 79:1.0 
-0.0 -0.1 
-0.1 -0.1 53:1.0 103:1.0 
-0.0 -0.1 
-0.0 -0.1 
-0.0 -0.1 
-0.05028675909475894 -0.1 185:1.0 
-0.0 -0.1 173:1.0 
-0.1 -0.1 31:1.0 
-0.0 -0.1 
-0.0 -0.1 68:1.0 
-0.0 -0.1 
-0.0 -0.1 
-0.0 -0.1 
-0.0 -0.1 
-0.0 -0.1 
-0.0 -0.1 
-0.0 -0.1 
-0.0 -0.1 
-0.08047266140387124 -0.1 11:1.0 
-0.0 -0.1 
-0.0 -0.1 
-0.0 -0.1 
-0.0 -0.1 
-0.0 -0.1 
-0.08027542585021027 -0.1 191:1.0 
-0.08837086788837425 -0.1 23:1.0 120:1.0 
-0.0 -0.1 
-0.0 -0.1 98:1.0 
-0.0 -0.1 
-0.0 -0.1 
-0.0 -0.1 
-0.0 -0.1 
-0.0 -0.1 111:1.0 
-0.0 -0.1 
-0.08208136879019146 -0.1 145:1.0 
-0.0 -0.1 
-0.0 -0.1 
-0.0 -0.1 
-0.0 -0.1 
-0.1 -0.1 164:1.0 168:1.0 
-0.0 -0.1 
-0.0 -0.1 
-0.0 -0.1 
-0.0 -0.1 
-0.0 -0.1 126:1.0 
-0.0 -0.1 
-0.0 -0.1 
-0.0 -0.1 
-0.0 -0.1 
-0.0 -0.1 
-0.05919455620274131 -0.1 35:1.0 173:1.0 
-0.0 -0.1 
-0.0 -0.1 
-0.0 -0.1 
-0.0 -0.1 
-0.1 -0.1 11:1.0 
-0.0 -0.1 
-0.0 -0.1 
-0.0 -0.1 
-0.0 -0.1 
-0.0 -0.1 
-0.0 -0.1 
-0.0 -0.1 
-0.0 -0.1 17:1.0 
-0.08088469530784259 -0.1 35:1.0 146:1.0 
-0.0 -0.1 
-0.0 -0.1 162:1.0 
-0.0 -0.1 
-0.0 -0.1 
-0.0 -0.1 
-0.0 -0.1 
-0.01839397263675332 -0.1 159:1.0 
-0.0 -0.1 96:1.0 
-0.0 -0.1 
-0.0 -0.1 
-0.0 -0.1 
-0.0 -0.1 47:1.0 
-0.0 -0.1 
-0.1 -0.1 13:1.0 14:1.0 
-0.04577664570525324 -0.1 43:1.0 
-0.0 -0.1 92:1.0 
-0.0802387653004353 -0.1 52:1.0 
-0.0 -0.1 
-0.0 -0.1 
-0.0 -0.1 
-0.07107680472647986 -0.1 30:1.0 33:1.0 113:1.0 
-0.0 -0.1 
-0.08062432000419098 -0.1 86:1.0 
-0.0 -0.1 
-0.08020152945125951 -0.1 69:1.0 
-0.08058734860185024 -0.1 102:1.0 
-0.0 -0.1 
-0.0 -0.1 
-0.0 -0.1 
-0.1 -0.1 
-0.1 -0.1 
-0.1 -0.1 
-0.1 -0.1 26:1.0 55:1.0 113:1.0 
-0.1 -0.1 
-0.1 -0.1 
-0.1 -0.1 
-0.1 -0.1 
-0.0 -0.1 38:1.0 
-0.0 -0.1 78:1.0 
-0.09891419047871011 -0.1 159:1.0 
-0.0 -0.1 173:1.0 
-0.08053479106559966 -0.1 48:1.0 
-0.1 -0.1 
-0.1 -0.1 16:1.0 187:1.0 
-0.1 -0.1 
-0.1 -0.1 
-0.1 -0.1 
-0.1 -0.1 
-0.1 -0.1 
-0.1 -0.1 
-0.018393972636753388 -0.1 142:1.0 
-0.1 -0.1 
-0.1 -0.1 
-0.1 -0.1 
-0.1 -0.1 
-0.1 -0.1 
-0.08189663749676915 -0.1 47:1.0 
-0.1 -0.1 
-0.1 -0.1 
-0.1 -0.1 
-0.1 -0.1 
-0.1 -0.1 44:1.0 164:1.0 
-0.1 -0.1 
-0.1 -0.1 
-0.1 -0.1 166:1.0 
-0.1 -0.1 
-0.1 -0.1 
-0.043932233337106885 -0.1 44:1.0 
-0.1 -0.1 
-0.1 -0.1 41:1.0 160:1.0 211:1.0 
-0.0 -0.1 78:1.0 
-0.1 -0.1 
-0.07563316320834733 -0.1 104:1.0 
-0.1 -0.1 
-0.1 -0.1 
-0.0 -0.1 72:1.0 
-0.1 -0.1 
-0.1 -0.1 
-0.1 -0.1 
-0.1 -0.1 
-0.1 -0.1 
-0.1 -0.1 
-0.08055630557798944 -0.1 93:1.0 
-0.058413172730876727 -0.1 49:1.0 
-0.1 -0.1 
-0.07558911973877382 -0.1 97:1.0 
-0.1 -0.1 
-0.1 -0.1 
-0.1 -0.1 59:1.0 
-0.1 -0.1 33:1.0 138:1.0 
-0.1 -0.1 
-0.1 -0.1 
-0.1 -0.1 34:1.0 76:1.0 193:1.0 
-0.1 -0.1 
-0.0 -0.1 124:1.0 
-0.1 -0.1 
-0.1 -0.1 
-0.1 -0.1 
-0.1 -0.1 
-0.0807992468021773 -0.1 13:1.0 144:1.0 
-0.1 -0.1 
-0.08213240978211186 -0.1 162:1.0 
-0.1 -0.1 58:1.0 
-0.1 -0.1 
-0.07601855357252871 -0.1 71:1.0 149:1.0 
-0.1 -0.1 
-0.018410745767831246 -0.1 124:1.0 
-0.1 -0.1 
-0.1 -0.1 
-0.1 -0.1 
-0.1 -0.1 
-0.1 -0.1 
-0.0 -0.1 126:1.0 
-0.1 -0.1 64:1.0 
-0.1 -0.1 
-0.1 -0.1 
-0.0 -0.1 119:1.0 
-0.1 -0.1 
-0.1 -0.1 
-0.1 -0.1 
-0.1 -0.1 179:1.0 186:1.0 196:1.0 
-0.1 -0.1 47:1.0 58:1.0 172:1.0 
-0.0 -0.1 125:1.0 
-0.1 -0.1 
-0.1 -0.1 
-0.08081833849579226 -0.1 82:1.0 
-0.1 -0.1 
-0.1 -0.1 70:1.0 141:1.0 
-0.1 -0.1 
-0.1 -0.1 
-0.0 -0.1 38:1.0 
-0.1 -0.1 
-0.1 -0.1 
-0.1 -0.1 
-0.1 -0.1 
-0.1 -0.1 27:1.0 108:1.0 
-0.0 -0.1 35:1.0 
-0.09540286023755878 -0.1 17:1.0 97:1.0 178:1.0 180:1.0 
-0.1 -0.1 
-0.1 -0.1 
-0.1 -0.1 
-0.1 -0.1 
-0.0 -0.1 153:1.0 
-0.1 -0.1 
-0.1 -0.1 
-0.1 -0.1 
-0.1 -0.1 
-0.1 -0.1 
-0.1 -0.1 
-0.1 -0.1 
-0.1 -0.1 
-0.1 -0.1 
-0.0 -0.1 9:1.0 
-0.1 -0.1 
-0.1 -0.1 
-0.1 -0.1 85:1.0 
-0.1 -0.1 
-0.1 -0.1 
-0.1 -0.1 
-0.1 -0.1 
-0.05969839204756634 -0.1 49:1.0 115:1.0 
-0.04343945169623182 -0.1 152:1.0 
-0.1 -0.1 
-0.1 -0.1 
-0.1 -0.1 
-0.1 -0.1 
-0.1 -0.1 
-0.1 -0.1 
-0.1 -0.1 
-0.1 -0.1 
-0.08050925731915991 -0.1 92:1.0 
-0.05915111748379989 -0.1 47:1.0 180:1.0 
-0.1 -0.1 
-0.1 -0.1 
-0.1 -0.1 
-0.1 -0.1 
-0.1 -0.1 
-0.09829750333501698 -0.1 71:1.0 79:1.0 113:1.0 
-0.0 -0.1 173:1.0 
-0.0 -0.1 70:1.0 
-0.1 -0.1 
-0.060397175077163384 -0.1 78:1.0 
-0.1 -0.1 
-0.1 -0.1 
-0.1 -0.1 
-0.1 -0.1 105:1.0 
-0.1 -0.1 
-0.07571836314230737 -0.1 17:1.0 
-0.1 -0.1 
-0.1 -0.1 
-0.0 -0.1 98:1.0 
-0.1 -0.1 
-0.1 -0.1 6:1.0 
-0.1 -0.1 
-0.1 -0.1 
-0.1 -0.1 
-0.1 -0.1 
-0.1 -0.1 
-0.1 -0.1 
-0.1 -0.1 
-0.1 -0.1 
-0.1 -0.1 
-0.1 -0.1 
-0.1 -0.1 
-0.1 -0.1 
-0.1 -0.1 
-0.1 -0.1 
-0.1 -0.1 
-0.1 -0.1 
-0.1 -0.1 
-0.08102276200420255 -0.1 150:1.0 178:1.0 
-0.1 -0.1 
-0.1 -0.1 
-0.1 -0.1 
-0.1 -0.1 12:1.0 
-0.1 -0.1 
-0.1 -0.1 
-0.08063091094112358 -0.1 21:1.0 
-0.1 -0.1 
-0.1 -0.1 
-0.09753499754790514 -0.1 19:1.0 88:1.0 
-0.0 -0.1 178:1.0 
-0.1 -0.1 
-0.1 -0.1 
-0.1 -0.1 
-0.1 -0.1 
-0.1 -0.1 
-0.1 -0.1 
-0.1 -0.1 
-0.1 -0.1 
-0.1 -0.1 
-0.1 -0.1 
-0.0 -0.1 173:1.0 
-0.1 -0.1 87:1.0 
-0.1 -0.1 139:1.0 
-0.08023237540028474 -0.1 125:1.0 
-0.1 -0.1 
-0.1 -0.1 70:1.0 
-0.1 -0.1 30:1.0 41:1.0 123:1.0 160:1.0 199:1.0 211:1.0 
-0.052343747690537935 -0.1 149:1.0 
-0.08023237540028474 -0.1 18:1.0 
-0.1 -0.1 
-0.1 -0.1 
-0.1 -0.1 
-0.1 -0.1 
-0.1 -0.1 
-0.08023876530043518 -0.1 126:1.0 
-0.0 -0.1 9:1.0 
-0.08095500486705083 -0.1 20:1.0 185:1.0 
-0.1 -0.1 
-0.08030084585651197 -0.1 129:1.0 
-0.1 -0.1 
-0.1 -0.1 
-0.1 -0.1 
-0.1 -0.1 
-0.0 -0.1 98:1.0 
-0.1 -0.1 
-0.0538910574068951 -0.1 78:1.0 98:1.0 
-0.08088671301015922 -0.1 57:1.0 
-0.1 -0.1 
-0.1 -0.1 
-0.1 -0.1 
-0.1 -0.1 
-0.1 -0.1 
-0.1 -0.1 
-0.1 -0.1 
-0.1 -0.1 
-0.1 -0.1 
-0.1 -0.1 
-0.1 -0.1 
-0.0 -0.1 37:1.0 
-0.1 -0.1 
-0.1 -0.1 
-0.018940907076484225 -0.1 34:1.0 76:1.0 193:1.0 
-0.1 -0.1 
-0.1 -0.1 
-0.1 -0.1 
-0.1 -0.1 
-0.1 -0.1 164:1.0 
-0.0049378546198502755 -0.1 179:1.0 186:1.0 196:1.0 
-0.1 -0.1 
-0.1 -0.1 
-0.1 -0.1 
-0.1 -0.1 
-0.1 -0.1 
-0.1 -0.1 
-0.1 -0.1 
-0.1 -0.1 124:1.0 
-0.1 -0.1 87:1.0 100:1.0 174:1.0 
-0.1 -0.1 
-0.1 -0.1 60:1.0 
-0.1 -0.1 
-0.01376272157846679 -0.1 13:1.0 
-0.05923413464564941 -0.1 30:1.0 33:1.0 
-0.1 -0.1 
-0.1 -0.1 87:1.0 152:1.0 
-0.1 -0.1 142:1.0 
-0.1 -0.1 
-0.1 -0.1 78:1.0 
-0.1 -0.1 
-0.1 -0.1 
-0.1 -0.1 
-0.04376140052087446 -0.1 106:1.0 
-0.1 -0.1 
-0.1 -0.1 
-0.1 -0.1 
-0.1 -0.1 
-0.1 -0.1 
-0.1 -0.1 76:1.0 177:1.0 
-0.08047716429999002 -0.1 163:1.0 
-0.1 -0.1 
-0.1 -0.1 
-0.1 -0.1 
-0.1 -0.1 
-0.1 -0.1 
-0.1 -0.1 
-0.1 -0.1 
-0.1 -0.1 
-0.1 -0.1 
-0.1 -0.1 
-0.1 -0.1 
-0.1 -0.1 10:1.0 147:1.0 182:1.0 
-0.1 -0.1 
-0.1 -0.1 
-0.0 -0.1 173:1.0 
-0.1 -0.1 98:1.0 114:1.0 
-0.1 -0.1 
-0.0 -0.1 109:1.0 
-0.1 -0.1 63:1.0 140:1.0 151:1.0 
-0.1 -0.1 
-0.1 -0.1 
-0.1 -0.1 
-0.1 -0.1 
-0.1 -0.1 
-0.1 -0.1 
-0.1 -0.1 
-0.0 -0.1 61:1.0 
-0.1 -0.1 
-0.1 -0.1 
-0.1 -0.1 
-0.1 -0.1 
-0.1 -0.1 
-0.1 -0.1 119:1.0 
-0.0666380363103366 -0.1 111:1.0 116:1.0 
-0.1 -0.1 
-0.0 -0.1 61:1.0 
-0.1 -0.1 
-0.1 -0.1 
-0.1 -0.1 
-0.1 -0.1 
-0.1 -0.1 
-0.1 -0.1 
-0.1 -0.1 
-0.1 -0.1 16:1.0 177:1.0 
-0.1 -0.1 
-0.058442761972260504 -0.1 115:1.0 
-0.1 -0.1 
-0.1 -0.1 
-0.1 -0.1 
-0.1 -0.1 124:1.0 
-0.1 -0.1 
-0.1 -0.1 
-0.1 -0.1 
-0.1 -0.1 
-0.1 -0.1 
-0.1 -0.1 
-0.1 -0.1 40:1.0 106:1.0 
-0.08020152945125943 -0.1 112:1.0 
-0.1 -0.1 
-0.0802446031277682 -0.1 119:1.0 
-0.1 -0.1 
-0.1 -0.1 
-0.1 -0.1 
-0.1 -0.1 
-0.1 -0.1 
-0.1 -0.1 
-0.1 -0.1 
-0.1 -0.1 
-0.0 -0.1 38:1.0 
-0.1 -0.1 
-0.043512900583005235 -0.1 158:1.0 
-0.1 -0.1 
-0.1 -0.1 
-0.1 -0.1 23:1.0 
-0.1 -0.1 
-0.05404144638732725 -0.1 180:1.0 
-0.1 -0.1 
-0.0 -0.1 41:1.0 160:1.0 211:1.0 
-0.1 -0.1 
-0.1 -0.1 
-0.1 -0.1 
-0.0 -0.1 41:1.0 160:1.0 211:1.0 
-0.1 -0.1 
-0.09893915288972167 -0.1 124:1.0 
-0.1 -0.1 
-0.1 -0.1 
-0.1 -0.1 121:1.0 
-0.1 -0.1 
-0.1 -0.1 
-0.1 -0.1 
-0.1 -0.1 
-0.0 -0.1 90:1.0 
-0.1 -0.1 
-0.1 -0.1 
-0.1 -0.1 
-0.1 -0.1 
-0.1 -0.1 
-0.1 -0.1 
-0.1 -0.1 
-0.1 -0.1 
-0.1 -0.1 
-0.1 -0.1 
-0.08045210163744966 -0.1 68:1.0 
-0.1 -0.1 
-0.1 -0.1 
-0.0 -0.1 111:1.0 
-0.1 -0.1 
-0.1 -0.1 46:1.0 131:1.0 
-0.1 -0.1 
-0.08038932766016237 -0.1 38:1.0 
-0.1 -0.1 
-0.1 -0.1 42:1.0 158:1.0 
-0.1 -0.1 
-0.08222497988929002 -0.1 61:1.0 
-0.1 -0.1 
-0.1 -0.1 
-0.1 -0.1 
-0.043845373097153334 -0.1 113:1.0 
-0.1 -0.1 27:1.0 
-0.1 -0.1 
-0.1 -0.1 
-0.1 -0.1 
-0.1 -0.1 
-0.0 -0.1 173:1.0 
-0.1 -0.1 
-0.04597619081966502 -0.1 178:1.0 
-0.0 -0.1 173:1.0 
-0.1 -0.1 34:1.0 76:1.0 94:1.0 148:1.0 167:1.0 193:1.0 197:1.0 204:1.0 207:1.0 218:1.0 220:1.0 
-0.1 -0.1 
-0.1 -0.1 65:1.0 104:1.0 116:1.0 151:1.0 
-0.1 -0.1 
-0.1 -0.1 
-0.1 -0.1 
-0.1 -0.1 
-0.1 -0.1 
-0.1 -0.1 133:1.0 
-0.1 -0.1 
-0.09319400640545046 -0.1 8:1.0 182:1.0 
-0.1 -0.1 
-0.1 -0.1 
-0.1 -0.1 5:1.0 74:1.0 75:1.0 81:1.0 192:1.0 198:1.0 201:1.0 216:1.0 217:1.0 
-0.1 -0.1 
-0.1 -0.1 
-0.1 -0.1 
-0.1 -0.1 
-0.1 -0.1 
-0.1 -0.1 
-0.1 -0.1 
-0.1 -0.1 
-0.1 -0.1 
-0.1 -0.1 
-0.1 -0.1 
-0.1 -0.1 
-0.09815100661009331 -0.1 145:1.0 
-0.1 -0.1 
-0.1 -0.1 
-0.1 -0.1 
-0.1 -0.1 
-0.1 -0.1 
-0.1 -0.1 
-0.08034718277938137 -0.1 136:1.0 
-0.08058052980539046 -0.1 37:1.0 
-0.1 -0.1 
-0.1 -0.1 
-0.1 -0.1 
-0.1 -0.1 
-0.1 -0.1 
-0.1 -0.1 
-0.05569394241578302 -0.1 111:1.0 
-0.1 -0.1 
-0.1 -0.1 
-0.1 -0.1 
-0.1 -0.1 
-0.1 -0.1 
-0.1 -0.1 
-0.1 -0.1 190:1.0 
-0.1 -0.1 
-0.1 -0.1 
-0.05871940233935772 -0.1 173:1.0 
-0.1 -0.1 
-0.1 -0.1 
-0.1 -0.1 
-0.08023237540028487 -0.1 89:1.0 
-0.1 -0.1 
-0.08041141854141806 -0.1 184:1.0 
-0.08061186986273755 -0.1 70:1.0 
-0.1 -0.1 
-0.1 -0.1 
-0.1 -0.1 
-0.1 -0.1 
-0.1 -0.1 
-0.1 -0.1 
-0.1 -0.1 
-0.1 -0.1 
-0.1 -0.1 
-0.08014149151174248 -0.1 72:1.0 
-0.09405054925477659 -0.1 43:1.0 99:1.0 
-0.1 -0.1 32:1.0 
-0.1 -0.1 
-0.09199497674944486 -0.1 85:1.0 116:1.0 
-0.1 -0.1 
-0.1 -0.1 
-0.1 -0.1 
-0.1 -0.1 
-0.1 -0.1 
-0.1 -0.1 
-0.1 -0.1 23:1.0 
-0.1 -0.1 118:1.0 
-0.1 -0.1 
-0.1 -0.1 
-0.1 -0.1 31:1.0 
-0.1 -0.1 
-0.1 -0.1 98:1.0 114:1.0 
-0.1 -0.1 
-0.1 -0.1 
-0.1 -0.1 
-0.1 -0.1 23:1.0 
-0.1 -0.1 
-0.1 -0.1 
-0.1 -0.1 
-0.1 -0.1 
-0.1 -0.1 
-0.1 -0.1 
-0.1 -0.1 
-0.1 -0.1 
-0.1 -0.1 
-0.06671107508625604 -0.1 10:1.0 
-0.1 -0.1 
-0.1 -0.1 
-0.1 -0.1 
-0.1 -0.1 
-0.1 -0.1 
-0.1 -0.1 
-0.1 -0.1 
-0.1 -0.1 4:1.0 
-0.1 -0.1 
-0.08041312047361618 -0.1 109:1.0 
-0.1 -0.1 
-0.0803471827793814 -0.1 96:1.0 
-0.1 -0.1 
-0.08038932766016246 -0.1 90:1.0 
-0.08022739696973842 -0.1 95:1.0 
-0.1 -0.1 
-0.043842965667616834 -0.1 131:1.0 
-0.1 -0.1 
-0.1 -0.1 
-0.1 -0.1 
-0.1 -0.1 
-0.1 -0.1 
-0.1 -0.1 
-0.1 -0.1 
-0.1 -0.1 71:1.0 
-0.1 -0.1 25:1.0 
-0.1 -0.1 
-0.1 -0.1 
-0.1 -0.1 182:1.0 
-0.1 -0.1 
-0.1 -0.1 
-0.08636813531310084 -0.1 3:1.0 120:1.0 
-0.1 -0.1 
-0.0 -0.1 153:1.0 
-0.0805873486018503 -0.1 153:1.0 
-0.1 -0.1 
-0.1 -0.1 
-0.1 -0.1 
-0.08008587867536114 -0.1 9:1.0 
-0.1 -0.1 
-0.1 -0.1 
-0.1 -0.1 
-0.051626658626329244 -0.1 
-0.0 -0.1 
-0.0 -0.1 
-0.08036999502991339 -0.1 62:1.0 
-0.0 -0.1 
-0.0 -0.1 
-0.0 -0.1 
-0.0 -0.1 
-0.0 -0.1 
-0.0 -0.1 
-0.0 -0.1 
-0.0 -0.1 
-0.0 -0.1 
-0.09879854640463606 -0.1 142:1.0 
-0.0 -0.1 
-0.0 -0.1 
-0.0 -0.1 
-0.0 -0.1 
-0.0 -0.1 
-0.02868875304968698 -0.1 35:1.0 
-0.0 -0.1 
