svm_type c_svc
kernel_type rbf
gamma 0.01
nr_class 3
total_sv 1961
rho 0.9230767956432793 0.9046812360120245 -0.9623288075702977
label 2 0 1
nr_sv 516 763 682
SV
0.1 0.1 
0.1 0.1 
0.1 0.1 
0.1 0.1 76:1.0 94:1.0 167:1.0 181:1.0 197:1.0 207:1.0 220:1.0 
0.1 0.1 
0.1 0.1 100:1.0 142:1.0 
0.1 0.1 
0.1 0.1 
0.1 0.1 
0.1 0.1 
0.1 0.1 
0.1 0.1 
0.1 0.1 
0.1 0.1 
0.1 0.1 
0.1 0.1 42:1.0 164:1.0 168:1.0 
0.1 0.1 138:1.0 
0.1 0.1 
0.1 0.1 
0.1 0.1 
0.1 0.1 
0.1 0.1 
0.1 0.1 32:1.0 
0.1 0.1 
0.1 0.1 
0.1 0.1 60:1.0 
0.1 0.1 
0.1 0.1 
0.1 0.1 103:1.0 
0.1 0.1 
0.1 0.1 
0.1 0.1 
0.1 0.1 
0.1 0.1 
0.1 0.1 
0.1 0.1 71:1.0 
0.1 0.1 
0.1 0.1 
0.1 0.1 
0.1 0.1 
0.1 0.1 12:1.0 28:1.0 73:1.0 
0.1 0.1 
0.1 0.1 76:1.0 94:1.0 167:1.0 181:1.0 197:1.0 207:1.0 220:1.0 
0.1 0.1 
0.1 0.1 
0.1 0.1 
0.1 0.1 7:1.0 
0.1 0.1 
0.1 0.1 
0.1 0.1 
0.1 0.1 
0.1 0.1 
0.1 0.1 100:1.0 
0.1 0.1 
0.1 0.1 
0.1 0.1 
0.1 0.1 50:1.0 
0.1 0.1 
0.1 0.1 
0.1 0.1 
0.1 0.1 133:1.0 
0.1 0.1 
0.1 0.1 
0.1 0.1 
0.1 0.1 
0.1 0.1 114:1.0 
0.1 0.1 16:1.0 
0.1 0.1 142:1.0 
0.1 0.1 
0.1 0.1 
0.1 0.1 34:1.0 76:1.0 94:1.0 148:1.0 167:1.0 193:1.0 197:1.0 204:1.0 207:1.0 218:1.0 220:1.0 
0.1 0.1 14:1.0 181:1.0 
0.1 0.1 
0.1 0.1 
0.1 0.1 
0.1 0.1 14:1.0 
0.1 0.1 
0.1 0.1 11:1.0 
0.1 0.1 
0.1 0.1 
0.1 0.1 
0.1 0.1 
0.1 0.1 
0.1 0.1 
0.1 0.1 
0.1 0.1 
0.1 0.1 
0.1 0.1 
0.1 0.1 
0.1 0.1 
0.1 0.1 114:1.0 164:1.0 
0.1 0.1 174:1.0 
0.1 0.1 34:1.0 76:1.0 94:1.0 148:1.0 167:1.0 193:1.0 197:1.0 204:1.0 207:1.0 218:1.0 220:1.0 
0.1 0.1 
0.1 0.1 174:1.0 
0.1 0.1 
0.1 0.1 
0.1 0.1 12:1.0 147:1.0 
0.1 0.1 
0.1 0.1 
0.1 0.1 
0.1 0.1 
0.1 0.1 
0.1 0.1 114:1.0 
0.1 0.1 
0.1 0.1 
0.1 0.1 
0.1 0.1 133:1.0 
0.1 0.1 
0.1 0.1 
0.1 0.1 
0.1 0.1 
0.1 0.1 
0.1 0.1 
0.1 0.1 
0.1 0.1 55:1.0 
0.1 0.1 94:1.0 
0.1 0.1 
0.1 0.1 
0.1 0.1 
0.1 0.1 
0.1 0.1 181:1.0 
0.1 0.1 
0.1 0.1 
0.1 0.1 
0.1 0.1 1:1.0 84:1.0 
0.1 0.1 
0.1 0.1 
0.1 0.1 
0.1 0.1 
0.1 0.1 
0.1 0.1 
0.1 0.1 59:1.0 
0.1 0.1 
0.1 0.1 
0.1 0.1 
0.1 0.1 
0.1 0.1 
0.1 0.1 
0.1 0.1 
0.1 0.1 
0.1 0.1 
0.1 0.1 128:1.0 137:1.0 154:1.0 194:1.0 202:1.0 221:1.0 
0.1 0.1 139:1.0 
0.1 0.1 
0.1 0.1 
0.1 0.1 
0.1 0.1 
0.1 0.1 
0.1 0.1 
0.1 0.1 
0.1 0.1 
0.1 0.1 
0.1 0.1 
0.1 0.1 99:1.0 164:1.0 
0.1 0.1 
0.1 0.1 
0.1 0.1 
0.1 0.1 
0.1 0.1 4:1.0 6:1.0 
0.1 0.1 124:1.0 
0.1 0.1 4:1.0 6:1.0 85:1.0 
0.1 0.1 87:1.0 
0.1 0.1 
0.1 0.1 14:1.0 
0.1 0.1 
0.1 0.1 121:1.0 
0.1 0.1 27:1.0 108:1.0 
0.1 0.1 170:1.0 
0.1 0.1 87:1.0 
0.1 0.1 47:1.0 124:1.0 
0.1 0.1 
0.1 0.1 
0.1 0.1 78:1.0 
0.1 0.1 
0.1 0.1 53:1.0 64:1.0 172:1.0 
0.1 0.1 32:1.0 
0.1 0.1 
0.1 0.1 
0.1 0.1 
0.1 0.1 
0.1 0.1 40:1.0 
0.1 0.1 
0.1 0.1 
0.1 0.1 
0.1 0.1 
0.1 0.1 23:1.0 76:1.0 167:1.0 197:1.0 
0.1 0.1 
0.1 0.1 
0.1 0.1 
0.1 0.1 
0.1 0.1 
0.1 0.1 
0.1 0.1 
0.1 0.1 
0.1 0.1 
0.1 0.1 58:1.0 
0.1 0.1 
0.1 0.1 
0.1 0.1 
0.1 0.1 
0.1 0.1 23:1.0 
0.1 0.1 
0.1 0.1 
0.1 0.1 
0.1 0.1 
0.1 0.1 
0.1 0.1 
0.1 0.1 
0.1 0.1 
0.1 0.1 164:1.0 
0.1 0.1 168:1.0 
0.1 0.1 
0.1 0.1 76:1.0 
0.1 0.1 
0.1 0.1 114:1.0 
0.1 0.1 
0.1 0.1 
0.1 0.1 25:1.0 
0.1 0.1 
0.1 0.1 23:1.0 
0.1 0.1 
0.1 0.1 
0.1 0.1 100:1.0 
0.1 0.1 
0.1 0.1 166:1.0 
0.1 0.1 
0.1 0.1 108:1.0 
0.1 0.1 
0.1 0.1 79:1.0 
0.1 0.1 
0.1 0.1 
0.1 0.1 134:1.0 190:1.0 
0.1 0.1 
0.1 0.1 
0.1 0.1 58:1.0 
0.1 0.1 16:1.0 
0.1 0.1 
0.1 0.1 94:1.0 147:1.0 148:1.0 189:1.0 204:1.0 
0.1 0.1 
0.1 0.1 
0.1 0.1 12:1.0 28:1.0 73:1.0 94:1.0 189:1.0 
0.1 0.1 70:1.0 79:1.0 
0.1 0.1 
0.1 0.1 
0.1 0.1 
0.1 0.1 67:1.0 76:1.0 
0.1 0.1 
0.1 0.1 70:1.0 
0.1 0.1 166:1.0 
0.1 0.1 
0.1 0.1 
0.1 0.1 
0.1 0.1 
0.1 0.1 
0.1 0.1 124:1.0 
0.1 0.1 
0.1 0.1 
0.1 0.1 
0.1 0.1 
0.1 0.1 
0.1 0.1 128:1.0 137:1.0 154:1.0 194:1.0 202:1.0 221:1.0 
0.1 0.1 
0.1 0.1 147:1.0 
0.1 0.1 
0.1 0.1 
0.1 0.1 105:1.0 
0.1 0.1 
0.1 0.1 
0.1 0.1 
0.1 0.1 
0.1 0.1 55:1.0 
0.1 0.1 31:1.0 84:1.0 
0.1 0.1 
0.1 0.1 
0.1 0.1 31:1.0 
0.1 0.1 31:1.0 
0.1 0.1 
0.1 0.1 
0.1 0.1 
0.1 0.1 
0.1 0.1 
0.1 0.1 
0.1 0.1 
0.1 0.1 166:1.0 
0.1 0.1 
0.1 0.1 
0.1 0.1 
0.1 0.1 
0.1 0.1 84:1.0 165:1.0 
0.1 0.1 
0.1 0.1 
0.1 0.1 
0.1 0.1 
0.1 0.1 
0.1 0.1 
0.1 0.1 172:1.0 
0.1 0.1 166:1.0 
0.1 0.1 
0.1 0.1 
0.1 0.1 164:1.0 
0.1 0.1 
0.1 0.1 
0.1 0.1 
0.1 0.1 
0.1 0.1 
0.1 0.1 133:1.0 168:1.0 
0.1 0.1 
0.1 0.1 
0.1 0.1 
0.1 0.1 
0.1 0.1 24:1.0 
0.1 0.1 
0.1 0.1 
0.1 0.1 
0.1 0.1 
0.1 0.1 
0.1 0.1 
0.1 0.1 100:1.0 
0.1 0.1 
0.1 0.1 
0.1 0.1 84:1.0 127:1.0 
0.1 0.1 161:1.0 
0.1 0.1 
0.1 0.1 
0.1 0.1 
0.1 0.1 
0.1 0.1 
0.1 0.1 
0.1 0.1 
0.1 0.1 
0.1 0.1 19:1.0 
0.1 0.1 
0.1 0.1 170:1.0 
0.1 0.1 
0.1 0.1 
0.1 0.1 
0.1 0.1 
0.1 0.1 
0.1 0.1 
0.1 0.1 164:1.0 
0.1 0.1 
0.1 0.1 
0.1 0.1 
0.1 0.1 
0.1 0.1 
0.1 0.1 
0.1 0.1 
0.1 0.1 
0.1 0.1 
0.1 0.1 
0.1 0.1 
0.1 0.1 
0.1 0.1 
0.1 0.1 
0.1 0.1 
0.1 0.1 
0.1 0.1 
0.1 0.1 
0.1 0.1 
0.1 0.1 
0.1 0.1 
0.1 0.1 
0.1 0.1 
0.1 0.1 
0.1 0.1 73:1.0 
0.1 0.1 
0.1 0.1 
0.1 0.1 
0.1 0.1 40:1.0 
0.1 0.1 
0.1 0.1 
0.1 0.1 
0.1 0.1 
0.1 0.1 
0.1 0.1 
0.1 0.1 
0.1 0.1 
0.1 0.1 27:1.0 101:1.0 
0.1 0.1 
0.1 0.1 
0.1 0.1 
0.1 0.1 60:1.0 
0.1 0.1 
0.1 0.1 46:1.0 
0.1 0.1 
0.1 0.1 
0.1 0.1 
0.1 0.1 
0.1 0.1 
0.1 0.1 
0.1 0.1 
0.1 0.1 
0.1 0.1 
0.1 0.1 
0.1 0.1 1:1.0 101:1.0 
0.1 0.1 
0.1 0.1 
0.1 0.1 
0.1 0.1 
0.1 0.1 
0.1 0.1 
0.1 0.1 145:1.0 
0.1 0.1 
0.1 0.1 27:1.0 108:1.0 
0.1 0.1 
0.1 0.1 
0.1 0.1 
0.1 0.1 
0.1 0.1 119:1.0 
0.1 0.1 
0.1 0.1 
0.1 0.1 
0.1 0.1 
0.1 0.1 
0.1 0.1 
0.1 0.1 
0.1 0.1 
0.1 0.1 
0.1 0.1 
0.1 0.1 
0.1 0.1 
0.1 0.1 28:1.0 87:1.0 
0.1 0.1 
0.1 0.1 
0.1 0.1 
0.1 0.1 
0.1 0.1 
0.1 0.1 159:1.0 169:1.0 
0.1 0.1 
0.1 0.1 
0.1 0.1 
0.1 0.1 
0.1 0.1 
0.1 0.1 8:1.0 46:1.0 61:1.0 64:1.0 162:1.0 
0.1 0.1 27:1.0 
0.1 0.1 182:1.0 
0.1 0.1 
0.1 0.1 
0.1 0.1 
0.1 0.1 
0.1 0.1 22:1.0 46:1.0 64:1.0 
0.1 0.1 
0.1 0.1 
0.1 0.1 
0.1 0.1 
0.1 0.1 
0.1 0.1 
0.1 0.1 171:1.0 
0.1 0.1 
0.1 0.1 1:1.0 29:1.0 
0.1 0.1 
0.1 0.1 
0.1 0.1 141:1.0 
0.1 0.1 7:1.0 
0.1 0.1 85:1.0 
0.1 0.1 
0.1 0.1 
0.1 0.1 
0.1 0.1 128:1.0 137:1.0 154:1.0 194:1.0 202:1.0 221:1.0 
0.1 0.1 28:1.0 73:1.0 
0.1 0.1 
0.1 0.1 
0.1 0.1 
0.1 0.1 
0.1 0.1 
0.1 0.1 
0.1 0.1 
0.1 0.1 42:1.0 
0.1 0.1 7:1.0 
0.1 0.1 
0.1 0.1 1:1.0 101:1.0 
0.1 0.1 
0.1 0.1 
0.1 0.1 
0.1 0.1 
0.1 0.1 
0.1 0.1 
0.1 0.1 
0.1 0.1 
0.1 0.1 
0.1 0.1 
0.1 0.1 
0.1 0.1 
0.1 0.1 53:1.0 
0.1 0.1 
0.1 0.1 
0.1 0.1 
0.1 0.1 
0.1 0.1 100:1.0 
0.1 0.1 
0.1 0.1 
0.1 0.1 
0.1 0.1 164:1.0 
0.1 0.1 
0.1 0.1 
0.1 0.1 
0.1 0.1 67:1.0 94:1.0 124:1.0 148:1.0 167:1.0 187:1.0 204:1.0 207:1.0 218:1.0 
0.1 0.1 
0.1 0.1 100:1.0 
0.1 0.1 
0.1 0.1 
0.1 0.1 
0.1 0.1 
0.1 0.1 
0.1 0.1 40:1.0 
0.1 0.1 58:1.0 
0.1 0.1 
0.1 0.1 
0.1 0.1 
0.1 0.1 42:1.0 
0.1 0.1 
0.1 0.1 23:1.0 
0.1 0.1 76:1.0 167:1.0 197:1.0 
0.1 0.1 
0.1 0.1 118:1.0 
-0.01568779006968314 0.0 2:1.0 91:1.0 
-0.0 0.02475128758529522 121:1.0 
-0.0 0.1 78:1.0 
-0.1 0.1 142:1.0 
-0.0 0.03477955908623462 116:1.0 159:1.0 
-0.0 0.02400515034119994 88:1.0 
-0.06356180306096018 0.08513708474581087 8:1.0 77:1.0 
-0.0 0.1 90:1.0 
-0.1 0.0 42:1.0 
-0.1 0.1 4:1.0 
-0.019663886965833884 0.0 15:1.0 102:1.0 
-0.03153504410041788 0.019776033900567144 107:1.0 203:1.0 
-0.0 0.1 11:1.0 
-0.017843864559564604 0.1 162:1.0 173:1.0 
-0.0 0.1 88:1.0 
-0.0 0.1 78:1.0 98:1.0 
-0.0 0.1 113:1.0 
-0.0 0.1 90:1.0 
-0.1 0.1 34:1.0 66:1.0 76:1.0 193:1.0 
-0.1 0.0 170:1.0 
-0.028123142995645882 0.023405354661902855 20:1.0 179:1.0 186:1.0 196:1.0 
-0.0 0.1 17:1.0 
-0.1 0.014862915254189136 85:1.0 94:1.0 147:1.0 189:1.0 
-0.04251850157888651 0.1 85:1.0 
-0.0 0.1 92:1.0 
-0.1 0.0 42:1.0 
-0.0 0.024007558449304956 23:1.0 
-0.1 0.1 34:1.0 66:1.0 76:1.0 193:1.0 
-0.0 0.1 113:1.0 
-0.1 0.02475128758529522 181:1.0 
-0.1 0.02574006907412814 76:1.0 
-0.1 0.1 40:1.0 
-0.0 0.1 185:1.0 
-0.0 0.1 38:1.0 
-0.1 0.1 23:1.0 
-0.0 0.024007558449304956 49:1.0 
-0.1 0.08538266045684051 14:1.0 43:1.0 67:1.0 
-0.0 0.024753695693397432 21:1.0 
-0.0 0.1 93:1.0 
-0.0 0.01461733954315949 10:1.0 
-0.03643819693903982 0.061051901097699236 30:1.0 95:1.0 113:1.0 123:1.0 199:1.0 
-0.0183766911321758 0.0 101:1.0 165:1.0 
-0.1 0.1 100:1.0 
-0.018531032178246934 0.1 20:1.0 185:1.0 
-0.0 0.1 131:1.0 
-0.1 0.024746471369096395 16:1.0 
-0.0 0.1 153:1.0 
-0.0 0.1 68:1.0 
-0.0 0.1 124:1.0 
-0.0 0.1 65:1.0 113:1.0 
-0.1 0.02322434755606329 7:1.0 128:1.0 137:1.0 154:1.0 194:1.0 202:1.0 221:1.0 
-0.0 0.1 125:1.0 
-0.0 0.1 78:1.0 
-0.0 0.0681204285611837 36:1.0 180:1.0 
-0.0 0.024753695693397432 89:1.0 
-0.0 0.018776837402285022 15:1.0 178:1.0 
-0.1 0.0 67:1.0 
-0.0 0.1 38:1.0 99:1.0 149:1.0 
-0.02190054609661595 0.1 33:1.0 104:1.0 
-0.035423937729996 0.03309727113488516 50:1.0 136:1.0 
-0.1 0.0 133:1.0 
-0.1 0.0 166:1.0 
-0.1 0.0 170:1.0 
-0.04123407829711796 0.013596494008041166 39:1.0 54:1.0 80:1.0 110:1.0 130:1.0 135:1.0 157:1.0 176:1.0 190:1.0 195:1.0 200:1.0 205:1.0 206:1.0 210:1.0 212:1.0 213:1.0 214:1.0 215:1.0 219:1.0 222:1.0 
-0.014869173561280041 0.0619519139966611 10:1.0 122:1.0 126:1.0 
-0.0 0.1 21:1.0 
-0.0646589838325903 0.03187957143881631 72:1.0 122:1.0 138:1.0 
-0.1 0.1 25:1.0 
-0.0 0.1 70:1.0 
-0.0 0.1 
-0.1 0.1 23:1.0 
-0.0 0.1 116:1.0 
-0.0 0.043257099340405336 10:1.0 78:1.0 
-0.0 0.1 
-0.0 0.031116912314928812 82:1.0 113:1.0 
-0.019748025100722183 0.07500281361925953 63:1.0 140:1.0 151:1.0 
-0.0 0.1 
-0.0 0.1 
-0.1 0.02082059368371888 133:1.0 
-0.0 0.1 
-0.0 0.1 
-0.0 0.1 179:1.0 186:1.0 196:1.0 
-0.0 0.1 
-0.0 0.1 
-0.0 0.1 
-0.0 0.1 
-0.0 0.02425386275590584 3:1.0 
-0.0 0.1 
-0.1 0.1 11:1.0 
-0.0 0.1 
-0.0 0.1 
-0.0 0.1 
-0.0 0.1 
-0.1 0.1 52:1.0 76:1.0 94:1.0 148:1.0 167:1.0 197:1.0 204:1.0 207:1.0 218:1.0 220:1.0 
-0.0 0.1 145:1.0 
-0.0 0.1 
-0.0 0.07156112959346587 152:1.0 178:1.0 
-0.0 0.1 
-0.0 0.1 
-0.0 0.1 
-0.0 0.1 
-0.0 0.1 
-0.0 0.1 
-0.0 0.1 
-0.1 0.08349466237062687 19:1.0 101:1.0 
-0.0 0.1 
-0.0 0.1 
-0.0 0.1 
-0.0 0.024751287585289612 62:1.0 
-0.0 0.1 
-0.0 0.1 150:1.0 173:1.0 
-0.0 0.02932902741310603 57:1.0 
-0.0 0.1 
-0.0 0.1 
-0.0 0.1 
-0.0 0.1 
-0.0 0.1 
-0.0 0.1 
-0.0 0.1 
-0.0 0.1 
-0.0 0.1 
-0.0 0.1 
-0.0 0.1 
-0.0 0.1 
-0.0 0.1 
-0.0 0.1 
-0.0 0.1 
-0.0 0.1 
-0.0 0.1 158:1.0 
-0.0 0.1 
-0.0 0.1 
-0.0 0.024450163968560402 132:1.0 
-0.0 0.07294927523929542 149:1.0 155:1.0 
-0.0 0.1 
-0.0 0.1 
-0.0 0.024599256176377485 118:1.0 
-0.0 0.1 
-0.0 0.1 
-0.0 0.1 
-0.0 0.1 
-0.0 0.1 
-0.0 0.1 
-0.0 0.1 96:1.0 
-0.0 0.1 
-0.0 0.1 102:1.0 
-0.0 0.1 
-0.0 0.1 
-0.0 0.1 
-0.0 0.1 3:1.0 
-0.0 0.1 
-0.0 0.1 
-0.0 0.1 
-0.0 0.1 
-0.0 0.1 
-0.01464299041072937 0.1 101:1.0 116:1.0 135:1.0 173:1.0 
-0.0 0.1 
-0.0 0.1 
-0.0 0.1 
-0.0 0.1 
-0.0 0.1 
-0.0 0.1 
-0.0 0.1 109:1.0 
-0.0 0.1 
-0.0 0.1 
-0.0 0.1 96:1.0 
-0.0 0.1 
-0.0 0.1 
-0.033410395106314245 0.0 45:1.0 56:1.0 63:1.0 97:1.0 132:1.0 208:1.0 
-0.0 0.1 
-0.0 0.1 
-0.0 0.1 
-0.0 0.1 
-0.0 0.1 
-0.0 0.1 
-0.0 0.1 142:1.0 
-0.1 0.1 
-0.1 0.1 
-0.1 0.1 
-0.1 0.1 
-0.1 0.1 
-0.1 0.1 
-0.1 0.1 
-0.02211953690936606 0.01901939739287027 26:1.0 55:1.0 
-0.1 0.1 
-0.1 0.1 
-0.1 0.1 
-0.1 0.02573891291980771 99:1.0 
-0.0 0.0701668252456058 68:1.0 
-0.1 0.1 
-0.1 0.1 
-0.1 0.1 
-0.1 0.1 70:1.0 
-0.1 0.1 
-0.1 0.1 
-0.1 0.1 
-0.1 0.1 
-0.1 0.1 
-0.0 0.1 144:1.0 
-0.1 0.1 42:1.0 
-0.1 0.1 
-0.1 0.1 
-0.1 0.1 
-0.1 0.1 
-0.1 0.0 101:1.0 
-0.0159553355917635 0.1 175:1.0 180:1.0 
-0.1 0.1 
-0.1 0.1 
-0.1 0.1 
-0.1 0.1 
-0.1 0.1 
-0.1 0.1 
-0.02190054609661367 0.0 21:1.0 175:1.0 
-0.1 0.1 
-0.1 0.1 
-0.1 0.1 23:1.0 
-0.1 0.1 
-0.022119536909366366 0.07253282992542022 125:1.0 170:1.0 
-0.1 0.1 
-0.1 0.1 145:1.0 
-0.1 0.1 
-0.1 0.1 
-0.1 0.1 
-0.1 0.1 
-0.1 0.1 168:1.0 
-0.1 0.1 
-0.1 0.1 
-0.04572567337109153 0.1 16:1.0 
-0.0 0.1 126:1.0 
-0.1 0.1 
-0.0 0.042702200572384726 151:1.0 
-0.1 0.1 
-0.1 0.1 
-0.1 0.1 
-0.1 0.1 
-0.0 0.1 177:1.0 
-0.1 0.1 
-0.1 0.1 
-0.1 0.1 
-0.1 0.1 
-0.1 0.1 
-0.1 0.1 
-0.1 0.1 
-0.1 0.1 
-0.1 0.1 
-0.1 0.1 
-0.1 0.1 
-0.1 0.1 
-0.1 0.1 
-0.1 0.1 
-0.1 0.1 
-0.0 0.1 49:1.0 
-0.1 0.1 
-0.1 0.1 
-0.1 0.1 
-0.1 0.1 
-0.1 0.1 
-0.1 0.1 
-0.1 0.1 
-0.1 0.1 
-0.1 0.1 
-0.1 0.1 
-0.1 0.1 
-0.1 0.1 
-0.0 0.026982474993306377 18:1.0 
-0.1 0.1 
-0.1 0.1 
-0.1 0.1 
-0.1 0.1 
-0.1 0.1 
-0.1 0.1 
-0.0 0.026924410646922352 191:1.0 
-0.1 0.1 
-0.0 0.04532277686347634 140:1.0 
-0.1 0.1 
-0.1 0.1 
-0.0 0.1 159:1.0 
-0.1 0.1 
-0.1 0.1 
-0.0 0.09469661562674256 178:1.0 
-0.1 0.1 
-0.1 0.1 
-0.1 0.1 
-0.1 0.1 38:1.0 79:1.0 
-0.1 0.1 
-0.1 0.1 
-0.1 0.1 
-0.0 0.1 5:1.0 74:1.0 75:1.0 81:1.0 192:1.0 198:1.0 201:1.0 216:1.0 217:1.0 
-0.1 0.1 
-0.1 0.1 
-0.1 0.1 
-0.0 0.027095233026037818 83:1.0 
-0.1 0.1 
-0.1 0.1 
-0.1 0.1 
-0.0 0.027467170074579786 48:1.0 
-0.0 0.1 152:1.0 
-0.1 0.1 
-0.1 0.1 
-0.1 0.1 
-0.1 0.1 
-0.1 0.1 
-0.1 0.1 
-0.1 0.1 
-0.1 0.07248763645631787 6:1.0 51:1.0 
-0.1 0.1 
-0.1 0.1 
-0.1 0.1 
-0.1 0.1 
-0.1 0.1 
-0.1 0.0 124:1.0 165:1.0 
-0.1 0.1 
-0.1 0.1 
-0.1 0.1 
-0.1 0.1 
-0.0 0.1 57:1.0 
-0.1 0.1 
-0.04539089161261254 0.0 23:1.0 82:1.0 183:1.0 
-0.1 0.1 
-0.1 0.1 
-0.1 0.1 
-0.0 0.1 47:1.0 
-0.0 0.1 151:1.0 
-0.1 0.1 
-0.030655465779653463 0.1 47:1.0 55:1.0 
-0.1 0.1 
-0.1 0.1 
-0.1 0.1 
-0.025219039131135865 0.06677631121396013 68:1.0 141:1.0 
-0.1 0.1 70:1.0 
-0.0 0.07290476697396218 44:1.0 129:1.0 
-0.0 0.1 37:1.0 
-0.1 0.1 
-0.1 0.1 
-0.1 0.027512363543682136 171:1.0 
-0.1 0.1 
-0.1 0.1 
-0.07182754165818432 0.0 66:1.0 76:1.0 
-0.1 0.1 
-0.0 0.1 47:1.0 
-0.1 0.1 
-0.0 0.1 44:1.0 
-0.1 0.1 
-0.08378100838977552 0.1 85:1.0 
-0.1 0.1 
-0.1 0.1 
-0.1 0.1 
-0.0 0.1 136:1.0 
-0.1 0.1 61:1.0 172:1.0 
-0.1 0.1 
-0.1 0.1 
-0.1 0.1 
-0.0 0.02400515034119994 146:1.0 
-0.1 0.1 
-0.1 0.1 
-0.0 0.028167430455115532 184:1.0 
-0.1 0.1 
-0.1 0.1 
-0.1 0.1 
-0.1 0.1 
-0.1 0.1 
-0.1 0.1 
-0.1 0.1 
-0.1 0.1 
-0.1 0.1 
-0.0 0.05921110852244727 152:1.0 
-0.0 0.019066784951737106 120:1.0 
-0.0 0.1 120:1.0 
-0.1 0.1 
-0.0 0.02993668795965218 188:1.0 
-0.1 0.1 
-0.1 0.1 
-0.1 0.1 
-0.1 0.1 
-0.07887841873355549 0.1 16:1.0 129:1.0 187:1.0 
-0.1 0.1 
-0.1 0.1 
-0.1 0.1 
-0.0 0.03100283158546653 143:1.0 
-0.0149700426064001 0.1 124:1.0 
-0.1 0.1 
-0.1 0.1 
-0.1 0.1 133:1.0 
-0.1 0.1 
-0.1 0.1 
-0.1 0.1 
-0.1 0.1 
-0.1 0.1 
-0.1 0.1 
-0.1 0.1 
-0.1 0.1 
-0.1 0.1 
-0.1 0.1 
-0.013973480137395439 0.01922924531510593 25:1.0 42:1.0 
-0.0 0.1 30:1.0 123:1.0 199:1.0 
-0.1 0.1 
-0.027538407177806062 0.1 92:1.0 109:1.0 
-0.019525829391420762 0.1 131:1.0 
-0.1 0.1 
-0.1 0.1 
-0.1 0.1 
-0.1 0.1 
-0.022441041735662418 0.021293441735891303 59:1.0 145:1.0 
-0.1 0.1 
-0.1 0.1 
-0.1 0.1 
-0.0 0.06305686354043408 45:1.0 56:1.0 63:1.0 97:1.0 208:1.0 
-0.1 0.0 55:1.0 
-0.1 0.1 
-0.02244104173566017 0.01941344172922231 2:1.0 93:1.0 
-0.1 0.1 
-0.1 0.03238491559852449 29:1.0 
-0.1 0.1 
-0.1 0.1 124:1.0 
-0.1 0.1 
-0.1 0.1 
-0.1 0.1 
-0.1 0.1 
-0.02446810031179266 0.1 112:1.0 115:1.0 
-0.1 0.1 
-0.1 0.1 
-0.0 0.1 10:1.0 
-0.1 0.1 
-0.1 0.1 
-0.038857378324347554 0.1 89:1.0 
-0.1 0.1 
-0.1 0.1 
-0.1 0.1 
-0.1 0.1 
-0.1 0.1 
-0.1 0.1 
-0.01952582939142083 0.1 13:1.0 
-0.1 0.1 
-0.1 0.1 
-0.1 0.1 
-0.1 0.1 
-0.1 0.1 
-0.1 0.1 
-0.1 0.1 
-0.1 0.1 
-0.1 0.1 
-0.1 0.1 
-0.1 0.1 
-0.019676199673789387 0.1 184:1.0 
-0.1 0.1 
-0.1 0.1 
-0.1 0.1 
-0.02109844582318364 0.0 32:1.0 
-0.0 0.1 30:1.0 
-0.1 0.1 
-0.1 0.1 
-0.1 0.1 
-0.1 0.1 
-0.1 0.1 
-0.1 0.1 
-0.1 0.1 
-0.1 0.1 
-0.1 0.1 
-0.1 0.1 
-0.1 0.1 
-0.1 0.1 
-0.0 0.1 82:1.0 126:1.0 
-0.1 0.1 
-0.1 0.1 
-0.1 0.1 
-0.1 0.1 
-0.1 0.1 
-0.1 0.1 
-0.1 0.1 
-0.1 0.1 
-0.1 0.1 
-0.0 0.02624356207350373 112:1.0 
-0.1 0.1 
-0.1 0.1 
-0.1 0.1 
-0.1 0.1 
-0.1 0.1 
-0.1 0.1 
-0.1 0.1 
-0.1 0.1 
-0.1 0.1 105:1.0 124:1.0 
-0.1 0.1 
-0.1 0.1 
-0.1 0.1 
-0.1 0.1 
-0.1 0.1 
-0.1 0.1 
-0.1 0.1 
-0.1 0.1 
-0.1 0.1 
-0.1 0.1 
-0.1 0.1 
-0.1 0.1 
-0.1 0.1 
-0.1 0.1 
-0.1 0.1 
-0.1 0.04015496049476163 32:1.0 
-0.1 0.1 
-0.1 0.1 
-0.1 0.1 
-0.1 0.1 
-0.1 0.029178855003442306 169:1.0 
-0.1 0.1 
-0.1 0.1 
-0.0 0.1 43:1.0 
-0.0 0.1 179:1.0 186:1.0 196:1.0 
-0.1 0.1 
-0.1 0.1 
-0.0 0.03313503565926414 86:1.0 
-0.1 0.1 
-0.1 0.024999999999989905 134:1.0 
-0.1 0.1 
-0.0 0.1 72:1.0 
-0.011713996275714983 0.021399514822394904 116:1.0 165:1.0 
-0.0 0.1 125:1.0 
-0.1 0.1 
-0.019774577414618508 0.1 48:1.0 
-0.1 0.1 
-0.1 0.1 
-0.1 0.1 
-0.1 0.1 
-0.03935239934758128 0.019534657173078458 103:1.0 
-0.014643075804772551 0.026172832001701354 39:1.0 54:1.0 80:1.0 176:1.0 190:1.0 210:1.0 
-0.0 0.1 120:1.0 
-0.0 0.1 26:1.0 
-0.03574329445066155 0.0 44:1.0 155:1.0 
-0.023986705259058657 0.013701847667549102 36:1.0 37:1.0 144:1.0 
-0.1 0.1 
-0.004688137405552819 0.025002408108083716 24:1.0 
-0.1 0.1 
-0.1 0.1 32:1.0 
-0.1 0.1 
-0.1 0.1 
-0.1 0.055614826025716275 147:1.0 189:1.0 
-0.1 0.1 
-0.015528537789660716 0.07076173192492144 37:1.0 65:1.0 116:1.0 
-0.1 0.05117807349342693 22:1.0 141:1.0 
-0.1 0.1 
-0.1 0.1 
-0.1 0.1 
-0.0 0.1 180:1.0 
-0.1 0.1 
-0.1 0.1 
-0.1 0.1 
-0.1 0.1 
-0.0 0.1 163:1.0 
-0.1 0.1 
-0.1 0.1 
-0.1 0.024756103801494043 127:1.0 
-0.1 0.1 
-0.1 0.1 
-0.1 0.1 
-0.1 0.1 
-0.01977457741461658 0.1 86:1.0 
-0.1 0.1 
-0.1 0.1 
-0.0 0.025746137244119956 109:1.0 
-0.1 0.1 
-0.07653589625804197 0.0 55:1.0 
-0.1 0.1 
-0.1 0.1 139:1.0 
-0.1 0.1 
-0.1 0.1 
-0.1 0.1 
-0.1 0.1 
-0.1 0.1 
-0.1 0.1 87:1.0 159:1.0 
-0.1 0.1 
-0.1 0.1 
-0.1 0.1 
-0.1 0.1 
-0.1 0.1 
-0.1 0.1 
-0.1 0.1 
-0.01966288392567491 0.1 177:1.0 
-0.1 0.1 
-0.1 0.1 
-0.1 0.1 
-0.1 0.1 
-0.1 0.1 
-0.1 0.1 
-0.1 0.1 
-0.1 0.1 
-0.0 0.02475128758529522 183:1.0 
-0.1 0.1 
-0.1 0.1 
-0.1 0.1 
-0.1 0.1 
-0.1 0.1 
-0.07286018296931987 0.1 23:1.0 
-0.1 0.1 
-0.0 0.1 115:1.0 
-0.1 0.1 
-0.1 0.1 
-0.1 0.1 
-0.1 0.1 
-0.1 0.1 
-0.1 0.1 
-0.0 0.1 104:1.0 124:1.0 
-0.1 0.1 
-0.1 0.1 
-0.1 0.1 
-0.1 0.1 
-0.1 0.1 
-0.02581504689754168 0.1 62:1.0 
-0.1 0.1 
-0.1 0.1 
-0.1 0.1 
-0.1 0.1 
-0.1 0.1 
-0.1 0.1 
-0.1 0.1 
-0.1 0.1 
-0.1 0.1 
-0.1 0.1 
-0.1 0.1 
-0.1 0.1 76:1.0 
-0.1 0.1 
-0.0 0.1 178:1.0 
-0.1 0.1 
-0.1 0.1 
-0.1 0.1 
-0.002682699338441813 0.0 25:1.0 82:1.0 120:1.0 
-0.0 0.04950257517059044 69:1.0 
-0.1 0.1 59:1.0 
-0.1 0.1 
-0.1 0.1 
-0.1 0.1 
-0.1 0.1 
-0.1 0.1 
-0.007964389668721025 0.02473438173048411 102:1.0 139:1.0 
-0.1 0.1 
-0.1 0.1 
-0.1 0.1 
-0.1 0.1 
-0.1 0.1 
-0.1 0.1 
-0.1 0.1 
-0.1 0.1 
-0.1 0.1 
-0.1 0.1 
-0.08032380032621061 0.1 103:1.0 
-0.0 0.07067097258689398 95:1.0 
-0.1 0.1 
-0.1 0.1 
-0.1 0.1 
-0.1 0.1 
-0.1 0.1 
-0.023113592520637813 0.0 22:1.0 163:1.0 
-0.1 0.1 121:1.0 
-0.023545263824775783 0.1 191:1.0 
-0.1 0.1 
-0.1 0.1 
-0.1 0.1 
-0.1 0.1 
-0.1 0.1 
-0.1 0.1 
-0.1 0.1 
-0.1 0.1 60:1.0 
-0.1 0.1 
-0.018199037259026003 0.0752487124147048 69:1.0 
-0.1 0.1 
-0.1 0.1 
-0.1 0.1 
-0.1 0.1 
-0.1 0.1 
-0.1 0.0 24:1.0 166:1.0 
-0.1 0.1 
-0.1 0.1 
-0.1 0.1 
-0.1 0.1 
-0.1 0.1 
-0.1 0.1 
-0.1 0.1 47:1.0 
-0.1 0.1 
-0.1 0.1 
-0.1 0.1 
-0.1 0.1 
-0.1 0.1 
-0.1 0.1 
-0.1 0.1 
-0.1 0.1 
-0.1 0.1 
-0.1 0.1 
-0.1 0.1 
-0.1 0.1 
-0.1 0.1 
-0.1 0.1 
-0.1 0.1 
-0.1 0.1 18:1.0 53:1.0 111:1.0 
-0.0 0.1 72:1.0 
-0.1 0.1 
-0.1 0.1 
-0.0 0.1 178:1.0 
-0.1 0.1 
-0.1 0.1 
-0.1 0.1 
-0.1 0.1 
-0.1 0.1 
-0.1 0.1 
-0.1 0.1 
-0.1 0.1 118:1.0 
-0.0374149678552597 0.02254141653628261 5:1.0 74:1.0 75:1.0 81:1.0 192:1.0 198:1.0 201:1.0 216:1.0 217:1.0 
-0.1 0.1 
-0.1 0.1 
-0.1 0.1 
-0.1 0.1 
-0.1 0.1 
-0.0 0.024753695693397432 91:1.0 
-0.1 0.1 
-0.1 0.1 
-0.0370206575538497 0.1 78:1.0 
-0.1 0.1 166:1.0 
-0.1 0.1 
-0.1 0.1 
-0.02592931496513628 0.1 146:1.0 
-0.1 0.1 
-0.023986705259059316 0.1 41:1.0 160:1.0 211:1.0 
-0.1 0.1 
-0.1 0.1 
-0.022625783082381883 0.1 158:1.0 
-0.1 0.1 
-0.1 0.1 
-0.0354740906282809 0.022060094856438103 117:1.0 156:1.0 209:1.0 
-0.1 0.1 
-0.1 0.1 
-0.1 0.1 
-0.1 0.1 
-0.1 0.1 
-0.1 0.1 
-0.1 0.1 
-0.016145256004791567 0.1 49:1.0 
-0.023492377856757327 0.02340300317760172 150:1.0 
-0.1 0.1 
-0.1 0.1 
-0.1 0.1 
-0.1 0.1 
-0.1 0.1 
-0.1 0.1 
-0.1 0.0 50:1.0 
-0.1 0.026989699317610222 124:1.0 
-0.1 0.1 
-0.1 0.1 
-0.1 0.1 
-0.1 0.1 
-0.1 0.1 
-0.1 0.1 
-0.02209096289281086 0.1 
-0.0 0.1 
-0.0 0.1 
-0.1 0.1 78:1.0 162:1.0 
-0.0 0.1 
-0.1 0.0 101:1.0 142:1.0 
-0.0 0.1 
-0.0 0.1 
-0.0 0.1 
-0.0 0.010342464334647937 82:1.0 
-0.07365491554322542 0.03556075274703337 166:1.0 178:1.0 
-0.0 0.1 
-0.0 0.1 
-0.0 0.1 
-0.0 0.1 
-0.0 0.1 
-0.0 0.1 
-0.0 -0.1 
-0.0 -0.1 
-0.0 -0.1 
-0.0 -0.1 
-0.1 -0.1 28:1.0 
-0.0 -0.1 
-0.0 -0.1 
-0.0 -0.1 125:1.0 
-0.1 -0.1 19:1.0 
-0.0 -0.1 
-0.0 -0.1 
-0.0 -0.1 
-0.0 -0.1 
-0.0 -0.1 
-0.0 -0.1 
-0.0 -0.1 
-0.1 -0.1 79:1.0 
-0.0 -0.1 
-0.1 -0.1 53:1.0 103:1.0 
-0.0 -0.1 
-0.0 -0.1 
-0.0 -0.1 
-0.0 -0.1 185:1.0 
-0.0 -0.1 173:1.0 
-0.1 -0.1 31:1.0 
-0.0 -0.1 
-0.0 -0.1 68:1.0 
-0.0 -0.1 
-0.0 -0.1 
-0.0 -0.1 
-0.0 -0.1 
-0.0 -0.1 
-0.0 -0.1 
-0.0 -0.1 
-0.0 -0.1 
-0.024557999924216756 -0.1 11:1.0 
-0.0 -0.1 
-0.0 -0.1 
-0.0 -0.1 
-0.0 -0.1 
-0.0 -0.1 
-0.024970219089745428 -0.1 191:1.0 
-0.08584656847926896 -0.1 23:1.0 120:1.0 
-0.1 -0.1 
-0.0 -0.1 98:1.0 
-0.1 -0.1 
-0.1 -0.1 
-0.1 -0.1 
-0.1 -0.1 
-0.0 -0.1 111:1.0 
-0.1 -0.1 
-0.02511398459348877 -0.1 145:1.0 
-0.1 -0.1 
-0.1 -0.1 
-0.1 -0.1 
-0.1 -0.1 
-0.1 -0.1 164:1.0 168:1.0 
-0.1 -0.1 
-0.1 -0.1 
-0.1 -0.1 
-0.1 -0.1 
-0.0 -0.1 126:1.0 
-0.1 -0.1 
-0.1 -0.1 
-0.1 -0.1 
-0.1 -0.1 
-0.1 -0.1 
-0.021948235843795377 -0.1 35:1.0 173:1.0 
-0.1 -0.1 
-0.1 -0.1 
-0.1 -0.1 
-0.1 -0.1 
-0.1 -0.1 11:1.0 
-0.1 -0.1 
-0.1 -0.1 
-0.1 -0.1 
-0.1 -0.1 
-0.1 -0.1 
-0.1 -0.1 
-0.1 -0.1 
-0.0 -0.1 17:1.0 
-0.027549840576416167 -0.1 35:1.0 146:1.0 
-0.1 -0.1 
-0.022375827547074397 -0.1 162:1.0 
-0.1 -0.1 
-0.1 -0.1 
-0.1 -0.1 
-0.1 -0.1 
-0.0472517147305492 -0.1 159:1.0 
-0.0 -0.1 96:1.0 
-0.1 -0.1 
-0.1 -0.1 
-0.1 -0.1 
-0.0 -0.1 47:1.0 
-0.1 -0.1 
-0.1 -0.1 13:1.0 14:1.0 
-0.0 -0.1 43:1.0 
-0.0 -0.1 92:1.0 
-0.02461960468965586 -0.1 52:1.0 
-0.1 -0.1 
-0.1 -0.1 
-0.1 -0.1 
-0.0 -0.1 30:1.0 33:1.0 113:1.0 
-0.1 -0.1 
-0.024680785858077176 -0.1 86:1.0 
-0.1 -0.1 
-0.016554050220686196 -0.1 69:1.0 
-0.024557999924214244 -0.1 102:1.0 
-0.1 -0.1 
-0.1 -0.1 
-0.1 -0.1 
-0.1 -0.1 
-0.1 -0.1 
-0.1 -0.1 
-0.1 -0.1 26:1.0 55:1.0 113:1.0 
-0.1 -0.1 
-0.1 -0.1 
-0.1 -0.1 
-0.1 -0.1 
-0.0 -0.1 38:1.0 
-0.0 -0.1 78:1.0 
-0.1 -0.1 159:1.0 
-0.0 -0.1 173:1.0 
-0.02476449151955363 -0.1 48:1.0 
-0.1 -0.1 
-0.1 -0.1 16:1.0 187:1.0 
-0.1 -0.1 
-0.1 -0.1 
-0.1 -0.1 
-0.1 -0.1 
-0.1 -0.1 
-0.1 -0.1 
-0.023975369430941786 -0.1 142:1.0 
-0.1 -0.1 
-0.1 -0.1 
-0.1 -0.1 
-0.1 -0.1 
-0.1 -0.1 
-0.0 -0.1 47:1.0 
-0.1 -0.1 
-0.1 -0.1 
-0.1 -0.1 
-0.1 -0.1 
-0.1 -0.1 44:1.0 164:1.0 
-0.1 -0.1 
-0.1 -0.1 
-0.1 -0.1 166:1.0 
-0.1 -0.1 
-0.1 -0.1 
-0.0 -0.1 44:1.0 
-0.1 -0.1 
-0.0 -0.1 41:1.0 160:1.0 211:1.0 
-0.0 -0.1 78:1.0 
-0.1 -0.1 
-0.0 -0.1 104:1.0 
-0.1 -0.1 
-0.1 -0.1 
-0.0 -0.1 72:1.0 
-0.1 -0.1 
-0.1 -0.1 
-0.1 -0.1 
-0.1 -0.1 
-0.1 -0.1 
-0.1 -0.1 
-0.0246807858580742 -0.1 93:1.0 
-0.0 -0.1 49:1.0 
-0.1 -0.1 
-0.0 -0.1 97:1.0 
-0.1 -0.1 
-0.1 -0.1 
-0.1 -0.1 59:1.0 
-0.08325603322806291 -0.1 33:1.0 138:1.0 
-0.1 -0.1 
-0.1 -0.1 
-0.1 -0.1 34:1.0 76:1.0 193:1.0 
-0.1 -0.1 
-0.0 -0.1 124:1.0 
-0.1 -0.1 
-0.1 -0.1 
-0.1 -0.1 
-0.1 -0.1 
-0.0 -0.1 13:1.0 144:1.0 
-0.1 -0.1 
-0.1 -0.1 162:1.0 
-0.1 -0.1 58:1.0 
-0.1 -0.1 
-0.03947294232828004 -0.1 71:1.0 149:1.0 
-0.1 -0.1 
-0.1 -0.1 124:1.0 
-0.1 -0.1 
-0.1 -0.1 
-0.1 -0.1 
-0.1 -0.1 
-0.1 -0.1 
-0.0 -0.1 126:1.0 
-0.1 -0.1 64:1.0 
-0.1 -0.1 
-0.1 -0.1 
-0.0 -0.1 119:1.0 
-0.1 -0.1 
-0.1 -0.1 
-0.1 -0.1 
-0.0 -0.1 179:1.0 186:1.0 196:1.0 
-0.1 -0.1 47:1.0 58:1.0 172:1.0 
-0.0 -0.1 125:1.0 
-0.1 -0.1 
-0.1 -0.1 
-0.02511398459348757 -0.1 82:1.0 
-0.1 -0.1 
-0.1 -0.1 70:1.0 141:1.0 
-0.1 -0.1 
-0.1 -0.1 
-0.0 -0.1 38:1.0 
-0.1 -0.1 
-0.1 -0.1 
-0.1 -0.1 
-0.1 -0.1 
-0.1 -0.1 27:1.0 108:1.0 
-0.0 -0.1 35:1.0 
-0.03590043594335762 -0.1 17:1.0 97:1.0 178:1.0 180:1.0 
-0.1 -0.1 
-0.1 -0.1 
-0.1 -0.1 
-0.1 -0.1 
-0.0 -0.1 153:1.0 
-0.1 -0.1 
-0.1 -0.1 
-0.1 -0.1 
-0.1 -0.1 
-0.1 -0.1 
-0.1 -0.1 
-0.1 -0.1 
-0.1 -0.1 
-0.1 -0.1 
-0.0 -0.1 9:1.0 
-0.1 -0.1 
-0.1 -0.1 
-0.1 -0.1 85:1.0 
-0.1 -0.1 
-0.1 -0.1 
-0.1 -0.1 
-0.1 -0.1 
-0.044900318847167296 -0.1 49:1.0 115:1.0 
-0.0 -0.1 152:1.0 
-0.1 -0.1 
-0.1 -0.1 
-0.1 -0.1 
-0.1 -0.1 
-0.1 -0.1 
-0.1 -0.1 
-0.1 -0.1 
-0.1 -0.1 
-0.024888309877201874 -0.1 92:1.0 
-0.01865924421331682 -0.1 47:1.0 180:1.0 
-0.1 -0.1 
-0.1 -0.1 
-0.1 -0.1 
-0.1 -0.1 
-0.1 -0.1 
-0.043489869954288114 -0.1 71:1.0 79:1.0 113:1.0 
-0.0 -0.1 173:1.0 
-0.0 -0.1 70:1.0 
-0.1 -0.1 
-0.0167439667719371 -0.1 78:1.0 
-0.1 -0.1 
-0.1 -0.1 
-0.1 -0.1 
-0.1 -0.1 105:1.0 
-0.1 -0.1 
-0.0 -0.1 17:1.0 
-0.1 -0.1 
-0.1 -0.1 
-0.0 -0.1 98:1.0 
-0.1 -0.1 
-0.1 -0.1 6:1.0 
-0.1 -0.1 
-0.1 -0.1 
-0.1 -0.1 
-0.1 -0.1 
-0.1 -0.1 
-0.1 -0.1 
-0.1 -0.1 
-0.1 -0.1 
-0.1 -0.1 
-0.1 -0.1 
-0.1 -0.1 
-0.1 -0.1 
-0.1 -0.1 
-0.1 -0.1 
-0.1 -0.1 
-0.1 -0.1 
-0.1 -0.1 
-0.0068172985157952705 -0.1 150:1.0 178:1.0 
-0.1 -0.1 
-0.1 -0.1 
-0.1 -0.1 
-0.1 -0.1 12:1.0 
-0.1 -0.1 
-0.1 -0.1 
-0.024764491519545857 -0.1 21:1.0 
-0.1 -0.1 
-0.1 -0.1 
-0.027549840576416542 -0.1 19:1.0 88:1.0 
-0.0 -0.1 178:1.0 
-0.1 -0.1 
-0.1 -0.1 
-0.1 -0.1 
-0.1 -0.1 
-0.1 -0.1 
-0.1 -0.1 
-0.1 -0.1 
-0.1 -0.1 
-0.1 -0.1 
-0.1 -0.1 
-0.0 -0.1 173:1.0 
-0.1 -0.1 87:1.0 
-0.1 -0.1 139:1.0 
-0.024904438233229888 -0.1 125:1.0 
-0.1 -0.1 
-0.04977661975439821 -0.1 70:1.0 
-0.04898204561781756 -0.1 30:1.0 41:1.0 123:1.0 160:1.0 199:1.0 211:1.0 
-0.0 -0.1 149:1.0 
-0.02509556176676955 -0.1 18:1.0 
-0.1 -0.1 
-0.1 -0.1 
-0.1 -0.1 
-0.1 -0.1 
-0.1 -0.1 
-0.024904438233227785 -0.1 126:1.0 
-0.0 -0.1 9:1.0 
-0.04247731096630023 -0.1 20:1.0 185:1.0 
-0.1 -0.1 
-0.01685449772018079 -0.1 129:1.0 
-0.1 -0.1 
-0.1 -0.1 
-0.1 -0.1 
-0.1 -0.1 
-0.0 -0.1 98:1.0 
-0.1 -0.1 
-0.0 -0.1 78:1.0 98:1.0 
-0.025095561766772783 -0.1 57:1.0 
-0.1 -0.1 
-0.1 -0.1 
-0.1 -0.1 
-0.1 -0.1 
-0.1 -0.1 
-0.1 -0.1 
-0.1 -0.1 
-0.1 -0.1 
-0.1 -0.1 
-0.1 -0.1 
-0.1 -0.1 
-0.0 -0.1 37:1.0 
-0.1 -0.1 
-0.1 -0.1 
-0.1 -0.1 34:1.0 76:1.0 193:1.0 
-0.1 -0.1 
-0.1 -0.1 
-0.1 -0.1 
-0.1 -0.1 
-0.1 -0.1 164:1.0 
-0.04370910244524106 -0.1 179:1.0 186:1.0 196:1.0 
-0.1 -0.1 
-0.1 -0.1 
-0.1 -0.1 
-0.1 -0.1 
-0.1 -0.1 
-0.1 -0.1 
-0.1 -0.1 
-0.1 -0.1 124:1.0 
-0.1 -0.1 87:1.0 100:1.0 174:1.0 
-0.1 -0.1 
-0.1 -0.1 60:1.0 
-0.1 -0.1 
-0.0 -0.1 13:1.0 
-0.0 -0.1 30:1.0 33:1.0 
-0.1 -0.1 
-0.08344594977931381 -0.1 87:1.0 152:1.0 
-0.1 -0.1 142:1.0 
-0.1 -0.1 
-0.1 -0.1 78:1.0 
-0.1 -0.1 
-0.1 -0.1 
-0.1 -0.1 
-0.0 -0.1 106:1.0 
-0.1 -0.1 
-0.1 -0.1 
-0.1 -0.1 
-0.1 -0.1 
-0.1 -0.1 
-0.1 -0.1 76:1.0 177:1.0 
-0.025380395310346384 -0.1 163:1.0 
-0.1 -0.1 
-0.1 -0.1 
-0.1 -0.1 
-0.1 -0.1 
-0.1 -0.1 
-0.1 -0.1 
-0.1 -0.1 
-0.1 -0.1 
-0.1 -0.1 
-0.1 -0.1 
-0.1 -0.1 
-0.1 -0.1 10:1.0 147:1.0 182:1.0 
-0.1 -0.1 
-0.1 -0.1 
-0.0 -0.1 173:1.0 
-0.1 -0.1 98:1.0 114:1.0 
-0.1 -0.1 
-0.0 -0.1 109:1.0 
-0.04165536313394917 -0.1 63:1.0 140:1.0 151:1.0 
-0.1 -0.1 
-0.1 -0.1 
-0.1 -0.1 
-0.1 -0.1 
-0.1 -0.1 
-0.1 -0.1 
-0.1 -0.1 
-0.0 -0.1 61:1.0 
-0.1 -0.1 
-0.1 -0.1 
-0.1 -0.1 
-0.1 -0.1 
-0.1 -0.1 
-0.01711301039846693 -0.1 119:1.0 
-0.0 -0.1 111:1.0 116:1.0 
-0.1 -0.1 
-0.044546597290506244 -0.1 61:1.0 
-0.1 -0.1 
-0.1 -0.1 
-0.1 -0.1 
-0.1 -0.1 
-0.1 -0.1 
-0.1 -0.1 
-0.1 -0.1 
-0.03422227062726541 -0.1 16:1.0 177:1.0 
-0.1 -0.1 
-0.0 -0.1 115:1.0 
-0.1 -0.1 
-0.1 -0.1 
-0.1 -0.1 
-0.1 -0.1 124:1.0 
-0.1 -0.1 
-0.1 -0.1 
-0.1 -0.1 
-0.1 -0.1 
-0.1 -0.1 
-0.1 -0.1 
-0.1 -0.1 40:1.0 106:1.0 
-0.024619604689646985 -0.1 112:1.0 
-0.1 -0.1 
-0.1 -0.1 119:1.0 
-0.1 -0.1 
-0.1 -0.1 
-0.1 -0.1 
-0.1 -0.1 
-0.1 -0.1 
-0.1 -0.1 
-0.1 -0.1 
-0.1 -0.1 
-0.0 -0.1 38:1.0 
-0.1 -0.1 
-0.0 -0.1 158:1.0 
-0.1 -0.1 
-0.1 -0.1 
-0.1 -0.1 23:1.0 
-0.1 -0.1 
-0.0 -0.1 180:1.0 
-0.1 -0.1 
-0.0 -0.1 41:1.0 160:1.0 211:1.0 
-0.1 -0.1 
-0.1 -0.1 
-0.1 -0.1 
-0.0 -0.1 41:1.0 160:1.0 211:1.0 
-0.1 -0.1 
-0.1 -0.1 124:1.0 
-0.1 -0.1 
-0.1 -0.1 
-0.1 -0.1 121:1.0 
-0.1 -0.1 
-0.1 -0.1 
-0.1 -0.1 
-0.1 -0.1 
-0.0 -0.1 90:1.0 
-0.1 -0.1 
-0.1 -0.1 
-0.1 -0.1 
-0.1 -0.1 
-0.1 -0.1 
-0.1 -0.1 
-0.1 -0.1 
-0.1 -0.1 
-0.1 -0.1 
-0.1 -0.1 
-0.025380395310350776 -0.1 68:1.0 
-0.1 -0.1 
-0.1 -0.1 
-0.0 -0.1 111:1.0 
-0.1 -0.1 
-0.1 -0.1 46:1.0 131:1.0 
-0.1 -0.1 
-0.025663671446032602 -0.1 38:1.0 
-0.1 -0.1 
-0.1 -0.1 42:1.0 158:1.0 
-0.1 -0.1 
-0.08529909598725272 -0.1 61:1.0 
-0.1 -0.1 
-0.1 -0.1 
-0.1 -0.1 
-0.0 -0.1 113:1.0 
-0.1 -0.1 27:1.0 
-0.1 -0.1 
-0.1 -0.1 
-0.1 -0.1 
-0.1 -0.1 
-0.0 -0.1 173:1.0 
-0.1 -0.1 
-0.0 -0.1 178:1.0 
-0.0 -0.1 173:1.0 
-0.1 -0.1 34:1.0 76:1.0 94:1.0 148:1.0 167:1.0 193:1.0 197:1.0 204:1.0 207:1.0 218:1.0 220:1.0 
-0.1 -0.1 
-0.016115297382184597 -0.1 65:1.0 104:1.0 116:1.0 151:1.0 
-0.1 -0.1 
-0.1 -0.1 
-0.1 -0.1 
-0.1 -0.1 
-0.1 -0.1 
-0.1 -0.1 133:1.0 
-0.1 -0.1 
-0.08288698960153307 -0.1 8:1.0 182:1.0 
-0.1 -0.1 
-0.1 -0.1 
-0.048057410035318104 -0.1 5:1.0 74:1.0 75:1.0 81:1.0 192:1.0 198:1.0 201:1.0 216:1.0 217:1.0 
-0.1 -0.1 
-0.1 -0.1 
-0.1 -0.1 
-0.1 -0.1 
-0.1 -0.1 
-0.1 -0.1 
-0.1 -0.1 
-0.1 -0.1 
-0.1 -0.1 
-0.1 -0.1 
-0.1 -0.1 
-0.1 -0.1 
-0.1 -0.1 145:1.0 
-0.1 -0.1 
-0.1 -0.1 
-0.1 -0.1 
-0.1 -0.1 
-0.1 -0.1 
-0.1 -0.1 
-0.026296829560861126 -0.1 136:1.0 
-0.025689515760595645 -0.1 37:1.0 
-0.1 -0.1 
-0.1 -0.1 
-0.1 -0.1 
-0.1 -0.1 
-0.1 -0.1 
-0.1 -0.1 
-0.02566367144603188 -0.1 111:1.0 
-0.1 -0.1 
-0.1 -0.1 
-0.1 -0.1 
-0.1 -0.1 
-0.1 -0.1 
-0.1 -0.1 
-0.1 -0.1 190:1.0 
-0.1 -0.1 
-0.1 -0.1 
-0.0 -0.1 173:1.0 
-0.1 -0.1 
-0.1 -0.1 
-0.1 -0.1 
-0.02591241946922754 -0.1 89:1.0 
-0.1 -0.1 
-0.0481751610615476 -0.1 184:1.0 
-0.07511169012279813 -0.1 70:1.0 
-0.1 -0.1 
-0.1 -0.1 
-0.1 -0.1 
-0.1 -0.1 
-0.1 -0.1 
-0.1 -0.1 
-0.1 -0.1 
-0.1 -0.1 
-0.1 -0.1 
-0.025912419469224863 -0.1 72:1.0 
-0.08314550227981922 -0.1 43:1.0 99:1.0 
-0.1 -0.1 32:1.0 
-0.1 -0.1 
-0.08388470261781542 -0.1 85:1.0 116:1.0 
-0.1 -0.1 
-0.1 -0.1 
-0.1 -0.1 
-0.1 -0.1 
-0.1 -0.1 
-0.1 -0.1 
-0.1 -0.1 23:1.0 
-0.1 -0.1 118:1.0 
-0.1 -0.1 
-0.1 -0.1 
-0.1 -0.1 31:1.0 
-0.1 -0.1 
-0.1 -0.1 98:1.0 114:1.0 
-0.1 -0.1 
-0.1 -0.1 
-0.1 -0.1 
-0.1 -0.1 23:1.0 
-0.1 -0.1 
-0.1 -0.1 
-0.1 -0.1 
-0.1 -0.1 
-0.1 -0.1 
-0.1 -0.1 
-0.1 -0.1 
-0.1 -0.1 
-0.1 -0.1 
-0.0 -0.1 10:1.0 
-0.1 -0.1 
-0.1 -0.1 
-0.1 -0.1 
-0.1 -0.1 
-0.1 -0.1 
-0.1 -0.1 
-0.1 -0.1 
-0.1 -0.1 4:1.0 
-0.1 -0.1 
-0.026161167492419677 -0.1 109:1.0 
-0.1 -0.1 
-0.04767766501515968 -0.1 96:1.0 
-0.1 -0.1 
-0.02616116749242065 -0.1 90:1.0 
-0.026296968377969316 -0.1 95:1.0 
-0.1 -0.1 
-0.0 -0.1 131:1.0 
-0.1 -0.1 
-0.1 -0.1 
-0.1 -0.1 
-0.1 -0.1 
-0.1 -0.1 
-0.1 -0.1 
-0.1 -0.1 
-0.05785371253355017 -0.1 71:1.0 
-0.1 -0.1 25:1.0 
-0.1 -0.1 
-0.1 -0.1 
-0.0 -0.1 182:1.0 
-0.1 -0.1 
-0.1 -0.1 
-0.0 -0.1 3:1.0 120:1.0 
-0.1 -0.1 
-0.0 -0.1 153:1.0 
-0.047406063244057085 -0.1 153:1.0 
-0.1 -0.1 
-0.1 -0.1 
-0.1 -0.1 
-0.026296968377973604 -0.1 9:1.0 
-0.011244955913200953 -0.1 
-0.0 -0.1 
-0.0 -0.1 
-0.0 -0.1 
-0.0 -0.1 
-0.0 -0.1 
-0.01991957761460777 -0.1 62:1.0 
-0.0 -0.1 
-0.0 -0.1 
-0.0 -0.1 
-0.0 -0.1 
-0.0 -0.1 
-0.0 -0.1 
-0.0 -0.1 
-0.0 -0.1 
-0.0 -0.1 
-0.1 -0.1 142:1.0 
-0.0 -0.1 
-0.0 -0.1 
-0.0 -0.1 
-0.0 -0.1 
-0.0 -0.1 
-0.0 -0.1 35:1.0 
-0.0 -0.1 
