svm_type c_svc
kernel_type rbf
gamma 100.0
nr_class 3
total_sv 1955
rho 0.5148783925840978 0.2472854143722467 -0.37449048913043476
label 2 0 1
nr_sv 498 788 669
SV
10.0 10.0 
10.0 10.0 
10.0 10.0 
10.0 10.0 
1.5146484375 1.248046875 100:1.0 142:1.0 
10.0 10.0 
10.0 10.0 
10.0 10.0 
10.0 10.0 
10.0 10.0 
10.0 10.0 
10.0 10.0 
10.0 10.0 
10.0 10.0 
1.5146484375 1.248046875 42:1.0 164:1.0 168:1.0 
1.5146484375 1.248046875 138:1.0 
10.0 10.0 
10.0 10.0 
10.0 10.0 
10.0 10.0 
10.0 10.0 
10.0 1.25 32:1.0 
10.0 10.0 
10.0 10.0 
1.5146484375 1.25 60:1.0 
10.0 10.0 
10.0 10.0 
10.0 1.248046875 103:1.0 
10.0 10.0 
10.0 10.0 
10.0 10.0 
10.0 10.0 
10.0 10.0 
10.0 10.0 
1.5146484375 10.0 71:1.0 
10.0 10.0 
10.0 10.0 
10.0 10.0 
10.0 10.0 
1.515625 1.248046875 12:1.0 28:1.0 73:1.0 
10.0 10.0 
1.515625 1.248046875 76:1.0 94:1.0 167:1.0 181:1.0 197:1.0 207:1.0 220:1.0 
10.0 10.0 
10.0 10.0 
10.0 10.0 
10.0 10.0 
10.0 10.0 
10.0 10.0 
10.0 10.0 
10.0 10.0 
10.0 10.0 
10.0 10.0 
10.0 10.0 
10.0 1.248046875 50:1.0 
10.0 10.0 
10.0 10.0 
10.0 10.0 
10.0 1.25 133:1.0 
10.0 10.0 
10.0 10.0 
10.0 10.0 
10.0 10.0 
10.0 0.0 16:1.0 
10.0 10.0 142:1.0 
10.0 10.0 
10.0 10.0 
0.0 1.25 34:1.0 76:1.0 94:1.0 148:1.0 167:1.0 193:1.0 197:1.0 204:1.0 207:1.0 218:1.0 220:1.0 
1.515625 1.248046875 14:1.0 181:1.0 
10.0 10.0 
10.0 10.0 
10.0 10.0 
10.0 10.0 
10.0 10.0 11:1.0 
10.0 10.0 
10.0 10.0 
10.0 10.0 
10.0 10.0 
10.0 10.0 
10.0 10.0 
10.0 10.0 
10.0 10.0 
10.0 10.0 
10.0 10.0 
10.0 10.0 
10.0 10.0 
1.515625 1.248046875 114:1.0 164:1.0 
1.515625 9.998046875 34:1.0 76:1.0 94:1.0 148:1.0 167:1.0 193:1.0 197:1.0 204:1.0 207:1.0 218:1.0 220:1.0 
10.0 10.0 
1.515625 1.248046875 174:1.0 
10.0 10.0 
10.0 10.0 
1.515625 1.248046875 12:1.0 147:1.0 
10.0 10.0 
10.0 10.0 
10.0 10.0 
10.0 10.0 
10.0 10.0 
10.0 10.0 
10.0 10.0 
10.0 10.0 
10.0 9.998046875 133:1.0 
10.0 10.0 
10.0 10.0 
10.0 10.0 
10.0 10.0 
10.0 10.0 
10.0 10.0 
10.0 10.0 
10.0 0.0 55:1.0 
1.515625 1.248046875 94:1.0 
10.0 10.0 
10.0 10.0 
10.0 10.0 
10.0 10.0 
10.0 1.248046875 181:1.0 
10.0 10.0 
10.0 10.0 
10.0 10.0 
1.515625 1.248046875 1:1.0 84:1.0 
10.0 10.0 
10.0 10.0 
10.0 10.0 
10.0 10.0 
10.0 10.0 
10.0 10.0 
10.0 10.0 59:1.0 
10.0 10.0 
10.0 10.0 
10.0 10.0 
10.0 10.0 
10.0 10.0 
10.0 10.0 
10.0 10.0 
10.0 10.0 
10.0 10.0 
10.0 10.0 139:1.0 
10.0 10.0 
10.0 10.0 
10.0 10.0 
10.0 10.0 
10.0 10.0 
10.0 10.0 
10.0 10.0 
10.0 10.0 
10.0 10.0 
10.0 10.0 
1.515625 1.248046875 99:1.0 164:1.0 
10.0 10.0 
10.0 10.0 
10.0 10.0 
10.0 10.0 
1.515625 1.248046875 4:1.0 6:1.0 
10.0 10.0 124:1.0 
1.515625 1.248046875 4:1.0 6:1.0 85:1.0 
0.0 1.25 87:1.0 
10.0 10.0 
1.515625 1.248046875 14:1.0 
10.0 10.0 
10.0 10.0 121:1.0 
0.0 1.25 27:1.0 108:1.0 
10.0 0.0 170:1.0 
1.515625 9.998046875 87:1.0 
1.515625 1.248046875 47:1.0 124:1.0 
10.0 10.0 
10.0 10.0 
10.0 10.0 78:1.0 
10.0 10.0 
1.515625 1.248046875 53:1.0 64:1.0 172:1.0 
10.0 9.998046875 32:1.0 
10.0 10.0 
10.0 10.0 
10.0 10.0 
10.0 10.0 
10.0 10.0 
10.0 10.0 
10.0 10.0 
10.0 10.0 
1.515625 1.248046875 23:1.0 76:1.0 167:1.0 197:1.0 
10.0 10.0 
10.0 10.0 
10.0 10.0 
10.0 10.0 
10.0 10.0 
10.0 10.0 
10.0 10.0 
10.0 10.0 
10.0 10.0 
10.0 10.0 
10.0 10.0 
10.0 10.0 
10.0 10.0 
10.0 10.0 23:1.0 
10.0 10.0 
10.0 10.0 
10.0 10.0 
10.0 10.0 
10.0 10.0 
10.0 10.0 
10.0 10.0 
10.0 10.0 
10.0 1.248046875 168:1.0 
10.0 10.0 
10.0 1.248046875 76:1.0 
10.0 10.0 
1.515625 1.2470703125 114:1.0 
10.0 10.0 
10.0 10.0 
10.0 10.0 25:1.0 
10.0 10.0 
10.0 10.0 23:1.0 
10.0 10.0 
10.0 10.0 
10.0 10.0 
10.0 10.0 
1.515625 1.248046875 108:1.0 
10.0 10.0 
1.515625 10.0 79:1.0 
10.0 10.0 
10.0 10.0 
1.515625 1.2470703125 134:1.0 190:1.0 
10.0 10.0 
10.0 10.0 
0.0 1.25 58:1.0 
10.0 1.2470703125 16:1.0 
10.0 10.0 
1.515625 1.2470703125 94:1.0 147:1.0 148:1.0 189:1.0 204:1.0 
10.0 10.0 
10.0 10.0 
1.515625 1.2470703125 12:1.0 28:1.0 73:1.0 94:1.0 189:1.0 
1.515625 1.2470703125 70:1.0 79:1.0 
10.0 10.0 
10.0 10.0 
10.0 10.0 
1.515625 1.2470703125 67:1.0 76:1.0 
10.0 10.0 
10.0 10.0 70:1.0 
1.515625 0.0 166:1.0 
10.0 10.0 
10.0 10.0 
10.0 10.0 
10.0 10.0 
10.0 10.0 
10.0 10.0 124:1.0 
10.0 10.0 
10.0 10.0 
10.0 10.0 
10.0 10.0 
10.0 10.0 
10.0 10.0 
1.515625 1.2470703125 147:1.0 
10.0 10.0 
10.0 10.0 
1.515625 10.0 105:1.0 
10.0 10.0 
10.0 10.0 
10.0 10.0 
10.0 10.0 
10.0 1.2470703125 55:1.0 
1.515625 1.2470703125 31:1.0 84:1.0 
10.0 10.0 
10.0 10.0 
0.0 10.0 31:1.0 
1.515625 10.0 31:1.0 
10.0 10.0 
10.0 10.0 
10.0 10.0 
10.0 10.0 
10.0 10.0 
10.0 10.0 
10.0 10.0 
10.0 1.25 166:1.0 
10.0 10.0 
10.0 10.0 
10.0 10.0 
10.0 10.0 
1.515625 1.2470703125 84:1.0 165:1.0 
10.0 10.0 
10.0 10.0 
10.0 10.0 
10.0 10.0 
10.0 10.0 
10.0 10.0 
1.515625 1.2470703125 172:1.0 
10.0 9.9970703125 166:1.0 
10.0 10.0 
10.0 10.0 
10.0 10.0 
10.0 10.0 
10.0 10.0 
10.0 10.0 
10.0 10.0 
1.515625 1.2470703125 133:1.0 168:1.0 
10.0 10.0 
10.0 10.0 
10.0 10.0 
10.0 10.0 
10.0 1.2470703125 24:1.0 
10.0 10.0 
10.0 10.0 
10.0 10.0 
10.0 10.0 
10.0 10.0 
10.0 10.0 
10.0 10.0 
10.0 10.0 
1.515625 1.2470703125 84:1.0 127:1.0 
1.515625 1.2470703125 161:1.0 
10.0 10.0 
10.0 10.0 
10.0 10.0 
10.0 10.0 
10.0 10.0 
10.0 10.0 
10.0 10.0 
10.0 10.0 
1.515625 10.0 19:1.0 
10.0 10.0 
10.0 1.2470703125 170:1.0 
10.0 10.0 
10.0 10.0 
10.0 10.0 
10.0 10.0 
10.0 10.0 
10.0 10.0 
0.0 1.25 164:1.0 
10.0 10.0 
10.0 10.0 
10.0 10.0 
10.0 10.0 
10.0 10.0 
10.0 10.0 
10.0 10.0 
10.0 10.0 
10.0 10.0 
10.0 10.0 
10.0 10.0 
10.0 10.0 
10.0 10.0 
10.0 10.0 
10.0 10.0 
10.0 10.0 
10.0 10.0 
10.0 10.0 
10.0 10.0 
10.0 10.0 
10.0 10.0 
10.0 10.0 
10.0 10.0 
10.0 10.0 
1.515625 1.2470703125 73:1.0 
10.0 10.0 
10.0 10.0 
10.0 10.0 
1.515625 0.0 40:1.0 
10.0 10.0 
10.0 10.0 
10.0 10.0 
10.0 10.0 
10.0 10.0 
10.0 10.0 
10.0 10.0 
10.0 10.0 
1.515625 1.2470703125 27:1.0 101:1.0 
10.0 10.0 
10.0 10.0 
10.0 10.0 
10.0 9.9970703125 60:1.0 
10.0 10.0 
1.515625 1.2470703125 46:1.0 
10.0 10.0 
10.0 10.0 
10.0 10.0 
10.0 10.0 
10.0 10.0 
10.0 10.0 
10.0 10.0 
10.0 10.0 
10.0 10.0 
10.0 10.0 
10.0 10.0 
10.0 10.0 
10.0 10.0 
10.0 10.0 
10.0 10.0 
10.0 10.0 
10.0 10.0 145:1.0 
10.0 10.0 
1.515625 9.9970703125 27:1.0 108:1.0 
10.0 10.0 
10.0 10.0 
10.0 10.0 
10.0 10.0 
1.515625 10.0 119:1.0 
10.0 10.0 
10.0 10.0 
10.0 10.0 
10.0 10.0 
10.0 10.0 
10.0 10.0 
10.0 10.0 
10.0 10.0 
10.0 10.0 
10.0 10.0 
10.0 10.0 
10.0 10.0 
1.515625 1.2470703125 28:1.0 87:1.0 
10.0 10.0 
10.0 10.0 
10.0 10.0 
10.0 10.0 
10.0 10.0 
1.5146484375 1.2470703125 159:1.0 169:1.0 
10.0 10.0 
10.0 10.0 
10.0 10.0 
10.0 10.0 
10.0 10.0 
1.5146484375 1.2470703125 8:1.0 46:1.0 61:1.0 64:1.0 162:1.0 
1.5146484375 10.0 27:1.0 
1.5146484375 10.0 182:1.0 
10.0 10.0 
10.0 10.0 
10.0 10.0 
10.0 10.0 
1.5146484375 1.2470703125 22:1.0 46:1.0 64:1.0 
10.0 10.0 
10.0 10.0 
10.0 10.0 
10.0 10.0 
10.0 10.0 
10.0 10.0 
10.0 1.2470703125 171:1.0 
10.0 10.0 
1.5146484375 1.2470703125 1:1.0 29:1.0 
10.0 10.0 
10.0 10.0 
1.5146484375 1.2470703125 141:1.0 
10.0 10.0 85:1.0 
10.0 10.0 
10.0 10.0 
10.0 10.0 
1.5146484375 1.2470703125 128:1.0 137:1.0 154:1.0 194:1.0 202:1.0 221:1.0 
1.5146484375 1.2470703125 28:1.0 73:1.0 
10.0 10.0 
10.0 10.0 
10.0 10.0 
10.0 10.0 
10.0 10.0 
10.0 10.0 
10.0 10.0 
10.0 0.0 42:1.0 
1.5146484375 1.2470703125 7:1.0 
10.0 10.0 
1.5146484375 1.2470703125 1:1.0 101:1.0 
10.0 10.0 
10.0 10.0 
10.0 10.0 
10.0 10.0 
10.0 10.0 
10.0 10.0 
10.0 10.0 
10.0 10.0 
10.0 10.0 
10.0 10.0 
10.0 10.0 
10.0 10.0 
1.5146484375 1.2470703125 53:1.0 
10.0 10.0 
10.0 10.0 
10.0 10.0 
10.0 10.0 
1.53125 0.0 100:1.0 
10.0 10.0 
10.0 10.0 
10.0 10.0 
1.5146484375 9.9970703125 164:1.0 
10.0 10.0 
10.0 10.0 
10.0 10.0 
1.5146484375 1.2470703125 67:1.0 94:1.0 124:1.0 148:1.0 167:1.0 187:1.0 204:1.0 207:1.0 218:1.0 
10.0 10.0 
9.9833984375 1.2470703125 100:1.0 
10.0 10.0 
10.0 10.0 
10.0 10.0 
10.0 10.0 
10.0 10.0 
9.9990234375 1.2470703125 40:1.0 
1.5146484375 9.9970703125 58:1.0 
10.0 10.0 
10.0 10.0 
10.0 10.0 
10.0 1.2470703125 42:1.0 
10.0 10.0 
10.0 10.0 23:1.0 
1.5146484375 1.2470703125 76:1.0 167:1.0 197:1.0 
10.0 10.0 
10.0 10.0 118:1.0 
-0.4853515625 0.625 2:1.0 91:1.0 
-0.9853515625 0.625 121:1.0 
-0.0 10.0 78:1.0 
-0.4853515625 0.625 66:1.0 187:1.0 
-0.4853515625 10.0 142:1.0 
-0.0 0.625 93:1.0 
-0.4853515625 0.625 116:1.0 159:1.0 
-0.4853515625 0.625 8:1.0 77:1.0 
-0.0 10.0 90:1.0 
-0.4853515625 0.0 42:1.0 
-9.765625E-4 0.0 127:1.0 
-0.4853515625 10.0 4:1.0 
-0.4853515625 0.625 15:1.0 102:1.0 
-9.765625E-4 0.0 32:1.0 
-0.0 0.625 136:1.0 
-0.4853515625 0.625 107:1.0 203:1.0 
-0.4853515625 0.625 89:1.0 129:1.0 178:1.0 
-0.5 10.0 11:1.0 
-0.4853515625 0.625 162:1.0 173:1.0 
-0.4853515625 0.625 88:1.0 
-0.4853515625 10.0 78:1.0 98:1.0 
-0.0 0.625 113:1.0 
-0.4853515625 10.0 90:1.0 
-10.0 0.0 170:1.0 
-0.4853515625 0.0 55:1.0 
-0.4853515625 0.625 20:1.0 179:1.0 186:1.0 196:1.0 
-0.4853515625 10.0 17:1.0 
-0.4853515625 0.625 85:1.0 94:1.0 147:1.0 189:1.0 
-9.765625E-4 0.0 51:1.0 
-0.5 0.625 85:1.0 
-0.4853515625 10.0 92:1.0 
-10.0 0.0 42:1.0 
-0.4853515625 0.625 34:1.0 66:1.0 76:1.0 193:1.0 
-0.4853515625 0.625 22:1.0 82:1.0 
-9.765625E-4 0.625 112:1.0 
-0.4853515625 10.0 113:1.0 
-10.0 0.625 181:1.0 
-0.9853515625 0.0 76:1.0 
-10.0 0.625 40:1.0 
-0.4853515625 10.0 185:1.0 
-0.4853515625 10.0 38:1.0 
-0.4853515625 0.0 24:1.0 
-0.5 0.625 23:1.0 
-0.5 0.0 16:1.0 
-0.4853515625 0.625 14:1.0 43:1.0 67:1.0 
-0.0 0.625 21:1.0 
-9.765625E-4 0.0 2:1.0 
-0.4853515625 10.0 93:1.0 
-9.765625E-4 0.625 10:1.0 
-0.4853515625 0.625 155:1.0 178:1.0 
-0.4853515625 0.625 65:1.0 179:1.0 
-0.4853515625 0.625 30:1.0 95:1.0 113:1.0 123:1.0 199:1.0 
-0.4853515625 0.625 101:1.0 165:1.0 
-10.0 0.625 100:1.0 
-0.4853515625 10.0 20:1.0 185:1.0 
-9.765625E-4 0.625 131:1.0 
-10.0 0.0 16:1.0 
-0.4853515625 10.0 153:1.0 
-9.765625E-4 0.625 72:1.0 
-0.0 10.0 68:1.0 
-0.0166015625 10.0 124:1.0 
-0.4853515625 0.625 65:1.0 113:1.0 
-0.4853515625 0.625 7:1.0 128:1.0 137:1.0 154:1.0 194:1.0 202:1.0 221:1.0 
-9.765625E-4 10.0 125:1.0 
-0.9853515625 10.0 78:1.0 
-0.4853515625 0.625 36:1.0 180:1.0 
-9.765625E-4 0.625 89:1.0 
-0.4853515625 0.625 15:1.0 178:1.0 
-0.4853515625 0.625 67:1.0 
-0.4853515625 0.625 38:1.0 99:1.0 149:1.0 
-0.4853515625 0.625 33:1.0 104:1.0 
-0.4853515625 0.625 50:1.0 136:1.0 
-0.5 0.0 133:1.0 
-0.0 0.625 159:1.0 
-10.0 0.625 166:1.0 
-10.0 0.625 170:1.0 
-9.765625E-4 0.0 77:1.0 
-0.4853515625 0.625 39:1.0 54:1.0 80:1.0 110:1.0 130:1.0 135:1.0 157:1.0 176:1.0 190:1.0 195:1.0 200:1.0 205:1.0 206:1.0 210:1.0 212:1.0 213:1.0 214:1.0 215:1.0 219:1.0 222:1.0 
-0.4853515625 0.625 10:1.0 122:1.0 126:1.0 
-0.4853515625 10.0 21:1.0 
-0.4853515625 0.625 72:1.0 122:1.0 138:1.0 
-0.0 0.625 109:1.0 
-10.0 10.0 25:1.0 
-0.4853515625 0.625 36:1.0 
-0.0 10.0 159:1.0 
-0.0 10.0 70:1.0 
-10.0 10.0 23:1.0 
-0.4853515625 0.625 116:1.0 
-0.4853515625 0.625 10:1.0 78:1.0 
-0.4853515625 0.625 82:1.0 113:1.0 
-0.4853515625 10.0 63:1.0 140:1.0 151:1.0 
-9.9853515625 0.625 133:1.0 
-9.765625E-4 10.0 179:1.0 186:1.0 196:1.0 
-9.9853515625 10.0 11:1.0 
-0.4853515625 0.625 52:1.0 76:1.0 94:1.0 148:1.0 167:1.0 197:1.0 204:1.0 207:1.0 218:1.0 220:1.0 
-0.5 10.0 145:1.0 
-0.4853515625 0.625 152:1.0 178:1.0 
-0.4853515625 0.625 68:1.0 102:1.0 
-0.4853515625 0.625 19:1.0 101:1.0 
-9.765625E-4 0.625 62:1.0 
-0.4853515625 0.625 150:1.0 173:1.0 
-0.0 0.625 57:1.0 
-0.0 0.625 
-0.0 10.0 
-0.0 10.0 
-0.0 10.0 
-0.0 10.0 
-0.0 10.0 
-0.0 10.0 
-0.0 10.0 
-0.4853515625 0.625 39:1.0 54:1.0 80:1.0 110:1.0 135:1.0 157:1.0 176:1.0 190:1.0 200:1.0 210:1.0 212:1.0 214:1.0 
-9.765625E-4 0.625 158:1.0 
-0.0 10.0 
-0.0 10.0 
-0.4853515625 0.625 132:1.0 
-0.4853515625 0.625 149:1.0 155:1.0 
-9.765625E-4 0.0 29:1.0 
-0.0 10.0 
-0.0 10.0 
-0.4853515625 0.625 118:1.0 
-0.0 10.0 
-0.0 10.0 
-0.0 10.0 
-0.0 10.0 
-0.0 10.0 
-0.0 10.0 
-0.0 10.0 96:1.0 
-0.0 10.0 
-0.4853515625 10.0 102:1.0 
-0.0 10.0 
-0.0 10.0 
-0.0 10.0 
-0.4853515625 0.625 3:1.0 
-0.0 10.0 
-0.0 10.0 
-0.0166015625 0.0 50:1.0 
-0.0 10.0 
-0.0166015625 0.0 155:1.0 
-9.765625E-4 0.0 169:1.0 
-0.0 10.0 
-0.0 10.0 
-0.4853515625 0.625 101:1.0 116:1.0 135:1.0 173:1.0 
-0.0 10.0 
-0.0 10.0 
-0.0 10.0 
-0.0 10.0 
-0.0 10.0 
-0.0 10.0 
-9.765625E-4 10.0 109:1.0 
-0.0 10.0 
-0.0 10.0 
-0.4853515625 10.0 96:1.0 
-0.0 10.0 
-0.0 10.0 
-0.4853515625 0.625 45:1.0 56:1.0 63:1.0 97:1.0 132:1.0 208:1.0 
-0.0 10.0 
-0.0 10.0 
-0.4853515625 0.625 63:1.0 
-0.0 10.0 
-0.0 10.0 
-0.0 10.0 
-0.0 10.0 
-10.0 10.0 142:1.0 
-0.0 10.0 
-0.0 10.0 
-0.0 10.0 
-0.0 10.0 
-0.0 10.0 
-0.0 10.0 
-0.0 10.0 
-0.4853515625 0.625 26:1.0 55:1.0 
-0.0 10.0 
-0.0 10.0 
-0.0 10.0 
-0.4853515625 0.625 99:1.0 
-0.4853515625 10.0 68:1.0 
-0.0 10.0 
-0.0 10.0 
-0.0 10.0 
-0.5 10.0 70:1.0 
-0.0 10.0 
-0.0 10.0 
-0.0 10.0 
-0.0 10.0 
-0.0 10.0 
-0.4853515625 0.625 144:1.0 
-10.0 0.625 42:1.0 
-0.0 10.0 
-0.0 10.0 
-0.0 10.0 
-0.0 10.0 
-0.4853515625 0.625 101:1.0 
-0.4853515625 0.625 175:1.0 180:1.0 
-0.0 10.0 
-0.0 10.0 
-0.0 10.0 
-0.0 10.0 
-0.0 10.0 
-0.0 10.0 
-0.4853515625 0.625 21:1.0 175:1.0 
-0.0 10.0 
-0.0 10.0 
-9.9853515625 10.0 23:1.0 
-0.0 10.0 
-0.4853515625 0.625 113:1.0 122:1.0 
-0.4853515625 0.625 125:1.0 170:1.0 
-0.0 10.0 
-9.9853515625 10.0 145:1.0 
-0.0 10.0 
-0.0 10.0 
-0.0 10.0 
-0.0 10.0 
-10.0 0.625 168:1.0 
-0.0 10.0 
-0.0 10.0 
-9.9853515625 0.625 16:1.0 
-0.4853515625 10.0 126:1.0 
-0.0 10.0 
-0.0 10.0 
-0.0 10.0 
-0.0 10.0 
-0.0 10.0 
-9.765625E-4 0.0 177:1.0 
-0.0 10.0 
-0.0 10.0 
-0.0 10.0 
-0.0 10.0 
-9.765625E-4 0.0 183:1.0 
-0.0 10.0 
-0.0 10.0 
-0.0 10.0 
-0.0 10.0 
-0.0 10.0 
-0.0 10.0 
-0.0 10.0 
-1.0 10.0 
-10.0 10.0 
-0.0166015625 0.0 30:1.0 123:1.0 199:1.0 
-10.0 10.0 
-10.0 10.0 
-0.0 0.625 49:1.0 
-10.0 10.0 
-10.0 10.0 
-10.0 10.0 
-10.0 10.0 
-10.0 10.0 
-10.0 10.0 
-10.0 10.0 
-10.0 10.0 
-10.0 10.0 
-10.0 10.0 
-10.0 10.0 
-10.0 10.0 
-0.4853515625 10.0 18:1.0 
-10.0 10.0 
-10.0 10.0 
-0.0166015625 0.0 143:1.0 
-10.0 10.0 
-10.0 10.0 
-10.0 10.0 
-10.0 10.0 
-9.765625E-4 0.625 191:1.0 
-10.0 10.0 
-0.4853515625 0.625 140:1.0 
-10.0 10.0 
-10.0 10.0 
-0.4853515625 10.0 159:1.0 
-10.0 10.0 
-10.0 10.0 
-9.765625E-4 0.625 178:1.0 
-10.0 10.0 
-10.0 10.0 
-9.765625E-4 0.625 95:1.0 
-10.0 10.0 
-0.4853515625 0.625 38:1.0 79:1.0 
-10.0 10.0 
-0.0166015625 0.0 135:1.0 
-10.0 10.0 
-10.0 10.0 
-9.765625E-4 0.625 5:1.0 74:1.0 75:1.0 81:1.0 192:1.0 198:1.0 201:1.0 216:1.0 217:1.0 
-10.0 10.0 
-10.0 10.0 
-9.765625E-4 0.0 117:1.0 156:1.0 209:1.0 
-10.0 10.0 
-0.4853515625 0.625 83:1.0 
-10.0 10.0 
-10.0 10.0 
-10.0 10.0 
-9.765625E-4 0.625 48:1.0 
-0.0 0.625 152:1.0 
-10.0 10.0 
-10.0 10.0 
-10.0 10.0 
-10.0 10.0 
-10.0 10.0 
-10.0 10.0 
-10.0 10.0 
-0.4853515625 0.625 6:1.0 51:1.0 
-10.0 10.0 
-10.0 10.0 
-0.5 0.0 171:1.0 
-10.0 10.0 
-10.0 10.0 
-9.765625E-4 0.0 134:1.0 
-10.0 10.0 
-0.4853515625 0.625 124:1.0 165:1.0 
-10.0 10.0 
-10.0 10.0 
-10.0 10.0 
-0.4853515625 0.625 45:1.0 56:1.0 151:1.0 208:1.0 
-10.0 10.0 
-0.4853515625 10.0 57:1.0 
-10.0 10.0 
-0.4853515625 0.625 23:1.0 82:1.0 183:1.0 
-10.0 10.0 
-10.0 10.0 
-10.0 10.0 
-0.0 0.625 47:1.0 
-0.4853515625 0.625 151:1.0 
-10.0 10.0 
-0.4853515625 0.6259765625 47:1.0 55:1.0 
-10.0 10.0 
-10.0 10.0 
-10.0 10.0 
-0.4853515625 0.625 68:1.0 141:1.0 
-9.9853515625 10.0 70:1.0 
-0.4853515625 0.625 44:1.0 129:1.0 
-0.4853515625 10.0 37:1.0 
-10.0 10.0 
-10.0 10.0 
-9.9853515625 0.625 171:1.0 
-10.0 10.0 
-10.0 10.0 
-0.4853515625 0.625 66:1.0 76:1.0 
-0.4853515625 0.625 36:1.0 82:1.0 
-10.0 10.0 
-0.9853515625 1.0 139:1.0 
-0.4853515625 0.625 18:1.0 188:1.0 
-9.765625E-4 10.0 47:1.0 
-10.0 10.0 
-0.4853515625 10.0 44:1.0 
-10.0 10.0 
-9.9853515625 10.0 85:1.0 
-10.0 10.0 
-10.0 10.0 
-10.0 10.0 
-0.4853515625 10.0 136:1.0 
-0.4853515625 0.625 61:1.0 172:1.0 
-10.0 10.0 
-10.0 10.0 
-10.0 10.0 
-9.765625E-4 0.0 146:1.0 
-10.0 10.0 
-10.0 10.0 
-9.765625E-4 0.0 15:1.0 
-9.765625E-4 1.0 184:1.0 
-10.0 10.0 
-10.0 10.0 
-10.0 10.0 
-10.0 10.0 
-0.4853515625 0.625 39:1.0 80:1.0 110:1.0 130:1.0 135:1.0 157:1.0 176:1.0 195:1.0 200:1.0 205:1.0 206:1.0 210:1.0 212:1.0 213:1.0 214:1.0 215:1.0 219:1.0 222:1.0 
-10.0 10.0 
-10.0 10.0 
-10.0 10.0 
-10.0 10.0 
-10.0 10.0 
-0.4853515625 10.0 152:1.0 
-9.765625E-4 0.0 26:1.0 
-9.765625E-4 0.0 120:1.0 
-9.9853515625 10.0 
-0.4853515625 0.625 188:1.0 
-0.46875 0.625 135:1.0 
-0.4853515625 0.625 179:1.0 
-10.0 10.0 
-10.0 10.0 
-10.0 10.0 
-0.46875 0.625 155:1.0 
-10.0 10.0 
-0.4853515625 0.625 16:1.0 129:1.0 187:1.0 
-10.0 10.0 
-10.0 10.0 
-10.0 10.0 
-0.46875 0.625 143:1.0 
-0.96875 10.0 124:1.0 
-10.0 10.0 
-10.0 10.0 
-10.0 10.0 133:1.0 
-10.0 10.0 
-10.0 10.0 
-10.0 10.0 
-10.0 10.0 
-10.0 10.0 
-10.0 10.0 
-10.0 10.0 
-10.0 10.0 
-10.0 10.0 
-10.0 10.0 
-9.765625E-4 0.0 91:1.0 
-0.4853515625 0.625 25:1.0 42:1.0 
-0.46875 0.625 30:1.0 123:1.0 199:1.0 
-0.96875 0.0 50:1.0 
-10.0 10.0 
-0.4853515625 0.625 92:1.0 109:1.0 
-0.484375 10.0 131:1.0 
-0.484375 0.625 51:1.0 
-10.0 10.0 
-10.0 10.0 
-10.0 10.0 
-10.0 10.0 
-0.4853515625 0.625 59:1.0 145:1.0 
-10.0 10.0 
-10.0 10.0 
-0.4853515625 0.625 20:1.0 
-10.0 10.0 
-0.4853515625 0.625 45:1.0 56:1.0 63:1.0 97:1.0 208:1.0 
-10.0 0.0 55:1.0 
-10.0 10.0 
-0.4853515625 0.625 2:1.0 93:1.0 
-10.0 10.0 
-0.484375 0.625 29:1.0 
-10.0 10.0 
-10.0 10.0 124:1.0 
-10.0 10.0 
-10.0 10.0 
-10.0 10.0 
-10.0 10.0 
-0.4853515625 0.625 112:1.0 115:1.0 
-10.0 10.0 
-10.0 10.0 
-0.484375 10.0 10:1.0 
-10.0 10.0 
-10.0 10.0 
-0.484375 10.0 89:1.0 
-10.0 10.0 
-10.0 10.0 
-9.765625E-4 0.0 175:1.0 
-0.484375 0.625 77:1.0 
-10.0 10.0 
-10.0 10.0 
-10.0 10.0 
-10.0 10.0 
-0.4853515625 10.0 13:1.0 
-10.0 10.0 
-10.0 10.0 
-10.0 10.0 
-0.484375 0.625 23:1.0 175:1.0 
-10.0 10.0 
-10.0 10.0 
-10.0 10.0 
-10.0 10.0 
-10.0 10.0 
-10.0 10.0 
-0.484375 0.625 51:1.0 82:1.0 
-10.0 10.0 
-10.0 10.0 
-0.484375 9.625 184:1.0 
-10.0 10.0 
-10.0 10.0 
-10.0 10.0 
-0.484375 0.0 32:1.0 
-0.484375 0.625 30:1.0 
-10.0 10.0 
-10.0 10.0 
-10.0 10.0 
-10.0 10.0 
-10.0 10.0 
-10.0 10.0 
-10.0 10.0 
-10.0 10.0 
-10.0 10.0 
-10.0 10.0 
-10.0 10.0 
-10.0 10.0 
-0.484375 0.625 82:1.0 126:1.0 
-10.0 10.0 
-10.0 10.0 
-10.0 10.0 
-10.0 10.0 
-10.0 10.0 
-10.0 10.0 
-10.0 10.0 
-10.0 10.0 
-10.0 10.0 
-0.484375 10.0 112:1.0 
-10.0 10.0 
-10.0 10.0 
-10.0 10.0 
-10.0 10.0 
-10.0 10.0 
-10.0 10.0 
-10.0 10.0 
-10.0 10.0 
-0.484375 0.625 105:1.0 124:1.0 
-10.0 10.0 
-10.0 10.0 
-10.0 10.0 
-10.0 10.0 
-10.0 10.0 
-10.0 10.0 
-10.0 10.0 
-10.0 10.0 
-10.0 10.0 
-10.0 10.0 
-10.0 10.0 
-10.0 10.0 
-10.0 10.0 
-10.0 10.0 
-10.0 10.0 
-10.0 1.0 32:1.0 
-10.0 10.0 
-10.0 10.0 
-10.0 10.0 
-10.0 10.0 
-0.484375 0.625 169:1.0 
-10.0 10.0 
-10.0 10.0 
-0.484375 10.0 43:1.0 
-0.484375 10.0 179:1.0 186:1.0 196:1.0 
-0.484375 0.625 159:1.0 178:1.0 
-10.0 10.0 
-10.0 10.0 
-0.0 1.0 86:1.0 
-10.0 10.0 
-0.484375 0.625 134:1.0 
-10.0 10.0 
-0.0 10.0 72:1.0 
-0.484375 0.6259765625 116:1.0 165:1.0 
-0.484375 10.0 125:1.0 
-10.0 10.0 
-0.484375 0.6259765625 29:1.0 135:1.0 
-0.484375 10.0 48:1.0 
-10.0 10.0 
-10.0 10.0 
-10.0 10.0 
-10.0 10.0 
-0.984375 0.0 103:1.0 
-0.484375 0.6259765625 39:1.0 54:1.0 80:1.0 176:1.0 190:1.0 210:1.0 
-0.484375 0.6259765625 120:1.0 
-0.484375 0.6259765625 26:1.0 
-0.484375 0.6259765625 44:1.0 155:1.0 
-0.484375 0.6259765625 36:1.0 37:1.0 144:1.0 
-10.0 10.0 
-10.0 0.6259765625 24:1.0 
-10.0 10.0 
-10.0 9.6259765625 32:1.0 
-10.0 10.0 
-10.0 10.0 
-0.484375 0.6259765625 147:1.0 189:1.0 
-10.0 10.0 
-0.484375 0.6259765625 37:1.0 65:1.0 116:1.0 
-0.484375 0.6259765625 22:1.0 141:1.0 
-10.0 10.0 
-10.0 10.0 
-10.0 10.0 
-0.484375 10.0 180:1.0 
-10.0 10.0 
-10.0 10.0 
-10.0 10.0 
-10.0 10.0 
-0.484375 10.0 163:1.0 
-10.0 10.0 
-10.0 10.0 
-0.484375 0.6259765625 127:1.0 
-10.0 10.0 
-10.0 10.0 
-10.0 10.0 
-10.0 10.0 
-0.484375 9.6259765625 86:1.0 
-10.0 10.0 
-10.0 10.0 
-0.484375 10.0 109:1.0 
-10.0 10.0 
-10.0 0.6259765625 55:1.0 
-10.0 10.0 
-9.5 9.6259765625 139:1.0 
-10.0 10.0 
-10.0 10.0 
-10.0 10.0 
-10.0 10.0 
-10.0 10.0 
-0.484375 0.6259765625 87:1.0 159:1.0 
-10.0 10.0 
-10.0 10.0 
-10.0 10.0 
-10.0 10.0 
-10.0 10.0 
-10.0 10.0 
-10.0 10.0 
-0.484375 0.6259765625 177:1.0 
-10.0 10.0 
-10.0 10.0 
-10.0 10.0 
-10.0 10.0 
-10.0 10.0 
-10.0 10.0 
-10.0 10.0 
-10.0 10.0 
-0.484375 0.6259765625 183:1.0 
-10.0 10.0 
-10.0 10.0 
-10.0 10.0 
-10.0 10.0 
-10.0 10.0 
-10.0 10.0 23:1.0 
-10.0 10.0 
-0.484375 10.0 115:1.0 
-10.0 10.0 
-10.0 10.0 
-10.0 10.0 
-10.0 10.0 
-10.0 10.0 
-10.0 10.0 
-0.484375 0.6259765625 104:1.0 124:1.0 
-10.0 10.0 
-10.0 10.0 
-10.0 10.0 
-10.0 10.0 
-10.0 10.0 
-0.484375 10.0 62:1.0 
-10.0 10.0 
-10.0 10.0 
-10.0 10.0 
-10.0 10.0 
-10.0 10.0 
-10.0 10.0 
-10.0 10.0 
-10.0 10.0 
-10.0 10.0 
-10.0 10.0 
-0.484375 0.6259765625 15:1.0 
-10.0 10.0 
-9.5 0.6259765625 76:1.0 
-10.0 10.0 
-0.0 10.0 178:1.0 
-10.0 10.0 
-10.0 10.0 
-10.0 10.0 
-0.484375 0.6259765625 25:1.0 82:1.0 120:1.0 
-0.0 1.0 69:1.0 
-10.0 10.0 59:1.0 
-10.0 10.0 
-10.0 10.0 
-10.0 10.0 
-10.0 10.0 
-10.0 10.0 
-0.484375 0.6259765625 102:1.0 139:1.0 
-10.0 10.0 
-10.0 10.0 
-10.0 10.0 
-10.0 10.0 
-10.0 10.0 
-10.0 10.0 
-10.0 10.0 
-10.0 10.0 
-10.0 10.0 
-10.0 10.0 
-9.5 0.6259765625 103:1.0 
-0.484375 10.0 95:1.0 
-10.0 10.0 
-10.0 10.0 
-10.0 10.0 
-10.0 10.0 
-10.0 10.0 
-0.484375 0.6259765625 22:1.0 163:1.0 
-9.5 10.0 121:1.0 
-0.484375 10.0 191:1.0 
-0.484375 0.6259765625 63:1.0 132:1.0 140:1.0 
-10.0 10.0 
-10.0 10.0 
-10.0 10.0 
-10.0 10.0 
-10.0 10.0 
-0.484375 0.6259765625 82:1.0 120:1.0 
-10.0 10.0 
-10.0 10.0 
-0.0 1.0 82:1.0 
-0.484375 0.6259765625 45:1.0 56:1.0 63:1.0 132:1.0 208:1.0 
-10.0 10.0 60:1.0 
-10.0 10.0 
-0.484375 9.6259765625 69:1.0 
-10.0 10.0 
-10.0 10.0 
-10.0 10.0 
-10.0 10.0 
-10.0 10.0 
-0.484375 0.6259765625 24:1.0 166:1.0 
-10.0 10.0 
-10.0 10.0 
-10.0 10.0 
-10.0 10.0 
-10.0 10.0 
-0.484375 0.6259765625 122:1.0 
-10.0 10.0 
-0.484375 10.0 47:1.0 
-10.0 10.0 
-10.0 10.0 
-0.484375 0.6259765625 175:1.0 
-10.0 10.0 
-10.0 10.0 
-10.0 10.0 
-10.0 10.0 
-10.0 10.0 
-10.0 10.0 
-10.0 10.0 
-10.0 10.0 
-10.0 10.0 
-10.0 10.0 
-10.0 10.0 
-10.0 10.0 
-10.0 10.0 
-0.484375 0.6259765625 18:1.0 53:1.0 111:1.0 
-0.484375 10.0 72:1.0 
-10.0 10.0 
-0.484375 0.6259765625 2:1.0 
-10.0 10.0 
-0.484375 10.0 178:1.0 
-10.0 10.0 
-0.484375 0.6259765625 39:1.0 80:1.0 110:1.0 130:1.0 135:1.0 176:1.0 190:1.0 195:1.0 200:1.0 205:1.0 206:1.0 210:1.0 213:1.0 215:1.0 219:1.0 222:1.0 
-10.0 10.0 
-10.0 10.0 
-10.0 10.0 
-10.0 10.0 
-10.0 10.0 
-10.0 10.0 
-10.0 10.0 118:1.0 
-0.484375 10.0 5:1.0 74:1.0 75:1.0 81:1.0 192:1.0 198:1.0 201:1.0 216:1.0 217:1.0 
-10.0 10.0 
-10.0 10.0 
-10.0 10.0 
-10.0 10.0 
-10.0 10.0 
-0.484375 0.6259765625 91:1.0 
-10.0 10.0 
-10.0 10.0 
-9.5 10.0 78:1.0 
-10.0 10.0 166:1.0 
-10.0 10.0 
-10.0 10.0 
-0.484375 0.6259765625 146:1.0 
-10.0 10.0 
-0.484375 10.0 41:1.0 160:1.0 211:1.0 
-10.0 10.0 
-10.0 10.0 
-0.484375 10.0 158:1.0 
-10.0 10.0 
-10.0 10.0 
-0.484375 0.6259765625 117:1.0 156:1.0 209:1.0 
-10.0 10.0 
-10.0 10.0 
-10.0 10.0 
-10.0 10.0 
-10.0 10.0 
-10.0 10.0 
-10.0 10.0 
-0.4853515625 10.0 49:1.0 
-0.4853515625 0.6259765625 150:1.0 
-10.0 10.0 
-10.0 10.0 
-10.0 10.0 
-10.0 10.0 
-10.0 10.0 
-10.0 10.0 
-9.5 0.6259765625 50:1.0 
-9.5 10.0 124:1.0 
-10.0 10.0 
-10.0 10.0 
-10.0 10.0 
-10.0 10.0 
-10.0 10.0 
-10.0 10.0 
-10.0 10.0 
-10.0 10.0 
-10.0 10.0 
-0.4853515625 0.6259765625 78:1.0 162:1.0 
-10.0 10.0 
-0.4853515625 0.6259765625 101:1.0 142:1.0 
-10.0 10.0 
-10.0 10.0 
-10.0 10.0 
-0.4853515625 9.6259765625 82:1.0 
-0.4853515625 0.6259765625 39:1.0 54:1.0 80:1.0 110:1.0 130:1.0 135:1.0 157:1.0 176:1.0 195:1.0 200:1.0 205:1.0 206:1.0 210:1.0 212:1.0 213:1.0 214:1.0 215:1.0 219:1.0 222:1.0 
-0.4853515625 0.6259765625 166:1.0 178:1.0 
-10.0 10.0 
-10.0 10.0 
-10.0 10.0 
-10.0 10.0 
-10.0 10.0 
-9.5 10.0 
-0.0 -10.0 
-0.0 -10.0 
-0.0 -10.0 
-0.0 -10.0 
-0.7529296875 -1.3740234375 28:1.0 
-0.0 -10.0 
-0.0 -10.0 
-0.0 -1.5 125:1.0 
-10.0 -1.3740234375 19:1.0 
-0.0 -10.0 
-0.0 -10.0 
-0.0 -10.0 
-0.0 -10.0 
-0.0 -10.0 
-0.0 -10.0 
-0.0 -10.0 
-10.0 -1.3740234375 79:1.0 
-0.0 -10.0 
-0.7529296875 -1.3740234375 53:1.0 103:1.0 
-0.0 -10.0 
-0.0 -10.0 
-0.0 -10.0 
-0.7529296875 -10.0 185:1.0 
-10.0 -0.0 31:1.0 
-0.0 -10.0 
-0.0029296875 -10.0 68:1.0 
-0.0 -10.0 
-0.0 -10.0 
-0.0 -10.0 
-0.0 -10.0 
-0.0 -10.0 
-0.0 -10.0 
-0.0 -10.0 
-0.0 -10.0 
-0.7578125 -10.0 11:1.0 
-0.0 -10.0 
-0.0 -10.0 
-0.0 -10.0 
-0.0 -10.0 
-0.0 -10.0 
-0.7529296875 -10.0 191:1.0 
-0.7529296875 -1.3740234375 23:1.0 120:1.0 
-0.0 -10.0 
-0.0029296875 -0.0 98:1.0 
-0.0 -10.0 
-0.0 -10.0 
-0.0 -10.0 
-0.0 -10.0 
-0.0029296875 -0.0 111:1.0 
-0.0 -10.0 
-0.7529296875 -10.0 145:1.0 
-0.0 -10.0 
-0.0 -10.0 
-0.0 -10.0 
-0.0 -10.0 
-0.7529296875 -1.3740234375 164:1.0 168:1.0 
-0.0 -10.0 
-0.0 -10.0 
-0.0 -10.0 
-0.0 -10.0 
-0.0 -10.0 
-0.0 -10.0 
-0.0 -10.0 
-0.0 -10.0 
-0.0 -10.0 
-0.7529296875 -1.3740234375 35:1.0 173:1.0 
-0.0 -10.0 
-0.0 -10.0 
-0.0 -10.0 
-0.0 -10.0 
-9.9951171875 -10.0 11:1.0 
-0.0 -10.0 
-0.0 -10.0 
-0.0 -10.0 
-0.0 -10.0 
-0.0 -10.0 
-0.0 -10.0 
-0.0 -10.0 
-0.0029296875 -1.5 17:1.0 
-0.7529296875 -1.3740234375 35:1.0 146:1.0 
-0.0 -10.0 
-0.0 -10.0 
-0.0 -10.0 
-0.0 -10.0 
-0.0 -10.0 
-0.0 -10.0 159:1.0 
-0.0029296875 -10.0 96:1.0 
-0.0 -10.0 
-0.0 -10.0 
-0.0 -10.0 
-0.0 -10.0 47:1.0 
-0.0 -10.0 
-0.7529296875 -1.3740234375 13:1.0 14:1.0 
-0.7529296875 -10.0 43:1.0 
-0.0029296875 -1.5 92:1.0 
-0.7529296875 -1.3740234375 52:1.0 
-0.0 -10.0 
-0.0 -10.0 
-0.0 -10.0 
-0.7529296875 -1.3740234375 30:1.0 33:1.0 113:1.0 
-0.0 -10.0 
-0.7529296875 -10.0 86:1.0 
-0.0 -10.0 
-0.7529296875 -10.0 69:1.0 
-0.7529296875 -10.0 102:1.0 
-0.0 -10.0 
-0.0 -10.0 
-0.0 -10.0 
-0.0 -10.0 
-0.0 -10.0 
-0.0 -10.0 
-0.7529296875 -1.3740234375 26:1.0 55:1.0 113:1.0 
-0.0 -10.0 
-0.0 -10.0 
-0.0 -10.0 
-0.0 -10.0 
-0.0 -1.5 78:1.0 
-0.7529296875 -10.0 159:1.0 
-0.0029296875 -0.0 173:1.0 
-0.7529296875 -10.0 48:1.0 
-0.0 -10.0 
-0.7529296875 -1.3740234375 16:1.0 187:1.0 
-0.0 -10.0 
-0.0 -10.0 
-0.0 -10.0 
-0.0 -10.0 
-0.0 -10.0 
-0.0 -10.0 
-0.0029296875 -1.5 142:1.0 
-0.0 -10.0 
-0.0 -10.0 
-0.0 -10.0 
-0.0 -10.0 
-1.0078125 -10.0 
-0.7529296875 -10.0 47:1.0 
-10.0 -10.0 
-10.0 -10.0 
-10.0 -10.0 
-10.0 -10.0 
-0.7529296875 -1.3740234375 44:1.0 164:1.0 
-10.0 -10.0 
-10.0 -10.0 
-10.0 -10.0 166:1.0 
-10.0 -10.0 
-10.0 -10.0 
-0.7529296875 -10.0 44:1.0 
-10.0 -10.0 
-0.0029296875 -0.0 41:1.0 160:1.0 211:1.0 
-0.0029296875 -10.0 78:1.0 
-10.0 -10.0 
-0.7529296875 -1.3740234375 104:1.0 
-10.0 -10.0 
-10.0 -10.0 
-0.0029296875 -10.0 72:1.0 
-10.0 -10.0 
-10.0 -10.0 
-10.0 -10.0 
-10.0 -10.0 
-10.0 -10.0 
-10.0 -10.0 
-0.7529296875 -10.0 93:1.0 
-0.7529296875 -10.0 49:1.0 
-10.0 -10.0 
-0.7529296875 -1.3740234375 97:1.0 
-10.0 -10.0 
-10.0 -10.0 
-10.0 -10.0 59:1.0 
-0.7529296875 -1.3740234375 33:1.0 138:1.0 
-10.0 -10.0 
-10.0 -10.0 
-0.0029296875 -0.0 34:1.0 76:1.0 193:1.0 
-10.0 -10.0 
-0.0 -1.5 124:1.0 
-10.0 -10.0 
-10.0 -10.0 
-10.0 -10.0 
-10.0 -10.0 
-0.7529296875 -1.3740234375 13:1.0 144:1.0 
-10.0 -10.0 
-0.7529296875 -1.3740234375 162:1.0 
-10.0 -1.3740234375 58:1.0 
-10.0 -10.0 
-0.7529296875 -1.3740234375 71:1.0 149:1.0 
-10.0 -10.0 
-0.0029296875 -10.0 124:1.0 
-10.0 -10.0 
-10.0 -10.0 
-10.0 -10.0 
-10.0 -10.0 
-10.0 -10.0 
-0.0029296875 -1.5 126:1.0 
-0.7529296875 -1.3740234375 64:1.0 
-10.0 -10.0 
-10.0 -10.0 
-0.0029296875 -0.0 119:1.0 
-10.0 -10.0 
-10.0 -10.0 
-10.0 -10.0 
-0.0029296875 -10.0 179:1.0 186:1.0 196:1.0 
-0.7529296875 -1.3740234375 47:1.0 58:1.0 172:1.0 
-0.0029296875 -10.0 125:1.0 
-10.0 -10.0 
-10.0 -10.0 
-0.7529296875 -10.0 82:1.0 
-10.0 -10.0 
-0.7529296875 -1.3740234375 70:1.0 141:1.0 
-10.0 -10.0 
-10.0 -10.0 
-0.0029296875 -0.0 38:1.0 
-10.0 -10.0 
-10.0 -10.0 
-10.0 -10.0 
-10.0 -10.0 
-10.0 -1.3740234375 27:1.0 108:1.0 
-0.0029296875 -0.0 35:1.0 
-0.7529296875 -1.3740234375 17:1.0 97:1.0 178:1.0 180:1.0 
-10.0 -10.0 
-10.0 -10.0 
-10.0 -10.0 
-10.0 -10.0 
-0.0029296875 -0.0 153:1.0 
-10.0 -10.0 
-10.0 -10.0 
-10.0 -10.0 
-10.0 -10.0 
-10.0 -10.0 
-10.0 -10.0 
-10.0 -10.0 
-10.0 -10.0 
-10.0 -10.0 
-0.0029296875 -0.0 9:1.0 
-10.0 -10.0 
-10.0 -10.0 
-10.0 -10.0 85:1.0 
-10.0 -10.0 
-10.0 -10.0 
-10.0 -10.0 
-9.9951171875 -10.0 
-0.7529296875 -1.3740234375 49:1.0 115:1.0 
-0.7529296875 -10.0 152:1.0 
-10.0 -10.0 
-10.0 -10.0 
-10.0 -10.0 
-10.0 -10.0 
-10.0 -10.0 
-10.0 -10.0 
-10.0 -10.0 
-10.0 -10.0 
-0.75 -9.8740234375 92:1.0 
-0.7529296875 -1.3740234375 47:1.0 180:1.0 
-10.0 -10.0 
-10.0 -10.0 
-10.0 -10.0 
-10.0 -10.0 
-10.0 -10.0 
-0.7529296875 -1.3740234375 71:1.0 79:1.0 113:1.0 
-0.0029296875 -10.0 70:1.0 
-10.0 -10.0 
-0.75 -10.0 78:1.0 
-10.0 -10.0 
-10.0 -10.0 
-10.0 -10.0 
-10.0 -1.3740234375 105:1.0 
-10.0 -10.0 
-0.75 -9.8740234375 17:1.0 
-10.0 -10.0 
-10.0 -10.0 
-10.0 -10.0 
-0.7529296875 -1.3740234375 6:1.0 
-10.0 -10.0 
-10.0 -10.0 
-10.0 -10.0 
-10.0 -10.0 
-10.0 -10.0 
-10.0 -10.0 
-10.0 -10.0 
-10.0 -10.0 
-10.0 -10.0 
-10.0 -10.0 
-10.0 -10.0 
-10.0 -10.0 
-10.0 -10.0 
-10.0 -10.0 
-10.0 -10.0 
-10.0 -10.0 
-10.0 -10.0 
-0.7529296875 -1.3740234375 150:1.0 178:1.0 
-10.0 -10.0 
-10.0 -10.0 
-10.0 -10.0 
-0.7529296875 -1.3740234375 12:1.0 
-10.0 -10.0 
-10.0 -10.0 
-0.7529296875 -10.0 21:1.0 
-10.0 -10.0 
-10.0 -10.0 
-0.7529296875 -1.3740234375 19:1.0 88:1.0 
-0.0029296875 -10.0 178:1.0 
-10.0 -10.0 
-10.0 -10.0 
-10.0 -10.0 
-10.0 -10.0 
-10.0 -10.0 
-10.0 -10.0 
-10.0 -10.0 
-10.0 -10.0 
-10.0 -10.0 
-10.0 -10.0 
-10.0 -1.3740234375 87:1.0 
-10.0 -10.0 139:1.0 
-0.75 -9.8740234375 125:1.0 
-10.0 -10.0 
-0.75 -10.0 70:1.0 
-0.7529296875 -1.3740234375 30:1.0 41:1.0 123:1.0 160:1.0 199:1.0 211:1.0 
-0.7529296875 -1.3740234375 149:1.0 
-0.7529296875 -10.0 18:1.0 
-10.0 -10.0 
-10.0 -10.0 
-10.0 -10.0 
-10.0 -10.0 
-10.0 -10.0 
-0.75 -9.8740234375 126:1.0 
-0.7529296875 -10.0 20:1.0 185:1.0 
-10.0 -10.0 
-0.7529296875 -1.3740234375 129:1.0 
-10.0 -10.0 
-10.0 -10.0 
-10.0 -10.0 
-10.0 -10.0 
-0.75 -1.3740234375 98:1.0 
-10.0 -10.0 
-0.7529296875 -10.0 78:1.0 98:1.0 
-0.7529296875 -10.0 57:1.0 
-10.0 -10.0 
-10.0 -10.0 
-10.0 -10.0 
-10.0 -10.0 
-10.0 -10.0 
-10.0 -10.0 
-10.0 -10.0 
-10.0 -10.0 
-10.0 -10.0 
-10.0 -10.0 
-10.0 -10.0 
-0.0029296875 -1.5 37:1.0 
-10.0 -10.0 
-10.0 -10.0 
-0.75 -1.3740234375 34:1.0 76:1.0 193:1.0 
-10.0 -10.0 
-10.0 -10.0 
-10.0 -10.0 
-10.0 -10.0 
-10.0 -1.3740234375 164:1.0 
-0.75 -10.0 179:1.0 186:1.0 196:1.0 
-10.0 -10.0 
-10.0 -10.0 
-10.0 -10.0 
-10.0 -10.0 
-10.0 -10.0 
-10.0 -10.0 
-10.0 -10.0 
-0.75 -10.0 124:1.0 
-0.7529296875 -1.3740234375 87:1.0 100:1.0 174:1.0 
-10.0 -10.0 
-10.0 -10.0 60:1.0 
-10.0 -10.0 
-0.7529296875 -10.0 13:1.0 
-0.7529296875 -1.3740234375 30:1.0 33:1.0 
-10.0 -10.0 
-0.7529296875 -1.3740234375 87:1.0 152:1.0 
-0.75 -10.0 142:1.0 
-10.0 -10.0 
-10.0 -9.8740234375 78:1.0 
-10.0 -10.0 
-10.0 -10.0 
-10.0 -10.0 
-0.7529296875 -1.3740234375 106:1.0 
-10.0 -10.0 
-10.0 -10.0 
-10.0 -10.0 
-10.0 -10.0 
-10.0 -10.0 
-0.7529296875 -1.3740234375 76:1.0 177:1.0 
-0.7529296875 -10.0 163:1.0 
-10.0 -10.0 
-10.0 -10.0 
-10.0 -10.0 
-10.0 -10.0 
-10.0 -10.0 
-10.0 -10.0 
-10.0 -10.0 
-10.0 -10.0 
-10.0 -10.0 
-10.0 -10.0 
-10.0 -10.0 
-0.7529296875 -1.3740234375 10:1.0 147:1.0 182:1.0 
-10.0 -10.0 
-10.0 -10.0 
-0.0029296875 -0.0 98:1.0 114:1.0 
-10.0 -10.0 
-0.0029296875 -10.0 109:1.0 
-0.7529296875 -10.0 63:1.0 140:1.0 151:1.0 
-10.0 -10.0 
-10.0 -10.0 
-10.0 -10.0 
-10.0 -10.0 
-10.0 -10.0 
-10.0 -10.0 
-10.0 -10.0 
-0.0029296875 -0.0 61:1.0 
-10.0 -10.0 
-10.0 -10.0 
-10.0 -10.0 
-10.0 -10.0 
-10.0 -10.0 
-1.0 -0.0 119:1.0 
-0.7529296875 -1.3740234375 111:1.0 116:1.0 
-10.0 -10.0 
-10.0 -10.0 
-10.0 -10.0 
-10.0 -10.0 
-10.0 -10.0 
-10.0 -10.0 
-10.0 -10.0 
-10.0 -10.0 
-0.7529296875 -1.3740234375 16:1.0 177:1.0 
-10.0 -10.0 
-0.7529296875 -10.0 115:1.0 
-10.0 -10.0 
-10.0 -10.0 
-10.0 -10.0 
-10.0 -10.0 124:1.0 
-10.0 -10.0 
-10.0 -10.0 
-10.0 -10.0 
-10.0 -10.0 
-10.0 -10.0 
-10.0 -10.0 
-0.7529296875 -1.3740234375 40:1.0 106:1.0 
-0.7529296875 -10.0 112:1.0 
-10.0 -10.0 
-9.75 -1.3740234375 119:1.0 
-10.0 -10.0 
-10.0 -10.0 
-10.0 -10.0 
-10.0 -10.0 
-10.0 -10.0 
-10.0 -10.0 
-10.0 -10.0 
-10.0 -10.0 
-0.0 -1.5 38:1.0 
-10.0 -10.0 
-0.7529296875 -10.0 158:1.0 
-10.0 -10.0 
-10.0 -10.0 
-10.0 -10.0 23:1.0 
-10.0 -10.0 
-0.7529296875 -10.0 180:1.0 
-10.0 -10.0 
-0.0 -1.5 41:1.0 160:1.0 211:1.0 
-10.0 -10.0 
-10.0 -10.0 
-10.0 -10.0 
-0.75 -9.8740234375 41:1.0 160:1.0 211:1.0 
-10.0 -10.0 
-10.0 -9.8740234375 124:1.0 
-10.0 -10.0 
-10.0 -10.0 
-10.0 -10.0 121:1.0 
-10.0 -10.0 
-10.0 -10.0 
-10.0 -10.0 
-10.0 -10.0 
-0.0029296875 -10.0 90:1.0 
-10.0 -10.0 
-10.0 -10.0 
-10.0 -10.0 
-10.0 -10.0 
-10.0 -10.0 
-10.0 -10.0 
-10.0 -10.0 
-10.0 -10.0 
-10.0 -10.0 
-10.0 -10.0 
-0.75 -10.0 68:1.0 
-10.0 -10.0 
-10.0 -10.0 
-10.0 -10.0 
-0.751953125 -1.3740234375 46:1.0 131:1.0 
-10.0 -10.0 
-0.75 -9.8740234375 38:1.0 
-10.0 -10.0 
-0.751953125 -1.3740234375 42:1.0 158:1.0 
-10.0 -10.0 
-0.75 -1.3740234375 61:1.0 
-10.0 -10.0 
-10.0 -10.0 
-10.0 -10.0 
-0.751953125 -10.0 113:1.0 
-10.0 -1.3740234375 27:1.0 
-10.0 -10.0 
-10.0 -10.0 
-10.0 -10.0 
-10.0 -10.0 
-10.0 -10.0 
-0.75 -10.0 178:1.0 
-10.0 -1.3740234375 34:1.0 76:1.0 94:1.0 148:1.0 167:1.0 193:1.0 197:1.0 204:1.0 207:1.0 218:1.0 220:1.0 
-10.0 -10.0 
-0.751953125 -1.3740234375 65:1.0 104:1.0 116:1.0 151:1.0 
-10.0 -10.0 
-10.0 -10.0 
-10.0 -10.0 
-10.0 -10.0 
-10.0 -10.0 
-10.0 -10.0 133:1.0 
-10.0 -10.0 
-0.751953125 -1.3740234375 8:1.0 182:1.0 
-10.0 -10.0 
-10.0 -10.0 
-0.751953125 -10.0 5:1.0 74:1.0 75:1.0 81:1.0 192:1.0 198:1.0 201:1.0 216:1.0 217:1.0 
-10.0 -10.0 
-10.0 -10.0 
-10.0 -10.0 
-10.0 -10.0 
-10.0 -10.0 
-10.0 -10.0 
-10.0 -10.0 
-10.0 -10.0 
-10.0 -10.0 
-10.0 -10.0 
-10.0 -10.0 
-10.0 -10.0 
-10.0 -10.0 145:1.0 
-10.0 -10.0 
-10.0 -10.0 
-10.0 -10.0 
-10.0 -10.0 
-10.0 -10.0 
-10.0 -10.0 
-0.751953125 -10.0 136:1.0 
-0.75 -9.8740234375 37:1.0 
-10.0 -10.0 
-10.0 -10.0 
-10.0 -10.0 
-10.0 -10.0 
-10.0 -10.0 
-10.0 -10.0 
-0.75 -1.3740234375 111:1.0 
-10.0 -10.0 
-10.0 -10.0 
-10.0 -10.0 
-10.0 -10.0 
-10.0 -10.0 
-10.0 -10.0 
-0.751953125 -1.3740234375 190:1.0 
-10.0 -10.0 
-10.0 -10.0 
-0.75 -1.3740234375 173:1.0 
-10.0 -10.0 
-10.0 -10.0 
-10.0 -10.0 
-0.751953125 -10.0 89:1.0 
-10.0 -10.0 
-0.751953125 -10.0 184:1.0 
-10.0 -10.0 70:1.0 
-10.0 -10.0 
-10.0 -10.0 
-10.0 -10.0 
-10.0 -10.0 
-10.0 -10.0 
-10.0 -10.0 
-10.0 -10.0 
-10.0 -10.0 
-10.0 -10.0 
-0.75 -10.0 72:1.0 
-0.751953125 -1.3740234375 43:1.0 99:1.0 
-10.0 -10.0 32:1.0 
-10.0 -10.0 
-0.751953125 -1.3740234375 85:1.0 116:1.0 
-10.0 -10.0 
-10.0 -10.0 
-10.0 -10.0 
-10.0 -10.0 
-10.0 -10.0 
-10.0 -10.0 
-10.0 -10.0 23:1.0 
-10.0 -10.0 118:1.0 
-10.0 -10.0 
-10.0 -10.0 
-10.0 -1.3740234375 31:1.0 
-10.0 -10.0 
-0.75 -1.3740234375 98:1.0 114:1.0 
-10.0 -10.0 
-10.0 -10.0 
-10.0 -10.0 
-10.0 -10.0 23:1.0 
-10.0 -10.0 
-10.0 -10.0 
-10.0 -10.0 
-10.0 -10.0 
-10.0 -10.0 
-10.0 -10.0 
-10.0 -10.0 
-10.0 -10.0 
-10.0 -10.0 
-0.751953125 -10.0 10:1.0 
-10.0 -10.0 
-10.0 -10.0 
-10.0 -10.0 
-10.0 -10.0 
-10.0 -10.0 
-10.0 -10.0 
-10.0 -10.0 
-0.751953125 -10.0 4:1.0 
-10.0 -10.0 
-0.75 -10.0 109:1.0 
-10.0 -10.0 
-0.75 -10.0 96:1.0 
-10.0 -10.0 
-0.75 -10.0 90:1.0 
-0.751953125 -10.0 95:1.0 
-10.0 -10.0 
-0.751953125 -10.0 131:1.0 
-10.0 -10.0 
-10.0 -10.0 
-10.0 -10.0 
-10.0 -10.0 
-10.0 -10.0 
-10.0 -10.0 
-10.0 -10.0 
-10.0 -1.3740234375 71:1.0 
-10.0 -10.0 25:1.0 
-10.0 -10.0 
-10.0 -10.0 
-10.0 -1.3740234375 182:1.0 
-10.0 -10.0 
-10.0 -10.0 
-0.751953125 -1.3740234375 3:1.0 120:1.0 
-10.0 -10.0 
-0.0 -1.5 153:1.0 
-0.75 -9.8740234375 153:1.0 
-10.0 -10.0 
-10.0 -10.0 
-10.0 -10.0 
-0.75 -1.3740234375 9:1.0 
-10.0 -10.0 
-10.0 -10.0 
-10.0 -10.0 
-10.0 -10.0 
-10.0 -10.0 
-10.0 -10.0 
-0.751953125 -10.0 62:1.0 
-10.0 -10.0 
-10.0 -10.0 
-10.0 -10.0 
-10.0 -10.0 
-10.0 -10.0 
-10.0 -10.0 
-10.0 -10.0 
-10.0 -10.0 
-10.0 -10.0 
-10.0 -9.8740234375 142:1.0 
-10.0 -10.0 
-10.0 -10.0 
-10.0 -10.0 
-10.0 -10.0 
-10.0 -10.0 
-0.75 -1.3740234375 35:1.0 
-9.75 -10.0 
