svm_type c_svc
kernel_type rbf
gamma 0.01
nr_class 3
total_sv 1978
rho 0.3403041128820293 0.12151948733177673 -0.5896338233120308
label 2 0 1
nr_sv 516 780 682
SV
1.0 1.0 
1.0 1.0 
1.0 1.0 
1.0 1.0 76:1.0 94:1.0 167:1.0 181:1.0 197:1.0 207:1.0 220:1.0 
1.0 1.0 
1.0 1.0 100:1.0 142:1.0 
1.0 1.0 
1.0 1.0 
1.0 1.0 
1.0 1.0 
1.0 1.0 
1.0 1.0 
1.0 1.0 
1.0 1.0 
1.0 1.0 
1.0 1.0 42:1.0 164:1.0 168:1.0 
1.0 1.0 138:1.0 
1.0 1.0 
1.0 1.0 
1.0 1.0 
1.0 1.0 
1.0 1.0 
1.0 1.0 32:1.0 
1.0 1.0 
1.0 1.0 
1.0 1.0 60:1.0 
1.0 1.0 
1.0 1.0 
1.0 1.0 103:1.0 
1.0 1.0 
1.0 1.0 
1.0 1.0 
1.0 1.0 
1.0 1.0 
1.0 1.0 
1.0 1.0 71:1.0 
1.0 1.0 
1.0 1.0 
1.0 1.0 
1.0 1.0 
1.0 1.0 12:1.0 28:1.0 73:1.0 
1.0 1.0 
1.0 1.0 76:1.0 94:1.0 167:1.0 181:1.0 197:1.0 207:1.0 220:1.0 
1.0 1.0 
1.0 1.0 
1.0 1.0 
1.0 1.0 7:1.0 
1.0 1.0 
1.0 1.0 
1.0 1.0 
1.0 1.0 
1.0 1.0 
1.0 1.0 100:1.0 
1.0 1.0 
1.0 1.0 
1.0 1.0 
1.0 1.0 50:1.0 
1.0 1.0 
1.0 1.0 
1.0 1.0 
1.0 1.0 133:1.0 
1.0 1.0 
1.0 1.0 
1.0 1.0 
1.0 1.0 
1.0 1.0 114:1.0 
1.0 1.0 16:1.0 
1.0 1.0 142:1.0 
1.0 1.0 
1.0 1.0 
1.0 1.0 34:1.0 76:1.0 94:1.0 148:1.0 167:1.0 193:1.0 197:1.0 204:1.0 207:1.0 218:1.0 220:1.0 
1.0 1.0 14:1.0 181:1.0 
1.0 1.0 
1.0 1.0 
1.0 1.0 
1.0 1.0 14:1.0 
1.0 1.0 
1.0 1.0 11:1.0 
1.0 1.0 
1.0 1.0 
1.0 1.0 
1.0 1.0 
1.0 1.0 
1.0 1.0 
1.0 1.0 
1.0 1.0 
1.0 1.0 
1.0 1.0 
1.0 1.0 
1.0 1.0 
1.0 1.0 114:1.0 164:1.0 
1.0 1.0 174:1.0 
1.0 1.0 34:1.0 76:1.0 94:1.0 148:1.0 167:1.0 193:1.0 197:1.0 204:1.0 207:1.0 218:1.0 220:1.0 
1.0 1.0 
1.0 1.0 174:1.0 
1.0 1.0 
1.0 1.0 
1.0 1.0 12:1.0 147:1.0 
1.0 1.0 
1.0 1.0 
1.0 1.0 
1.0 1.0 
1.0 1.0 
1.0 1.0 114:1.0 
1.0 1.0 
1.0 1.0 
1.0 1.0 
1.0 1.0 133:1.0 
1.0 1.0 
1.0 1.0 
1.0 1.0 
1.0 1.0 
1.0 1.0 
1.0 1.0 
1.0 1.0 
1.0 1.0 55:1.0 
1.0 1.0 94:1.0 
1.0 1.0 
1.0 1.0 
1.0 1.0 
1.0 1.0 
1.0 1.0 181:1.0 
1.0 1.0 
1.0 1.0 
1.0 1.0 
1.0 1.0 1:1.0 84:1.0 
1.0 1.0 
1.0 1.0 
1.0 1.0 
1.0 1.0 
1.0 1.0 
1.0 1.0 
1.0 1.0 59:1.0 
1.0 1.0 
1.0 1.0 
1.0 1.0 
1.0 1.0 
1.0 1.0 
1.0 1.0 
1.0 1.0 
1.0 1.0 
1.0 1.0 
1.0 1.0 128:1.0 137:1.0 154:1.0 194:1.0 202:1.0 221:1.0 
1.0 1.0 139:1.0 
1.0 1.0 
1.0 1.0 
1.0 1.0 
1.0 1.0 
1.0 1.0 
1.0 1.0 
1.0 1.0 
1.0 1.0 
1.0 1.0 
1.0 1.0 
1.0 1.0 99:1.0 164:1.0 
1.0 1.0 
1.0 1.0 
1.0 1.0 
1.0 1.0 
1.0 1.0 4:1.0 6:1.0 
1.0 1.0 124:1.0 
1.0 1.0 4:1.0 6:1.0 85:1.0 
1.0 1.0 87:1.0 
1.0 1.0 
1.0 1.0 14:1.0 
1.0 1.0 
1.0 1.0 121:1.0 
1.0 1.0 27:1.0 108:1.0 
1.0 1.0 170:1.0 
1.0 1.0 87:1.0 
1.0 1.0 47:1.0 124:1.0 
1.0 1.0 
1.0 1.0 
1.0 1.0 78:1.0 
1.0 1.0 
1.0 1.0 53:1.0 64:1.0 172:1.0 
1.0 1.0 32:1.0 
1.0 1.0 
1.0 1.0 
1.0 1.0 
1.0 1.0 
1.0 1.0 40:1.0 
1.0 1.0 
1.0 1.0 
1.0 1.0 
1.0 1.0 
1.0 1.0 23:1.0 76:1.0 167:1.0 197:1.0 
1.0 1.0 
1.0 1.0 
1.0 1.0 
1.0 1.0 
1.0 1.0 
1.0 1.0 
1.0 1.0 
1.0 1.0 
1.0 1.0 
1.0 1.0 58:1.0 
1.0 1.0 
1.0 1.0 
1.0 1.0 
1.0 1.0 
1.0 1.0 23:1.0 
1.0 1.0 
1.0 1.0 
1.0 1.0 
1.0 1.0 
1.0 1.0 
1.0 1.0 
1.0 1.0 
1.0 1.0 
1.0 1.0 164:1.0 
1.0 1.0 168:1.0 
1.0 1.0 
1.0 1.0 76:1.0 
1.0 1.0 
1.0 1.0 114:1.0 
1.0 1.0 
1.0 1.0 
1.0 1.0 25:1.0 
1.0 1.0 
1.0 1.0 23:1.0 
1.0 1.0 
1.0 1.0 
1.0 1.0 100:1.0 
1.0 1.0 
1.0 1.0 166:1.0 
1.0 1.0 
1.0 1.0 108:1.0 
1.0 1.0 
1.0 1.0 79:1.0 
1.0 1.0 
1.0 1.0 
1.0 1.0 134:1.0 190:1.0 
1.0 1.0 
1.0 1.0 
1.0 1.0 58:1.0 
1.0 1.0 16:1.0 
1.0 1.0 
1.0 1.0 94:1.0 147:1.0 148:1.0 189:1.0 204:1.0 
1.0 1.0 
1.0 1.0 
1.0 1.0 12:1.0 28:1.0 73:1.0 94:1.0 189:1.0 
1.0 1.0 70:1.0 79:1.0 
1.0 1.0 
1.0 1.0 
1.0 1.0 
1.0 1.0 67:1.0 76:1.0 
1.0 1.0 
1.0 1.0 70:1.0 
1.0 1.0 166:1.0 
1.0 1.0 
1.0 1.0 
1.0 1.0 
1.0 1.0 
1.0 1.0 
1.0 1.0 124:1.0 
1.0 1.0 
1.0 1.0 
1.0 1.0 
1.0 1.0 
1.0 1.0 
1.0 1.0 128:1.0 137:1.0 154:1.0 194:1.0 202:1.0 221:1.0 
1.0 1.0 
1.0 1.0 147:1.0 
1.0 1.0 
1.0 1.0 
1.0 1.0 105:1.0 
1.0 1.0 
1.0 1.0 
1.0 1.0 
1.0 1.0 
1.0 1.0 55:1.0 
1.0 1.0 31:1.0 84:1.0 
1.0 1.0 
1.0 1.0 
1.0 1.0 31:1.0 
1.0 1.0 31:1.0 
1.0 1.0 
1.0 1.0 
1.0 1.0 
1.0 1.0 
1.0 1.0 
1.0 1.0 
1.0 1.0 
1.0 1.0 166:1.0 
1.0 1.0 
1.0 1.0 
1.0 1.0 
1.0 1.0 
1.0 1.0 84:1.0 165:1.0 
1.0 1.0 
1.0 1.0 
1.0 1.0 
1.0 1.0 
1.0 1.0 
1.0 1.0 
1.0 1.0 172:1.0 
1.0 1.0 166:1.0 
1.0 1.0 
1.0 1.0 
1.0 1.0 164:1.0 
1.0 1.0 
1.0 1.0 
1.0 1.0 
1.0 1.0 
1.0 1.0 
1.0 1.0 133:1.0 168:1.0 
1.0 1.0 
1.0 1.0 
1.0 1.0 
1.0 1.0 
1.0 1.0 24:1.0 
1.0 1.0 
1.0 1.0 
1.0 1.0 
1.0 1.0 
1.0 1.0 
1.0 1.0 
1.0 1.0 100:1.0 
1.0 1.0 
1.0 1.0 
1.0 1.0 84:1.0 127:1.0 
1.0 1.0 161:1.0 
1.0 1.0 
1.0 1.0 
1.0 1.0 
1.0 1.0 
1.0 1.0 
1.0 1.0 
1.0 1.0 
1.0 1.0 
1.0 1.0 19:1.0 
1.0 1.0 
1.0 1.0 170:1.0 
1.0 1.0 
1.0 1.0 
1.0 1.0 
1.0 1.0 
1.0 1.0 
1.0 1.0 
1.0 1.0 164:1.0 
1.0 1.0 
1.0 1.0 
1.0 1.0 
1.0 1.0 
1.0 1.0 
1.0 1.0 
1.0 1.0 
1.0 1.0 
1.0 1.0 
1.0 1.0 
1.0 1.0 
1.0 1.0 
1.0 1.0 
1.0 1.0 
1.0 1.0 
1.0 1.0 
1.0 1.0 
1.0 1.0 
1.0 1.0 
1.0 1.0 
1.0 1.0 
1.0 1.0 
1.0 1.0 
1.0 1.0 
1.0 1.0 73:1.0 
1.0 1.0 
1.0 1.0 
1.0 1.0 
1.0 1.0 40:1.0 
1.0 1.0 
1.0 1.0 
1.0 1.0 
1.0 1.0 
1.0 1.0 
1.0 1.0 
1.0 1.0 
1.0 1.0 
1.0 1.0 27:1.0 101:1.0 
1.0 1.0 
1.0 1.0 
1.0 1.0 
1.0 1.0 60:1.0 
1.0 1.0 
1.0 1.0 46:1.0 
1.0 1.0 
1.0 1.0 
1.0 1.0 
1.0 1.0 
1.0 1.0 
1.0 1.0 
1.0 1.0 
1.0 1.0 
1.0 1.0 
1.0 1.0 
1.0 1.0 1:1.0 101:1.0 
1.0 1.0 
1.0 1.0 
1.0 1.0 
1.0 1.0 
1.0 1.0 
1.0 1.0 
1.0 1.0 145:1.0 
1.0 1.0 
1.0 1.0 27:1.0 108:1.0 
1.0 1.0 
1.0 1.0 
1.0 1.0 
1.0 1.0 
1.0 1.0 119:1.0 
1.0 1.0 
1.0 1.0 
1.0 1.0 
1.0 1.0 
1.0 1.0 
1.0 1.0 
1.0 1.0 
1.0 1.0 
1.0 1.0 
1.0 1.0 
1.0 1.0 
1.0 1.0 
1.0 1.0 28:1.0 87:1.0 
1.0 1.0 
1.0 1.0 
1.0 1.0 
1.0 1.0 
1.0 1.0 
1.0 1.0 159:1.0 169:1.0 
1.0 1.0 
1.0 1.0 
1.0 1.0 
1.0 1.0 
1.0 1.0 
1.0 1.0 8:1.0 46:1.0 61:1.0 64:1.0 162:1.0 
1.0 1.0 27:1.0 
1.0 1.0 182:1.0 
1.0 1.0 
1.0 1.0 
1.0 1.0 
1.0 1.0 
1.0 1.0 22:1.0 46:1.0 64:1.0 
1.0 1.0 
1.0 1.0 
1.0 1.0 
1.0 1.0 
1.0 1.0 
1.0 1.0 
1.0 1.0 171:1.0 
1.0 1.0 
1.0 1.0 1:1.0 29:1.0 
1.0 1.0 
1.0 1.0 
1.0 1.0 141:1.0 
1.0 1.0 7:1.0 
1.0 1.0 85:1.0 
1.0 1.0 
1.0 1.0 
1.0 1.0 
1.0 1.0 128:1.0 137:1.0 154:1.0 194:1.0 202:1.0 221:1.0 
1.0 1.0 28:1.0 73:1.0 
1.0 1.0 
1.0 1.0 
1.0 1.0 
1.0 1.0 
1.0 1.0 
1.0 1.0 
1.0 1.0 
1.0 1.0 42:1.0 
1.0 1.0 7:1.0 
1.0 1.0 
1.0 1.0 1:1.0 101:1.0 
1.0 1.0 
1.0 1.0 
1.0 1.0 
1.0 1.0 
1.0 1.0 
1.0 1.0 
1.0 1.0 
1.0 1.0 
1.0 1.0 
1.0 1.0 
1.0 1.0 
1.0 1.0 
1.0 1.0 53:1.0 
1.0 1.0 
1.0 1.0 
1.0 1.0 
1.0 1.0 
1.0 1.0 100:1.0 
1.0 1.0 
1.0 1.0 
1.0 1.0 
1.0 1.0 164:1.0 
1.0 1.0 
1.0 1.0 
1.0 1.0 
1.0 1.0 67:1.0 94:1.0 124:1.0 148:1.0 167:1.0 187:1.0 204:1.0 207:1.0 218:1.0 
1.0 1.0 
1.0 1.0 100:1.0 
1.0 1.0 
1.0 1.0 
1.0 1.0 
1.0 1.0 
1.0 1.0 
1.0 1.0 40:1.0 
1.0 1.0 58:1.0 
1.0 1.0 
1.0 1.0 
1.0 1.0 
1.0 1.0 42:1.0 
1.0 1.0 
1.0 1.0 23:1.0 
1.0 1.0 76:1.0 167:1.0 197:1.0 
1.0 1.0 
1.0 1.0 118:1.0 
-0.08608437109662967 0.0 2:1.0 91:1.0 
-0.3726804893000359 0.24751287585299703 121:1.0 
-0.0 1.0 78:1.0 
-1.0 1.0 142:1.0 
-0.04149390807985265 0.09158543206141605 116:1.0 159:1.0 
-0.0 0.05574887602277128 85:1.0 
-0.0 0.1963555833532744 88:1.0 
-0.8043398876570176 0.7131509998427806 8:1.0 77:1.0 
-0.0 1.0 90:1.0 
-1.0 0.0 42:1.0 
-0.35780652562533144 0.0 127:1.0 
-1.0 1.0 4:1.0 
-0.04257943432997847 0.0 15:1.0 102:1.0 
-0.3153714068382867 0.21446186967667535 107:1.0 203:1.0 
-0.34819386298313243 1.0 11:1.0 
-0.2636280893663646 1.0 162:1.0 173:1.0 
-0.2941206962551144 1.0 88:1.0 
-0.0 0.2323671047170521 144:1.0 
-0.29909948116286805 1.0 78:1.0 98:1.0 
-0.0 1.0 113:1.0 
-0.30388531126340346 1.0 90:1.0 
-1.0 1.0 34:1.0 66:1.0 76:1.0 193:1.0 
-1.0 0.0 170:1.0 
-0.23632505579306612 0.21347111510796207 20:1.0 179:1.0 186:1.0 196:1.0 
-0.303628444135911 1.0 17:1.0 
-1.0 0.17368079227782024 85:1.0 94:1.0 147:1.0 189:1.0 
-0.4252008095021388 1.0 85:1.0 
-0.0 1.0 92:1.0 
-1.0 0.0 42:1.0 
-0.04823251680548818 0.24005150341198817 23:1.0 
-1.0 1.0 34:1.0 66:1.0 76:1.0 193:1.0 
-0.0 1.0 113:1.0 
-1.0 0.22606312093325823 181:1.0 
-1.0 0.2574006907412699 76:1.0 
-1.0 1.0 40:1.0 
-0.20192598622269164 1.0 185:1.0 
-0.0 1.0 38:1.0 
-1.0 1.0 23:1.0 
-0.0 0.24005150341198817 49:1.0 
-1.0 0.8795955599580688 14:1.0 43:1.0 67:1.0 
-0.0 0.20816138018892072 21:1.0 
-0.05921125662646224 1.0 93:1.0 
-0.0 0.47227072772551504 10:1.0 
-0.0807741788859469 0.0 65:1.0 179:1.0 
-0.3226476363917214 1.0 30:1.0 95:1.0 113:1.0 123:1.0 199:1.0 
-0.26999270402545505 0.0 101:1.0 165:1.0 
-1.0 1.0 100:1.0 
-0.1034689095485209 1.0 20:1.0 185:1.0 
-0.0 1.0 131:1.0 
-1.0 0.3958222085965379 16:1.0 
-0.3040453873272106 1.0 153:1.0 
-0.0 1.0 68:1.0 
-0.0 1.0 124:1.0 
-0.044892088982801795 0.5204632078559751 65:1.0 113:1.0 
-1.0 0.21674852825397023 7:1.0 128:1.0 137:1.0 154:1.0 194:1.0 202:1.0 221:1.0 
-0.0 1.0 125:1.0 
-0.0 1.0 78:1.0 
-0.14690004340386392 0.7942457643724498 36:1.0 180:1.0 
-0.0 0.20940563254280506 89:1.0 
-0.0 0.20417242945677477 15:1.0 178:1.0 
-1.0 0.0 67:1.0 
-0.0 1.0 38:1.0 99:1.0 149:1.0 
-0.26156921717869736 1.0 33:1.0 104:1.0 
-0.31059023616102965 0.21639910368548432 50:1.0 136:1.0 
-1.0 0.0 133:1.0 
-1.0 0.0 166:1.0 
-1.0 0.0 170:1.0 
-0.24939362209355748 0.15476623679160126 39:1.0 54:1.0 80:1.0 110:1.0 130:1.0 135:1.0 157:1.0 176:1.0 190:1.0 195:1.0 200:1.0 205:1.0 206:1.0 210:1.0 212:1.0 213:1.0 214:1.0 215:1.0 219:1.0 222:1.0 
-0.0 0.49025138995218775 10:1.0 122:1.0 126:1.0 
-0.13368195852325224 1.0 21:1.0 
-0.6581325257042814 0.4612285752918797 72:1.0 122:1.0 138:1.0 
-0.8738866249673048 1.0 25:1.0 
-0.0 0.0919496276985472 159:1.0 
-0.0 0.09381507733533076 
-0.0 1.0 
-0.34137923996591046 1.0 70:1.0 
-0.0 1.0 
-0.0 1.0 
-0.0 1.0 
-1.0 1.0 23:1.0 
-0.0 1.0 116:1.0 
-0.03782149329191905 0.23966019324817414 10:1.0 78:1.0 
-0.0 1.0 
-0.0 0.4455619748971461 82:1.0 113:1.0 
-0.12427267600832859 0.5630381145031855 63:1.0 140:1.0 151:1.0 
-0.0 1.0 
-0.0 1.0 
-1.0 0.22108012767209853 133:1.0 
-0.0 1.0 
-0.0 1.0 
-0.0 1.0 179:1.0 186:1.0 196:1.0 
-0.0 1.0 
-0.0 1.0 
-0.0 1.0 
-0.0 1.0 
-0.0 0.24007558449298788 3:1.0 
-0.0 1.0 
-0.9554249478358979 1.0 11:1.0 
-0.0 1.0 
-0.0 1.0 
-0.0 1.0 
-0.0 1.0 
-1.0 1.0 52:1.0 76:1.0 94:1.0 148:1.0 167:1.0 197:1.0 204:1.0 207:1.0 218:1.0 220:1.0 
-0.0 1.0 145:1.0 
-0.0 1.0 
-0.0 0.5063699421678444 152:1.0 178:1.0 
-0.0 1.0 
-0.0 1.0 
-0.0 1.0 
-0.0 1.0 
-0.0 1.0 
-0.0 1.0 
-0.0 1.0 
-1.0 0.7323078172962785 19:1.0 101:1.0 
-0.0 1.0 
-0.0 1.0 
-0.0 1.0 
-0.0 0.29317931101293043 62:1.0 
-0.0 1.0 
-0.06428133277937939 1.0 150:1.0 173:1.0 
-0.0 0.29780753639944757 57:1.0 
-0.0 1.0 
-0.0 1.0 
-0.0 1.0 
-0.0 1.0 
-0.0 1.0 
-0.0 1.0 
-0.0 1.0 
-0.0 1.0 
-0.0 1.0 
-0.0 1.0 
-0.0 1.0 
-0.0 1.0 
-0.0 1.0 
-0.0 1.0 
-0.0 1.0 
-0.0 1.0 
-0.059529543363767645 0.0 39:1.0 54:1.0 80:1.0 110:1.0 135:1.0 157:1.0 176:1.0 190:1.0 200:1.0 210:1.0 212:1.0 214:1.0 
-0.0 1.0 158:1.0 
-0.0 1.0 
-0.0 1.0 
-0.06616413255364226 0.13880279633135828 132:1.0 
-0.27093792311154286 0.7286281524638972 149:1.0 155:1.0 
-0.32395692643284785 0.0 29:1.0 
-0.0 1.0 
-0.0 1.0 
-0.332873891700496 0.2618192354901221 118:1.0 
-0.0 1.0 
-0.0 1.0 
-0.0 1.0 
-0.0 1.0 
-0.0 1.0 
-0.0 1.0 
-0.0 1.0 96:1.0 
-0.0 1.0 
-0.0 1.0 102:1.0 
-0.0 1.0 
-0.0 1.0 
-0.0 1.0 
-0.299183115648303 0.9766632745874388 3:1.0 
-0.0 1.0 
-0.0 1.0 
-0.0 1.0 
-0.0 1.0 
-0.0 1.0 
-0.02046733162416392 1.0 101:1.0 116:1.0 135:1.0 173:1.0 
-0.0 1.0 
-0.0 1.0 
-0.0 1.0 
-0.0 1.0 
-0.0 1.0 
-0.0 1.0 
-0.0 1.0 109:1.0 
-0.0 1.0 
-0.0 1.0 
-0.30404538732720837 1.0 96:1.0 
-0.0 1.0 
-0.0 1.0 
-0.27108110620057835 0.08009176197791137 45:1.0 56:1.0 63:1.0 97:1.0 132:1.0 208:1.0 
-0.0 1.0 
-0.0 1.0 
-0.0 1.0 
-0.0 1.0 
-0.0 1.0 
-0.0 1.0 
-0.3038853112633984 1.0 142:1.0 
-1.0 1.0 
-1.0 1.0 
-1.0 1.0 
-1.0 1.0 
-1.0 1.0 
-1.0 1.0 
-1.0 1.0 
-0.31713465026776766 0.2170277536509891 26:1.0 55:1.0 
-1.0 1.0 
-1.0 1.0 
-1.0 1.0 
-1.0 0.23078963684967624 99:1.0 
-0.0 0.231577699056222 68:1.0 
-1.0 1.0 
-1.0 1.0 
-1.0 1.0 
-1.0 1.0 70:1.0 
-1.0 1.0 
-1.0 1.0 
-1.0 1.0 
-1.0 1.0 
-1.0 1.0 
-0.12188167625401777 0.9761360276432203 144:1.0 
-0.9701228561644948 1.0 42:1.0 
-1.0 1.0 
-1.0 1.0 
-1.0 1.0 
-1.0 1.0 
-1.0 0.0 101:1.0 
-0.15955878798617368 0.8071428550557694 175:1.0 180:1.0 
-1.0 1.0 
-1.0 1.0 
-1.0 1.0 
-1.0 1.0 
-1.0 1.0 
-1.0 1.0 
-0.17646246301900417 0.0 21:1.0 175:1.0 
-1.0 1.0 
-1.0 1.0 
-1.0 1.0 23:1.0 
-1.0 1.0 
-0.31543646645386886 0.7244608518227236 125:1.0 170:1.0 
-1.0 1.0 
-1.0 1.0 145:1.0 
-1.0 1.0 
-1.0 1.0 
-1.0 1.0 
-1.0 1.0 
-1.0 1.0 168:1.0 
-1.0 1.0 
-1.0 1.0 
-0.5417914273522383 1.0 16:1.0 
-0.3091129310854246 1.0 126:1.0 
-1.0 1.0 
-0.0 0.6056272773089678 151:1.0 
-1.0 1.0 
-1.0 1.0 
-1.0 1.0 
-1.0 1.0 
-0.0 1.0 177:1.0 
-1.0 1.0 
-1.0 1.0 
-1.0 1.0 
-1.0 1.0 
-1.0 1.0 
-1.0 1.0 
-1.0 1.0 
-1.0 1.0 
-1.0 1.0 
-1.0 1.0 
-1.0 1.0 
-1.0 1.0 
-1.0 1.0 
-1.0 1.0 
-1.0 1.0 
-0.0 1.0 49:1.0 
-1.0 1.0 
-1.0 1.0 
-1.0 1.0 
-1.0 1.0 
-1.0 1.0 
-1.0 1.0 
-1.0 1.0 
-1.0 1.0 
-1.0 1.0 
-1.0 1.0 
-1.0 1.0 
-1.0 1.0 
-0.0 0.24648802452046237 18:1.0 
-1.0 1.0 
-1.0 1.0 
-1.0 1.0 
-1.0 1.0 
-1.0 1.0 
-1.0 1.0 
-0.0 0.26769218270372147 191:1.0 
-1.0 1.0 
-0.18360073442061398 0.6500944617980402 140:1.0 
-1.0 1.0 
-1.0 1.0 
-0.27131206201475155 1.0 159:1.0 
-1.0 1.0 
-1.0 1.0 
-0.0 0.9381329829645472 178:1.0 
-1.0 1.0 
-1.0 1.0 
-1.0 1.0 
-1.0 1.0 38:1.0 79:1.0 
-1.0 1.0 
-1.0 1.0 
-1.0 1.0 
-0.0 1.0 5:1.0 74:1.0 75:1.0 81:1.0 192:1.0 198:1.0 201:1.0 216:1.0 217:1.0 
-1.0 1.0 
-1.0 1.0 
-1.0 1.0 
-0.30372426863568164 0.23069500273704305 83:1.0 
-1.0 1.0 
-1.0 1.0 
-1.0 1.0 
-0.0 0.2755391481772765 48:1.0 
-0.0 1.0 152:1.0 
-1.0 1.0 
-1.0 1.0 
-1.0 1.0 
-1.0 1.0 
-1.0 1.0 
-1.0 1.0 
-1.0 1.0 
-1.0 0.7240074898656792 6:1.0 51:1.0 
-1.0 1.0 
-1.0 1.0 
-0.34303767717377387 0.0 171:1.0 
-1.0 1.0 
-1.0 1.0 
-0.3397883490289899 0.0 134:1.0 
-1.0 1.0 
-0.9839041499230298 0.0 124:1.0 165:1.0 
-1.0 1.0 
-1.0 1.0 
-1.0 1.0 
-0.06998672413633138 0.0 45:1.0 56:1.0 151:1.0 208:1.0 
-1.0 1.0 
-0.29758784185472986 0.9278025487713351 57:1.0 
-1.0 1.0 
-0.24815688972885241 0.0 23:1.0 82:1.0 183:1.0 
-1.0 1.0 
-1.0 1.0 
-1.0 1.0 
-0.0 1.0 47:1.0 
-0.11964483656901635 1.0 151:1.0 
-1.0 1.0 
-0.3065652331547838 1.0 47:1.0 55:1.0 
-1.0 1.0 
-1.0 1.0 
-1.0 1.0 
-0.3259420740594722 1.0 68:1.0 141:1.0 
-0.9524667858482936 1.0 70:1.0 
-0.0 0.803277230437236 44:1.0 129:1.0 
-0.0 1.0 37:1.0 
-1.0 1.0 
-1.0 1.0 
-0.9541742310406403 0.2260631209332666 171:1.0 
-1.0 1.0 
-1.0 1.0 
-0.7193459816236144 0.0 66:1.0 76:1.0 
-1.0 1.0 
-0.0 1.0 47:1.0 
-1.0 1.0 
-0.2248276402643691 1.0 44:1.0 
-1.0 1.0 
-0.896628074722842 1.0 85:1.0 
-1.0 1.0 
-1.0 1.0 
-1.0 1.0 
-0.0 1.0 136:1.0 
-1.0 1.0 61:1.0 172:1.0 
-1.0 1.0 
-1.0 1.0 
-1.0 1.0 
-0.0 0.24007558449298788 146:1.0 
-1.0 1.0 
-1.0 1.0 
-0.0 0.2825464971586149 184:1.0 
-1.0 1.0 
-1.0 1.0 
-1.0 1.0 
-1.0 1.0 
-1.0 1.0 
-1.0 1.0 
-1.0 1.0 
-1.0 1.0 
-1.0 1.0 
-0.30379452240221666 0.7082130874910032 152:1.0 
-0.0 0.2802481225183326 120:1.0 
-0.0 1.0 120:1.0 
-1.0 1.0 
-0.30372426863567886 0.23060317558023066 188:1.0 
-1.0 1.0 
-1.0 1.0 
-1.0 1.0 
-1.0 1.0 
-0.7889351698946812 0.8208055486293755 16:1.0 129:1.0 187:1.0 
-1.0 1.0 
-1.0 1.0 
-1.0 1.0 
-0.30796024611253253 0.23289357160753021 143:1.0 
-0.14970042606417233 1.0 124:1.0 
-1.0 1.0 
-1.0 1.0 
-1.0 1.0 133:1.0 
-1.0 1.0 
-1.0 1.0 
-1.0 1.0 
-1.0 1.0 
-1.0 1.0 
-1.0 1.0 
-1.0 1.0 
-1.0 1.0 
-1.0 1.0 
-1.0 1.0 
-0.3453728084181891 0.21282139382166937 25:1.0 42:1.0 
-0.010636296890183174 0.5257761363465282 30:1.0 123:1.0 199:1.0 
-1.0 1.0 
-0.32120226470949126 1.0 92:1.0 109:1.0 
-0.30353001834273285 1.0 131:1.0 
-1.0 1.0 
-1.0 1.0 
-1.0 1.0 
-1.0 1.0 
-0.32989542718827064 0.2146209581483974 59:1.0 145:1.0 
-1.0 1.0 
-1.0 1.0 
-1.0 1.0 
-0.0 0.6162716478532533 45:1.0 56:1.0 63:1.0 97:1.0 208:1.0 
-1.0 0.0 55:1.0 
-1.0 1.0 
-0.2485695225519089 0.21609568147746708 2:1.0 93:1.0 
-1.0 1.0 
-0.9735174060321277 0.2296081011582163 29:1.0 
-1.0 1.0 
-1.0 1.0 124:1.0 
-1.0 1.0 
-1.0 1.0 
-1.0 1.0 
-1.0 1.0 
-0.3264269363533673 1.0 112:1.0 115:1.0 
-1.0 1.0 
-1.0 1.0 
-0.27012368475452053 1.0 10:1.0 
-1.0 1.0 
-1.0 1.0 
-0.3033880873792072 1.0 89:1.0 
-1.0 1.0 
-1.0 1.0 
-1.0 1.0 
-1.0 1.0 
-1.0 1.0 
-1.0 1.0 
-0.30361881081903214 1.0 13:1.0 
-1.0 1.0 
-1.0 1.0 
-1.0 1.0 
-0.36092741538929285 0.0 169:1.0 
-1.0 1.0 
-1.0 1.0 
-1.0 1.0 
-1.0 1.0 
-1.0 1.0 
-1.0 1.0 
-1.0 1.0 
-1.0 1.0 
-0.3035300183427265 0.9511559157829186 184:1.0 
-1.0 1.0 
-1.0 1.0 
-1.0 1.0 
-0.33442147573881414 0.0 32:1.0 
-0.0 1.0 30:1.0 
-1.0 1.0 
-1.0 1.0 
-1.0 1.0 
-1.0 1.0 
-1.0 1.0 
-1.0 1.0 
-1.0 1.0 
-1.0 1.0 
-1.0 1.0 
-1.0 1.0 
-1.0 1.0 
-1.0 1.0 
-0.0 1.0 82:1.0 126:1.0 
-1.0 1.0 
-1.0 1.0 
-1.0 1.0 
-1.0 1.0 
-1.0 1.0 
-1.0 1.0 
-1.0 1.0 
-1.0 1.0 
-1.0 1.0 
-0.0 0.2346403393219439 112:1.0 
-1.0 1.0 
-1.0 1.0 
-1.0 1.0 
-1.0 1.0 
-1.0 1.0 
-1.0 1.0 
-1.0 1.0 
-1.0 1.0 
-1.0 1.0 105:1.0 124:1.0 
-1.0 1.0 
-1.0 1.0 
-1.0 1.0 
-1.0 1.0 
-1.0 1.0 
-1.0 1.0 
-1.0 1.0 
-1.0 1.0 
-1.0 1.0 
-1.0 1.0 
-1.0 1.0 
-1.0 1.0 
-1.0 1.0 
-1.0 1.0 
-1.0 1.0 
-1.0 0.3231074306364571 32:1.0 
-1.0 1.0 
-1.0 1.0 
-1.0 1.0 
-1.0 1.0 
-0.9328043658721725 0.22178471389692422 169:1.0 
-1.0 1.0 
-1.0 1.0 
-0.0 1.0 43:1.0 
-0.0638260643416767 1.0 179:1.0 186:1.0 196:1.0 
-0.0 0.0456826401184504 159:1.0 178:1.0 
-1.0 1.0 
-1.0 1.0 
-0.0 0.2880711374844154 86:1.0 
-1.0 1.0 
-0.9538915985189061 0.22236243985934237 134:1.0 
-1.0 1.0 
-0.0 1.0 72:1.0 
-0.08753306704706837 0.20282974863777203 116:1.0 165:1.0 
-0.0 1.0 125:1.0 
-1.0 1.0 
-0.3083888853310078 0.9564045910029363 48:1.0 
-1.0 1.0 
-1.0 1.0 
-1.0 1.0 
-1.0 1.0 
-0.3941160068018736 0.2425386275589911 103:1.0 
-0.1523755203777417 0.25182210374068187 39:1.0 54:1.0 80:1.0 176:1.0 190:1.0 210:1.0 
-0.18915100483242103 0.9322198455704286 120:1.0 
-0.0 1.0 26:1.0 
-0.08453262273895251 0.0 44:1.0 155:1.0 
-0.18609453392362302 0.0 36:1.0 37:1.0 144:1.0 
-1.0 1.0 
-0.306781110691368 0.2202722515416281 24:1.0 
-1.0 1.0 
-0.9698531135338796 0.9025026545343471 32:1.0 
-1.0 1.0 
-1.0 1.0 
-1.0 0.531178910256666 147:1.0 189:1.0 
-1.0 1.0 
-0.17053455381908475 0.9305821948414146 37:1.0 65:1.0 116:1.0 
-1.0 0.13985885067131745 22:1.0 141:1.0 
-1.0 1.0 
-1.0 1.0 
-1.0 1.0 
-0.0 1.0 180:1.0 
-1.0 1.0 
-1.0 1.0 
-1.0 1.0 
-1.0 1.0 
-0.0 1.0 163:1.0 
-1.0 1.0 
-1.0 1.0 
-0.9263656740417692 0.22593661788862532 127:1.0 
-1.0 1.0 
-1.0 1.0 
-1.0 1.0 
-1.0 1.0 
-0.3054127283239518 0.9181859471345739 86:1.0 
-1.0 1.0 
-1.0 1.0 
-0.0 0.235992455506969 109:1.0 
-1.0 1.0 
-0.6995353216463529 0.0 55:1.0 
-1.0 1.0 
-1.0 1.0 139:1.0 
-1.0 1.0 
-1.0 1.0 
-1.0 1.0 
-1.0 1.0 
-1.0 1.0 
-1.0 1.0 87:1.0 159:1.0 
-1.0 1.0 
-1.0 1.0 
-1.0 1.0 
-1.0 1.0 
-1.0 1.0 
-1.0 1.0 
-1.0 1.0 
-0.33173555489244744 1.0 177:1.0 
-1.0 1.0 
-1.0 1.0 
-1.0 1.0 
-1.0 1.0 
-1.0 1.0 
-1.0 1.0 
-1.0 1.0 
-1.0 1.0 
-0.0658097924838369 0.22604395891895496 183:1.0 
-1.0 1.0 
-1.0 1.0 
-1.0 1.0 
-1.0 1.0 
-1.0 1.0 
-1.0 0.9767913545130069 23:1.0 
-1.0 1.0 
-0.0 1.0 115:1.0 
-1.0 1.0 
-1.0 1.0 
-1.0 1.0 
-1.0 1.0 
-1.0 1.0 
-1.0 1.0 
-0.09742004041790855 1.0 104:1.0 124:1.0 
-1.0 1.0 
-1.0 1.0 
-1.0 1.0 
-1.0 1.0 
-1.0 1.0 
-0.3033880873792136 0.9291007338770442 62:1.0 
-1.0 1.0 
-1.0 1.0 
-1.0 1.0 
-1.0 1.0 
-1.0 1.0 
-1.0 1.0 
-1.0 1.0 
-1.0 1.0 
-1.0 1.0 
-1.0 1.0 
-0.256963723158523 0.02372464735484155 15:1.0 
-1.0 1.0 
-1.0 0.9684869450963289 76:1.0 
-1.0 1.0 
-0.0 1.0 178:1.0 
-1.0 1.0 
-1.0 1.0 
-1.0 1.0 
-0.11479259841652018 0.0 25:1.0 82:1.0 120:1.0 
-0.0 0.49502575170599405 69:1.0 
-1.0 1.0 59:1.0 
-1.0 1.0 
-1.0 1.0 
-1.0 1.0 
-1.0 1.0 
-1.0 1.0 
-0.3027100773557697 0.2168429011312159 102:1.0 139:1.0 
-1.0 1.0 
-1.0 1.0 
-1.0 1.0 
-1.0 1.0 
-1.0 1.0 
-1.0 1.0 
-1.0 1.0 
-1.0 1.0 
-1.0 1.0 
-1.0 1.0 
-0.9101585824708228 0.9715376588402366 103:1.0 
-0.0 0.2577535849747673 95:1.0 
-1.0 1.0 
-1.0 1.0 
-1.0 1.0 
-1.0 1.0 
-1.0 1.0 
-0.313854983408697 0.1398588506713151 22:1.0 163:1.0 
-0.9309997885494375 0.9784237420356275 121:1.0 
-0.29838385425257585 0.9399769631437895 191:1.0 
-1.0 1.0 
-1.0 1.0 
-1.0 1.0 
-1.0 1.0 
-1.0 1.0 
-1.0 1.0 
-1.0 1.0 
-1.0 1.0 60:1.0 
-1.0 1.0 
-0.3085192904944291 0.7357803571493059 69:1.0 
-1.0 1.0 
-1.0 1.0 
-1.0 1.0 
-1.0 1.0 
-1.0 1.0 
-1.0 0.0 24:1.0 166:1.0 
-1.0 1.0 
-1.0 1.0 
-1.0 1.0 
-1.0 1.0 
-1.0 1.0 
-1.0 1.0 
-1.0 1.0 47:1.0 
-1.0 1.0 
-1.0 1.0 
-1.0 1.0 
-1.0 1.0 
-1.0 1.0 
-1.0 1.0 
-1.0 1.0 
-1.0 1.0 
-1.0 1.0 
-1.0 1.0 
-1.0 1.0 
-1.0 1.0 
-1.0 1.0 
-1.0 1.0 
-1.0 1.0 
-0.9847534996332507 1.0 18:1.0 53:1.0 111:1.0 
-0.0 0.7680730988275283 72:1.0 
-1.0 1.0 
-1.0 1.0 
-0.0 1.0 178:1.0 
-1.0 1.0 
-0.09818829303414121 0.0 39:1.0 80:1.0 110:1.0 130:1.0 135:1.0 176:1.0 190:1.0 195:1.0 200:1.0 205:1.0 206:1.0 210:1.0 213:1.0 215:1.0 219:1.0 222:1.0 
-1.0 1.0 
-1.0 1.0 
-1.0 1.0 
-1.0 1.0 
-1.0 1.0 
-1.0 1.0 
-0.9761791181153276 0.96790877031514 118:1.0 
-0.34196166187312166 0.21964166580709343 5:1.0 74:1.0 75:1.0 81:1.0 192:1.0 198:1.0 201:1.0 216:1.0 217:1.0 
-1.0 1.0 
-1.0 1.0 
-1.0 1.0 
-1.0 1.0 
-1.0 1.0 
-0.2221948680284953 0.22459184996974976 91:1.0 
-1.0 1.0 
-1.0 1.0 
-0.0 1.0 78:1.0 
-1.0 0.7292670752085818 166:1.0 
-1.0 1.0 
-1.0 1.0 
-0.3156871623097615 0.9711155873525776 146:1.0 
-1.0 1.0 
-0.3194075463241605 1.0 41:1.0 160:1.0 211:1.0 
-1.0 1.0 
-1.0 1.0 
-0.31207303628496974 1.0 158:1.0 
-1.0 1.0 
-1.0 1.0 
-0.3255784909255783 0.2129959450901558 117:1.0 156:1.0 209:1.0 
-1.0 1.0 
-1.0 1.0 
-1.0 1.0 
-1.0 1.0 
-1.0 1.0 
-1.0 1.0 
-1.0 1.0 
-0.3079602461125284 0.9729253883919706 49:1.0 
-0.23336500084452824 0.22228004488998404 150:1.0 
-0.39255135353213355 1.0 
-0.0 1.0 
-0.0 1.0 
-0.0 1.0 
-0.0 1.0 
-0.0 1.0 
-1.0 0.0 50:1.0 
-1.0 0.24668834768903092 124:1.0 
-0.0 1.0 
-0.0 1.0 
-0.0 1.0 
-0.0 1.0 
-0.0 1.0 
-0.0 1.0 
-0.0 1.0 
-0.0 1.0 
-0.0 1.0 
-1.0 1.0 78:1.0 162:1.0 
-0.0 1.0 
-1.0 0.0 101:1.0 142:1.0 
-0.0 1.0 
-0.0 1.0 
-0.0 1.0 
-0.8236105337132495 0.4986188208210503 166:1.0 178:1.0 
-0.0 1.0 
-0.0 1.0 
-0.0 1.0 
-0.0 1.0 
-0.0 1.0 
-0.0 1.0 
-0.0 -1.0 
-0.0 -1.0 
-0.0 -1.0 
-0.0 -1.0 
-1.0 -1.0 28:1.0 
-0.0 -1.0 
-0.0 -1.0 
-0.0 -1.0 125:1.0 
-1.0 -1.0 19:1.0 
-0.0 -1.0 
-0.0 -1.0 
-0.0 -1.0 
-0.0 -1.0 
-0.0 -1.0 
-0.0 -1.0 
-0.0 -1.0 
-1.0 -1.0 79:1.0 
-0.0 -1.0 
-1.0 -1.0 53:1.0 103:1.0 
-0.0 -1.0 
-0.0 -1.0 
-0.0 -1.0 
-0.0 -1.0 185:1.0 
-0.0 -1.0 173:1.0 
-1.0 -1.0 31:1.0 
-0.0 -1.0 
-0.0 -1.0 68:1.0 
-0.0 -1.0 
-0.0 -1.0 
-0.0 -1.0 
-0.0 -1.0 
-0.0 -1.0 
-0.0 -1.0 
-0.0 -1.0 
-0.0 -1.0 
-0.4882504936748197 -1.0 11:1.0 
-0.0 -1.0 
-0.0 -1.0 
-0.0 -1.0 
-0.0 -1.0 
-0.0 -1.0 
-0.4185405476161144 -1.0 191:1.0 
-0.9200331121890661 -1.0 23:1.0 120:1.0 
-1.0 -1.0 
-0.0 -1.0 98:1.0 
-1.0 -1.0 
-1.0 -1.0 
-1.0 -1.0 
-1.0 -1.0 
-0.0 -1.0 111:1.0 
-1.0 -1.0 
-0.473744855632018 -1.0 145:1.0 
-1.0 -1.0 
-1.0 -1.0 
-1.0 -1.0 
-1.0 -1.0 
-1.0 -1.0 164:1.0 168:1.0 
-1.0 -1.0 
-1.0 -1.0 
-1.0 -1.0 
-1.0 -1.0 
-0.0 -1.0 126:1.0 
-1.0 -1.0 
-1.0 -1.0 
-1.0 -1.0 
-1.0 -1.0 
-1.0 -1.0 
-0.059444118980030464 -1.0 35:1.0 173:1.0 
-1.0 -1.0 
-1.0 -1.0 
-1.0 -1.0 
-1.0 -1.0 
-0.9181164416872948 -1.0 11:1.0 
-1.0 -1.0 
-1.0 -1.0 
-1.0 -1.0 
-1.0 -1.0 
-1.0 -1.0 
-1.0 -1.0 
-1.0 -1.0 
-0.0 -1.0 17:1.0 
-0.3897337448502728 -1.0 35:1.0 146:1.0 
-1.0 -1.0 
-0.4038288886987027 -1.0 162:1.0 
-1.0 -1.0 
-1.0 -1.0 
-1.0 -1.0 
-1.0 -1.0 
-0.39423124777936397 -1.0 159:1.0 
-0.0 -1.0 96:1.0 
-1.0 -1.0 
-1.0 -1.0 
-1.0 -1.0 
-0.0 -1.0 47:1.0 
-1.0 -1.0 
-1.0 -1.0 13:1.0 14:1.0 
-0.0 -1.0 43:1.0 
-0.0 -1.0 92:1.0 
-0.40378602166561184 -1.0 52:1.0 
-1.0 -1.0 
-1.0 -1.0 
-1.0 -1.0 
-0.0 -1.0 30:1.0 33:1.0 113:1.0 
-1.0 -1.0 
-0.4041436724673271 -1.0 86:1.0 
-1.0 -1.0 
-0.41117592009177906 -1.0 69:1.0 
-0.40365443457738637 -1.0 102:1.0 
-1.0 -1.0 
-1.0 -1.0 
-1.0 -1.0 
-1.0 -1.0 
-1.0 -1.0 
-1.0 -1.0 
-0.9533908022534131 -1.0 26:1.0 55:1.0 113:1.0 
-1.0 -1.0 
-1.0 -1.0 
-1.0 -1.0 
-1.0 -1.0 
-0.0 -1.0 38:1.0 
-0.0 -1.0 78:1.0 
-1.0 -1.0 159:1.0 
-0.0 -1.0 173:1.0 
-0.4042111805524973 -1.0 48:1.0 
-1.0 -1.0 
-1.0 -1.0 16:1.0 187:1.0 
-1.0 -1.0 
-1.0 -1.0 
-1.0 -1.0 
-1.0 -1.0 
-1.0 -1.0 
-1.0 -1.0 
-0.4759224635615017 -1.0 142:1.0 
-1.0 -1.0 
-1.0 -1.0 
-1.0 -1.0 
-1.0 -1.0 
-1.0 -1.0 
-0.1665692236808919 -1.0 47:1.0 
-1.0 -1.0 
-1.0 -1.0 
-1.0 -1.0 
-1.0 -1.0 
-1.0 -1.0 44:1.0 164:1.0 
-1.0 -1.0 
-1.0 -1.0 
-1.0 -1.0 166:1.0 
-1.0 -1.0 
-1.0 -1.0 
-0.0 -1.0 44:1.0 
-1.0 -1.0 
-0.0 -1.0 41:1.0 160:1.0 211:1.0 
-0.0 -1.0 78:1.0 
-1.0 -1.0 
-0.41801574878401465 -1.0 104:1.0 
-1.0 -1.0 
-1.0 -1.0 
-0.0 -1.0 72:1.0 
-1.0 -1.0 
-1.0 -1.0 
-1.0 -1.0 
-1.0 -1.0 
-1.0 -1.0 
-1.0 -1.0 
-0.4036544345773863 -1.0 93:1.0 
-0.0 -1.0 49:1.0 
-1.0 -1.0 
-0.27325946512210053 -1.0 97:1.0 
-1.0 -1.0 
-1.0 -1.0 
-1.0 -1.0 59:1.0 
-0.9282771574351322 -1.0 33:1.0 138:1.0 
-1.0 -1.0 
-1.0 -1.0 
-1.0 -1.0 34:1.0 76:1.0 193:1.0 
-1.0 -1.0 
-0.35489288571942923 -1.0 124:1.0 
-1.0 -1.0 
-1.0 -1.0 
-1.0 -1.0 
-1.0 -1.0 
-0.0 -1.0 13:1.0 144:1.0 
-1.0 -1.0 
-0.9790759803439695 -1.0 162:1.0 
-1.0 -1.0 58:1.0 
-1.0 -1.0 
-0.41953907332201557 -1.0 71:1.0 149:1.0 
-1.0 -1.0 
-1.0 -1.0 124:1.0 
-1.0 -1.0 
-1.0 -1.0 
-1.0 -1.0 
-1.0 -1.0 
-1.0 -1.0 
-0.0 -1.0 126:1.0 
-1.0 -1.0 64:1.0 
-1.0 -1.0 
-1.0 -1.0 
-0.0 -1.0 119:1.0 
-1.0 -1.0 
-1.0 -1.0 
-1.0 -1.0 
-0.0 -1.0 179:1.0 186:1.0 196:1.0 
-1.0 -1.0 47:1.0 58:1.0 172:1.0 
-0.0 -1.0 125:1.0 
-1.0 -1.0 
-1.0 -1.0 
-0.40440348615522304 -1.0 82:1.0 
-1.0 -1.0 
-1.0 -1.0 70:1.0 141:1.0 
-1.0 -1.0 
-1.0 -1.0 
-0.0 -1.0 38:1.0 
-1.0 -1.0 
-1.0 -1.0 
-1.0 -1.0 
-1.0 -1.0 
-1.0 -1.0 27:1.0 108:1.0 
-0.0 -1.0 35:1.0 
-0.14437346133849963 -1.0 17:1.0 97:1.0 178:1.0 180:1.0 
-1.0 -1.0 
-1.0 -1.0 
-1.0 -1.0 
-1.0 -1.0 
-0.0 -1.0 153:1.0 
-1.0 -1.0 
-1.0 -1.0 
-1.0 -1.0 
-1.0 -1.0 
-1.0 -1.0 
-1.0 -1.0 
-1.0 -1.0 
-1.0 -1.0 
-1.0 -1.0 
-0.0 -1.0 9:1.0 
-1.0 -1.0 
-1.0 -1.0 
-1.0 -1.0 85:1.0 
-1.0 -1.0 
-1.0 -1.0 
-1.0 -1.0 
-1.0 -1.0 
-0.419886732900204 -1.0 49:1.0 115:1.0 
-0.0 -1.0 152:1.0 
-1.0 -1.0 
-1.0 -1.0 
-1.0 -1.0 
-1.0 -1.0 
-1.0 -1.0 
-1.0 -1.0 
-1.0 -1.0 
-1.0 -1.0 
-0.40421118055249794 -1.0 92:1.0 
-0.28197672781039507 -1.0 47:1.0 180:1.0 
-1.0 -1.0 
-1.0 -1.0 
-1.0 -1.0 
-1.0 -1.0 
-1.0 -1.0 
-0.4597108180917521 -1.0 71:1.0 79:1.0 113:1.0 
-0.0 -1.0 173:1.0 
-0.0 -1.0 70:1.0 
-1.0 -1.0 
-0.4949169372565942 -1.0 78:1.0 
-1.0 -1.0 
-1.0 -1.0 
-1.0 -1.0 
-1.0 -1.0 105:1.0 
-1.0 -1.0 
-0.2874996014895506 -1.0 17:1.0 
-1.0 -1.0 
-1.0 -1.0 
-0.0 -1.0 98:1.0 
-1.0 -1.0 
-1.0 -1.0 6:1.0 
-1.0 -1.0 
-1.0 -1.0 
-1.0 -1.0 
-1.0 -1.0 
-1.0 -1.0 
-1.0 -1.0 
-1.0 -1.0 
-1.0 -1.0 
-1.0 -1.0 
-1.0 -1.0 
-1.0 -1.0 
-1.0 -1.0 
-1.0 -1.0 
-1.0 -1.0 
-1.0 -1.0 
-1.0 -1.0 
-1.0 -1.0 
-0.35278531736659935 -1.0 150:1.0 178:1.0 
-1.0 -1.0 
-1.0 -1.0 
-1.0 -1.0 
-1.0 -1.0 12:1.0 
-1.0 -1.0 
-1.0 -1.0 
-0.4186217070339184 -1.0 21:1.0 
-1.0 -1.0 
-1.0 -1.0 
-0.43443447054478335 -1.0 19:1.0 88:1.0 
-0.0 -1.0 178:1.0 
-1.0 -1.0 
-1.0 -1.0 
-1.0 -1.0 
-1.0 -1.0 
-1.0 -1.0 
-1.0 -1.0 
-1.0 -1.0 
-1.0 -1.0 
-1.0 -1.0 
-1.0 -1.0 
-0.0 -1.0 173:1.0 
-1.0 -1.0 87:1.0 
-1.0 -1.0 139:1.0 
-0.40417974436737475 -1.0 125:1.0 
-1.0 -1.0 
-0.47488660279878514 -1.0 70:1.0 
-0.4456077662721645 -1.0 30:1.0 41:1.0 123:1.0 160:1.0 199:1.0 211:1.0 
-0.0 -1.0 149:1.0 
-0.40469455332725823 -1.0 18:1.0 
-1.0 -1.0 
-1.0 -1.0 
-1.0 -1.0 
-1.0 -1.0 
-1.0 -1.0 
-0.40456518206241754 -1.0 126:1.0 
-0.0 -1.0 9:1.0 
-0.42477310966293214 -1.0 20:1.0 185:1.0 
-1.0 -1.0 
-0.4042217800688814 -1.0 129:1.0 
-1.0 -1.0 
-1.0 -1.0 
-1.0 -1.0 
-1.0 -1.0 
-0.0 -1.0 98:1.0 
-1.0 -1.0 
-0.0 -1.0 78:1.0 98:1.0 
-0.41633108434928456 -1.0 57:1.0 
-1.0 -1.0 
-1.0 -1.0 
-1.0 -1.0 
-1.0 -1.0 
-1.0 -1.0 
-1.0 -1.0 
-1.0 -1.0 
-1.0 -1.0 
-1.0 -1.0 
-1.0 -1.0 
-1.0 -1.0 
-0.0 -1.0 37:1.0 
-1.0 -1.0 
-1.0 -1.0 
-1.0 -1.0 34:1.0 76:1.0 193:1.0 
-1.0 -1.0 
-1.0 -1.0 
-1.0 -1.0 
-1.0 -1.0 
-1.0 -1.0 164:1.0 
-0.44129062049705975 -1.0 179:1.0 186:1.0 196:1.0 
-1.0 -1.0 
-1.0 -1.0 
-1.0 -1.0 
-1.0 -1.0 
-1.0 -1.0 
-1.0 -1.0 
-1.0 -1.0 
-1.0 -1.0 124:1.0 
-1.0 -1.0 87:1.0 100:1.0 174:1.0 
-1.0 -1.0 
-1.0 -1.0 60:1.0 
-1.0 -1.0 
-0.0 -1.0 13:1.0 
-0.0 -1.0 30:1.0 33:1.0 
-1.0 -1.0 
-0.9348516516197978 -1.0 87:1.0 152:1.0 
-1.0 -1.0 142:1.0 
-1.0 -1.0 
-0.9251306512910017 -1.0 78:1.0 
-1.0 -1.0 
-1.0 -1.0 
-1.0 -1.0 
-0.0 -1.0 106:1.0 
-1.0 -1.0 
-1.0 -1.0 
-1.0 -1.0 
-1.0 -1.0 
-1.0 -1.0 
-1.0 -1.0 76:1.0 177:1.0 
-0.4045651820624172 -1.0 163:1.0 
-1.0 -1.0 
-1.0 -1.0 
-1.0 -1.0 
-1.0 -1.0 
-1.0 -1.0 
-1.0 -1.0 
-1.0 -1.0 
-1.0 -1.0 
-1.0 -1.0 
-1.0 -1.0 
-1.0 -1.0 
-1.0 -1.0 10:1.0 147:1.0 182:1.0 
-1.0 -1.0 
-1.0 -1.0 
-0.0 -1.0 173:1.0 
-1.0 -1.0 98:1.0 114:1.0 
-1.0 -1.0 
-0.0 -1.0 109:1.0 
-0.4384369436276138 -1.0 63:1.0 140:1.0 151:1.0 
-1.0 -1.0 
-1.0 -1.0 
-1.0 -1.0 
-1.0 -1.0 
-1.0 -1.0 
-1.0 -1.0 
-1.0 -1.0 
-0.0 -1.0 61:1.0 
-1.0 -1.0 
-1.0 -1.0 
-1.0 -1.0 
-1.0 -1.0 
-1.0 -1.0 
-0.4504657890231546 -1.0 119:1.0 
-0.0 -1.0 111:1.0 116:1.0 
-1.0 -1.0 
-0.4442605813730995 -1.0 61:1.0 
-1.0 -1.0 
-1.0 -1.0 
-1.0 -1.0 
-1.0 -1.0 
-1.0 -1.0 
-1.0 -1.0 
-1.0 -1.0 
-0.43876701363442083 -1.0 16:1.0 177:1.0 
-1.0 -1.0 
-0.0 -1.0 115:1.0 
-1.0 -1.0 
-1.0 -1.0 
-1.0 -1.0 
-1.0 -1.0 124:1.0 
-1.0 -1.0 
-1.0 -1.0 
-1.0 -1.0 
-1.0 -1.0 
-1.0 -1.0 
-1.0 -1.0 
-1.0 -1.0 40:1.0 106:1.0 
-0.4042217800688803 -1.0 112:1.0 
-1.0 -1.0 
-0.9539376971320687 -1.0 119:1.0 
-1.0 -1.0 
-1.0 -1.0 
-1.0 -1.0 
-1.0 -1.0 
-1.0 -1.0 
-1.0 -1.0 
-1.0 -1.0 
-1.0 -1.0 
-0.0 -1.0 38:1.0 
-1.0 -1.0 
-0.0 -1.0 158:1.0 
-1.0 -1.0 
-1.0 -1.0 
-1.0 -1.0 23:1.0 
-1.0 -1.0 
-0.0 -1.0 180:1.0 
-1.0 -1.0 
-0.0 -1.0 41:1.0 160:1.0 211:1.0 
-1.0 -1.0 
-1.0 -1.0 
-1.0 -1.0 
-0.0 -1.0 41:1.0 160:1.0 211:1.0 
-1.0 -1.0 
-1.0 -1.0 124:1.0 
-1.0 -1.0 
-1.0 -1.0 
-1.0 -1.0 121:1.0 
-1.0 -1.0 
-1.0 -1.0 
-1.0 -1.0 
-1.0 -1.0 
-0.0 -1.0 90:1.0 
-1.0 -1.0 
-1.0 -1.0 
-1.0 -1.0 
-1.0 -1.0 
-1.0 -1.0 
-1.0 -1.0 
-1.0 -1.0 
-1.0 -1.0 
-1.0 -1.0 
-1.0 -1.0 
-0.42051295728988997 -1.0 68:1.0 
-1.0 -1.0 
-1.0 -1.0 
-0.0 -1.0 111:1.0 
-1.0 -1.0 
-1.0 -1.0 46:1.0 131:1.0 
-1.0 -1.0 
-0.41117592009177806 -1.0 38:1.0 
-1.0 -1.0 
-1.0 -1.0 42:1.0 158:1.0 
-1.0 -1.0 
-0.921223951816354 -1.0 61:1.0 
-1.0 -1.0 
-1.0 -1.0 
-1.0 -1.0 
-0.0 -1.0 113:1.0 
-1.0 -1.0 27:1.0 
-1.0 -1.0 
-1.0 -1.0 
-1.0 -1.0 
-1.0 -1.0 
-0.0 -1.0 173:1.0 
-1.0 -1.0 
-0.0 -1.0 178:1.0 
-0.0 -1.0 173:1.0 
-1.0 -1.0 34:1.0 76:1.0 94:1.0 148:1.0 167:1.0 193:1.0 197:1.0 204:1.0 207:1.0 218:1.0 220:1.0 
-1.0 -1.0 
-0.0056957153318867824 -1.0 65:1.0 104:1.0 116:1.0 151:1.0 
-1.0 -1.0 
-1.0 -1.0 
-1.0 -1.0 
-1.0 -1.0 
-1.0 -1.0 
-1.0 -1.0 133:1.0 
-1.0 -1.0 
-0.9103076036167074 -1.0 8:1.0 182:1.0 
-1.0 -1.0 
-1.0 -1.0 
-0.4543283187735006 -1.0 5:1.0 74:1.0 75:1.0 81:1.0 192:1.0 198:1.0 201:1.0 216:1.0 217:1.0 
-1.0 -1.0 
-1.0 -1.0 
-1.0 -1.0 
-1.0 -1.0 
-1.0 -1.0 
-1.0 -1.0 
-1.0 -1.0 
-1.0 -1.0 
-1.0 -1.0 
-1.0 -1.0 
-1.0 -1.0 
-1.0 -1.0 
-0.9297739107351133 -1.0 145:1.0 
-1.0 -1.0 
-1.0 -1.0 
-1.0 -1.0 
-1.0 -1.0 
-1.0 -1.0 
-1.0 -1.0 
-0.4112977943640489 -1.0 136:1.0 
-0.4111547049012056 -1.0 37:1.0 
-1.0 -1.0 
-1.0 -1.0 
-1.0 -1.0 
-1.0 -1.0 
-1.0 -1.0 
-1.0 -1.0 
-0.4059847652536389 -1.0 111:1.0 
-1.0 -1.0 
-1.0 -1.0 
-1.0 -1.0 
-1.0 -1.0 
-1.0 -1.0 
-1.0 -1.0 
-1.0 -1.0 190:1.0 
-1.0 -1.0 
-1.0 -1.0 
-0.36190040018280933 -1.0 173:1.0 
-1.0 -1.0 
-1.0 -1.0 
-1.0 -1.0 
-0.4037860216656118 -1.0 89:1.0 
-1.0 -1.0 
-0.4035187663671313 -1.0 184:1.0 
-0.9466916719363389 -1.0 70:1.0 
-1.0 -1.0 
-1.0 -1.0 
-1.0 -1.0 
-1.0 -1.0 
-1.0 -1.0 
-1.0 -1.0 
-1.0 -1.0 
-1.0 -1.0 
-1.0 -1.0 
-0.41348518126406625 -1.0 72:1.0 
-0.9171240661804775 -1.0 43:1.0 99:1.0 
-1.0 -1.0 32:1.0 
-1.0 -1.0 
-0.905810975740705 -1.0 85:1.0 116:1.0 
-1.0 -1.0 
-1.0 -1.0 
-1.0 -1.0 
-1.0 -1.0 
-1.0 -1.0 
-1.0 -1.0 
-1.0 -1.0 23:1.0 
-1.0 -1.0 118:1.0 
-1.0 -1.0 
-1.0 -1.0 
-1.0 -1.0 31:1.0 
-1.0 -1.0 
-1.0 -1.0 98:1.0 114:1.0 
-1.0 -1.0 
-1.0 -1.0 
-1.0 -1.0 
-1.0 -1.0 23:1.0 
-1.0 -1.0 
-1.0 -1.0 
-1.0 -1.0 
-1.0 -1.0 
-1.0 -1.0 
-1.0 -1.0 
-1.0 -1.0 
-1.0 -1.0 
-1.0 -1.0 
-0.0 -1.0 10:1.0 
-1.0 -1.0 
-1.0 -1.0 
-1.0 -1.0 
-1.0 -1.0 
-1.0 -1.0 
-1.0 -1.0 
-1.0 -1.0 
-1.0 -1.0 4:1.0 
-1.0 -1.0 
-0.40399514943154347 -1.0 109:1.0 
-1.0 -1.0 
-0.41642357148363807 -1.0 96:1.0 
-1.0 -1.0 
-0.42004758854759683 -1.0 90:1.0 
-0.41129779436405167 -1.0 95:1.0 
-1.0 -1.0 
-0.0 -1.0 131:1.0 
-1.0 -1.0 
-1.0 -1.0 
-1.0 -1.0 
-1.0 -1.0 
-1.0 -1.0 
-1.0 -1.0 
-0.8247351192223449 -1.0 
-0.5605369305379996 -1.0 71:1.0 
-1.0 -1.0 25:1.0 
-0.0 -1.0 
-0.0 -1.0 
-0.0 -1.0 182:1.0 
-0.0 -1.0 
-0.0 -1.0 
-0.0 -1.0 3:1.0 120:1.0 
-0.0 -1.0 
-0.0 -1.0 153:1.0 
-0.4039951494315426 -1.0 153:1.0 
-0.0 -1.0 
-0.0 -1.0 
-0.0 -1.0 
-0.4111547049012027 -1.0 9:1.0 
-0.0 -1.0 
-0.0 -1.0 
-0.0 -1.0 
-0.0 -1.0 
-0.0 -1.0 
-0.0 -1.0 
-0.41226846521023414 -1.0 62:1.0 
-0.0 -1.0 
-0.0 -1.0 
-0.0 -1.0 
-0.0 -1.0 
-0.0 -1.0 
-0.0 -1.0 
-0.0 -1.0 
-0.0 -1.0 
-0.0 -1.0 
-0.9182727123178132 -1.0 142:1.0 
-0.0 -1.0 
-0.0 -1.0 
-0.0 -1.0 
-0.0 -1.0 
-0.0 -1.0 
-0.0 -1.0 35:1.0 
-0.0 -1.0 
