svm_type c_svc
kernel_type rbf
gamma 1.0
nr_class 3
total_sv 1947
rho 0.36168425480471394 0.06656739937059124 -0.2096765401562542
label 2 0 1
nr_sv 498 779 670
SV
100.0 100.0 
100.0 100.0 
100.0 100.0 
100.0 100.0 
1.3492727641120421 1.191383487367058 100:1.0 142:1.0 
100.0 100.0 
100.0 100.0 
100.0 100.0 
100.0 100.0 
100.0 100.0 
100.0 100.0 
100.0 100.0 
100.0 100.0 
100.0 100.0 
1.1960017211244658 1.4360667369782374 42:1.0 164:1.0 168:1.0 
1.948218464548667 2.163091026324184 138:1.0 
100.0 100.0 
100.0 100.0 
100.0 100.0 
100.0 100.0 
100.0 100.0 
100.0 1.7040309338671897 32:1.0 
100.0 100.0 
100.0 100.0 
1.9154966736873307 1.725747331912944 60:1.0 
100.0 100.0 
100.0 100.0 
100.0 2.5386536019445254 103:1.0 
100.0 100.0 
100.0 100.0 
100.0 100.0 
100.0 100.0 
100.0 100.0 
100.0 100.0 
1.8460026669792693 100.0 71:1.0 
100.0 100.0 
100.0 100.0 
100.0 100.0 
100.0 100.0 
0.7890709230818136 0.764840354512106 12:1.0 28:1.0 73:1.0 
100.0 100.0 
1.3338242833226601 1.0377012083252972 76:1.0 94:1.0 167:1.0 181:1.0 197:1.0 207:1.0 220:1.0 
100.0 100.0 
100.0 100.0 
100.0 100.0 
100.0 100.0 
100.0 100.0 
100.0 100.0 
100.0 100.0 
100.0 100.0 
100.0 100.0 
100.0 100.0 
100.0 100.0 
100.0 1.6310902588011793 50:1.0 
100.0 100.0 
100.0 100.0 
100.0 100.0 
100.0 1.5761374072428502 133:1.0 
100.0 100.0 
100.0 100.0 
100.0 100.0 
100.0 100.0 
100.0 0.0 16:1.0 
100.0 100.0 142:1.0 
100.0 100.0 
100.0 100.0 
0.0 1.0631998498003057 34:1.0 76:1.0 94:1.0 148:1.0 167:1.0 193:1.0 197:1.0 204:1.0 207:1.0 218:1.0 220:1.0 
0.9942201128705723 0.20740406627558083 14:1.0 181:1.0 
100.0 100.0 
100.0 100.0 
100.0 100.0 
100.0 100.0 
100.0 100.0 11:1.0 
100.0 100.0 
100.0 100.0 
100.0 100.0 
100.0 100.0 
100.0 100.0 
100.0 100.0 
100.0 100.0 
100.0 100.0 
100.0 100.0 
100.0 100.0 
100.0 100.0 
100.0 100.0 
0.3653500096739749 0.20764908030307036 114:1.0 164:1.0 
1.3930587242308332 100.0 34:1.0 76:1.0 94:1.0 148:1.0 167:1.0 193:1.0 197:1.0 204:1.0 207:1.0 218:1.0 220:1.0 
100.0 100.0 
1.846594359987825 1.8381723216748778 174:1.0 
100.0 100.0 
100.0 100.0 
0.9479948585707203 1.1914110112562395 12:1.0 147:1.0 
100.0 100.0 
100.0 100.0 
100.0 100.0 
100.0 100.0 
100.0 100.0 
100.0 100.0 
100.0 100.0 
100.0 100.0 
100.0 99.9789441674853 133:1.0 
100.0 100.0 
100.0 100.0 
100.0 100.0 
100.0 100.0 
100.0 100.0 
100.0 100.0 
100.0 100.0 
100.0 0.0 55:1.0 
1.8298479927491529 1.5928951994422524 94:1.0 
100.0 100.0 
100.0 100.0 
100.0 100.0 
100.0 100.0 
100.0 1.5522764349459626 181:1.0 
100.0 100.0 
100.0 100.0 
100.0 100.0 
0.7087186753763115 0.6580054224086032 1:1.0 84:1.0 
100.0 100.0 
100.0 100.0 
100.0 100.0 
100.0 100.0 
100.0 100.0 
100.0 100.0 
100.0 100.0 59:1.0 
100.0 100.0 
100.0 100.0 
100.0 100.0 
100.0 100.0 
100.0 100.0 
100.0 100.0 
100.0 100.0 
100.0 100.0 
100.0 100.0 
100.0 100.0 139:1.0 
100.0 100.0 
100.0 100.0 
100.0 100.0 
100.0 100.0 
100.0 100.0 
100.0 100.0 
100.0 100.0 
100.0 100.0 
100.0 100.0 
100.0 100.0 
1.3492450542309842 0.8884069421416458 99:1.0 164:1.0 
100.0 100.0 
100.0 100.0 
100.0 100.0 
100.0 100.0 
1.5483902187790546 1.8747731357549804 4:1.0 6:1.0 
100.0 100.0 124:1.0 
1.0780982834411283 0.8184106530112945 4:1.0 6:1.0 85:1.0 
0.0 2.2434742969033796 87:1.0 
100.0 100.0 
1.5824626290251844 2.0863977272010708 14:1.0 
100.0 100.0 
100.0 100.0 121:1.0 
0.0 0.643819107833895 27:1.0 108:1.0 
100.0 0.0 170:1.0 
2.0122522159984015 99.70316856935298 87:1.0 
2.333533225924945 2.175657247044206 47:1.0 124:1.0 
100.0 100.0 
100.0 100.0 
100.0 100.0 78:1.0 
100.0 100.0 
0.971905170195541 0.8537168276928627 53:1.0 64:1.0 172:1.0 
100.0 99.92698319516182 32:1.0 
100.0 100.0 
100.0 100.0 
100.0 100.0 
100.0 100.0 
100.0 100.0 
100.0 100.0 
100.0 100.0 
100.0 100.0 
1.0213439899918952 0.793329707522412 23:1.0 76:1.0 167:1.0 197:1.0 
100.0 100.0 
100.0 100.0 
100.0 100.0 
100.0 100.0 
100.0 100.0 
100.0 100.0 
100.0 100.0 
100.0 100.0 
100.0 100.0 
100.0 100.0 
100.0 100.0 
100.0 100.0 
100.0 100.0 
100.0 100.0 23:1.0 
100.0 100.0 
100.0 100.0 
100.0 100.0 
100.0 100.0 
100.0 100.0 
100.0 100.0 
100.0 100.0 
100.0 100.0 
100.0 2.4624283852665596 168:1.0 
100.0 100.0 
100.0 1.8621712421973395 76:1.0 
100.0 100.0 
1.712076250852323 2.0946149733697155 114:1.0 
100.0 100.0 
100.0 100.0 
100.0 100.0 25:1.0 
100.0 100.0 
100.0 100.0 23:1.0 
100.0 100.0 
100.0 100.0 
100.0 100.0 
100.0 100.0 
1.7123279474664665 1.3955227078050756 108:1.0 
100.0 100.0 
1.8263361186714968 100.0 79:1.0 
100.0 100.0 
100.0 100.0 
1.847751623459104 1.6305004051111271 134:1.0 190:1.0 
100.0 100.0 
100.0 100.0 
0.0 1.8469209880079192 58:1.0 
100.0 2.69191469297126 16:1.0 
100.0 100.0 
1.3946218323523087 1.0194407818456475 94:1.0 147:1.0 148:1.0 189:1.0 204:1.0 
100.0 100.0 
100.0 100.0 
1.178424868218592 0.9109665494641258 12:1.0 28:1.0 73:1.0 94:1.0 189:1.0 
1.3492147212630146 1.673157785095062 70:1.0 79:1.0 
100.0 100.0 
100.0 100.0 
100.0 100.0 
2.3332353968924546 0.7796516312005535 67:1.0 76:1.0 
100.0 100.0 
100.0 100.0 70:1.0 
2.7715011940682963 0.0 166:1.0 
100.0 100.0 
100.0 100.0 
100.0 100.0 
100.0 100.0 
100.0 100.0 
100.0 100.0 124:1.0 
100.0 100.0 
100.0 100.0 
100.0 100.0 
100.0 100.0 
100.0 100.0 
100.0 100.0 
1.9852960344029054 1.3088472406934002 147:1.0 
100.0 100.0 
100.0 100.0 
2.334101063179847 100.0 105:1.0 
100.0 100.0 
100.0 100.0 
100.0 100.0 
100.0 100.0 
100.0 1.7709863960246714 55:1.0 
0.5160189181928097 0.9175059060448176 31:1.0 84:1.0 
100.0 100.0 
100.0 100.0 
0.0 100.0 31:1.0 
1.6568257149764283 100.0 31:1.0 
100.0 100.0 
100.0 100.0 
100.0 100.0 
100.0 100.0 
100.0 100.0 
100.0 100.0 
100.0 100.0 
100.0 1.7139358387729406 166:1.0 
100.0 100.0 
100.0 100.0 
100.0 100.0 
100.0 100.0 
1.3326052862622306 0.9178630767988047 84:1.0 165:1.0 
100.0 100.0 
100.0 100.0 
100.0 100.0 
100.0 100.0 
100.0 100.0 
100.0 100.0 
2.2030361172372883 1.6846080098572087 172:1.0 
99.99908807715377 99.91698377331429 166:1.0 
100.0 100.0 
100.0 100.0 
100.0 100.0 
100.0 100.0 
100.0 100.0 
100.0 100.0 
100.0 100.0 
1.7873206438404297 0.20713503290567584 133:1.0 168:1.0 
100.0 100.0 
100.0 100.0 
100.0 100.0 
100.0 100.0 
100.0 1.6311324515397698 24:1.0 
100.0 100.0 
100.0 100.0 
100.0 100.0 
100.0 100.0 
100.0 100.0 
100.0 100.0 
100.0 100.0 
100.0 100.0 
1.5002846799787424 0.9175144939715427 84:1.0 127:1.0 
1.8469740014099918 1.6310827594556891 161:1.0 
100.0 100.0 
100.0 100.0 
100.0 100.0 
100.0 100.0 
100.0 100.0 
100.0 100.0 
100.0 100.0 
100.0 100.0 
2.3344127479169345 100.0 19:1.0 
100.0 100.0 
100.0 1.6311966924639758 170:1.0 
100.0 100.0 
100.0 100.0 
100.0 100.0 
100.0 100.0 
100.0 100.0 
100.0 100.0 
0.0 2.690454746481127 164:1.0 
100.0 100.0 
100.0 100.0 
100.0 100.0 
100.0 100.0 
100.0 100.0 
100.0 100.0 
100.0 100.0 
100.0 100.0 
100.0 100.0 
100.0 100.0 
100.0 100.0 
100.0 100.0 
100.0 100.0 
100.0 100.0 
100.0 100.0 
100.0 100.0 
100.0 100.0 
100.0 100.0 
100.0 100.0 
100.0 100.0 
100.0 100.0 
100.0 100.0 
100.0 100.0 
100.0 100.0 
1.5245565550643176 1.1917677833223157 73:1.0 
100.0 100.0 
100.0 100.0 
100.0 100.0 
1.8852918613006533 0.0 40:1.0 
100.0 100.0 
100.0 100.0 
100.0 100.0 
100.0 100.0 
100.0 100.0 
100.0 100.0 
100.0 100.0 
100.0 100.0 
1.3496184005379102 1.0325897595870899 27:1.0 101:1.0 
100.0 100.0 
100.0 100.0 
100.0 100.0 
99.93129126155644 99.90527634807509 60:1.0 
100.0 100.0 
1.653938864507659 2.0187718095836114 46:1.0 
100.0 100.0 
100.0 100.0 
100.0 100.0 
100.0 100.0 
100.0 100.0 
100.0 100.0 
100.0 100.0 
100.0 100.0 
100.0 100.0 
100.0 100.0 
100.0 100.0 
100.0 100.0 
100.0 100.0 
100.0 100.0 
100.0 100.0 
100.0 100.0 
100.0 100.0 145:1.0 
100.0 100.0 
0.3656061952924925 99.99585888999378 27:1.0 108:1.0 
100.0 100.0 
100.0 100.0 
100.0 100.0 
100.0 100.0 
1.8465827479775676 100.0 119:1.0 
100.0 100.0 
100.0 100.0 
100.0 100.0 
100.0 100.0 
100.0 100.0 
100.0 100.0 
100.0 100.0 
100.0 100.0 
100.0 100.0 
100.0 100.0 
100.0 100.0 
100.0 100.0 
0.8761961703209753 1.191604366849527 28:1.0 87:1.0 
100.0 100.0 
100.0 100.0 
100.0 100.0 
100.0 100.0 
100.0 100.0 
2.333858062946326 1.6303594542433089 159:1.0 169:1.0 
100.0 100.0 
100.0 100.0 
100.0 100.0 
100.0 100.0 
100.0 100.0 
1.3307360686832224 1.0713459047682883 8:1.0 46:1.0 61:1.0 64:1.0 162:1.0 
1.2157188225568567 100.0 27:1.0 
1.8470508402212122 100.0 182:1.0 
100.0 100.0 
100.0 100.0 
100.0 100.0 
100.0 100.0 
1.2443902055149303 1.0224526677393198 22:1.0 46:1.0 64:1.0 
100.0 100.0 
100.0 100.0 
100.0 100.0 
100.0 100.0 
100.0 100.0 
100.0 100.0 
100.0 1.6311132306581957 171:1.0 
100.0 100.0 
1.5417528414752242 1.0305079809634325 1:1.0 29:1.0 
100.0 100.0 
100.0 100.0 
2.796617038502321 2.176299588457551 141:1.0 
100.0 100.0 85:1.0 
100.0 100.0 
100.0 100.0 
100.0 100.0 
1.8492542805047725 1.0687984721841162 128:1.0 137:1.0 154:1.0 194:1.0 202:1.0 221:1.0 
0.5277801104941069 0.8655698701791524 28:1.0 73:1.0 
100.0 100.0 
100.0 100.0 
100.0 100.0 
100.0 100.0 
100.0 100.0 
100.0 100.0 
100.0 100.0 
100.0 0.0 42:1.0 
1.849942632645873 1.6307704455633252 7:1.0 
100.0 100.0 
1.5416331289993666 0.8906537089791124 1:1.0 101:1.0 
100.0 100.0 
100.0 100.0 
100.0 100.0 
100.0 100.0 
100.0 100.0 
100.0 100.0 
100.0 100.0 
100.0 100.0 
100.0 100.0 
100.0 100.0 
100.0 100.0 
100.0 100.0 
1.8227942956516487 2.423106599149871 53:1.0 
100.0 100.0 
100.0 100.0 
100.0 100.0 
100.0 100.0 
1.3699371416271091 0.0 100:1.0 
100.0 100.0 
100.0 100.0 
100.0 100.0 
1.0544434565706728 99.99117525177678 164:1.0 
100.0 100.0 
100.0 100.0 
100.0 100.0 
1.361247892962621 1.0656225443668301 67:1.0 94:1.0 124:1.0 148:1.0 167:1.0 187:1.0 204:1.0 207:1.0 218:1.0 
100.0 100.0 
99.98080944143898 1.4006279578338585 100:1.0 
100.0 100.0 
100.0 100.0 
100.0 100.0 
100.0 100.0 
100.0 100.0 
99.96147153529371 2.1769510810024273 40:1.0 
1.8463012730786468 99.95359764964921 58:1.0 
100.0 100.0 
100.0 100.0 
100.0 100.0 
100.0 1.9823713996490981 42:1.0 
100.0 100.0 
100.0 100.0 23:1.0 
1.0752582621444295 0.6280984347209072 76:1.0 167:1.0 197:1.0 
100.0 100.0 
100.0 100.0 118:1.0 
-0.3415887214076157 0.42306400843834735 2:1.0 91:1.0 
-0.4863907398885447 0.5775775833362262 121:1.0 
-0.0 100.0 78:1.0 
-0.49177748189554715 0.8616002052661609 66:1.0 187:1.0 
-0.8373031963940366 100.0 142:1.0 
-0.0 0.42164379403754687 93:1.0 
-0.34160865680098434 0.422694123700657 116:1.0 159:1.0 
-0.4762029403043794 0.7104173448086265 8:1.0 77:1.0 
-0.0 100.0 90:1.0 
-0.6586360125264078 0.0 42:1.0 
-1.1815442220670045 100.0 4:1.0 
-0.34150626899556924 0.4490008246906738 15:1.0 102:1.0 
-0.0 0.422133519366378 136:1.0 
-0.5621535414485943 0.6962132526145598 107:1.0 203:1.0 
-0.4479742134349655 0.8615359483872876 89:1.0 129:1.0 178:1.0 
-0.4669161515007222 100.0 11:1.0 
-0.4648064140217246 2.39054092567302 162:1.0 173:1.0 
-0.4663714259784162 1.0439349952965895 88:1.0 
-0.4673441760108919 100.0 78:1.0 98:1.0 
-0.0 0.7510857731227759 113:1.0 
-0.4669281732316591 100.0 90:1.0 
-100.0 0.0 170:1.0 
-0.2150168594322342 0.0 55:1.0 
-0.4449750582398733 0.729575122920175 20:1.0 179:1.0 186:1.0 196:1.0 
-0.46608340059666986 100.0 17:1.0 
-0.6916870934416102 0.6722346837451721 85:1.0 94:1.0 147:1.0 189:1.0 
-0.0014751902502767326 0.0 51:1.0 
-1.2049972841066334 1.3727305800592606 85:1.0 
-0.34148496751401913 100.0 92:1.0 
-100.0 0.0 42:1.0 
-0.5623899102840689 1.3755267004935028 34:1.0 66:1.0 76:1.0 193:1.0 
-0.2443692098889478 0.4098426327692623 22:1.0 82:1.0 
-0.001587014077724664 0.2729355675720598 112:1.0 
-0.08883574525843546 99.83670291087067 113:1.0 
-100.0 0.5774219313052621 181:1.0 
-1.377021855475505 0.0 76:1.0 
-100.0 1.0442415284919289 40:1.0 
-0.340841224966788 100.0 185:1.0 
-0.0 100.0 38:1.0 
-0.33154258989920316 1.1734671859673445 23:1.0 
-0.45299800373857724 0.0 16:1.0 
-0.750987861184189 0.8265139875175728 14:1.0 43:1.0 67:1.0 
-0.0 0.42321615045826255 21:1.0 
-0.001281311106284632 0.0 2:1.0 
-0.34100391664122526 100.0 93:1.0 
-0.0 0.10388678295637013 10:1.0 
-0.20221849660461275 0.3373910059445472 155:1.0 178:1.0 
-0.3901516291584406 0.4881424996422294 65:1.0 179:1.0 
-0.5474855202086527 0.6920981194311892 30:1.0 95:1.0 113:1.0 123:1.0 199:1.0 
-0.5092405298656376 0.1866089413918581 101:1.0 165:1.0 
-100.0 0.7334873047054089 100:1.0 
-0.34120595821356176 100.0 20:1.0 185:1.0 
-0.0 1.359285602532891 131:1.0 
-100.0 0.0 16:1.0 
-0.46611955007799993 100.0 153:1.0 
-7.974972221590546E-4 0.4827199451414283 72:1.0 
-0.0 100.0 68:1.0 
-0.0015636579316937295 100.0 124:1.0 
-0.38999192548856565 0.4889996501557544 65:1.0 113:1.0 
-1.3219445318704097 0.78959454868202 7:1.0 128:1.0 137:1.0 154:1.0 194:1.0 202:1.0 221:1.0 
-0.0 100.0 125:1.0 
-0.016508869233138546 100.0 78:1.0 
-0.3415886111317692 0.756119212318082 36:1.0 180:1.0 
-0.0 0.46091412480983324 89:1.0 
-0.2019970172007423 0.42218889692405276 15:1.0 178:1.0 
-1.2235849448836214 0.4655452843520334 67:1.0 
-0.48606290985370315 1.1469048349408 38:1.0 99:1.0 149:1.0 
-0.5149420104498895 1.8587097121974372 33:1.0 104:1.0 
-0.3413267507791078 0.4226135643473278 50:1.0 136:1.0 
-1.3958647463197331 0.0 133:1.0 
-100.0 0.26594461221035354 166:1.0 
-100.0 0.059475233038424835 170:1.0 
-0.4550150819333134 0.5635665298632602 39:1.0 54:1.0 80:1.0 110:1.0 130:1.0 135:1.0 157:1.0 176:1.0 190:1.0 195:1.0 200:1.0 205:1.0 206:1.0 210:1.0 212:1.0 213:1.0 214:1.0 215:1.0 219:1.0 222:1.0 
-0.4662484782125094 0.8624066286452577 10:1.0 122:1.0 126:1.0 
-0.3402344377527128 100.0 21:1.0 
-0.7509798269567975 0.6990614670723174 72:1.0 122:1.0 138:1.0 
-0.0 0.059890274448681495 109:1.0 
-100.0 100.0 25:1.0 
-0.17959432876340828 0.026922518743333217 36:1.0 
-0.0 99.844691831615 159:1.0 
-0.0 100.0 70:1.0 
-100.0 100.0 23:1.0 
-0.060875333978478594 1.4799762318480587 116:1.0 
-0.3415572158961844 1.4065502998205577 10:1.0 78:1.0 
-0.26723043240006195 0.42222175712440657 82:1.0 113:1.0 
-0.42198176047303737 100.0 63:1.0 140:1.0 151:1.0 
-99.9990563255138 0.5777039400025039 133:1.0 
-0.0 100.0 179:1.0 186:1.0 196:1.0 
-0.0015616232680856106 0.0 150:1.0 
-100.0 100.0 11:1.0 
-0.7198421169600884 0.853065730355155 52:1.0 76:1.0 94:1.0 148:1.0 167:1.0 197:1.0 204:1.0 207:1.0 218:1.0 220:1.0 
-0.29433235079236664 100.0 145:1.0 
-0.2021794556591991 0.4225042888347669 152:1.0 178:1.0 
-0.2940653822838186 0.5013187054636704 68:1.0 102:1.0 
-1.325596592818673 1.223635644543676 19:1.0 101:1.0 
-0.0 0.5775876643093764 62:1.0 
-0.39385427068692525 1.4068448815316204 150:1.0 173:1.0 
-0.0 0.5782149993226426 57:1.0 
-0.0 13.963759846265155 
-0.0 100.0 
-0.0 100.0 
-0.0 100.0 
-0.0 100.0 
-0.0 100.0 
-0.0 100.0 
-0.0 100.0 
-0.6365018337769983 0.788029262170297 39:1.0 54:1.0 80:1.0 110:1.0 135:1.0 157:1.0 176:1.0 190:1.0 200:1.0 210:1.0 212:1.0 214:1.0 
-7.170643778289532E-4 1.4061888119512682 158:1.0 
-0.0 100.0 
-0.0 100.0 
-0.40139057029183267 0.48858582233849457 132:1.0 
-0.44263740774214083 1.3215646213084236 149:1.0 155:1.0 
-0.0011986180401177525 0.0 29:1.0 
-0.0 100.0 
-0.0 100.0 
-0.48598341986675964 0.5990275531126154 118:1.0 
-0.0 100.0 
-0.0 100.0 
-0.0 100.0 
-0.0 100.0 
-0.0 100.0 
-0.0 100.0 
-0.0 100.0 96:1.0 
-0.0 100.0 
-0.10639989305450309 100.0 102:1.0 
-0.0 100.0 
-0.0 100.0 
-0.0 100.0 
-0.466102091795984 1.4062356699739915 3:1.0 
-0.0 100.0 
-0.0 100.0 
-6.901811652215368E-4 0.0 50:1.0 
-0.0 100.0 
-6.627533553740868E-4 0.0 155:1.0 
-0.0 100.0 
-0.0 100.0 
-0.5566371827332747 0.7644751060163988 101:1.0 116:1.0 135:1.0 173:1.0 
-0.0 100.0 
-0.0 100.0 
-0.0 100.0 
-0.0 100.0 
-0.0 100.0 
-0.0 100.0 
-0.0 100.0 109:1.0 
-0.0 100.0 
-0.0 100.0 
-0.4662013478393252 100.0 96:1.0 
-0.0 100.0 
-0.0 100.0 
-0.3086499168126459 0.3837937881850178 45:1.0 56:1.0 63:1.0 97:1.0 132:1.0 208:1.0 
-0.0 100.0 
-0.0 100.0 
-0.33591033059142184 0.4783178758302111 63:1.0 
-0.0 100.0 
-0.0 100.0 
-0.0 100.0 
-0.0 100.0 
-100.0 100.0 142:1.0 
-0.0 100.0 
-0.0 100.0 
-0.0 100.0 
-0.0 100.0 
-0.0 100.0 
-0.0 100.0 
-0.0 100.0 
-0.34183903190128606 1.1022884398660622 26:1.0 55:1.0 
-0.0 100.0 
-0.0 100.0 
-0.0 100.0 
-0.897014052511002 1.0754640896447545 99:1.0 
-0.0 100.0 68:1.0 
-0.0 100.0 
-0.0 100.0 
-0.0 100.0 
-1.205212269191395 100.0 70:1.0 
-0.0 100.0 
-0.0 100.0 
-0.0 100.0 
-0.0 100.0 
-0.0 100.0 
-0.4030191768793017 1.0396812872973205 144:1.0 
-99.80635621197705 1.2036951767551758 42:1.0 
-0.0 100.0 
-0.0 100.0 
-0.0 100.0 
-0.0 100.0 
-0.7017560214884472 0.0 101:1.0 
-0.3416522968052839 0.7524215603017413 175:1.0 180:1.0 
-0.0 100.0 
-0.0 100.0 
-0.0 100.0 
-0.0 100.0 
-0.0 100.0 
-0.0 100.0 
-0.34162713712405596 0.41925070701568057 21:1.0 175:1.0 
-0.0 100.0 
-0.0 100.0 
-100.0 100.0 23:1.0 
-0.0 100.0 
-0.3419016294724268 0.4232446771323254 113:1.0 122:1.0 
-0.46678015595528255 1.407022896184203 125:1.0 170:1.0 
-0.0 100.0 
-100.0 100.0 145:1.0 
-0.0024090332022515502 0.0 188:1.0 
-0.0 100.0 
-0.0 100.0 
-0.0 100.0 
-0.0 100.0 
-100.0 1.0435789492727578 168:1.0 
-0.0 100.0 
-0.0 100.0 
-99.94351073535323 2.0870999596378113 16:1.0 
-0.3050372749142339 100.0 126:1.0 
-0.0 100.0 
-0.0 100.0 
-0.0 100.0 
-0.0 100.0 
-0.0 100.0 
-6.22374070852833E-4 0.0 177:1.0 
-0.0 100.0 
-0.0 100.0 
-0.0 100.0 
-0.0 100.0 
-0.0 100.0 
-0.0 100.0 
-0.0 100.0 
-0.0 100.0 
-0.0 100.0 
-0.0 100.0 
-0.0 100.0 
-9.89717957444964 100.0 
-100.0 100.0 
-100.0 100.0 
-100.0 100.0 
-0.0 1.3907171003661731 49:1.0 
-100.0 100.0 
-100.0 100.0 
-100.0 100.0 
-100.0 100.0 
-100.0 100.0 
-100.0 100.0 
-100.0 100.0 
-100.0 100.0 
-100.0 100.0 
-100.0 100.0 
-100.0 100.0 
-100.0 100.0 
-0.23301664202344788 100.0 18:1.0 
-100.0 100.0 
-100.0 100.0 
-0.0011372009216157818 0.0 143:1.0 
-100.0 100.0 
-100.0 100.0 
-100.0 100.0 
-100.0 100.0 
-6.50661965163452E-4 0.5775951969628377 191:1.0 
-100.0 100.0 
-0.35338964542935647 0.5005347379813595 140:1.0 
-100.0 100.0 
-100.0 100.0 
-0.6371947986065825 99.90511109327076 159:1.0 
-100.0 100.0 
-100.0 100.0 
-0.0 1.1565176404152264 178:1.0 
-100.0 100.0 
-100.0 100.0 
-0.001727017405296929 0.5648247040376368 95:1.0 
-100.0 100.0 
-1.2934680125819336 2.390924871405062 38:1.0 79:1.0 
-100.0 100.0 
-0.0010706856132561904 0.0 135:1.0 
-100.0 100.0 
-100.0 100.0 
-0.0 1.1023608989855327 5:1.0 74:1.0 75:1.0 81:1.0 192:1.0 198:1.0 201:1.0 216:1.0 217:1.0 
-100.0 100.0 
-100.0 100.0 
-100.0 100.0 
-0.46643821115735895 0.5775272511821543 83:1.0 
-100.0 100.0 
-100.0 100.0 
-100.0 100.0 
-0.0 0.601721208236131 48:1.0 
-0.0 0.9751703588005854 152:1.0 
-100.0 100.0 
-100.0 100.0 
-100.0 100.0 
-100.0 100.0 
-100.0 100.0 
-100.0 100.0 
-100.0 100.0 
-0.7300243219172444 1.3756085615184754 6:1.0 51:1.0 
-100.0 100.0 
-100.0 100.0 
-0.46620800493247155 0.0 171:1.0 
-100.0 100.0 
-100.0 100.0 
-100.0 100.0 
-0.5095643336977865 1.3532455599277253 124:1.0 165:1.0 
-100.0 100.0 
-100.0 100.0 
-100.0 100.0 
-0.5606221626784145 0.6927773750190149 45:1.0 56:1.0 151:1.0 208:1.0 
-100.0 100.0 
-0.4662709084514963 99.99942061267342 57:1.0 
-100.0 100.0 
-0.44492248405104895 0.5775832861173542 23:1.0 82:1.0 183:1.0 
-100.0 100.0 
-100.0 100.0 
-100.0 100.0 
-0.0 1.4807546041356905 47:1.0 
-0.38127317900064367 0.6060327856116291 151:1.0 
-100.0 100.0 
-0.3416633222691828 0.4225543283427804 47:1.0 55:1.0 
-100.0 100.0 
-100.0 100.0 
-100.0 100.0 
-1.2781236511314564 0.7360864878565971 68:1.0 141:1.0 
-99.75785583911133 100.0 70:1.0 
-0.41889320973936306 1.5230318598180088 44:1.0 129:1.0 
-0.3382142257684216 100.0 37:1.0 
-100.0 100.0 
-100.0 100.0 
-100.0 0.5775384117985838 171:1.0 
-100.0 100.0 
-100.0 100.0 
-0.3244956148558779 0.27497537861089005 66:1.0 76:1.0 
-0.26733300938514903 0.4223463294884701 36:1.0 82:1.0 
-100.0 100.0 
-0.3496910796442077 0.4122758001750698 139:1.0 
-0.34128215230690206 0.5270771985421911 18:1.0 188:1.0 
-0.0010436034376701488 100.0 47:1.0 
-100.0 100.0 
-0.1861170215498368 100.0 44:1.0 
-100.0 100.0 
-99.37289240235194 100.0 85:1.0 
-100.0 100.0 
-100.0 100.0 
-100.0 100.0 
-0.3410122088890601 100.0 136:1.0 
-1.3264959741258444 1.4893318167735985 61:1.0 172:1.0 
-100.0 100.0 
-100.0 100.0 
-99.97425723965178 100.0 
-100.0 100.0 
-100.0 100.0 
-7.64192962574688E-4 0.0 15:1.0 
-0.0 0.5776074711297048 184:1.0 
-100.0 100.0 
-100.0 100.0 
-100.0 100.0 
-100.0 100.0 
-0.45541559248590946 0.5638455547573503 39:1.0 80:1.0 110:1.0 130:1.0 135:1.0 157:1.0 176:1.0 195:1.0 200:1.0 205:1.0 206:1.0 210:1.0 212:1.0 213:1.0 214:1.0 215:1.0 219:1.0 222:1.0 
-100.0 100.0 
-100.0 100.0 
-100.0 100.0 
-100.0 100.0 
-100.0 100.0 
-0.39178975485963785 99.91297044200634 152:1.0 
-0.00198754421350818 0.0 26:1.0 
-100.0 100.0 
-0.33858822979875347 0.38381914114595694 188:1.0 
-0.31231281450251097 0.38376434551675104 135:1.0 
-0.2468329470368189 0.3616298860019926 179:1.0 
-100.0 100.0 
-100.0 100.0 
-100.0 100.0 
-0.1027618796998992 0.0 155:1.0 
-100.0 100.0 
-0.5149548764233688 1.6948058188845485 16:1.0 129:1.0 187:1.0 
-100.0 100.0 
-100.0 100.0 
-100.0 100.0 
-0.46500421132493813 0.5772082895288462 143:1.0 
-1.0985585398706712 100.0 124:1.0 
-100.0 100.0 
-100.0 100.0 
-99.72902103756084 100.0 133:1.0 
-100.0 100.0 
-100.0 100.0 
-100.0 100.0 
-100.0 100.0 
-100.0 100.0 
-100.0 100.0 
-100.0 100.0 
-100.0 100.0 
-100.0 100.0 
-100.0 100.0 
-0.002119109171504684 0.0 91:1.0 
-0.4444574441791745 0.5507207038422105 25:1.0 42:1.0 
-0.48852915935322283 0.6619644642983088 30:1.0 123:1.0 199:1.0 
-0.3401836413969459 0.0 50:1.0 
-100.0 100.0 
-0.3408197148188909 1.407175487520854 92:1.0 109:1.0 
-0.4662084070040574 99.85679157117214 131:1.0 
-0.09771577415591942 0.0 51:1.0 
-100.0 100.0 
-100.0 100.0 
-100.0 100.0 
-100.0 100.0 
-0.46678202337697994 0.6963453496031695 59:1.0 145:1.0 
-100.0 100.0 
-100.0 100.0 
-0.31872988044397743 0.5411168653103962 20:1.0 
-100.0 100.0 
-0.4291113235836226 0.5596358094671426 45:1.0 56:1.0 63:1.0 97:1.0 208:1.0 
-100.0 0.0 55:1.0 
-100.0 100.0 
-0.34175827851074003 0.4230299314067849 2:1.0 93:1.0 
-100.0 100.0 
-0.9066313847783758 0.42198835461106304 29:1.0 
-100.0 100.0 
-100.0 100.0 124:1.0 
-100.0 100.0 
-100.0 100.0 
-100.0 100.0 
-100.0 100.0 
-0.34172173623413077 0.8279767695636117 112:1.0 115:1.0 
-100.0 100.0 
-100.0 100.0 
-0.2772973685313916 100.0 10:1.0 
-100.0 100.0 
-100.0 100.0 
-0.4061380174814005 100.0 89:1.0 
-100.0 100.0 
-100.0 100.0 
-8.766476098099804E-4 0.0 175:1.0 
-0.2908752613426567 0.31611848429621264 77:1.0 
-100.0 100.0 
-100.0 100.0 
-100.0 100.0 
-100.0 100.0 
-0.46645146169097945 100.0 13:1.0 
-100.0 100.0 
-100.0 100.0 
-100.0 100.0 
-0.3419337135865608 0.41941434385700105 23:1.0 175:1.0 
-100.0 100.0 
-100.0 100.0 
-100.0 100.0 
-100.0 100.0 
-100.0 100.0 
-100.0 100.0 
-0.26684432414414466 0.39144920452644666 51:1.0 82:1.0 
-100.0 100.0 
-100.0 100.0 
-0.46658434078475425 100.0 184:1.0 
-100.0 100.0 
-100.0 100.0 
-100.0 100.0 
-0.46613441250383 0.0 32:1.0 
-0.39030868363292165 1.1452203284278217 30:1.0 
-100.0 100.0 
-100.0 100.0 
-100.0 100.0 
-100.0 100.0 
-100.0 100.0 
-100.0 100.0 
-100.0 100.0 
-100.0 100.0 
-100.0 100.0 
-100.0 100.0 
-100.0 100.0 
-100.0 100.0 
-0.2672104446148127 1.4066590815483757 82:1.0 126:1.0 
-100.0 100.0 
-100.0 100.0 
-100.0 100.0 
-100.0 100.0 
-100.0 100.0 
-100.0 100.0 
-100.0 100.0 
-100.0 100.0 
-100.0 100.0 
-0.33913801911629693 100.0 112:1.0 
-100.0 100.0 
-100.0 100.0 
-100.0 100.0 
-100.0 100.0 
-100.0 100.0 
-100.0 100.0 
-100.0 100.0 
-100.0 100.0 
-1.3255534806600913 2.3906957580785684 105:1.0 124:1.0 
-100.0 100.0 
-100.0 100.0 
-100.0 100.0 
-100.0 100.0 
-100.0 100.0 
-100.0 100.0 
-100.0 100.0 
-6.916840948408093E-4 0.0 86:1.0 
-100.0 100.0 
-100.0 100.0 
-100.0 100.0 
-100.0 100.0 
-100.0 100.0 
-100.0 100.0 
-100.0 100.0 
-100.0 100.0 
-100.0 0.5774795760699917 32:1.0 
-100.0 100.0 
-100.0 100.0 
-100.0 100.0 
-100.0 100.0 
-1.3253246746553926 0.5778440039502457 169:1.0 
-100.0 100.0 
-100.0 100.0 
-0.36472305951819706 100.0 43:1.0 
-0.39845919796918705 100.0 179:1.0 186:1.0 196:1.0 
-0.20184568083434348 0.42222243263637926 159:1.0 178:1.0 
-100.0 100.0 
-100.0 100.0 
-0.0 0.5775463766034816 86:1.0 
-100.0 100.0 
-1.1458830403161142 0.5773570149054665 134:1.0 
-100.0 100.0 
-0.0 100.0 72:1.0 
-0.5095378462694157 0.3698008252073805 116:1.0 165:1.0 
-0.2942405858391388 100.0 125:1.0 
-100.0 100.0 
-0.34159020916562816 0.4230907923976863 29:1.0 135:1.0 
-0.465926616819627 99.97572096004497 48:1.0 
-100.0 100.0 
-100.0 100.0 
-100.0 100.0 
-100.0 100.0 
-0.4690873474691949 0.0 103:1.0 
-0.6390846973130451 0.7968906389823097 39:1.0 54:1.0 80:1.0 176:1.0 190:1.0 210:1.0 
-0.3679588263987684 2.079098797196788 120:1.0 
-0.3386728396396107 0.4220236604578645 26:1.0 
-0.3419735226106432 0.45367034917415927 44:1.0 155:1.0 
-0.4661286654229451 0.8620676671275451 36:1.0 37:1.0 144:1.0 
-100.0 100.0 
-99.97874789260044 0.4215375846647118 24:1.0 
-100.0 100.0 
-100.0 100.0 32:1.0 
-100.0 100.0 
-100.0 100.0 
-1.3009438232310295 0.6570701095456739 147:1.0 189:1.0 
-100.0 100.0 
-0.4803031373268317 0.9307400533964092 37:1.0 65:1.0 116:1.0 
-1.303379831204376 0.6715742433714165 22:1.0 141:1.0 
-100.0 100.0 
-100.0 100.0 
-100.0 100.0 
-0.2150773344655128 100.0 180:1.0 
-100.0 100.0 
-100.0 100.0 
-100.0 100.0 
-100.0 100.0 
-0.348914365899777 100.0 163:1.0 
-100.0 100.0 
-100.0 100.0 
-1.0184758669121523 0.5772963184195248 127:1.0 
-100.0 100.0 
-100.0 100.0 
-0.0012480928428848714 0.0 69:1.0 
-100.0 100.0 
-100.0 100.0 
-0.4657496208865919 100.0 86:1.0 
-100.0 100.0 
-100.0 100.0 
-0.34140926792794646 100.0 109:1.0 
-100.0 100.0 
-100.0 0.2667085812932624 55:1.0 
-100.0 100.0 
-99.99097594401023 100.0 139:1.0 
-100.0 100.0 
-100.0 100.0 
-100.0 100.0 
-100.0 100.0 
-100.0 100.0 
-1.3260252683003428 1.4062042161452382 87:1.0 159:1.0 
-100.0 100.0 
-100.0 100.0 
-100.0 100.0 
-100.0 100.0 
-100.0 100.0 
-100.0 100.0 
-100.0 100.0 
-0.46575169916174725 2.2349619101567253 177:1.0 
-100.0 100.0 
-100.0 100.0 
-100.0 100.0 
-100.0 100.0 
-100.0 100.0 
-100.0 100.0 
-100.0 100.0 
-100.0 100.0 
-0.4059984937695011 0.4996552215867105 183:1.0 
-100.0 100.0 
-100.0 100.0 
-100.0 100.0 
-100.0 100.0 
-100.0 100.0 
-100.0 100.0 23:1.0 
-100.0 100.0 
-0.3407041550571678 100.0 115:1.0 
-100.0 100.0 
-100.0 100.0 
-100.0 100.0 
-100.0 100.0 
-100.0 100.0 
-100.0 100.0 
-0.39675289711500755 2.3904872213973767 104:1.0 124:1.0 
-100.0 100.0 
-100.0 100.0 
-100.0 100.0 
-100.0 100.0 
-100.0 100.0 
-0.4666251892290428 100.0 62:1.0 
-100.0 100.0 
-100.0 100.0 
-100.0 100.0 
-100.0 100.0 
-100.0 100.0 
-100.0 100.0 
-100.0 100.0 
-100.0 100.0 
-100.0 100.0 
-100.0 100.0 
-0.26549493929148327 0.25697343990856153 15:1.0 
-100.0 100.0 
-100.0 1.4862594056559697 76:1.0 
-100.0 100.0 
-0.0 100.0 178:1.0 
-100.0 100.0 
-100.0 100.0 
-100.0 100.0 
-0.444796402049708 0.550383722276779 25:1.0 82:1.0 120:1.0 
-0.0 0.5863991138854863 69:1.0 
-100.0 100.0 59:1.0 
-100.0 100.0 
-100.0 100.0 
-100.0 100.0 
-100.0 100.0 
-100.0 100.0 
-0.3418267499060598 0.44935247072088175 102:1.0 139:1.0 
-100.0 100.0 
-100.0 100.0 
-100.0 100.0 
-100.0 100.0 
-100.0 100.0 
-100.0 100.0 
-100.0 100.0 
-100.0 100.0 
-100.0 100.0 
-100.0 100.0 
-99.99700492318965 1.2347877099996913 103:1.0 
-0.4550224462317018 100.0 95:1.0 
-100.0 100.0 
-100.0 100.0 
-100.0 100.0 
-100.0 100.0 
-100.0 100.0 
-0.3193353780449343 0.5672963601205937 22:1.0 163:1.0 
-99.98008281948547 100.0 121:1.0 
-0.46574962088659194 100.0 191:1.0 
-0.4132295908999603 0.5677005799342101 63:1.0 132:1.0 140:1.0 
-100.0 100.0 
-100.0 100.0 
-100.0 100.0 
-100.0 100.0 
-100.0 100.0 
-0.10330816304869397 0.21979062331580662 82:1.0 120:1.0 
-100.0 100.0 
-100.0 100.0 
-0.41454143316049036 0.5082701781520164 45:1.0 56:1.0 63:1.0 132:1.0 208:1.0 
-100.0 100.0 60:1.0 
-100.0 100.0 
-0.46492073750680085 99.9909905266709 69:1.0 
-100.0 100.0 
-100.0 100.0 
-100.0 100.0 
-100.0 100.0 
-100.0 100.0 
-1.3256369761454432 0.4228440417035498 24:1.0 166:1.0 
-100.0 100.0 
-100.0 100.0 
-100.0 100.0 
-100.0 100.0 
-100.0 100.0 
-0.17543767073429983 0.21024845142092335 122:1.0 
-100.0 100.0 
-1.198123555007984 99.81235266429236 47:1.0 
-100.0 100.0 
-100.0 100.0 
-0.08809023530094003 0.0 175:1.0 
-100.0 100.0 
-100.0 100.0 
-100.0 100.0 
-100.0 100.0 
-100.0 100.0 
-100.0 100.0 
-100.0 100.0 
-100.0 100.0 
-100.0 100.0 
-100.0 100.0 
-100.0 100.0 
-100.0 100.0 
-100.0 100.0 
-0.7953800907477807 1.0269284028753374 18:1.0 53:1.0 111:1.0 
-0.3639202407499482 100.0 72:1.0 
-100.0 100.0 
-0.21384913041223474 0.2659404055830673 2:1.0 
-100.0 100.0 
-0.0 99.44230043732487 178:1.0 
-100.0 100.0 
-0.6196509997540618 0.7672456366546166 39:1.0 80:1.0 110:1.0 130:1.0 135:1.0 176:1.0 190:1.0 195:1.0 200:1.0 205:1.0 206:1.0 210:1.0 213:1.0 215:1.0 219:1.0 222:1.0 
-100.0 100.0 
-100.0 100.0 
-100.0 100.0 
-100.0 100.0 
-100.0 100.0 
-100.0 100.0 
-99.98078886250872 99.97901670592816 118:1.0 
-0.6383526822624801 99.68781986769802 5:1.0 74:1.0 75:1.0 81:1.0 192:1.0 198:1.0 201:1.0 216:1.0 217:1.0 
-100.0 100.0 
-100.0 100.0 
-100.0 100.0 
-100.0 100.0 
-100.0 100.0 
-0.3386280581327727 0.4219587485164831 91:1.0 
-100.0 100.0 
-100.0 100.0 
-100.0 100.0 78:1.0 
-100.0 100.0 166:1.0 
-100.0 100.0 
-100.0 100.0 
-0.46650410103967244 1.0442064879730895 146:1.0 
-100.0 100.0 
-0.6080508097290354 100.0 41:1.0 160:1.0 211:1.0 
-100.0 100.0 
-100.0 100.0 
-0.4656517724477925 100.0 158:1.0 
-100.0 100.0 
-100.0 100.0 
-0.6080221246158789 0.753345670161086 117:1.0 156:1.0 209:1.0 
-100.0 100.0 
-100.0 100.0 
-100.0 100.0 
-100.0 100.0 
-100.0 100.0 
-100.0 100.0 
-100.0 100.0 
-0.46646333142759633 99.865962722692 49:1.0 
-0.3204034027192139 0.8882976368936571 150:1.0 
-100.0 100.0 
-100.0 100.0 
-100.0 100.0 
-100.0 100.0 
-100.0 100.0 
-100.0 100.0 
-100.0 0.4221420015933872 50:1.0 
-99.40415426725728 100.0 124:1.0 
-100.0 100.0 
-100.0 100.0 
-100.0 100.0 
-100.0 100.0 
-100.0 100.0 
-100.0 100.0 
-100.0 100.0 
-100.0 100.0 
-100.0 100.0 
-0.4132072728817806 2.390462328399396 78:1.0 162:1.0 
-100.0 100.0 
-0.34146902840571464 1.2235251273321968 101:1.0 142:1.0 
-100.0 100.0 
-100.0 100.0 
-100.0 100.0 
-0.0 99.22102904430325 82:1.0 
-0.2990150245731626 0.3698505209091008 39:1.0 54:1.0 80:1.0 110:1.0 130:1.0 135:1.0 157:1.0 176:1.0 195:1.0 200:1.0 205:1.0 206:1.0 210:1.0 212:1.0 213:1.0 214:1.0 215:1.0 219:1.0 222:1.0 
-1.1858766788655666 0.4231321031213195 166:1.0 178:1.0 
-100.0 100.0 
-100.0 100.0 
-100.0 100.0 
-100.0 100.0 
-100.0 100.0 
-93.58174966218162 95.24432137359436 
-0.0 -100.0 
-0.0 -100.0 
-0.0 -100.0 
-0.0 -100.0 
-1.5589328664800643 -1.7354235074717994 28:1.0 
-0.0 -100.0 
-0.0 -100.0 
-0.0 -2.2730746818530254 125:1.0 
-100.0 -1.7192581880180142 19:1.0 
-0.0 -100.0 
-0.0 -100.0 
-0.0 -100.0 
-0.0 -100.0 
-0.0 -100.0 
-0.0 -100.0 
-0.0 -100.0 
-100.0 -2.4856429874922354 79:1.0 
-0.0 -100.0 
-2.4676290355488963 -1.7864320271477425 53:1.0 103:1.0 
-0.0 -100.0 
-0.0 -100.0 
-0.0 -100.0 
-0.43137189212708626 -100.0 185:1.0 
-100.0 -1.7353296364320048 31:1.0 
-0.0 -100.0 
-0.10633844918648011 -100.0 68:1.0 
-0.0 -100.0 
-0.0 -100.0 
-0.0 -100.0 
-0.0 -100.0 
-0.0 -100.0 
-0.0 -100.0 
-0.0 -100.0 
-0.0 -100.0 
-0.682231289030592 -100.0 11:1.0 
-0.0 -100.0 
-0.0 -100.0 
-0.0 -100.0 
-0.0 -100.0 
-0.0 -100.0 
-0.6822807397470914 -100.0 191:1.0 
-0.747459699154368 -2.2524072951072562 23:1.0 120:1.0 
-0.0 -100.0 
-0.0 -100.0 
-0.0 -100.0 
-0.0 -100.0 
-0.0 -100.0 
-0.04732924170819742 -0.0 111:1.0 
-0.0 -100.0 
-0.6822156454469845 -100.0 145:1.0 
-0.0 -100.0 
-0.0 -100.0 
-0.0 -100.0 
-0.0 -100.0 
-2.995922783409577 -1.2676656784065075 164:1.0 168:1.0 
-0.0 -100.0 
-0.0 -100.0 
-0.0 -100.0 
-0.0 -100.0 
-0.0 -100.0 
-0.0 -100.0 
-0.0 -100.0 
-0.0 -100.0 
-0.0 -100.0 
-0.49940751913947984 -0.28425688484413997 35:1.0 173:1.0 
-0.0 -100.0 
-0.0 -100.0 
-0.0 -100.0 
-0.0 -100.0 
-100.0 -100.0 11:1.0 
-0.0 -100.0 
-0.0 -100.0 
-0.0 -100.0 
-0.0 -100.0 
-0.0 -100.0 
-0.0 -100.0 
-0.0 -100.0 
-0.027120017627638313 -1.7814193443611401 17:1.0 
-0.6825966437563493 -1.2679800104368575 35:1.0 146:1.0 
-0.0 -100.0 
-0.0 -100.0 
-0.0 -100.0 
-0.0 -100.0 
-0.0 -100.0 
-0.0 -100.0 159:1.0 
-0.09122416289921383 -100.0 96:1.0 
-0.0 -100.0 
-0.0 -100.0 
-0.0 -100.0 
-0.0 -100.0 47:1.0 
-0.0 -100.0 
-1.4452552179608091 -1.1894306986046257 13:1.0 14:1.0 
-0.3872448005998788 -100.0 43:1.0 
-0.003129595256381557 -2.3949270134217744 92:1.0 
-0.6819788512091001 -1.7356271416845865 52:1.0 
-0.0 -100.0 
-0.0 -100.0 
-0.0 -100.0 
-0.6013254299030155 -0.9916174538730472 30:1.0 33:1.0 113:1.0 
-0.0 -100.0 
-0.6818293303917579 -100.0 86:1.0 
-0.0 -100.0 
-0.6822371250318725 -100.0 69:1.0 
-0.6821408482065422 -100.0 102:1.0 
-0.0 -100.0 
-0.0 -100.0 
-0.0 -100.0 
-0.0 -100.0 
-0.0 -100.0 
-0.0 -100.0 
-1.0334912771260865 -1.8467951050600977 26:1.0 55:1.0 113:1.0 
-0.0 -100.0 
-0.0 -100.0 
-0.0 -100.0 
-0.0 -100.0 
-0.0 -2.86482299370173 38:1.0 
-0.0 -100.0 78:1.0 
-1.281481540199551 -100.0 159:1.0 
-0.06622737986782405 -0.0 173:1.0 
-0.6818347964292134 -100.0 48:1.0 
-0.0 -100.0 
-1.5335843181849917 -2.475285060519315 16:1.0 187:1.0 
-0.0 -100.0 
-0.0 -100.0 
-0.0 -100.0 
-0.0 -100.0 
-0.0 -100.0 
-0.0 -100.0 
-0.04513895454842952 -2.185619760320237 142:1.0 
-0.0 -100.0 
-0.0 -100.0 
-0.0 -100.0 
-0.0 -100.0 
-14.839216084019323 -100.0 
-1.1293451075719216 -100.0 47:1.0 
-100.0 -100.0 
-100.0 -100.0 
-100.0 -100.0 
-100.0 -100.0 
-1.483466937466281 -1.1517747980204445 44:1.0 164:1.0 
-100.0 -100.0 
-100.0 -100.0 
-100.0 -100.0 166:1.0 
-100.0 -100.0 
-100.0 -100.0 
-0.13617276805323106 -100.0 44:1.0 
-100.0 -100.0 
-0.0 -100.0 41:1.0 160:1.0 211:1.0 
-0.09646192957574118 -100.0 78:1.0 
-100.0 -100.0 
-0.6389718917234085 -3.2352399142654424 104:1.0 
-100.0 -100.0 
-100.0 -100.0 
-0.06042394042050904 -100.0 72:1.0 
-100.0 -100.0 
-100.0 -100.0 
-100.0 -100.0 
-100.0 -100.0 
-100.0 -100.0 
-100.0 -100.0 
-0.681782054526872 -100.0 93:1.0 
-0.4988587926941271 -100.0 49:1.0 
-100.0 -100.0 
-0.6424587287436304 -1.6936237498063613 97:1.0 
-100.0 -100.0 
-100.0 -100.0 
-100.0 -100.0 59:1.0 
-1.4457278797696127 -1.3789342906225996 33:1.0 138:1.0 
-100.0 -100.0 
-100.0 -100.0 
-0.0 -1.8469565821048013 34:1.0 76:1.0 193:1.0 
-100.0 -100.0 
-0.0 -100.0 124:1.0 
-100.0 -100.0 
-100.0 -100.0 
-100.0 -100.0 
-100.0 -100.0 
-0.650201562596743 -1.5741870931797322 13:1.0 144:1.0 
-100.0 -100.0 
-0.7014145625584153 -3.49399981640955 162:1.0 
-100.0 -1.5707416239008452 58:1.0 
-100.0 -100.0 
-0.6395485146775611 -0.28377977667951415 71:1.0 149:1.0 
-100.0 -100.0 
-0.0058720003469825135 -100.0 124:1.0 
-100.0 -100.0 
-100.0 -100.0 
-100.0 -100.0 
-100.0 -100.0 
-100.0 -100.0 
-0.021910412241058164 -99.77992935851182 126:1.0 
-0.9560353843886835 -1.73566725952985 64:1.0 
-100.0 -100.0 
-100.0 -100.0 
-7.767901810170795E-4 -1.7355972434864324 119:1.0 
-100.0 -100.0 
-100.0 -100.0 
-100.0 -100.0 
-0.0 -100.0 179:1.0 186:1.0 196:1.0 
-1.251505407521882 -1.2193226964928232 47:1.0 58:1.0 172:1.0 
-0.0191065524118295 -99.97993980001533 125:1.0 
-100.0 -100.0 
-100.0 -100.0 
-0.6821074668959892 -100.0 82:1.0 
-100.0 -100.0 
-1.4835688936778666 -1.5090662776799768 70:1.0 141:1.0 
-100.0 -100.0 
-100.0 -100.0 
-0.003859545374295953 -99.90591858639796 38:1.0 
-100.0 -100.0 
-100.0 -100.0 
-100.0 -100.0 
-100.0 -100.0 
-100.0 -0.8841185366388093 27:1.0 108:1.0 
-0.08261130009757144 -0.0 35:1.0 
-0.8061898026308661 -1.1006772002738585 17:1.0 97:1.0 178:1.0 180:1.0 
-100.0 -100.0 
-100.0 -100.0 
-100.0 -100.0 
-100.0 -100.0 
-0.03531762864738891 -0.008435773629079858 153:1.0 
-100.0 -100.0 
-100.0 -100.0 
-100.0 -100.0 
-100.0 -100.0 
-100.0 -100.0 
-100.0 -100.0 
-100.0 -100.0 
-100.0 -100.0 
-100.0 -100.0 
-0.03272619851964519 -0.489476637383161 9:1.0 
-100.0 -100.0 
-100.0 -100.0 
-100.0 -100.0 85:1.0 
-100.0 -100.0 
-100.0 -100.0 
-100.0 -100.0 
-98.71929402939992 -100.0 
-0.49937718380710083 -1.8471515810770593 49:1.0 115:1.0 
-0.1366218434150142 -100.0 152:1.0 
-100.0 -100.0 
-100.0 -100.0 
-100.0 -100.0 
-100.0 -100.0 
-100.0 -100.0 
-100.0 -100.0 
-100.0 -100.0 
-100.0 -100.0 
-0.6788154267728884 -99.8584083068268 92:1.0 
-0.49921368093522855 -1.9190062487852728 47:1.0 180:1.0 
-100.0 -100.0 
-100.0 -100.0 
-100.0 -100.0 
-100.0 -100.0 
-100.0 -100.0 
-0.867558963829097 -0.9582842958586272 71:1.0 79:1.0 113:1.0 
-0.0 -3.0659771863184826 173:1.0 
-0.019021794283377032 -100.0 70:1.0 
-100.0 -100.0 
-0.4076957118080926 -100.0 78:1.0 
-100.0 -100.0 
-100.0 -100.0 
-100.0 -100.0 
-100.0 -2.6153119402734712 105:1.0 
-100.0 -100.0 
-0.6155695430589804 -99.8990466935418 17:1.0 
-100.0 -100.0 
-100.0 -100.0 
-0.0 -1.4097584119859543 98:1.0 
-100.0 -100.0 
-1.4826351848368544 -2.2415647275771104 6:1.0 
-100.0 -100.0 
-100.0 -100.0 
-100.0 -100.0 
-100.0 -100.0 
-100.0 -100.0 
-100.0 -100.0 
-100.0 -100.0 
-100.0 -100.0 
-100.0 -100.0 
-100.0 -100.0 
-100.0 -100.0 
-100.0 -100.0 
-100.0 -100.0 
-100.0 -100.0 
-100.0 -100.0 
-100.0 -100.0 
-100.0 -100.0 
-0.6825345660793058 -2.252625722171436 150:1.0 178:1.0 
-100.0 -100.0 
-100.0 -100.0 
-100.0 -100.0 
-1.24028506385639 -1.7356479652186731 12:1.0 
-100.0 -100.0 
-100.0 -100.0 
-0.6818419350475106 -100.0 21:1.0 
-100.0 -100.0 
-100.0 -100.0 
-0.822180123739625 -1.268230849162993 19:1.0 88:1.0 
-0.05824646118156383 -100.0 178:1.0 
-100.0 -100.0 
-100.0 -100.0 
-100.0 -100.0 
-100.0 -100.0 
-100.0 -100.0 
-100.0 -100.0 
-100.0 -100.0 
-100.0 -100.0 
-100.0 -100.0 
-100.0 -100.0 
-100.0 -1.630101623257923 87:1.0 
-100.0 -100.0 139:1.0 
-0.66287116756854 -100.0 125:1.0 
-100.0 -100.0 
-0.8433514816701687 -100.0 70:1.0 
-0.8878150921335807 -1.19250271312435 30:1.0 41:1.0 123:1.0 160:1.0 199:1.0 211:1.0 
-0.44672828647880997 -2.272480356447355 149:1.0 
-0.6820733689072102 -100.0 18:1.0 
-100.0 -100.0 
-100.0 -100.0 
-100.0 -100.0 
-100.0 -100.0 
-100.0 -100.0 
-0.6606840347416016 -2.5896576969765466 126:1.0 
-0.6824280943081483 -100.0 20:1.0 185:1.0 
-100.0 -100.0 
-0.6827413521403386 -2.6416741980543907 129:1.0 
-100.0 -100.0 
-100.0 -100.0 
-100.0 -100.0 
-100.0 -100.0 
-100.0 -100.0 
-0.4840702092059621 -100.0 78:1.0 98:1.0 
-0.6819205189585325 -100.0 57:1.0 
-100.0 -100.0 
-100.0 -100.0 
-100.0 -100.0 
-100.0 -100.0 
-100.0 -100.0 
-100.0 -100.0 
-100.0 -100.0 
-100.0 -100.0 
-100.0 -100.0 
-100.0 -100.0 
-100.0 -100.0 
-0.07752647021072681 -100.0 37:1.0 
-100.0 -100.0 
-100.0 -100.0 
-1.0983054370364085 -0.0 34:1.0 76:1.0 193:1.0 
-100.0 -100.0 
-100.0 -100.0 
-100.0 -100.0 
-100.0 -100.0 
-100.0 -0.8454131386864072 164:1.0 
-0.8890922494589202 -100.0 179:1.0 186:1.0 196:1.0 
-100.0 -100.0 
-100.0 -100.0 
-100.0 -100.0 
-100.0 -100.0 
-100.0 -100.0 
-100.0 -100.0 
-100.0 -100.0 
-1.5885936834200862 -100.0 124:1.0 
-1.536742064969843 -1.152730006510308 87:1.0 100:1.0 174:1.0 
-100.0 -100.0 
-100.0 -100.0 60:1.0 
-100.0 -100.0 
-0.0 -100.0 13:1.0 
-0.4268224735357704 -1.4354104293358196 30:1.0 33:1.0 
-100.0 -100.0 
-1.483384480128449 -1.2678889908339617 87:1.0 152:1.0 
-1.0750824872483957 -100.0 142:1.0 
-100.0 -100.0 
-100.0 -3.1325281322055942 78:1.0 
-100.0 -100.0 
-100.0 -100.0 
-100.0 -100.0 
-0.1361810432171734 -1.2691050507331023 106:1.0 
-100.0 -100.0 
-100.0 -100.0 
-100.0 -100.0 
-100.0 -100.0 
-100.0 -100.0 
-1.3504861373435324 -2.2522542236229053 76:1.0 177:1.0 
-0.6822234448427461 -100.0 163:1.0 
-100.0 -100.0 
-100.0 -100.0 
-100.0 -100.0 
-100.0 -100.0 
-100.0 -100.0 
-100.0 -100.0 
-100.0 -100.0 
-100.0 -100.0 
-100.0 -100.0 
-100.0 -100.0 
-100.0 -100.0 
-0.9980342104548914 -1.1862076586932397 10:1.0 147:1.0 182:1.0 
-100.0 -100.0 
-100.0 -100.0 
-0.0 -0.8840171320823931 98:1.0 114:1.0 
-100.0 -100.0 
-0.057290707405321745 -100.0 109:1.0 
-0.8841960769578832 -100.0 63:1.0 140:1.0 151:1.0 
-100.0 -100.0 
-100.0 -100.0 
-100.0 -100.0 
-100.0 -100.0 
-100.0 -100.0 
-100.0 -100.0 
-100.0 -100.0 
-0.020781822390936205 -2.283407316424413 61:1.0 
-100.0 -100.0 
-100.0 -100.0 
-100.0 -100.0 
-100.0 -100.0 
-100.0 -100.0 
-0.6813883886427535 -0.0 119:1.0 
-0.5618096862513929 -1.2685489218208181 111:1.0 116:1.0 
-100.0 -100.0 
-100.0 -100.0 
-100.0 -100.0 
-100.0 -100.0 
-100.0 -100.0 
-100.0 -100.0 
-100.0 -100.0 
-100.0 -100.0 
-1.3507832949524605 -2.2525757313582013 16:1.0 177:1.0 
-100.0 -100.0 
-0.4980731510904068 -100.0 115:1.0 
-100.0 -100.0 
-100.0 -100.0 
-100.0 -100.0 
-100.0 -100.0 124:1.0 
-100.0 -100.0 
-100.0 -100.0 
-100.0 -100.0 
-100.0 -100.0 
-100.0 -100.0 
-100.0 -100.0 
-1.4838111808189858 -1.268143762908897 40:1.0 106:1.0 
-0.6817672182478304 -100.0 112:1.0 
-100.0 -100.0 
-100.0 -0.0 119:1.0 
-100.0 -100.0 
-100.0 -100.0 
-100.0 -100.0 
-100.0 -100.0 
-100.0 -100.0 
-100.0 -100.0 
-100.0 -100.0 
-100.0 -100.0 
-100.0 -100.0 
-0.13617412192091827 -100.0 158:1.0 
-100.0 -100.0 
-100.0 -100.0 
-100.0 -100.0 23:1.0 
-100.0 -100.0 
-0.45826392836020363 -100.0 180:1.0 
-100.0 -100.0 
-0.0 -1.1927918944684166 41:1.0 160:1.0 211:1.0 
-100.0 -100.0 
-100.0 -100.0 
-100.0 -100.0 
-0.8450641882689759 -0.0 41:1.0 160:1.0 211:1.0 
-100.0 -100.0 
-99.88802455497697 -3.9918902110019037 124:1.0 
-100.0 -100.0 
-100.0 -100.0 
-100.0 -100.0 121:1.0 
-100.0 -100.0 
-100.0 -100.0 
-100.0 -100.0 
-100.0 -100.0 
-0.05063013006181926 -100.0 90:1.0 
-100.0 -100.0 
-100.0 -100.0 
-100.0 -100.0 
-100.0 -100.0 
-100.0 -100.0 
-100.0 -100.0 
-100.0 -100.0 
-100.0 -100.0 
-100.0 -100.0 
-100.0 -100.0 
-0.575952937362151 -100.0 68:1.0 
-100.0 -100.0 
-100.0 -100.0 
-0.0 -1.4074177441837972 111:1.0 
-100.0 -100.0 
-1.4833080121579265 -1.7349817938791543 46:1.0 131:1.0 
-100.0 -100.0 
-0.678009608808072 -0.0 38:1.0 
-100.0 -100.0 
-1.4833860028742232 -2.252459091336469 42:1.0 158:1.0 
-100.0 -100.0 
-0.6808556812513813 -0.0 61:1.0 
-100.0 -100.0 
-100.0 -100.0 
-100.0 -100.0 
-0.34315941457558113 -100.0 113:1.0 
-100.0 -1.410173520955926 27:1.0 
-100.0 -100.0 
-100.0 -100.0 
-100.0 -100.0 
-100.0 -100.0 
-100.0 -100.0 
-0.33267357310807505 -100.0 178:1.0 
-100.0 -1.2515522921141755 34:1.0 76:1.0 94:1.0 148:1.0 167:1.0 193:1.0 197:1.0 204:1.0 207:1.0 218:1.0 220:1.0 
-100.0 -100.0 
-0.8628140811613921 -1.263266744909124 65:1.0 104:1.0 116:1.0 151:1.0 
-100.0 -100.0 
-100.0 -100.0 
-100.0 -100.0 
-100.0 -100.0 
-100.0 -100.0 
-100.0 -100.0 133:1.0 
-100.0 -100.0 
-0.784312200095792 -0.9800642230389618 8:1.0 182:1.0 
-100.0 -100.0 
-100.0 -100.0 
-0.9335138683042199 -100.0 5:1.0 74:1.0 75:1.0 81:1.0 192:1.0 198:1.0 201:1.0 216:1.0 217:1.0 
-100.0 -100.0 
-100.0 -100.0 
-100.0 -100.0 
-100.0 -100.0 
-100.0 -100.0 
-100.0 -100.0 
-100.0 -100.0 
-100.0 -100.0 
-100.0 -100.0 
-100.0 -100.0 
-100.0 -100.0 
-100.0 -100.0 
-100.0 -100.0 145:1.0 
-100.0 -100.0 
-100.0 -100.0 
-100.0 -100.0 
-100.0 -100.0 
-100.0 -100.0 
-100.0 -100.0 
-0.6817180930163296 -100.0 136:1.0 
-0.6043658635228291 -1.9783750357670988 37:1.0 
-100.0 -100.0 
-100.0 -100.0 
-100.0 -100.0 
-100.0 -100.0 
-100.0 -100.0 
-100.0 -100.0 
-0.42862456047451303 -0.0 111:1.0 
-100.0 -100.0 
-100.0 -100.0 
-100.0 -100.0 
-100.0 -100.0 
-100.0 -100.0 
-100.0 -100.0 
-1.281841942355311 -1.7412009318060875 190:1.0 
-100.0 -100.0 
-100.0 -100.0 
-0.4323407947655979 -0.0 173:1.0 
-100.0 -100.0 
-100.0 -100.0 
-100.0 -100.0 
-0.6820009516855723 -100.0 89:1.0 
-100.0 -100.0 
-0.6821062827733306 -100.0 184:1.0 
-99.88912377947669 -100.0 70:1.0 
-100.0 -100.0 
-100.0 -100.0 
-100.0 -100.0 
-100.0 -100.0 
-100.0 -100.0 
-100.0 -100.0 
-100.0 -100.0 
-100.0 -100.0 
-100.0 -100.0 
-0.6222553724403264 -100.0 72:1.0 
-0.8028929845434439 -1.7759941832793036 43:1.0 99:1.0 
-100.0 -100.0 32:1.0 
-100.0 -100.0 
-0.7768888945228323 -2.2524863491042395 85:1.0 116:1.0 
-100.0 -100.0 
-100.0 -100.0 
-100.0 -100.0 
-100.0 -100.0 
-100.0 -100.0 
-100.0 -100.0 
-100.0 -100.0 23:1.0 
-100.0 -100.0 118:1.0 
-100.0 -100.0 
-100.0 -100.0 
-100.0 -0.0 31:1.0 
-100.0 -100.0 
-1.4684431177053932 -0.0 98:1.0 114:1.0 
-100.0 -100.0 
-100.0 -100.0 
-100.0 -100.0 
-100.0 -100.0 23:1.0 
-100.0 -100.0 
-100.0 -100.0 
-100.0 -100.0 
-100.0 -100.0 
-100.0 -100.0 
-100.0 -100.0 
-100.0 -100.0 
-100.0 -100.0 
-100.0 -100.0 
-0.5476123224015875 -100.0 10:1.0 
-100.0 -100.0 
-100.0 -100.0 
-100.0 -100.0 
-100.0 -100.0 
-100.0 -100.0 
-100.0 -100.0 
-100.0 -100.0 
-1.4822678351003704 -100.0 4:1.0 
-100.0 -100.0 
-0.6249102797043491 -100.0 109:1.0 
-100.0 -100.0 
-0.5910185064821374 -100.0 96:1.0 
-100.0 -100.0 
-0.6311735654532314 -100.0 90:1.0 
-0.681829330391758 -100.0 95:1.0 
-100.0 -100.0 
-0.13632927881610132 -100.0 131:1.0 
-100.0 -100.0 
-100.0 -100.0 
-100.0 -100.0 
-100.0 -100.0 
-100.0 -100.0 
-100.0 -100.0 
-100.0 -100.0 
-100.0 -1.5013083997451588 71:1.0 
-100.0 -100.0 25:1.0 
-100.0 -100.0 
-100.0 -100.0 
-100.0 -1.2146514279519909 182:1.0 
-100.0 -100.0 
-100.0 -100.0 
-0.7335173282150527 -2.2519996337625385 3:1.0 120:1.0 
-100.0 -100.0 
-0.0 -1.7268486221534403 153:1.0 
-0.6467035231540444 -100.0 153:1.0 
-100.0 -100.0 
-100.0 -100.0 
-100.0 -100.0 
-0.6490968248141811 -1.2459730709791756 9:1.0 
-100.0 -100.0 
-100.0 -100.0 
-100.0 -100.0 
-100.0 -100.0 
-100.0 -100.0 
-100.0 -100.0 
-0.6819220501722543 -100.0 62:1.0 
-100.0 -100.0 
-100.0 -100.0 
-100.0 -100.0 
-100.0 -100.0 
-100.0 -100.0 
-100.0 -100.0 
-100.0 -100.0 
-100.0 -100.0 
-100.0 -100.0 
-100.0 -100.0 142:1.0 
-100.0 -100.0 
-100.0 -100.0 
-100.0 -100.0 
-100.0 -100.0 
-100.0 -100.0 
-0.16437501566129792 -1.16465396323654 35:1.0 
-91.66661585520791 -100.0 
