svm_type c_svc
kernel_type rbf
gamma 1.0E-5
nr_class 3
total_sv 1914
rho 0.9998778998851758 0.9998660683631901 -0.9999789059162123
label 2 0 1
nr_sv 516 716 682
SV
0.1 0.1 
0.1 0.1 
0.1 0.1 
0.1 0.1 76:1.0 94:1.0 167:1.0 181:1.0 197:1.0 207:1.0 220:1.0 
0.1 0.1 
0.1 0.1 100:1.0 142:1.0 
0.1 0.1 
0.1 0.1 
0.1 0.1 
0.1 0.1 
0.1 0.1 
0.1 0.1 
0.1 0.1 
0.1 0.1 
0.1 0.1 
0.1 0.1 42:1.0 164:1.0 168:1.0 
0.1 0.1 138:1.0 
0.1 0.1 
0.1 0.1 
0.1 0.1 
0.1 0.1 
0.1 0.1 
0.1 0.1 32:1.0 
0.1 0.1 
0.1 0.1 
0.1 0.1 60:1.0 
0.1 0.1 
0.1 0.1 
0.1 0.1 103:1.0 
0.1 0.1 
0.1 0.1 
0.1 0.1 
0.1 0.1 
0.1 0.1 
0.1 0.1 
0.1 0.1 71:1.0 
0.1 0.1 
0.1 0.1 
0.1 0.1 
0.1 0.1 
0.1 0.1 12:1.0 28:1.0 73:1.0 
0.1 0.1 
0.1 0.1 76:1.0 94:1.0 167:1.0 181:1.0 197:1.0 207:1.0 220:1.0 
0.1 0.1 
0.1 0.1 
0.1 0.1 
0.1 0.1 7:1.0 
0.1 0.1 
0.1 0.1 
0.1 0.1 
0.1 0.1 
0.1 0.1 
0.1 0.1 100:1.0 
0.1 0.1 
0.1 0.1 
0.1 0.1 
0.1 0.1 50:1.0 
0.1 0.1 
0.1 0.1 
0.1 0.1 
0.1 0.1 133:1.0 
0.1 0.1 
0.1 0.1 
0.1 0.1 
0.1 0.1 
0.1 0.1 114:1.0 
0.1 0.1 16:1.0 
0.1 0.1 142:1.0 
0.1 0.1 
0.1 0.1 
0.1 0.1 34:1.0 76:1.0 94:1.0 148:1.0 167:1.0 193:1.0 197:1.0 204:1.0 207:1.0 218:1.0 220:1.0 
0.1 0.1 14:1.0 181:1.0 
0.1 0.1 
0.1 0.1 
0.1 0.1 
0.1 0.1 14:1.0 
0.1 0.1 
0.1 0.1 11:1.0 
0.1 0.1 
0.1 0.1 
0.1 0.1 
0.1 0.1 
0.1 0.1 
0.1 0.1 
0.1 0.1 
0.1 0.1 
0.1 0.1 
0.1 0.1 
0.1 0.1 
0.1 0.1 
0.1 0.1 114:1.0 164:1.0 
0.1 0.1 174:1.0 
0.1 0.1 34:1.0 76:1.0 94:1.0 148:1.0 167:1.0 193:1.0 197:1.0 204:1.0 207:1.0 218:1.0 220:1.0 
0.1 0.1 
0.1 0.1 174:1.0 
0.1 0.1 
0.1 0.1 
0.1 0.1 12:1.0 147:1.0 
0.1 0.1 
0.1 0.1 
0.1 0.1 
0.1 0.1 
0.1 0.1 
0.1 0.1 114:1.0 
0.1 0.1 
0.1 0.1 
0.1 0.1 
0.1 0.1 133:1.0 
0.1 0.1 
0.1 0.1 
0.1 0.1 
0.1 0.1 
0.1 0.1 
0.1 0.1 
0.1 0.1 
0.1 0.1 55:1.0 
0.1 0.1 94:1.0 
0.1 0.1 
0.1 0.1 
0.1 0.1 
0.1 0.1 
0.1 0.1 181:1.0 
0.1 0.1 
0.1 0.1 
0.1 0.1 
0.1 0.1 1:1.0 84:1.0 
0.1 0.1 
0.1 0.1 
0.1 0.1 
0.1 0.1 
0.1 0.1 
0.1 0.1 
0.1 0.1 59:1.0 
0.1 0.1 
0.1 0.1 
0.1 0.1 
0.1 0.1 
0.1 0.1 
0.1 0.1 
0.1 0.1 
0.1 0.1 
0.1 0.1 
0.1 0.1 128:1.0 137:1.0 154:1.0 194:1.0 202:1.0 221:1.0 
0.1 0.1 139:1.0 
0.1 0.1 
0.1 0.1 
0.1 0.1 
0.1 0.1 
0.1 0.1 
0.1 0.1 
0.1 0.1 
0.1 0.1 
0.1 0.1 
0.1 0.1 
0.1 0.1 99:1.0 164:1.0 
0.1 0.1 
0.1 0.1 
0.1 0.1 
0.1 0.1 
0.1 0.1 4:1.0 6:1.0 
0.1 0.1 124:1.0 
0.1 0.1 4:1.0 6:1.0 85:1.0 
0.1 0.1 87:1.0 
0.1 0.1 
0.1 0.1 14:1.0 
0.1 0.1 
0.1 0.1 121:1.0 
0.1 0.1 27:1.0 108:1.0 
0.1 0.1 170:1.0 
0.1 0.1 87:1.0 
0.1 0.1 47:1.0 124:1.0 
0.1 0.1 
0.1 0.1 
0.1 0.1 78:1.0 
0.1 0.1 
0.1 0.1 53:1.0 64:1.0 172:1.0 
0.1 0.1 32:1.0 
0.1 0.1 
0.1 0.1 
0.1 0.1 
0.1 0.1 
0.1 0.1 40:1.0 
0.1 0.1 
0.1 0.1 
0.1 0.1 
0.1 0.1 
0.1 0.1 23:1.0 76:1.0 167:1.0 197:1.0 
0.1 0.1 
0.1 0.1 
0.1 0.1 
0.1 0.1 
0.1 0.1 
0.1 0.1 
0.1 0.1 
0.1 0.1 
0.1 0.1 
0.1 0.1 58:1.0 
0.1 0.1 
0.1 0.1 
0.1 0.1 
0.1 0.1 
0.1 0.1 23:1.0 
0.1 0.1 
0.1 0.1 
0.1 0.1 
0.1 0.1 
0.1 0.1 
0.1 0.1 
0.1 0.1 
0.1 0.1 
0.1 0.1 164:1.0 
0.1 0.1 168:1.0 
0.1 0.1 
0.1 0.1 76:1.0 
0.1 0.1 
0.1 0.1 114:1.0 
0.1 0.1 
0.1 0.1 
0.1 0.1 25:1.0 
0.1 0.1 
0.1 0.1 23:1.0 
0.1 0.1 
0.1 0.1 
0.1 0.1 100:1.0 
0.1 0.1 
0.1 0.1 166:1.0 
0.1 0.1 
0.1 0.1 108:1.0 
0.1 0.1 
0.1 0.1 79:1.0 
0.1 0.1 
0.1 0.1 
0.1 0.1 134:1.0 190:1.0 
0.1 0.1 
0.1 0.1 
0.1 0.1 58:1.0 
0.1 0.1 16:1.0 
0.1 0.1 
0.1 0.1 94:1.0 147:1.0 148:1.0 189:1.0 204:1.0 
0.1 0.1 
0.1 0.1 
0.1 0.1 12:1.0 28:1.0 73:1.0 94:1.0 189:1.0 
0.1 0.1 70:1.0 79:1.0 
0.1 0.1 
0.1 0.1 
0.1 0.1 
0.1 0.1 67:1.0 76:1.0 
0.1 0.1 
0.1 0.1 70:1.0 
0.1 0.1 166:1.0 
0.1 0.1 
0.1 0.1 
0.1 0.1 
0.1 0.1 
0.1 0.1 
0.1 0.1 124:1.0 
0.1 0.1 
0.1 0.1 
0.1 0.1 
0.1 0.1 
0.1 0.1 
0.1 0.1 128:1.0 137:1.0 154:1.0 194:1.0 202:1.0 221:1.0 
0.1 0.1 
0.1 0.1 147:1.0 
0.1 0.1 
0.1 0.1 
0.1 0.1 105:1.0 
0.1 0.1 
0.1 0.1 
0.1 0.1 
0.1 0.1 
0.1 0.1 55:1.0 
0.1 0.1 31:1.0 84:1.0 
0.1 0.1 
0.1 0.1 
0.1 0.1 31:1.0 
0.1 0.1 31:1.0 
0.1 0.1 
0.1 0.1 
0.1 0.1 
0.1 0.1 
0.1 0.1 
0.1 0.1 
0.1 0.1 
0.1 0.1 166:1.0 
0.1 0.1 
0.1 0.1 
0.1 0.1 
0.1 0.1 
0.1 0.1 84:1.0 165:1.0 
0.1 0.1 
0.1 0.1 
0.1 0.1 
0.1 0.1 
0.1 0.1 
0.1 0.1 
0.1 0.1 172:1.0 
0.1 0.1 166:1.0 
0.1 0.1 
0.1 0.1 
0.1 0.1 164:1.0 
0.1 0.1 
0.1 0.1 
0.1 0.1 
0.1 0.1 
0.1 0.1 
0.1 0.1 133:1.0 168:1.0 
0.1 0.1 
0.1 0.1 
0.1 0.1 
0.1 0.1 
0.1 0.1 24:1.0 
0.1 0.1 
0.1 0.1 
0.1 0.1 
0.1 0.1 
0.1 0.1 
0.1 0.1 
0.1 0.1 100:1.0 
0.1 0.1 
0.1 0.1 
0.1 0.1 84:1.0 127:1.0 
0.1 0.1 161:1.0 
0.1 0.1 
0.1 0.1 
0.1 0.1 
0.1 0.1 
0.1 0.1 
0.1 0.1 
0.1 0.1 
0.1 0.1 
0.1 0.1 19:1.0 
0.1 0.1 
0.1 0.1 170:1.0 
0.1 0.1 
0.1 0.1 
0.1 0.1 
0.1 0.1 
0.1 0.1 
0.1 0.1 
0.1 0.1 164:1.0 
0.1 0.1 
0.1 0.1 
0.1 0.1 
0.1 0.1 
0.1 0.1 
0.1 0.1 
0.1 0.1 
0.1 0.1 
0.1 0.1 
0.1 0.1 
0.1 0.1 
0.1 0.1 
0.1 0.1 
0.1 0.1 
0.1 0.1 
0.1 0.1 
0.1 0.1 
0.1 0.1 
0.1 0.1 
0.1 0.1 
0.1 0.1 
0.1 0.1 
0.1 0.1 
0.1 0.1 
0.1 0.1 73:1.0 
0.1 0.1 
0.1 0.1 
0.1 0.1 
0.1 0.1 40:1.0 
0.1 0.1 
0.1 0.1 
0.1 0.1 
0.1 0.1 
0.1 0.1 
0.1 0.1 
0.1 0.1 
0.1 0.1 
0.1 0.1 27:1.0 101:1.0 
0.1 0.1 
0.1 0.1 
0.1 0.1 
0.1 0.1 60:1.0 
0.1 0.1 
0.1 0.1 46:1.0 
0.1 0.1 
0.1 0.1 
0.1 0.1 
0.1 0.1 
0.1 0.1 
0.1 0.1 
0.1 0.1 
0.1 0.1 
0.1 0.1 
0.1 0.1 
0.1 0.1 1:1.0 101:1.0 
0.1 0.1 
0.1 0.1 
0.1 0.1 
0.1 0.1 
0.1 0.1 
0.1 0.1 
0.1 0.1 145:1.0 
0.1 0.1 
0.1 0.1 27:1.0 108:1.0 
0.1 0.1 
0.1 0.1 
0.1 0.1 
0.1 0.1 
0.1 0.1 119:1.0 
0.1 0.1 
0.1 0.1 
0.1 0.1 
0.1 0.1 
0.1 0.1 
0.1 0.1 
0.1 0.1 
0.1 0.1 
0.1 0.1 
0.1 0.1 
0.1 0.1 
0.1 0.1 
0.1 0.1 28:1.0 87:1.0 
0.1 0.1 
0.1 0.1 
0.1 0.1 
0.1 0.1 
0.1 0.1 
0.1 0.1 159:1.0 169:1.0 
0.1 0.1 
0.1 0.1 
0.1 0.1 
0.1 0.1 
0.1 0.1 
0.1 0.1 8:1.0 46:1.0 61:1.0 64:1.0 162:1.0 
0.1 0.1 27:1.0 
0.1 0.1 182:1.0 
0.1 0.1 
0.1 0.1 
0.1 0.1 
0.1 0.1 
0.1 0.1 22:1.0 46:1.0 64:1.0 
0.1 0.1 
0.1 0.1 
0.1 0.1 
0.1 0.1 
0.1 0.1 
0.1 0.1 
0.1 0.1 171:1.0 
0.1 0.1 
0.1 0.1 1:1.0 29:1.0 
0.1 0.1 
0.1 0.1 
0.1 0.1 141:1.0 
0.1 0.1 7:1.0 
0.1 0.1 85:1.0 
0.1 0.1 
0.1 0.1 
0.1 0.1 
0.1 0.1 128:1.0 137:1.0 154:1.0 194:1.0 202:1.0 221:1.0 
0.1 0.1 28:1.0 73:1.0 
0.1 0.1 
0.1 0.1 
0.1 0.1 
0.1 0.1 
0.1 0.1 
0.1 0.1 
0.1 0.1 
0.1 0.1 42:1.0 
0.1 0.1 7:1.0 
0.1 0.1 
0.1 0.1 1:1.0 101:1.0 
0.1 0.1 
0.1 0.1 
0.1 0.1 
0.1 0.1 
0.1 0.1 
0.1 0.1 
0.1 0.1 
0.1 0.1 
0.1 0.1 
0.1 0.1 
0.1 0.1 
0.1 0.1 
0.1 0.1 53:1.0 
0.1 0.1 
0.1 0.1 
0.1 0.1 
0.1 0.1 
0.1 0.1 100:1.0 
0.1 0.1 
0.1 0.1 
0.1 0.1 
0.1 0.1 164:1.0 
0.1 0.1 
0.1 0.1 
0.1 0.1 
0.1 0.1 67:1.0 94:1.0 124:1.0 148:1.0 167:1.0 187:1.0 204:1.0 207:1.0 218:1.0 
0.1 0.1 
0.1 0.1 100:1.0 
0.1 0.1 
0.1 0.1 
0.1 0.1 
0.1 0.1 
0.1 0.1 
0.1 0.1 40:1.0 
0.1 0.1 58:1.0 
0.1 0.1 
0.1 0.1 
0.1 0.1 
0.1 0.1 42:1.0 
0.1 0.1 
0.1 0.1 23:1.0 
0.1 0.1 76:1.0 167:1.0 197:1.0 
0.1 0.1 
0.1 0.1 118:1.0 
-0.1 0.1 142:1.0 
-0.0 0.1 116:1.0 159:1.0 
-0.0 0.1 8:1.0 77:1.0 
-0.0 0.1 90:1.0 
-0.1 0.1 4:1.0 
-0.0 0.1 107:1.0 203:1.0 
-0.0 0.1 11:1.0 
-0.0 0.1 162:1.0 173:1.0 
-0.0 0.1 88:1.0 
-0.0 0.1 78:1.0 98:1.0 
-0.0 0.1 113:1.0 
-0.0 0.1 90:1.0 
-0.1 0.1 34:1.0 66:1.0 76:1.0 193:1.0 
-0.1 0.0 170:1.0 
-0.0 0.1 17:1.0 
-0.1 0.0 85:1.0 94:1.0 147:1.0 189:1.0 
-0.1 0.1 85:1.0 
-0.0 0.1 92:1.0 
-0.1 0.0 42:1.0 
-0.1 0.1 34:1.0 66:1.0 76:1.0 193:1.0 
-0.0 0.1 113:1.0 
-0.1 0.0 181:1.0 
-0.1 0.0 76:1.0 
-0.1 0.1 40:1.0 
-0.0 0.1 185:1.0 
-0.0 0.1 38:1.0 
-0.1 0.0 23:1.0 
-0.0 0.1 14:1.0 43:1.0 67:1.0 
-0.0 0.1 30:1.0 95:1.0 113:1.0 123:1.0 199:1.0 
-0.1 0.1 100:1.0 
-0.0 0.1 20:1.0 185:1.0 
-0.0 0.1 131:1.0 
-0.1 0.0 16:1.0 
-0.0 0.1 153:1.0 
-0.0 0.1 65:1.0 113:1.0 
-0.1 0.1 7:1.0 128:1.0 137:1.0 154:1.0 194:1.0 202:1.0 221:1.0 
-0.0 0.1 125:1.0 
-0.0 0.1 78:1.0 
-0.0 0.1 36:1.0 180:1.0 
-0.0 0.1 15:1.0 178:1.0 
-0.1 0.0 67:1.0 
-0.0 0.1 38:1.0 99:1.0 149:1.0 
-0.0 0.1 33:1.0 104:1.0 
-0.0 0.1 50:1.0 136:1.0 
-0.1 0.0 133:1.0 
-0.1 0.0 166:1.0 
-0.1 0.0 170:1.0 
-0.0 0.1 10:1.0 122:1.0 126:1.0 
-0.0 0.1 21:1.0 
-0.0 0.1 72:1.0 122:1.0 138:1.0 
-0.0 0.1 
-0.1 0.0 25:1.0 
-0.0 0.1 
-0.0 0.1 
-0.0 0.1 
-0.0 0.1 
-0.0 0.1 
-0.0 0.1 
-0.0 0.1 
-0.0 0.1 
-0.0 0.1 
-0.0 0.1 
-0.0 0.1 
-0.0 0.1 
-0.0 0.1 70:1.0 
-0.0 0.1 
-0.0 0.1 
-0.0 0.1 
-0.1 0.0 23:1.0 
-0.0 0.1 10:1.0 78:1.0 
-0.0 0.1 
-0.0 0.1 63:1.0 140:1.0 151:1.0 
-0.0 0.1 
-0.0 0.1 
-0.1 0.0 133:1.0 
-0.0 0.1 
-0.0 0.1 
-0.0 0.1 179:1.0 186:1.0 196:1.0 
-0.0 0.1 
-0.0 0.1 
-0.0 0.1 
-0.0 0.1 
-0.0 0.1 
-0.1 0.1 11:1.0 
-0.0 0.1 
-0.0 0.1 
-0.0 0.1 
-0.0 0.1 
-0.1 0.1 52:1.0 76:1.0 94:1.0 148:1.0 167:1.0 197:1.0 204:1.0 207:1.0 218:1.0 220:1.0 
-0.0 0.1 
-0.0 0.1 152:1.0 178:1.0 
-0.0 0.1 
-0.0 0.1 
-0.0 0.1 
-0.0 0.1 
-0.0 0.1 
-0.0 0.1 
-0.0 0.1 
-0.0 0.1 68:1.0 102:1.0 
-0.1 0.1 19:1.0 101:1.0 
-0.0 0.1 
-0.0 0.1 
-0.0 0.1 
-0.0 0.1 
-0.0 0.1 150:1.0 173:1.0 
-0.0 0.1 
-0.0 0.1 
-0.0 0.1 
-0.0 0.1 
-0.0 0.1 
-0.0 0.1 
-0.0 0.1 
-0.0 0.1 
-0.0 0.1 
-0.0 0.1 
-0.0 0.1 
-0.0 0.1 
-0.0 0.1 
-0.0 0.1 
-0.0 0.1 
-0.0 0.1 
-0.0 0.1 158:1.0 
-0.0 0.1 
-0.0 0.1 
-0.0 0.1 149:1.0 155:1.0 
-0.0 0.1 
-0.0 0.1 
-0.0 0.1 
-0.0 0.1 
-0.0 0.1 
-0.0 0.1 
-0.0 0.1 
-0.0 0.1 
-0.0 0.1 96:1.0 
-0.0 0.1 
-0.0 0.1 
-0.0 0.1 
-0.0 0.1 
-0.0 0.1 3:1.0 
-0.0 0.1 
-0.0 0.1 
-0.0 0.1 
-0.0 0.1 
-0.0 0.1 
-0.0 0.1 101:1.0 116:1.0 135:1.0 173:1.0 
-0.0 0.1 
-0.0 0.1 
-0.0 0.1 
-0.0 0.1 
-0.0 0.1 
-0.0 0.1 
-0.0 0.1 
-0.0 0.1 
-0.0 0.1 96:1.0 
-0.0 0.1 
-0.0 0.1 
-0.0 0.1 
-0.0 0.1 
-0.0 0.1 
-0.0 0.1 
-0.0 0.1 
-0.1 0.1 
-0.1 0.1 142:1.0 
-0.1 0.1 
-0.1 0.1 
-0.1 0.1 
-0.1 0.1 
-0.1 0.1 
-0.1 0.1 
-0.1 0.1 
-0.0 0.1 26:1.0 55:1.0 
-0.1 0.1 
-0.1 0.1 
-0.1 0.1 
-0.1 0.0 99:1.0 
-0.1 0.1 
-0.1 0.1 
-0.1 0.1 
-0.1 0.1 70:1.0 
-0.1 0.1 
-0.1 0.1 
-0.1 0.1 
-0.1 0.1 
-0.1 0.1 
-0.1 0.0 42:1.0 
-0.1 0.1 
-0.1 0.1 
-0.1 0.1 
-0.1 0.1 
-0.1 0.0 101:1.0 
-0.0 0.1 175:1.0 180:1.0 
-0.1 0.1 
-0.1 0.1 
-0.1 0.1 
-0.1 0.1 
-0.1 0.1 
-0.1 0.1 
-0.1 0.1 
-0.1 0.1 
-0.1 0.1 23:1.0 
-0.1 0.1 
-0.0 0.1 125:1.0 170:1.0 
-0.1 0.1 
-0.1 0.1 145:1.0 
-0.1 0.1 
-0.1 0.1 
-0.1 0.1 
-0.1 0.1 
-0.1 0.1 168:1.0 
-0.1 0.1 
-0.1 0.1 
-0.1 0.1 16:1.0 
-0.0 0.1 126:1.0 
-0.1 0.1 
-0.1 0.1 
-0.1 0.1 
-0.1 0.1 
-0.1 0.1 
-0.0 0.1 177:1.0 
-0.1 0.1 
-0.1 0.1 
-0.1 0.1 
-0.1 0.1 
-0.1 0.1 
-0.1 0.1 
-0.1 0.1 
-0.1 0.1 
-0.1 0.1 
-0.1 0.1 
-0.1 0.1 
-0.1 0.1 
-0.1 0.1 
-0.1 0.1 
-0.1 0.1 
-0.0 0.1 49:1.0 
-0.1 0.1 
-0.1 0.1 
-0.1 0.1 
-0.1 0.1 
-0.1 0.1 
-0.1 0.1 
-0.1 0.1 
-0.1 0.1 
-0.1 0.1 
-0.1 0.1 
-0.1 0.1 
-0.1 0.1 
-0.1 0.1 
-0.1 0.1 
-0.1 0.1 
-0.1 0.1 
-0.1 0.1 
-0.1 0.1 
-0.1 0.1 
-0.1 0.1 
-0.1 0.1 
-0.1 0.1 
-0.1 0.1 
-0.1 0.1 
-0.1 0.1 
-0.1 0.1 
-0.1 0.1 38:1.0 79:1.0 
-0.1 0.1 
-0.1 0.1 
-0.1 0.1 
-0.1 0.1 
-0.1 0.1 
-0.1 0.1 
-0.1 0.1 
-0.1 0.1 
-0.1 0.1 
-0.1 0.1 
-0.1 0.1 
-0.1 0.1 
-0.1 0.1 
-0.1 0.1 
-0.1 0.1 
-0.1 0.1 
-0.0 0.1 6:1.0 51:1.0 
-0.1 0.1 
-0.1 0.1 
-0.1 0.1 
-0.1 0.1 
-0.1 0.1 
-0.0 0.1 124:1.0 165:1.0 
-0.1 0.1 
-0.1 0.1 
-0.1 0.1 
-0.0 0.1 45:1.0 56:1.0 151:1.0 208:1.0 
-0.1 0.1 
-0.0 0.1 57:1.0 
-0.1 0.1 
-0.0 0.1 23:1.0 82:1.0 183:1.0 
-0.1 0.1 
-0.1 0.1 
-0.1 0.1 
-0.0 0.1 47:1.0 
-0.1 0.1 
-0.0 0.1 47:1.0 55:1.0 
-0.1 0.1 
-0.1 0.1 
-0.1 0.1 
-0.0 0.1 68:1.0 141:1.0 
-0.1 0.1 70:1.0 
-0.0 0.1 44:1.0 129:1.0 
-0.1 0.1 
-0.1 0.1 
-0.1 0.0 171:1.0 
-0.1 0.1 
-0.1 0.1 
-0.1 0.1 66:1.0 76:1.0 
-0.1 0.1 
-0.0 0.1 18:1.0 188:1.0 
-0.0 0.1 47:1.0 
-0.1 0.1 
-0.1 0.1 
-0.1 0.1 85:1.0 
-0.1 0.1 
-0.1 0.1 
-0.1 0.1 
-0.1 0.1 61:1.0 172:1.0 
-0.1 0.1 
-0.1 0.1 
-0.1 0.1 
-0.1 0.1 
-0.1 0.1 
-0.1 0.1 
-0.1 0.1 
-0.1 0.1 
-0.1 0.1 
-0.1 0.1 
-0.1 0.1 
-0.1 0.1 
-0.1 0.1 
-0.1 0.1 
-0.0 0.1 152:1.0 
-0.1 0.1 
-0.1 0.1 
-0.1 0.1 
-0.1 0.1 
-0.1 0.1 
-0.0 0.1 16:1.0 129:1.0 187:1.0 
-0.1 0.1 
-0.1 0.1 
-0.1 0.1 
-0.1 0.0 124:1.0 
-0.1 0.1 
-0.1 0.1 
-0.1 0.1 133:1.0 
-0.1 0.1 
-0.1 0.1 
-0.1 0.1 
-0.1 0.1 
-0.1 0.1 
-0.1 0.1 
-0.1 0.1 
-0.1 0.1 
-0.1 0.1 
-0.1 0.1 
-0.0 0.1 25:1.0 42:1.0 
-0.0 0.1 30:1.0 123:1.0 199:1.0 
-0.1 0.1 
-0.0 0.1 92:1.0 109:1.0 
-0.0 0.1 131:1.0 
-0.1 0.1 
-0.1 0.1 
-0.1 0.1 
-0.1 0.1 
-0.0 0.1 59:1.0 145:1.0 
-0.1 0.1 
-0.1 0.1 
-0.1 0.1 
-0.1 0.0 55:1.0 
-0.1 0.1 
-0.0 0.1 2:1.0 93:1.0 
-0.1 0.1 
-0.1 0.0 29:1.0 
-0.1 0.1 
-0.1 0.1 124:1.0 
-0.1 0.1 
-0.1 0.1 
-0.1 0.1 
-0.1 0.1 
-0.0 0.1 112:1.0 115:1.0 
-0.1 0.1 
-0.1 0.1 
-0.1 0.1 
-0.1 0.1 
-0.0 0.1 89:1.0 
-0.1 0.1 
-0.1 0.1 
-0.1 0.1 
-0.1 0.1 
-0.1 0.1 
-0.1 0.1 
-0.0 0.1 13:1.0 
-0.1 0.1 
-0.1 0.1 
-0.1 0.1 
-0.0 0.1 23:1.0 175:1.0 
-0.1 0.1 
-0.1 0.1 
-0.1 0.1 
-0.1 0.1 
-0.1 0.1 
-0.1 0.1 
-0.1 0.1 
-0.1 0.1 
-0.0 0.1 184:1.0 
-0.1 0.1 
-0.1 0.1 
-0.1 0.1 
-0.0 0.1 30:1.0 
-0.1 0.1 
-0.1 0.1 
-0.1 0.1 
-0.1 0.1 
-0.1 0.1 
-0.1 0.1 
-0.1 0.1 
-0.1 0.1 
-0.1 0.1 
-0.1 0.1 
-0.1 0.1 
-0.1 0.1 
-0.0 0.1 82:1.0 126:1.0 
-0.1 0.1 
-0.1 0.1 
-0.1 0.1 
-0.1 0.1 
-0.1 0.1 
-0.1 0.1 
-0.1 0.1 
-0.1 0.1 
-0.1 0.1 
-0.1 0.1 
-0.1 0.1 
-0.1 0.1 
-0.1 0.1 
-0.1 0.1 
-0.1 0.1 
-0.1 0.1 
-0.1 0.1 
-0.1 0.1 105:1.0 124:1.0 
-0.1 0.1 
-0.1 0.1 
-0.1 0.1 
-0.1 0.1 
-0.1 0.1 
-0.1 0.1 
-0.1 0.1 
-0.1 0.1 
-0.1 0.1 
-0.1 0.1 
-0.1 0.1 
-0.1 0.1 
-0.1 0.1 
-0.1 0.1 
-0.1 0.1 
-0.1 0.0 32:1.0 
-0.1 0.1 
-0.1 0.1 
-0.1 0.1 
-0.1 0.1 
-0.1 0.0 169:1.0 
-0.1 0.1 
-0.1 0.1 
-0.0 0.1 43:1.0 
-0.0 0.1 179:1.0 186:1.0 196:1.0 
-0.0 0.1 159:1.0 178:1.0 
-0.1 0.1 
-0.1 0.1 
-0.1 0.1 
-0.1 0.0 134:1.0 
-0.1 0.1 
-0.1 0.0 116:1.0 165:1.0 
-0.0 0.1 125:1.0 
-0.1 0.1 
-0.0 0.1 48:1.0 
-0.1 0.1 
-0.1 0.1 
-0.1 0.1 
-0.1 0.1 
-0.0 0.1 120:1.0 
-0.0 0.1 44:1.0 155:1.0 
-0.0 0.1 36:1.0 37:1.0 144:1.0 
-0.1 0.1 
-0.1 0.0 24:1.0 
-0.1 0.1 
-0.1 0.1 32:1.0 
-0.1 0.1 
-0.1 0.1 
-0.1 0.1 147:1.0 189:1.0 
-0.1 0.1 
-0.0 0.1 37:1.0 65:1.0 116:1.0 
-0.1 0.0 22:1.0 141:1.0 
-0.1 0.1 
-0.1 0.1 
-0.1 0.1 
-0.0 0.1 180:1.0 
-0.1 0.1 
-0.1 0.1 
-0.1 0.1 
-0.1 0.1 
-0.1 0.1 
-0.1 0.1 
-0.1 0.0 127:1.0 
-0.1 0.1 
-0.1 0.1 
-0.1 0.1 
-0.1 0.1 
-0.0 0.1 86:1.0 
-0.1 0.1 
-0.1 0.1 
-0.0 0.1 109:1.0 
-0.1 0.1 
-0.1 0.0 55:1.0 
-0.1 0.1 
-0.1 0.0 139:1.0 
-0.1 0.1 
-0.1 0.1 
-0.1 0.1 
-0.1 0.1 
-0.1 0.1 
-0.1 0.1 87:1.0 159:1.0 
-0.1 0.1 
-0.1 0.1 
-0.1 0.1 
-0.1 0.1 
-0.1 0.1 
-0.1 0.1 
-0.1 0.1 
-0.0 0.1 177:1.0 
-0.1 0.1 
-0.1 0.1 
-0.1 0.1 
-0.1 0.1 
-0.1 0.1 
-0.1 0.1 
-0.1 0.1 
-0.1 0.1 
-0.1 0.1 
-0.1 0.1 
-0.1 0.1 
-0.1 0.1 
-0.1 0.1 
-0.1 0.1 23:1.0 
-0.1 0.1 
-0.0 0.1 115:1.0 
-0.1 0.1 
-0.1 0.1 
-0.1 0.1 
-0.1 0.1 
-0.1 0.1 
-0.1 0.1 
-0.0 0.1 104:1.0 124:1.0 
-0.1 0.1 
-0.1 0.1 
-0.1 0.1 
-0.1 0.1 
-0.1 0.1 
-0.0 0.1 62:1.0 
-0.1 0.1 
-0.1 0.1 
-0.1 0.1 
-0.1 0.1 
-0.1 0.1 
-0.1 0.1 
-0.1 0.1 
-0.1 0.1 
-0.1 0.1 
-0.1 0.1 
-0.1 0.1 
-0.1 0.0 76:1.0 
-0.1 0.1 
-0.1 0.1 
-0.1 0.1 
-0.1 0.1 
-0.0 0.1 25:1.0 82:1.0 120:1.0 
-0.1 0.0 59:1.0 
-0.1 0.1 
-0.1 0.1 
-0.1 0.1 
-0.1 0.1 
-0.1 0.1 
-0.0 0.1 102:1.0 139:1.0 
-0.1 0.1 
-0.1 0.1 
-0.1 0.1 
-0.1 0.1 
-0.1 0.1 
-0.1 0.1 
-0.1 0.1 
-0.1 0.1 
-0.1 0.1 
-0.1 0.1 
-0.1 0.1 103:1.0 
-0.0 0.1 95:1.0 
-0.1 0.1 
-0.1 0.1 
-0.1 0.1 
-0.1 0.1 
-0.1 0.1 
-0.0 0.1 22:1.0 163:1.0 
-0.1 0.1 121:1.0 
-0.0 0.1 191:1.0 
-0.0 0.1 63:1.0 132:1.0 140:1.0 
-0.1 0.1 
-0.1 0.1 
-0.1 0.1 
-0.1 0.1 
-0.1 0.1 
-0.1 0.1 
-0.1 0.1 
-0.1 0.1 60:1.0 
-0.1 0.1 
-0.0 0.1 69:1.0 
-0.1 0.1 
-0.1 0.1 
-0.1 0.1 
-0.1 0.1 
-0.1 0.1 
-0.1 0.1 24:1.0 166:1.0 
-0.1 0.1 
-0.1 0.1 
-0.1 0.1 
-0.1 0.1 
-0.1 0.1 
-0.1 0.1 
-0.0 0.1 47:1.0 
-0.1 0.1 
-0.1 0.1 
-0.1 0.1 
-0.1 0.1 
-0.1 0.1 
-0.1 0.1 
-0.1 0.1 
-0.1 0.1 
-0.1 0.1 
-0.1 0.1 
-0.1 0.1 
-0.1 0.1 
-0.1 0.1 
-0.1 0.1 
-0.1 0.1 
-0.0 0.1 18:1.0 53:1.0 111:1.0 
-0.0 0.1 72:1.0 
-0.1 0.1 
-0.1 0.1 
-0.1 0.1 
-0.1 0.1 
-0.1 0.1 
-0.1 0.1 
-0.1 0.1 
-0.1 0.1 
-0.1 0.1 
-0.1 0.1 118:1.0 
-0.1 0.1 
-0.1 0.1 
-0.1 0.1 
-0.1 0.1 
-0.1 0.1 
-0.1 0.1 
-0.1 0.1 
-0.1 0.1 78:1.0 
-0.1 0.0 166:1.0 
-0.1 0.1 
-0.1 0.1 
-0.0 0.1 146:1.0 
-0.1 0.1 
-0.0 0.1 41:1.0 160:1.0 211:1.0 
-0.1 0.1 
-0.1 0.1 
-0.0 0.1 158:1.0 
-0.1 0.1 
-0.1 0.1 
-0.0 0.1 117:1.0 156:1.0 209:1.0 
-0.1 0.1 
-0.1 0.1 
-0.1 0.1 
-0.1 0.1 
-0.1 0.1 
-0.1 0.1 
-0.1 0.1 
-0.0 0.1 49:1.0 
-0.1 0.1 
-0.1 0.1 
-0.1 0.1 
-0.1 0.1 
-0.1 0.1 
-0.1 0.1 
-0.1 0.0 50:1.0 
-0.1 0.1 124:1.0 
-0.1 0.1 
-0.1 0.1 
-0.1 0.1 
-0.1 0.1 
-0.1 0.1 
-0.1 0.1 
-0.1 0.1 
-0.1 0.1 
-0.1 0.1 
-0.1 0.1 78:1.0 162:1.0 
-0.1 0.1 
-0.1 0.1 101:1.0 142:1.0 
-0.1 0.1 
-0.1 0.1 
-0.1 0.1 
-0.0 0.1 39:1.0 54:1.0 80:1.0 110:1.0 130:1.0 135:1.0 157:1.0 176:1.0 195:1.0 200:1.0 205:1.0 206:1.0 210:1.0 212:1.0 213:1.0 214:1.0 215:1.0 219:1.0 222:1.0 
-0.1 0.1 166:1.0 178:1.0 
-0.1 0.1 
-0.1 0.1 
-0.1 0.1 
-0.1 0.1 
-0.1 0.1 
-0.1 0.1 
-0.0 -0.1 
-0.0 -0.1 
-0.0 -0.1 
-0.0 -0.1 
-0.1 -0.1 28:1.0 
-0.0 -0.1 
-0.0 -0.1 
-0.0 -0.1 125:1.0 
-0.1 -0.1 19:1.0 
-0.0 -0.1 
-0.0 -0.1 
-0.0 -0.1 
-0.0 -0.1 
-0.0 -0.1 
-0.0 -0.1 
-0.0 -0.1 
-0.1 -0.1 79:1.0 
-0.0 -0.1 
-0.1 -0.1 53:1.0 103:1.0 
-0.0 -0.1 
-0.0 -0.1 
-0.0 -0.1 
-0.0 -0.1 185:1.0 
-0.0 -0.1 173:1.0 
-0.1 -0.1 31:1.0 
-0.0 -0.1 
-0.0 -0.1 68:1.0 
-0.0 -0.1 
-0.0 -0.1 
-0.0 -0.1 
-0.0 -0.1 
-0.0 -0.1 
-0.0 -0.1 
-0.0 -0.1 
-0.0 -0.1 
-0.0 -0.1 11:1.0 
-0.0 -0.1 
-0.0 -0.1 
-0.0 -0.1 
-0.0 -0.1 
-0.0 -0.1 
-0.0 -0.1 191:1.0 
-0.1 -0.1 23:1.0 120:1.0 
-0.1 -0.1 
-0.0 -0.1 98:1.0 
-0.1 -0.1 
-0.1 -0.1 
-0.1 -0.1 
-0.1 -0.1 
-0.0 -0.1 111:1.0 
-0.1 -0.1 
-0.0 -0.1 145:1.0 
-0.1 -0.1 
-0.1 -0.1 
-0.1 -0.1 
-0.1 -0.1 
-0.1 -0.1 164:1.0 168:1.0 
-0.1 -0.1 
-0.1 -0.1 
-0.1 -0.1 
-0.1 -0.1 
-0.0 -0.1 126:1.0 
-0.1 -0.1 
-0.1 -0.1 
-0.1 -0.1 
-0.1 -0.1 
-0.1 -0.1 
-0.0 -0.1 35:1.0 173:1.0 
-0.1 -0.1 
-0.1 -0.1 
-0.1 -0.1 
-0.1 -0.1 
-0.1 -0.1 11:1.0 
-0.1 -0.1 
-0.1 -0.1 
-0.1 -0.1 
-0.1 -0.1 
-0.1 -0.1 
-0.1 -0.1 
-0.1 -0.1 
-0.0 -0.1 17:1.0 
-0.0 -0.1 35:1.0 146:1.0 
-0.1 -0.1 
-0.0 -0.1 162:1.0 
-0.1 -0.1 
-0.1 -0.1 
-0.1 -0.1 
-0.1 -0.1 
-0.0 -0.1 159:1.0 
-0.0 -0.1 96:1.0 
-0.1 -0.1 
-0.1 -0.1 
-0.1 -0.1 
-0.0 -0.1 47:1.0 
-0.1 -0.1 
-0.1 -0.1 13:1.0 14:1.0 
-0.0 -0.1 43:1.0 
-0.0 -0.1 92:1.0 
-0.0 -0.1 52:1.0 
-0.1 -0.1 
-0.1 -0.1 
-0.1 -0.1 
-0.0 -0.1 30:1.0 33:1.0 113:1.0 
-0.1 -0.1 
-0.0 -0.1 86:1.0 
-0.1 -0.1 
-0.0 -0.1 69:1.0 
-0.0 -0.1 102:1.0 
-0.1 -0.1 
-0.1 -0.1 
-0.1 -0.1 
-0.1 -0.1 
-0.1 -0.1 
-0.1 -0.1 
-0.0 -0.1 26:1.0 55:1.0 113:1.0 
-0.1 -0.1 
-0.1 -0.1 
-0.1 -0.1 
-0.1 -0.1 
-0.0 -0.1 38:1.0 
-0.0 -0.1 78:1.0 
-0.1 -0.1 159:1.0 
-0.0 -0.1 173:1.0 
-0.0 -0.1 48:1.0 
-0.1 -0.1 
-0.1 -0.1 16:1.0 187:1.0 
-0.1 -0.1 
-0.1 -0.1 
-0.1 -0.1 
-0.1 -0.1 
-0.1 -0.1 
-0.1 -0.1 
-0.0 -0.1 142:1.0 
-0.1 -0.1 
-0.1 -0.1 
-0.1 -0.1 
-0.1 -0.1 
-0.1 -0.1 
-0.0 -0.1 47:1.0 
-0.1 -0.1 
-0.1 -0.1 
-0.1 -0.1 
-0.1 -0.1 
-0.1 -0.1 44:1.0 164:1.0 
-0.1 -0.1 
-0.1 -0.1 
-0.1 -0.1 166:1.0 
-0.1 -0.1 
-0.1 -0.1 
-0.0 -0.1 44:1.0 
-0.1 -0.1 
-0.0 -0.1 41:1.0 160:1.0 211:1.0 
-0.0 -0.1 78:1.0 
-0.1 -0.1 
-0.0 -0.1 104:1.0 
-0.1 -0.1 
-0.1 -0.1 
-0.0 -0.1 72:1.0 
-0.1 -0.1 
-0.1 -0.1 
-0.1 -0.1 
-0.1 -0.1 
-0.1 -0.1 
-0.1 -0.1 
-0.0 -0.1 93:1.0 
-0.0 -0.1 49:1.0 
-0.1 -0.1 
-0.0 -0.1 97:1.0 
-0.1 -0.1 
-0.1 -0.1 
-0.1 -0.1 59:1.0 
-0.1 -0.1 33:1.0 138:1.0 
-0.1 -0.1 
-0.1 -0.1 
-0.1 -0.1 34:1.0 76:1.0 193:1.0 
-0.1 -0.1 
-0.0 -0.1 124:1.0 
-0.1 -0.1 
-0.1 -0.1 
-0.1 -0.1 
-0.1 -0.1 
-0.0 -0.1 13:1.0 144:1.0 
-0.1 -0.1 
-0.0 -0.1 162:1.0 
-0.1 -0.1 58:1.0 
-0.1 -0.1 
-0.0 -0.1 71:1.0 149:1.0 
-0.1 -0.1 
-0.0 -0.1 124:1.0 
-0.1 -0.1 
-0.1 -0.1 
-0.1 -0.1 
-0.1 -0.1 
-0.1 -0.1 
-0.0 -0.1 126:1.0 
-0.1 -0.1 64:1.0 
-0.1 -0.1 
-0.1 -0.1 
-0.0 -0.1 119:1.0 
-0.1 -0.1 
-0.1 -0.1 
-0.1 -0.1 
-0.0 -0.1 179:1.0 186:1.0 196:1.0 
-0.0 -0.1 47:1.0 58:1.0 172:1.0 
-0.0 -0.1 125:1.0 
-0.1 -0.1 
-0.1 -0.1 
-0.0 -0.1 82:1.0 
-0.1 -0.1 
-0.1 -0.1 70:1.0 141:1.0 
-0.1 -0.1 
-0.1 -0.1 
-0.0 -0.1 38:1.0 
-0.1 -0.1 
-0.1 -0.1 
-0.1 -0.1 
-0.1 -0.1 
-0.1 -0.1 27:1.0 108:1.0 
-0.0 -0.1 35:1.0 
-0.0 -0.1 17:1.0 97:1.0 178:1.0 180:1.0 
-0.1 -0.1 
-0.1 -0.1 
-0.1 -0.1 
-0.1 -0.1 
-0.0 -0.1 153:1.0 
-0.1 -0.1 
-0.1 -0.1 
-0.1 -0.1 
-0.1 -0.1 
-0.1 -0.1 
-0.1 -0.1 
-0.1 -0.1 
-0.1 -0.1 
-0.1 -0.1 
-0.0 -0.1 9:1.0 
-0.1 -0.1 
-0.1 -0.1 
-0.1 -0.1 85:1.0 
-0.1 -0.1 
-0.1 -0.1 
-0.1 -0.1 
-0.1 -0.1 
-0.0 -0.1 49:1.0 115:1.0 
-0.0 -0.1 152:1.0 
-0.1 -0.1 
-0.1 -0.1 
-0.1 -0.1 
-0.1 -0.1 
-0.1 -0.1 
-0.1 -0.1 
-0.1 -0.1 
-0.1 -0.1 
-0.0 -0.1 92:1.0 
-0.0 -0.1 47:1.0 180:1.0 
-0.1 -0.1 
-0.1 -0.1 
-0.1 -0.1 
-0.1 -0.1 
-0.1 -0.1 
-0.0 -0.1 71:1.0 79:1.0 113:1.0 
-0.0 -0.1 173:1.0 
-0.0 -0.1 70:1.0 
-0.1 -0.1 
-0.0 -0.1 78:1.0 
-0.1 -0.1 
-0.1 -0.1 
-0.1 -0.1 
-0.1 -0.1 105:1.0 
-0.1 -0.1 
-0.0 -0.1 17:1.0 
-0.1 -0.1 
-0.1 -0.1 
-0.0 -0.1 98:1.0 
-0.1 -0.1 
-0.1 -0.1 6:1.0 
-0.1 -0.1 
-0.1 -0.1 
-0.1 -0.1 
-0.1 -0.1 
-0.1 -0.1 
-0.1 -0.1 
-0.1 -0.1 
-0.1 -0.1 
-0.1 -0.1 
-0.1 -0.1 
-0.1 -0.1 
-0.1 -0.1 
-0.1 -0.1 
-0.1 -0.1 
-0.1 -0.1 
-0.1 -0.1 
-0.1 -0.1 
-0.0 -0.1 150:1.0 178:1.0 
-0.1 -0.1 
-0.1 -0.1 
-0.1 -0.1 
-0.1 -0.1 12:1.0 
-0.1 -0.1 
-0.1 -0.1 
-0.0 -0.1 21:1.0 
-0.1 -0.1 
-0.1 -0.1 
-0.0 -0.1 19:1.0 88:1.0 
-0.0 -0.1 178:1.0 
-0.1 -0.1 
-0.1 -0.1 
-0.1 -0.1 
-0.1 -0.1 
-0.1 -0.1 
-0.1 -0.1 
-0.1 -0.1 
-0.1 -0.1 
-0.1 -0.1 
-0.1 -0.1 
-0.0 -0.1 173:1.0 
-0.1 -0.1 87:1.0 
-0.1 -0.1 139:1.0 
-0.0 -0.1 125:1.0 
-0.1 -0.1 
-0.1 -0.1 70:1.0 
-0.0 -0.1 30:1.0 41:1.0 123:1.0 160:1.0 199:1.0 211:1.0 
-0.0 -0.1 149:1.0 
-0.0 -0.1 18:1.0 
-0.1 -0.1 
-0.1 -0.1 
-0.1 -0.1 
-0.1 -0.1 
-0.1 -0.1 
-0.0 -0.1 126:1.0 
-0.0 -0.1 9:1.0 
-0.0 -0.1 20:1.0 185:1.0 
-0.1 -0.1 
-0.0 -0.1 129:1.0 
-0.1 -0.1 
-0.1 -0.1 
-0.1 -0.1 
-0.1 -0.1 
-0.0 -0.1 98:1.0 
-0.1 -0.1 
-0.0 -0.1 78:1.0 98:1.0 
-0.0 -0.1 57:1.0 
-0.1 -0.1 
-0.1 -0.1 
-0.1 -0.1 
-0.1 -0.1 
-0.1 -0.1 
-0.1 -0.1 
-0.1 -0.1 
-0.1 -0.1 
-0.1 -0.1 
-0.1 -0.1 
-0.1 -0.1 
-0.0 -0.1 37:1.0 
-0.1 -0.1 
-0.1 -0.1 
-0.1 -0.1 34:1.0 76:1.0 193:1.0 
-0.1 -0.1 
-0.1 -0.1 
-0.1 -0.1 
-0.1 -0.1 
-0.1 -0.1 164:1.0 
-0.0 -0.1 179:1.0 186:1.0 196:1.0 
-0.1 -0.1 
-0.1 -0.1 
-0.1 -0.1 
-0.1 -0.1 
-0.1 -0.1 
-0.1 -0.1 
-0.1 -0.1 
-0.1 -0.1 124:1.0 
-0.0 -0.1 87:1.0 100:1.0 174:1.0 
-0.1 -0.1 
-0.1 -0.1 60:1.0 
-0.1 -0.1 
-0.0 -0.1 13:1.0 
-0.0 -0.1 30:1.0 33:1.0 
-0.1 -0.1 
-0.1 -0.1 87:1.0 152:1.0 
-0.1 -0.1 142:1.0 
-0.1 -0.1 
-0.1 -0.1 78:1.0 
-0.1 -0.1 
-0.1 -0.1 
-0.1 -0.1 
-0.0 -0.1 106:1.0 
-0.1 -0.1 
-0.1 -0.1 
-0.1 -0.1 
-0.1 -0.1 
-0.1 -0.1 
-0.1 -0.1 76:1.0 177:1.0 
-0.0 -0.1 163:1.0 
-0.1 -0.1 
-0.1 -0.1 
-0.1 -0.1 
-0.1 -0.1 
-0.1 -0.1 
-0.1 -0.1 
-0.1 -0.1 
-0.1 -0.1 
-0.1 -0.1 
-0.1 -0.1 
-0.1 -0.1 
-0.0 -0.1 10:1.0 147:1.0 182:1.0 
-0.1 -0.1 
-0.1 -0.1 
-0.0 -0.1 173:1.0 
-0.1 -0.1 98:1.0 114:1.0 
-0.1 -0.1 
-0.0 -0.1 109:1.0 
-0.0 -0.1 63:1.0 140:1.0 151:1.0 
-0.1 -0.1 
-0.1 -0.1 
-0.1 -0.1 
-0.1 -0.1 
-0.1 -0.1 
-0.1 -0.1 
-0.1 -0.1 
-0.0 -0.1 61:1.0 
-0.1 -0.1 
-0.1 -0.1 
-0.1 -0.1 
-0.1 -0.1 
-0.1 -0.1 
-0.0 -0.1 119:1.0 
-0.0 -0.1 111:1.0 116:1.0 
-0.1 -0.1 
-0.0 -0.1 61:1.0 
-0.1 -0.1 
-0.1 -0.1 
-0.1 -0.1 
-0.1 -0.1 
-0.1 -0.1 
-0.1 -0.1 
-0.1 -0.1 
-0.1 -0.1 16:1.0 177:1.0 
-0.1 -0.1 
-0.0 -0.1 115:1.0 
-0.1 -0.1 
-0.1 -0.1 
-0.1 -0.1 
-0.1 -0.1 124:1.0 
-0.1 -0.1 
-0.1 -0.1 
-0.1 -0.1 
-0.1 -0.1 
-0.1 -0.1 
-0.1 -0.1 
-0.1 -0.1 40:1.0 106:1.0 
-0.0 -0.1 112:1.0 
-0.1 -0.1 
-0.1 -0.1 119:1.0 
-0.1 -0.1 
-0.1 -0.1 
-0.1 -0.1 
-0.1 -0.1 
-0.1 -0.1 
-0.1 -0.1 
-0.1 -0.1 
-0.1 -0.1 
-0.0 -0.1 38:1.0 
-0.1 -0.1 
-0.0 -0.1 158:1.0 
-0.1 -0.1 
-0.1 -0.1 
-0.1 -0.1 23:1.0 
-0.1 -0.1 
-0.0 -0.1 180:1.0 
-0.1 -0.1 
-0.0 -0.1 41:1.0 160:1.0 211:1.0 
-0.1 -0.1 
-0.1 -0.1 
-0.1 -0.1 
-0.0 -0.1 41:1.0 160:1.0 211:1.0 
-0.1 -0.1 
-0.1 -0.1 124:1.0 
-0.1 -0.1 
-0.1 -0.1 
-0.1 -0.1 121:1.0 
-0.1 -0.1 
-0.1 -0.1 
-0.1 -0.1 
-0.1 -0.1 
-0.0 -0.1 90:1.0 
-0.1 -0.1 
-0.1 -0.1 
-0.1 -0.1 
-0.1 -0.1 
-0.1 -0.1 
-0.1 -0.1 
-0.1 -0.1 
-0.1 -0.1 
-0.1 -0.1 
-0.1 -0.1 
-0.0 -0.1 68:1.0 
-0.1 -0.1 
-0.1 -0.1 
-0.0 -0.1 111:1.0 
-0.1 -0.1 
-0.1 -0.1 46:1.0 131:1.0 
-0.1 -0.1 
-0.0 -0.1 38:1.0 
-0.1 -0.1 
-0.1 -0.1 42:1.0 158:1.0 
-0.1 -0.1 
-0.1 -0.1 61:1.0 
-0.1 -0.1 
-0.1 -0.1 
-0.1 -0.1 
-0.0 -0.1 113:1.0 
-0.1 -0.1 27:1.0 
-0.1 -0.1 
-0.1 -0.1 
-0.1 -0.1 
-0.1 -0.1 
-0.0 -0.1 173:1.0 
-0.1 -0.1 
-0.0 -0.1 178:1.0 
-0.0 -0.1 173:1.0 
-0.1 -0.1 34:1.0 76:1.0 94:1.0 148:1.0 167:1.0 193:1.0 197:1.0 204:1.0 207:1.0 218:1.0 220:1.0 
-0.1 -0.1 
-0.0 -0.1 65:1.0 104:1.0 116:1.0 151:1.0 
-0.1 -0.1 
-0.1 -0.1 
-0.1 -0.1 
-0.1 -0.1 
-0.1 -0.1 
-0.1 -0.1 133:1.0 
-0.1 -0.1 
-0.0 -0.1 8:1.0 182:1.0 
-0.1 -0.1 
-0.1 -0.1 
-0.0 -0.1 5:1.0 74:1.0 75:1.0 81:1.0 192:1.0 198:1.0 201:1.0 216:1.0 217:1.0 
-0.1 -0.1 
-0.1 -0.1 
-0.1 -0.1 
-0.1 -0.1 
-0.1 -0.1 
-0.1 -0.1 
-0.1 -0.1 
-0.1 -0.1 
-0.1 -0.1 
-0.1 -0.1 
-0.1 -0.1 
-0.1 -0.1 
-0.1 -0.1 145:1.0 
-0.1 -0.1 
-0.1 -0.1 
-0.1 -0.1 
-0.1 -0.1 
-0.1 -0.1 
-0.1 -0.1 
-0.0 -0.1 136:1.0 
-0.0 -0.1 37:1.0 
-0.1 -0.1 
-0.1 -0.1 
-0.1 -0.1 
-0.1 -0.1 
-0.1 -0.1 
-0.1 -0.1 
-0.0 -0.1 111:1.0 
-0.1 -0.1 
-0.1 -0.1 
-0.1 -0.1 
-0.1 -0.1 
-0.1 -0.1 
-0.1 -0.1 
-0.1 -0.1 190:1.0 
-0.1 -0.1 
-0.1 -0.1 
-0.0 -0.1 173:1.0 
-0.1 -0.1 
-0.1 -0.1 
-0.1 -0.1 
-0.0 -0.1 89:1.0 
-0.1 -0.1 
-0.0 -0.1 184:1.0 
-0.1 -0.1 70:1.0 
-0.1 -0.1 
-0.1 -0.1 
-0.1 -0.1 
-0.1 -0.1 
-0.1 -0.1 
-0.1 -0.1 
-0.1 -0.1 
-0.1 -0.1 
-0.1 -0.1 
-0.0 -0.1 72:1.0 
-0.0 -0.1 43:1.0 99:1.0 
-0.1 -0.1 32:1.0 
-0.1 -0.1 
-0.0 -0.1 85:1.0 116:1.0 
-0.1 -0.1 
-0.1 -0.1 
-0.1 -0.1 
-0.1 -0.1 
-0.1 -0.1 
-0.1 -0.1 
-0.1 -0.1 23:1.0 
-0.1 -0.1 118:1.0 
-0.1 -0.1 
-0.1 -0.1 
-0.1 -0.1 31:1.0 
-0.1 -0.1 
-0.1 -0.1 98:1.0 114:1.0 
-0.1 -0.1 
-0.1 -0.1 
-0.1 -0.1 
-0.1 -0.1 23:1.0 
-0.1 -0.1 
-0.1 -0.1 
-0.1 -0.1 
-0.1 -0.1 
-0.1 -0.1 
-0.1 -0.1 
-0.1 -0.1 
-0.1 -0.1 
-0.1 -0.1 
-0.0 -0.1 10:1.0 
-0.1 -0.1 
-0.1 -0.1 
-0.1 -0.1 
-0.1 -0.1 
-0.1 -0.1 
-0.1 -0.1 
-0.1 -0.1 
-0.1 -0.1 4:1.0 
-0.1 -0.1 
-0.0 -0.1 109:1.0 
-0.1 -0.1 
-0.0 -0.1 96:1.0 
-0.1 -0.1 
-0.0 -0.1 90:1.0 
-0.0 -0.1 95:1.0 
-0.1 -0.1 
-0.0 -0.1 131:1.0 
-0.1 -0.1 
-0.1 -0.1 
-0.1 -0.1 
-0.1 -0.1 
-0.1 -0.1 
-0.1 -0.1 
-0.1 -0.1 
-0.1 -0.1 71:1.0 
-0.1 -0.1 25:1.0 
-0.1 -0.1 
-0.1 -0.1 
-0.1 -0.1 182:1.0 
-0.1 -0.1 
-0.1 -0.1 
-0.0 -0.1 3:1.0 120:1.0 
-0.1 -0.1 
-0.0 -0.1 153:1.0 
-0.0 -0.1 153:1.0 
-0.1 -0.1 
-0.1 -0.1 
-0.1 -0.1 
-0.0 -0.1 9:1.0 
-0.1 -0.1 
-0.1 -0.1 
-0.1 -0.1 
-0.1 -0.1 
-0.1 -0.1 
-0.1 -0.1 
-0.0 -0.1 62:1.0 
-0.1 -0.1 
-0.1 -0.1 
-0.1 -0.1 
-0.1 -0.1 
-0.1 -0.1 
-0.1 -0.1 
-0.1 -0.1 
-0.1 -0.1 
-0.1 -0.1 
-0.1 -0.1 142:1.0 
-0.1 -0.1 
-0.1 -0.1 
-0.1 -0.1 
-0.1 -0.1 
-0.1 -0.1 
-0.0 -0.1 35:1.0 
-0.1 -0.1 
