svm_type c_svc
kernel_type rbf
gamma 0.001
nr_class 3
total_sv 1989
rho -0.11803394819891344 -0.27028917169400707 -0.3274939912522738
label 2 0 1
nr_sv 516 791 682
SV
10.0 10.0 
10.0 10.0 
10.0 10.0 
10.0 10.0 76:1.0 94:1.0 167:1.0 181:1.0 197:1.0 207:1.0 220:1.0 
10.0 10.0 
10.0 10.0 100:1.0 142:1.0 
10.0 10.0 
10.0 10.0 
10.0 10.0 
10.0 10.0 
10.0 10.0 
10.0 10.0 
10.0 10.0 
10.0 10.0 
10.0 10.0 
10.0 10.0 42:1.0 164:1.0 168:1.0 
10.0 10.0 138:1.0 
10.0 10.0 
10.0 10.0 
10.0 10.0 
10.0 10.0 
10.0 10.0 
10.0 10.0 32:1.0 
10.0 10.0 
10.0 10.0 
10.0 10.0 60:1.0 
10.0 10.0 
10.0 10.0 
10.0 10.0 103:1.0 
10.0 10.0 
10.0 10.0 
10.0 10.0 
10.0 10.0 
10.0 10.0 
10.0 10.0 
10.0 10.0 71:1.0 
10.0 10.0 
10.0 10.0 
10.0 10.0 
10.0 10.0 
10.0 10.0 12:1.0 28:1.0 73:1.0 
10.0 10.0 
10.0 10.0 76:1.0 94:1.0 167:1.0 181:1.0 197:1.0 207:1.0 220:1.0 
10.0 10.0 
10.0 10.0 
10.0 10.0 
10.0 10.0 7:1.0 
10.0 10.0 
10.0 10.0 
10.0 10.0 
10.0 10.0 
10.0 10.0 
10.0 10.0 100:1.0 
10.0 10.0 
10.0 10.0 
10.0 10.0 
10.0 10.0 50:1.0 
10.0 10.0 
10.0 10.0 
10.0 10.0 
10.0 10.0 133:1.0 
10.0 10.0 
10.0 10.0 
10.0 10.0 
10.0 10.0 
10.0 10.0 114:1.0 
10.0 10.0 16:1.0 
10.0 10.0 142:1.0 
10.0 10.0 
10.0 10.0 
10.0 10.0 34:1.0 76:1.0 94:1.0 148:1.0 167:1.0 193:1.0 197:1.0 204:1.0 207:1.0 218:1.0 220:1.0 
10.0 10.0 14:1.0 181:1.0 
10.0 10.0 
10.0 10.0 
10.0 10.0 
10.0 10.0 14:1.0 
10.0 10.0 
10.0 10.0 11:1.0 
10.0 10.0 
10.0 10.0 
10.0 10.0 
10.0 10.0 
10.0 10.0 
10.0 10.0 
10.0 10.0 
10.0 10.0 
10.0 10.0 
10.0 10.0 
10.0 10.0 
10.0 10.0 
10.0 10.0 114:1.0 164:1.0 
10.0 10.0 174:1.0 
10.0 10.0 34:1.0 76:1.0 94:1.0 148:1.0 167:1.0 193:1.0 197:1.0 204:1.0 207:1.0 218:1.0 220:1.0 
10.0 10.0 
10.0 10.0 174:1.0 
10.0 10.0 
10.0 10.0 
10.0 10.0 12:1.0 147:1.0 
10.0 10.0 
10.0 10.0 
10.0 10.0 
10.0 10.0 
10.0 10.0 
10.0 10.0 114:1.0 
10.0 10.0 
10.0 10.0 
10.0 10.0 
10.0 10.0 133:1.0 
10.0 10.0 
10.0 10.0 
10.0 10.0 
10.0 10.0 
10.0 10.0 
10.0 10.0 
10.0 10.0 
10.0 10.0 55:1.0 
10.0 10.0 94:1.0 
10.0 10.0 
10.0 10.0 
10.0 10.0 
10.0 10.0 
10.0 10.0 181:1.0 
10.0 10.0 
10.0 10.0 
10.0 10.0 
10.0 10.0 1:1.0 84:1.0 
10.0 10.0 
10.0 10.0 
10.0 10.0 
10.0 10.0 
10.0 10.0 
10.0 10.0 
10.0 10.0 59:1.0 
10.0 10.0 
10.0 10.0 
10.0 10.0 
10.0 10.0 
10.0 10.0 
10.0 10.0 
10.0 10.0 
10.0 10.0 
10.0 10.0 
10.0 10.0 128:1.0 137:1.0 154:1.0 194:1.0 202:1.0 221:1.0 
10.0 10.0 139:1.0 
10.0 10.0 
10.0 10.0 
10.0 10.0 
10.0 10.0 
10.0 10.0 
10.0 10.0 
10.0 10.0 
10.0 10.0 
10.0 10.0 
10.0 10.0 
10.0 10.0 99:1.0 164:1.0 
10.0 10.0 
10.0 10.0 
10.0 10.0 
10.0 10.0 
10.0 10.0 4:1.0 6:1.0 
10.0 10.0 124:1.0 
10.0 10.0 4:1.0 6:1.0 85:1.0 
10.0 10.0 87:1.0 
10.0 10.0 
10.0 10.0 14:1.0 
10.0 10.0 
10.0 10.0 121:1.0 
10.0 10.0 27:1.0 108:1.0 
10.0 10.0 170:1.0 
10.0 10.0 87:1.0 
10.0 10.0 47:1.0 124:1.0 
10.0 10.0 
10.0 10.0 
10.0 10.0 78:1.0 
10.0 10.0 
10.0 10.0 53:1.0 64:1.0 172:1.0 
10.0 10.0 32:1.0 
10.0 10.0 
10.0 10.0 
10.0 10.0 
10.0 10.0 
10.0 10.0 40:1.0 
10.0 10.0 
10.0 10.0 
10.0 10.0 
10.0 10.0 
10.0 10.0 23:1.0 76:1.0 167:1.0 197:1.0 
10.0 10.0 
10.0 10.0 
10.0 10.0 
10.0 10.0 
10.0 10.0 
10.0 10.0 
10.0 10.0 
10.0 10.0 
10.0 10.0 
10.0 10.0 58:1.0 
10.0 10.0 
10.0 10.0 
10.0 10.0 
10.0 10.0 
10.0 10.0 23:1.0 
10.0 10.0 
10.0 10.0 
10.0 10.0 
10.0 10.0 
10.0 10.0 
10.0 10.0 
10.0 10.0 
10.0 10.0 
10.0 10.0 164:1.0 
10.0 10.0 168:1.0 
10.0 10.0 
10.0 10.0 76:1.0 
10.0 10.0 
10.0 10.0 114:1.0 
10.0 10.0 
10.0 10.0 
10.0 10.0 25:1.0 
10.0 10.0 
10.0 10.0 23:1.0 
10.0 10.0 
10.0 10.0 
10.0 10.0 100:1.0 
10.0 10.0 
10.0 10.0 166:1.0 
10.0 10.0 
10.0 10.0 108:1.0 
10.0 10.0 
10.0 10.0 79:1.0 
10.0 10.0 
10.0 10.0 
10.0 10.0 134:1.0 190:1.0 
10.0 10.0 
10.0 10.0 
10.0 10.0 58:1.0 
10.0 10.0 16:1.0 
10.0 10.0 
10.0 10.0 94:1.0 147:1.0 148:1.0 189:1.0 204:1.0 
10.0 10.0 
10.0 10.0 
10.0 10.0 12:1.0 28:1.0 73:1.0 94:1.0 189:1.0 
10.0 10.0 70:1.0 79:1.0 
10.0 10.0 
10.0 10.0 
10.0 10.0 
10.0 10.0 67:1.0 76:1.0 
10.0 10.0 
10.0 10.0 70:1.0 
10.0 10.0 166:1.0 
10.0 10.0 
10.0 10.0 
10.0 10.0 
10.0 10.0 
10.0 10.0 
10.0 10.0 124:1.0 
10.0 10.0 
10.0 10.0 
10.0 10.0 
10.0 10.0 
10.0 10.0 
10.0 10.0 128:1.0 137:1.0 154:1.0 194:1.0 202:1.0 221:1.0 
10.0 10.0 
10.0 10.0 147:1.0 
10.0 10.0 
10.0 10.0 
10.0 10.0 105:1.0 
10.0 10.0 
10.0 10.0 
10.0 10.0 
10.0 10.0 
10.0 10.0 55:1.0 
10.0 10.0 31:1.0 84:1.0 
10.0 10.0 
10.0 10.0 
10.0 10.0 31:1.0 
10.0 10.0 31:1.0 
10.0 10.0 
10.0 10.0 
10.0 10.0 
10.0 10.0 
10.0 10.0 
10.0 10.0 
10.0 10.0 
10.0 10.0 166:1.0 
10.0 10.0 
10.0 10.0 
10.0 10.0 
10.0 10.0 
10.0 10.0 84:1.0 165:1.0 
10.0 10.0 
10.0 10.0 
10.0 10.0 
10.0 10.0 
10.0 10.0 
10.0 10.0 
10.0 10.0 172:1.0 
10.0 10.0 166:1.0 
10.0 10.0 
10.0 10.0 
10.0 10.0 164:1.0 
10.0 10.0 
10.0 10.0 
10.0 10.0 
10.0 10.0 
10.0 10.0 
10.0 10.0 133:1.0 168:1.0 
10.0 10.0 
10.0 10.0 
10.0 10.0 
10.0 10.0 
10.0 10.0 24:1.0 
10.0 10.0 
10.0 10.0 
10.0 10.0 
10.0 10.0 
10.0 10.0 
10.0 10.0 
10.0 10.0 100:1.0 
10.0 10.0 
10.0 10.0 
10.0 10.0 84:1.0 127:1.0 
10.0 10.0 161:1.0 
10.0 10.0 
10.0 10.0 
10.0 10.0 
10.0 10.0 
10.0 10.0 
10.0 10.0 
10.0 10.0 
10.0 10.0 
10.0 10.0 19:1.0 
10.0 10.0 
10.0 10.0 170:1.0 
10.0 10.0 
10.0 10.0 
10.0 10.0 
10.0 10.0 
10.0 10.0 
10.0 10.0 
10.0 10.0 164:1.0 
10.0 10.0 
10.0 10.0 
10.0 10.0 
10.0 10.0 
10.0 10.0 
10.0 10.0 
10.0 10.0 
10.0 10.0 
10.0 10.0 
10.0 10.0 
10.0 10.0 
10.0 10.0 
10.0 10.0 
10.0 10.0 
10.0 10.0 
10.0 10.0 
10.0 10.0 
10.0 10.0 
10.0 10.0 
10.0 10.0 
10.0 10.0 
10.0 10.0 
10.0 10.0 
10.0 10.0 
10.0 10.0 73:1.0 
10.0 10.0 
10.0 10.0 
10.0 10.0 
10.0 10.0 40:1.0 
10.0 10.0 
10.0 10.0 
10.0 10.0 
10.0 10.0 
10.0 10.0 
10.0 10.0 
10.0 10.0 
10.0 10.0 
10.0 10.0 27:1.0 101:1.0 
10.0 10.0 
10.0 10.0 
10.0 10.0 
10.0 10.0 60:1.0 
10.0 10.0 
10.0 10.0 46:1.0 
10.0 10.0 
10.0 10.0 
10.0 10.0 
10.0 10.0 
10.0 10.0 
10.0 10.0 
10.0 10.0 
10.0 10.0 
10.0 10.0 
10.0 10.0 
10.0 10.0 1:1.0 101:1.0 
10.0 10.0 
10.0 10.0 
10.0 10.0 
10.0 10.0 
10.0 10.0 
10.0 10.0 
10.0 10.0 145:1.0 
10.0 10.0 
10.0 10.0 27:1.0 108:1.0 
10.0 10.0 
10.0 10.0 
10.0 10.0 
10.0 10.0 
10.0 10.0 119:1.0 
10.0 10.0 
10.0 10.0 
10.0 10.0 
10.0 10.0 
10.0 10.0 
10.0 10.0 
10.0 10.0 
10.0 10.0 
10.0 10.0 
10.0 10.0 
10.0 10.0 
10.0 10.0 
10.0 10.0 28:1.0 87:1.0 
10.0 10.0 
10.0 10.0 
10.0 10.0 
10.0 10.0 
10.0 10.0 
10.0 10.0 159:1.0 169:1.0 
10.0 10.0 
10.0 10.0 
10.0 10.0 
10.0 10.0 
10.0 10.0 
10.0 10.0 8:1.0 46:1.0 61:1.0 64:1.0 162:1.0 
10.0 10.0 27:1.0 
10.0 10.0 182:1.0 
10.0 10.0 
10.0 10.0 
10.0 10.0 
10.0 10.0 
10.0 10.0 22:1.0 46:1.0 64:1.0 
10.0 10.0 
10.0 10.0 
10.0 10.0 
10.0 10.0 
10.0 10.0 
10.0 10.0 
10.0 10.0 171:1.0 
10.0 10.0 
10.0 10.0 1:1.0 29:1.0 
10.0 10.0 
10.0 10.0 
10.0 10.0 141:1.0 
10.0 10.0 7:1.0 
10.0 10.0 85:1.0 
10.0 10.0 
10.0 10.0 
10.0 10.0 
10.0 10.0 128:1.0 137:1.0 154:1.0 194:1.0 202:1.0 221:1.0 
10.0 10.0 28:1.0 73:1.0 
10.0 10.0 
10.0 10.0 
10.0 10.0 
10.0 10.0 
10.0 10.0 
10.0 10.0 
10.0 10.0 
10.0 10.0 42:1.0 
10.0 10.0 7:1.0 
10.0 10.0 
10.0 10.0 1:1.0 101:1.0 
10.0 10.0 
10.0 10.0 
10.0 10.0 
10.0 10.0 
10.0 10.0 
10.0 10.0 
10.0 10.0 
10.0 10.0 
10.0 10.0 
10.0 10.0 
10.0 10.0 
10.0 10.0 
10.0 10.0 53:1.0 
10.0 10.0 
10.0 10.0 
10.0 10.0 
10.0 10.0 
10.0 10.0 100:1.0 
10.0 10.0 
10.0 10.0 
10.0 10.0 
10.0 10.0 164:1.0 
10.0 10.0 
10.0 10.0 
10.0 10.0 
10.0 10.0 67:1.0 94:1.0 124:1.0 148:1.0 167:1.0 187:1.0 204:1.0 207:1.0 218:1.0 
10.0 10.0 
10.0 10.0 100:1.0 
10.0 10.0 
10.0 10.0 
10.0 10.0 
10.0 10.0 
10.0 10.0 
10.0 10.0 40:1.0 
10.0 10.0 58:1.0 
10.0 10.0 
10.0 10.0 
10.0 10.0 
10.0 10.0 42:1.0 
10.0 10.0 
10.0 10.0 23:1.0 
10.0 10.0 76:1.0 167:1.0 197:1.0 
10.0 10.0 
10.0 10.0 118:1.0 
-0.5687017022348595 2.818762435212877 121:1.0 
-0.0 10.0 78:1.0 
-10.0 10.0 142:1.0 
-0.0 1.6088375476468921 116:1.0 159:1.0 
-0.0 2.489931684615614 85:1.0 
-0.0 2.4923928283762415 88:1.0 
-5.420942925410319 5.469854243772228 8:1.0 77:1.0 
-0.0 10.0 90:1.0 
-10.0 0.0 42:1.0 
-0.5577098574215051 0.0 127:1.0 
-10.0 10.0 4:1.0 
-0.28551101062936596 0.0 15:1.0 102:1.0 
-0.4499667302931313 0.3606439188285069 107:1.0 203:1.0 
-0.2844950581658311 10.0 11:1.0 
-0.21350968725472924 10.0 162:1.0 173:1.0 
-0.2844950581658334 7.949829666407575 88:1.0 
-0.0 1.7037737432982962 144:1.0 
-0.49919333929701964 10.0 78:1.0 98:1.0 
-0.0 10.0 113:1.0 
-0.28463933834808475 10.0 90:1.0 
-10.0 10.0 34:1.0 66:1.0 76:1.0 193:1.0 
-10.0 0.0 170:1.0 
-0.42080288428740925 0.3573304625128565 20:1.0 179:1.0 186:1.0 196:1.0 
-0.2847836917012422 10.0 17:1.0 
-10.0 0.1594117532616704 85:1.0 94:1.0 147:1.0 189:1.0 
-0.584291825932502 10.0 85:1.0 
-0.0 10.0 92:1.0 
-10.0 0.0 42:1.0 
-0.0 2.4923928283762415 23:1.0 
-10.0 10.0 34:1.0 66:1.0 76:1.0 193:1.0 
-0.0 10.0 113:1.0 
-10.0 0.5182062826111209 181:1.0 
-10.0 1.9288014953141839 76:1.0 
-10.0 10.0 40:1.0 
-0.20796122840030118 10.0 185:1.0 
-0.0 10.0 38:1.0 
-10.0 10.0 23:1.0 
-0.0 2.4923928283762415 49:1.0 
-10.0 7.027472617170338 14:1.0 43:1.0 67:1.0 
-0.0 2.7110847370066455 21:1.0 
-0.0 10.0 93:1.0 
-0.0 0.7992564202317146 10:1.0 
-0.2414335060685496 0.0 65:1.0 179:1.0 
-0.5080715321470867 10.0 30:1.0 95:1.0 113:1.0 123:1.0 199:1.0 
-1.5937067088627876 0.0 101:1.0 165:1.0 
-10.0 10.0 100:1.0 
-0.18643521817911657 10.0 20:1.0 185:1.0 
-0.0 10.0 131:1.0 
-10.0 3.4329083676356658 16:1.0 
-0.2846393383480692 10.0 153:1.0 
-0.0 10.0 68:1.0 
-0.0 10.0 124:1.0 
-0.0 5.00852664972473 65:1.0 113:1.0 
-10.0 0.35055272905922963 7:1.0 128:1.0 137:1.0 154:1.0 194:1.0 202:1.0 221:1.0 
-0.0 10.0 125:1.0 
-0.0 10.0 78:1.0 
-0.0 6.917039228795392 36:1.0 180:1.0 
-0.0 2.7360475846167907 89:1.0 
-0.0 0.20774555321408475 15:1.0 178:1.0 
-10.0 0.0 67:1.0 
-0.0 10.0 38:1.0 99:1.0 149:1.0 
-0.44102504560442185 10.0 33:1.0 104:1.0 
-0.42622169306326335 0.4375187426375514 50:1.0 136:1.0 
-10.0 0.0 133:1.0 
-10.0 0.0 166:1.0 
-10.0 0.0 170:1.0 
-0.0 3.6968270598191415 10:1.0 122:1.0 126:1.0 
-0.0 7.818870596355328 21:1.0 
-3.7778475792203556 3.4772468106571885 72:1.0 122:1.0 138:1.0 
-0.0 4.69523478764849 
-0.0 10.0 
-0.0 10.0 
-10.0 10.0 25:1.0 
-0.0 10.0 
-0.0 10.0 
-0.0 10.0 
-0.0 10.0 
-0.0 10.0 
-0.0 10.0 
-0.0 10.0 
-0.0 10.0 
-0.0 10.0 
-0.0 10.0 
-0.0 10.0 
-0.0 10.0 
-0.2791378400711522 10.0 70:1.0 
-0.0 10.0 
-0.0 10.0 
-0.0 10.0 
-10.0 10.0 23:1.0 
-0.0 10.0 116:1.0 
-0.0 5.857469527710198 10:1.0 78:1.0 
-0.0 10.0 
-0.0 2.9229652424457924 82:1.0 113:1.0 
-0.3014744391933295 4.709870101756619 63:1.0 140:1.0 151:1.0 
-0.0 10.0 
-0.0 10.0 
-10.0 2.749727883593371 133:1.0 
-0.0 10.0 
-0.0 10.0 
-0.0 10.0 179:1.0 186:1.0 196:1.0 
-0.0 10.0 
-0.0 10.0 
-0.0 10.0 
-0.0 10.0 
-0.0 2.4923928283762415 3:1.0 
-0.0 10.0 
-10.0 10.0 11:1.0 
-0.0 10.0 
-0.0 10.0 
-0.0 10.0 
-0.0 10.0 
-10.0 10.0 52:1.0 76:1.0 94:1.0 148:1.0 167:1.0 197:1.0 204:1.0 207:1.0 218:1.0 220:1.0 
-0.0 10.0 145:1.0 
-0.0 10.0 
-0.0 0.6822513903916476 152:1.0 178:1.0 
-0.0 10.0 
-0.0 10.0 
-0.0 10.0 
-0.0 10.0 
-0.0 10.0 
-0.0 10.0 
-0.0 10.0 
-10.0 5.48381387438102 19:1.0 101:1.0 
-0.0 10.0 
-0.0 10.0 
-0.0 10.0 
-0.0 2.393353544567121 62:1.0 
-0.0 10.0 
-0.2877775009043423 10.0 150:1.0 173:1.0 
-0.0 2.829343445769866 57:1.0 
-0.0 10.0 
-0.0 10.0 
-0.0 10.0 
-0.0 10.0 
-0.0 10.0 
-0.0 5.556171000124332 178:1.0 
-0.0 10.0 
-0.0 10.0 
-0.0 10.0 
-0.0 10.0 
-0.0 10.0 
-0.0 10.0 
-0.0 10.0 
-0.0 10.0 
-0.0 10.0 
-0.0 10.0 
-0.0 10.0 
-0.2744327773039227 0.0 39:1.0 54:1.0 80:1.0 110:1.0 135:1.0 157:1.0 176:1.0 190:1.0 200:1.0 210:1.0 212:1.0 214:1.0 
-0.0 10.0 158:1.0 
-0.0 10.0 
-0.0 10.0 
-0.0 0.522828520178447 132:1.0 
-0.24679363981172503 5.479564592071028 149:1.0 155:1.0 
-0.5579926970615755 0.0 29:1.0 
-0.0 10.0 
-0.0 10.0 
-0.5695673834024713 3.1083466195578033 118:1.0 
-0.0 10.0 
-0.0 10.0 
-0.0 10.0 
-0.0 10.0 
-0.0 10.0 
-0.0 10.0 
-0.0 10.0 96:1.0 
-0.0 10.0 
-0.0 10.0 102:1.0 
-0.0 10.0 
-0.0 10.0 
-0.0 10.0 
-0.28492811826247744 8.083385527665863 3:1.0 
-0.0 10.0 
-0.0 10.0 
-0.0 10.0 
-0.0 10.0 
-0.0 10.0 
-0.0 10.0 101:1.0 116:1.0 135:1.0 173:1.0 
-0.0 10.0 
-0.0 10.0 
-0.0 10.0 
-0.0 10.0 
-0.0 10.0 
-0.0 10.0 
-0.0 10.0 109:1.0 
-0.0 10.0 
-0.0 10.0 
-0.2850726180688811 10.0 96:1.0 
-0.0 10.0 
-0.0 10.0 
-0.41877864696171496 0.0 45:1.0 56:1.0 63:1.0 97:1.0 132:1.0 208:1.0 
-0.0 10.0 
-0.0 10.0 
-0.0 0.2773578153944381 63:1.0 
-0.0 10.0 
-0.0 10.0 
-0.0 10.0 
-1.7960194021389417 10.0 
-0.28492811826250486 10.0 142:1.0 
-10.0 10.0 
-10.0 10.0 
-10.0 10.0 
-10.0 10.0 
-10.0 10.0 
-10.0 10.0 
-10.0 10.0 
-0.4541984942197963 0.4726255551903831 26:1.0 55:1.0 
-10.0 10.0 
-10.0 10.0 
-10.0 10.0 
-10.0 0.4542128374589489 99:1.0 
-0.0 0.9138012210507713 68:1.0 
-10.0 10.0 
-10.0 10.0 
-10.0 10.0 
-10.0 10.0 70:1.0 
-10.0 10.0 
-10.0 10.0 
-10.0 10.0 
-10.0 10.0 
-10.0 10.0 
-0.0 8.790803413712123 144:1.0 
-10.0 10.0 42:1.0 
-10.0 10.0 
-10.0 10.0 
-10.0 10.0 
-10.0 10.0 
-8.921366356045695 0.0 101:1.0 
-0.22003211330393352 6.914560786183419 175:1.0 180:1.0 
-10.0 10.0 
-10.0 10.0 
-10.0 10.0 
-10.0 10.0 
-10.0 10.0 
-10.0 10.0 
-0.28806538582498736 0.0 21:1.0 175:1.0 
-10.0 10.0 
-10.0 10.0 
-10.0 10.0 23:1.0 
-10.0 10.0 
-0.4262216930632712 5.4747914005576295 125:1.0 170:1.0 
-10.0 10.0 
-10.0 10.0 145:1.0 
-10.0 10.0 
-10.0 10.0 
-10.0 10.0 
-10.0 10.0 
-10.0 10.0 168:1.0 
-10.0 10.0 
-10.0 10.0 
-5.008934943323184 10.0 16:1.0 
-0.28507261806889433 10.0 126:1.0 
-10.0 10.0 
-0.0 5.635379975408307 151:1.0 
-10.0 10.0 
-10.0 10.0 
-10.0 10.0 
-10.0 10.0 
-0.0 10.0 177:1.0 
-10.0 10.0 
-10.0 10.0 
-10.0 10.0 
-10.0 10.0 
-10.0 10.0 
-10.0 10.0 
-10.0 10.0 
-10.0 10.0 
-10.0 10.0 
-10.0 10.0 
-10.0 10.0 
-10.0 10.0 
-10.0 10.0 
-10.0 10.0 
-10.0 10.0 
-0.0 10.0 49:1.0 
-10.0 10.0 
-10.0 10.0 
-10.0 10.0 
-10.0 10.0 
-10.0 10.0 
-10.0 10.0 
-10.0 10.0 
-10.0 10.0 
-10.0 10.0 
-10.0 10.0 
-10.0 10.0 
-10.0 10.0 
-0.0 0.5151832951055555 18:1.0 
-10.0 10.0 
-10.0 10.0 
-10.0 10.0 
-10.0 10.0 
-10.0 10.0 
-10.0 10.0 
-0.0 3.252670112801452 191:1.0 
-10.0 10.0 
-0.0 5.663259877190886 140:1.0 
-10.0 10.0 
-10.0 10.0 
-0.2852171911576272 8.939174661648263 159:1.0 
-10.0 10.0 
-10.0 10.0 
-0.0 10.0 178:1.0 
-10.0 10.0 
-10.0 10.0 
-10.0 10.0 
-10.0 10.0 38:1.0 79:1.0 
-10.0 10.0 
-10.0 10.0 
-10.0 10.0 
-0.0 9.944758469401592 5:1.0 74:1.0 75:1.0 81:1.0 192:1.0 198:1.0 201:1.0 216:1.0 217:1.0 
-10.0 10.0 
-10.0 10.0 
-10.0 10.0 
-0.28521719115764466 0.5182062826110487 83:1.0 
-10.0 10.0 
-10.0 10.0 
-10.0 10.0 
-0.0 3.2608919454674306 48:1.0 
-0.0 10.0 152:1.0 
-10.0 10.0 
-10.0 10.0 
-10.0 10.0 
-10.0 10.0 
-10.0 10.0 
-10.0 10.0 
-10.0 10.0 
-10.0 5.474574848361799 6:1.0 51:1.0 
-10.0 10.0 
-10.0 10.0 
-0.285361837565862 0.0 171:1.0 
-10.0 10.0 
-10.0 10.0 
-0.5582756801423171 0.0 134:1.0 
-10.0 10.0 
-8.02590202018244 0.0 124:1.0 165:1.0 
-10.0 10.0 
-10.0 10.0 
-10.0 10.0 
-0.09876330237395299 0.0 45:1.0 56:1.0 151:1.0 208:1.0 
-10.0 10.0 
-0.28536183756586453 7.73377833769836 57:1.0 
-10.0 10.0 
-0.30948099196592666 0.0 23:1.0 82:1.0 183:1.0 
-10.0 10.0 
-10.0 10.0 
-10.0 10.0 
-0.0 10.0 47:1.0 
-0.0 10.0 151:1.0 
-10.0 10.0 
-0.42459534585348063 10.0 47:1.0 55:1.0 
-10.0 10.0 
-10.0 10.0 
-10.0 10.0 
-0.4215672729696362 9.586641283567058 68:1.0 141:1.0 
-10.0 10.0 70:1.0 
-0.0 6.94969700107853 44:1.0 129:1.0 
-0.0 10.0 37:1.0 
-10.0 10.0 
-10.0 10.0 
-10.0 0.5047200525088289 171:1.0 
-10.0 10.0 
-10.0 10.0 
-5.3603523796696155 0.0 66:1.0 76:1.0 
-10.0 10.0 
-0.0 10.0 47:1.0 
-10.0 10.0 
-0.0 10.0 44:1.0 
-10.0 10.0 
-9.78277102635102 7.839094684683927 85:1.0 
-10.0 10.0 
-10.0 10.0 
-10.0 10.0 
-0.0 10.0 136:1.0 
-10.0 10.0 61:1.0 172:1.0 
-10.0 10.0 
-10.0 10.0 
-10.0 10.0 
-0.0 2.4923928283762415 146:1.0 
-10.0 10.0 
-10.0 10.0 
-0.0 3.265214076188379 184:1.0 
-10.0 10.0 
-10.0 10.0 
-10.0 10.0 
-10.0 10.0 
-10.0 10.0 
-10.0 10.0 
-10.0 10.0 
-10.0 10.0 
-10.0 10.0 
-0.2855065573307594 9.784657565692342 152:1.0 
-0.0 2.484860236866442 120:1.0 
-0.0 10.0 120:1.0 
-10.0 10.0 
-0.28550655733074565 0.4551936023194446 188:1.0 
-10.0 10.0 
-10.0 10.0 
-10.0 10.0 
-10.0 10.0 
-5.497352577235519 6.915524075275051 16:1.0 129:1.0 187:1.0 
-10.0 10.0 
-10.0 10.0 
-10.0 10.0 
-0.28568201863028636 0.42189618808633134 143:1.0 
-9.955102771397035 10.0 124:1.0 
-10.0 10.0 
-10.0 10.0 
-10.0 7.698420088318905 133:1.0 
-10.0 10.0 
-10.0 10.0 
-10.0 10.0 
-10.0 10.0 
-10.0 10.0 
-10.0 10.0 
-10.0 10.0 
-10.0 10.0 
-10.0 10.0 
-10.0 10.0 
-0.20052196227736457 0.4139511964421368 25:1.0 42:1.0 
-0.0 3.747050409235782 30:1.0 123:1.0 199:1.0 
-10.0 10.0 
-0.41702110782218604 10.0 92:1.0 109:1.0 
-0.4818610971824861 10.0 131:1.0 
-10.0 10.0 
-10.0 10.0 
-10.0 10.0 
-10.0 10.0 
-0.4445914061964106 0.47140738779634905 59:1.0 145:1.0 
-10.0 10.0 
-10.0 10.0 
-10.0 10.0 
-0.0 5.395310681126791 45:1.0 56:1.0 63:1.0 97:1.0 208:1.0 
-10.0 0.0 55:1.0 
-10.0 10.0 
-0.49920119452013373 0.39592005855479684 2:1.0 93:1.0 
-10.0 10.0 
-9.772835272995888 0.39522128623921904 29:1.0 
-10.0 10.0 
-10.0 10.0 124:1.0 
-10.0 10.0 
-10.0 10.0 
-10.0 10.0 
-10.0 10.0 
-0.5130606864867595 10.0 112:1.0 115:1.0 
-10.0 10.0 
-10.0 10.0 
-0.28582690077332096 10.0 10:1.0 
-10.0 10.0 
-10.0 10.0 
-0.28568201863028325 7.7867809355616835 89:1.0 
-10.0 10.0 
-10.0 10.0 
-10.0 10.0 
-10.0 10.0 
-10.0 10.0 
-10.0 10.0 
-0.2858269007733021 10.0 13:1.0 
-10.0 10.0 
-10.0 10.0 
-10.0 10.0 
-0.2792794033682462 0.0 169:1.0 
-10.0 10.0 
-10.0 10.0 
-10.0 10.0 
-10.0 10.0 
-10.0 10.0 
-10.0 10.0 
-10.0 10.0 
-10.0 10.0 
-0.2859718563925973 7.309713598338324 184:1.0 
-10.0 10.0 
-10.0 10.0 
-10.0 10.0 
-0.2861168855253172 0.0 32:1.0 
-0.0 10.0 30:1.0 
-10.0 10.0 
-10.0 10.0 
-10.0 10.0 
-10.0 10.0 
-10.0 10.0 
-10.0 10.0 
-10.0 10.0 
-10.0 10.0 
-10.0 10.0 
-10.0 10.0 
-10.0 10.0 
-10.0 10.0 
-0.0 10.0 82:1.0 126:1.0 
-10.0 10.0 
-10.0 10.0 
-10.0 10.0 
-10.0 10.0 
-10.0 10.0 
-10.0 10.0 
-10.0 10.0 
-10.0 10.0 
-10.0 10.0 
-0.0 0.5117160231124116 112:1.0 
-10.0 10.0 
-10.0 10.0 
-10.0 10.0 
-10.0 10.0 
-10.0 10.0 
-10.0 10.0 
-10.0 10.0 
-10.0 10.0 
-10.0 10.0 105:1.0 124:1.0 
-10.0 10.0 
-10.0 10.0 
-10.0 10.0 
-10.0 10.0 
-10.0 10.0 
-10.0 10.0 
-10.0 10.0 
-10.0 10.0 
-10.0 10.0 
-10.0 10.0 
-10.0 10.0 
-10.0 10.0 
-10.0 10.0 
-10.0 10.0 
-10.0 10.0 
-10.0 4.990006264729573 32:1.0 
-10.0 10.0 
-10.0 10.0 
-10.0 10.0 
-10.0 10.0 
-10.0 0.5631217834680575 169:1.0 
-10.0 10.0 
-10.0 10.0 
-0.0 10.0 43:1.0 
-0.0 10.0 179:1.0 186:1.0 196:1.0 
-10.0 10.0 
-10.0 10.0 
-0.0 4.994928552250828 86:1.0 
-10.0 10.0 
-9.720862159928847 0.5511643280172387 134:1.0 
-10.0 10.0 
-0.0 10.0 72:1.0 
-0.6945704476200304 0.6108831513043678 116:1.0 165:1.0 
-0.0 10.0 125:1.0 
-10.0 10.0 
-0.28597185639260697 7.195242943920959 48:1.0 
-10.0 10.0 
-10.0 10.0 
-10.0 10.0 
-10.0 10.0 
-0.2862619882088214 2.4923928283762415 103:1.0 
-1.4376528475473742 2.070611914119009 39:1.0 54:1.0 80:1.0 176:1.0 190:1.0 210:1.0 
-0.0 8.0568166243757 120:1.0 
-0.0 10.0 26:1.0 
-0.3761776740413929 0.0 44:1.0 155:1.0 
-0.47171178442964307 0.0 36:1.0 37:1.0 144:1.0 
-10.0 10.0 
-0.36603953233616976 0.46195370042689304 24:1.0 
-10.0 10.0 
-10.0 5.563402224359353 32:1.0 
-10.0 10.0 
-10.0 10.0 
-10.0 5.270568691752738 147:1.0 189:1.0 
-10.0 10.0 
-0.0 7.978542848423142 37:1.0 65:1.0 116:1.0 
-10.0 0.6246895739620066 22:1.0 141:1.0 
-10.0 10.0 
-10.0 10.0 
-10.0 10.0 
-0.1980057194910417 10.0 180:1.0 
-10.0 10.0 
-10.0 10.0 
-10.0 10.0 
-10.0 10.0 
-0.0 10.0 163:1.0 
-10.0 10.0 
-10.0 10.0 
-9.775592214074612 0.42734466108758973 127:1.0 
-10.0 10.0 
-10.0 10.0 
-10.0 10.0 
-10.0 10.0 
-0.2861168855253061 5.444725988722258 86:1.0 
-10.0 10.0 
-10.0 10.0 
-0.0 0.5714121032654713 109:1.0 
-10.0 10.0 
-9.592251005447103 0.0 55:1.0 
-10.0 10.0 
-10.0 10.0 139:1.0 
-10.0 10.0 
-10.0 10.0 
-10.0 10.0 
-10.0 10.0 
-10.0 10.0 
-10.0 10.0 87:1.0 159:1.0 
-10.0 10.0 
-10.0 10.0 
-10.0 10.0 
-10.0 10.0 
-10.0 10.0 
-10.0 10.0 
-10.0 10.0 
-0.28640716448039505 10.0 177:1.0 
-10.0 10.0 
-10.0 10.0 
-10.0 10.0 
-10.0 10.0 
-10.0 10.0 
-10.0 10.0 
-10.0 10.0 
-10.0 10.0 
-0.0 0.5221140601241042 183:1.0 
-10.0 10.0 
-10.0 10.0 
-10.0 10.0 
-10.0 10.0 
-10.0 10.0 
-10.0 8.046238867436733 23:1.0 
-10.0 10.0 
-0.0 10.0 115:1.0 
-10.0 10.0 
-10.0 10.0 
-10.0 10.0 
-10.0 10.0 
-10.0 10.0 
-10.0 10.0 
-0.0 10.0 104:1.0 124:1.0 
-10.0 10.0 
-10.0 10.0 
-10.0 10.0 
-10.0 10.0 
-10.0 10.0 
-0.28626198820881366 8.142819666875774 62:1.0 
-10.0 10.0 
-10.0 10.0 
-10.0 10.0 
-10.0 10.0 
-10.0 10.0 
-10.0 10.0 
-10.0 10.0 
-10.0 10.0 
-10.0 10.0 
-10.0 10.0 
-0.0 0.29675602416163177 15:1.0 
-10.0 10.0 
-10.0 8.543991190897943 76:1.0 
-10.0 10.0 
-0.0 10.0 178:1.0 
-10.0 10.0 
-10.0 10.0 
-10.0 10.0 
-0.32456124579196727 0.0 25:1.0 82:1.0 120:1.0 
-0.0 3.330763478311113 69:1.0 
-10.0 10.0 59:1.0 
-10.0 10.0 
-10.0 10.0 
-10.0 10.0 
-10.0 10.0 
-10.0 10.0 
-0.2855110106293463 0.4524824151198319 102:1.0 139:1.0 
-10.0 10.0 
-10.0 10.0 
-10.0 10.0 
-10.0 10.0 
-10.0 10.0 
-10.0 10.0 
-10.0 10.0 
-10.0 10.0 
-10.0 10.0 
-10.0 10.0 
-10.0 8.033637487568294 103:1.0 
-0.0 0.5537442756712021 95:1.0 
-10.0 10.0 
-10.0 10.0 
-10.0 10.0 
-10.0 10.0 
-10.0 10.0 
-0.45243942476125054 0.12548641703356114 22:1.0 163:1.0 
-9.720720596631754 7.682810692401245 121:1.0 
-0.28655241437735096 7.2027320373280626 191:1.0 
-10.0 10.0 
-10.0 10.0 
-10.0 10.0 
-10.0 10.0 
-10.0 10.0 
-10.0 10.0 
-10.0 10.0 
-10.0 10.0 60:1.0 
-10.0 10.0 
-0.28640716448037673 7.162480202452849 69:1.0 
-10.0 10.0 
-10.0 10.0 
-10.0 10.0 
-10.0 10.0 
-10.0 10.0 
-10.0 0.0 24:1.0 166:1.0 
-10.0 10.0 
-10.0 10.0 
-10.0 10.0 
-10.0 10.0 
-10.0 10.0 
-10.0 10.0 
-10.0 10.0 47:1.0 
-10.0 10.0 
-10.0 10.0 
-10.0 10.0 
-10.0 10.0 
-10.0 10.0 
-10.0 10.0 
-10.0 10.0 
-10.0 10.0 
-10.0 10.0 
-10.0 10.0 
-10.0 10.0 
-10.0 10.0 
-10.0 10.0 
-10.0 10.0 
-10.0 10.0 
-7.116578476638759 10.0 18:1.0 53:1.0 111:1.0 
-0.0 6.998239011209094 72:1.0 
-10.0 10.0 
-10.0 10.0 
-0.0 10.0 178:1.0 
-10.0 10.0 
-0.6018617006771463 0.0 39:1.0 80:1.0 110:1.0 130:1.0 135:1.0 176:1.0 190:1.0 195:1.0 200:1.0 205:1.0 206:1.0 210:1.0 213:1.0 215:1.0 219:1.0 222:1.0 
-10.0 10.0 
-10.0 10.0 
-10.0 10.0 
-10.0 10.0 
-10.0 10.0 
-10.0 10.0 
-9.715216308298757 7.46665943115038 118:1.0 
-0.5071005157331903 0.40032257785768394 5:1.0 74:1.0 75:1.0 81:1.0 192:1.0 198:1.0 201:1.0 216:1.0 217:1.0 
-10.0 10.0 
-10.0 10.0 
-10.0 10.0 
-10.0 10.0 
-10.0 10.0 
-0.2866977379370299 0.45289980248804 91:1.0 
-10.0 10.0 
-10.0 10.0 
-0.0 4.575689150588605 78:1.0 
-10.0 6.498676124500495 166:1.0 
-10.0 10.0 
-10.0 10.0 
-0.2865524143773261 8.00205354807223 146:1.0 
-10.0 10.0 
-0.5428933822060439 10.0 41:1.0 160:1.0 211:1.0 
-10.0 10.0 
-10.0 10.0 
-0.28669773793702014 10.0 158:1.0 
-10.0 10.0 
-10.0 10.0 
-0.5183855610067161 0.4286894365605317 117:1.0 156:1.0 209:1.0 
-10.0 10.0 
-10.0 10.0 
-10.0 10.0 
-10.0 10.0 
-10.0 10.0 
-10.0 10.0 
-10.0 10.0 
-0.33272256457022265 8.059426928364072 49:1.0 
-0.0 0.5221140601240375 150:1.0 
-10.0 10.0 
-10.0 10.0 
-10.0 10.0 
-10.0 10.0 
-10.0 10.0 
-10.0 10.0 
-10.0 0.0 50:1.0 
-2.418428351148033 0.5655889320023652 124:1.0 
-10.0 10.0 
-10.0 10.0 
-10.0 10.0 
-10.0 10.0 
-10.0 10.0 
-10.0 10.0 
-10.0 10.0 
-10.0 10.0 
-10.0 10.0 
-10.0 10.0 78:1.0 162:1.0 
-10.0 10.0 
-10.0 0.0 101:1.0 142:1.0 
-10.0 10.0 
-10.0 10.0 
-10.0 10.0 
-5.429580433867159 3.973984202755122 166:1.0 178:1.0 
-10.0 10.0 
-10.0 10.0 
-10.0 10.0 
-10.0 10.0 
-1.0702166950457759 10.0 
-0.0 10.0 
-0.0 -10.0 
-0.0 -10.0 
-0.0 -10.0 
-0.0 -10.0 
-10.0 -10.0 28:1.0 
-0.0 -10.0 
-0.0 -10.0 
-0.0 -10.0 125:1.0 
-10.0 -10.0 19:1.0 
-0.0 -10.0 
-0.0 -10.0 
-0.0 -10.0 
-0.0 -10.0 
-0.0 -10.0 
-0.0 -10.0 
-0.0 -10.0 
-10.0 -10.0 79:1.0 
-0.0 -10.0 
-10.0 -10.0 53:1.0 103:1.0 
-0.0 -10.0 
-0.0 -10.0 
-0.0 -10.0 
-0.0 -10.0 185:1.0 
-0.0 -10.0 173:1.0 
-10.0 -10.0 31:1.0 
-0.0 -10.0 
-0.0 -10.0 68:1.0 
-0.0 -10.0 
-0.0 -10.0 
-0.0 -10.0 
-0.0 -10.0 
-0.0 -10.0 
-0.0 -10.0 
-0.0 -10.0 
-0.0 -10.0 
-0.6452517142254215 -10.0 11:1.0 
-0.0 -10.0 
-0.0 -10.0 
-0.0 -10.0 
-0.0 -10.0 
-0.0 -10.0 
-0.3278609228795982 -10.0 191:1.0 
-5.492033468014626 -10.0 23:1.0 120:1.0 
-10.0 -10.0 
-0.0 -10.0 98:1.0 
-10.0 -10.0 
-10.0 -10.0 
-10.0 -10.0 
-10.0 -10.0 
-0.0 -10.0 111:1.0 
-10.0 -10.0 
-0.32295317612615076 -10.0 145:1.0 
-10.0 -10.0 
-10.0 -10.0 
-10.0 -10.0 
-10.0 -10.0 
-10.0 -10.0 164:1.0 168:1.0 
-10.0 -10.0 
-10.0 -10.0 
-10.0 -10.0 
-10.0 -10.0 
-0.0 -10.0 126:1.0 
-10.0 -10.0 
-10.0 -10.0 
-10.0 -10.0 
-10.0 -10.0 
-10.0 -10.0 
-0.268767933241328 -10.0 35:1.0 173:1.0 
-10.0 -10.0 
-10.0 -10.0 
-10.0 -10.0 
-10.0 -10.0 
-9.741856818697078 -10.0 11:1.0 
-10.0 -10.0 
-10.0 -10.0 
-10.0 -10.0 
-10.0 -10.0 
-10.0 -10.0 
-10.0 -10.0 
-10.0 -10.0 
-0.0 -10.0 17:1.0 
-0.3263528002038064 -10.0 35:1.0 146:1.0 
-10.0 -10.0 
-0.6043897148913072 -10.0 162:1.0 
-10.0 -10.0 
-10.0 -10.0 
-10.0 -10.0 
-10.0 -10.0 
-0.6347868898726844 -10.0 159:1.0 
-0.0 -10.0 96:1.0 
-10.0 -10.0 
-10.0 -10.0 
-10.0 -10.0 
-0.0 -10.0 47:1.0 
-10.0 -10.0 
-10.0 -10.0 13:1.0 14:1.0 
-0.0 -10.0 43:1.0 
-0.0 -10.0 92:1.0 
-0.3231169601419715 -10.0 52:1.0 
-10.0 -10.0 
-10.0 -10.0 
-10.0 -10.0 
-0.0 -10.0 30:1.0 33:1.0 113:1.0 
-10.0 -10.0 
-0.32295317612616165 -10.0 86:1.0 
-10.0 -10.0 
-0.3232808272199802 -10.0 69:1.0 
-0.32311696014199826 -10.0 102:1.0 
-10.0 -10.0 
-10.0 -10.0 
-10.0 -10.0 
-10.0 -10.0 
-10.0 -10.0 
-10.0 -10.0 
-6.383225715730509 -10.0 26:1.0 55:1.0 113:1.0 
-10.0 -10.0 
-10.0 -10.0 
-10.0 -10.0 
-10.0 -10.0 
-0.0 -10.0 38:1.0 
-0.0 -10.0 78:1.0 
-9.748197451916845 -10.0 159:1.0 
-0.0 -10.0 173:1.0 
-0.32344477740232414 -10.0 48:1.0 
-10.0 -10.0 
-10.0 -10.0 16:1.0 187:1.0 
-10.0 -10.0 
-10.0 -10.0 
-10.0 -10.0 
-10.0 -10.0 
-10.0 -10.0 
-10.0 -10.0 
-0.31771802738122645 -10.0 142:1.0 
-10.0 -10.0 
-10.0 -10.0 
-10.0 -10.0 
-10.0 -10.0 
-10.0 -10.0 
-0.26076211455105347 -10.0 47:1.0 
-10.0 -10.0 
-10.0 -10.0 
-10.0 -10.0 
-10.0 -10.0 
-10.0 -10.0 44:1.0 164:1.0 
-10.0 -10.0 
-10.0 -10.0 
-10.0 -10.0 166:1.0 
-10.0 -10.0 
-10.0 -10.0 
-0.0 -10.0 44:1.0 
-10.0 -10.0 
-0.0 -10.0 41:1.0 160:1.0 211:1.0 
-0.0 -10.0 78:1.0 
-10.0 -10.0 
-0.323280827219957 -10.0 104:1.0 
-10.0 -10.0 
-10.0 -10.0 
-0.0 -10.0 72:1.0 
-10.0 -10.0 
-10.0 -10.0 
-10.0 -10.0 
-10.0 -10.0 
-10.0 -10.0 
-10.0 -10.0 
-0.32360881073115044 -10.0 93:1.0 
-0.0 -10.0 49:1.0 
-10.0 -10.0 
-0.0 -10.0 97:1.0 
-10.0 -10.0 
-10.0 -10.0 
-10.0 -10.0 59:1.0 
-5.55567025477019 -10.0 33:1.0 138:1.0 
-10.0 -10.0 
-10.0 -10.0 
-10.0 -10.0 34:1.0 76:1.0 193:1.0 
-10.0 -10.0 
-0.27713192052417845 -10.0 124:1.0 
-10.0 -10.0 
-10.0 -10.0 
-10.0 -10.0 
-10.0 -10.0 
-0.0 -10.0 13:1.0 144:1.0 
-10.0 -10.0 
-9.784098385417387 -10.0 162:1.0 
-10.0 -10.0 58:1.0 
-10.0 -10.0 
-0.5247845721326757 -10.0 71:1.0 149:1.0 
-10.0 -10.0 
-10.0 -10.0 124:1.0 
-10.0 -10.0 
-10.0 -10.0 
-10.0 -10.0 
-10.0 -10.0 
-10.0 -10.0 
-0.0 -10.0 126:1.0 
-10.0 -10.0 64:1.0 
-10.0 -10.0 
-10.0 -10.0 
-0.0 -10.0 119:1.0 
-10.0 -10.0 
-10.0 -10.0 
-10.0 -10.0 
-0.0 -10.0 179:1.0 186:1.0 196:1.0 
-10.0 -10.0 47:1.0 58:1.0 172:1.0 
-0.0 -10.0 125:1.0 
-10.0 -10.0 
-10.0 -10.0 
-0.32344477740230904 -10.0 82:1.0 
-10.0 -10.0 
-10.0 -10.0 70:1.0 141:1.0 
-10.0 -10.0 
-10.0 -10.0 
-0.0 -10.0 38:1.0 
-10.0 -10.0 
-10.0 -10.0 
-10.0 -10.0 
-10.0 -10.0 
-10.0 -10.0 27:1.0 108:1.0 
-0.0 -10.0 35:1.0 
-0.4361945876273473 -10.0 17:1.0 97:1.0 178:1.0 180:1.0 
-10.0 -10.0 
-10.0 -10.0 
-10.0 -10.0 
-10.0 -10.0 
-0.0 -10.0 153:1.0 
-10.0 -10.0 
-10.0 -10.0 
-10.0 -10.0 
-10.0 -10.0 
-10.0 -10.0 
-10.0 -10.0 
-10.0 -10.0 
-10.0 -10.0 
-10.0 -10.0 
-0.0 -10.0 9:1.0 
-10.0 -10.0 
-10.0 -10.0 
-10.0 -10.0 85:1.0 
-10.0 -10.0 
-10.0 -10.0 
-10.0 -10.0 
-10.0 -10.0 
-0.536456012773916 -10.0 49:1.0 115:1.0 
-0.0 -10.0 152:1.0 
-10.0 -10.0 
-10.0 -10.0 
-10.0 -10.0 
-10.0 -10.0 
-10.0 -10.0 
-10.0 -10.0 
-10.0 -10.0 
-10.0 -10.0 
-0.32377292724863416 -10.0 92:1.0 
-0.21926554997748138 -10.0 47:1.0 180:1.0 
-10.0 -10.0 
-10.0 -10.0 
-10.0 -10.0 
-10.0 -10.0 
-10.0 -10.0 
-2.327339693666789 -10.0 71:1.0 79:1.0 113:1.0 
-0.0 -10.0 173:1.0 
-0.0 -10.0 70:1.0 
-10.0 -10.0 
-0.6472176214623093 -10.0 78:1.0 
-10.0 -10.0 
-10.0 -10.0 
-10.0 -10.0 
-10.0 -10.0 105:1.0 
-10.0 -10.0 
-0.0 -10.0 17:1.0 
-10.0 -10.0 
-10.0 -10.0 
-0.0 -10.0 98:1.0 
-10.0 -10.0 
-10.0 -10.0 6:1.0 
-10.0 -10.0 
-10.0 -10.0 
-10.0 -10.0 
-10.0 -10.0 
-10.0 -10.0 
-10.0 -10.0 
-10.0 -10.0 
-10.0 -10.0 
-10.0 -10.0 
-10.0 -10.0 
-10.0 -10.0 
-10.0 -10.0 
-10.0 -10.0 
-10.0 -10.0 
-10.0 -10.0 
-10.0 -10.0 
-10.0 -10.0 
-0.2165606759002932 -10.0 150:1.0 178:1.0 
-10.0 -10.0 
-10.0 -10.0 
-10.0 -10.0 
-10.0 -10.0 12:1.0 
-10.0 -10.0 
-10.0 -10.0 
-0.3239371269969502 -10.0 21:1.0 
-10.0 -10.0 
-10.0 -10.0 
-0.5597245612280121 -10.0 19:1.0 88:1.0 
-0.0 -10.0 178:1.0 
-10.0 -10.0 
-10.0 -10.0 
-10.0 -10.0 
-10.0 -10.0 
-10.0 -10.0 
-10.0 -10.0 
-10.0 -10.0 
-10.0 -10.0 
-10.0 -10.0 
-10.0 -10.0 
-0.0 -10.0 173:1.0 
-10.0 -10.0 87:1.0 
-10.0 -10.0 139:1.0 
-0.3237729272486387 -10.0 125:1.0 
-10.0 -10.0 
-0.32410141001830145 -10.0 70:1.0 
-0.6039177895750423 -10.0 30:1.0 41:1.0 123:1.0 160:1.0 199:1.0 211:1.0 
-0.0 -10.0 149:1.0 
-0.3239371269969362 -10.0 18:1.0 
-10.0 -10.0 
-10.0 -10.0 
-10.0 -10.0 
-10.0 -10.0 
-10.0 -10.0 
-0.32410141001832266 -10.0 126:1.0 
-0.0 -10.0 9:1.0 
-0.5324962618078404 -10.0 20:1.0 185:1.0 
-10.0 -10.0 
-0.3243101436412469 -10.0 129:1.0 
-10.0 -10.0 
-10.0 -10.0 
-10.0 -10.0 
-10.0 -10.0 
-0.0 -10.0 98:1.0 
-10.0 -10.0 
-0.0 -10.0 78:1.0 98:1.0 
-0.4330899004532381 -10.0 57:1.0 
-10.0 -10.0 
-10.0 -10.0 
-10.0 -10.0 
-10.0 -10.0 
-10.0 -10.0 
-10.0 -10.0 
-10.0 -10.0 
-10.0 -10.0 
-10.0 -10.0 
-10.0 -10.0 
-10.0 -10.0 
-0.0 -10.0 37:1.0 
-10.0 -10.0 
-10.0 -10.0 
-10.0 -10.0 34:1.0 76:1.0 193:1.0 
-10.0 -10.0 
-10.0 -10.0 
-10.0 -10.0 
-10.0 -10.0 
-10.0 -10.0 164:1.0 
-0.5484226196743989 -10.0 179:1.0 186:1.0 196:1.0 
-10.0 -10.0 
-10.0 -10.0 
-10.0 -10.0 
-10.0 -10.0 
-10.0 -10.0 
-10.0 -10.0 
-10.0 -10.0 
-10.0 -10.0 124:1.0 
-10.0 -10.0 87:1.0 100:1.0 174:1.0 
-10.0 -10.0 
-10.0 -10.0 60:1.0 
-10.0 -10.0 
-0.0 -10.0 13:1.0 
-0.0 -10.0 30:1.0 33:1.0 
-10.0 -10.0 
-5.438855990526934 -10.0 87:1.0 152:1.0 
-10.0 -10.0 142:1.0 
-10.0 -10.0 
-9.67639118926885 -10.0 78:1.0 
-10.0 -10.0 
-10.0 -10.0 
-10.0 -10.0 
-0.0 -10.0 106:1.0 
-10.0 -10.0 
-10.0 -10.0 
-10.0 -10.0 
-10.0 -10.0 
-10.0 -10.0 
-10.0 -10.0 76:1.0 177:1.0 
-0.3244746158360201 -10.0 163:1.0 
-10.0 -10.0 
-10.0 -10.0 
-10.0 -10.0 
-10.0 -10.0 
-10.0 -10.0 
-10.0 -10.0 
-10.0 -10.0 
-10.0 -10.0 
-10.0 -10.0 
-10.0 -10.0 
-10.0 -10.0 
-10.0 -10.0 10:1.0 147:1.0 182:1.0 
-10.0 -10.0 
-10.0 -10.0 
-0.0 -10.0 173:1.0 
-10.0 -10.0 98:1.0 114:1.0 
-10.0 -10.0 
-0.0 -10.0 109:1.0 
-0.5382472743075752 -10.0 63:1.0 140:1.0 151:1.0 
-10.0 -10.0 
-10.0 -10.0 
-10.0 -10.0 
-10.0 -10.0 
-10.0 -10.0 
-10.0 -10.0 
-10.0 -10.0 
-0.0 -10.0 61:1.0 
-10.0 -10.0 
-10.0 -10.0 
-10.0 -10.0 
-10.0 -10.0 
-10.0 -10.0 
-0.6486202872824951 -10.0 119:1.0 
-0.0 -10.0 111:1.0 116:1.0 
-10.0 -10.0 
-0.6040833571730153 -10.0 61:1.0 
-10.0 -10.0 
-10.0 -10.0 
-10.0 -10.0 
-10.0 -10.0 
-10.0 -10.0 
-10.0 -10.0 
-10.0 -10.0 
-0.5241819398747457 -10.0 16:1.0 177:1.0 
-10.0 -10.0 
-0.0 -10.0 115:1.0 
-10.0 -10.0 
-10.0 -10.0 
-10.0 -10.0 
-10.0 -10.0 124:1.0 
-10.0 -10.0 
-10.0 -10.0 
-10.0 -10.0 
-10.0 -10.0 
-10.0 -10.0 
-10.0 -10.0 
-10.0 -10.0 40:1.0 106:1.0 
-0.3244746158359956 -10.0 112:1.0 
-10.0 -10.0 
-9.675689856358753 -10.0 119:1.0 
-10.0 -10.0 
-10.0 -10.0 
-10.0 -10.0 
-10.0 -10.0 
-10.0 -10.0 
-10.0 -10.0 
-10.0 -10.0 
-10.0 -10.0 
-0.0 -10.0 38:1.0 
-10.0 -10.0 
-0.0 -10.0 158:1.0 
-10.0 -10.0 
-10.0 -10.0 
-10.0 -10.0 23:1.0 
-10.0 -10.0 
-0.0 -10.0 180:1.0 
-10.0 -10.0 
-0.0 -10.0 41:1.0 160:1.0 211:1.0 
-10.0 -10.0 
-10.0 -10.0 
-10.0 -10.0 
-0.0 -10.0 41:1.0 160:1.0 211:1.0 
-10.0 -10.0 
-10.0 -10.0 124:1.0 
-10.0 -10.0 
-10.0 -10.0 
-10.0 -10.0 121:1.0 
-10.0 -10.0 
-10.0 -10.0 
-10.0 -10.0 
-10.0 -10.0 
-0.0 -10.0 90:1.0 
-10.0 -10.0 
-10.0 -10.0 
-10.0 -10.0 
-10.0 -10.0 
-10.0 -10.0 
-10.0 -10.0 
-10.0 -10.0 
-10.0 -10.0 
-10.0 -10.0 
-10.0 -10.0 
-0.3246391714420501 -10.0 68:1.0 
-10.0 -10.0 
-10.0 -10.0 
-0.0 -10.0 111:1.0 
-10.0 -10.0 
-10.0 -10.0 46:1.0 131:1.0 
-10.0 -10.0 
-0.3248038105015676 -10.0 38:1.0 
-10.0 -10.0 
-10.0 -10.0 42:1.0 158:1.0 
-10.0 -10.0 
-9.722868079475822 -10.0 61:1.0 
-10.0 -10.0 
-10.0 -10.0 
-10.0 -10.0 
-0.0 -10.0 113:1.0 
-10.0 -10.0 27:1.0 
-10.0 -10.0 
-10.0 -10.0 
-10.0 -10.0 
-10.0 -10.0 
-0.0 -10.0 173:1.0 
-10.0 -10.0 
-0.0 -10.0 178:1.0 
-0.0 -10.0 173:1.0 
-10.0 -10.0 34:1.0 76:1.0 94:1.0 148:1.0 167:1.0 193:1.0 197:1.0 204:1.0 207:1.0 218:1.0 220:1.0 
-10.0 -10.0 
-0.0 -10.0 65:1.0 104:1.0 116:1.0 151:1.0 
-10.0 -10.0 
-10.0 -10.0 
-10.0 -10.0 
-10.0 -10.0 
-10.0 -10.0 
-10.0 -10.0 133:1.0 
-10.0 -10.0 
-5.50705202794107 -10.0 8:1.0 182:1.0 
-10.0 -10.0 
-10.0 -10.0 
-0.6223560363213617 -10.0 5:1.0 74:1.0 75:1.0 81:1.0 192:1.0 198:1.0 201:1.0 216:1.0 217:1.0 
-10.0 -10.0 
-10.0 -10.0 
-10.0 -10.0 
-10.0 -10.0 
-10.0 -10.0 
-10.0 -10.0 
-10.0 -10.0 
-10.0 -10.0 
-10.0 -10.0 
-10.0 -10.0 
-10.0 -10.0 
-10.0 -10.0 
-10.0 -10.0 145:1.0 
-10.0 -10.0 
-10.0 -10.0 
-10.0 -10.0 
-10.0 -10.0 
-10.0 -10.0 
-10.0 -10.0 
-0.3246391714420245 -10.0 136:1.0 
-0.3249685330569141 -10.0 37:1.0 
-10.0 -10.0 
-10.0 -10.0 
-10.0 -10.0 
-10.0 -10.0 
-10.0 -10.0 
-10.0 -10.0 
-0.324803810501578 -10.0 111:1.0 
-10.0 -10.0 
-10.0 -10.0 
-10.0 -10.0 
-10.0 -10.0 
-10.0 -10.0 
-10.0 -10.0 
-10.0 -10.0 190:1.0 
-10.0 -10.0 
-10.0 -10.0 
-0.20490340819368244 -10.0 173:1.0 
-10.0 -10.0 
-10.0 -10.0 
-10.0 -10.0 
-0.32496853305689954 -10.0 89:1.0 
-10.0 -10.0 
-0.3251333391504869 -10.0 184:1.0 
-10.0 -10.0 70:1.0 
-10.0 -10.0 
-10.0 -10.0 
-10.0 -10.0 
-10.0 -10.0 
-10.0 -10.0 
-10.0 -10.0 
-10.0 -10.0 
-10.0 -10.0 
-10.0 -10.0 
-0.32513333915051 -10.0 72:1.0 
-5.634817986660395 -10.0 43:1.0 99:1.0 
-10.0 -10.0 32:1.0 
-10.0 -10.0 
-5.484017800614772 -10.0 85:1.0 116:1.0 
-10.0 -10.0 
-10.0 -10.0 
-10.0 -10.0 
-10.0 -10.0 
-10.0 -10.0 
-10.0 -10.0 
-10.0 -10.0 23:1.0 
-10.0 -10.0 118:1.0 
-10.0 -10.0 
-10.0 -10.0 
-10.0 -10.0 31:1.0 
-10.0 -10.0 
-10.0 -10.0 98:1.0 114:1.0 
-10.0 -10.0 
-10.0 -10.0 
-10.0 -10.0 
-10.0 -10.0 23:1.0 
-10.0 -10.0 
-10.0 -10.0 
-10.0 -10.0 
-10.0 -10.0 
-10.0 -10.0 
-10.0 -10.0 
-10.0 -10.0 
-10.0 -10.0 
-10.0 -10.0 
-0.0 -10.0 10:1.0 
-10.0 -10.0 
-10.0 -10.0 
-10.0 -10.0 
-10.0 -10.0 
-10.0 -10.0 
-10.0 -10.0 
-10.0 -10.0 
-10.0 -10.0 4:1.0 
-10.0 -10.0 
-0.3252982288246278 -10.0 109:1.0 
-10.0 -10.0 
-0.3254632021216784 -10.0 96:1.0 
-10.0 -10.0 
-0.32529822882465254 -10.0 90:1.0 
-0.3254632021216813 -10.0 95:1.0 
-10.0 -10.0 
-0.0 -10.0 131:1.0 
-10.0 -10.0 
-10.0 -10.0 
-10.0 -10.0 
-10.0 -10.0 
-10.0 -10.0 
-10.0 -10.0 
-10.0 -10.0 
-7.645441172935554 -10.0 71:1.0 
-10.0 -10.0 25:1.0 
-10.0 -10.0 
-10.0 -10.0 
-0.0 -10.0 182:1.0 
-10.0 -10.0 
-10.0 -10.0 
-0.0 -10.0 3:1.0 120:1.0 
-10.0 -10.0 
-0.0 -10.0 153:1.0 
-0.3257006883540311 -10.0 153:1.0 
-10.0 -10.0 
-10.0 -10.0 
-10.0 -10.0 
-0.32570068835404486 -10.0 9:1.0 
-10.0 -10.0 
-10.0 -10.0 
-10.0 -10.0 
-10.0 -10.0 
-10.0 -10.0 
-10.0 -10.0 
-0.36609625393850803 -10.0 62:1.0 
-10.0 -10.0 
-10.0 -10.0 
-10.0 -10.0 
-10.0 -10.0 
-10.0 -10.0 
-10.0 -10.0 
-10.0 -10.0 
-10.0 -10.0 
-10.0 -10.0 
-10.0 -10.0 142:1.0 
-9.374706817274083 -10.0 
-0.0 -10.0 
-0.0 -10.0 
-0.0 -10.0 
-0.0 -10.0 
-0.0 -10.0 35:1.0 
-0.0 -10.0 
