svm_type c_svc
kernel_type rbf
gamma 0.1
nr_class 3
total_sv 1537
rho -0.10887058957488376 -0.4545647973098862 -0.29639792263080705
label 2 0 1
nr_sv 419 581 537
SV
1.0 1.0 
1.0 1.0 
1.0 1.0 
0.2700631008597957 0.0 50:1.0 54:1.0 66:1.0 69:1.0 73:1.0 75:1.0 
1.0 1.0 
1.0 1.0 2:1.0 32:1.0 
1.0 1.0 
1.0 1.0 
1.0 1.0 
1.0 1.0 
1.0 1.0 
1.0 1.0 
1.0 1.0 
1.0 1.0 
1.0 1.0 
1.0 1.0 33:1.0 46:1.0 51:1.0 
1.0 1.0 
1.0 1.0 
1.0 1.0 
1.0 1.0 
1.0 1.0 
1.0 1.0 
1.0 1.0 24:1.0 
1.0 1.0 
1.0 1.0 
1.0 1.0 
1.0 1.0 
1.0 1.0 
1.0 1.0 
1.0 1.0 
1.0 1.0 
1.0 1.0 
1.0 1.0 
1.0 1.0 
1.0 1.0 
1.0 1.0 
1.0 1.0 
1.0 1.0 
1.0 1.0 
1.0 1.0 
1.0 1.0 
1.0 1.0 
0.9944661234471022 0.32361226743281823 50:1.0 54:1.0 66:1.0 69:1.0 73:1.0 75:1.0 
1.0 1.0 
1.0 1.0 
1.0 1.0 
1.0 1.0 
1.0 1.0 
1.0 1.0 
1.0 1.0 
1.0 1.0 
1.0 1.0 
1.0 1.0 2:1.0 
1.0 1.0 
1.0 1.0 
1.0 1.0 
1.0 1.0 
1.0 1.0 
1.0 1.0 
1.0 1.0 
1.0 1.0 23:1.0 
1.0 1.0 
1.0 1.0 
1.0 1.0 
1.0 1.0 
1.0 1.0 10:1.0 
1.0 1.0 13:1.0 
1.0 1.0 32:1.0 
1.0 1.0 
1.0 1.0 
0.667328628970406 0.9775439396398184 27:1.0 38:1.0 50:1.0 54:1.0 69:1.0 71:1.0 72:1.0 73:1.0 75:1.0 
1.0 1.0 9:1.0 66:1.0 
1.0 1.0 
1.0 1.0 
1.0 1.0 
1.0 1.0 9:1.0 
1.0 1.0 
1.0 1.0 7:1.0 
1.0 1.0 
1.0 1.0 
1.0 1.0 
1.0 1.0 
1.0 1.0 
1.0 1.0 
1.0 1.0 
1.0 1.0 
1.0 1.0 
1.0 1.0 
1.0 1.0 
1.0 1.0 
1.0 1.0 10:1.0 46:1.0 
1.0 1.0 55:1.0 
1.0 1.0 27:1.0 38:1.0 50:1.0 54:1.0 69:1.0 71:1.0 72:1.0 73:1.0 75:1.0 
1.0 1.0 
1.0 1.0 55:1.0 
1.0 1.0 
1.0 1.0 
1.0 1.0 37:1.0 
1.0 1.0 
1.0 1.0 
1.0 1.0 
1.0 1.0 
1.0 1.0 
1.0 1.0 10:1.0 
1.0 1.0 
1.0 1.0 
1.0 1.0 
1.0 1.0 23:1.0 
1.0 1.0 
1.0 1.0 
1.0 1.0 
1.0 1.0 
1.0 1.0 
1.0 1.0 
1.0 1.0 
1.0 1.0 42:1.0 
1.0 1.0 69:1.0 
1.0 1.0 
1.0 1.0 
1.0 1.0 
1.0 1.0 
1.0 1.0 66:1.0 
1.0 1.0 
1.0 1.0 
1.0 1.0 
1.0 1.0 
1.0 1.0 
1.0 1.0 
1.0 1.0 
1.0 1.0 
1.0 1.0 
1.0 1.0 
1.0 1.0 
1.0 1.0 
1.0 1.0 
1.0 1.0 
1.0 1.0 
1.0 1.0 
1.0 1.0 
1.0 1.0 
1.0 1.0 
1.0 1.0 
1.0 1.0 
1.0 1.0 28:1.0 
1.0 1.0 
1.0 1.0 
1.0 1.0 
1.0 1.0 
1.0 1.0 
1.0 1.0 
1.0 1.0 
1.0 1.0 
1.0 1.0 
1.0 1.0 
1.0 1.0 46:1.0 
1.0 1.0 
1.0 1.0 
1.0 1.0 
1.0 1.0 
1.0 1.0 
1.0 1.0 19:1.0 
1.0 1.0 65:1.0 
1.0 1.0 67:1.0 
1.0 1.0 
1.0 1.0 9:1.0 
1.0 1.0 
1.0 1.0 
1.0 1.0 18:1.0 
1.0 1.0 52:1.0 
1.0 1.0 67:1.0 
1.0 1.0 19:1.0 39:1.0 
1.0 1.0 
1.0 1.0 
1.0 1.0 56:1.0 
1.0 1.0 
1.0 1.0 
1.0 1.0 24:1.0 
1.0 1.0 
1.0 1.0 
1.0 1.0 
1.0 1.0 
1.0 1.0 31:1.0 
1.0 1.0 
1.0 1.0 
1.0 1.0 
1.0 1.0 
1.0 1.0 16:1.0 50:1.0 54:1.0 75:1.0 
1.0 1.0 
1.0 1.0 
1.0 1.0 
1.0 1.0 
1.0 1.0 
1.0 1.0 
1.0 1.0 
1.0 1.0 
1.0 1.0 
1.0 1.0 
1.0 1.0 
1.0 1.0 
1.0 1.0 
1.0 1.0 
1.0 1.0 16:1.0 
1.0 1.0 
1.0 1.0 
1.0 1.0 
1.0 1.0 
1.0 1.0 
1.0 1.0 
1.0 1.0 
1.0 1.0 
1.0 1.0 46:1.0 
1.0 1.0 51:1.0 
1.0 1.0 
1.0 1.0 54:1.0 
1.0 1.0 
1.0 1.0 10:1.0 
1.0 1.0 
1.0 1.0 
1.0 1.0 
1.0 1.0 
1.0 1.0 16:1.0 
1.0 1.0 
1.0 1.0 
1.0 1.0 2:1.0 
1.0 1.0 
1.0 1.0 47:1.0 
1.0 1.0 
1.0 1.0 
1.0 1.0 
1.0 1.0 57:1.0 
1.0 1.0 
1.0 1.0 
1.0 1.0 
1.0 1.0 
1.0 1.0 
1.0 1.0 
1.0 1.0 13:1.0 
1.0 1.0 
1.0 1.0 37:1.0 38:1.0 69:1.0 71:1.0 
1.0 1.0 
1.0 1.0 
1.0 1.0 69:1.0 
1.0 1.0 49:1.0 57:1.0 
1.0 1.0 
1.0 1.0 
1.0 1.0 
1.0 1.0 54:1.0 
1.0 1.0 
1.0 1.0 49:1.0 
1.0 1.0 47:1.0 
1.0 1.0 
1.0 1.0 
1.0 1.0 
1.0 1.0 
1.0 1.0 
1.0 1.0 19:1.0 
1.0 1.0 
1.0 1.0 
1.0 1.0 
1.0 1.0 
1.0 1.0 
1.0 1.0 
1.0 1.0 
1.0 1.0 37:1.0 
1.0 1.0 
1.0 1.0 
1.0 1.0 
1.0 1.0 
1.0 1.0 
1.0 1.0 
1.0 1.0 
1.0 1.0 42:1.0 
1.0 1.0 
1.0 1.0 
1.0 1.0 
1.0 1.0 
1.0 1.0 
1.0 1.0 
1.0 1.0 
1.0 1.0 
1.0 1.0 
1.0 1.0 
1.0 1.0 
1.0 1.0 
1.0 1.0 47:1.0 
1.0 1.0 
1.0 1.0 
1.0 1.0 
1.0 1.0 
1.0 1.0 
1.0 1.0 
1.0 1.0 
1.0 1.0 
1.0 1.0 
1.0 1.0 
1.0 1.0 
1.0 1.0 
1.0 1.0 47:1.0 
1.0 1.0 
1.0 1.0 
1.0 1.0 46:1.0 
1.0 1.0 
1.0 1.0 
1.0 1.0 
1.0 1.0 
1.0 1.0 
1.0 1.0 23:1.0 51:1.0 
1.0 1.0 
1.0 1.0 
1.0 1.0 
1.0 1.0 
1.0 1.0 
1.0 1.0 
1.0 1.0 
1.0 1.0 
1.0 1.0 
1.0 1.0 
1.0 1.0 
1.0 1.0 2:1.0 
1.0 1.0 
1.0 1.0 
1.0 1.0 
1.0 1.0 
1.0 1.0 
1.0 1.0 
1.0 1.0 
1.0 1.0 
1.0 1.0 
1.0 1.0 
1.0 1.0 
1.0 1.0 
1.0 1.0 
1.0 1.0 
1.0 1.0 52:1.0 
1.0 1.0 
1.0 1.0 
1.0 1.0 
1.0 1.0 
1.0 1.0 
1.0 1.0 
1.0 1.0 46:1.0 
1.0 1.0 
1.0 1.0 
1.0 1.0 
1.0 1.0 
1.0 1.0 
1.0 1.0 
1.0 1.0 
1.0 1.0 
1.0 1.0 
1.0 1.0 
1.0 1.0 
1.0 1.0 
1.0 1.0 
1.0 1.0 
1.0 1.0 
1.0 1.0 
1.0 1.0 
1.0 1.0 
1.0 1.0 
1.0 1.0 
1.0 1.0 
1.0 1.0 
1.0 1.0 
1.0 1.0 
1.0 1.0 
1.0 1.0 
1.0 1.0 
1.0 1.0 
1.0 1.0 31:1.0 
1.0 1.0 
1.0 1.0 
1.0 1.0 
1.0 1.0 
1.0 1.0 
1.0 1.0 
1.0 1.0 
1.0 1.0 
1.0 1.0 3:1.0 18:1.0 
1.0 1.0 
1.0 1.0 
1.0 1.0 
1.0 1.0 
1.0 1.0 
1.0 1.0 
1.0 1.0 
1.0 1.0 
1.0 1.0 
1.0 1.0 
1.0 1.0 
1.0 1.0 
1.0 1.0 
1.0 1.0 
1.0 1.0 
1.0 1.0 
1.0 1.0 3:1.0 
1.0 1.0 
1.0 1.0 
1.0 1.0 
1.0 1.0 
1.0 1.0 
1.0 1.0 
1.0 1.0 36:1.0 
1.0 1.0 
1.0 1.0 18:1.0 
1.0 1.0 
1.0 1.0 
1.0 1.0 
1.0 1.0 
1.0 1.0 
1.0 1.0 
1.0 1.0 
1.0 1.0 
1.0 1.0 
1.0 1.0 
1.0 1.0 
1.0 1.0 
1.0 1.0 
1.0 1.0 
-0.0 1.0 56:1.0 
-1.0 1.0 32:1.0 
-0.3330669976107057 0.1939401670595377 11:1.0 44:1.0 
-0.5801694538365457 0.3690374780957512 4:1.0 
-0.0 1.0 62:1.0 
-0.6818173897274343 1.0 7:1.0 
-0.0 1.0 53:1.0 
-0.5826818803438784 1.0 1:1.0 56:1.0 
-0.8665856236571896 1.0 27:1.0 54:1.0 72:1.0 
-1.0 0.0 52:1.0 
-1.0 0.0 42:1.0 
-0.0 1.0 63:1.0 68:1.0 74:1.0 
-1.0 0.29873303885106506 37:1.0 65:1.0 69:1.0 
-0.0 0.12770899950068818 65:1.0 
-1.0 1.0 27:1.0 54:1.0 72:1.0 
-0.0 1.0 8:1.0 
-0.0 0.12091162485195289 41:1.0 
-1.0 0.37159813972489963 66:1.0 
-1.0 0.2841441050001391 54:1.0 
-1.0 1.0 31:1.0 
-0.0 1.0 29:1.0 
-0.9017455154896938 0.28757506029636226 16:1.0 
-1.0 1.0 9:1.0 
-0.0 0.45241883694984203 15:1.0 
-0.16783811321270137 0.14152761052686905 43:1.0 62:1.0 
-0.32817198515245416 1.0 8:1.0 22:1.0 
-0.22100520930954257 0.0 3:1.0 
-1.0 1.0 2:1.0 
-0.6225799207737425 0.5000000000000003 13:1.0 
-0.0 1.0 19:1.0 
-0.0 1.0 8:1.0 
-0.0 1.0 20:1.0 
-0.7575305067502112 1.0 56:1.0 
-0.0 1.0 64:1.0 
-0.17577417770181486 0.1769302125146814 12:1.0 62:1.0 
-0.0 1.0 29:1.0 
-0.5784976748852116 1.0 26:1.0 
-1.0 0.0 23:1.0 
-0.0 0.043009336366568104 44:1.0 
-1.0 1.0 47:1.0 
-0.0 0.637592406382152 
-1.0 0.0 52:1.0 
-0.0 1.0 
-0.31639986841797674 0.9317358794963988 5:1.0 21:1.0 
-0.0 1.0 
-0.0 1.0 
-0.0 1.0 
-0.0 1.0 
-0.38870248259281176 0.9183323016711492 15:1.0 
-0.0 1.0 
-0.0 1.0 
-0.0 1.0 
-0.0 1.0 
-0.0 1.0 
-0.0 1.0 
-0.0 1.0 
-0.0 1.0 
-0.0 1.0 
-0.0 1.0 
-0.0 1.0 
-0.0 1.0 
-0.0 1.0 
-0.0 1.0 
-0.0 1.0 44:1.0 
-0.0 1.0 
-0.0 1.0 
-0.0 1.0 
-0.0 1.0 
-0.0 1.0 
-0.0 1.0 
-0.0 1.0 
-0.0 1.0 
-0.5006881668893147 1.0 49:1.0 
-0.0 1.0 
-0.0 1.0 62:1.0 
-0.0 1.0 
-0.0 1.0 
-1.0 1.0 16:1.0 
-0.32414240904618574 1.0 5:1.0 56:1.0 
-0.0 1.0 
-0.2164941036229138 0.17474249862586574 8:1.0 61:1.0 
-0.3261738798213435 1.0 40:1.0 45:1.0 
-0.0 1.0 
-0.0 1.0 
-1.0 0.5000000000000003 23:1.0 
-0.0 1.0 
-0.0 1.0 
-0.0 1.0 63:1.0 68:1.0 74:1.0 
-0.0 1.0 
-0.0 1.0 
-0.0 1.0 
-0.0 1.0 
-0.0 1.0 
-0.0 1.0 
-0.0 1.0 
-0.8974464108157719 1.0 7:1.0 
-0.0 1.0 
-0.0 1.0 
-0.0 1.0 
-0.0 1.0 
-1.0 1.0 38:1.0 50:1.0 54:1.0 69:1.0 71:1.0 73:1.0 75:1.0 
-0.0 1.0 
-0.14869776641050994 0.17242401279254088 41:1.0 62:1.0 
-0.0 1.0 
-0.0 1.0 
-0.0 1.0 
-0.0 1.0 
-0.0 1.0 
-0.0 1.0 
-0.0 1.0 
-0.0 0.5000000000000003 48:1.0 
-1.0 0.0 3:1.0 
-0.0 1.0 
-0.0 1.0 
-0.0 1.0 
-0.0 1.0 
-0.0 1.0 
-0.31860816649177265 1.0 53:1.0 
-0.0 1.0 
-0.0 1.0 
-0.0 1.0 
-0.0 1.0 
-0.0 1.0 
-0.0 1.0 
-0.0 1.0 62:1.0 
-0.0 1.0 
-0.0 1.0 
-0.0 1.0 
-0.0 1.0 
-0.0 1.0 
-0.0 1.0 
-0.0 1.0 
-1.0 1.0 
-1.0 1.0 
-1.0 1.0 
-1.0 1.0 
-1.0 1.0 
-1.0 1.0 
-1.0 1.0 
-1.0 1.0 
-1.0 1.0 
-1.0 1.0 
-1.0 1.0 
-1.0 1.0 
-1.0 1.0 
-1.0 1.0 
-1.0 1.0 
-1.0 1.0 
-1.0 1.0 
-1.0 1.0 
-1.0 1.0 
-1.0 1.0 
-1.0 1.0 
-1.0 1.0 
-1.0 1.0 
-1.0 1.0 
-1.0 1.0 
-1.0 1.0 
-1.0 1.0 
-1.0 1.0 
-1.0 1.0 
-1.0 1.0 
-1.0 1.0 
-1.0 1.0 
-0.35415432011030956 1.0 3:1.0 11:1.0 25:1.0 53:1.0 
-1.0 1.0 
-1.0 1.0 
-1.0 1.0 
-1.0 1.0 
-1.0 1.0 
-1.0 1.0 
-0.0 0.5000000000000003 6:1.0 
-1.0 1.0 
-1.0 1.0 
-1.0 1.0 
-1.0 1.0 
-1.0 1.0 
-1.0 1.0 
-1.0 1.0 
-1.0 1.0 
-1.0 1.0 
-1.0 1.0 
-1.0 1.0 
-0.0 0.5000000000000003 70:1.0 
-1.0 1.0 
-1.0 1.0 
-1.0 1.0 32:1.0 
-1.0 1.0 
-1.0 1.0 
-1.0 1.0 
-1.0 1.0 
-1.0 1.0 
-1.0 1.0 
-1.0 1.0 
-0.32855362558306245 0.4569733887704675 17:1.0 42:1.0 
-1.0 1.0 
-1.0 1.0 
-1.0 1.0 
-1.0 1.0 
-0.0 1.0 48:1.0 
-1.0 1.0 
-1.0 1.0 
-1.0 1.0 
-1.0 1.0 49:1.0 
-1.0 1.0 
-1.0 1.0 
-1.0 1.0 
-1.0 1.0 
-1.0 1.0 
-1.0 1.0 
-0.0 0.4954097469597556 35:1.0 
-0.47756724321812705 0.5749204699894614 33:1.0 
-1.0 1.0 
-1.0 1.0 
-1.0 1.0 
-1.0 1.0 
-1.0 0.0 3:1.0 
-0.21178940933111795 0.7902306634122523 59:1.0 64:1.0 
-1.0 1.0 
-1.0 1.0 
-1.0 1.0 
-1.0 1.0 
-1.0 1.0 
-1.0 1.0 
-0.2141306714245985 0.0 15:1.0 59:1.0 
-1.0 1.0 
-1.0 1.0 
-1.0 0.8341723969353453 16:1.0 
-1.0 1.0 
-0.08809779764327794 0.8521952855318393 8:1.0 
-0.5828460548732063 0.8849348411329843 20:1.0 52:1.0 
-1.0 1.0 
-0.639829857739935 0.6247367950652294 36:1.0 
-1.0 1.0 
-1.0 1.0 
-1.0 1.0 
-1.0 1.0 
-1.0 1.0 
-1.0 1.0 51:1.0 
-1.0 1.0 
-1.0 1.0 
-1.0 1.0 13:1.0 
-0.09616225657200303 1.0 21:1.0 
-1.0 1.0 
-1.0 1.0 
-1.0 1.0 
-1.0 1.0 
-1.0 1.0 
-1.0 1.0 
-1.0 1.0 
-1.0 1.0 
-1.0 1.0 
-1.0 1.0 
-1.0 1.0 
-1.0 1.0 
-1.0 1.0 
-1.0 1.0 
-1.0 1.0 
-1.0 1.0 
-1.0 1.0 
-1.0 1.0 
-1.0 1.0 
-1.0 1.0 
-0.0 0.1972085057343007 22:1.0 
-1.0 1.0 
-1.0 1.0 
-1.0 1.0 
-0.5890935241658315 1.0 28:1.0 
-1.0 1.0 
-1.0 1.0 
-1.0 1.0 
-1.0 1.0 
-1.0 1.0 
-1.0 1.0 
-1.0 1.0 
-1.0 1.0 
-1.0 1.0 
-1.0 1.0 
-1.0 1.0 
-1.0 1.0 
-1.0 1.0 
-1.0 1.0 
-1.0 1.0 
-1.0 1.0 
-1.0 1.0 
-1.0 1.0 
-1.0 1.0 
-1.0 1.0 
-0.5801694538365455 0.8713438609424983 70:1.0 
-1.0 1.0 
-1.0 1.0 
-1.0 1.0 
-1.0 1.0 
-0.11248589473074759 1.0 44:1.0 
-1.0 1.0 
-1.0 1.0 
-0.0 0.6781358088034974 62:1.0 
-1.0 1.0 
-1.0 1.0 
-1.0 1.0 
-1.0 1.0 
-1.0 1.0 29:1.0 57:1.0 
-1.0 1.0 
-1.0 1.0 
-1.0 1.0 
-1.0 1.0 
-1.0 1.0 
-1.0 1.0 
-1.0 1.0 
-1.0 1.0 
-1.0 1.0 
-1.0 1.0 
-1.0 1.0 
-1.0 1.0 
-1.0 1.0 
-1.0 1.0 
-0.0 1.0 41:1.0 
-1.0 1.0 
-1.0 1.0 
-1.0 1.0 
-1.0 1.0 
-1.0 1.0 
-1.0 1.0 
-1.0 1.0 
-1.0 1.0 
-1.0 1.0 
-1.0 1.0 
-1.0 1.0 
-1.0 1.0 
-1.0 1.0 
-1.0 1.0 
-1.0 1.0 
-0.5319802002997235 1.0 19:1.0 
-1.0 1.0 
-1.0 1.0 
-1.0 1.0 
-0.0 0.2775009938580385 40:1.0 
-1.0 1.0 
-1.0 1.0 
-1.0 1.0 
-0.22819775718668928 0.17222797773386062 16:1.0 61:1.0 
-1.0 1.0 
-1.0 1.0 
-1.0 1.0 
-0.18616037553465734 1.0 39:1.0 
-0.2833807221341223 1.0 40:1.0 
-1.0 1.0 
-0.328034652081415 1.0 39:1.0 42:1.0 
-1.0 1.0 
-1.0 1.0 
-1.0 1.0 
-0.579852486862895 0.8716581932058274 48:1.0 
-0.9837167900695475 1.0 49:1.0 
-0.0 1.0 34:1.0 
-1.0 1.0 
-1.0 1.0 
-1.0 1.0 
-1.0 1.0 
-1.0 1.0 
-1.0 1.0 
-1.0 0.9879751720862349 54:1.0 
-1.0 1.0 
-0.9907116832709725 0.37073734323763774 28:1.0 
-1.0 1.0 
-1.0 1.0 39:1.0 
-1.0 1.0 
-0.27695756888415274 1.0 34:1.0 
-1.0 1.0 
-0.7625689503191245 1.0 65:1.0 
-1.0 1.0 
-1.0 1.0 
-1.0 1.0 
-1.0 1.0 
-1.0 1.0 
-1.0 1.0 
-1.0 1.0 
-1.0 1.0 
-1.0 1.0 
-1.0 1.0 
-1.0 1.0 
-1.0 1.0 
-1.0 1.0 
-1.0 1.0 
-1.0 1.0 
-1.0 1.0 
-0.3574301777792352 0.0 25:1.0 30:1.0 58:1.0 60:1.0 76:1.0 
-1.0 1.0 
-1.0 1.0 
-1.0 1.0 
-1.0 1.0 
-1.0 1.0 
-0.44800488854963705 1.0 41:1.0 
-0.0 0.27555543036273156 14:1.0 
-1.0 1.0 
-1.0 1.0 
-0.08088505027750842 0.05496258537671261 63:1.0 
-1.0 1.0 
-1.0 1.0 
-1.0 1.0 
-0.1254143418481293 0.0 43:1.0 
-1.0 1.0 
-0.9593297651756432 0.8718009232878184 13:1.0 
-1.0 1.0 
-1.0 1.0 
-1.0 1.0 
-1.0 1.0 
-1.0 1.0 19:1.0 
-1.0 1.0 
-1.0 1.0 
-1.0 0.8726633199583552 23:1.0 
-1.0 1.0 
-1.0 1.0 
-1.0 1.0 
-1.0 1.0 
-1.0 1.0 
-1.0 1.0 
-1.0 1.0 
-1.0 1.0 
-1.0 1.0 
-1.0 1.0 
-1.0 1.0 
-1.0 1.0 
-0.9213210289486313 0.7955208611981972 33:1.0 
-0.0 1.0 22:1.0 
-1.0 1.0 
-1.0 1.0 
-0.5811912096634921 0.8705809234834789 6:1.0 
-1.0 1.0 
-1.0 1.0 
-1.0 1.0 
-1.0 1.0 
-1.0 1.0 
-1.0 1.0 
-0.942514612674539 0.7459928468537077 36:1.0 
-1.0 1.0 
-1.0 1.0 
-1.0 1.0 
-1.0 1.0 
-0.2842425376781267 0.3722910004993115 45:1.0 
-0.9861473140867746 0.0 42:1.0 
-1.0 1.0 
-0.4190227072504202 0.2123281434380126 12:1.0 
-1.0 1.0 
-1.0 1.0 
-1.0 1.0 
-1.0 1.0 
-1.0 1.0 19:1.0 
-1.0 1.0 
-1.0 1.0 
-1.0 1.0 
-1.0 1.0 
-1.0 1.0 
-1.0 1.0 
-1.0 1.0 
-1.0 1.0 
-1.0 1.0 
-1.0 1.0 
-1.0 1.0 
-1.0 1.0 
-1.0 1.0 
-1.0 1.0 
-1.0 1.0 
-1.0 1.0 
-1.0 1.0 
-1.0 1.0 
-1.0 1.0 
-1.0 1.0 
-1.0 1.0 
-1.0 1.0 
-0.23476177893512248 0.0 16:1.0 59:1.0 
-1.0 1.0 
-1.0 1.0 
-1.0 1.0 
-1.0 1.0 
-1.0 1.0 
-1.0 1.0 
-0.0 0.15409602657183075 61:1.0 
-1.0 1.0 
-1.0 1.0 
-1.0 1.0 
-1.0 1.0 
-1.0 1.0 
-1.0 1.0 
-0.5796741507862996 0.0 24:1.0 
-0.28138561251628963 0.9930930647468724 22:1.0 
-1.0 1.0 
-1.0 1.0 
-1.0 1.0 
-1.0 1.0 
-1.0 1.0 
-1.0 1.0 
-1.0 1.0 
-1.0 1.0 
-1.0 1.0 
-1.0 1.0 
-1.0 1.0 
-1.0 1.0 
-0.21908804097239715 1.0 21:1.0 61:1.0 
-1.0 1.0 
-1.0 1.0 
-1.0 1.0 
-1.0 1.0 
-1.0 1.0 
-1.0 1.0 
-1.0 1.0 
-1.0 1.0 
-1.0 1.0 
-1.0 1.0 
-1.0 1.0 
-1.0 1.0 
-1.0 1.0 
-1.0 1.0 
-1.0 1.0 
-1.0 1.0 
-1.0 1.0 
-1.0 1.0 
-0.9523145609071648 1.0 19:1.0 
-1.0 1.0 
-1.0 1.0 
-1.0 1.0 
-1.0 1.0 
-1.0 1.0 
-1.0 1.0 
-1.0 1.0 
-1.0 1.0 
-1.0 1.0 
-1.0 1.0 
-1.0 1.0 
-1.0 1.0 
-1.0 1.0 
-1.0 1.0 
-1.0 1.0 
-1.0 1.0 
-1.0 1.0 
-1.0 0.0 24:1.0 
-1.0 1.0 
-1.0 1.0 
-1.0 1.0 
-1.0 1.0 
-1.0 1.0 
-1.0 1.0 
-1.0 1.0 
-1.0 1.0 
-0.6105238989593882 0.38638579314891236 63:1.0 68:1.0 74:1.0 
-0.18171340105256206 0.16957296314148987 44:1.0 62:1.0 
-1.0 1.0 
-1.0 1.0 
-1.0 1.0 
-1.0 1.0 
-1.0 1.0 
-1.0 1.0 
-0.4578212373610013 1.0 
-0.0 0.3594376639970735 11:1.0 
-0.0515745443843805 1.0 20:1.0 
-0.0 1.0 
-0.0778958788675468 0.0 25:1.0 
-0.0 1.0 
-0.0 1.0 
-0.0 1.0 
-0.0 1.0 
-0.0 1.0 
-0.0 1.0 
-0.3391262507871915 0.4210482382126388 30:1.0 58:1.0 60:1.0 76:1.0 
-0.5803660882251588 1.0 14:1.0 
-0.28075684959627 0.7758259170287227 17:1.0 
-0.33318965103785 0.27789418253924497 34:1.0 43:1.0 
-0.5787167051478485 0.8761922002498241 35:1.0 
-0.0 1.0 
-0.0 1.0 
-0.0 1.0 
-1.0 0.37203476379936906 24:1.0 
-0.0 1.0 
-0.0 1.0 
-1.0 1.0 37:1.0 
-0.0 1.0 
-0.01570765585542084 1.0 11:1.0 
-0.0 1.0 
-0.0 1.0 
-0.0 1.0 
-0.0 1.0 
-0.3904789155214859 1.0 64:1.0 
-0.0 -1.0 
-0.0 -1.0 
-0.0 -1.0 
-0.0 -1.0 
-0.0 -1.0 
-0.0 -1.0 
-0.0 -1.0 
-0.0 -1.0 20:1.0 
-0.0 -1.0 
-0.0 -1.0 
-0.0 -1.0 
-0.0 -1.0 
-0.0 -1.0 
-0.0 -1.0 
-0.0 -1.0 
-0.0 -1.0 
-1.0 -1.0 57:1.0 
-0.0 -1.0 
-0.0 -1.0 
-0.0 -1.0 
-0.0 -1.0 
-0.0 -1.0 
-0.0 -1.0 
-0.0 -1.0 53:1.0 
-0.0 -1.0 
-0.0 -1.0 
-0.0 -1.0 48:1.0 
-0.0 -1.0 
-0.0 -1.0 
-0.0 -1.0 
-0.0 -1.0 
-0.0 -1.0 
-0.0 -1.0 
-0.0 -1.0 
-0.0 -1.0 
-0.9435191532467004 -1.0 7:1.0 
-0.0 -1.0 
-0.0 -1.0 
-0.0 -1.0 
-0.0 -1.0 
-0.0 -1.0 
-0.7585769025076596 -1.0 70:1.0 
-1.0 -1.0 14:1.0 16:1.0 
-0.0 -1.0 
-0.0 -1.0 1:1.0 
-0.0 -1.0 
-0.0 -1.0 
-0.0 -1.0 
-0.0 -1.0 
-0.0 -1.0 
-0.0 -1.0 
-1.0 -1.0 36:1.0 
-0.0 -1.0 
-0.0 -1.0 
-0.0 -1.0 
-0.0 -1.0 
-1.0 -1.0 46:1.0 51:1.0 
-0.0 -1.0 
-0.0 -1.0 
-0.0 -1.0 
-0.0 -1.0 
-0.0 -1.0 21:1.0 
-0.0 -1.0 
-0.0 -1.0 
-0.0 -1.0 
-0.0 -1.0 
-0.0 -1.0 
-0.0 -1.0 53:1.0 
-0.0 -1.0 
-0.0 -1.0 
-0.0 -1.0 
-0.0 -1.0 
-0.8160876662219756 -1.0 7:1.0 
-0.0 -1.0 
-0.0 -1.0 
-0.0 -1.0 
-0.0 -1.0 
-1.0 -1.0 
-1.0 -1.0 
-1.0 -1.0 
-1.0 -1.0 
-1.0 -1.0 
-1.0 -1.0 
-1.0 -1.0 
-1.0 -1.0 
-1.0 -1.0 
-1.0 -1.0 
-1.0 -1.0 
-0.0 -1.0 44:1.0 
-1.0 -1.0 
-1.0 -1.0 
-1.0 -1.0 
-1.0 -1.0 
-0.0 -1.0 39:1.0 
-1.0 -1.0 
-1.0 -1.0 9:1.0 
-1.0 -1.0 
-1.0 -1.0 
-1.0 -1.0 
-1.0 -1.0 
-1.0 -1.0 
-1.0 -1.0 
-0.0 -1.0 8:1.0 22:1.0 26:1.0 
-1.0 -1.0 
-1.0 -1.0 
-1.0 -1.0 
-1.0 -1.0 
-1.0 -1.0 
-1.0 -1.0 
-1.0 -1.0 
-1.0 -1.0 
-1.0 -1.0 
-1.0 -1.0 
-1.0 -1.0 
-1.0 -1.0 8:1.0 17:1.0 42:1.0 
-1.0 -1.0 
-1.0 -1.0 
-1.0 -1.0 
-1.0 -1.0 
-0.0 -1.0 29:1.0 
-0.0 -1.0 56:1.0 
-0.759200016637374 -1.0 44:1.0 
-0.0 -1.0 53:1.0 
-1.0 -1.0 
-1.0 -1.0 
-1.0 -1.0 13:1.0 
-1.0 -1.0 
-1.0 -1.0 
-1.0 -1.0 
-1.0 -1.0 
-1.0 -1.0 
-1.0 -1.0 
-1.0 -1.0 32:1.0 
-1.0 -1.0 
-1.0 -1.0 
-1.0 -1.0 
-1.0 -1.0 
-1.0 -1.0 
-0.2796670699570641 -1.0 39:1.0 
-1.0 -1.0 
-1.0 -1.0 
-1.0 -1.0 
-1.0 -1.0 
-1.0 -1.0 34:1.0 46:1.0 
-1.0 -1.0 
-1.0 -1.0 
-1.0 -1.0 47:1.0 
-1.0 -1.0 
-1.0 -1.0 
-0.0 -1.0 34:1.0 
-1.0 -1.0 
-1.0 -1.0 
-0.0 -1.0 56:1.0 
-1.0 -1.0 
-1.0 -1.0 
-1.0 -1.0 
-1.0 -1.0 
-1.0 -1.0 
-1.0 -1.0 
-1.0 -1.0 
-1.0 -1.0 
-1.0 -1.0 
-1.0 -1.0 
-1.0 -1.0 
-1.0 -1.0 
-1.0 -1.0 
-1.0 -1.0 
-1.0 -1.0 
-1.0 -1.0 
-1.0 -1.0 
-1.0 -1.0 
-0.3732445916722277 -1.0 26:1.0 
-1.0 -1.0 
-1.0 -1.0 
-1.0 -1.0 27:1.0 54:1.0 72:1.0 
-1.0 -1.0 
-0.0 -1.0 19:1.0 
-1.0 -1.0 
-1.0 -1.0 
-1.0 -1.0 
-1.0 -1.0 
-0.7597154081114702 -1.0 35:1.0 
-1.0 -1.0 
-1.0 -1.0 
-1.0 -1.0 
-1.0 -1.0 
-1.0 -1.0 
-1.0 -1.0 
-0.8196587676932285 -1.0 19:1.0 
-1.0 -1.0 
-1.0 -1.0 
-1.0 -1.0 
-1.0 -1.0 
-1.0 -1.0 
-0.0 -1.0 21:1.0 
-1.0 -1.0 
-1.0 -1.0 
-1.0 -1.0 
-1.0 -1.0 
-1.0 -1.0 
-1.0 -1.0 
-1.0 -1.0 
-0.0 -1.0 63:1.0 68:1.0 74:1.0 
-1.0 -1.0 39:1.0 
-0.0 -1.0 20:1.0 
-1.0 -1.0 
-1.0 -1.0 
-0.7598314486590583 -1.0 61:1.0 
-1.0 -1.0 
-0.7205161415315214 -1.0 49:1.0 
-1.0 -1.0 
-1.0 -1.0 
-0.0 -1.0 29:1.0 
-1.0 -1.0 
-1.0 -1.0 
-1.0 -1.0 
-1.0 -1.0 
-1.0 -1.0 18:1.0 
-1.0 -1.0 
-0.4060459699258064 -1.0 62:1.0 64:1.0 
-1.0 -1.0 
-1.0 -1.0 
-1.0 -1.0 
-1.0 -1.0 
-1.0 -1.0 
-1.0 -1.0 
-1.0 -1.0 
-1.0 -1.0 
-1.0 -1.0 
-1.0 -1.0 
-1.0 -1.0 
-1.0 -1.0 
-1.0 -1.0 
-1.0 -1.0 
-1.0 -1.0 
-1.0 -1.0 
-1.0 -1.0 
-1.0 -1.0 65:1.0 
-1.0 -1.0 
-1.0 -1.0 
-1.0 -1.0 
-1.0 -1.0 
-1.0 -1.0 
-0.0 -1.0 41:1.0 
-1.0 -1.0 
-1.0 -1.0 
-1.0 -1.0 
-1.0 -1.0 
-1.0 -1.0 
-1.0 -1.0 
-1.0 -1.0 
-1.0 -1.0 
-1.0 -1.0 
-0.4255711045911112 -1.0 39:1.0 64:1.0 
-1.0 -1.0 
-1.0 -1.0 
-1.0 -1.0 
-1.0 -1.0 
-1.0 -1.0 
-0.8404375094867488 -1.0 8:1.0 57:1.0 
-0.0 -1.0 53:1.0 
-1.0 -1.0 49:1.0 
-1.0 -1.0 
-0.7641216230012485 -1.0 56:1.0 
-1.0 -1.0 
-1.0 -1.0 
-1.0 -1.0 
-1.0 -1.0 
-1.0 -1.0 
-1.0 -1.0 
-1.0 -1.0 
-1.0 -1.0 
-0.0 -1.0 1:1.0 
-1.0 -1.0 
-1.0 -1.0 
-1.0 -1.0 
-1.0 -1.0 
-1.0 -1.0 
-1.0 -1.0 
-1.0 -1.0 
-1.0 -1.0 
-1.0 -1.0 
-1.0 -1.0 
-1.0 -1.0 
-1.0 -1.0 
-1.0 -1.0 
-1.0 -1.0 
-1.0 -1.0 
-1.0 -1.0 
-1.0 -1.0 
-1.0 -1.0 
-1.0 -1.0 
-0.0 -1.0 62:1.0 
-1.0 -1.0 
-1.0 -1.0 
-1.0 -1.0 
-1.0 -1.0 
-1.0 -1.0 
-1.0 -1.0 
-0.7607619455073891 -1.0 15:1.0 
-1.0 -1.0 
-1.0 -1.0 
-1.0 -1.0 
-0.0 -1.0 62:1.0 
-1.0 -1.0 
-1.0 -1.0 
-1.0 -1.0 
-1.0 -1.0 
-1.0 -1.0 
-1.0 -1.0 
-1.0 -1.0 
-1.0 -1.0 
-1.0 -1.0 
-1.0 -1.0 
-0.0 -1.0 53:1.0 
-1.0 -1.0 67:1.0 
-1.0 -1.0 28:1.0 
-0.7597154081114713 -1.0 20:1.0 
-1.0 -1.0 
-0.9446588279833773 -1.0 49:1.0 
-0.3737765477010427 -1.0 22:1.0 
-1.0 -1.0 
-1.0 -1.0 
-1.0 -1.0 
-1.0 -1.0 
-1.0 -1.0 
-1.0 -1.0 
-1.0 -1.0 
-0.7593070501554882 -1.0 21:1.0 
-1.0 -1.0 
-1.0 -1.0 
-1.0 -1.0 
-1.0 -1.0 
-1.0 -1.0 
-1.0 -1.0 
-1.0 -1.0 
-1.0 -1.0 
-0.0 -1.0 1:1.0 
-1.0 -1.0 
-0.0 -1.0 1:1.0 56:1.0 
-1.0 -1.0 
-1.0 -1.0 
-1.0 -1.0 
-1.0 -1.0 
-1.0 -1.0 
-1.0 -1.0 
-1.0 -1.0 
-1.0 -1.0 
-1.0 -1.0 
-1.0 -1.0 
-1.0 -1.0 
-1.0 -1.0 
-1.0 -1.0 
-1.0 -1.0 
-1.0 -1.0 
-1.0 -1.0 27:1.0 54:1.0 72:1.0 
-1.0 -1.0 
-1.0 -1.0 
-1.0 -1.0 
-1.0 -1.0 
-1.0 -1.0 46:1.0 
-0.8358937216207794 -1.0 63:1.0 68:1.0 74:1.0 
-1.0 -1.0 
-1.0 -1.0 
-1.0 -1.0 
-1.0 -1.0 
-1.0 -1.0 
-1.0 -1.0 
-1.0 -1.0 
-1.0 -1.0 19:1.0 
-1.0 -1.0 2:1.0 55:1.0 67:1.0 
-1.0 -1.0 
-1.0 -1.0 
-1.0 -1.0 
-1.0 -1.0 
-0.4259602958095854 -1.0 22:1.0 26:1.0 
-1.0 -1.0 
-0.8877818771292777 -1.0 41:1.0 67:1.0 
-1.0 -1.0 32:1.0 
-1.0 -1.0 
-0.9972139863462586 -1.0 56:1.0 
-1.0 -1.0 
-1.0 -1.0 
-1.0 -1.0 
-1.0 -1.0 
-1.0 -1.0 
-1.0 -1.0 
-1.0 -1.0 
-1.0 -1.0 
-1.0 -1.0 
-1.0 -1.0 54:1.0 
-1.0 -1.0 
-1.0 -1.0 
-1.0 -1.0 
-1.0 -1.0 
-1.0 -1.0 
-1.0 -1.0 
-1.0 -1.0 
-1.0 -1.0 
-1.0 -1.0 
-1.0 -1.0 
-1.0 -1.0 
-1.0 -1.0 
-1.0 -1.0 5:1.0 37:1.0 
-1.0 -1.0 
-1.0 -1.0 
-0.0 -1.0 53:1.0 
-1.0 -1.0 1:1.0 10:1.0 
-1.0 -1.0 
-0.7585769025076586 -1.0 6:1.0 
-0.718380039847817 -1.0 40:1.0 45:1.0 
-1.0 -1.0 
-1.0 -1.0 
-1.0 -1.0 
-1.0 -1.0 
-1.0 -1.0 
-1.0 -1.0 
-1.0 -1.0 
-1.0 -1.0 
-1.0 -1.0 
-1.0 -1.0 
-1.0 -1.0 
-1.0 -1.0 
-1.0 -1.0 
-1.0 -1.0 
-0.5986018374542749 -1.0 11:1.0 
-1.0 -1.0 
-1.0 -1.0 
-1.0 -1.0 
-1.0 -1.0 
-1.0 -1.0 
-1.0 -1.0 
-1.0 -1.0 
-1.0 -1.0 
-1.0 -1.0 
-1.0 -1.0 13:1.0 
-1.0 -1.0 
-1.0 -1.0 
-1.0 -1.0 
-1.0 -1.0 
-1.0 -1.0 
-1.0 -1.0 19:1.0 
-1.0 -1.0 
-1.0 -1.0 
-1.0 -1.0 
-1.0 -1.0 
-1.0 -1.0 
-1.0 -1.0 
-1.0 -1.0 31:1.0 
-1.0 -1.0 
-1.0 -1.0 
-1.0 -1.0 
-1.0 -1.0 
-1.0 -1.0 
-1.0 -1.0 
-1.0 -1.0 
-1.0 -1.0 
-1.0 -1.0 
-1.0 -1.0 
-1.0 -1.0 
-0.0 -1.0 29:1.0 
-1.0 -1.0 
-1.0 -1.0 
-1.0 -1.0 
-1.0 -1.0 
-1.0 -1.0 16:1.0 
-1.0 -1.0 
-0.006282872719958255 -1.0 64:1.0 
-1.0 -1.0 
-1.0 -1.0 
-1.0 -1.0 
-1.0 -1.0 
-1.0 -1.0 
-1.0 -1.0 
-1.0 -1.0 
-0.8447613367457053 -1.0 19:1.0 
-1.0 -1.0 
-1.0 -1.0 
-1.0 -1.0 
-1.0 -1.0 
-1.0 -1.0 
-1.0 -1.0 
-1.0 -1.0 
-1.0 -1.0 
-1.0 -1.0 
-1.0 -1.0 
-1.0 -1.0 
-1.0 -1.0 
-1.0 -1.0 
-1.0 -1.0 
-1.0 -1.0 
-1.0 -1.0 
-1.0 -1.0 
-1.0 -1.0 
-0.7601132751488289 -1.0 48:1.0 
-1.0 -1.0 
-1.0 -1.0 
-1.0 -1.0 
-1.0 -1.0 
-1.0 -1.0 
-1.0 -1.0 
-0.7596068194686757 -1.0 29:1.0 
-1.0 -1.0 
-1.0 -1.0 33:1.0 
-1.0 -1.0 
-1.0 -1.0 
-1.0 -1.0 
-1.0 -1.0 
-1.0 -1.0 
-0.0 -1.0 8:1.0 
-1.0 -1.0 18:1.0 
-1.0 -1.0 
-1.0 -1.0 
-1.0 -1.0 
-1.0 -1.0 
-0.0 -1.0 53:1.0 
-1.0 -1.0 
-0.39621413610718687 -1.0 62:1.0 
-0.7596935025784903 -1.0 53:1.0 
-1.0 -1.0 27:1.0 38:1.0 50:1.0 54:1.0 69:1.0 71:1.0 72:1.0 73:1.0 75:1.0 
-1.0 -1.0 
-0.1784055750187787 -1.0 11:1.0 40:1.0 
-0.3492568758673983 -1.0 
-0.0 -1.0 
-0.0 -1.0 
-0.0 -1.0 
-0.0 -1.0 
-1.0 -1.0 23:1.0 
-0.0 -1.0 
-0.0 -1.0 
-0.0 -1.0 
-0.0 -1.0 
-0.0 -1.0 
-0.0 -1.0 
-0.0 -1.0 
-0.0 -1.0 
-0.0 -1.0 
