svm_type c_svc
kernel_type rbf
gamma 0.1
nr_class 3
total_sv 1526
rho 0.9854130333369746 0.9815697786374211 -0.9928274524647213
label 2 0 1
nr_sv 419 570 537
SV
0.01 0.01 
0.01 0.01 
0.01 0.01 
0.01 0.01 50:1.0 54:1.0 66:1.0 69:1.0 73:1.0 75:1.0 
0.01 0.01 
0.01 0.01 2:1.0 32:1.0 
0.01 0.01 
0.01 0.01 
0.01 0.01 
0.01 0.01 
0.01 0.01 
0.01 0.01 
0.01 0.01 
0.01 0.01 
0.01 0.01 
0.01 0.01 33:1.0 46:1.0 51:1.0 
0.01 0.01 
0.01 0.01 
0.01 0.01 
0.01 0.01 
0.01 0.01 
0.01 0.01 
0.01 0.01 24:1.0 
0.01 0.01 
0.01 0.01 
0.01 0.01 
0.01 0.01 
0.01 0.01 
0.01 0.01 
0.01 0.01 
0.01 0.01 
0.01 0.01 
0.01 0.01 
0.01 0.01 
0.01 0.01 
0.01 0.01 
0.01 0.01 
0.01 0.01 
0.01 0.01 
0.01 0.01 
0.01 0.01 
0.01 0.01 
0.01 0.01 50:1.0 54:1.0 66:1.0 69:1.0 73:1.0 75:1.0 
0.01 0.01 
0.01 0.01 
0.01 0.01 
0.01 0.01 
0.01 0.01 
0.01 0.01 
0.01 0.01 
0.01 0.01 
0.01 0.01 
0.01 0.01 2:1.0 
0.01 0.01 
0.01 0.01 
0.01 0.01 
0.01 0.01 
0.01 0.01 
0.01 0.01 
0.01 0.01 
0.01 0.01 23:1.0 
0.01 0.01 
0.01 0.01 
0.01 0.01 
0.01 0.01 
0.01 0.01 10:1.0 
0.01 0.01 13:1.0 
0.01 0.01 32:1.0 
0.01 0.01 
0.01 0.01 
0.01 0.01 27:1.0 38:1.0 50:1.0 54:1.0 69:1.0 71:1.0 72:1.0 73:1.0 75:1.0 
0.01 0.01 9:1.0 66:1.0 
0.01 0.01 
0.01 0.01 
0.01 0.01 
0.01 0.01 9:1.0 
0.01 0.01 
0.01 0.01 7:1.0 
0.01 0.01 
0.01 0.01 
0.01 0.01 
0.01 0.01 
0.01 0.01 
0.01 0.01 
0.01 0.01 
0.01 0.01 
0.01 0.01 
0.01 0.01 
0.01 0.01 
0.01 0.01 
0.01 0.01 10:1.0 46:1.0 
0.01 0.01 55:1.0 
0.01 0.01 27:1.0 38:1.0 50:1.0 54:1.0 69:1.0 71:1.0 72:1.0 73:1.0 75:1.0 
0.01 0.01 
0.01 0.01 55:1.0 
0.01 0.01 
0.01 0.01 
0.01 0.01 37:1.0 
0.01 0.01 
0.01 0.01 
0.01 0.01 
0.01 0.01 
0.01 0.01 
0.01 0.01 10:1.0 
0.01 0.01 
0.01 0.01 
0.01 0.01 
0.01 0.01 23:1.0 
0.01 0.01 
0.01 0.01 
0.01 0.01 
0.01 0.01 
0.01 0.01 
0.01 0.01 
0.01 0.01 
0.01 0.01 42:1.0 
0.01 0.01 69:1.0 
0.01 0.01 
0.01 0.01 
0.01 0.01 
0.01 0.01 
0.01 0.01 66:1.0 
0.01 0.01 
0.01 0.01 
0.01 0.01 
0.01 0.01 
0.01 0.01 
0.01 0.01 
0.01 0.01 
0.01 0.01 
0.01 0.01 
0.01 0.01 
0.01 0.01 
0.01 0.01 
0.01 0.01 
0.01 0.01 
0.01 0.01 
0.01 0.01 
0.01 0.01 
0.01 0.01 
0.01 0.01 
0.01 0.01 
0.01 0.01 
0.01 0.01 28:1.0 
0.01 0.01 
0.01 0.01 
0.01 0.01 
0.01 0.01 
0.01 0.01 
0.01 0.01 
0.01 0.01 
0.01 0.01 
0.01 0.01 
0.01 0.01 
0.01 0.01 46:1.0 
0.01 0.01 
0.01 0.01 
0.01 0.01 
0.01 0.01 
0.01 0.01 
0.01 0.01 19:1.0 
0.01 0.01 65:1.0 
0.01 0.01 67:1.0 
0.01 0.01 
0.01 0.01 9:1.0 
0.01 0.01 
0.01 0.01 
0.01 0.01 18:1.0 
0.01 0.01 52:1.0 
0.01 0.01 67:1.0 
0.01 0.01 19:1.0 39:1.0 
0.01 0.01 
0.01 0.01 
0.01 0.01 56:1.0 
0.01 0.01 
0.01 0.01 
0.01 0.01 24:1.0 
0.01 0.01 
0.01 0.01 
0.01 0.01 
0.01 0.01 
0.01 0.01 31:1.0 
0.01 0.01 
0.01 0.01 
0.01 0.01 
0.01 0.01 
0.01 0.01 16:1.0 50:1.0 54:1.0 75:1.0 
0.01 0.01 
0.01 0.01 
0.01 0.01 
0.01 0.01 
0.01 0.01 
0.01 0.01 
0.01 0.01 
0.01 0.01 
0.01 0.01 
0.01 0.01 
0.01 0.01 
0.01 0.01 
0.01 0.01 
0.01 0.01 
0.01 0.01 16:1.0 
0.01 0.01 
0.01 0.01 
0.01 0.01 
0.01 0.01 
0.01 0.01 
0.01 0.01 
0.01 0.01 
0.01 0.01 
0.01 0.01 46:1.0 
0.01 0.01 51:1.0 
0.01 0.01 
0.01 0.01 54:1.0 
0.01 0.01 
0.01 0.01 10:1.0 
0.01 0.01 
0.01 0.01 
0.01 0.01 
0.01 0.01 
0.01 0.01 16:1.0 
0.01 0.01 
0.01 0.01 
0.01 0.01 2:1.0 
0.01 0.01 
0.01 0.01 47:1.0 
0.01 0.01 
0.01 0.01 
0.01 0.01 
0.01 0.01 57:1.0 
0.01 0.01 
0.01 0.01 
0.01 0.01 
0.01 0.01 
0.01 0.01 
0.01 0.01 
0.01 0.01 13:1.0 
0.01 0.01 
0.01 0.01 37:1.0 38:1.0 69:1.0 71:1.0 
0.01 0.01 
0.01 0.01 
0.01 0.01 69:1.0 
0.01 0.01 49:1.0 57:1.0 
0.01 0.01 
0.01 0.01 
0.01 0.01 
0.01 0.01 54:1.0 
0.01 0.01 
0.01 0.01 49:1.0 
0.01 0.01 47:1.0 
0.01 0.01 
0.01 0.01 
0.01 0.01 
0.01 0.01 
0.01 0.01 
0.01 0.01 19:1.0 
0.01 0.01 
0.01 0.01 
0.01 0.01 
0.01 0.01 
0.01 0.01 
0.01 0.01 
0.01 0.01 
0.01 0.01 37:1.0 
0.01 0.01 
0.01 0.01 
0.01 0.01 
0.01 0.01 
0.01 0.01 
0.01 0.01 
0.01 0.01 
0.01 0.01 42:1.0 
0.01 0.01 
0.01 0.01 
0.01 0.01 
0.01 0.01 
0.01 0.01 
0.01 0.01 
0.01 0.01 
0.01 0.01 
0.01 0.01 
0.01 0.01 
0.01 0.01 
0.01 0.01 
0.01 0.01 47:1.0 
0.01 0.01 
0.01 0.01 
0.01 0.01 
0.01 0.01 
0.01 0.01 
0.01 0.01 
0.01 0.01 
0.01 0.01 
0.01 0.01 
0.01 0.01 
0.01 0.01 
0.01 0.01 
0.01 0.01 47:1.0 
0.01 0.01 
0.01 0.01 
0.01 0.01 46:1.0 
0.01 0.01 
0.01 0.01 
0.01 0.01 
0.01 0.01 
0.01 0.01 
0.01 0.01 23:1.0 51:1.0 
0.01 0.01 
0.01 0.01 
0.01 0.01 
0.01 0.01 
0.01 0.01 
0.01 0.01 
0.01 0.01 
0.01 0.01 
0.01 0.01 
0.01 0.01 
0.01 0.01 
0.01 0.01 2:1.0 
0.01 0.01 
0.01 0.01 
0.01 0.01 
0.01 0.01 
0.01 0.01 
0.01 0.01 
0.01 0.01 
0.01 0.01 
0.01 0.01 
0.01 0.01 
0.01 0.01 
0.01 0.01 
0.01 0.01 
0.01 0.01 
0.01 0.01 52:1.0 
0.01 0.01 
0.01 0.01 
0.01 0.01 
0.01 0.01 
0.01 0.01 
0.01 0.01 
0.01 0.01 46:1.0 
0.01 0.01 
0.01 0.01 
0.01 0.01 
0.01 0.01 
0.01 0.01 
0.01 0.01 
0.01 0.01 
0.01 0.01 
0.01 0.01 
0.01 0.01 
0.01 0.01 
0.01 0.01 
0.01 0.01 
0.01 0.01 
0.01 0.01 
0.01 0.01 
0.01 0.01 
0.01 0.01 
0.01 0.01 
0.01 0.01 
0.01 0.01 
0.01 0.01 
0.01 0.01 
0.01 0.01 
0.01 0.01 
0.01 0.01 
0.01 0.01 
0.01 0.01 
0.01 0.01 31:1.0 
0.01 0.01 
0.01 0.01 
0.01 0.01 
0.01 0.01 
0.01 0.01 
0.01 0.01 
0.01 0.01 
0.01 0.01 
0.01 0.01 3:1.0 18:1.0 
0.01 0.01 
0.01 0.01 
0.01 0.01 
0.01 0.01 
0.01 0.01 
0.01 0.01 
0.01 0.01 
0.01 0.01 
0.01 0.01 
0.01 0.01 
0.01 0.01 
0.01 0.01 
0.01 0.01 
0.01 0.01 
0.01 0.01 
0.01 0.01 
0.01 0.01 3:1.0 
0.01 0.01 
0.01 0.01 
0.01 0.01 
0.01 0.01 
0.01 0.01 
0.01 0.01 
0.01 0.01 36:1.0 
0.01 0.01 
0.01 0.01 18:1.0 
0.01 0.01 
0.01 0.01 
0.01 0.01 
0.01 0.01 
0.01 0.01 
0.01 0.01 
0.01 0.01 
0.01 0.01 
0.01 0.01 
0.01 0.01 
0.01 0.01 
0.01 0.01 
0.01 0.01 
0.01 0.01 
-0.0 0.01 56:1.0 
-0.01 0.01 32:1.0 
-0.0013549561198527473 0.0 11:1.0 44:1.0 
-0.006086730264897561 0.0029918878658040074 4:1.0 
-0.0 0.01 62:1.0 
-0.008879768778481695 0.01 7:1.0 
-0.0 0.01 53:1.0 
-0.004999999999999951 0.01 1:1.0 56:1.0 
-0.01 0.01 27:1.0 54:1.0 72:1.0 
-0.01 0.0 52:1.0 
-0.01 0.0 42:1.0 
-0.0 0.01 63:1.0 68:1.0 74:1.0 
-0.01 0.003012563098631733 37:1.0 65:1.0 69:1.0 
-0.01 0.01 27:1.0 54:1.0 72:1.0 
-0.0 0.01 8:1.0 
-0.01 0.002826907136439979 66:1.0 
-0.01 0.0 54:1.0 
-0.01 0.01 31:1.0 
-0.0 0.01 29:1.0 
-0.01 0.0 16:1.0 
-0.01 0.01 9:1.0 
-0.0 0.003693943408287893 15:1.0 
-0.006651863116005984 0.01 8:1.0 22:1.0 
-0.01 0.01 2:1.0 
-0.004194997811186813 0.0038077206644835083 13:1.0 
-0.0 0.01 19:1.0 
-0.0 0.01 8:1.0 
-0.0 0.01 20:1.0 
-0.0067442989720175785 0.01 56:1.0 
-0.0 0.01 64:1.0 
-0.0 0.01 29:1.0 
-0.004715271079123731 0.01 26:1.0 
-0.01 0.0 23:1.0 
-0.0 0.01 44:1.0 
-0.01 0.01 47:1.0 
-0.01 0.0 52:1.0 
-0.0 0.01 
-0.0020524496410770257 0.01 5:1.0 21:1.0 
-0.0 0.01 
-0.0 0.01 
-0.0 0.01 
-0.0 0.01 
-0.0 0.01 15:1.0 
-0.0 0.01 
-0.0 0.01 
-0.0 0.01 
-0.0 0.01 
-0.0 0.01 
-0.0 0.01 
-0.0 0.01 
-0.0 0.01 
-0.0 0.01 
-0.0 0.01 
-0.0 0.01 
-0.0 0.01 
-0.0 0.01 
-0.0 0.01 
-0.0 0.01 44:1.0 
-0.0 0.01 
-0.0 0.01 
-0.0 0.01 
-0.0 0.01 
-0.0 0.01 
-0.0 0.01 
-0.0 0.01 
-0.0 0.01 
-0.004048376738996688 0.01 49:1.0 
-0.0 0.01 
-0.0 0.01 62:1.0 
-0.0 0.01 
-0.0 0.01 
-0.01 0.01 16:1.0 
-0.0050000000000000495 0.01 5:1.0 56:1.0 
-0.0 0.01 
-0.006618246926374961 0.01 40:1.0 45:1.0 
-0.0 0.01 
-0.0 0.01 
-0.01 0.00417990242644929 23:1.0 
-0.0 0.01 
-0.0 0.01 
-0.0 0.01 63:1.0 68:1.0 74:1.0 
-0.0 0.01 
-0.0 0.01 
-0.0 0.01 
-0.0 0.01 
-0.0 0.01 
-0.0 0.01 
-0.0 0.01 
-0.0068861405273241225 0.01 7:1.0 
-0.0 0.01 
-0.0 0.01 
-0.0 0.01 
-0.0 0.01 
-0.01 0.01 38:1.0 50:1.0 54:1.0 69:1.0 71:1.0 73:1.0 75:1.0 
-0.0 0.01 
-0.004999999999999951 0.00401622426839203 41:1.0 62:1.0 
-0.0 0.01 
-0.0 0.01 
-0.0 0.01 
-0.0 0.01 
-0.0 0.01 
-0.0 0.01 
-0.0 0.01 
-0.0 0.0045241883694986254 48:1.0 
-0.01 0.0 3:1.0 
-0.0 0.01 
-0.0 0.01 
-0.0 0.01 
-0.0 0.01 
-0.0 0.01 
-0.0 0.01 53:1.0 
-0.0 0.01 
-0.0 0.01 
-0.0 0.01 
-0.0 0.01 
-0.0 0.01 
-0.0 0.01 
-0.0 0.01 62:1.0 
-0.0 0.01 
-0.0 0.01 
-0.0 0.01 
-0.01 0.01 
-0.01 0.01 
-0.01 0.01 
-0.01 0.01 
-0.01 0.01 
-0.01 0.01 
-0.01 0.01 
-0.01 0.01 
-0.01 0.01 
-0.01 0.01 
-0.01 0.01 
-0.01 0.01 
-0.01 0.01 
-0.01 0.01 
-0.01 0.01 
-0.01 0.01 
-0.01 0.01 
-0.01 0.01 
-0.01 0.01 
-0.01 0.01 
-0.01 0.01 
-0.01 0.01 
-0.01 0.01 
-0.01 0.01 
-0.01 0.01 
-0.01 0.01 
-0.01 0.01 
-0.01 0.01 
-0.01 0.01 
-0.01 0.01 
-0.01 0.01 
-0.01 0.01 
-0.01 0.01 
-0.01 0.01 
-0.01 0.01 
-0.01 0.01 
-0.007115368332954352 0.01 3:1.0 11:1.0 25:1.0 53:1.0 
-0.01 0.01 
-0.01 0.01 
-0.01 0.01 
-0.01 0.01 
-0.01 0.01 
-0.01 0.01 
-0.0 0.004999999999999338 6:1.0 
-0.01 0.01 
-0.01 0.01 
-0.01 0.01 
-0.01 0.01 
-0.01 0.01 
-0.01 0.01 
-0.01 0.01 
-0.01 0.01 
-0.01 0.01 
-0.01 0.01 
-0.01 0.01 
-0.0 0.01 70:1.0 
-0.01 0.01 
-0.01 0.01 
-0.01 0.01 32:1.0 
-0.01 0.01 
-0.01 0.01 
-0.01 0.01 
-0.01 0.01 
-0.01 0.01 
-0.01 0.01 
-0.01 0.01 
-0.0032557010279824217 0.004129082228438463 17:1.0 42:1.0 
-0.01 0.01 
-0.01 0.01 
-0.01 0.01 
-0.01 0.01 
-0.0 0.01 48:1.0 
-0.01 0.01 
-0.01 0.01 
-0.01 0.01 
-0.01 0.01 49:1.0 
-0.01 0.01 
-0.01 0.01 
-0.01 0.01 
-0.01 0.01 
-0.01 0.01 
-0.01 0.01 
-0.0 0.004999999999999338 35:1.0 
-0.003426330872015815 0.004999999999999338 33:1.0 
-0.01 0.01 
-0.01 0.01 
-0.01 0.01 
-0.01 0.01 
-0.01 0.0 3:1.0 
-0.0049993424648621995 0.007173092863560021 59:1.0 64:1.0 
-0.01 0.01 
-0.01 0.01 
-0.01 0.01 
-0.01 0.01 
-0.01 0.01 
-0.01 0.01 
-0.005000657535137801 0.0 15:1.0 59:1.0 
-0.01 0.01 
-0.01 0.01 
-0.01 0.01 16:1.0 
-0.01 0.01 
-0.0 0.01 8:1.0 
-0.006569174196218027 0.01 20:1.0 52:1.0 
-0.01 0.01 
-0.00921150497306483 0.01 36:1.0 
-0.01 0.01 
-0.01 0.01 
-0.01 0.01 
-0.01 0.01 
-0.01 0.01 
-0.01 0.01 51:1.0 
-0.01 0.01 
-0.01 0.01 
-0.01 0.01 13:1.0 
-0.0 0.01 21:1.0 
-0.01 0.01 
-0.01 0.01 
-0.01 0.01 
-0.01 0.01 
-0.01 0.01 
-0.01 0.01 
-0.01 0.01 
-0.01 0.01 
-0.01 0.01 
-0.01 0.01 
-0.01 0.01 
-0.01 0.01 
-0.01 0.01 
-0.01 0.01 
-0.01 0.01 
-0.01 0.01 
-0.01 0.01 
-0.01 0.01 
-0.01 0.01 
-0.01 0.01 
-0.01 0.01 
-0.01 0.01 
-0.01 0.01 
-0.007842758403699523 0.004999999999999951 28:1.0 
-0.01 0.01 
-0.01 0.01 
-0.01 0.01 
-0.01 0.01 
-0.01 0.01 
-0.01 0.01 
-0.01 0.01 
-0.01 0.01 
-0.01 0.01 
-0.01 0.01 
-0.01 0.01 
-0.01 0.01 
-0.01 0.01 
-0.01 0.01 
-0.01 0.01 
-0.01 0.01 
-0.01 0.01 
-0.01 0.01 
-0.01 0.01 
-0.01 0.01 
-0.004999999999999812 0.005000000000000662 70:1.0 
-0.01 0.01 
-0.01 0.01 
-0.01 0.01 
-0.01 0.01 
-0.0 0.005000000000000662 44:1.0 
-0.01 0.01 
-0.01 0.01 
-0.0 0.01 62:1.0 
-0.01 0.01 
-0.01 0.01 
-0.01 0.01 
-0.01 0.01 
-0.01 0.01 29:1.0 57:1.0 
-0.01 0.01 
-0.01 0.01 
-0.01 0.01 
-0.01 0.01 
-0.01 0.01 
-0.01 0.01 
-0.01 0.01 
-0.01 0.01 
-0.01 0.01 
-0.01 0.01 
-0.01 0.01 
-0.01 0.01 
-0.01 0.01 
-0.01 0.01 
-0.0 0.01 41:1.0 
-0.01 0.01 
-0.01 0.01 
-0.01 0.01 
-0.01 0.01 
-0.01 0.01 
-0.01 0.01 
-0.01 0.01 
-0.01 0.01 
-0.01 0.01 
-0.01 0.01 
-0.01 0.01 
-0.01 0.01 
-0.01 0.01 
-0.01 0.01 
-0.01 0.01 
-0.007713728437266662 0.01 19:1.0 
-0.01 0.01 
-0.01 0.01 
-0.01 0.01 
-0.0 0.0017382312814802918 40:1.0 
-0.01 0.01 
-0.01 0.01 
-0.01 0.01 
-0.0031138594726758777 0.0 16:1.0 61:1.0 
-0.01 0.01 
-0.01 0.01 
-0.01 0.01 
-0.0 0.01 39:1.0 
-0.0 0.01 40:1.0 
-0.01 0.01 
-0.01 0.01 39:1.0 42:1.0 
-0.01 0.01 
-0.01 0.01 
-0.01 0.01 
-0.005349723721658128 0.01 48:1.0 
-0.01 0.01 49:1.0 
-0.0 0.01 34:1.0 
-0.01 0.01 
-0.01 0.01 
-0.01 0.01 
-0.01 0.01 
-0.01 0.01 
-0.01 0.01 
-0.01 0.01 54:1.0 
-0.01 0.01 
-0.01 0.01 28:1.0 
-0.01 0.01 
-0.005535970856403952 0.01 39:1.0 
-0.01 0.01 
-0.0 0.01 34:1.0 
-0.01 0.01 
-0.007348660810641696 0.01 65:1.0 
-0.01 0.01 
-0.01 0.01 
-0.01 0.01 
-0.01 0.01 
-0.01 0.01 
-0.01 0.01 
-0.01 0.01 
-0.01 0.01 
-0.01 0.01 
-0.01 0.01 
-0.01 0.01 
-0.01 0.01 
-0.01 0.01 
-0.01 0.01 
-0.01 0.01 
-0.01 0.01 
-0.004127752245641474 0.0 25:1.0 30:1.0 58:1.0 60:1.0 76:1.0 
-0.01 0.01 
-0.01 0.01 
-0.01 0.01 
-0.01 0.01 
-0.01 0.01 
-0.0 0.01 41:1.0 
-0.0 0.0016673103042903943 14:1.0 
-0.01 0.01 
-0.01 0.01 
-0.01 0.01 
-0.01 0.01 
-0.01 0.01 
-0.0 0.0050000000000000495 43:1.0 
-0.01 0.01 
-0.01 0.01 13:1.0 
-0.01 0.01 
-0.01 0.01 
-0.01 0.01 
-0.01 0.01 
-0.01 0.01 19:1.0 
-0.01 0.01 
-0.01 0.01 
-0.01 0.01 23:1.0 
-0.01 0.01 
-0.01 0.01 
-0.01 0.01 
-0.01 0.01 
-0.01 0.01 
-0.01 0.01 
-0.01 0.01 
-0.01 0.01 
-0.01 0.01 
-0.01 0.01 
-0.01 0.01 
-0.01 0.01 
-0.01 0.01 33:1.0 
-0.0 0.01 22:1.0 
-0.01 0.01 
-0.01 0.01 
-0.0034308258037819735 0.01 6:1.0 
-0.01 0.01 
-0.01 0.01 
-0.01 0.01 
-0.01 0.01 
-0.01 0.01 
-0.01 0.01 
-0.00567897643434357 0.005000000000000662 36:1.0 
-0.01 0.01 
-0.01 0.01 
-0.01 0.01 
-0.01 0.01 
-0.0 0.0038077206644836895 45:1.0 
-0.005951623261003312 0.0 42:1.0 
-0.01 0.01 
-0.0034806106299411998 0.0036939434082877178 12:1.0 
-0.01 0.01 
-0.01 0.01 
-0.01 0.01 
-0.01 0.01 
-0.01 0.01 19:1.0 
-0.01 0.01 
-0.01 0.01 
-0.01 0.01 
-0.01 0.01 
-0.01 0.01 
-0.01 0.01 
-0.01 0.01 
-0.01 0.01 
-0.01 0.01 
-0.01 0.01 
-0.01 0.01 
-0.01 0.01 
-0.01 0.01 
-0.01 0.01 
-0.01 0.01 
-0.01 0.01 
-0.01 0.01 
-0.01 0.01 
-0.01 0.01 
-0.01 0.01 
-0.01 0.01 
-0.01 0.01 
-0.01 0.01 
-0.01 0.01 
-0.01 0.01 
-0.01 0.01 
-0.01 0.01 
-0.01 0.01 
-0.0 0.005475811630501375 61:1.0 
-0.01 0.01 
-0.01 0.01 
-0.01 0.01 
-0.01 0.01 
-0.01 0.01 
-0.01 0.01 
-0.009100078771038873 0.0 24:1.0 
-0.0 0.01 22:1.0 
-0.01 0.01 
-0.01 0.01 
-0.01 0.01 
-0.01 0.01 
-0.01 0.01 
-0.01 0.01 
-0.01 0.01 
-0.01 0.01 
-0.01 0.01 
-0.01 0.01 
-0.01 0.01 
-0.01 0.01 
-0.004551418722025712 0.01 21:1.0 61:1.0 
-0.01 0.01 
-0.01 0.01 
-0.01 0.01 
-0.01 0.01 
-0.01 0.01 
-0.01 0.01 
-0.01 0.01 
-0.01 0.01 
-0.01 0.01 
-0.01 0.01 
-0.01 0.01 
-0.01 0.01 
-0.01 0.01 
-0.01 0.01 
-0.01 0.01 
-0.01 0.01 
-0.01 0.01 
-0.01 0.01 
-0.006573669127984185 0.01 19:1.0 
-0.01 0.01 
-0.01 0.01 
-0.01 0.01 
-0.01 0.01 
-0.01 0.01 
-0.01 0.01 
-0.01 0.01 
-0.01 0.01 
-0.01 0.01 
-0.01 0.01 
-0.01 0.01 
-0.01 0.01 
-0.01 0.01 
-0.01 0.01 
-0.01 0.01 
-0.01 0.01 
-0.01 0.01 
-0.01 0.0 24:1.0 
-0.01 0.01 
-0.01 0.01 
-0.01 0.01 
-0.01 0.01 
-0.01 0.01 
-0.01 0.01 
-0.01 0.01 
-0.01 0.01 
-0.007364745197306885 0.003581895315597581 63:1.0 68:1.0 74:1.0 
-0.0050000000000000495 0.0 44:1.0 62:1.0 
-0.01 0.01 
-0.01 0.01 
-0.01 0.01 
-0.01 0.01 
-0.01 0.01 
-0.01 0.01 
-0.0 0.01 
-0.0 0.01 11:1.0 
-0.0 0.01 20:1.0 
-0.0 0.01 
-0.0 0.01 
-0.0 0.01 
-0.0 0.01 
-0.0 0.01 
-0.0 0.01 
-0.0 0.01 
-0.004517291634505778 0.004996671854457192 30:1.0 58:1.0 60:1.0 76:1.0 
-0.004890481407408786 0.01 14:1.0 
-0.0033760475890535807 0.0058709177715615376 17:1.0 
-0.00662395241094642 0.0 34:1.0 43:1.0 
-0.004715271079123913 0.01 35:1.0 
-0.0 0.01 
-0.0 0.01 
-0.0 0.01 
-0.005899921228961316 0.002991887865803963 24:1.0 
-0.0 0.01 
-0.0 0.01 
-0.01 0.01 37:1.0 
-0.0 0.01 
-0.0 0.00582009757355071 11:1.0 
-0.0 0.01 
-0.0 0.01 
-0.0 0.01 
-0.0 0.01 
-1.4533770130217144E-6 0.01 64:1.0 
-0.0 -0.01 
-0.0 -0.01 
-0.0 -0.01 
-0.0 -0.01 
-0.0 -0.01 
-0.0 -0.01 
-0.0 -0.01 
-0.0 -0.01 20:1.0 
-0.0 -0.01 
-0.0 -0.01 
-0.0 -0.01 
-0.0 -0.01 
-0.0 -0.01 
-0.0 -0.01 
-0.0 -0.01 
-0.0 -0.01 
-0.01 -0.01 57:1.0 
-0.0 -0.01 
-0.0 -0.01 
-0.0 -0.01 
-0.0 -0.01 
-0.0 -0.01 
-0.0 -0.01 
-0.0 -0.01 53:1.0 
-0.0 -0.01 
-0.0 -0.01 
-0.0 -0.01 48:1.0 
-0.0 -0.01 
-0.0 -0.01 
-0.0 -0.01 
-0.0 -0.01 
-0.0 -0.01 
-0.0 -0.01 
-0.0 -0.01 
-0.0 -0.01 
-0.01 -0.01 7:1.0 
-0.0 -0.01 
-0.0 -0.01 
-0.0 -0.01 
-0.0 -0.01 
-0.0 -0.01 
-0.01 -0.01 70:1.0 
-0.01 -0.01 14:1.0 16:1.0 
-0.0 -0.01 
-0.0 -0.01 1:1.0 
-0.0 -0.01 
-0.0 -0.01 
-0.0 -0.01 
-0.0 -0.01 
-0.0 -0.01 
-0.0 -0.01 
-0.01 -0.01 36:1.0 
-0.0 -0.01 
-0.0 -0.01 
-0.0 -0.01 
-0.0 -0.01 
-0.01 -0.01 46:1.0 51:1.0 
-0.0 -0.01 
-0.0 -0.01 
-0.0 -0.01 
-0.0 -0.01 
-0.0 -0.01 21:1.0 
-0.0 -0.01 
-0.0 -0.01 
-0.0 -0.01 
-0.0 -0.01 
-0.0 -0.01 
-0.0 -0.01 53:1.0 
-0.01 -0.01 
-0.01 -0.01 
-0.01 -0.01 
-0.01 -0.01 
-0.01 -0.01 7:1.0 
-0.01 -0.01 
-0.01 -0.01 
-0.01 -0.01 
-0.01 -0.01 
-0.01 -0.01 
-0.01 -0.01 
-0.01 -0.01 
-0.01 -0.01 
-0.01 -0.01 
-0.01 -0.01 
-0.01 -0.01 
-0.01 -0.01 
-0.01 -0.01 
-0.01 -0.01 
-0.01 -0.01 
-0.0 -0.01 44:1.0 
-0.01 -0.01 
-0.01 -0.01 
-0.01 -0.01 
-0.01 -0.01 
-0.0 -0.01 39:1.0 
-0.01 -0.01 
-0.01 -0.01 9:1.0 
-0.01 -0.01 
-0.01 -0.01 
-0.01 -0.01 
-0.01 -0.01 
-0.01 -0.01 
-0.01 -0.01 
-0.0 -0.01 8:1.0 22:1.0 26:1.0 
-0.01 -0.01 
-0.01 -0.01 
-0.01 -0.01 
-0.01 -0.01 
-0.01 -0.01 
-0.01 -0.01 
-0.01 -0.01 
-0.01 -0.01 
-0.01 -0.01 
-0.01 -0.01 
-0.01 -0.01 
-0.01 -0.01 8:1.0 17:1.0 42:1.0 
-0.01 -0.01 
-0.01 -0.01 
-0.01 -0.01 
-0.01 -0.01 
-0.0 -0.01 29:1.0 
-0.0 -0.01 56:1.0 
-0.008309654492112413 -0.01 44:1.0 
-0.0 -0.01 53:1.0 
-0.01 -0.01 
-0.01 -0.01 
-0.01 -0.01 13:1.0 
-0.01 -0.01 
-0.01 -0.01 
-0.01 -0.01 
-0.01 -0.01 
-0.01 -0.01 
-0.01 -0.01 
-0.01 -0.01 32:1.0 
-0.01 -0.01 
-0.01 -0.01 
-0.01 -0.01 
-0.01 -0.01 
-0.01 -0.01 
-0.0 -0.01 39:1.0 
-0.01 -0.01 
-0.01 -0.01 
-0.01 -0.01 
-0.01 -0.01 
-0.01 -0.01 34:1.0 46:1.0 
-0.01 -0.01 
-0.01 -0.01 
-0.01 -0.01 47:1.0 
-0.01 -0.01 
-0.01 -0.01 
-0.0 -0.01 34:1.0 
-0.01 -0.01 
-0.01 -0.01 
-0.0 -0.01 56:1.0 
-0.01 -0.01 
-0.01 -0.01 
-0.01 -0.01 
-0.01 -0.01 
-0.01 -0.01 
-0.01 -0.01 
-0.01 -0.01 
-0.01 -0.01 
-0.01 -0.01 
-0.01 -0.01 
-0.01 -0.01 
-0.01 -0.01 
-0.01 -0.01 
-0.01 -0.01 
-0.01 -0.01 
-0.01 -0.01 
-0.01 -0.01 
-0.01 -0.01 
-0.0 -0.01 26:1.0 
-0.01 -0.01 
-0.01 -0.01 
-0.01 -0.01 27:1.0 54:1.0 72:1.0 
-0.01 -0.01 
-0.0 -0.01 19:1.0 
-0.01 -0.01 
-0.01 -0.01 
-0.01 -0.01 
-0.01 -0.01 
-0.01 -0.01 35:1.0 
-0.01 -0.01 
-0.01 -0.01 
-0.01 -0.01 
-0.01 -0.01 
-0.01 -0.01 
-0.01 -0.01 
-0.004999999999999914 -0.01 19:1.0 
-0.01 -0.01 
-0.01 -0.01 
-0.01 -0.01 
-0.01 -0.01 
-0.01 -0.01 
-0.0 -0.01 21:1.0 
-0.01 -0.01 
-0.01 -0.01 
-0.01 -0.01 
-0.01 -0.01 
-0.01 -0.01 
-0.01 -0.01 
-0.01 -0.01 
-0.0 -0.01 63:1.0 68:1.0 74:1.0 
-0.01 -0.01 39:1.0 
-0.0 -0.01 20:1.0 
-0.01 -0.01 
-0.01 -0.01 
-0.01 -0.01 61:1.0 
-0.01 -0.01 
-0.00976411118030147 -0.01 49:1.0 
-0.01 -0.01 
-0.01 -0.01 
-0.0 -0.01 29:1.0 
-0.01 -0.01 
-0.01 -0.01 
-0.01 -0.01 
-0.01 -0.01 
-0.01 -0.01 18:1.0 
-0.01 -0.01 
-0.00592093121232695 -0.01 62:1.0 64:1.0 
-0.01 -0.01 
-0.01 -0.01 
-0.01 -0.01 
-0.01 -0.01 
-0.01 -0.01 
-0.01 -0.01 
-0.01 -0.01 
-0.01 -0.01 
-0.01 -0.01 
-0.01 -0.01 
-0.01 -0.01 
-0.01 -0.01 
-0.01 -0.01 
-0.01 -0.01 
-0.01 -0.01 
-0.01 -0.01 
-0.01 -0.01 
-0.01 -0.01 65:1.0 
-0.01 -0.01 
-0.01 -0.01 
-0.01 -0.01 
-0.01 -0.01 
-0.01 -0.01 
-0.0 -0.01 41:1.0 
-0.01 -0.01 
-0.01 -0.01 
-0.01 -0.01 
-0.01 -0.01 
-0.01 -0.01 
-0.01 -0.01 
-0.01 -0.01 
-0.01 -0.01 
-0.01 -0.01 
-0.004763278161787608 -0.01 39:1.0 64:1.0 
-0.01 -0.01 
-0.01 -0.01 
-0.01 -0.01 
-0.01 -0.01 
-0.01 -0.01 
-0.01 -0.01 8:1.0 57:1.0 
-0.0 -0.01 53:1.0 
-0.01 -0.01 49:1.0 
-0.01 -0.01 
-0.0 -0.01 56:1.0 
-0.01 -0.01 
-0.01 -0.01 
-0.01 -0.01 
-0.01 -0.01 
-0.01 -0.01 
-0.01 -0.01 
-0.01 -0.01 
-0.01 -0.01 
-0.0 -0.01 1:1.0 
-0.01 -0.01 
-0.01 -0.01 
-0.01 -0.01 
-0.01 -0.01 
-0.01 -0.01 
-0.01 -0.01 
-0.01 -0.01 
-0.01 -0.01 
-0.01 -0.01 
-0.01 -0.01 
-0.01 -0.01 
-0.01 -0.01 
-0.01 -0.01 
-0.01 -0.01 
-0.01 -0.01 
-0.01 -0.01 
-0.01 -0.01 
-0.01 -0.01 
-0.01 -0.01 
-0.0 -0.01 62:1.0 
-0.01 -0.01 
-0.01 -0.01 
-0.01 -0.01 
-0.01 -0.01 
-0.01 -0.01 
-0.01 -0.01 
-0.01 -0.01 15:1.0 
-0.01 -0.01 
-0.01 -0.01 
-0.01 -0.01 
-0.0 -0.01 62:1.0 
-0.01 -0.01 
-0.01 -0.01 
-0.01 -0.01 
-0.01 -0.01 
-0.01 -0.01 
-0.01 -0.01 
-0.01 -0.01 
-0.01 -0.01 
-0.01 -0.01 
-0.01 -0.01 
-0.0 -0.01 53:1.0 
-0.01 -0.01 67:1.0 
-0.01 -0.01 28:1.0 
-0.01 -0.01 20:1.0 
-0.01 -0.01 
-0.005235888819698616 -0.01 49:1.0 
-0.0 -0.01 22:1.0 
-0.01 -0.01 
-0.01 -0.01 
-0.01 -0.01 
-0.01 -0.01 
-0.01 -0.01 
-0.01 -0.01 
-0.01 -0.01 
-0.01 -0.01 21:1.0 
-0.01 -0.01 
-0.01 -0.01 
-0.01 -0.01 
-0.01 -0.01 
-0.01 -0.01 
-0.01 -0.01 
-0.01 -0.01 
-0.01 -0.01 
-0.0 -0.01 1:1.0 
-0.01 -0.01 
-0.0052367218382123925 -0.01 1:1.0 56:1.0 
-0.01 -0.01 
-0.01 -0.01 
-0.01 -0.01 
-0.01 -0.01 
-0.01 -0.01 
-0.01 -0.01 
-0.01 -0.01 
-0.01 -0.01 
-0.01 -0.01 
-0.01 -0.01 
-0.01 -0.01 
-0.01 -0.01 
-0.01 -0.01 
-0.01 -0.01 
-0.01 -0.01 
-0.01 -0.01 27:1.0 54:1.0 72:1.0 
-0.01 -0.01 
-0.01 -0.01 
-0.01 -0.01 
-0.01 -0.01 
-0.01 -0.01 46:1.0 
-0.01 -0.01 63:1.0 68:1.0 74:1.0 
-0.01 -0.01 
-0.01 -0.01 
-0.01 -0.01 
-0.01 -0.01 
-0.01 -0.01 
-0.01 -0.01 
-0.01 -0.01 
-0.01 -0.01 19:1.0 
-0.01 -0.01 2:1.0 55:1.0 67:1.0 
-0.01 -0.01 
-0.01 -0.01 
-0.01 -0.01 
-0.01 -0.01 
-0.01 -0.01 22:1.0 26:1.0 
-0.01 -0.01 
-0.01 -0.01 41:1.0 67:1.0 
-0.01 -0.01 32:1.0 
-0.01 -0.01 
-0.01 -0.01 56:1.0 
-0.01 -0.01 
-0.01 -0.01 
-0.01 -0.01 
-0.01 -0.01 
-0.01 -0.01 
-0.01 -0.01 
-0.01 -0.01 
-0.01 -0.01 
-0.01 -0.01 
-0.01 -0.01 54:1.0 
-0.01 -0.01 
-0.01 -0.01 
-0.01 -0.01 
-0.01 -0.01 
-0.01 -0.01 
-0.01 -0.01 
-0.01 -0.01 
-0.01 -0.01 
-0.01 -0.01 
-0.01 -0.01 
-0.01 -0.01 
-0.01 -0.01 
-0.01 -0.01 5:1.0 37:1.0 
-0.01 -0.01 
-0.01 -0.01 
-0.0 -0.01 53:1.0 
-0.01 -0.01 1:1.0 10:1.0 
-0.01 -0.01 
-0.004918863458291563 -0.01 6:1.0 
-0.005769414295560637 -0.01 40:1.0 45:1.0 
-0.01 -0.01 
-0.01 -0.01 
-0.01 -0.01 
-0.01 -0.01 
-0.01 -0.01 
-0.01 -0.01 
-0.01 -0.01 
-0.01 -0.01 
-0.01 -0.01 
-0.01 -0.01 
-0.01 -0.01 
-0.01 -0.01 
-0.01 -0.01 
-0.01 -0.01 
-0.005339985605688203 -0.01 11:1.0 
-0.01 -0.01 
-0.01 -0.01 
-0.01 -0.01 
-0.01 -0.01 
-0.01 -0.01 
-0.01 -0.01 
-0.01 -0.01 
-0.01 -0.01 
-0.01 -0.01 
-0.01 -0.01 13:1.0 
-0.01 -0.01 
-0.01 -0.01 
-0.01 -0.01 
-0.01 -0.01 
-0.01 -0.01 
-0.01 -0.01 19:1.0 
-0.01 -0.01 
-0.01 -0.01 
-0.01 -0.01 
-0.01 -0.01 
-0.01 -0.01 
-0.01 -0.01 
-0.01 -0.01 31:1.0 
-0.01 -0.01 
-0.01 -0.01 
-0.01 -0.01 
-0.01 -0.01 
-0.01 -0.01 
-0.01 -0.01 
-0.01 -0.01 
-0.01 -0.01 
-0.01 -0.01 
-0.01 -0.01 
-0.01 -0.01 
-0.0 -0.01 29:1.0 
-0.01 -0.01 
-0.01 -0.01 
-0.01 -0.01 
-0.01 -0.01 
-0.01 -0.01 16:1.0 
-0.01 -0.01 
-0.0 -0.01 64:1.0 
-0.01 -0.01 
-0.01 -0.01 
-0.01 -0.01 
-0.01 -0.01 
-0.01 -0.01 
-0.01 -0.01 
-0.01 -0.01 
-0.01 -0.01 19:1.0 
-0.01 -0.01 
-0.01 -0.01 
-0.01 -0.01 
-0.01 -0.01 
-0.01 -0.01 
-0.01 -0.01 
-0.01 -0.01 
-0.01 -0.01 
-0.01 -0.01 
-0.01 -0.01 
-0.01 -0.01 
-0.01 -0.01 
-0.01 -0.01 
-0.01 -0.01 
-0.01 -0.01 
-0.01 -0.01 
-0.01 -0.01 
-0.01 -0.01 
-0.01 -0.01 48:1.0 
-0.01 -0.01 
-0.01 -0.01 
-0.01 -0.01 
-0.01 -0.01 
-0.01 -0.01 
-0.01 -0.01 
-0.01 -0.01 29:1.0 
-0.01 -0.01 
-0.01 -0.01 33:1.0 
-0.01 -0.01 
-0.01 -0.01 
-0.01 -0.01 
-0.004660014394311797 -0.01 
-0.0 -0.01 
-0.0 -0.01 8:1.0 
-0.01 -0.01 18:1.0 
-0.0 -0.01 
-0.0 -0.01 
-0.0 -0.01 
-0.0 -0.01 
-0.0 -0.01 53:1.0 
-0.0 -0.01 
-0.0 -0.01 62:1.0 
-0.01 -0.01 53:1.0 
-0.01 -0.01 27:1.0 38:1.0 50:1.0 54:1.0 69:1.0 71:1.0 72:1.0 73:1.0 75:1.0 
-0.0 -0.01 
-0.005081136541708438 -0.01 11:1.0 40:1.0 
-0.0 -0.01 
-0.0 -0.01 
-0.0 -0.01 
-0.0 -0.01 
-0.0 -0.01 
-0.01 -0.01 23:1.0 
-0.0 -0.01 
-0.0 -0.01 
-0.0 -0.01 
-0.0 -0.01 
-0.0 -0.01 
-0.0 -0.01 
-0.0 -0.01 
-0.0 -0.01 
-0.0 -0.01 
