svm_type c_svc
kernel_type rbf
gamma 1.0
nr_class 3
total_sv 1522
rho 0.38951647524422367 -1.554935642453646E-4 -0.4288108711815944
label 2 0 1
nr_sv 417 573 532
SV
1.0 1.0 
1.0 1.0 
1.0 1.0 
0.3947759847555111 0.0 50:1.0 54:1.0 66:1.0 69:1.0 73:1.0 75:1.0 
1.0 1.0 
1.0 1.0 2:1.0 32:1.0 
1.0 1.0 
1.0 1.0 
1.0 1.0 
1.0 1.0 
1.0 1.0 
1.0 1.0 
1.0 1.0 
1.0 1.0 
1.0 1.0 
1.0 1.0 33:1.0 46:1.0 51:1.0 
1.0 1.0 
1.0 1.0 
1.0 1.0 
1.0 1.0 
1.0 1.0 
1.0 1.0 
1.0 0.656517640415225 24:1.0 
1.0 1.0 
1.0 1.0 
1.0 1.0 
1.0 1.0 
1.0 1.0 
1.0 1.0 
1.0 1.0 
1.0 1.0 
1.0 1.0 
1.0 1.0 
1.0 1.0 
1.0 1.0 
1.0 1.0 
1.0 1.0 
1.0 1.0 
1.0 1.0 
1.0 1.0 
1.0 1.0 
1.0 1.0 
1.0 0.9572419049807265 50:1.0 54:1.0 66:1.0 69:1.0 73:1.0 75:1.0 
1.0 1.0 
1.0 1.0 
1.0 1.0 
1.0 1.0 
1.0 1.0 
1.0 1.0 
1.0 1.0 
1.0 1.0 
1.0 1.0 
0.5042742915344358 0.0 2:1.0 
1.0 1.0 
1.0 1.0 
1.0 1.0 
1.0 1.0 
1.0 1.0 
1.0 1.0 
1.0 1.0 
1.0 1.0 23:1.0 
1.0 1.0 
1.0 1.0 
1.0 1.0 
1.0 1.0 
1.0 1.0 13:1.0 
1.0 1.0 32:1.0 
1.0 1.0 
1.0 1.0 
0.5069430905265383 0.9936483577462933 27:1.0 38:1.0 50:1.0 54:1.0 69:1.0 71:1.0 72:1.0 73:1.0 75:1.0 
1.0 0.506130835709189 9:1.0 66:1.0 
1.0 1.0 
1.0 1.0 
1.0 1.0 
1.0 1.0 9:1.0 
1.0 1.0 
1.0 1.0 7:1.0 
1.0 1.0 
1.0 1.0 
1.0 1.0 
1.0 1.0 
1.0 1.0 
1.0 1.0 
1.0 1.0 
1.0 1.0 
1.0 1.0 
1.0 1.0 
1.0 1.0 
1.0 1.0 
0.38066397140708824 0.17210474895583858 10:1.0 46:1.0 
0.900081988377349 0.7241852806227868 55:1.0 
0.9941899870051175 1.0 27:1.0 38:1.0 50:1.0 54:1.0 69:1.0 71:1.0 72:1.0 73:1.0 75:1.0 
1.0 1.0 
0.9670365047501782 0.9931349144030053 55:1.0 
1.0 1.0 
1.0 1.0 
1.0 0.9229346047976897 37:1.0 
1.0 1.0 
1.0 1.0 
1.0 1.0 
1.0 1.0 
1.0 1.0 
0.744068957974807 0.8881062738152777 10:1.0 
1.0 1.0 
1.0 1.0 
1.0 1.0 
1.0 1.0 23:1.0 
1.0 1.0 
1.0 1.0 
1.0 1.0 
1.0 1.0 
1.0 1.0 
1.0 1.0 
1.0 1.0 
1.0 0.7241852806227868 42:1.0 
0.9994426253633676 0.6325008466187103 69:1.0 
1.0 1.0 
1.0 1.0 
1.0 1.0 
1.0 1.0 
1.0 1.0 66:1.0 
1.0 1.0 
1.0 1.0 
1.0 1.0 
1.0 1.0 
1.0 1.0 
1.0 1.0 
1.0 1.0 
1.0 1.0 
1.0 1.0 
1.0 1.0 
1.0 1.0 
1.0 1.0 
1.0 1.0 
1.0 1.0 
1.0 1.0 
1.0 1.0 
1.0 1.0 
1.0 1.0 
1.0 1.0 
1.0 1.0 
1.0 1.0 
1.0 1.0 28:1.0 
1.0 1.0 
1.0 1.0 
1.0 1.0 
1.0 1.0 
1.0 1.0 
1.0 1.0 
1.0 1.0 
1.0 1.0 
1.0 1.0 
1.0 1.0 
0.0 0.12138992407017632 46:1.0 
1.0 1.0 
1.0 1.0 
1.0 1.0 
1.0 1.0 
1.0 1.0 
1.0 1.0 19:1.0 
1.0 1.0 65:1.0 
0.8708555398511566 1.0 67:1.0 
1.0 1.0 
1.0 1.0 9:1.0 
1.0 1.0 
1.0 1.0 
0.5007855139137429 1.0 18:1.0 
1.0 0.656517640415225 52:1.0 
0.996553831750214 1.0 67:1.0 
1.0 1.0 19:1.0 39:1.0 
1.0 1.0 
1.0 1.0 
1.0 1.0 56:1.0 
1.0 1.0 
1.0 1.0 
1.0 0.9255520089350537 24:1.0 
1.0 1.0 
1.0 1.0 
1.0 1.0 
1.0 1.0 
1.0 1.0 31:1.0 
1.0 1.0 
1.0 1.0 
1.0 1.0 
1.0 1.0 
1.0 0.9360410770247901 16:1.0 50:1.0 54:1.0 75:1.0 
1.0 1.0 
1.0 1.0 
1.0 1.0 
1.0 1.0 
1.0 1.0 
1.0 1.0 
1.0 1.0 
1.0 1.0 
1.0 1.0 
1.0 1.0 
1.0 1.0 
1.0 1.0 
1.0 1.0 
1.0 1.0 
1.0 1.0 16:1.0 
1.0 1.0 
1.0 1.0 
1.0 1.0 
1.0 1.0 
1.0 1.0 
1.0 1.0 
1.0 1.0 
1.0 1.0 
0.0 1.0 46:1.0 
1.0 1.0 51:1.0 
1.0 1.0 
1.0 1.0 54:1.0 
1.0 1.0 
0.9825262906958366 0.9984589163063025 10:1.0 
1.0 1.0 
1.0 1.0 
1.0 1.0 
1.0 1.0 
1.0 1.0 16:1.0 
1.0 1.0 
1.0 1.0 
1.0 0.5402455542552529 2:1.0 
1.0 1.0 
1.0 1.0 
1.0 1.0 
1.0 1.0 
1.0 1.0 57:1.0 
1.0 1.0 
1.0 1.0 
1.0 1.0 
1.0 1.0 
1.0 1.0 
1.0 1.0 
1.0 1.0 13:1.0 
1.0 1.0 
1.0 0.8852238502998172 37:1.0 38:1.0 69:1.0 71:1.0 
1.0 1.0 
1.0 1.0 
0.9375433791861535 0.8988178527132307 69:1.0 
1.0 1.0 49:1.0 57:1.0 
1.0 1.0 
1.0 1.0 
1.0 1.0 
1.0 1.0 54:1.0 
1.0 1.0 
1.0 1.0 49:1.0 
0.8763793582979748 0.656517640415225 47:1.0 
1.0 1.0 
1.0 1.0 
1.0 1.0 
1.0 1.0 
1.0 1.0 
1.0 1.0 19:1.0 
1.0 1.0 
1.0 1.0 
1.0 1.0 
1.0 1.0 
1.0 1.0 
1.0 1.0 
1.0 1.0 
1.0 0.9829285343560109 37:1.0 
1.0 1.0 
1.0 1.0 
1.0 1.0 
1.0 1.0 
1.0 1.0 
1.0 1.0 
1.0 1.0 
1.0 0.9934062968606273 42:1.0 
1.0 1.0 
1.0 1.0 
1.0 1.0 
1.0 1.0 
1.0 1.0 
1.0 1.0 
1.0 1.0 
1.0 1.0 
1.0 1.0 
1.0 1.0 
1.0 1.0 
1.0 1.0 
1.0 1.0 47:1.0 
1.0 1.0 
1.0 1.0 
1.0 1.0 
1.0 1.0 
1.0 1.0 
1.0 1.0 
1.0 1.0 
1.0 1.0 
1.0 1.0 
1.0 1.0 
1.0 1.0 
1.0 1.0 
0.990835409203747 0.9257219070640783 47:1.0 
1.0 1.0 
1.0 1.0 
0.656517640415225 1.0 46:1.0 
1.0 1.0 
1.0 1.0 
1.0 1.0 
1.0 1.0 
1.0 1.0 
1.0 0.5835236732488881 23:1.0 51:1.0 
1.0 1.0 
1.0 1.0 
1.0 1.0 
1.0 1.0 
1.0 1.0 
1.0 1.0 
1.0 1.0 
1.0 1.0 
1.0 1.0 
1.0 1.0 
1.0 1.0 
0.9947691814742319 0.8091780782395851 2:1.0 
1.0 1.0 
1.0 1.0 
1.0 1.0 
1.0 1.0 
1.0 1.0 
1.0 1.0 
1.0 1.0 
1.0 1.0 
1.0 1.0 
1.0 1.0 
1.0 1.0 
1.0 1.0 
1.0 1.0 
1.0 1.0 
1.0 0.9260752223561204 52:1.0 
1.0 1.0 
1.0 1.0 
1.0 1.0 
1.0 1.0 
1.0 1.0 
1.0 1.0 
0.9347339533862865 0.9978652157099691 46:1.0 
1.0 1.0 
1.0 1.0 
1.0 1.0 
1.0 1.0 
1.0 1.0 
1.0 1.0 
1.0 1.0 
1.0 1.0 
1.0 1.0 
1.0 1.0 
1.0 1.0 
1.0 1.0 
1.0 1.0 
1.0 1.0 
1.0 1.0 
1.0 1.0 
1.0 1.0 
1.0 1.0 
1.0 1.0 
1.0 1.0 
1.0 1.0 
1.0 1.0 
1.0 1.0 
1.0 1.0 
1.0 1.0 
1.0 1.0 
1.0 1.0 
1.0 1.0 
1.0 1.0 31:1.0 
1.0 1.0 
1.0 1.0 
1.0 1.0 
1.0 1.0 
1.0 1.0 
1.0 1.0 
1.0 1.0 
1.0 1.0 
1.0 0.8324037252425568 3:1.0 18:1.0 
1.0 1.0 
1.0 1.0 
1.0 1.0 
1.0 1.0 
1.0 1.0 
1.0 1.0 
1.0 1.0 
1.0 1.0 
1.0 1.0 
1.0 1.0 
1.0 1.0 
1.0 1.0 
1.0 1.0 
1.0 1.0 
1.0 1.0 
1.0 1.0 
1.0 1.0 3:1.0 
1.0 1.0 
1.0 1.0 
1.0 1.0 
1.0 1.0 
1.0 1.0 
1.0 1.0 
1.0 1.0 36:1.0 
1.0 1.0 
0.9982579590949248 1.0 18:1.0 
1.0 1.0 
1.0 1.0 
1.0 1.0 
1.0 1.0 
1.0 1.0 
1.0 1.0 
1.0 1.0 
1.0 1.0 
1.0 1.0 
1.0 1.0 
1.0 1.0 
1.0 1.0 
1.0 1.0 
1.0 1.0 
-0.16107405812743067 1.0 56:1.0 
-0.8140884641771956 1.0 32:1.0 
-0.32613341449107364 0.3053595122791216 11:1.0 44:1.0 
-0.44575881549761137 0.4172862143093567 4:1.0 
-0.0 1.0 62:1.0 
-0.45648917629836644 1.0 7:1.0 
-0.0 1.0 53:1.0 
-0.4464750916421787 1.0 1:1.0 56:1.0 
-0.0 1.0 27:1.0 54:1.0 72:1.0 
-1.0 0.0 52:1.0 
-1.0 0.0 42:1.0 
-0.0 1.0 63:1.0 68:1.0 74:1.0 
-0.9387112433203503 0.46112206996137106 37:1.0 65:1.0 69:1.0 
-0.319034035238316 0.35442201822643915 65:1.0 
-0.5916887325871829 1.0 27:1.0 54:1.0 72:1.0 
-1.0 0.4178255314887766 66:1.0 
-1.0 0.42357634151394974 54:1.0 
-1.0 1.0 31:1.0 
-0.0 1.0 29:1.0 
-0.2555398185707892 0.0 16:1.0 
-1.0 1.0 9:1.0 
-0.0 0.3048317197808834 15:1.0 
-0.31766579793286615 0.3059810469810844 43:1.0 62:1.0 
-0.32675088706673805 0.6733047097815331 8:1.0 22:1.0 
-1.0 0.5529392424954025 2:1.0 
-0.4484804685660167 0.4193029292293381 13:1.0 
-0.0 1.0 19:1.0 
-0.0 1.0 8:1.0 
-0.0 1.0 20:1.0 
-1.0 1.0 56:1.0 
-0.0 1.0 64:1.0 
-0.3172570692392776 0.30564646893192016 12:1.0 62:1.0 
-0.09664373154890592 1.0 29:1.0 
-0.4461202680227932 1.0 26:1.0 
-1.0 0.0 23:1.0 
-0.0 0.19243705576346803 44:1.0 
-1.0 1.0 47:1.0 
-1.0 0.1284939385977602 52:1.0 
-0.3264488842213949 1.0 5:1.0 21:1.0 
-0.0 1.0 
-0.0 1.0 
-0.0 1.0 
-0.32597860273266704 1.0 15:1.0 
-0.0 1.0 
-0.0 1.0 
-0.0 1.0 
-0.0 1.0 
-0.0 1.0 
-0.0 1.0 
-0.0 1.0 
-0.0 1.0 
-0.0 1.0 
-0.0 1.0 
-0.0 1.0 
-0.0 1.0 
-0.0 1.0 
-0.0 1.0 
-0.0 1.0 44:1.0 
-0.0 1.0 
-0.0 1.0 
-0.0 1.0 
-0.0 1.0 
-0.0 1.0 
-0.0 1.0 
-0.0 1.0 
-0.0 1.0 
-0.0 1.0 49:1.0 
-0.0 1.0 
-0.0 1.0 62:1.0 
-0.0 1.0 
-0.0 1.0 
-1.0 1.0 16:1.0 
-0.32719661458116817 1.0 5:1.0 56:1.0 
-0.0 1.0 
-0.3270263222846616 0.30541549439668336 8:1.0 61:1.0 
-0.3269880258994936 1.0 40:1.0 45:1.0 
-0.0 1.0 
-0.0 1.0 
-1.0 0.4178255314887766 23:1.0 
-0.0 1.0 
-0.0 1.0 
-0.0 1.0 63:1.0 68:1.0 74:1.0 
-0.0 1.0 
-0.0 1.0 
-0.0 1.0 
-0.0 1.0 
-0.0 1.0 
-0.0 1.0 
-0.0 1.0 
-0.9895110158961709 1.0 7:1.0 
-0.0 1.0 
-0.0 1.0 
-0.0 1.0 
-0.0 1.0 
-0.8996491306905617 0.7048817442887989 38:1.0 50:1.0 54:1.0 69:1.0 71:1.0 73:1.0 75:1.0 
-0.0 1.0 
-0.31764663595751685 0.3051656414773949 41:1.0 62:1.0 
-0.0 1.0 
-0.0 1.0 
-0.0 1.0 
-0.0 1.0 
-0.0 1.0 
-0.0 1.0 
-0.0 1.0 
-0.0 0.41845396530364637 48:1.0 
-0.7906786219924098 0.0 3:1.0 
-0.0 1.0 
-0.0 1.0 
-0.0 1.0 
-0.0 1.0 
-0.0 1.0 
-0.4193436940139381 1.0 53:1.0 
-0.0 1.0 
-0.0 1.0 
-0.0 1.0 
-0.0 1.0 
-0.0 1.0 
-0.0 1.0 
-0.0 1.0 62:1.0 
-0.0 1.0 
-0.0 1.0 
-0.0 1.0 
-0.0 1.0 
-0.0 1.0 
-0.0 1.0 
-0.0 1.0 
-0.0 1.0 
-0.0 1.0 
-0.0 1.0 
-0.0 1.0 
-0.0 1.0 
-0.0 1.0 
-0.0 1.0 
-0.0 1.0 
-0.0 1.0 
-0.0 1.0 
-0.0 1.0 
-0.0 1.0 
-0.0 1.0 
-0.0 1.0 
-0.0 1.0 
-0.0 1.0 
-0.0 1.0 
-0.0 1.0 
-1.0 1.0 
-1.0 1.0 
-1.0 1.0 
-1.0 1.0 
-1.0 1.0 
-1.0 1.0 
-1.0 1.0 
-1.0 1.0 
-1.0 1.0 
-1.0 1.0 
-1.0 1.0 
-1.0 1.0 
-1.0 1.0 
-1.0 1.0 
-0.5277391002079003 0.5936564996908313 3:1.0 11:1.0 25:1.0 53:1.0 
-1.0 1.0 
-1.0 1.0 
-1.0 1.0 
-1.0 1.0 
-1.0 1.0 
-1.0 1.0 
-0.0 0.41735471887575265 6:1.0 
-1.0 1.0 
-1.0 1.0 
-1.0 1.0 
-1.0 1.0 
-1.0 1.0 
-1.0 1.0 
-1.0 1.0 
-1.0 1.0 
-1.0 1.0 
-1.0 1.0 
-1.0 1.0 
-0.0 0.4709021408757551 70:1.0 
-1.0 1.0 
-1.0 1.0 
-1.0 1.0 32:1.0 
-1.0 1.0 
-1.0 1.0 
-1.0 1.0 
-1.0 1.0 
-1.0 1.0 
-1.0 1.0 
-1.0 1.0 
-0.3931016421967209 0.6624670115822129 17:1.0 42:1.0 
-1.0 1.0 
-1.0 1.0 
-1.0 1.0 
-1.0 1.0 
-0.0 1.0 48:1.0 
-1.0 1.0 
-1.0 1.0 
-1.0 1.0 
-1.0 1.0 49:1.0 
-1.0 1.0 
-1.0 1.0 
-1.0 1.0 
-1.0 1.0 
-1.0 1.0 
-1.0 1.0 
-0.0 0.4175543083389504 35:1.0 
-0.0 0.4170085849514093 33:1.0 
-1.0 1.0 
-1.0 1.0 
-1.0 1.0 
-1.0 1.0 
-0.9966619327987841 0.3876877317909647 3:1.0 
-0.32664011490685546 0.32030391649575585 59:1.0 64:1.0 
-1.0 1.0 
-1.0 1.0 
-1.0 1.0 
-1.0 1.0 
-1.0 1.0 
-1.0 1.0 
-0.3266750699736831 0.3053095290014079 15:1.0 59:1.0 
-1.0 1.0 
-1.0 1.0 
-1.0 0.560362527929905 16:1.0 
-1.0 1.0 
-0.20537493073946195 0.6954529897867132 8:1.0 
-0.44685699497580916 0.7855068882638965 20:1.0 52:1.0 
-1.0 1.0 
-0.533584932294739 0.4197260839601073 36:1.0 
-1.0 1.0 
-1.0 1.0 
-1.0 1.0 
-1.0 1.0 
-1.0 1.0 
-1.0 0.7852683445552993 51:1.0 
-1.0 1.0 
-1.0 1.0 
-1.0 1.0 13:1.0 
-0.20589883595110114 1.0 21:1.0 
-1.0 1.0 
-1.0 1.0 
-1.0 1.0 
-1.0 1.0 
-1.0 1.0 
-1.0 1.0 
-1.0 1.0 
-1.0 1.0 
-1.0 1.0 
-1.0 1.0 
-1.0 1.0 
-1.0 1.0 
-1.0 1.0 
-1.0 1.0 
-1.0 1.0 
-1.0 1.0 
-1.0 1.0 
-1.0 1.0 
-1.0 1.0 
-1.0 1.0 
-1.0 1.0 
-1.0 1.0 
-1.0 1.0 
-0.4506744931147485 0.4828471025141732 28:1.0 
-1.0 1.0 
-1.0 1.0 
-1.0 1.0 
-1.0 1.0 
-1.0 1.0 
-1.0 1.0 
-1.0 1.0 
-1.0 1.0 
-1.0 1.0 
-1.0 1.0 
-1.0 1.0 
-1.0 1.0 
-1.0 1.0 
-1.0 1.0 
-1.0 1.0 
-1.0 1.0 
-1.0 1.0 
-1.0 1.0 
-1.0 1.0 
-1.0 1.0 
-0.4459461879270572 0.9466523080461746 70:1.0 
-1.0 1.0 
-1.0 1.0 
-1.0 1.0 
-1.0 1.0 
-0.2097892967435493 1.0 44:1.0 
-1.0 1.0 
-1.0 1.0 
-0.0 0.3352962854598736 62:1.0 
-1.0 1.0 
-1.0 1.0 
-1.0 1.0 
-1.0 1.0 
-0.9498189420999925 1.0 29:1.0 57:1.0 
-1.0 1.0 
-1.0 1.0 
-1.0 1.0 
-1.0 1.0 
-1.0 1.0 
-1.0 1.0 
-1.0 1.0 
-1.0 1.0 
-1.0 1.0 
-1.0 1.0 
-1.0 1.0 
-1.0 1.0 
-1.0 1.0 
-1.0 1.0 
-0.0 0.8778336625869207 41:1.0 
-1.0 1.0 
-1.0 1.0 
-1.0 1.0 
-1.0 1.0 
-1.0 1.0 
-1.0 1.0 
-1.0 1.0 
-1.0 1.0 
-1.0 1.0 
-1.0 1.0 
-1.0 1.0 
-1.0 1.0 
-1.0 1.0 
-1.0 1.0 
-1.0 1.0 
-0.0 1.0 19:1.0 
-1.0 1.0 
-1.0 1.0 
-1.0 1.0 
-1.0 1.0 
-1.0 1.0 
-1.0 1.0 
-0.32680024280502135 0.30518728869739864 16:1.0 61:1.0 
-1.0 1.0 
-1.0 1.0 
-1.0 1.0 
-0.0 1.0 39:1.0 
-0.32541267382865074 0.7851474447171621 40:1.0 
-1.0 1.0 
-0.39311088481291623 0.911106065516279 39:1.0 42:1.0 
-1.0 1.0 
-1.0 1.0 
-1.0 1.0 
-0.4458366767750154 0.9988322490057103 48:1.0 
-0.8136120450164581 1.0 49:1.0 
-0.0 0.6728536280192596 34:1.0 
-1.0 1.0 
-1.0 1.0 
-1.0 1.0 
-1.0 1.0 
-1.0 1.0 
-1.0 1.0 
-1.0 0.9918213577427041 54:1.0 
-1.0 1.0 
-0.9950294320960731 0.9341903669224151 28:1.0 
-1.0 1.0 
-0.6695378312118113 1.0 39:1.0 
-1.0 1.0 
-0.3259035639719324 1.0 34:1.0 
-1.0 1.0 
-1.0 1.0 65:1.0 
-1.0 1.0 
-1.0 1.0 
-1.0 1.0 
-1.0 1.0 
-1.0 1.0 
-1.0 1.0 
-1.0 1.0 
-1.0 1.0 
-1.0 1.0 
-1.0 1.0 
-1.0 1.0 
-1.0 1.0 
-1.0 1.0 
-1.0 1.0 
-1.0 1.0 
-1.0 1.0 
-0.4383159460926711 0.40975336931939405 25:1.0 30:1.0 58:1.0 60:1.0 76:1.0 
-1.0 1.0 
-1.0 1.0 
-1.0 1.0 
-1.0 1.0 
-1.0 1.0 
-0.3286969900199941 0.7955753224886712 41:1.0 
-1.0 1.0 
-1.0 1.0 
-0.37291509821042435 0.3489173714754836 63:1.0 
-1.0 1.0 
-1.0 1.0 
-1.0 1.0 
-0.2091433621576064 0.19209656605906078 43:1.0 
-1.0 1.0 
-0.9974050077641422 0.9979406889689763 13:1.0 
-1.0 1.0 
-1.0 1.0 
-1.0 1.0 
-1.0 1.0 
-1.0 1.0 19:1.0 
-1.0 1.0 
-1.0 1.0 
-0.8142733270938026 1.0 23:1.0 
-1.0 1.0 
-1.0 1.0 
-1.0 1.0 
-1.0 1.0 
-1.0 1.0 
-1.0 1.0 
-1.0 1.0 
-1.0 1.0 
-1.0 1.0 
-1.0 1.0 
-1.0 1.0 
-1.0 1.0 
-0.5818803250453283 1.0 33:1.0 
-0.0 1.0 22:1.0 
-1.0 1.0 
-1.0 1.0 
-0.44566951418070094 1.0 6:1.0 
-1.0 1.0 
-1.0 1.0 
-1.0 1.0 
-1.0 1.0 
-1.0 1.0 
-1.0 1.0 
-0.9125764429362032 0.9976086724907895 36:1.0 
-1.0 1.0 
-1.0 1.0 
-1.0 1.0 
-1.0 1.0 
-0.3258563175817885 0.41770608822252686 45:1.0 
-1.0 0.0 42:1.0 
-1.0 1.0 
-0.3294489553968569 0.30489459594555995 12:1.0 
-1.0 1.0 
-1.0 1.0 
-1.0 1.0 
-1.0 1.0 
-1.0 1.0 19:1.0 
-1.0 1.0 
-1.0 1.0 
-1.0 1.0 
-1.0 1.0 
-1.0 1.0 
-1.0 1.0 
-1.0 1.0 
-0.205616110313038 0.049475266140685314 5:1.0 
-1.0 1.0 
-1.0 1.0 
-1.0 1.0 
-1.0 1.0 
-1.0 1.0 
-1.0 1.0 
-1.0 1.0 
-1.0 1.0 
-1.0 1.0 
-1.0 1.0 
-1.0 1.0 
-1.0 1.0 
-1.0 1.0 
-1.0 1.0 
-1.0 1.0 
-0.3268858882946316 0.3059737798532681 16:1.0 59:1.0 
-1.0 1.0 
-1.0 1.0 
-0.08498578364959142 0.07455277991429435 59:1.0 
-1.0 1.0 
-1.0 1.0 
-1.0 1.0 
-1.0 1.0 
-0.08504234626423482 0.8251489613899439 61:1.0 
-1.0 1.0 
-1.0 1.0 
-1.0 1.0 
-1.0 1.0 
-1.0 1.0 
-1.0 1.0 
-0.446392778817809 0.0 24:1.0 
-0.3254025692147063 0.6724783800620723 22:1.0 
-1.0 1.0 
-1.0 1.0 
-1.0 1.0 
-1.0 1.0 
-1.0 1.0 
-1.0 1.0 
-1.0 1.0 
-1.0 1.0 
-1.0 1.0 
-1.0 1.0 
-1.0 1.0 
-1.0 1.0 
-0.32674424587546563 1.0 21:1.0 61:1.0 
-1.0 1.0 
-1.0 1.0 
-1.0 1.0 
-1.0 1.0 
-1.0 1.0 
-1.0 1.0 
-1.0 1.0 
-1.0 1.0 
-1.0 1.0 
-1.0 1.0 
-1.0 1.0 
-1.0 1.0 
-1.0 1.0 
-1.0 1.0 
-1.0 1.0 
-1.0 1.0 
-1.0 1.0 
-1.0 1.0 
-0.8139997207578606 1.0 19:1.0 
-1.0 1.0 
-1.0 1.0 
-1.0 1.0 
-1.0 1.0 
-1.0 1.0 
-1.0 1.0 
-1.0 1.0 
-1.0 1.0 
-1.0 1.0 
-1.0 1.0 
-1.0 1.0 
-1.0 1.0 
-1.0 1.0 
-1.0 1.0 
-1.0 1.0 
-1.0 1.0 
-1.0 1.0 
-1.0 0.0 24:1.0 
-1.0 1.0 
-1.0 1.0 
-1.0 1.0 
-1.0 1.0 
-1.0 1.0 
-1.0 1.0 
-1.0 1.0 
-1.0 1.0 
-0.5377441494454985 0.5034869393189488 63:1.0 68:1.0 74:1.0 
-0.31735548641088734 0.3059237587015356 44:1.0 62:1.0 
-1.0 1.0 
-1.0 1.0 
-1.0 1.0 
-1.0 1.0 
-1.0 1.0 
-1.0 1.0 
-1.0 1.0 
-0.0 0.6428813736135275 11:1.0 
-0.28177186846840474 1.0 20:1.0 
-1.0 1.0 
-0.4118469154942264 0.3804737763926302 25:1.0 
-1.0 1.0 
-1.0 1.0 
-1.0 1.0 
-1.0 1.0 
-1.0 1.0 
-1.0 1.0 
-0.43805183082728893 0.4102482142611481 30:1.0 58:1.0 60:1.0 76:1.0 
-0.4457588154976114 0.7852215271151717 14:1.0 
-0.3016835333084576 0.30896203519012067 17:1.0 
-0.32677006140918424 0.3055748716060959 34:1.0 43:1.0 
-0.44570392521082164 1.0 35:1.0 
-1.0 1.0 
-1.0 1.0 
-1.0 1.0 
-1.0 0.4173644617506484 24:1.0 
-1.0 1.0 
-1.0 1.0 
-1.0 0.7228861668872699 37:1.0 
-1.0 1.0 
-0.2999415091153024 1.0 11:1.0 
-0.5549081572799485 1.0 
-0.0 1.0 
-0.0 0.2791477776805909 
-0.3260640317840425 1.0 64:1.0 
-0.0 -1.0 
-0.0 -1.0 
-0.0 -1.0 
-0.0 -1.0 
-0.0 -1.0 
-0.0 -1.0 
-0.0 -1.0 
-0.0 -1.0 20:1.0 
-0.0 -1.0 
-0.0 -1.0 
-0.0 -1.0 
-0.0 -1.0 
-0.0 -1.0 
-0.0 -1.0 
-0.0 -1.0 
-0.0 -1.0 
-1.0 -1.0 57:1.0 
-0.0 -1.0 
-0.0 -1.0 
-0.0 -1.0 
-0.0 -1.0 
-0.0 -1.0 
-0.0 -1.0 
-0.0 -1.0 
-0.0 -1.0 
-0.0 -1.0 48:1.0 
-0.0 -1.0 
-0.0 -1.0 
-0.0 -1.0 
-0.0 -1.0 
-0.0 -1.0 
-0.0 -1.0 
-0.0 -1.0 
-0.0 -1.0 
-0.7329755233858151 -1.0 7:1.0 
-0.0 -1.0 
-0.0 -1.0 
-0.0 -1.0 
-0.0 -1.0 
-0.0 -1.0 
-0.7305507219932437 -1.0 70:1.0 
-1.0 -1.0 14:1.0 16:1.0 
-0.0 -1.0 
-0.0 -1.0 
-0.0 -1.0 
-0.0 -1.0 
-0.0 -1.0 
-0.0 -1.0 
-0.0 -1.0 
-1.0 -1.0 36:1.0 
-0.0 -1.0 
-0.0 -1.0 
-0.0 -1.0 
-0.0 -1.0 
-1.0 -1.0 46:1.0 51:1.0 
-0.0 -1.0 
-0.0 -1.0 
-0.0 -1.0 
-0.0 -1.0 
-0.0 -1.0 21:1.0 
-0.0 -1.0 
-0.0 -1.0 
-0.0 -1.0 
-0.0 -1.0 
-0.0 -1.0 
-0.0 -1.0 
-0.0 -1.0 
-0.0 -1.0 
-0.0 -1.0 
-0.9981555290885699 -1.0 7:1.0 
-0.0 -1.0 
-0.0 -1.0 
-0.0 -1.0 
-0.0 -1.0 
-0.0 -1.0 
-0.0 -1.0 
-0.0 -1.0 
-0.0 -1.0 
-0.0 -1.0 
-0.0 -1.0 
-0.0 -1.0 
-0.0 -1.0 
-0.0 -1.0 
-0.0 -1.0 
-0.0 -1.0 
-0.0 -1.0 44:1.0 
-0.0 -1.0 
-0.0 -1.0 
-0.0 -1.0 
-0.0 -1.0 
-0.0 -1.0 39:1.0 
-0.0 -1.0 
-1.0 -1.0 9:1.0 
-0.0 -1.0 
-0.0 -1.0 
-0.0 -1.0 
-0.0 -1.0 
-1.0 -1.0 
-1.0 -1.0 
-0.6440115524342402 -1.0 8:1.0 22:1.0 26:1.0 
-1.0 -1.0 
-1.0 -1.0 
-1.0 -1.0 
-1.0 -1.0 
-1.0 -1.0 
-1.0 -1.0 
-1.0 -1.0 
-1.0 -1.0 
-1.0 -1.0 
-1.0 -1.0 
-1.0 -1.0 
-1.0 -1.0 8:1.0 17:1.0 42:1.0 
-1.0 -1.0 
-1.0 -1.0 
-1.0 -1.0 
-1.0 -1.0 
-0.0 -1.0 29:1.0 
-0.0 -1.0 56:1.0 
-0.731145423629469 -1.0 44:1.0 
-1.0 -1.0 
-1.0 -1.0 
-1.0 -1.0 13:1.0 
-1.0 -1.0 
-1.0 -1.0 
-1.0 -1.0 
-1.0 -1.0 
-1.0 -1.0 
-1.0 -1.0 
-1.0 -1.0 32:1.0 
-1.0 -1.0 
-1.0 -1.0 
-1.0 -1.0 
-1.0 -1.0 
-1.0 -1.0 
-0.0 -1.0 39:1.0 
-1.0 -1.0 
-1.0 -1.0 
-1.0 -1.0 
-1.0 -1.0 
-1.0 -1.0 34:1.0 46:1.0 
-1.0 -1.0 
-1.0 -1.0 
-1.0 -1.0 47:1.0 
-1.0 -1.0 
-1.0 -1.0 
-0.36265720898844345 -1.0 34:1.0 
-1.0 -1.0 
-1.0 -1.0 
-0.0 -1.0 56:1.0 
-1.0 -1.0 
-1.0 -1.0 
-1.0 -1.0 
-1.0 -1.0 
-1.0 -1.0 
-1.0 -1.0 
-1.0 -1.0 
-1.0 -1.0 
-1.0 -1.0 
-1.0 -1.0 
-1.0 -1.0 
-1.0 -1.0 
-1.0 -1.0 
-1.0 -1.0 
-1.0 -1.0 
-1.0 -1.0 
-1.0 -1.0 
-1.0 -1.0 
-0.5342225804917827 -1.0 26:1.0 
-1.0 -1.0 
-1.0 -1.0 
-0.10039068243623839 -1.0 27:1.0 54:1.0 72:1.0 
-1.0 -1.0 
-0.0 -1.0 19:1.0 
-1.0 -1.0 
-1.0 -1.0 
-1.0 -1.0 
-1.0 -1.0 
-0.730850567198141 -1.0 35:1.0 
-1.0 -1.0 
-1.0 -1.0 
-1.0 -1.0 
-1.0 -1.0 
-1.0 -1.0 
-1.0 -1.0 
-0.09889740138562493 -1.0 19:1.0 
-1.0 -1.0 
-1.0 -1.0 
-1.0 -1.0 
-1.0 -1.0 
-1.0 -1.0 
-0.0 -1.0 21:1.0 
-1.0 -1.0 
-1.0 -1.0 
-1.0 -1.0 
-1.0 -1.0 
-1.0 -1.0 
-1.0 -1.0 
-1.0 -1.0 
-0.0 -1.0 63:1.0 68:1.0 74:1.0 
-0.9017368463110228 -1.0 39:1.0 
-0.0 -1.0 20:1.0 
-1.0 -1.0 
-1.0 -1.0 
-0.7308657348363818 -1.0 61:1.0 
-1.0 -1.0 
-0.136886906657754 -1.0 49:1.0 
-1.0 -1.0 
-1.0 -1.0 
-0.0 -1.0 29:1.0 
-1.0 -1.0 
-1.0 -1.0 
-1.0 -1.0 
-1.0 -1.0 
-1.0 -0.9326796955664283 18:1.0 
-1.0 -1.0 
-0.5348658632886832 -1.0 62:1.0 64:1.0 
-1.0 -1.0 
-1.0 -1.0 
-1.0 -1.0 
-1.0 -1.0 
-1.0 -1.0 
-1.0 -1.0 
-1.0 -1.0 
-1.0 -1.0 
-1.0 -1.0 
-1.0 -1.0 
-1.0 -1.0 
-1.0 -1.0 
-1.0 -1.0 
-1.0 -1.0 
-1.0 -1.0 
-1.0 -1.0 
-1.0 -1.0 
-1.0 -1.0 65:1.0 
-1.0 -1.0 
-1.0 -1.0 
-1.0 -1.0 
-1.0 -1.0 
-1.0 -1.0 
-0.3634004962740543 -1.0 41:1.0 
-1.0 -1.0 
-1.0 -1.0 
-1.0 -1.0 
-1.0 -1.0 
-1.0 -1.0 
-1.0 -1.0 
-1.0 -1.0 
-1.0 -1.0 
-1.0 -1.0 
-0.5348546168386059 -1.0 39:1.0 64:1.0 
-1.0 -1.0 
-1.0 -1.0 
-1.0 -1.0 
-1.0 -1.0 
-1.0 -1.0 
-0.8663019527999453 -1.0 8:1.0 57:1.0 
-1.0 -1.0 49:1.0 
-1.0 -1.0 
-0.5338497326623837 -1.0 56:1.0 
-1.0 -1.0 
-1.0 -1.0 
-1.0 -1.0 
-1.0 -1.0 
-1.0 -1.0 
-1.0 -1.0 
-1.0 -1.0 
-1.0 -1.0 
-0.0 -0.5280455864825009 1:1.0 
-1.0 -1.0 
-1.0 -1.0 
-1.0 -1.0 
-1.0 -1.0 
-1.0 -1.0 
-1.0 -1.0 
-1.0 -1.0 
-1.0 -1.0 
-1.0 -1.0 
-1.0 -1.0 
-1.0 -1.0 
-1.0 -1.0 
-1.0 -1.0 
-1.0 -1.0 
-1.0 -1.0 
-1.0 -1.0 
-1.0 -1.0 
-1.0 -1.0 
-1.0 -1.0 
-0.0 -1.0 62:1.0 
-1.0 -1.0 
-1.0 -1.0 
-1.0 -1.0 
-1.0 -1.0 
-1.0 -1.0 
-1.0 -1.0 
-0.7310491815920929 -1.0 15:1.0 
-1.0 -1.0 
-1.0 -1.0 
-1.0 -1.0 
-0.0 -1.0 62:1.0 
-1.0 -1.0 
-1.0 -1.0 
-1.0 -1.0 
-1.0 -1.0 
-1.0 -1.0 
-1.0 -1.0 
-1.0 -1.0 
-1.0 -1.0 
-1.0 -1.0 
-1.0 -1.0 
-0.0 -0.9258756340380726 53:1.0 
-1.0 -1.0 67:1.0 
-1.0 -1.0 28:1.0 
-0.7309495899508466 -1.0 20:1.0 
-1.0 -1.0 
-0.9621077610140386 -1.0 49:1.0 
-0.5343132299353882 -1.0 22:1.0 
-1.0 -1.0 
-1.0 -1.0 
-1.0 -1.0 
-1.0 -1.0 
-1.0 -1.0 
-1.0 -1.0 
-1.0 -1.0 
-0.7310039281953377 -1.0 21:1.0 
-1.0 -1.0 
-1.0 -1.0 
-1.0 -1.0 
-1.0 -1.0 
-1.0 -1.0 
-1.0 -1.0 
-1.0 -1.0 
-1.0 -1.0 
-0.1658411291572264 -1.0 1:1.0 
-1.0 -1.0 
-0.5350773196614198 -1.0 1:1.0 56:1.0 
-1.0 -1.0 
-1.0 -1.0 
-1.0 -1.0 
-1.0 -1.0 
-1.0 -1.0 
-1.0 -1.0 
-1.0 -1.0 
-1.0 -1.0 
-1.0 -1.0 
-1.0 -1.0 
-1.0 -1.0 
-1.0 -1.0 
-1.0 -1.0 
-1.0 -1.0 
-1.0 -1.0 
-0.9787153179018042 -1.0 27:1.0 54:1.0 72:1.0 
-1.0 -1.0 
-1.0 -1.0 
-1.0 -1.0 
-1.0 -1.0 
-1.0 -1.0 46:1.0 
-0.9523651763623917 -1.0 63:1.0 68:1.0 74:1.0 
-1.0 -1.0 
-1.0 -1.0 
-1.0 -1.0 
-1.0 -1.0 
-1.0 -1.0 
-1.0 -1.0 
-1.0 -1.0 
-1.0 -1.0 19:1.0 
-1.0 -1.0 2:1.0 55:1.0 67:1.0 
-1.0 -1.0 
-1.0 -1.0 
-1.0 -1.0 
-1.0 -1.0 
-0.2981612880771865 -1.0 22:1.0 26:1.0 
-1.0 -1.0 
-1.0 -1.0 41:1.0 67:1.0 
-1.0 -1.0 32:1.0 
-1.0 -1.0 
-1.0 -1.0 56:1.0 
-1.0 -1.0 
-1.0 -1.0 
-1.0 -1.0 
-1.0 -1.0 
-1.0 -1.0 
-1.0 -1.0 
-1.0 -1.0 
-1.0 -1.0 
-1.0 -1.0 
-1.0 -1.0 54:1.0 
-1.0 -1.0 
-1.0 -1.0 
-1.0 -1.0 
-1.0 -1.0 
-1.0 -1.0 
-1.0 -1.0 
-1.0 -1.0 
-1.0 -1.0 
-1.0 -1.0 
-1.0 -1.0 
-1.0 -1.0 
-1.0 -1.0 
-1.0 -1.0 5:1.0 37:1.0 
-1.0 -1.0 
-1.0 -1.0 
-0.0 -1.0 53:1.0 
-1.0 -1.0 1:1.0 10:1.0 
-1.0 -1.0 
-0.7309937489067088 -1.0 6:1.0 
-0.8063837448050444 -1.0 40:1.0 45:1.0 
-1.0 -1.0 
-1.0 -1.0 
-1.0 -1.0 
-1.0 -1.0 
-1.0 -1.0 
-1.0 -1.0 
-1.0 -1.0 
-1.0 -1.0 
-1.0 -1.0 
-1.0 -1.0 
-1.0 -1.0 
-1.0 -1.0 
-1.0 -1.0 
-1.0 -1.0 
-0.5023959699137512 -1.0 11:1.0 
-1.0 -1.0 
-1.0 -1.0 
-1.0 -1.0 
-1.0 -1.0 
-1.0 -1.0 
-1.0 -1.0 
-1.0 -1.0 
-1.0 -1.0 
-1.0 -1.0 
-1.0 -1.0 13:1.0 
-1.0 -1.0 
-1.0 -1.0 
-1.0 -1.0 
-1.0 -1.0 
-1.0 -1.0 
-1.0 -1.0 19:1.0 
-1.0 -1.0 
-1.0 -1.0 
-1.0 -1.0 
-1.0 -1.0 
-1.0 -1.0 
-1.0 -1.0 
-1.0 -1.0 31:1.0 
-1.0 -1.0 
-1.0 -1.0 
-1.0 -1.0 
-1.0 -1.0 
-1.0 -1.0 
-1.0 -1.0 
-1.0 -1.0 
-1.0 -1.0 
-1.0 -1.0 
-1.0 -1.0 
-1.0 -1.0 
-0.0 -1.0 29:1.0 
-1.0 -1.0 
-1.0 -1.0 
-1.0 -1.0 
-1.0 -1.0 
-1.0 -1.0 16:1.0 
-1.0 -1.0 
-0.33759150068396293 -1.0 64:1.0 
-1.0 -1.0 
-1.0 -1.0 
-1.0 -1.0 
-1.0 -1.0 
-1.0 -1.0 
-1.0 -1.0 
-1.0 -1.0 
-1.0 -1.0 19:1.0 
-1.0 -1.0 
-1.0 -1.0 
-1.0 -1.0 
-1.0 -1.0 
-1.0 -1.0 
-1.0 -1.0 
-1.0 -1.0 
-1.0 -1.0 
-1.0 -1.0 
-1.0 -1.0 
-1.0 -1.0 
-1.0 -1.0 
-1.0 -1.0 
-1.0 -1.0 
-1.0 -1.0 
-1.0 -1.0 
-1.0 -1.0 
-1.0 -1.0 
-0.7310503662197814 -1.0 48:1.0 
-1.0 -1.0 
-1.0 -1.0 
-1.0 -1.0 
-1.0 -1.0 
-1.0 -1.0 
-1.0 -1.0 
-0.7307789837621593 -1.0 29:1.0 
-1.0 -1.0 
-0.8663844620072164 -1.0 33:1.0 
-1.0 -1.0 
-1.0 -1.0 
-1.0 -1.0 
-1.0 -1.0 
-1.0 -1.0 
-0.18981322914974727 -1.0 8:1.0 
-1.0 -0.962940439688092 18:1.0 
-1.0 -1.0 
-1.0 -1.0 
-1.0 -1.0 
-1.0 -1.0 
-0.0 -1.0 53:1.0 
-1.0 -1.0 
-0.5342370195652536 -1.0 62:1.0 
-0.7313364603041813 -0.9993516006960577 53:1.0 
-1.0 -1.0 27:1.0 38:1.0 50:1.0 54:1.0 69:1.0 71:1.0 72:1.0 73:1.0 75:1.0 
-1.0 -1.0 
-0.6220583022654518 -1.0 11:1.0 40:1.0 
-1.0 -1.0 
-1.0 -1.0 
-1.0 -1.0 
-1.0 -1.0 
-1.0 -1.0 
-1.0 -1.0 23:1.0 
-1.0 -1.0 
-1.0 -1.0 
-1.0 -1.0 
-1.0 -1.0 
-1.0 -1.0 
-1.0 -1.0 
-0.1713307560690487 -1.0 
-0.0 -1.0 
-0.0 -1.0 
