svm_type c_svc
kernel_type rbf
gamma 1.0
nr_class 3
total_sv 1514
rho 0.29689240741828543 -0.04212869023396543 -0.26136921075060426
label 2 0 1
nr_sv 409 573 532
SV
100.0 100.0 
100.0 100.0 
100.0 100.0 
100.0 100.0 
1.314975659230927 1.1337063310600175 2:1.0 32:1.0 
100.0 100.0 
100.0 100.0 
100.0 100.0 
100.0 100.0 
100.0 100.0 
100.0 100.0 
100.0 100.0 
100.0 100.0 
100.0 100.0 
1.1451993105259004 1.6850536183808988 33:1.0 46:1.0 51:1.0 
100.0 100.0 
100.0 100.0 
100.0 100.0 
100.0 100.0 
100.0 100.0 
100.0 100.0 
100.0 0.0 24:1.0 
100.0 100.0 
100.0 100.0 
100.0 100.0 
100.0 100.0 
100.0 100.0 
100.0 100.0 
100.0 100.0 
100.0 100.0 
100.0 100.0 
100.0 100.0 
100.0 100.0 
100.0 100.0 
100.0 100.0 
100.0 100.0 
100.0 100.0 
100.0 100.0 
100.0 100.0 
100.0 100.0 
100.0 100.0 
1.3017158843224208 0.9119084829806634 50:1.0 54:1.0 66:1.0 69:1.0 73:1.0 75:1.0 
100.0 100.0 
100.0 100.0 
100.0 100.0 
100.0 100.0 
100.0 100.0 
100.0 100.0 
100.0 100.0 
100.0 100.0 
100.0 100.0 
100.0 100.0 
100.0 100.0 
100.0 100.0 
100.0 100.0 
100.0 100.0 
100.0 100.0 
100.0 100.0 
100.0 1.583313248098124 23:1.0 
100.0 100.0 
100.0 100.0 
100.0 100.0 
100.0 100.0 
100.0 100.0 13:1.0 
100.0 100.0 32:1.0 
100.0 100.0 
100.0 100.0 
0.0 0.958977838266781 27:1.0 38:1.0 50:1.0 54:1.0 69:1.0 71:1.0 72:1.0 73:1.0 75:1.0 
0.9448746515743492 0.14940219759918455 9:1.0 66:1.0 
100.0 100.0 
100.0 100.0 
100.0 100.0 
1.547597573950548 1.7185129884791726 9:1.0 
100.0 100.0 
100.0 100.0 7:1.0 
100.0 100.0 
100.0 100.0 
100.0 100.0 
100.0 100.0 
100.0 100.0 
100.0 100.0 
100.0 100.0 
100.0 100.0 
100.0 100.0 
100.0 100.0 
100.0 100.0 
100.0 100.0 
0.33088658185738645 0.1492135737092634 10:1.0 46:1.0 
1.4195883680650698 99.99327663339456 27:1.0 38:1.0 50:1.0 54:1.0 69:1.0 71:1.0 72:1.0 73:1.0 75:1.0 
100.0 100.0 
1.7993994469566437 1.7703045568025328 55:1.0 
100.0 100.0 
100.0 100.0 
2.0064726591709174 0.0 37:1.0 
100.0 100.0 
100.0 100.0 
100.0 100.0 
100.0 100.0 
100.0 100.0 
100.0 100.0 
100.0 100.0 
100.0 100.0 
100.0 99.91346177628856 23:1.0 
100.0 100.0 
100.0 100.0 
100.0 100.0 
100.0 100.0 
100.0 100.0 
100.0 100.0 
100.0 100.0 
100.0 0.0 42:1.0 
100.0 100.0 
100.0 100.0 
100.0 100.0 
100.0 100.0 
100.0 1.4900293534672244 66:1.0 
100.0 100.0 
100.0 100.0 
100.0 100.0 
100.0 100.0 
100.0 100.0 
100.0 100.0 
100.0 100.0 
100.0 100.0 
100.0 100.0 
100.0 100.0 
100.0 100.0 
100.0 100.0 
100.0 100.0 
100.0 100.0 
100.0 100.0 
100.0 100.0 
100.0 100.0 
100.0 100.0 
100.0 100.0 
100.0 100.0 
100.0 100.0 
100.0 100.0 28:1.0 
100.0 100.0 
100.0 100.0 
100.0 100.0 
100.0 100.0 
100.0 100.0 
100.0 100.0 
100.0 100.0 
100.0 100.0 
100.0 100.0 
100.0 100.0 
100.0 100.0 
100.0 100.0 
100.0 100.0 
100.0 100.0 
100.0 100.0 
100.0 100.0 19:1.0 
100.0 100.0 65:1.0 
0.0 2.522290854567468 67:1.0 
100.0 100.0 
99.90402243178637 99.77840329161147 9:1.0 
100.0 100.0 
100.0 100.0 
0.0 100.0 18:1.0 
100.0 0.0 52:1.0 
1.7991648611305706 99.81486106582614 67:1.0 
2.2987701457898844 2.11801395239385 19:1.0 39:1.0 
100.0 100.0 
100.0 100.0 
100.0 100.0 56:1.0 
100.0 100.0 
100.0 100.0 
100.0 1.551961614301011 24:1.0 
100.0 100.0 
100.0 100.0 
100.0 100.0 
100.0 100.0 
1.8014125292455863 1.560320993690014 31:1.0 
100.0 100.0 
100.0 100.0 
100.0 100.0 
100.0 100.0 
1.320568689424827 0.8299931750555165 16:1.0 50:1.0 54:1.0 75:1.0 
100.0 100.0 
100.0 100.0 
100.0 100.0 
100.0 100.0 
100.0 100.0 
100.0 100.0 
100.0 100.0 
100.0 100.0 
100.0 100.0 
100.0 100.0 
100.0 100.0 
100.0 100.0 
100.0 100.0 
100.0 100.0 
100.0 2.312261379039168 16:1.0 
100.0 100.0 
100.0 100.0 
100.0 100.0 
100.0 100.0 
100.0 100.0 
100.0 100.0 
100.0 100.0 
100.0 100.0 
100.0 2.4258105600285638 51:1.0 
100.0 100.0 
100.0 1.8083085691743908 54:1.0 
100.0 100.0 
1.6779688404869173 2.0627856809755594 10:1.0 
100.0 100.0 
100.0 100.0 
100.0 100.0 
100.0 100.0 
100.0 99.79169859738398 16:1.0 
100.0 100.0 
100.0 100.0 
1.39882324241309 0.0 2:1.0 
100.0 100.0 
100.0 100.0 
100.0 100.0 
100.0 100.0 
1.8162574153721338 100.0 57:1.0 
100.0 100.0 
100.0 100.0 
100.0 100.0 
100.0 100.0 
100.0 100.0 
100.0 100.0 
100.0 100.0 13:1.0 
100.0 100.0 
1.2076799024070686 0.8465176276726398 37:1.0 38:1.0 69:1.0 71:1.0 
100.0 100.0 
100.0 100.0 
1.885744303102402 1.502628582886928 69:1.0 
1.3147453353039285 1.6852360498172863 49:1.0 57:1.0 
100.0 100.0 
100.0 100.0 
100.0 100.0 
100.0 99.85723846416188 54:1.0 
100.0 100.0 
100.0 100.0 49:1.0 
100.0 100.0 
100.0 100.0 
100.0 100.0 
100.0 100.0 
100.0 100.0 
100.0 100.0 19:1.0 
100.0 100.0 
100.0 100.0 
100.0 100.0 
100.0 100.0 
100.0 100.0 
100.0 100.0 
100.0 100.0 
99.88587825751074 2.1028873805231623 37:1.0 
100.0 100.0 
100.0 100.0 
100.0 100.0 
100.0 100.0 
100.0 100.0 
100.0 100.0 
100.0 100.0 
100.0 1.7031182731986068 42:1.0 
100.0 100.0 
100.0 100.0 
100.0 100.0 
100.0 100.0 
100.0 100.0 
100.0 100.0 
100.0 100.0 
100.0 100.0 
100.0 100.0 
100.0 100.0 
100.0 100.0 
100.0 100.0 
1.8164528193782934 1.568605806293654 47:1.0 
100.0 100.0 
100.0 100.0 
100.0 100.0 
100.0 100.0 
100.0 100.0 
100.0 100.0 
100.0 100.0 
100.0 100.0 
100.0 100.0 
100.0 100.0 
100.0 100.0 
100.0 100.0 
99.98299058567797 99.9827556058078 47:1.0 
100.0 100.0 
100.0 100.0 
0.0 3.0379512965241915 46:1.0 
100.0 100.0 
100.0 100.0 
100.0 100.0 
100.0 100.0 
100.0 100.0 
1.7424098617894965 0.14948002502927044 23:1.0 51:1.0 
100.0 100.0 
100.0 100.0 
100.0 100.0 
100.0 100.0 
100.0 100.0 
100.0 100.0 
100.0 100.0 
100.0 100.0 
100.0 100.0 
100.0 100.0 
100.0 100.0 
99.9165748405862 1.3532776106521536 2:1.0 
100.0 100.0 
100.0 100.0 
100.0 100.0 
100.0 100.0 
100.0 100.0 
100.0 100.0 
100.0 100.0 
100.0 100.0 
100.0 100.0 
100.0 100.0 
100.0 100.0 
100.0 100.0 
100.0 100.0 
100.0 100.0 
100.0 1.5512914816376566 52:1.0 
100.0 100.0 
100.0 100.0 
100.0 100.0 
100.0 100.0 
100.0 100.0 
100.0 100.0 
1.5222948832660281 99.95469049523899 46:1.0 
100.0 100.0 
100.0 100.0 
100.0 100.0 
100.0 100.0 
100.0 100.0 
100.0 100.0 
100.0 100.0 
100.0 100.0 
100.0 100.0 
100.0 100.0 
100.0 100.0 
100.0 100.0 
100.0 100.0 
100.0 100.0 
100.0 100.0 
100.0 100.0 
100.0 100.0 
100.0 100.0 
100.0 100.0 
100.0 100.0 
100.0 100.0 
100.0 100.0 
100.0 100.0 
100.0 100.0 
100.0 100.0 
100.0 100.0 
100.0 100.0 
100.0 100.0 
99.99822404224777 99.99109529606326 31:1.0 
100.0 100.0 
100.0 100.0 
100.0 100.0 
100.0 100.0 
100.0 100.0 
100.0 100.0 
100.0 100.0 
100.0 100.0 
1.3144023791960775 0.6999466701918896 3:1.0 18:1.0 
100.0 100.0 
100.0 100.0 
100.0 100.0 
100.0 100.0 
100.0 100.0 
100.0 100.0 
100.0 100.0 
100.0 100.0 
100.0 100.0 
100.0 100.0 
100.0 100.0 
100.0 100.0 
100.0 100.0 
100.0 100.0 
100.0 100.0 
100.0 100.0 
100.0 1.2936395986642908 3:1.0 
100.0 100.0 
100.0 100.0 
100.0 100.0 
100.0 100.0 
100.0 100.0 
100.0 100.0 
100.0 100.0 36:1.0 
100.0 100.0 
1.3156971916077218 100.0 18:1.0 
100.0 100.0 
100.0 100.0 
100.0 100.0 
100.0 100.0 
100.0 100.0 
100.0 100.0 
100.0 100.0 
100.0 100.0 
100.0 100.0 
100.0 100.0 
100.0 100.0 
100.0 100.0 
100.0 100.0 
100.0 100.0 
-0.18583914638004212 100.0 56:1.0 
-1.0103973187600905 100.0 32:1.0 
-0.3762969256966421 0.3955012481374172 11:1.0 44:1.0 
-0.5137964612904041 0.5400691767433436 4:1.0 
-0.0 1.3593823350573002 62:1.0 
-0.5739713049752895 100.0 7:1.0 
-0.0 100.0 53:1.0 
-0.5141953103403571 100.0 1:1.0 56:1.0 
-0.0 100.0 27:1.0 54:1.0 72:1.0 
-100.0 0.0 52:1.0 
-100.0 0.0 42:1.0 
-0.0 1.0550641552132975 63:1.0 68:1.0 74:1.0 
-1.1306800325174948 0.5957976169786106 37:1.0 65:1.0 69:1.0 
-0.40360450468045994 0.46061740270486723 65:1.0 
-0.681778633527998 100.0 27:1.0 54:1.0 72:1.0 
-100.0 0.540154505175919 66:1.0 
-100.0 0.5380096082757033 54:1.0 
-100.0 100.0 31:1.0 
-0.0 100.0 29:1.0 
-0.30281153094773594 0.0 16:1.0 
-100.0 100.0 9:1.0 
-0.0 0.39437570383946663 15:1.0 
-0.3659643175703319 0.3952829801428286 43:1.0 62:1.0 
-0.37618822562571114 0.8713814778317523 8:1.0 22:1.0 
-100.0 0.7014295712775629 2:1.0 
-0.5720721027252551 0.5398626122664585 13:1.0 
-0.0 100.0 19:1.0 
-0.0 1.066413013122627 8:1.0 
-0.0 100.0 20:1.0 
-100.0 100.0 56:1.0 
-0.0 1.7134581884444755 64:1.0 
-0.3656152738836883 0.39494077786825543 12:1.0 62:1.0 
-0.013139402193664003 100.0 29:1.0 
-0.5136630661173277 100.0 26:1.0 
-1.4196265968837267 0.0 23:1.0 
-0.0 0.24867707232634106 44:1.0 
-100.0 100.0 47:1.0 
-100.0 0.0320849045014725 52:1.0 
-0.37664797239050485 1.3788651585204457 5:1.0 21:1.0 
-0.0 3.372732728414748 
-0.0 100.0 
-0.3749301638249044 100.0 15:1.0 
-0.0 100.0 
-0.0 100.0 
-0.0 100.0 
-0.0 100.0 
-0.0 100.0 
-0.0 100.0 
-0.0 100.0 
-0.0 100.0 
-0.0 100.0 
-0.0 100.0 
-0.0 100.0 
-0.0 100.0 
-0.0 100.0 
-0.0 100.0 
-0.0 100.0 44:1.0 
-0.0 100.0 
-0.0 100.0 
-0.0 100.0 
-0.0 100.0 
-0.0 100.0 
-0.0 100.0 
-0.0 100.0 
-0.0 100.0 
-0.0 100.0 49:1.0 
-0.0 100.0 
-0.0 100.0 62:1.0 
-0.0 100.0 
-0.0 100.0 
-100.0 1.0874617774840976 16:1.0 
-0.3762967569916075 1.379132567965501 5:1.0 56:1.0 
-0.0 100.0 
-0.37636269363654695 0.3953907727083234 8:1.0 61:1.0 
-0.37617655719908566 100.0 40:1.0 45:1.0 
-0.0 100.0 
-0.0 100.0 
-100.0 0.5398471897575987 23:1.0 
-0.0 100.0 
-0.0 100.0 
-0.0 100.0 63:1.0 68:1.0 74:1.0 
-0.0 100.0 
-0.0 100.0 
-0.0 100.0 
-0.0 100.0 
-0.0 100.0 
-0.0 100.0 
-0.0 100.0 
-99.9398254729777 100.0 7:1.0 
-0.0 100.0 
-0.0 100.0 
-0.0 100.0 
-0.0 100.0 
-0.9798502402984604 0.9239705586653506 38:1.0 50:1.0 54:1.0 69:1.0 71:1.0 73:1.0 75:1.0 
-0.0 100.0 
-0.3662225826132847 0.3953705838758967 41:1.0 62:1.0 
-0.0 100.0 
-0.0 100.0 
-0.0 100.0 
-0.0 100.0 
-0.0 100.0 
-0.0 100.0 
-0.0 100.0 
-0.0 0.5401507049154675 48:1.0 
-0.967084763424885 0.0 3:1.0 
-0.0 100.0 
-0.0 100.0 
-0.0 100.0 
-0.0 100.0 
-0.0 100.0 
-0.4834013015060145 100.0 53:1.0 
-0.0 100.0 
-0.0 100.0 
-0.0 100.0 
-0.0 100.0 
-0.0 100.0 
-0.0 100.0 
-0.0 100.0 62:1.0 
-0.0 100.0 
-0.0 100.0 
-0.0 100.0 
-0.0 100.0 
-0.0 100.0 
-0.0 100.0 
-0.0 100.0 
-0.0 100.0 
-0.0 100.0 
-0.0 100.0 
-0.0 100.0 
-0.0 100.0 
-0.0 100.0 
-0.0 100.0 
-0.0 100.0 
-0.0 100.0 
-0.0 100.0 
-0.0 100.0 
-0.0 100.0 
-0.0 100.0 
-0.0 100.0 
-0.0 100.0 
-0.0 100.0 
-0.0 100.0 
-0.0 100.0 
-0.0 100.0 
-0.0 100.0 
-0.0 100.0 
-6.062215939644597 100.0 
-100.0 100.0 
-100.0 100.0 
-100.0 100.0 
-100.0 100.0 
-100.0 100.0 
-100.0 100.0 
-100.0 100.0 
-100.0 100.0 
-100.0 100.0 
-100.0 100.0 
-0.6073330739775016 0.7384746294748926 3:1.0 11:1.0 25:1.0 53:1.0 
-100.0 100.0 
-100.0 100.0 
-100.0 100.0 
-100.0 100.0 
-100.0 100.0 
-100.0 100.0 
-0.0 0.5400305900494308 6:1.0 
-100.0 100.0 
-100.0 100.0 
-100.0 100.0 
-100.0 100.0 
-100.0 100.0 
-100.0 100.0 
-100.0 100.0 
-100.0 100.0 
-100.0 100.0 
-100.0 100.0 
-100.0 100.0 
-0.0 0.5889639058078907 70:1.0 
-100.0 100.0 
-100.0 100.0 
-99.98737660244346 100.0 32:1.0 
-100.0 100.0 
-100.0 100.0 
-100.0 100.0 
-100.0 100.0 
-100.0 100.0 
-100.0 100.0 
-100.0 100.0 
-0.4526949983875415 1.0507617563310019 17:1.0 42:1.0 
-100.0 100.0 
-100.0 100.0 
-100.0 100.0 
-100.0 100.0 
-0.0 100.0 48:1.0 
-100.0 100.0 
-100.0 100.0 
-100.0 100.0 
-1.1828562426307105 100.0 49:1.0 
-100.0 100.0 
-100.0 100.0 
-100.0 100.0 
-100.0 100.0 
-100.0 100.0 
-100.0 100.0 
-0.0 0.551389959519571 35:1.0 
-0.0 0.5399389901008008 33:1.0 
-100.0 100.0 
-100.0 100.0 
-100.0 100.0 
-100.0 100.0 
-100.0 0.5031016496923022 3:1.0 
-0.37603023939794183 0.3953002147528651 59:1.0 64:1.0 
-100.0 100.0 
-100.0 100.0 
-100.0 100.0 
-100.0 100.0 
-100.0 100.0 
-100.0 100.0 
-0.3766869744661614 0.3955213050971833 15:1.0 59:1.0 
-100.0 100.0 
-100.0 100.0 
-100.0 100.0 16:1.0 
-100.0 100.0 
-0.2370229425218029 99.91363012344051 8:1.0 
-0.5142201722019074 1.3794355375276326 20:1.0 52:1.0 
-100.0 100.0 
-0.5133424474632202 0.539800623921961 36:1.0 
-100.0 100.0 
-100.0 100.0 
-100.0 100.0 
-100.0 100.0 
-100.0 100.0 
-100.0 1.0161209533423392 51:1.0 
-100.0 100.0 
-100.0 100.0 
-100.0 100.0 13:1.0 
-0.23682399658314213 100.0 21:1.0 
-100.0 100.0 
-100.0 100.0 
-100.0 100.0 
-100.0 100.0 
-100.0 100.0 
-100.0 100.0 
-100.0 100.0 
-100.0 100.0 
-100.0 100.0 
-100.0 100.0 
-100.0 100.0 
-100.0 100.0 
-100.0 100.0 
-100.0 100.0 
-100.0 100.0 
-100.0 100.0 
-100.0 100.0 
-100.0 100.0 
-100.0 100.0 
-100.0 100.0 
-100.0 100.0 
-100.0 100.0 
-100.0 100.0 
-0.568550696794325 0.5773523711499415 28:1.0 
-100.0 100.0 
-100.0 100.0 
-100.0 100.0 
-100.0 100.0 
-100.0 100.0 
-100.0 100.0 
-100.0 100.0 
-100.0 100.0 
-100.0 100.0 
-100.0 100.0 
-100.0 100.0 
-100.0 100.0 
-100.0 100.0 
-100.0 100.0 
-100.0 100.0 
-100.0 100.0 
-100.0 100.0 
-100.0 100.0 
-100.0 100.0 
-100.0 100.0 
-0.513696501150804 99.95086754316286 70:1.0 
-100.0 100.0 
-100.0 100.0 
-100.0 100.0 
-100.0 100.0 
-0.2412810047999206 100.0 44:1.0 
-100.0 100.0 
-100.0 100.0 
-0.0 99.4376168138091 62:1.0 
-100.0 100.0 
-100.0 100.0 
-100.0 100.0 
-100.0 100.0 
-1.3603228905820823 2.363413630445017 29:1.0 57:1.0 
-100.0 100.0 
-100.0 100.0 
-100.0 100.0 
-100.0 100.0 
-100.0 100.0 
-100.0 100.0 
-100.0 100.0 
-100.0 100.0 
-100.0 100.0 
-100.0 100.0 
-100.0 100.0 
-100.0 100.0 
-100.0 100.0 
-100.0 100.0 
-0.0 0.8707587441693171 41:1.0 
-100.0 100.0 
-100.0 100.0 
-100.0 100.0 
-100.0 100.0 
-100.0 100.0 
-100.0 100.0 
-100.0 100.0 
-100.0 100.0 
-100.0 100.0 
-100.0 100.0 
-100.0 100.0 
-100.0 100.0 
-100.0 100.0 
-100.0 100.0 
-100.0 100.0 
-0.0 100.0 19:1.0 
-100.0 100.0 
-100.0 100.0 
-100.0 100.0 
-100.0 100.0 
-100.0 100.0 
-100.0 100.0 
-0.376085921596103 0.3950670895353892 16:1.0 61:1.0 
-100.0 100.0 
-100.0 100.0 
-100.0 100.0 
-0.0 100.0 39:1.0 
-0.3754634696972293 1.3790065757127536 40:1.0 
-100.0 100.0 
-0.4531298681422845 1.3425565504527184 39:1.0 42:1.0 
-100.0 100.0 
-100.0 100.0 
-100.0 100.0 
-0.513687315228122 100.0 48:1.0 
-99.81511385744558 100.0 49:1.0 
-0.0 0.8712211930718887 34:1.0 
-100.0 100.0 
-100.0 100.0 
-100.0 100.0 
-100.0 100.0 
-100.0 100.0 
-100.0 100.0 
-100.0 100.0 54:1.0 
-100.0 100.0 
-99.94504329254329 99.96252135575878 28:1.0 
-100.0 100.0 
-1.192672992654176 100.0 39:1.0 
-100.0 100.0 
-0.37540489029952684 100.0 34:1.0 
-100.0 100.0 
-99.95692534437194 99.99836002538183 65:1.0 
-100.0 100.0 
-100.0 100.0 
-100.0 100.0 
-100.0 100.0 
-100.0 100.0 
-100.0 100.0 
-100.0 100.0 
-100.0 100.0 
-100.0 100.0 
-100.0 100.0 
-100.0 100.0 
-100.0 100.0 
-100.0 100.0 
-100.0 100.0 
-100.0 100.0 
-100.0 100.0 
-0.5042818691285194 0.5300763867892717 25:1.0 30:1.0 58:1.0 60:1.0 76:1.0 
-100.0 100.0 
-100.0 100.0 
-100.0 100.0 
-100.0 100.0 
-100.0 100.0 
-0.37858409448825153 100.0 41:1.0 
-100.0 100.0 
-100.0 100.0 
-0.42958691170794916 0.4516677504088287 63:1.0 
-100.0 100.0 
-100.0 100.0 
-100.0 100.0 
-0.2402726691627918 0.24929005190205675 43:1.0 
-100.0 100.0 
-99.94236090582943 100.0 13:1.0 
-100.0 100.0 
-100.0 100.0 
-100.0 100.0 
-100.0 100.0 
-1.3597770140048389 100.0 19:1.0 
-100.0 100.0 
-100.0 100.0 
-99.73519037558458 100.0 23:1.0 
-100.0 100.0 
-100.0 100.0 
-100.0 100.0 
-100.0 100.0 
-100.0 100.0 
-100.0 100.0 
-100.0 100.0 
-100.0 100.0 
-100.0 100.0 
-100.0 100.0 
-100.0 100.0 
-100.0 100.0 
-0.6688342012654445 100.0 33:1.0 
-0.0 1.3931548655390897 22:1.0 
-100.0 100.0 
-100.0 100.0 
-0.5134346431612019 100.0 6:1.0 
-100.0 100.0 
-100.0 100.0 
-100.0 100.0 
-100.0 100.0 
-100.0 100.0 
-100.0 100.0 
-100.0 100.0 36:1.0 
-100.0 100.0 
-100.0 100.0 
-100.0 100.0 
-100.0 100.0 
-0.37531742530963025 0.5395901928368226 45:1.0 
-100.0 0.0 42:1.0 
-100.0 100.0 
-0.3791389313390823 0.39478881262270754 12:1.0 
-100.0 100.0 
-100.0 100.0 
-100.0 100.0 
-100.0 100.0 
-100.0 100.0 19:1.0 
-100.0 100.0 
-100.0 100.0 
-100.0 100.0 
-100.0 100.0 
-100.0 100.0 
-100.0 100.0 
-100.0 100.0 
-0.2365173015273266 0.3637972639539355 5:1.0 
-100.0 100.0 
-100.0 100.0 
-100.0 100.0 
-100.0 100.0 
-100.0 100.0 
-100.0 100.0 
-100.0 100.0 
-100.0 100.0 
-100.0 100.0 
-100.0 100.0 
-100.0 100.0 
-100.0 100.0 
-100.0 100.0 
-100.0 100.0 
-100.0 100.0 
-0.3762287535227754 0.39517834624914183 16:1.0 59:1.0 
-100.0 100.0 
-100.0 100.0 
-0.09809954425976099 0.10325885971901115 59:1.0 
-100.0 100.0 
-100.0 100.0 
-100.0 100.0 
-100.0 100.0 
-0.0980900608901259 99.74140081120507 61:1.0 
-100.0 100.0 
-100.0 100.0 
-100.0 100.0 
-100.0 100.0 
-100.0 100.0 
-100.0 100.0 
-0.522725570632965 0.0 24:1.0 
-0.3749144110399642 99.47857813374824 22:1.0 
-100.0 100.0 
-100.0 100.0 
-100.0 100.0 
-100.0 100.0 
-100.0 100.0 
-100.0 100.0 
-100.0 100.0 
-100.0 100.0 
-100.0 100.0 
-100.0 100.0 
-100.0 100.0 
-100.0 100.0 
-0.37644241670256445 1.379279733601635 21:1.0 61:1.0 
-100.0 100.0 
-100.0 100.0 
-100.0 100.0 
-100.0 100.0 
-100.0 100.0 
-100.0 100.0 
-100.0 100.0 
-100.0 100.0 
-100.0 100.0 
-100.0 100.0 
-100.0 100.0 
-100.0 100.0 
-100.0 100.0 
-100.0 100.0 
-100.0 100.0 
-100.0 100.0 
-100.0 100.0 
-100.0 100.0 
-100.0 100.0 19:1.0 
-100.0 100.0 
-100.0 100.0 
-100.0 100.0 
-100.0 100.0 
-100.0 100.0 
-100.0 100.0 
-100.0 100.0 
-100.0 100.0 
-100.0 100.0 
-100.0 100.0 
-100.0 100.0 
-100.0 100.0 
-100.0 100.0 
-100.0 100.0 
-100.0 100.0 
-100.0 100.0 
-100.0 100.0 
-100.0 0.0 24:1.0 
-100.0 100.0 
-100.0 100.0 
-100.0 100.0 
-100.0 100.0 
-100.0 100.0 
-100.0 100.0 
-100.0 100.0 
-100.0 100.0 
-0.6192387407376104 99.59573881904916 63:1.0 68:1.0 74:1.0 
-0.36560012760818633 0.39529106341178566 44:1.0 62:1.0 
-100.0 100.0 
-100.0 100.0 
-100.0 100.0 
-100.0 100.0 
-100.0 100.0 
-100.0 100.0 
-100.0 100.0 
-0.0 1.1962163297735837 11:1.0 
-0.32412648465755406 100.0 20:1.0 
-100.0 100.0 
-0.47383990918908575 0.4934019152070905 25:1.0 
-100.0 100.0 
-100.0 100.0 
-100.0 100.0 
-100.0 100.0 
-100.0 100.0 
-100.0 100.0 
-0.5053388019867018 0.5299514216972401 30:1.0 58:1.0 60:1.0 76:1.0 
-0.5141457148332178 1.378799039386263 14:1.0 
-0.3473474836906494 0.40775351744385985 17:1.0 
-0.37625135841405516 0.39511403127824907 34:1.0 43:1.0 
-0.5144164328026689 99.98849253518961 35:1.0 
-100.0 100.0 
-100.0 100.0 
-100.0 100.0 
-99.99096710424853 0.5398888980552268 24:1.0 
-100.0 100.0 
-100.0 100.0 
-100.0 1.2979286723223946 37:1.0 
-100.0 100.0 
-0.3452172429005705 100.0 11:1.0 
-100.0 100.0 
-100.0 100.0 
-100.0 100.0 
-94.1985126933062 96.10264042672017 
-0.37557316544241204 99.9963976472904 64:1.0 
-0.0 -100.0 
-0.0 -100.0 
-0.0 -100.0 
-0.0 -100.0 
-0.0 -100.0 
-0.0 -100.0 
-0.0 -100.0 
-0.0 -2.3021954554001374 20:1.0 
-0.0 -100.0 
-0.0 -100.0 
-0.0 -100.0 
-0.0 -100.0 
-0.0 -100.0 
-0.0 -100.0 
-0.0 -100.0 
-0.0 -100.0 
-100.0 -2.1660210738407026 57:1.0 
-0.0 -100.0 
-0.0 -100.0 
-0.0 -100.0 
-0.0 -100.0 
-0.0 -100.0 
-0.0 -100.0 
-0.0 -100.0 
-0.0 -100.0 
-0.0 -100.0 48:1.0 
-0.0 -100.0 
-0.0 -100.0 
-0.0 -100.0 
-0.0 -100.0 
-0.0 -100.0 
-0.0 -100.0 
-0.0 -100.0 
-0.0 -100.0 
-0.7784909011566211 -100.0 7:1.0 
-0.0 -100.0 
-0.0 -100.0 
-0.0 -100.0 
-0.0 -100.0 
-0.0 -100.0 
-0.7618291089845104 -100.0 70:1.0 
-1.6130195321973717 -2.2798358744956713 14:1.0 16:1.0 
-0.0 -100.0 
-0.0 -0.31898144430792785 1:1.0 
-0.0 -100.0 
-0.0 -100.0 
-0.0 -100.0 
-0.0 -100.0 
-0.0 -100.0 
-0.0 -100.0 
-100.0 -100.0 36:1.0 
-0.0 -100.0 
-0.0 -100.0 
-0.0 -100.0 
-0.0 -100.0 
-3.1453209192709597 -1.295521952251113 46:1.0 51:1.0 
-0.0 -100.0 
-0.0 -100.0 
-0.0 -100.0 
-0.0 -100.0 
-0.0 -1.732814100457717 21:1.0 
-0.0 -100.0 
-0.0 -100.0 
-0.0 -100.0 
-0.0 -100.0 
-0.0 -100.0 
-0.0 -0.3624321848549436 53:1.0 
-0.0 -100.0 
-0.0 -100.0 
-0.0 -100.0 
-0.0 -100.0 
-99.98310493970264 -100.0 7:1.0 
-0.0 -100.0 
-0.0 -100.0 
-0.0 -100.0 
-0.0 -100.0 
-0.0 -100.0 
-0.0 -100.0 
-0.0 -100.0 
-0.0 -100.0 
-0.0 -100.0 
-0.0 -100.0 
-0.0 -100.0 
-0.0 -100.0 
-0.0 -100.0 
-0.0 -100.0 
-0.0 -100.0 
-0.0 -100.0 44:1.0 
-0.0 -100.0 
-0.0 -100.0 
-0.0 -100.0 
-0.0 -100.0 
-0.0 -1.7904684495008463 39:1.0 
-0.0 -100.0 
-100.0 -100.0 9:1.0 
-0.0 -100.0 
-0.0 -100.0 
-0.0 -100.0 
-0.0 -100.0 
-0.0 -100.0 
-0.0 -100.0 
-0.6709446511893676 -1.2959569551627628 8:1.0 22:1.0 26:1.0 
-0.0 -100.0 
-0.0 -100.0 
-0.0 -100.0 
-7.588669476490145 -100.0 
-100.0 -100.0 
-100.0 -100.0 
-100.0 -100.0 
-100.0 -100.0 
-100.0 -100.0 
-100.0 -100.0 
-100.0 -100.0 
-1.1209516938139115 -1.88073261119842 8:1.0 17:1.0 42:1.0 
-100.0 -100.0 
-100.0 -100.0 
-100.0 -100.0 
-100.0 -100.0 
-0.0 -1.4067339048244878 29:1.0 
-0.0 -0.6459449067502674 56:1.0 
-0.7616738687289966 -100.0 44:1.0 
-100.0 -100.0 
-100.0 -100.0 
-100.0 -100.0 13:1.0 
-100.0 -100.0 
-100.0 -100.0 
-100.0 -100.0 
-100.0 -100.0 
-100.0 -100.0 
-100.0 -100.0 
-1.1783344221446306 -100.0 32:1.0 
-100.0 -100.0 
-100.0 -100.0 
-100.0 -100.0 
-100.0 -100.0 
-100.0 -100.0 
-0.0 -100.0 39:1.0 
-100.0 -100.0 
-100.0 -100.0 
-100.0 -100.0 
-100.0 -100.0 
-1.5412979502313466 -1.295772279803012 34:1.0 46:1.0 
-100.0 -100.0 
-100.0 -100.0 
-100.0 -100.0 47:1.0 
-100.0 -100.0 
-100.0 -100.0 
-0.19461774492633815 -100.0 34:1.0 
-100.0 -100.0 
-100.0 -100.0 
-0.0 -1.6346161828085002 56:1.0 
-100.0 -100.0 
-100.0 -100.0 
-100.0 -100.0 
-100.0 -100.0 
-100.0 -100.0 
-100.0 -100.0 
-100.0 -100.0 
-100.0 -100.0 
-100.0 -100.0 
-100.0 -100.0 
-100.0 -100.0 
-100.0 -100.0 
-100.0 -100.0 
-100.0 -100.0 
-100.0 -100.0 
-100.0 -100.0 
-100.0 -100.0 
-100.0 -100.0 
-0.5560355631372187 -100.0 26:1.0 
-100.0 -100.0 
-100.0 -100.0 
-0.0 -100.0 27:1.0 54:1.0 72:1.0 
-100.0 -100.0 
-0.0 -100.0 19:1.0 
-100.0 -100.0 
-100.0 -100.0 
-100.0 -100.0 
-100.0 -100.0 
-0.7620389471839466 -100.0 35:1.0 
-100.0 -100.0 
-100.0 -100.0 
-100.0 -100.0 
-100.0 -100.0 
-100.0 -100.0 
-100.0 -100.0 
-0.0 -100.0 19:1.0 
-100.0 -100.0 
-100.0 -100.0 
-100.0 -100.0 
-100.0 -100.0 
-100.0 -100.0 
-0.0 -1.0550641552133015 21:1.0 
-100.0 -100.0 
-100.0 -100.0 
-100.0 -100.0 
-100.0 -100.0 
-100.0 -100.0 
-100.0 -100.0 
-100.0 -100.0 
-0.0 -100.0 63:1.0 68:1.0 74:1.0 
-1.3359865335151075 -100.0 39:1.0 
-0.0 -99.97845759012655 20:1.0 
-100.0 -100.0 
-100.0 -100.0 
-0.7616887174130712 -100.0 61:1.0 
-100.0 -100.0 
-0.0 -100.0 49:1.0 
-100.0 -100.0 
-100.0 -100.0 
-0.0 -1.2358823493399456 29:1.0 
-100.0 -100.0 
-100.0 -100.0 
-100.0 -100.0 
-100.0 -100.0 
-100.0 -0.41333667864461465 18:1.0 
-100.0 -100.0 
-0.556969151342599 -2.279898776843753 62:1.0 64:1.0 
-100.0 -100.0 
-100.0 -100.0 
-100.0 -100.0 
-100.0 -100.0 
-100.0 -100.0 
-100.0 -100.0 
-100.0 -100.0 
-100.0 -100.0 
-100.0 -100.0 
-100.0 -100.0 
-100.0 -100.0 
-100.0 -100.0 
-100.0 -100.0 
-100.0 -100.0 
-100.0 -100.0 
-100.0 -100.0 
-100.0 -100.0 
-100.0 -100.0 65:1.0 
-100.0 -100.0 
-100.0 -100.0 
-100.0 -100.0 
-100.0 -100.0 
-100.0 -100.0 
-0.19463446450782795 -100.0 41:1.0 
-100.0 -100.0 
-100.0 -100.0 
-100.0 -100.0 
-100.0 -100.0 
-100.0 -100.0 
-100.0 -100.0 
-100.0 -100.0 
-100.0 -100.0 
-100.0 -100.0 
-0.5568222523139545 -1.2957980093578674 39:1.0 64:1.0 
-100.0 -100.0 
-100.0 -100.0 
-100.0 -100.0 
-100.0 -100.0 
-100.0 -100.0 
-0.9903147023755688 -1.295753343314631 8:1.0 57:1.0 
-1.4528609773626822 -100.0 49:1.0 
-100.0 -100.0 
-0.5577493602729653 -100.0 56:1.0 
-100.0 -100.0 
-100.0 -100.0 
-100.0 -100.0 
-100.0 -100.0 
-100.0 -100.0 
-100.0 -100.0 
-100.0 -100.0 
-100.0 -100.0 
-100.0 -100.0 
-100.0 -100.0 
-100.0 -100.0 
-100.0 -100.0 
-100.0 -100.0 
-100.0 -100.0 
-100.0 -100.0 
-100.0 -100.0 
-100.0 -100.0 
-100.0 -100.0 
-100.0 -100.0 
-100.0 -100.0 
-100.0 -100.0 
-100.0 -100.0 
-100.0 -100.0 
-100.0 -100.0 
-100.0 -100.0 
-100.0 -100.0 
-100.0 -100.0 
-0.0 -100.0 62:1.0 
-100.0 -100.0 
-100.0 -100.0 
-100.0 -100.0 
-100.0 -100.0 
-100.0 -100.0 
-100.0 -100.0 
-0.7616999951067494 -100.0 15:1.0 
-100.0 -100.0 
-100.0 -100.0 
-100.0 -100.0 
-0.0 -100.0 62:1.0 
-100.0 -100.0 
-100.0 -100.0 
-100.0 -100.0 
-100.0 -100.0 
-100.0 -100.0 
-100.0 -100.0 
-100.0 -100.0 
-100.0 -100.0 
-100.0 -100.0 
-100.0 -100.0 
-100.0 -1.1346472495603686 67:1.0 
-100.0 -100.0 28:1.0 
-0.7611446053724833 -100.0 20:1.0 
-100.0 -100.0 
-99.92912512720784 -100.0 49:1.0 
-0.5563730016570287 -100.0 22:1.0 
-100.0 -100.0 
-100.0 -100.0 
-100.0 -100.0 
-100.0 -100.0 
-100.0 -100.0 
-100.0 -100.0 
-100.0 -100.0 
-0.7615438354713069 -100.0 21:1.0 
-100.0 -100.0 
-100.0 -100.0 
-100.0 -100.0 
-100.0 -100.0 
-100.0 -100.0 
-100.0 -100.0 
-100.0 -100.0 
-100.0 -100.0 
-0.0 -1.1154048741554825 1:1.0 
-100.0 -100.0 
-0.5542853327097369 -100.0 1:1.0 56:1.0 
-100.0 -100.0 
-100.0 -100.0 
-100.0 -100.0 
-100.0 -100.0 
-100.0 -100.0 
-100.0 -100.0 
-100.0 -100.0 
-100.0 -100.0 
-100.0 -100.0 
-100.0 -100.0 
-100.0 -100.0 
-100.0 -100.0 
-100.0 -100.0 
-100.0 -100.0 
-100.0 -100.0 
-1.1959913995065279 -100.0 27:1.0 54:1.0 72:1.0 
-100.0 -100.0 
-100.0 -100.0 
-100.0 -100.0 
-100.0 -100.0 
-100.0 -0.8198726236185893 46:1.0 
-0.9926638307220604 -100.0 63:1.0 68:1.0 74:1.0 
-100.0 -100.0 
-100.0 -100.0 
-100.0 -100.0 
-100.0 -100.0 
-100.0 -100.0 
-100.0 -100.0 
-100.0 -100.0 
-1.6264696688765636 -100.0 19:1.0 
-1.615565909770671 -1.1948013252039105 2:1.0 55:1.0 67:1.0 
-100.0 -100.0 
-100.0 -100.0 
-100.0 -100.0 
-100.0 -100.0 
-0.3110172711437146 -1.2963178961480988 22:1.0 26:1.0 
-100.0 -100.0 
-1.5415039336657994 -1.295547900718902 41:1.0 67:1.0 
-100.0 -100.0 32:1.0 
-100.0 -100.0 
-100.0 -100.0 56:1.0 
-100.0 -100.0 
-100.0 -100.0 
-100.0 -100.0 
-100.0 -100.0 
-100.0 -100.0 
-100.0 -100.0 
-100.0 -100.0 
-100.0 -100.0 
-100.0 -100.0 
-100.0 -100.0 54:1.0 
-100.0 -100.0 
-100.0 -100.0 
-100.0 -100.0 
-100.0 -100.0 
-100.0 -100.0 
-100.0 -100.0 
-100.0 -100.0 
-100.0 -100.0 
-100.0 -100.0 
-100.0 -100.0 
-100.0 -100.0 
-100.0 -100.0 
-1.6131924090168088 -2.27985225030971 5:1.0 37:1.0 
-100.0 -100.0 
-100.0 -100.0 
-0.0 -1.4475060072085455 53:1.0 
-1.537819741060266 -0.921937768055102 1:1.0 10:1.0 
-100.0 -100.0 
-0.7616363346245624 -100.0 6:1.0 
-0.840942900125423 -100.0 40:1.0 45:1.0 
-100.0 -100.0 
-100.0 -100.0 
-100.0 -100.0 
-100.0 -100.0 
-100.0 -100.0 
-100.0 -100.0 
-100.0 -100.0 
-100.0 -100.0 
-100.0 -100.0 
-100.0 -100.0 
-100.0 -100.0 
-100.0 -100.0 
-100.0 -100.0 
-100.0 -100.0 
-0.5236862104096067 -100.0 11:1.0 
-100.0 -100.0 
-100.0 -100.0 
-100.0 -100.0 
-100.0 -100.0 
-100.0 -100.0 
-100.0 -100.0 
-100.0 -100.0 
-100.0 -100.0 
-100.0 -100.0 
-100.0 -100.0 13:1.0 
-100.0 -100.0 
-100.0 -100.0 
-100.0 -100.0 
-100.0 -100.0 
-100.0 -100.0 
-100.0 -100.0 19:1.0 
-100.0 -100.0 
-100.0 -100.0 
-100.0 -100.0 
-100.0 -100.0 
-100.0 -100.0 
-100.0 -100.0 
-100.0 -100.0 31:1.0 
-100.0 -100.0 
-100.0 -100.0 
-100.0 -100.0 
-100.0 -100.0 
-100.0 -100.0 
-100.0 -100.0 
-100.0 -100.0 
-100.0 -100.0 
-100.0 -100.0 
-100.0 -100.0 
-100.0 -100.0 
-0.0 -100.0 29:1.0 
-100.0 -100.0 
-100.0 -100.0 
-100.0 -100.0 
-100.0 -100.0 
-100.0 -100.0 16:1.0 
-100.0 -100.0 
-0.35233068690341185 -100.0 64:1.0 
-100.0 -100.0 
-100.0 -100.0 
-100.0 -100.0 
-100.0 -100.0 
-100.0 -100.0 
-100.0 -100.0 
-100.0 -100.0 
-99.91427116003668 -100.0 19:1.0 
-100.0 -100.0 
-100.0 -100.0 
-100.0 -100.0 
-100.0 -100.0 
-100.0 -100.0 
-100.0 -100.0 
-100.0 -100.0 
-100.0 -100.0 
-100.0 -100.0 
-100.0 -100.0 
-100.0 -100.0 
-100.0 -100.0 
-100.0 -100.0 
-100.0 -100.0 
-100.0 -100.0 
-100.0 -100.0 
-100.0 -100.0 
-100.0 -100.0 
-0.7615967896322222 -100.0 48:1.0 
-100.0 -100.0 
-100.0 -100.0 
-100.0 -100.0 
-100.0 -100.0 
-100.0 -100.0 
-100.0 -100.0 
-0.7617437991927938 -100.0 29:1.0 
-100.0 -100.0 
-0.9900632317453592 -100.0 33:1.0 
-100.0 -100.0 
-100.0 -100.0 
-100.0 -100.0 
-100.0 -100.0 
-100.0 -100.0 
-0.1546633139722811 -100.0 8:1.0 
-100.0 -1.3593823350573002 18:1.0 
-100.0 -100.0 
-100.0 -100.0 
-100.0 -100.0 
-100.0 -100.0 
-0.0 -100.0 53:1.0 
-100.0 -100.0 
-0.5567423492339593 -100.0 62:1.0 
-0.7610736665294394 -100.0 53:1.0 
-100.0 -1.3865217082817676 27:1.0 38:1.0 50:1.0 54:1.0 69:1.0 71:1.0 72:1.0 73:1.0 75:1.0 
-100.0 -100.0 
-0.6478472980086503 -2.2803018325089663 11:1.0 40:1.0 
-100.0 -100.0 
-100.0 -100.0 
-100.0 -100.0 
-100.0 -100.0 
-100.0 -100.0 
-100.0 -100.0 23:1.0 
-100.0 -100.0 
-100.0 -100.0 
-100.0 -100.0 
-100.0 -100.0 
-100.0 -100.0 
-100.0 -100.0 
-100.0 -100.0 
-100.0 -100.0 
-97.46588091697407 -100.0 
